7377-267594
OS REV: 1.04 Sensor Cal: 1572899216
Time (sec),  Bat (Volts),  T (deg C), Sensor ( ppb), Gain ()
1579332360, +2.70,  +2.592, +6.883500E+01,  10
1579332960, +2.71,  +2.571, +6.778523E+01,  10
1579333560, +2.69,  +2.571, +6.889501E+01,  10
1579334160, +2.70,  +2.571, +6.921523E+01,  10
1579334760, +2.69,  +2.571, +6.930327E+01,  10
1579335360, +2.69,  +2.582, +6.897907E+01,  10
1579335960, +2.71,  +2.560, +6.923919E+01,  10
1579336560, +2.69,  +2.484, +6.930870E+01,  10
1579337160, +2.70,  +2.592, +6.838694E+01,  10
1579337760, +2.69,  +2.517, +6.917612E+01,  10
1579338360, +2.69,  +2.560, +6.881150E+01,  10
1579338960, +2.69,  +2.560, +6.893168E+01,  10
1579339560, +2.69,  +2.560, +6.833503E+01,  10
1579340160, +2.69,  +2.538, +6.855949E+01,  10
1579340760, +2.69,  +2.549, +6.888016E+01,  10
1579341360, +2.69,  +2.549, +6.915346E+01,  10
1579341960, +2.69,  +2.560, +6.888675E+01,  10
1579342560, +2.69,  +2.560, +6.928574E+01,  10
1579343160, +2.69,  +2.592, +6.946510E+01,  10
1579343760, +2.70,  +2.538, +6.908885E+01,  10
1579344360, +2.69,  +2.528, +6.939927E+01,  10
1579344960, +2.70,  +2.582, +6.910423E+01,  10
1579345560, +2.70,  +2.549, +6.907116E+01,  10
1579346160, +2.69,  +2.517, +6.938074E+01,  10
1579346760, +2.69,  +2.571, +6.879971E+01,  10
1579347360, +2.69,  +2.560, +6.879833E+01,  10
1579347960, +2.70,  +2.582, +6.869919E+01,  10
1579348560, +2.69,  +2.625, +6.893697E+01,  10
1579349160, +2.69,  +2.528, +6.866283E+01,  10
1579349760, +2.69,  +2.582, +6.886707E+01,  10
1579350360, +2.69,  +2.582, +6.833343E+01,  10
1579350960, +2.69,  +2.560, +6.849755E+01,  10
1579351560, +2.69,  +2.538, +6.894278E+01,  10
1579352160, +2.69,  +2.571, +6.876794E+01,  10
1579352760, +2.69,  +2.592, +6.882413E+01,  10
1579353360, +2.69,  +2.538, +6.889976E+01,  10
1579353960, +2.69,  +2.463, +6.922021E+01,  10
1579354560, +2.69,  +2.571, +6.936022E+01,  10
1579355160, +2.69,  +2.571, +6.838847E+01,  10
1579355760, +2.69,  +2.538, +6.963045E+01,  10
1579356360, +2.70,  +2.571, +6.889425E+01,  10
1579356960, +2.69,  +2.560, +6.787886E+01,  10
1579357560, +2.69,  +2.549, +6.922564E+01,  10
1579358160, +2.69,  +2.495, +6.934422E+01,  10
1579358760, +2.69,  +2.560, +6.952573E+01,  10
1579359360, +2.69,  +2.506, +6.924494E+01,  10
1579359960, +2.69,  +2.506, +6.868411E+01,  10
1579360560, +2.69,  +2.549, +6.931108E+01,  10
1579361160, +2.69,  +2.538, +6.878669E+01,  10
1579361760, +2.69,  +2.592, +6.837461E+01,  10
1579362360, +2.69,  +2.517, +6.867033E+01,  10
1579362960, +2.69,  +2.549, +6.912054E+01,  10
1579363560, +2.69,  +2.592, +6.919816E+01,  10
1579364160, +2.69,  +2.560, +6.916976E+01,  10
1579364760, +2.69,  +2.560, +6.943877E+01,  10
1579365360, +2.69,  +2.528, +6.925259E+01,  10
1579365960, +2.69,  +2.592, +6.927119E+01,  10
1579366560, +2.69,  +2.560, +6.920957E+01,  10
1579367160, +2.69,  +2.614, +6.944956E+01,  10
1579367760, +2.70,  +2.614, +6.945239E+01,  10
1579368360, +2.72,  +2.560, +6.915966E+01,  10
1579368960, +2.69,  +2.538, +6.903166E+01,  10
1579369560, +2.69,  +2.592, +6.918308E+01,  10
1579370160, +2.69,  +2.506, +6.932179E+01,  10
1579370760, +2.69,  +2.538, +6.907882E+01,  10
1579371360, +2.69,  +2.560, +6.903342E+01,  10
1579371960, +2.69,  +2.560, +6.940156E+01,  10
1579372560, +2.69,  +2.549, +6.946525E+01,  10
1579373160, +2.69,  +2.571, +6.932792E+01,  10
1579373760, +2.69,  +2.506, +6.899652E+01,  10
1579374360, +2.69,  +2.517, +6.938464E+01,  10
1579374960, +2.69,  +2.506, +6.887672E+01,  10
1579375560, +2.69,  +2.484, +6.889203E+01,  10
1579376160, +2.69,  +2.506, +6.879664E+01,  10
1579376760, +2.69,  +2.484, +6.909872E+01,  10
1579377360, +2.69,  +2.517, +6.913386E+01,  10
1579377960, +2.69,  +2.517, +6.886041E+01,  10
1579378560, +2.69,  +2.528, +6.948033E+01,  10
1579379160, +2.69,  +2.517, +6.946617E+01,  10
1579379760, +2.69,  +2.528, +6.944627E+01,  10
1579380360, +2.69,  +2.517, +6.941986E+01,  10
1579380960, +2.69,  +2.528, +6.925121E+01,  10
1579381560, +2.69,  +2.517, +6.901773E+01,  10
1579382160, +2.69,  +2.506, +6.902515E+01,  10
1579382760, +2.69,  +2.538, +6.924578E+01,  10
1579383360, +2.69,  +2.549, +6.953300E+01,  10
1579383960, +2.69,  +2.495, +6.916195E+01,  10
1579384560, +2.69,  +2.538, +6.943938E+01,  10
1579385160, +2.69,  +2.517, +6.927816E+01,  10
1579385760, +2.69,  +2.528, +6.939322E+01,  10
1579386360, +2.69,  +2.495, +6.936313E+01,  10
1579386960, +2.69,  +2.474, +6.877820E+01,  10
1579387560, +2.69,  +2.495, +6.936344E+01,  10
1579388160, +2.69,  +2.549, +6.950169E+01,  10
1579388760, +2.69,  +2.495, +6.951563E+01,  10
1579389360, +2.69,  +2.582, +6.901413E+01,  10
1579389960, +2.69,  +2.528, +6.961239E+01,  10
1579390560, +2.69,  +2.538, +6.966490E+01,  10
1579391160, +2.69,  +2.506, +6.940294E+01,  10
1579391760, +2.70,  +2.528, +6.910125E+01,  10
1579392360, +2.69,  +2.495, +6.938794E+01,  10
1579392960, +2.69,  +2.495, +6.918944E+01,  10
1579393560, +2.69,  +2.495, +6.920972E+01,  10
1579394160, +2.69,  +2.517, +6.946212E+01,  10
1579394760, +2.69,  +2.506, +6.923077E+01,  10
1579395360, +2.69,  +2.549, +6.881326E+01,  10
1579395960, +2.69,  +2.484, +6.877552E+01,  10
1579396560, +2.69,  +2.517, +6.867156E+01,  10
1579397160, +2.70,  +2.484, +6.885781E+01,  10
1579397760, +2.69,  +2.506, +6.894707E+01,  10
1579398360, +2.69,  +2.549, +6.876311E+01,  10
1579398960, +2.69,  +2.538, +6.959034E+01,  10
1579399560, +2.69,  +2.517, +6.890321E+01,  10
1579400160, +2.69,  +2.549, +6.888154E+01,  10
1579400760, +2.69,  +2.560, +6.851340E+01,  10
1579401360, +2.69,  +2.517, +6.866964E+01,  10
1579401960, +2.69,  +2.538, +6.877376E+01,  10
1579402560, +2.69,  +2.528, +6.808019E+01,  10
1579403160, +2.69,  +2.538, +6.936842E+01,  10
1579403760, +2.69,  +2.560, +6.849220E+01,  10
1579404360, +2.69,  +2.484, +6.862126E+01,  10
1579404960, +2.69,  +2.506, +6.851126E+01,  10
1579405560, +2.69,  +2.484, +6.757418E+01,  10
1579406160, +2.69,  +2.560, +6.875347E+01,  10
1579406760, +2.69,  +2.484, +6.881249E+01,  10
1579407360, +2.69,  +2.571, +6.848776E+01,  10
1579407960, +2.69,  +2.538, +6.863788E+01,  10
1579408560, +2.69,  +2.484, +6.893911E+01,  10
1579409160, +2.69,  +2.538, +6.875148E+01,  10
1579409760, +2.69,  +2.474, +6.885153E+01,  10
1579410360, +2.69,  +2.528, +6.877383E+01,  10
1579410960, +2.69,  +2.517, +6.894102E+01,  10
1579411560, +2.69,  +2.506, +6.892671E+01,  10
1579412160, +2.69,  +2.538, +6.901872E+01,  10
1579412760, +2.69,  +2.506, +6.939222E+01,  10
1579413360, +2.69,  +2.495, +6.938319E+01,  10
1579413960, +2.69,  +2.549, +6.959241E+01,  10
1579414560, +2.69,  +2.484, +6.963022E+01,  10
1579415160, +2.69,  +2.528, +6.955122E+01,  10
1579415760, +2.69,  +2.517, +6.977277E+01,  10
1579416360, +2.71,  +2.549, +6.977261E+01,  10
1579416960, +2.69,  +2.571, +6.996384E+01,  10
1579417560, +2.69,  +2.528, +6.951693E+01,  10
1579418160, +2.69,  +2.495, +6.990329E+01,  10
1579418760, +2.69,  +2.495, +6.993575E+01,  10
