7392-570653
OS REV: 1.11 Sensor Cal: 1428445788
Time (sec),  BV (Volts),  T (deg C),  DO (mg/l),  Q ()
1603816860,+3.56,+19.733, +8.628,+0.975
1603816920,+3.57,+20.010, +8.634,+0.976
1603816980,+3.57,+20.169, +8.602,+0.977
1603817040,+3.57,+20.278, +8.421,+0.975
1603817100,+3.57,+20.370, +8.527,+0.977
1603817160,+3.57,+20.353, +8.584,+0.977
1603817220,+3.57,+20.353, +8.583,+0.977
1603817280,+3.57,+20.320, +8.574,+0.975
1603817340,+3.57,+20.286, +8.578,+0.975
1603817400,+3.57,+20.270, +8.581,+0.974
1603817460,+3.57,+20.236, +8.595,+0.975
1603817520,+3.57,+20.194, +8.607,+0.975
1603817580,+3.57,+20.178, +8.631,+0.977
1603817640,+3.57,+20.127, +8.585,+0.973
1603817700,+3.57,+20.085, +8.607,+0.974
1603817760,+3.57,+19.960, +8.578,+0.974
1603817820,+3.57,+19.641, +8.563,+0.971
1603817880,+3.57,+19.314, +8.637,+0.972
1603817940,+3.57,+18.919, +8.685,+0.971
1603818000,+3.57,+18.558, +8.729,+0.969
1603818060,+3.57,+18.196, +8.771,+0.968
1603818120,+3.57,+17.859, +8.844,+0.970
1603818180,+3.57,+17.530, +8.858,+0.967
1603818240,+3.57,+17.184, +8.948,+0.969
1603818300,+3.57,+16.880, +8.992,+0.968
1603818360,+3.57,+16.626, +9.053,+0.970
1603818420,+3.57,+16.371, +9.059,+0.967
1603818480,+3.57,+16.159, +9.111,+0.968
1603818540,+3.57,+15.938, +9.135,+0.968
1603818600,+3.56,+15.725, +9.195,+0.969
1603818660,+3.56,+15.528, +9.187,+0.966
1603818720,+3.57,+15.332, +9.266,+0.969
1603818780,+3.56,+15.126, +9.293,+0.969
1603818840,+3.56,+14.964, +9.305,+0.968
1603818900,+3.56,+14.766, +9.363,+0.967
1603818960,+3.56,+14.569, +9.434,+0.967
1603819020,+3.56,+14.310, +9.497,+0.967
1603819080,+3.56,+14.068, +9.540,+0.967
1603819140,+3.56,+13.800, +9.558,+0.965
1603819200,+3.55,+13.514, +9.644,+0.967
1603819260,+3.56,+13.252, +9.706,+0.967
1603819320,+3.55,+12.973, +9.753,+0.966
1603819380,+3.55,+12.719, +9.784,+0.965
1603819440,+3.55,+12.464, +9.849,+0.966
1603819500,+3.55,+12.217, +9.903,+0.966
1603819560,+3.55,+11.979, +9.959,+0.967
1603819620,+3.55,+11.810, +9.980,+0.968
1603819680,+3.55,+11.668, +9.987,+0.967
1603819740,+3.55,+11.588,+10.013,+0.969
1603819800,+3.55,+11.499,+10.043,+0.970
1603819860,+3.55,+11.427,+10.049,+0.970
1603819920,+3.55,+11.338,+10.051,+0.969
1603819980,+3.55,+11.302,+10.045,+0.970
1603820040,+3.55,+11.213,+10.068,+0.970
1603820100,+3.55,+11.096,+10.138,+0.970
1603820160,+3.55,+10.989,+10.135,+0.970
1603820220,+3.55,+10.836,+10.246,+0.970
1603820280,+3.55,+10.737,+10.269,+0.971
1603820340,+3.55,+10.674,+10.280,+0.970
1603820400,+3.55,+10.583,+10.288,+0.971
1603820460,+3.55,+10.565,+10.362,+0.972
1603820520,+3.54,+10.511,+10.355,+0.971
1603820580,+3.55,+10.520,+10.402,+0.973
1603820640,+3.55,+10.493,+10.391,+0.973
1603820700,+3.55,+10.429,+10.400,+0.973
1603820760,+3.55,+10.357,+10.440,+0.974
1603820820,+3.54,+10.275,+10.373,+0.973
1603820880,+3.54, +9.975,+10.422,+0.972
1603820940,+3.54, +9.424,+10.502,+0.971
1603821000,+3.54, +8.784,+10.669,+0.967
1603821060,+3.54, +8.250,+10.796,+0.965
1603821120,+3.54, +7.815,+10.957,+0.965
1603821180,+3.54, +7.615,+10.991,+0.967
1603821240,+3.54, +7.442,+10.855,+0.964
1603821300,+3.54, +7.087,+11.092,+0.964
1603821360,+3.54, +6.922,+11.196,+0.969
1603821420,+3.54, +6.816,+11.209,+0.967
1603821480,+3.54, +6.377, +5.215,+0.959
1603821540,+3.54, +5.963, +3.462,+0.952
1603821600,+3.54, +5.655, +2.330,+0.948
1603821660,+3.54, +5.426, +1.731,+0.945
1603821720,+3.53, +5.265, +1.186,+0.943
1603821780,+3.53, +5.154, +1.031,+0.945
1603821840,+3.53, +5.104, +0.972,+0.948
1603821900,+3.53, +5.023, +0.825,+0.949
1603821960,+3.53, +4.932, +0.681,+0.948
1603822020,+3.53, +4.881, +0.552,+0.948
1603822080,+3.53, +4.821, +0.489,+0.948
1603822140,+3.53, +4.810, +0.443,+0.948
1603822200,+3.53, +4.770, +0.421,+0.948
1603822260,+3.53, +4.729, +0.468,+0.948
1603822320,+3.53, +4.749, +0.433,+0.948
1603822380,+3.53, +4.698, +0.447,+0.948
1603822440,+3.53, +4.698, +0.531,+0.949
1603822500,+3.53, +4.719, +0.592,+0.950
1603822560,+3.53, +4.668, +0.504,+0.949
1603822620,+3.53, +4.668, +0.492,+0.949
1603822680,+3.53, +4.637, +0.507,+0.949
1603822740,+3.53, +4.586, +0.495,+0.949
1603822800,+3.53, +4.647, +0.647,+0.949
1603822860,+3.53, +4.647, +0.609,+0.948
1603822920,+3.53, +4.637, +0.617,+0.949
1603822980,+3.53, +4.637, +0.600,+0.949
1603823040,+3.53, +4.637, +0.687,+0.950
1603823100,+3.52, +4.668, +0.700,+0.950
1603823160,+3.53, +4.678, +0.709,+0.950
1603823220,+3.52, +4.668, +0.660,+0.950
1603823280,+3.52, +4.658, +0.639,+0.951
1603823340,+3.52, +4.678, +0.574,+0.950
1603823400,+3.52, +4.709, +0.456,+0.950
1603823460,+3.52, +4.709, +0.482,+0.950
1603823520,+3.52, +4.729, +0.496,+0.950
1603823580,+3.52, +4.719, +0.550,+0.950
1603823640,+3.52, +4.698, +0.572,+0.950
1603823700,+3.52, +4.739, +0.539,+0.950
1603823760,+3.52, +4.719, +0.529,+0.950
1603823820,+3.52, +4.729, +0.493,+0.949
1603823880,+3.52, +4.739, +0.537,+0.947
1603823940,+3.52, +4.749, +0.581,+0.947
1603824000,+3.52, +4.729, +0.607,+0.948
1603824060,+3.52, +4.739, +0.587,+0.948
1603824120,+3.52, +4.719, +0.631,+0.949
1603824180,+3.52, +4.770, +0.651,+0.950
1603824240,+3.52, +4.739, +0.572,+0.950
1603824300,+3.52, +4.760, +0.615,+0.948
1603824360,+3.52, +4.749, +0.628,+0.947
1603824420,+3.52, +4.760, +0.690,+0.948
1603824480,+3.52, +4.760, +0.723,+0.949
1603824540,+3.52, +4.760, +0.683,+0.949
1603824600,+3.52, +4.770, +0.693,+0.949
1603824660,+3.51, +4.739, +0.708,+0.949
1603824720,+3.51, +4.790, +0.669,+0.950
1603824780,+3.51, +4.780, +0.633,+0.949
1603824840,+3.51, +4.790, +0.560,+0.949
1603824900,+3.51, +4.780, +0.511,+0.950
1603824960,+3.51, +4.780, +0.561,+0.950
1603825020,+3.51, +4.770, +0.590,+0.950
1603825080,+3.51, +4.780, +0.535,+0.950
1603825140,+3.51, +4.780, +0.514,+0.950
1603825200,+3.51, +4.780, +0.504,+0.950
1603825260,+3.51, +4.780, +0.540,+0.951
1603825320,+3.51, +4.810, +0.526,+0.950
1603825380,+3.51, +4.790, +0.527,+0.950
1603825440,+3.51, +4.810, +0.532,+0.951
1603825500,+3.51, +4.800, +0.573,+0.951
1603825560,+3.51, +4.800, +0.509,+0.951
1603825620,+3.51, +4.821, +0.496,+0.951
1603825680,+3.51, +4.821, +0.487,+0.950
1603825740,+3.51, +4.821, +0.484,+0.951
1603825800,+3.51, +4.821, +0.451,+0.950
1603825860,+3.51, +4.790, +0.485,+0.950
1603825920,+3.51, +4.800, +0.475,+0.950
1603825980,+3.51, +4.892, +0.512,+0.951
1603826040,+3.51, +4.831, +0.536,+0.951
1603826100,+3.51, +4.841, +0.500,+0.951
1603826160,+3.51, +4.821, +0.515,+0.951
1603826220,+3.51, +4.841, +0.513,+0.951
1603826280,+3.51, +4.841, +0.483,+0.951
1603826340,+3.51, +4.831, +0.410,+0.950
1603826400,+3.51, +4.841, +0.425,+0.951
1603826460,+3.51, +4.861, +0.426,+0.951
1603826520,+3.51, +4.881, +0.481,+0.951
1603826580,+3.51, +4.871, +0.478,+0.951
1603826640,+3.51, +4.881, +0.461,+0.951
1603826700,+3.51, +4.871, +0.452,+0.951
1603826760,+3.50, +4.871, +0.468,+0.951
1603826820,+3.51, +4.902, +0.475,+0.951
1603826880,+3.50, +4.851, +0.450,+0.951
1603826940,+3.50, +4.912, +0.407,+0.950
1603827000,+3.50, +4.881, +0.413,+0.951
1603827060,+3.50, +4.892, +0.417,+0.951
1603827120,+3.50, +4.861, +0.448,+0.951
1603827180,+3.50, +4.871, +0.461,+0.951
1603827240,+3.50, +4.922, +0.475,+0.951
1603827300,+3.50, +4.851, +0.470,+0.951
1603827360,+3.50, +4.871, +0.479,+0.951
1603827420,+3.50, +4.871, +0.476,+0.951
1603827480,+3.50, +4.902, +0.454,+0.951
1603827540,+3.50, +4.892, +0.533,+0.952
1603827600,+3.50, +4.902, +0.486,+0.952
1603827660,+3.50, +4.881, +0.440,+0.951
1603827720,+3.50, +4.912, +0.463,+0.951
1603827780,+3.50, +4.902, +0.500,+0.952
1603827840,+3.50, +4.902, +0.501,+0.952
1603827900,+3.50, +4.932, +0.475,+0.952
1603827960,+3.50, +4.892, +0.506,+0.952
1603828020,+3.50, +4.932, +0.487,+0.952
1603828080,+3.50, +4.902, +0.525,+0.952
1603828140,+3.50, +4.912, +0.535,+0.952
1603828200,+3.50, +4.902, +0.504,+0.952
1603828260,+3.50, +4.871, +0.495,+0.951
1603828320,+3.50, +4.871, +0.468,+0.951
1603828380,+3.50, +4.871, +0.491,+0.952
1603828440,+3.50, +4.881, +0.534,+0.952
1603828500,+3.50, +4.912, +0.508,+0.952
1603828560,+3.50, +4.902, +0.529,+0.952
1603828620,+3.50, +4.902, +0.528,+0.952
1603828680,+3.50, +4.912, +0.490,+0.952
1603828740,+3.50, +4.892, +0.512,+0.952
1603828800,+3.50, +4.922, +0.494,+0.952
1603828860,+3.50, +4.881, +0.501,+0.952
1603828920,+3.50, +4.922, +0.487,+0.952
1603828980,+3.50, +4.922, +0.445,+0.952
1603829040,+3.50, +4.922, +0.426,+0.951
1603829100,+3.50, +4.902, +0.405,+0.951
1603829160,+3.49, +4.973, +0.406,+0.951
1603829220,+3.49, +4.942, +0.457,+0.952
1603829280,+3.49, +4.952, +0.445,+0.952
1603829340,+3.50, +4.942, +0.434,+0.951
1603829400,+3.49, +4.942, +0.426,+0.951
1603829460,+3.49, +4.942, +0.441,+0.952
1603829520,+3.49, +4.942, +0.423,+0.952
1603829580,+3.50, +4.973, +0.418,+0.951
1603829640,+3.49, +4.942, +0.410,+0.951
1603829700,+3.49, +4.932, +0.411,+0.951
1603829760,+3.49, +4.983, +0.410,+0.951
1603829820,+3.49, +4.932, +0.432,+0.951
1603829880,+3.49, +4.963, +0.448,+0.952
1603829940,+3.49, +4.952, +0.458,+0.952
1603830000,+3.49, +4.952, +0.449,+0.952
1603830060,+3.49, +4.942, +0.484,+0.952
1603830120,+3.49, +4.952, +0.472,+0.952
1603830180,+3.49, +4.983, +0.473,+0.952
1603830240,+3.49, +4.963, +0.458,+0.952
1603830300,+3.49, +4.963, +0.451,+0.952
1603830360,+3.49, +4.973, +0.468,+0.951
1603830420,+3.49, +4.973, +0.539,+0.952
1603830480,+3.49, +4.932, +0.508,+0.952
1603830540,+3.49, +4.973, +0.511,+0.952
1603830600,+3.49, +4.963, +0.542,+0.953
1603830660,+3.49, +4.983, +0.547,+0.953
1603830720,+3.49, +4.993, +0.540,+0.953
1603830780,+3.49, +4.973, +0.532,+0.953
1603830840,+3.49, +4.993, +0.509,+0.953
1603830900,+3.49, +4.983, +0.518,+0.953
1603830960,+3.49, +4.983, +0.500,+0.953
1603831020,+3.49, +5.013, +0.499,+0.953
1603831080,+3.49, +4.963, +0.484,+0.953
1603831140,+3.49, +4.942, +0.489,+0.953
1603831200,+3.49, +4.973, +0.527,+0.953
1603831260,+3.49, +4.993, +0.521,+0.953
1603831320,+3.49, +4.993, +0.524,+0.953
1603831380,+3.49, +4.993, +0.508,+0.953
1603831440,+3.49, +4.973, +0.510,+0.953
1603831500,+3.49, +4.963, +0.491,+0.953
1603831560,+3.49, +4.993, +0.485,+0.953
1603831620,+3.49, +4.973, +0.489,+0.953
1603831680,+3.49, +5.003, +0.488,+0.953
1603831740,+3.49, +5.003, +0.496,+0.953
1603831800,+3.49, +5.013, +0.522,+0.953
1603831860,+3.49, +5.003, +0.527,+0.953
1603831920,+3.49, +5.003, +0.512,+0.953
1603831980,+3.49, +4.983, +0.530,+0.954
1603832040,+3.49, +5.003, +0.511,+0.953
1603832100,+3.49, +4.993, +0.499,+0.953
1603832160,+3.49, +4.993, +0.481,+0.953
1603832220,+3.49, +5.003, +0.477,+0.953
1603832280,+3.49, +4.993, +0.485,+0.953
1603832340,+3.49, +4.973, +0.488,+0.953
1603832400,+3.49, +4.983, +0.498,+0.953
1603832460,+3.49, +5.013, +0.534,+0.954
1603832520,+3.49, +4.993, +0.521,+0.954
1603832580,+3.49, +5.023, +0.547,+0.954
1603832640,+3.49, +5.013, +0.531,+0.954
1603832700,+3.49, +5.033, +0.520,+0.954
1603832760,+3.49, +5.033, +0.526,+0.954
1603832820,+3.49, +5.023, +0.548,+0.954
1603832880,+3.49, +5.023, +0.535,+0.954
1603832940,+3.49, +5.023, +0.536,+0.954
1603833000,+3.49, +5.033, +0.532,+0.954
1603833060,+3.48, +5.033, +0.544,+0.954
1603833120,+3.48, +5.043, +0.560,+0.954
1603833180,+3.48, +5.013, +0.588,+0.955
1603833240,+3.48, +5.054, +0.569,+0.955
1603833300,+3.48, +5.013, +0.553,+0.954
1603833360,+3.48, +5.043, +0.560,+0.954
1603833420,+3.48, +5.033, +0.556,+0.954
1603833480,+3.48, +5.013, +0.572,+0.954
1603833540,+3.48, +5.033, +0.557,+0.954
1603833600,+3.48, +5.043, +0.561,+0.954
1603833660,+3.48, +5.033, +0.559,+0.954
1603833720,+3.48, +5.054, +0.565,+0.954
1603833780,+3.48, +5.013, +0.570,+0.954
1603833840,+3.48, +5.064, +0.553,+0.954
1603833900,+3.48, +5.023, +0.546,+0.954
1603833960,+3.48, +5.013, +0.557,+0.954
1603834020,+3.48, +5.013, +0.550,+0.954
1603834080,+3.48, +5.023, +0.551,+0.954
1603834140,+3.48, +5.023, +0.555,+0.954
1603834200,+3.48, +5.003, +0.571,+0.954
1603834260,+3.48, +5.023, +0.566,+0.954
1603834320,+3.48, +4.942, +0.526,+0.954
1603834380,+3.48, +4.952, +0.506,+0.954
1603834440,+3.48, +4.952, +0.502,+0.953
1603834500,+3.48, +4.942, +0.503,+0.954
1603834560,+3.48, +4.922, +0.505,+0.953
1603834620,+3.48, +4.902, +0.458,+0.952
1603834680,+3.48, +4.902, +0.464,+0.953
1603834740,+3.48, +4.952, +0.496,+0.953
1603834800,+3.48, +4.983, +0.515,+0.954
1603834860,+3.48, +4.952, +0.531,+0.954
1603834920,+3.48, +4.993, +0.545,+0.954
1603834980,+3.48, +4.983, +0.562,+0.954
1603835040,+3.48, +4.993, +0.569,+0.955
1603835100,+3.48, +5.013, +0.575,+0.955
1603835160,+3.48, +4.993, +0.571,+0.955
1603835220,+3.48, +5.033, +0.601,+0.955
1603835280,+3.48, +5.013, +0.612,+0.955
1603835340,+3.48, +4.983, +0.613,+0.955
1603835400,+3.48, +5.003, +0.609,+0.955
1603835460,+3.48, +5.013, +0.604,+0.955
1603835520,+3.48, +5.013, +0.610,+0.955
1603835580,+3.48, +5.003, +0.607,+0.955
1603835640,+3.48, +5.003, +0.605,+0.955
1603835700,+3.48, +5.013, +0.589,+0.955
1603835760,+3.48, +5.023, +0.585,+0.955
1603835820,+3.48, +5.023, +0.587,+0.955
1603835880,+3.48, +5.003, +0.600,+0.955
1603835940,+3.48, +5.033, +0.596,+0.955
1603836000,+3.48, +5.013, +0.581,+0.955
1603836060,+3.48, +5.023, +0.589,+0.955
1603836120,+3.48, +5.003, +0.602,+0.955
1603836180,+3.48, +5.023, +0.609,+0.955
1603836240,+3.47, +5.013, +0.603,+0.955
1603836300,+3.48, +5.033, +0.601,+0.955
1603836360,+3.47, +5.003, +0.590,+0.955
1603836420,+3.48, +5.013, +0.590,+0.955
1603836480,+3.48, +4.993, +0.609,+0.955
1603836540,+3.48, +5.003, +0.616,+0.956
1603836600,+3.48, +5.054, +0.609,+0.955
1603836660,+3.47, +5.023, +0.632,+0.956
1603836720,+3.47, +5.003, +0.624,+0.956
1603836780,+3.47, +5.003, +0.624,+0.956
1603836840,+3.47, +5.013, +0.616,+0.956
1603836900,+3.47, +5.033, +0.613,+0.956
1603836960,+3.48, +5.013, +0.618,+0.955
1603837020,+3.47, +5.023, +0.618,+0.956
1603837080,+3.47, +4.993, +0.616,+0.955
1603837140,+3.47, +5.013, +0.610,+0.956
1603837200,+3.47, +5.023, +0.595,+0.955
1603837260,+3.47, +5.003, +0.605,+0.955
1603837320,+3.47, +4.993, +0.604,+0.955
1603837380,+3.47, +4.993, +0.600,+0.955
1603837440,+3.47, +5.023, +0.599,+0.955
1603837500,+3.47, +4.983, +0.592,+0.955
1603837560,+3.47, +4.993, +0.590,+0.955
1603837620,+3.47, +5.013, +0.594,+0.955
1603837680,+3.47, +5.003, +0.596,+0.955
1603837740,+3.47, +5.003, +0.600,+0.955
1603837800,+3.47, +4.983, +0.581,+0.955
1603837860,+3.47, +4.993, +0.567,+0.955
1603837920,+3.47, +4.973, +0.563,+0.955
1603837980,+3.47, +4.983, +0.563,+0.955
1603838040,+3.47, +4.973, +0.567,+0.955
1603838100,+3.47, +4.963, +0.571,+0.955
1603838160,+3.47, +4.942, +0.570,+0.955
1603838220,+3.47, +4.963, +0.573,+0.955
1603838280,+3.47, +4.973, +0.579,+0.955
1603838340,+3.47, +4.983, +0.574,+0.955
1603838400,+3.47, +4.973, +0.589,+0.955
1603838460,+3.47, +4.993, +0.591,+0.955
1603838520,+3.47, +4.942, +0.603,+0.955
1603838580,+3.47, +4.983, +0.599,+0.955
1603838640,+3.47, +4.963, +0.599,+0.955
1603838700,+3.47, +4.952, +0.599,+0.955
1603838760,+3.47, +4.963, +0.599,+0.955
1603838820,+3.47, +4.963, +0.602,+0.955
1603838880,+3.47, +4.942, +0.607,+0.955
1603838940,+3.47, +4.983, +0.606,+0.956
1603839000,+3.47, +4.922, +0.601,+0.955
1603839060,+3.47, +4.942, +0.593,+0.955
1603839120,+3.47, +4.922, +0.591,+0.955
1603839180,+3.47, +4.932, +0.579,+0.955
1603839240,+3.47, +4.932, +0.571,+0.955
1603839300,+3.47, +4.912, +0.576,+0.955
1603839360,+3.47, +4.942, +0.581,+0.955
1603839420,+3.47, +4.973, +0.586,+0.955
1603839480,+3.47, +4.932, +0.587,+0.955
1603839540,+3.47, +4.952, +0.594,+0.955
1603839600,+3.47, +4.932, +0.579,+0.955
1603839660,+3.47, +4.932, +0.634,+0.951
1603839720,+3.47, +4.932, +0.666,+0.951
1603839780,+3.47, +4.932, +0.721,+0.952
1603839840,+3.47, +4.932, +0.735,+0.952
1603839900,+3.47, +4.912, +0.725,+0.952
1603839960,+3.47, +4.851, +0.681,+0.952
1603840020,+3.47, +4.871, +0.643,+0.952
1603840080,+3.47, +4.892, +0.635,+0.953
1603840140,+3.47, +4.871, +0.655,+0.953
1603840200,+3.47, +4.892, +0.655,+0.953
1603840260,+3.47, +4.861, +0.637,+0.954
1603840320,+3.47, +4.881, +0.602,+0.953
1603840380,+3.47, +4.892, +0.623,+0.954
1603840440,+3.47, +4.892, +0.617,+0.954
1603840500,+3.47, +4.881, +0.624,+0.954
1603840560,+3.46, +4.902, +0.626,+0.955
1603840620,+3.46, +4.912, +0.637,+0.955
1603840680,+3.46, +4.912, +0.639,+0.955
1603840740,+3.47, +4.922, +0.647,+0.956
1603840800,+3.47, +4.922, +0.657,+0.956
1603840860,+3.47, +4.922, +0.665,+0.956
1603840920,+3.46, +4.892, +0.670,+0.956
1603840980,+3.46, +4.932, +0.672,+0.956
1603841040,+3.46, +4.912, +0.674,+0.956
1603841100,+3.46, +4.942, +0.662,+0.956
1603841160,+3.47, +4.922, +0.650,+0.956
1603841220,+3.46, +4.922, +0.647,+0.956
1603841280,+3.46, +4.912, +0.653,+0.956
1603841340,+3.46, +4.932, +0.648,+0.956
1603841400,+3.46, +4.902, +0.646,+0.956
1603841460,+3.46, +4.912, +0.646,+0.956
1603841520,+3.46, +4.902, +0.645,+0.956
1603841580,+3.46, +4.892, +0.645,+0.956
1603841640,+3.46, +4.892, +0.648,+0.956
1603841700,+3.46, +4.912, +0.650,+0.956
1603841760,+3.46, +4.902, +0.646,+0.956
1603841820,+3.46, +4.922, +0.635,+0.956
1603841880,+3.46, +4.912, +0.629,+0.956
1603841940,+3.46, +4.902, +0.630,+0.956
1603842000,+3.46, +4.922, +0.628,+0.956
1603842060,+3.46, +4.892, +0.623,+0.956
1603842120,+3.46, +4.902, +0.627,+0.956
1603842180,+3.46, +4.892, +0.637,+0.956
1603842240,+3.46, +4.892, +0.644,+0.956
1603842300,+3.46, +4.902, +0.654,+0.957
1603842360,+3.46, +4.871, +0.650,+0.956
1603842420,+3.46, +4.902, +0.657,+0.956
1603842480,+3.46, +4.892, +0.664,+0.957
1603842540,+3.46, +4.871, +0.672,+0.957
1603842600,+3.46, +4.861, +0.670,+0.956
1603842660,+3.46, +4.841, +0.680,+0.957
1603842720,+3.46, +4.841, +0.681,+0.957
1603842780,+3.46, +4.851, +0.681,+0.957
1603842840,+3.46, +4.851, +0.680,+0.957
1603842900,+3.46, +4.871, +0.671,+0.957
1603842960,+3.46, +4.881, +0.662,+0.956
1603843020,+3.46, +4.892, +0.659,+0.957
1603843080,+3.46, +4.881, +0.653,+0.956
1603843140,+3.46, +4.881, +0.654,+0.957
1603843200,+3.46, +4.881, +0.660,+0.956
1603843260,+3.46, +4.871, +0.659,+0.956
1603843320,+3.46, +4.861, +0.654,+0.956
1603843380,+3.46, +4.861, +0.653,+0.956
1603843440,+3.46, +4.841, +0.631,+0.956
1603843500,+3.46, +4.821, +0.608,+0.956
1603843560,+3.46, +4.831, +0.598,+0.955
1603843620,+3.46, +4.892, +0.596,+0.956
1603843680,+3.46, +4.851, +0.596,+0.956
1603843740,+3.46, +4.831, +0.594,+0.955
1603843800,+3.46, +4.831, +0.591,+0.955
1603843860,+3.46, +4.871, +0.597,+0.956
1603843920,+3.46, +4.841, +0.591,+0.955
1603843980,+3.46, +4.831, +0.575,+0.955
1603844040,+3.46, +4.821, +0.558,+0.955
1603844100,+3.46, +4.821, +0.535,+0.955
1603844160,+3.46, +4.821, +0.545,+0.955
1603844220,+3.46, +4.810, +0.548,+0.955
1603844280,+3.46, +4.821, +0.545,+0.955
1603844340,+3.46, +4.749, +0.470,+0.953
1603844400,+3.46, +4.729, +0.406,+0.952
1603844460,+3.46, +4.698, +0.377,+0.952
1603844520,+3.46, +4.688, +0.355,+0.951
1603844580,+3.46, +4.709, +0.341,+0.952
1603844640,+3.46, +4.668, +0.305,+0.951
1603844700,+3.45, +4.668, +0.290,+0.950
1603844760,+3.46, +4.627, +0.281,+0.950
1603844820,+3.45, +4.658, +0.277,+0.950
1603844880,+3.45, +4.678, +0.283,+0.950
1603844940,+3.45, +4.698, +0.342,+0.952
1603845000,+3.45, +4.719, +0.376,+0.952
1603845060,+3.45, +4.729, +0.396,+0.953
1603845120,+3.45, +4.749, +0.412,+0.953
1603845180,+3.45, +4.749, +0.422,+0.953
1603845240,+3.45, +4.719, +0.429,+0.953
1603845300,+3.45, +4.709, +0.422,+0.953
1603845360,+3.45, +4.749, +0.418,+0.953
1603845420,+3.46, +4.729, +0.418,+0.953
1603845480,+3.45, +4.719, +0.425,+0.953
1603845540,+3.45, +4.739, +0.425,+0.953
1603845600,+3.45, +4.749, +0.425,+0.953
1603845660,+3.45, +4.749, +0.421,+0.953
1603845720,+3.45, +4.760, +0.427,+0.953
1603845780,+3.45, +4.760, +0.440,+0.953
1603845840,+3.45, +4.790, +0.454,+0.954
1603845900,+3.45, +4.770, +0.467,+0.954
1603845960,+3.45, +4.760, +0.485,+0.954
1603846020,+3.45, +4.770, +0.512,+0.954
1603846080,+3.45, +4.770, +0.532,+0.955
1603846140,+3.45, +4.790, +0.539,+0.955
1603846200,+3.45, +4.800, +0.533,+0.955
1603846260,+3.45, +4.749, +0.516,+0.954
1603846320,+3.45, +4.760, +0.512,+0.955
1603846380,+3.45, +4.780, +0.498,+0.954
1603846440,+3.45, +4.770, +0.507,+0.954
1603846500,+3.45, +4.780, +0.513,+0.954
1603846560,+3.45, +4.780, +0.524,+0.955
1603846620,+3.45, +4.800, +0.527,+0.955
1603846680,+3.45, +4.760, +0.510,+0.954
1603846740,+3.45, +4.780, +0.500,+0.954
1603846800,+3.45, +4.770, +0.504,+0.954
1603846860,+3.45, +4.780, +0.519,+0.955
1603846920,+3.45, +4.770, +0.517,+0.955
1603846980,+3.45, +4.760, +0.486,+0.954
1603847040,+3.45, +4.760, +0.458,+0.953
1603847100,+3.45, +4.729, +0.463,+0.954
1603847160,+3.45, +4.790, +0.494,+0.954
1603847220,+3.45, +4.760, +0.513,+0.954
1603847280,+3.45, +4.760, +0.521,+0.954
1603847340,+3.45, +4.770, +0.515,+0.955
1603847400,+3.45, +4.760, +0.522,+0.954
1603847460,+3.45, +4.770, +0.531,+0.955
1603847520,+3.45, +4.800, +0.549,+0.955
1603847580,+3.45, +4.770, +0.569,+0.955
1603847640,+3.45, +4.760, +0.574,+0.955
1603847700,+3.45, +4.760, +0.578,+0.955
1603847760,+3.45, +4.770, +0.578,+0.956
1603847820,+3.45, +4.790, +0.577,+0.956
1603847880,+3.45, +4.790, +0.580,+0.956
1603847940,+3.45, +4.780, +0.586,+0.956
1603848000,+3.45, +4.760, +0.588,+0.956
1603848060,+3.45, +4.790, +0.581,+0.955
1603848120,+3.45, +4.790, +0.575,+0.955
1603848180,+3.45, +4.770, +0.546,+0.955
1603848240,+3.45, +4.770, +0.548,+0.955
1603848300,+3.45, +4.760, +0.543,+0.955
1603848360,+3.45, +4.749, +0.531,+0.955
1603848420,+3.45, +4.780, +0.519,+0.955
1603848480,+3.45, +4.739, +0.505,+0.954
1603848540,+3.45, +4.770, +0.497,+0.954
1603848600,+3.44, +4.749, +0.492,+0.954
1603848660,+3.44, +4.800, +0.486,+0.954
1603848720,+3.45, +4.770, +0.479,+0.954
1603848780,+3.44, +4.719, +0.470,+0.954
1603848840,+3.44, +4.739, +0.464,+0.954
1603848900,+3.45, +4.729, +0.462,+0.954
1603848960,+3.44, +4.709, +0.462,+0.954
1603849020,+3.44, +4.698, +0.467,+0.954
1603849080,+3.44, +4.698, +0.477,+0.954
1603849140,+3.44, +4.698, +0.482,+0.954
1603849200,+3.44, +4.709, +0.494,+0.954
1603849260,+3.44, +4.739, +0.513,+0.954
1603849320,+3.44, +4.739, +0.533,+0.955
1603849380,+3.44, +4.729, +0.540,+0.955
1603849440,+3.44, +4.719, +0.546,+0.955
1603849500,+3.44, +4.709, +0.534,+0.955
1603849560,+3.44, +4.719, +0.526,+0.955
1603849620,+3.44, +4.729, +0.526,+0.955
1603849680,+3.44, +4.719, +0.529,+0.955
1603849740,+3.44, +4.739, +0.531,+0.955
1603849800,+3.44, +4.739, +0.535,+0.955
1603849860,+3.44, +4.739, +0.540,+0.955
1603849920,+3.44, +4.739, +0.540,+0.955
1603849980,+3.44, +4.719, +0.530,+0.955
1603850040,+3.44, +4.719, +0.510,+0.954
1603850100,+3.44, +4.688, +0.497,+0.954
1603850160,+3.44, +4.698, +0.484,+0.954
1603850220,+3.44, +4.739, +0.483,+0.954
1603850280,+3.44, +4.719, +0.480,+0.954
1603850340,+3.44, +4.698, +0.475,+0.954
1603850400,+3.44, +4.678, +0.478,+0.954
1603850460,+3.44, +4.698, +0.475,+0.954
1603850520,+3.44, +4.698, +0.466,+0.954
1603850580,+3.44, +4.678, +0.449,+0.953
1603850640,+3.44, +4.668, +0.440,+0.953
1603850700,+3.44, +4.698, +0.436,+0.954
1603850760,+3.44, +4.658, +0.406,+0.953
1603850820,+3.44, +4.688, +0.359,+0.952
1603850880,+3.44, +4.647, +0.333,+0.952
1603850940,+3.44, +4.658, +0.314,+0.951
1603851000,+3.44, +4.688, +0.314,+0.951
1603851060,+3.44, +4.668, +0.330,+0.952
1603851120,+3.44, +4.668, +0.370,+0.952
1603851180,+3.44, +4.678, +0.384,+0.953
1603851240,+3.44, +4.678, +0.396,+0.953
1603851300,+3.44, +4.668, +0.406,+0.953
1603851360,+3.44, +4.678, +0.430,+0.953
1603851420,+3.44, +4.698, +0.428,+0.953
1603851480,+3.44, +4.698, +0.438,+0.954
1603851540,+3.44, +4.678, +0.442,+0.953
1603851600,+3.44, +4.688, +0.437,+0.953
1603851660,+3.44, +4.678, +0.450,+0.954
1603851720,+3.44, +4.678, +0.469,+0.954
1603851780,+3.44, +4.668, +0.475,+0.954
1603851840,+3.44, +4.698, +0.472,+0.954
1603851900,+3.44, +4.678, +0.474,+0.954
1603851960,+3.44, +4.688, +0.463,+0.954
1603852020,+3.44, +4.678, +0.471,+0.954
1603852080,+3.44, +4.668, +0.456,+0.954
1603852140,+3.44, +4.668, +0.434,+0.953
1603852200,+3.44, +4.658, +0.430,+0.953
1603852260,+3.44, +4.688, +0.418,+0.953
1603852320,+3.44, +4.647, +0.398,+0.953
1603852380,+3.44, +4.709, +0.390,+0.953
1603852440,+3.44, +4.668, +0.375,+0.952
1603852500,+3.43, +4.668, +0.363,+0.952
1603852560,+3.44, +4.647, +0.364,+0.952
1603852620,+3.44, +4.668, +0.362,+0.952
1603852680,+3.44, +4.668, +0.366,+0.952
1603852740,+3.43, +4.668, +0.377,+0.952
1603852800,+3.43, +4.688, +0.389,+0.953
1603852860,+3.44, +4.678, +0.402,+0.953
1603852920,+3.43, +4.688, +0.419,+0.953
1603852980,+3.43, +4.678, +0.431,+0.953
1603853040,+3.43, +4.678, +0.439,+0.953
1603853100,+3.43, +4.678, +0.451,+0.954
1603853160,+3.43, +4.668, +0.462,+0.954
1603853220,+3.43, +4.668, +0.468,+0.954
1603853280,+3.43, +4.688, +0.471,+0.954
1603853340,+3.43, +4.688, +0.468,+0.954
1603853400,+3.43, +4.658, +0.470,+0.954
1603853460,+3.43, +4.678, +0.473,+0.954
1603853520,+3.43, +4.688, +0.469,+0.954
1603853580,+3.43, +4.658, +0.461,+0.954
1603853640,+3.43, +4.709, +0.449,+0.954
1603853700,+3.43, +4.678, +0.435,+0.953
1603853760,+3.43, +4.678, +0.438,+0.953
1603853820,+3.43, +4.678, +0.445,+0.954
1603853880,+3.43, +4.637, +0.439,+0.953
1603853940,+3.43, +4.678, +0.429,+0.953
1603854000,+3.43, +4.637, +0.432,+0.953
1603854060,+3.43, +4.668, +0.433,+0.953
1603854120,+3.43, +4.668, +0.440,+0.954
1603854180,+3.43, +4.647, +0.447,+0.954
1603854240,+3.43, +4.668, +0.452,+0.954
1603854300,+3.43, +4.678, +0.464,+0.954
1603854360,+3.43, +4.698, +0.470,+0.954
1603854420,+3.43, +4.678, +0.480,+0.955
1603854480,+3.43, +4.678, +0.485,+0.954
1603854540,+3.43, +4.658, +0.490,+0.954
1603854600,+3.43, +4.678, +0.455,+0.954
1603854660,+3.43, +4.668, +0.456,+0.954
1603854720,+3.43, +4.647, +0.445,+0.954
1603854780,+3.43, +4.668, +0.430,+0.953
1603854840,+3.43, +4.637, +0.409,+0.953
1603854900,+3.43, +4.658, +0.407,+0.953
1603854960,+3.43, +4.647, +0.384,+0.953
1603855020,+3.43, +4.647, +0.359,+0.952
1603855080,+3.43, +4.658, +0.354,+0.952
1603855140,+3.43, +4.647, +0.356,+0.952
1603855200,+3.43, +4.647, +0.354,+0.952
1603855260,+3.43, +4.678, +0.341,+0.952
1603855320,+3.43, +4.658, +0.336,+0.952
1603855380,+3.43, +4.647, +0.324,+0.952
1603855440,+3.43, +4.658, +0.312,+0.951
1603855500,+3.43, +4.658, +0.303,+0.951
1603855560,+3.43, +4.647, +0.298,+0.951
1603855620,+3.43, +4.637, +0.308,+0.952
1603855680,+3.43, +4.647, +0.301,+0.951
1603855740,+3.43, +4.637, +0.295,+0.951
1603855800,+3.43, +4.617, +0.297,+0.951
1603855860,+3.43, +4.617, +0.310,+0.952
1603855920,+3.43, +4.617, +0.330,+0.952
1603855980,+3.43, +4.637, +0.342,+0.952
1603856040,+3.43, +4.617, +0.349,+0.952
1603856100,+3.43, +4.627, +0.367,+0.953
1603856160,+3.43, +4.586, +0.387,+0.953
1603856220,+3.43, +4.617, +0.409,+0.953
1603856280,+3.43, +4.617, +0.418,+0.953
1603856340,+3.43, +4.637, +0.423,+0.953
1603856400,+3.43, +4.586, +0.415,+0.953
1603856460,+3.43, +4.607, +0.409,+0.953
1603856520,+3.43, +4.607, +0.410,+0.953
1603856580,+3.43, +4.607, +0.413,+0.953
1603856640,+3.43, +4.576, +0.411,+0.953
1603856700,+3.43, +4.596, +0.405,+0.953
1603856760,+3.43, +4.596, +0.399,+0.953
1603856820,+3.43, +4.596, +0.399,+0.953
1603856880,+3.42, +4.627, +0.398,+0.953
1603856940,+3.42, +4.607, +0.398,+0.953
1603857000,+3.43, +4.607, +0.392,+0.953
1603857060,+3.43, +4.607, +0.391,+0.953
1603857120,+3.42, +4.617, +0.392,+0.953
1603857180,+3.42, +4.627, +0.392,+0.953
1603857240,+3.43, +4.637, +0.395,+0.953
1603857300,+3.42, +4.607, +0.397,+0.953
1603857360,+3.42, +4.596, +0.397,+0.953
1603857420,+3.42, +4.586, +0.396,+0.953
1603857480,+3.42, +4.596, +0.396,+0.953
1603857540,+3.42, +4.627, +0.399,+0.953
1603857600,+3.42, +4.627, +0.401,+0.953
1603857660,+3.42, +4.627, +0.405,+0.953
1603857720,+3.42, +4.617, +0.409,+0.953
1603857780,+3.42, +4.607, +0.413,+0.954
1603857840,+3.42, +4.607, +0.419,+0.953
1603857900,+3.42, +4.607, +0.421,+0.953
1603857960,+3.42, +4.607, +0.420,+0.954
1603858020,+3.42, +4.617, +0.418,+0.954
1603858080,+3.42, +4.596, +0.423,+0.953
1603858140,+3.42, +4.586, +0.421,+0.953
1603858200,+3.42, +4.607, +0.438,+0.954
1603858260,+3.42, +4.617, +0.446,+0.954
1603858320,+3.42, +4.627, +0.447,+0.954
1603858380,+3.42, +4.607, +0.447,+0.954
1603858440,+3.42, +4.607, +0.445,+0.954
1603858500,+3.42, +4.596, +0.442,+0.954
1603858560,+3.42, +4.617, +0.438,+0.954
1603858620,+3.42, +4.617, +0.437,+0.954
1603858680,+3.42, +4.607, +0.436,+0.954
1603858740,+3.42, +4.607, +0.438,+0.954
1603858800,+3.42, +4.617, +0.437,+0.954
1603858860,+3.42, +4.596, +0.440,+0.954
1603858920,+3.42, +4.617, +0.438,+0.954
1603858980,+3.42, +4.607, +0.443,+0.954
1603859040,+3.42, +4.617, +0.441,+0.954
1603859100,+3.42, +4.617, +0.439,+0.954
1603859160,+3.42, +4.607, +0.443,+0.954
1603859220,+3.42, +4.617, +0.436,+0.954
1603859280,+3.42, +4.617, +0.440,+0.954
1603859340,+3.42, +4.617, +0.442,+0.954
1603859400,+3.42, +4.617, +0.443,+0.954
1603859460,+3.42, +4.627, +0.443,+0.954
1603859520,+3.42, +4.586, +0.453,+0.954
1603859580,+3.42, +4.617, +0.454,+0.954
1603859640,+3.42, +4.617, +0.457,+0.954
1603859700,+3.42, +4.607, +0.458,+0.954
1603859760,+3.42, +4.617, +0.458,+0.954
1603859820,+3.42, +4.596, +0.455,+0.954
1603859880,+3.42, +4.607, +0.452,+0.954
1603859940,+3.42, +4.617, +0.450,+0.954
1603860000,+3.42, +4.637, +0.455,+0.954
1603860060,+3.42, +4.627, +0.457,+0.954
1603860120,+3.42, +4.607, +0.454,+0.954
1603860180,+3.42, +4.607, +0.458,+0.954
1603860240,+3.42, +4.596, +0.458,+0.954
1603860300,+3.42, +4.596, +0.461,+0.954
1603860360,+3.42, +4.596, +0.457,+0.954
1603860420,+3.42, +4.617, +0.457,+0.954
1603860480,+3.42, +4.617, +0.460,+0.954
1603860540,+3.42, +4.617, +0.459,+0.954
1603860600,+3.42, +4.607, +0.462,+0.954
1603860660,+3.42, +4.596, +0.462,+0.954
1603860720,+3.42, +4.607, +0.459,+0.954
1603860780,+3.42, +4.586, +0.466,+0.954
1603860840,+3.42, +4.607, +0.469,+0.954
1603860900,+3.42, +4.607, +0.470,+0.954
1603860960,+3.42, +4.617, +0.474,+0.954
1603861020,+3.42, +4.596, +0.474,+0.954
1603861080,+3.42, +4.586, +0.478,+0.955
1603861140,+3.42, +4.617, +0.474,+0.954
1603861200,+3.42, +4.607, +0.458,+0.954
1603861260,+3.42, +4.627, +0.441,+0.954
1603861320,+3.42, +4.627, +0.442,+0.954
1603861380,+3.42, +4.607, +0.450,+0.954
1603861440,+3.42, +4.576, +0.454,+0.954
1603861500,+3.42, +4.617, +0.456,+0.954
1603861560,+3.42, +4.617, +0.447,+0.954
1603861620,+3.42, +4.586, +0.444,+0.954
1603861680,+3.42, +4.617, +0.437,+0.954
1603861740,+3.42, +4.607, +0.419,+0.954
1603861800,+3.42, +4.627, +0.409,+0.954
1603861860,+3.42, +4.596, +0.396,+0.953
1603861920,+3.42, +4.566, +0.386,+0.953
1603861980,+3.42, +4.586, +0.383,+0.953
1603862040,+3.42, +4.566, +0.386,+0.953
1603862100,+3.42, +4.607, +0.382,+0.953
1603862160,+3.42, +4.596, +0.382,+0.953
1603862220,+3.42, +4.607, +0.383,+0.953
1603862280,+3.42, +4.617, +0.376,+0.953
1603862340,+3.42, +4.566, +0.373,+0.953
1603862400,+3.42, +4.607, +0.371,+0.953
1603862460,+3.42, +4.596, +0.364,+0.953
1603862520,+3.42, +4.586, +0.366,+0.953
1603862580,+3.42, +4.566, +0.371,+0.953
1603862640,+3.41, +4.586, +0.365,+0.953
1603862700,+3.41, +4.586, +0.363,+0.953
1603862760,+3.41, +4.586, +0.361,+0.953
1603862820,+3.41, +4.576, +0.366,+0.953
1603862880,+3.41, +4.596, +0.362,+0.953
1603862940,+3.42, +4.586, +0.360,+0.953
1603863000,+3.41, +4.586, +0.365,+0.953
1603863060,+3.41, +4.586, +0.366,+0.953
1603863120,+3.41, +4.576, +0.367,+0.953
1603863180,+3.41, +4.596, +0.368,+0.953
1603863240,+3.41, +4.596, +0.368,+0.953
1603863300,+3.41, +4.556, +0.374,+0.953
1603863360,+3.41, +4.596, +0.375,+0.953
1603863420,+3.41, +4.566, +0.378,+0.953
1603863480,+3.41, +4.566, +0.382,+0.953
1603863540,+3.41, +4.596, +0.374,+0.953
1603863600,+3.41, +4.596, +0.367,+0.953
1603863660,+3.41, +4.586, +0.367,+0.953
1603863720,+3.41, +4.556, +0.367,+0.953
1603863780,+3.41, +4.566, +0.366,+0.953
1603863840,+3.41, +4.566, +0.370,+0.953
1603863900,+3.41, +4.586, +0.377,+0.953
1603863960,+3.41, +4.576, +0.379,+0.953
1603864020,+3.41, +4.596, +0.384,+0.953
1603864080,+3.41, +4.576, +0.390,+0.953
1603864140,+3.41, +4.586, +0.392,+0.953
1603864200,+3.41, +4.576, +0.391,+0.953
1603864260,+3.41, +4.576, +0.389,+0.953
1603864320,+3.41, +4.576, +0.388,+0.953
1603864380,+3.41, +4.535, +0.389,+0.953
1603864440,+3.41, +4.545, +0.385,+0.953
1603864500,+3.41, +4.586, +0.382,+0.953
1603864560,+3.41, +4.596, +0.385,+0.953
1603864620,+3.41, +4.607, +0.386,+0.953
1603864680,+3.41, +4.556, +0.392,+0.953
1603864740,+3.41, +4.556, +0.387,+0.953
1603864800,+3.41, +4.576, +0.382,+0.953
1603864860,+3.41, +4.566, +0.375,+0.953
1603864920,+3.41, +4.576, +0.377,+0.953
1603864980,+3.41, +4.556, +0.381,+0.953
1603865040,+3.41, +4.586, +0.387,+0.953
1603865100,+3.41, +4.556, +0.387,+0.953
1603865160,+3.41, +4.576, +0.389,+0.953
1603865220,+3.41, +4.525, +0.395,+0.953
1603865280,+3.41, +4.515, +0.392,+0.953
1603865340,+3.41, +4.566, +0.406,+0.953
1603865400,+3.41, +4.596, +0.409,+0.954
1603865460,+3.41, +4.556, +0.405,+0.954
1603865520,+3.41, +4.535, +0.401,+0.953
1603865580,+3.41, +4.566, +0.401,+0.953
1603865640,+3.41, +4.525, +0.400,+0.953
1603865700,+3.41, +4.545, +0.408,+0.953
1603865760,+3.41, +4.566, +0.411,+0.954
1603865820,+3.41, +4.545, +0.410,+0.953
1603865880,+3.41, +4.566, +0.413,+0.954
1603865940,+3.41, +4.545, +0.415,+0.954
1603866000,+3.41, +4.545, +0.414,+0.954
1603866060,+3.41, +4.545, +0.417,+0.954
1603866120,+3.41, +4.556, +0.413,+0.954
1603866180,+3.41, +4.566, +0.408,+0.953
1603866240,+3.41, +4.535, +0.407,+0.953
1603866300,+3.41, +4.556, +0.405,+0.954
1603866360,+3.41, +4.556, +0.407,+0.954
1603866420,+3.41, +4.535, +0.405,+0.953
1603866480,+3.41, +4.556, +0.404,+0.954
1603866540,+3.41, +4.545, +0.399,+0.953
1603866600,+3.41, +4.545, +0.392,+0.953
1603866660,+3.41, +4.535, +0.390,+0.953
1603866720,+3.41, +4.576, +0.387,+0.954
1603866780,+3.41, +4.566, +0.384,+0.953
1603866840,+3.40, +4.545, +0.387,+0.953
1603866900,+3.41, +4.545, +0.390,+0.953
1603866960,+3.41, +4.525, +0.391,+0.953
1603867020,+3.41, +4.515, +0.394,+0.953
1603867080,+3.41, +4.556, +0.396,+0.953
1603867140,+3.41, +4.525, +0.399,+0.953
1603867200,+3.41, +4.545, +0.385,+0.953
1603867260,+3.41, +4.566, +0.373,+0.953
1603867320,+3.41, +4.566, +0.368,+0.953
1603867380,+3.41, +4.545, +0.364,+0.953
1603867440,+3.41, +4.545, +0.359,+0.953
1603867500,+3.41, +4.545, +0.348,+0.953
1603867560,+3.41, +4.556, +0.346,+0.953
1603867620,+3.41, +4.556, +0.346,+0.952
1603867680,+3.40, +4.535, +0.345,+0.952
1603867740,+3.41, +4.515, +0.349,+0.953
1603867800,+3.41, +4.525, +0.352,+0.952
1603867860,+3.40, +4.535, +0.357,+0.953
1603867920,+3.41, +4.535, +0.359,+0.953
1603867980,+3.40, +4.545, +0.360,+0.953
1603868040,+3.40, +4.535, +0.359,+0.953
1603868100,+3.41, +4.515, +0.353,+0.953
1603868160,+3.40, +4.535, +0.348,+0.953
1603868220,+3.40, +4.556, +0.334,+0.952
1603868280,+3.40, +4.556, +0.325,+0.953
1603868340,+3.40, +4.535, +0.319,+0.952
1603868400,+3.41, +4.535, +0.320,+0.952
1603868460,+3.40, +4.535, +0.316,+0.952
1603868520,+3.40, +4.535, +0.314,+0.952
1603868580,+3.40, +4.525, +0.315,+0.952
1603868640,+3.40, +4.535, +0.324,+0.952
1603868700,+3.40, +4.494, +0.333,+0.952
1603868760,+3.40, +4.535, +0.338,+0.952
1603868820,+3.40, +4.525, +0.337,+0.952
1603868880,+3.40, +4.525, +0.337,+0.952
1603868940,+3.40, +4.494, +0.341,+0.953
1603869000,+3.40, +4.504, +0.339,+0.953
1603869060,+3.40, +4.494, +0.338,+0.952
1603869120,+3.40, +4.525, +0.340,+0.952
1603869180,+3.40, +4.525, +0.332,+0.952
1603869240,+3.40, +4.515, +0.323,+0.952
1603869300,+3.40, +4.545, +0.308,+0.952
1603869360,+3.40, +4.504, +0.305,+0.952
1603869420,+3.40, +4.504, +0.299,+0.952
1603869480,+3.40, +4.515, +0.298,+0.952
1603869540,+3.40, +4.515, +0.304,+0.952
1603869600,+3.40, +4.525, +0.304,+0.952
1603869660,+3.40, +4.504, +0.305,+0.952
1603869720,+3.40, +4.515, +0.307,+0.952
1603869780,+3.40, +4.535, +0.308,+0.952
1603869840,+3.40, +4.504, +0.311,+0.952
1603869900,+3.40, +4.525, +0.312,+0.952
1603869960,+3.40, +4.525, +0.313,+0.952
1603870020,+3.40, +4.535, +0.312,+0.952
1603870080,+3.40, +4.515, +0.314,+0.952
1603870140,+3.40, +4.504, +0.317,+0.952
1603870200,+3.40, +4.515, +0.316,+0.952
1603870260,+3.40, +4.525, +0.316,+0.952
1603870320,+3.40, +4.504, +0.317,+0.952
1603870380,+3.40, +4.525, +0.316,+0.952
1603870440,+3.40, +4.504, +0.320,+0.952
1603870500,+3.40, +4.545, +0.318,+0.952
1603870560,+3.40, +4.515, +0.316,+0.952
1603870620,+3.40, +4.515, +0.315,+0.952
1603870680,+3.40, +4.515, +0.321,+0.952
1603870740,+3.40, +4.515, +0.326,+0.952
1603870800,+3.40, +4.515, +0.341,+0.953
1603870860,+3.40, +4.525, +0.352,+0.953
1603870920,+3.40, +4.515, +0.364,+0.953
1603870980,+3.40, +4.535, +0.369,+0.953
1603871040,+3.40, +4.515, +0.374,+0.953
1603871100,+3.40, +4.504, +0.379,+0.953
1603871160,+3.40, +4.504, +0.382,+0.953
1603871220,+3.40, +4.535, +0.384,+0.953
1603871280,+3.40, +4.535, +0.386,+0.953
1603871340,+3.40, +4.525, +0.390,+0.953
1603871400,+3.40, +4.525, +0.390,+0.953
1603871460,+3.40, +4.515, +0.391,+0.953
1603871520,+3.40, +4.535, +0.387,+0.953
1603871580,+3.40, +4.535, +0.387,+0.953
1603871640,+3.40, +4.525, +0.387,+0.953
1603871700,+3.40, +4.525, +0.388,+0.953
1603871760,+3.40, +4.525, +0.385,+0.953
1603871820,+3.40, +4.535, +0.394,+0.953
1603871880,+3.40, +4.545, +0.395,+0.954
1603871940,+3.40, +4.515, +0.398,+0.953
1603872000,+3.40, +4.515, +0.395,+0.954
1603872060,+3.40, +4.504, +0.398,+0.954
1603872120,+3.40, +4.535, +0.402,+0.954
1603872180,+3.40, +4.525, +0.403,+0.954
1603872240,+3.40, +4.525, +0.401,+0.953
1603872300,+3.40, +4.515, +0.395,+0.954
1603872360,+3.40, +4.535, +0.393,+0.953
1603872420,+3.40, +4.504, +0.395,+0.953
1603872480,+3.40, +4.484, +0.400,+0.954
1603872540,+3.40, +4.504, +0.398,+0.953
1603872600,+3.40, +4.504, +0.398,+0.954
1603872660,+3.40, +4.525, +0.396,+0.954
1603872720,+3.40, +4.494, +0.396,+0.953
1603872780,+3.40, +4.525, +0.392,+0.953
1603872840,+3.40, +4.515, +0.393,+0.954
1603872900,+3.40, +4.504, +0.392,+0.954
1603872960,+3.40, +4.525, +0.389,+0.953
1603873020,+3.40, +4.535, +0.387,+0.953
1603873080,+3.40, +4.535, +0.384,+0.953
1603873140,+3.40, +4.535, +0.382,+0.953
1603873200,+3.40, +4.515, +0.379,+0.953
1603873260,+3.40, +4.535, +0.380,+0.953
1603873320,+3.40, +4.535, +0.379,+0.953
1603873380,+3.40, +4.525, +0.379,+0.953
1603873440,+3.40, +4.525, +0.377,+0.953
1603873500,+3.40, +4.545, +0.374,+0.953
1603873560,+3.40, +4.525, +0.376,+0.953
1603873620,+3.40, +4.525, +0.374,+0.953
1603873680,+3.40, +4.504, +0.372,+0.953
1603873740,+3.40, +4.474, +0.373,+0.953
1603873800,+3.39, +4.494, +0.368,+0.953
1603873860,+3.39, +4.494, +0.367,+0.953
1603873920,+3.39, +4.484, +0.368,+0.953
1603873980,+3.39, +4.504, +0.358,+0.953
1603874040,+3.40, +4.463, +0.352,+0.953
1603874100,+3.40, +4.484, +0.360,+0.953
1603874160,+3.39, +4.494, +0.360,+0.953
1603874220,+3.39, +4.525, +0.358,+0.953
1603874280,+3.40, +4.504, +0.364,+0.953
1603874340,+3.39, +4.504, +0.369,+0.953
1603874400,+3.40, +4.474, +0.376,+0.953
1603874460,+3.40, +4.474, +0.374,+0.953
1603874520,+3.39, +4.494, +0.370,+0.953
1603874580,+3.39, +4.504, +0.370,+0.953
1603874640,+3.39, +4.474, +0.373,+0.953
1603874700,+3.39, +4.484, +0.371,+0.953
1603874760,+3.39, +4.443, +0.370,+0.953
1603874820,+3.39, +4.484, +0.371,+0.953
1603874880,+3.39, +4.402, +0.370,+0.953
1603874940,+3.39, +4.474, +0.367,+0.953
1603875000,+3.39, +4.474, +0.370,+0.953
1603875060,+3.39, +4.474, +0.372,+0.953
1603875120,+3.39, +4.504, +0.372,+0.953
1603875180,+3.39, +4.494, +0.362,+0.953
1603875240,+3.39, +4.453, +0.358,+0.953
1603875300,+3.39, +4.474, +0.358,+0.953
1603875360,+3.39, +4.474, +0.355,+0.953
1603875420,+3.39, +4.494, +0.351,+0.953
1603875480,+3.39, +4.484, +0.353,+0.953
1603875540,+3.39, +4.484, +0.364,+0.953
1603875600,+3.39, +4.484, +0.364,+0.953
1603875660,+3.39, +4.494, +0.366,+0.953
1603875720,+3.39, +4.504, +0.366,+0.953
1603875780,+3.39, +4.484, +0.367,+0.953
1603875840,+3.39, +4.484, +0.364,+0.953
1603875900,+3.39, +4.484, +0.362,+0.953
1603875960,+3.39, +4.484, +0.358,+0.953
1603876020,+3.39, +4.525, +0.356,+0.953
1603876080,+3.39, +4.474, +0.355,+0.953
1603876140,+3.39, +4.484, +0.351,+0.953
1603876200,+3.39, +4.463, +0.353,+0.953
1603876260,+3.39, +4.504, +0.354,+0.953
1603876320,+3.39, +4.504, +0.353,+0.953
1603876380,+3.39, +4.474, +0.355,+0.953
1603876440,+3.39, +4.484, +0.358,+0.953
1603876500,+3.39, +4.484, +0.362,+0.953
1603876560,+3.39, +4.463, +0.361,+0.953
1603876620,+3.39, +4.494, +0.356,+0.953
1603876680,+3.39, +4.545, +0.353,+0.953
1603876740,+3.39, +4.494, +0.350,+0.953
1603876800,+3.39, +4.484, +0.349,+0.953
1603876860,+3.39, +4.494, +0.348,+0.953
1603876920,+3.39, +4.463, +0.348,+0.953
1603876980,+3.39, +4.474, +0.349,+0.953
1603877040,+3.39, +4.484, +0.348,+0.953
1603877100,+3.39, +4.494, +0.345,+0.953
1603877160,+3.39, +4.494, +0.346,+0.953
1603877220,+3.39, +4.474, +0.345,+0.953
1603877280,+3.39, +4.463, +0.345,+0.953
1603877340,+3.39, +4.494, +0.343,+0.953
1603877400,+3.39, +4.484, +0.342,+0.953
1603877460,+3.39, +4.433, +0.342,+0.952
1603877520,+3.39, +4.484, +0.341,+0.953
1603877580,+3.39, +4.474, +0.340,+0.953
1603877640,+3.39, +4.494, +0.339,+0.953
1603877700,+3.39, +4.504, +0.336,+0.953
1603877760,+3.39, +4.484, +0.335,+0.953
1603877820,+3.39, +4.494, +0.335,+0.953
1603877880,+3.39, +4.474, +0.335,+0.952
1603877940,+3.39, +4.484, +0.336,+0.953
1603878000,+3.39, +4.463, +0.336,+0.953
1603878060,+3.39, +4.474, +0.334,+0.952
1603878120,+3.39, +4.474, +0.335,+0.952
1603878180,+3.39, +4.494, +0.333,+0.953
1603878240,+3.39, +4.484, +0.332,+0.952
1603878300,+3.39, +4.463, +0.331,+0.952
1603878360,+3.39, +4.463, +0.331,+0.952
1603878420,+3.39, +4.463, +0.332,+0.953
1603878480,+3.39, +4.484, +0.331,+0.953
1603878540,+3.39, +4.484, +0.330,+0.952
1603878600,+3.39, +4.484, +0.328,+0.952
1603878660,+3.39, +4.484, +0.329,+0.953
1603878720,+3.39, +4.474, +0.327,+0.952
1603878780,+3.39, +4.474, +0.326,+0.952
1603878840,+3.39, +4.504, +0.324,+0.952
1603878900,+3.39, +4.494, +0.323,+0.952
1603878960,+3.39, +4.463, +0.325,+0.952
1603879020,+3.39, +4.504, +0.324,+0.953
1603879080,+3.39, +4.494, +0.325,+0.953
1603879140,+3.39, +4.474, +0.326,+0.953
1603879200,+3.39, +4.494, +0.326,+0.953
1603879260,+3.39, +4.463, +0.324,+0.952
1603879320,+3.39, +4.484, +0.323,+0.953
1603879380,+3.39, +4.484, +0.323,+0.953
1603879440,+3.39, +4.494, +0.322,+0.952
1603879500,+3.39, +4.474, +0.321,+0.952
1603879560,+3.39, +4.474, +0.322,+0.952
1603879620,+3.39, +4.474, +0.319,+0.952
1603879680,+3.39, +4.463, +0.322,+0.952
1603879740,+3.39, +4.474, +0.321,+0.952
1603879800,+3.39, +4.453, +0.322,+0.952
1603879860,+3.39, +4.453, +0.319,+0.952
1603879920,+3.39, +4.484, +0.319,+0.953
1603879980,+3.39, +4.463, +0.316,+0.952
1603880040,+3.39, +4.463, +0.317,+0.952
1603880100,+3.39, +4.504, +0.315,+0.952
1603880160,+3.39, +4.453, +0.316,+0.952
1603880220,+3.39, +4.474, +0.314,+0.952
1603880280,+3.39, +4.474, +0.314,+0.952
1603880340,+3.39, +4.484, +0.313,+0.952
1603880400,+3.39, +4.484, +0.313,+0.952
1603880460,+3.39, +4.474, +0.312,+0.952
1603880520,+3.39, +4.463, +0.310,+0.952
1603880580,+3.38, +4.504, +0.308,+0.952
1603880640,+3.39, +4.443, +0.307,+0.952
1603880700,+3.39, +4.484, +0.305,+0.952
1603880760,+3.39, +4.463, +0.303,+0.952
1603880820,+3.38, +4.453, +0.304,+0.952
1603880880,+3.39, +4.463, +0.304,+0.952
1603880940,+3.39, +4.474, +0.304,+0.952
1603881000,+3.39, +4.463, +0.304,+0.952
1603881060,+3.39, +4.494, +0.303,+0.952
1603881120,+3.39, +4.484, +0.304,+0.952
1603881180,+3.39, +4.443, +0.307,+0.952
1603881240,+3.39, +4.494, +0.306,+0.952
1603881300,+3.38, +4.474, +0.307,+0.952
1603881360,+3.39, +4.453, +0.309,+0.952
1603881420,+3.38, +4.453, +0.308,+0.952
1603881480,+3.38, +4.453, +0.308,+0.952
1603881540,+3.39, +4.453, +0.307,+0.952
1603881600,+3.39, +4.422, +0.304,+0.952
1603881660,+3.38, +4.453, +0.300,+0.952
1603881720,+3.39, +4.463, +0.297,+0.952
1603881780,+3.38, +4.453, +0.297,+0.952
1603881840,+3.39, +4.463, +0.297,+0.952
1603881900,+3.38, +4.484, +0.297,+0.952
1603881960,+3.38, +4.453, +0.298,+0.952
1603882020,+3.38, +4.463, +0.299,+0.952
1603882080,+3.39, +4.474, +0.298,+0.952
1603882140,+3.38, +4.474, +0.296,+0.952
1603882200,+3.38, +4.463, +0.294,+0.952
1603882260,+3.38, +4.474, +0.292,+0.952
1603882320,+3.38, +4.453, +0.291,+0.952
1603882380,+3.38, +4.453, +0.289,+0.952
1603882440,+3.38, +4.443, +0.291,+0.952
1603882500,+3.38, +4.443, +0.289,+0.952
1603882560,+3.38, +4.463, +0.289,+0.952
1603882620,+3.38, +4.453, +0.287,+0.952
1603882680,+3.38, +4.443, +0.288,+0.952
1603882740,+3.38, +4.474, +0.284,+0.952
1603882800,+3.38, +4.463, +0.285,+0.952
1603882860,+3.38, +4.463, +0.274,+0.952
1603882920,+3.38, +4.463, +0.273,+0.952
1603882980,+3.38, +4.494, +0.273,+0.952
1603883040,+3.38, +4.463, +0.271,+0.952
1603883100,+3.38, +4.474, +0.272,+0.952
1603883160,+3.38, +4.453, +0.276,+0.952
1603883220,+3.38, +4.463, +0.275,+0.952
1603883280,+3.38, +4.443, +0.272,+0.952
1603883340,+3.38, +4.474, +0.274,+0.952
1603883400,+3.38, +4.453, +0.275,+0.952
1603883460,+3.38, +4.463, +0.275,+0.952
1603883520,+3.38, +4.463, +0.276,+0.952
1603883580,+3.38, +4.463, +0.278,+0.952
1603883640,+3.38, +4.433, +0.277,+0.952
1603883700,+3.38, +4.484, +0.277,+0.952
1603883760,+3.38, +4.463, +0.274,+0.952
1603883820,+3.38, +4.453, +0.276,+0.952
1603883880,+3.38, +4.474, +0.276,+0.952
1603883940,+3.38, +4.484, +0.275,+0.952
1603884000,+3.38, +4.484, +0.274,+0.952
1603884060,+3.38, +4.474, +0.274,+0.952
1603884120,+3.38, +4.463, +0.276,+0.952
1603884180,+3.38, +4.463, +0.278,+0.952
1603884240,+3.38, +4.474, +0.277,+0.952
1603884300,+3.38, +4.443, +0.278,+0.952
1603884360,+3.38, +4.474, +0.278,+0.952
1603884420,+3.38, +4.463, +0.281,+0.952
1603884480,+3.38, +4.453, +0.281,+0.952
1603884540,+3.38, +4.474, +0.281,+0.952
1603884600,+3.38, +4.474, +0.281,+0.952
1603884660,+3.38, +4.484, +0.283,+0.952
1603884720,+3.38, +4.463, +0.281,+0.952
1603884780,+3.38, +4.463, +0.281,+0.952
1603884840,+3.38, +4.463, +0.281,+0.952
1603884900,+3.38, +4.463, +0.282,+0.952
1603884960,+3.38, +4.474, +0.281,+0.952
1603885020,+3.38, +4.443, +0.280,+0.952
1603885080,+3.38, +4.474, +0.278,+0.952
1603885140,+3.38, +4.474, +0.277,+0.952
1603885200,+3.38, +4.453, +0.273,+0.951
1603885260,+3.38, +4.453, +0.273,+0.952
1603885320,+3.38, +4.443, +0.272,+0.952
1603885380,+3.38, +4.463, +0.272,+0.952
1603885440,+3.38, +4.474, +0.270,+0.952
1603885500,+3.38, +4.453, +0.270,+0.952
1603885560,+3.38, +4.453, +0.267,+0.952
1603885620,+3.38, +4.453, +0.265,+0.952
1603885680,+3.38, +4.443, +0.259,+0.952
1603885740,+3.38, +4.463, +0.255,+0.952
1603885800,+3.38, +4.453, +0.254,+0.952
1603885860,+3.38, +4.453, +0.250,+0.952
1603885920,+3.38, +4.443, +0.249,+0.952
1603885980,+3.38, +4.474, +0.245,+0.951
1603886040,+3.38, +4.422, +0.247,+0.951
1603886100,+3.38, +4.474, +0.245,+0.951
1603886160,+3.38, +4.443, +0.245,+0.952
1603886220,+3.38, +4.463, +0.241,+0.951
1603886280,+3.38, +4.453, +0.240,+0.951
1603886340,+3.38, +4.474, +0.240,+0.952
1603886400,+3.38, +4.443, +0.237,+0.951
1603886460,+3.38, +4.463, +0.235,+0.951
1603886520,+3.38, +4.474, +0.235,+0.951
1603886580,+3.38, +4.443, +0.237,+0.951
1603886640,+3.38, +4.463, +0.235,+0.951
1603886700,+3.38, +4.443, +0.235,+0.951
1603886760,+3.38, +4.453, +0.233,+0.951
1603886820,+3.38, +4.453, +0.233,+0.951
1603886880,+3.38, +4.453, +0.232,+0.951
1603886940,+3.38, +4.463, +0.231,+0.951
1603887000,+3.38, +4.443, +0.232,+0.951
1603887060,+3.38, +4.474, +0.232,+0.951
1603887120,+3.38, +4.463, +0.228,+0.951
1603887180,+3.38, +4.433, +0.229,+0.951
1603887240,+3.38, +4.443, +0.227,+0.951
1603887300,+3.38, +4.453, +0.227,+0.951
1603887360,+3.38, +4.453, +0.224,+0.951
1603887420,+3.38, +4.463, +0.227,+0.951
1603887480,+3.38, +4.463, +0.225,+0.951
1603887540,+3.38, +4.443, +0.223,+0.951
1603887600,+3.38, +4.453, +0.223,+0.951
1603887660,+3.38, +4.453, +0.223,+0.951
1603887720,+3.38, +4.453, +0.221,+0.951
1603887780,+3.38, +4.443, +0.220,+0.951
1603887840,+3.38, +4.433, +0.223,+0.951
1603887900,+3.38, +4.463, +0.220,+0.951
1603887960,+3.38, +4.443, +0.223,+0.951
1603888020,+3.38, +4.474, +0.222,+0.951
1603888080,+3.38, +4.463, +0.223,+0.951
1603888140,+3.38, +4.463, +0.222,+0.951
1603888200,+3.38, +4.463, +0.221,+0.951
1603888260,+3.38, +4.484, +0.221,+0.951
1603888320,+3.38, +4.474, +0.219,+0.951
1603888380,+3.38, +4.484, +0.219,+0.951
1603888440,+3.38, +4.474, +0.220,+0.951
1603888500,+3.38, +4.463, +0.220,+0.951
1603888560,+3.38, +4.463, +0.221,+0.951
1603888620,+3.38, +4.484, +0.222,+0.951
1603888680,+3.38, +4.474, +0.222,+0.951
1603888740,+3.38, +4.433, +0.220,+0.951
1603888800,+3.37, +4.453, +0.219,+0.951
1603888860,+3.37, +4.443, +0.218,+0.951
1603888920,+3.38, +4.494, +0.218,+0.951
1603888980,+3.38, +4.433, +0.222,+0.951
1603889040,+3.37, +4.453, +0.223,+0.951
1603889100,+3.37, +4.474, +0.221,+0.951
1603889160,+3.37, +4.463, +0.225,+0.951
1603889220,+3.38, +4.463, +0.225,+0.951
1603889280,+3.38, +4.463, +0.224,+0.951
1603889340,+3.38, +4.474, +0.225,+0.951
1603889400,+3.37, +4.463, +0.226,+0.951
1603889460,+3.38, +4.484, +0.225,+0.951
1603889520,+3.38, +4.504, +0.225,+0.951
1603889580,+3.37, +4.463, +0.225,+0.951
1603889640,+3.37, +4.453, +0.224,+0.951
1603889700,+3.37, +4.453, +0.223,+0.951
1603889760,+3.37, +4.453, +0.223,+0.951
1603889820,+3.37, +4.443, +0.223,+0.951
1603889880,+3.37, +4.463, +0.220,+0.951
1603889940,+3.37, +4.474, +0.220,+0.951
1603890000,+3.37, +4.474, +0.220,+0.951
1603890060,+3.37, +4.463, +0.220,+0.951
1603890120,+3.37, +4.463, +0.216,+0.951
1603890180,+3.37, +4.463, +0.217,+0.951
1603890240,+3.37, +4.474, +0.215,+0.951
1603890300,+3.37, +4.453, +0.215,+0.951
1603890360,+3.37, +4.463, +0.213,+0.951
1603890420,+3.37, +4.463, +0.212,+0.951
1603890480,+3.37, +4.453, +0.210,+0.951
1603890540,+3.37, +4.474, +0.210,+0.951
1603890600,+3.37, +4.474, +0.210,+0.951
1603890660,+3.37, +4.463, +0.211,+0.951
1603890720,+3.37, +4.453, +0.210,+0.951
1603890780,+3.37, +4.463, +0.212,+0.951
1603890840,+3.37, +4.453, +0.211,+0.951
1603890900,+3.37, +4.463, +0.212,+0.951
1603890960,+3.37, +4.453, +0.213,+0.951
1603891020,+3.37, +4.433, +0.215,+0.951
1603891080,+3.37, +4.422, +0.214,+0.951
1603891140,+3.37, +4.463, +0.210,+0.951
1603891200,+3.37, +4.463, +0.211,+0.951
1603891260,+3.37, +4.443, +0.209,+0.951
1603891320,+3.37, +4.443, +0.208,+0.951
1603891380,+3.37, +4.463, +0.207,+0.951
1603891440,+3.37, +4.494, +0.207,+0.951
1603891500,+3.37, +4.484, +0.207,+0.951
1603891560,+3.37, +4.463, +0.206,+0.951
1603891620,+3.37, +4.453, +0.206,+0.951
1603891680,+3.37, +4.443, +0.206,+0.951
1603891740,+3.37, +4.463, +0.206,+0.951
1603891800,+3.37, +4.443, +0.205,+0.951
1603891860,+3.37, +4.443, +0.205,+0.951
1603891920,+3.37, +4.443, +0.205,+0.951
1603891980,+3.37, +4.453, +0.205,+0.951
1603892040,+3.37, +4.453, +0.203,+0.951
1603892100,+3.37, +4.443, +0.204,+0.951
1603892160,+3.37, +4.453, +0.201,+0.951
1603892220,+3.37, +4.463, +0.201,+0.951
1603892280,+3.37, +4.453, +0.199,+0.951
1603892340,+3.37, +4.484, +0.197,+0.951
1603892400,+3.37, +4.463, +0.197,+0.951
1603892460,+3.37, +4.422, +0.199,+0.951
1603892520,+3.37, +4.453, +0.194,+0.951
1603892580,+3.37, +4.443, +0.195,+0.951
1603892640,+3.37, +4.433, +0.194,+0.950
1603892700,+3.37, +4.474, +0.193,+0.951
1603892760,+3.37, +4.443, +0.194,+0.950
1603892820,+3.37, +4.443, +0.195,+0.951
1603892880,+3.37, +4.463, +0.192,+0.950
1603892940,+3.37, +4.453, +0.193,+0.951
1603893000,+3.37, +4.463, +0.193,+0.951
1603893060,+3.37, +4.463, +0.193,+0.951
1603893120,+3.37, +4.453, +0.194,+0.951
1603893180,+3.37, +4.443, +0.194,+0.951
1603893240,+3.37, +4.443, +0.194,+0.950
1603893300,+3.37, +4.433, +0.194,+0.951
1603893360,+3.37, +4.453, +0.192,+0.950
1603893420,+3.37, +4.474, +0.191,+0.951
1603893480,+3.37, +4.474, +0.190,+0.950
1603893540,+3.37, +4.453, +0.188,+0.951
1603893600,+3.37, +4.453, +0.189,+0.951
1603893660,+3.37, +4.433, +0.187,+0.950
1603893720,+3.37, +4.443, +0.186,+0.950
1603893780,+3.37, +4.453, +0.187,+0.951
1603893840,+3.37, +4.433, +0.187,+0.951
1603893900,+3.37, +4.443, +0.187,+0.951
1603893960,+3.37, +4.443, +0.188,+0.951
1603894020,+3.37, +4.443, +0.188,+0.951
1603894080,+3.37, +4.453, +0.185,+0.950
1603894140,+3.37, +4.453, +0.184,+0.951
1603894200,+3.37, +4.433, +0.183,+0.951
1603894260,+3.37, +4.453, +0.184,+0.951
1603894320,+3.37, +4.433, +0.183,+0.950
1603894380,+3.37, +4.433, +0.187,+0.951
1603894440,+3.37, +4.433, +0.185,+0.951
1603894500,+3.37, +4.433, +0.184,+0.950
1603894560,+3.37, +4.443, +0.185,+0.950
1603894620,+3.37, +4.443, +0.184,+0.951
1603894680,+3.37, +4.453, +0.182,+0.950
1603894740,+3.37, +4.443, +0.182,+0.950
1603894800,+3.37, +4.463, +0.180,+0.950
1603894860,+3.37, +4.422, +0.180,+0.950
1603894920,+3.37, +4.443, +0.179,+0.950
1603894980,+3.37, +4.443, +0.177,+0.950
1603895040,+3.37, +4.443, +0.178,+0.950
1603895100,+3.37, +4.443, +0.177,+0.950
1603895160,+3.37, +4.453, +0.176,+0.950
1603895220,+3.37, +4.433, +0.177,+0.950
1603895280,+3.37, +4.453, +0.177,+0.950
1603895340,+3.37, +4.453, +0.175,+0.950
1603895400,+3.37, +4.463, +0.173,+0.950
1603895460,+3.37, +4.412, +0.176,+0.950
1603895520,+3.37, +4.463, +0.174,+0.950
1603895580,+3.37, +4.443, +0.174,+0.950
1603895640,+3.37, +4.433, +0.175,+0.950
1603895700,+3.37, +4.422, +0.175,+0.950
1603895760,+3.37, +4.433, +0.176,+0.951
1603895820,+3.37, +4.433, +0.177,+0.950
1603895880,+3.37, +4.443, +0.178,+0.950
1603895940,+3.37, +4.453, +0.185,+0.950
1603896000,+3.37, +4.443, +0.191,+0.951
1603896060,+3.37, +4.453, +0.195,+0.951
1603896120,+3.37, +4.443, +0.200,+0.951
1603896180,+3.37, +4.453, +0.201,+0.951
1603896240,+3.37, +4.433, +0.201,+0.951
1603896300,+3.37, +4.443, +0.200,+0.951
1603896360,+3.37, +4.443, +0.199,+0.951
1603896420,+3.37, +4.463, +0.196,+0.951
1603896480,+3.37, +4.453, +0.197,+0.951
1603896540,+3.37, +4.422, +0.195,+0.951
1603896600,+3.37, +4.433, +0.190,+0.951
1603896660,+3.37, +4.453, +0.186,+0.951
1603896720,+3.37, +4.484, +0.184,+0.951
1603896780,+3.37, +4.433, +0.184,+0.951
1603896840,+3.37, +4.443, +0.179,+0.950
1603896900,+3.37, +4.443, +0.178,+0.951
1603896960,+3.37, +4.474, +0.180,+0.951
1603897020,+3.37, +4.463, +0.180,+0.951
1603897080,+3.37, +4.453, +0.180,+0.950
1603897140,+3.37, +4.453, +0.180,+0.951
1603897200,+3.37, +4.463, +0.181,+0.950
1603897260,+3.37, +4.443, +0.184,+0.950
1603897320,+3.37, +4.433, +0.185,+0.950
1603897380,+3.37, +4.443, +0.186,+0.950
1603897440,+3.37, +4.453, +0.182,+0.951
1603897500,+3.37, +4.463, +0.180,+0.951
1603897560,+3.37, +4.433, +0.181,+0.950
1603897620,+3.37, +4.474, +0.179,+0.951
1603897680,+3.37, +4.443, +0.180,+0.951
1603897740,+3.37, +4.443, +0.178,+0.950
1603897800,+3.37, +4.433, +0.178,+0.950
1603897860,+3.37, +4.443, +0.178,+0.950
1603897920,+3.37, +4.453, +0.177,+0.950
1603897980,+3.37, +4.433, +0.178,+0.950
1603898040,+3.37, +4.453, +0.179,+0.950
1603898100,+3.37, +4.433, +0.179,+0.950
1603898160,+3.37, +4.443, +0.176,+0.950
1603898220,+3.37, +4.453, +0.177,+0.950
1603898280,+3.37, +4.433, +0.176,+0.950
1603898340,+3.37, +4.422, +0.175,+0.950
1603898400,+3.37, +4.453, +0.176,+0.951
1603898460,+3.37, +4.433, +0.176,+0.950
1603898520,+3.37, +4.443, +0.175,+0.950
1603898580,+3.37, +4.412, +0.177,+0.950
1603898640,+3.37, +4.463, +0.175,+0.950
1603898700,+3.37, +4.412, +0.178,+0.950
1603898760,+3.37, +4.463, +0.177,+0.951
1603898820,+3.37, +4.422, +0.177,+0.951
1603898880,+3.37, +4.453, +0.174,+0.950
1603898940,+3.37, +4.443, +0.175,+0.950
1603899000,+3.37, +4.443, +0.175,+0.950
1603899060,+3.37, +4.433, +0.176,+0.950
1603899120,+3.37, +4.463, +0.174,+0.950
1603899180,+3.37, +4.422, +0.174,+0.950
1603899240,+3.37, +4.443, +0.173,+0.950
1603899300,+3.37, +4.453, +0.175,+0.951
1603899360,+3.37, +4.453, +0.175,+0.950
1603899420,+3.37, +4.453, +0.172,+0.950
1603899480,+3.37, +4.463, +0.173,+0.950
1603899540,+3.37, +4.453, +0.175,+0.950
1603899600,+3.37, +4.453, +0.172,+0.950
1603899660,+3.37, +4.443, +0.172,+0.950
1603899720,+3.37, +4.453, +0.171,+0.950
1603899780,+3.37, +4.443, +0.170,+0.950
1603899840,+3.37, +4.443, +0.170,+0.950
1603899900,+3.37, +4.453, +0.171,+0.950
1603899960,+3.37, +4.453, +0.169,+0.950
1603900020,+3.37, +4.433, +0.170,+0.950
1603900080,+3.37, +4.412, +0.169,+0.950
1603900140,+3.37, +4.453, +0.167,+0.950
1603900200,+3.37, +4.433, +0.168,+0.950
1603900260,+3.37, +4.453, +0.168,+0.950
1603900320,+3.37, +4.433, +0.168,+0.950
1603900380,+3.37, +4.433, +0.168,+0.950
1603900440,+3.37, +4.453, +0.166,+0.950
1603900500,+3.37, +4.443, +0.165,+0.950
1603900560,+3.37, +4.443, +0.165,+0.950
1603900620,+3.37, +4.463, +0.164,+0.950
1603900680,+3.37, +4.443, +0.167,+0.950
1603900740,+3.37, +4.463, +0.165,+0.950
1603900800,+3.37, +4.443, +0.165,+0.950
1603900860,+3.37, +4.463, +0.166,+0.950
1603900920,+3.37, +4.443, +0.165,+0.950
1603900980,+3.37, +4.453, +0.166,+0.950
1603901040,+3.37, +4.443, +0.164,+0.950
1603901100,+3.37, +4.463, +0.163,+0.950
1603901160,+3.37, +4.422, +0.164,+0.950
1603901220,+3.37, +4.422, +0.164,+0.950
1603901280,+3.37, +4.433, +0.163,+0.950
1603901340,+3.37, +4.453, +0.163,+0.950
1603901400,+3.37, +4.433, +0.165,+0.950
1603901460,+3.37, +4.453, +0.165,+0.950
1603901520,+3.37, +4.392, +0.165,+0.950
1603901580,+3.37, +4.453, +0.163,+0.950
1603901640,+3.37, +4.443, +0.163,+0.950
1603901700,+3.37, +4.463, +0.165,+0.950
1603901760,+3.37, +4.422, +0.164,+0.950
1603901820,+3.37, +4.453, +0.163,+0.950
1603901880,+3.37, +4.412, +0.165,+0.950
1603901940,+3.37, +4.443, +0.165,+0.950
1603902000,+3.37, +4.433, +0.165,+0.950
1603902060,+3.37, +4.433, +0.165,+0.950
1603902120,+3.37, +4.433, +0.165,+0.950
1603902180,+3.37, +4.453, +0.165,+0.950
1603902240,+3.37, +4.422, +0.164,+0.950
1603902300,+3.37, +4.443, +0.163,+0.950
1603902360,+3.37, +4.453, +0.164,+0.950
1603902420,+3.37, +4.443, +0.164,+0.950
1603902480,+3.37, +4.433, +0.163,+0.950
1603902540,+3.37, +4.433, +0.165,+0.950
1603902600,+3.37, +4.422, +0.168,+0.950
1603902660,+3.37, +4.422, +0.165,+0.950
1603902720,+3.37, +4.463, +0.164,+0.950
1603902780,+3.37, +4.453, +0.164,+0.950
1603902840,+3.37, +4.453, +0.165,+0.950
1603902900,+3.37, +4.443, +0.166,+0.950
1603902960,+3.37, +4.453, +0.164,+0.950
1603903020,+3.37, +4.433, +0.165,+0.950
1603903080,+3.37, +4.463, +0.162,+0.950
1603903140,+3.37, +4.453, +0.163,+0.950
1603903200,+3.37, +4.433, +0.164,+0.950
