7392-570653
OS REV: 1.11 Sensor Cal: 1428445788
Time (sec),  BV (Volts),  T (deg C),  DO (mg/l),  Q ()
1605976860,+3.39, +4.072, +0.233,+0.957
1605976920,+3.40, +4.062, +0.234,+0.957
1605976980,+3.40, +4.083, +0.231,+0.957
1605977040,+3.40, +4.072, +0.232,+0.957
1605977100,+3.39, +4.072, +0.233,+0.956
1605977160,+3.39, +4.052, +0.233,+0.957
1605977220,+3.40, +4.083, +0.233,+0.957
1605977280,+3.39, +4.072, +0.234,+0.957
1605977340,+3.40, +4.114, +0.230,+0.957
1605977400,+3.40, +4.062, +0.232,+0.957
1605977460,+3.40, +4.093, +0.232,+0.957
1605977520,+3.39, +4.072, +0.233,+0.957
1605977580,+3.40, +4.093, +0.231,+0.957
1605977640,+3.39, +4.062, +0.233,+0.957
1605977700,+3.39, +4.062, +0.233,+0.957
1605977760,+3.40, +4.083, +0.232,+0.957
1605977820,+3.40, +4.072, +0.232,+0.957
1605977880,+3.39, +4.062, +0.231,+0.957
1605977940,+3.40, +4.031, +0.231,+0.957
1605978000,+3.40, +4.062, +0.229,+0.957
1605978060,+3.40, +4.052, +0.228,+0.957
1605978120,+3.40, +4.062, +0.229,+0.957
1605978180,+3.40, +4.072, +0.227,+0.957
1605978240,+3.40, +4.052, +0.228,+0.957
1605978300,+3.40, +4.083, +0.227,+0.957
1605978360,+3.40, +4.062, +0.227,+0.957
1605978420,+3.40, +4.041, +0.230,+0.957
1605978480,+3.40, +4.062, +0.233,+0.957
1605978540,+3.40, +4.031, +0.236,+0.957
1605978600,+3.40, +4.062, +0.239,+0.957
1605978660,+3.40, +4.031, +0.244,+0.957
1605978720,+3.40, +4.041, +0.251,+0.957
1605978780,+3.40, +4.031, +0.257,+0.957
1605978840,+3.40, +4.052, +0.265,+0.957
1605978900,+3.40, +4.052, +0.270,+0.957
1605978960,+3.39, +4.052, +0.275,+0.958
1605979020,+3.39, +4.052, +0.276,+0.958
1605979080,+3.40, +4.072, +0.280,+0.958
1605979140,+3.40, +4.052, +0.283,+0.958
1605979200,+3.40, +4.052, +0.287,+0.958
1605979260,+3.40, +4.072, +0.287,+0.958
1605979320,+3.40, +4.052, +0.290,+0.958
1605979380,+3.40, +4.083, +0.292,+0.958
1605979440,+3.40, +4.062, +0.295,+0.958
1605979500,+3.40, +4.052, +0.296,+0.958
1605979560,+3.40, +4.072, +0.299,+0.958
1605979620,+3.40, +4.052, +0.300,+0.958
1605979680,+3.40, +4.052, +0.298,+0.958
1605979740,+3.40, +4.031, +0.302,+0.958
1605979800,+3.39, +4.052, +0.305,+0.958
1605979860,+3.40, +4.031, +0.308,+0.958
1605979920,+3.40, +4.062, +0.311,+0.958
1605979980,+3.39, +4.020, +0.315,+0.958
1605980040,+3.40, +4.041, +0.317,+0.958
1605980100,+3.40, +4.052, +0.321,+0.958
1605980160,+3.39, +4.062, +0.324,+0.958
1605980220,+3.39, +4.031, +0.328,+0.958
1605980280,+3.39, +4.052, +0.333,+0.958
1605980340,+3.40, +4.062, +0.337,+0.959
1605980400,+3.40, +4.031, +0.342,+0.959
1605980460,+3.40, +4.041, +0.342,+0.959
1605980520,+3.40, +4.052, +0.347,+0.959
1605980580,+3.39, +4.041, +0.347,+0.958
1605980640,+3.40, +4.062, +0.347,+0.958
1605980700,+3.40, +4.072, +0.351,+0.959
1605980760,+3.39, +4.041, +0.351,+0.958
1605980820,+3.40, +4.041, +0.351,+0.959
1605980880,+3.39, +4.031, +0.353,+0.959
1605980940,+3.40, +4.052, +0.352,+0.959
1605981000,+3.40, +4.052, +0.355,+0.959
1605981060,+3.39, +4.062, +0.354,+0.959
1605981120,+3.40, +4.041, +0.356,+0.959
1605981180,+3.40, +4.052, +0.355,+0.959
1605981240,+3.40, +4.052, +0.357,+0.959
1605981300,+3.40, +4.041, +0.355,+0.959
1605981360,+3.40, +4.031, +0.354,+0.959
1605981420,+3.40, +4.052, +0.353,+0.959
1605981480,+3.39, +4.052, +0.354,+0.959
1605981540,+3.40, +4.052, +0.352,+0.959
1605981600,+3.40, +4.072, +0.353,+0.959
1605981660,+3.40, +4.052, +0.352,+0.959
1605981720,+3.40, +4.052, +0.354,+0.959
1605981780,+3.40, +4.072, +0.352,+0.959
1605981840,+3.40, +4.052, +0.354,+0.959
1605981900,+3.40, +4.052, +0.353,+0.959
1605981960,+3.40, +4.041, +0.352,+0.959
1605982020,+3.40, +4.052, +0.350,+0.958
1605982080,+3.40, +4.062, +0.347,+0.958
1605982140,+3.40, +4.041, +0.346,+0.958
1605982200,+3.40, +4.052, +0.343,+0.959
1605982260,+3.40, +4.072, +0.343,+0.959
1605982320,+3.40, +4.052, +0.341,+0.959
1605982380,+3.40, +4.052, +0.339,+0.959
1605982440,+3.40, +4.072, +0.338,+0.959
1605982500,+3.39, +4.052, +0.337,+0.959
1605982560,+3.40, +4.052, +0.336,+0.958
1605982620,+3.40, +4.062, +0.335,+0.958
1605982680,+3.40, +4.000, +0.337,+0.958
1605982740,+3.40, +4.072, +0.333,+0.958
1605982800,+3.40, +4.072, +0.333,+0.959
1605982860,+3.40, +4.031, +0.334,+0.958
1605982920,+3.40, +4.041, +0.330,+0.958
1605982980,+3.40, +4.062, +0.329,+0.958
1605983040,+3.40, +4.072, +0.326,+0.958
1605983100,+3.40, +4.083, +0.326,+0.958
1605983160,+3.40, +4.072, +0.328,+0.958
1605983220,+3.40, +4.062, +0.327,+0.958
1605983280,+3.39, +4.052, +0.326,+0.958
1605983340,+3.40, +4.083, +0.325,+0.958
1605983400,+3.40, +4.052, +0.329,+0.958
1605983460,+3.40, +4.062, +0.329,+0.958
1605983520,+3.40, +4.052, +0.328,+0.958
1605983580,+3.39, +4.062, +0.329,+0.958
1605983640,+3.40, +4.062, +0.329,+0.958
1605983700,+3.40, +4.052, +0.330,+0.958
1605983760,+3.40, +4.072, +0.330,+0.958
1605983820,+3.40, +4.052, +0.332,+0.958
1605983880,+3.40, +4.072, +0.331,+0.958
1605983940,+3.40, +4.052, +0.330,+0.958
1605984000,+3.40, +4.083, +0.330,+0.958
1605984060,+3.40, +4.052, +0.333,+0.958
1605984120,+3.40, +4.041, +0.335,+0.958
1605984180,+3.40, +4.020, +0.334,+0.958
1605984240,+3.40, +4.041, +0.334,+0.958
1605984300,+3.39, +4.052, +0.335,+0.959
1605984360,+3.40, +4.062, +0.336,+0.959
1605984420,+3.40, +4.072, +0.335,+0.959
1605984480,+3.40, +4.052, +0.334,+0.958
1605984540,+3.39, +4.052, +0.335,+0.958
1605984600,+3.40, +4.093, +0.335,+0.959
1605984660,+3.40, +4.062, +0.334,+0.958
1605984720,+3.40, +4.041, +0.334,+0.958
1605984780,+3.40, +4.062, +0.335,+0.958
1605984840,+3.40, +4.062, +0.334,+0.958
1605984900,+3.40, +4.062, +0.335,+0.958
1605984960,+3.39, +4.052, +0.337,+0.958
1605985020,+3.39, +4.062, +0.336,+0.958
1605985080,+3.40, +4.052, +0.334,+0.958
1605985140,+3.39, +4.072, +0.334,+0.958
1605985200,+3.40, +4.062, +0.336,+0.958
1605985260,+3.39, +4.072, +0.336,+0.959
1605985320,+3.40, +4.072, +0.335,+0.958
1605985380,+3.40, +4.072, +0.333,+0.958
1605985440,+3.40, +4.062, +0.334,+0.958
1605985500,+3.40, +4.072, +0.334,+0.959
1605985560,+3.40, +4.083, +0.335,+0.959
1605985620,+3.40, +4.072, +0.334,+0.958
1605985680,+3.39, +4.062, +0.335,+0.959
1605985740,+3.40, +4.052, +0.336,+0.958
1605985800,+3.40, +4.083, +0.334,+0.958
1605985860,+3.39, +4.083, +0.333,+0.958
1605985920,+3.40, +4.052, +0.335,+0.958
1605985980,+3.40, +4.052, +0.334,+0.958
1605986040,+3.40, +4.072, +0.333,+0.958
1605986100,+3.40, +4.083, +0.335,+0.959
1605986160,+3.40, +4.062, +0.334,+0.958
1605986220,+3.40, +4.052, +0.332,+0.958
1605986280,+3.40, +4.062, +0.335,+0.958
1605986340,+3.40, +4.062, +0.333,+0.958
1605986400,+3.40, +4.072, +0.333,+0.958
1605986460,+3.40, +4.052, +0.334,+0.958
1605986520,+3.40, +4.062, +0.335,+0.958
1605986580,+3.40, +4.093, +0.332,+0.958
1605986640,+3.40, +4.052, +0.334,+0.958
1605986700,+3.40, +4.062, +0.335,+0.959
1605986760,+3.40, +4.072, +0.332,+0.958
1605986820,+3.40, +4.072, +0.333,+0.958
1605986880,+3.40, +4.062, +0.332,+0.958
1605986940,+3.40, +4.072, +0.331,+0.958
1605987000,+3.40, +4.072, +0.330,+0.958
1605987060,+3.40, +4.072, +0.329,+0.958
1605987120,+3.40, +4.072, +0.329,+0.958
1605987180,+3.40, +4.072, +0.328,+0.958
1605987240,+3.40, +4.041, +0.328,+0.958
1605987300,+3.40, +4.072, +0.326,+0.958
1605987360,+3.40, +4.020, +0.327,+0.958
1605987420,+3.40, +4.083, +0.324,+0.958
1605987480,+3.40, +4.072, +0.326,+0.958
1605987540,+3.40, +4.062, +0.323,+0.958
1605987600,+3.40, +4.062, +0.325,+0.958
1605987660,+3.40, +4.062, +0.323,+0.958
1605987720,+3.40, +4.083, +0.322,+0.958
1605987780,+3.40, +4.083, +0.321,+0.958
1605987840,+3.40, +4.052, +0.320,+0.958
1605987900,+3.40, +4.072, +0.320,+0.958
1605987960,+3.40, +4.103, +0.318,+0.958
1605988020,+3.40, +4.052, +0.319,+0.958
1605988080,+3.40, +4.062, +0.318,+0.958
1605988140,+3.40, +4.062, +0.318,+0.958
1605988200,+3.39, +4.052, +0.315,+0.958
1605988260,+3.40, +4.072, +0.316,+0.958
1605988320,+3.40, +4.062, +0.315,+0.958
1605988380,+3.40, +4.072, +0.315,+0.958
1605988440,+3.40, +4.093, +0.315,+0.958
1605988500,+3.39, +4.093, +0.314,+0.958
1605988560,+3.40, +4.052, +0.313,+0.958
1605988620,+3.40, +4.072, +0.313,+0.958
1605988680,+3.39, +4.072, +0.311,+0.958
1605988740,+3.40, +4.083, +0.310,+0.958
1605988800,+3.40, +4.093, +0.309,+0.958
1605988860,+3.40, +4.072, +0.309,+0.958
1605988920,+3.40, +4.083, +0.307,+0.958
1605988980,+3.39, +4.062, +0.307,+0.958
1605989040,+3.39, +4.103, +0.304,+0.958
1605989100,+3.40, +4.093, +0.302,+0.958
1605989160,+3.40, +4.083, +0.302,+0.958
1605989220,+3.40, +4.052, +0.301,+0.958
1605989280,+3.40, +4.093, +0.296,+0.958
1605989340,+3.40, +4.083, +0.297,+0.958
1605989400,+3.40, +4.083, +0.291,+0.958
1605989460,+3.40, +4.103, +0.289,+0.958
1605989520,+3.40, +4.093, +0.285,+0.958
1605989580,+3.40, +4.103, +0.283,+0.958
1605989640,+3.40, +4.093, +0.283,+0.958
1605989700,+3.40, +4.103, +0.283,+0.958
1605989760,+3.40, +4.093, +0.279,+0.958
1605989820,+3.40, +4.114, +0.278,+0.957
1605989880,+3.40, +4.114, +0.278,+0.958
1605989940,+3.40, +4.103, +0.278,+0.958
1605990000,+3.40, +4.145, +0.276,+0.958
1605990060,+3.40, +4.093, +0.277,+0.958
1605990120,+3.40, +4.114, +0.276,+0.957
1605990180,+3.40, +4.103, +0.277,+0.958
1605990240,+3.40, +4.114, +0.274,+0.958
1605990300,+3.40, +4.124, +0.276,+0.957
1605990360,+3.40, +4.114, +0.278,+0.957
1605990420,+3.40, +4.124, +0.277,+0.958
1605990480,+3.40, +4.124, +0.276,+0.958
1605990540,+3.40, +4.062, +0.277,+0.957
1605990600,+3.40, +4.093, +0.275,+0.957
1605990660,+3.40, +4.103, +0.275,+0.958
1605990720,+3.40, +4.103, +0.278,+0.958
1605990780,+3.40, +4.093, +0.279,+0.957
1605990840,+3.40, +4.114, +0.280,+0.958
1605990900,+3.39, +4.093, +0.279,+0.958
1605990960,+3.40, +4.103, +0.281,+0.958
1605991020,+3.40, +4.114, +0.281,+0.958
1605991080,+3.40, +4.093, +0.281,+0.957
1605991140,+3.40, +4.124, +0.282,+0.958
1605991200,+3.40, +4.093, +0.282,+0.958
1605991260,+3.40, +4.093, +0.283,+0.958
1605991320,+3.40, +4.093, +0.283,+0.958
1605991380,+3.40, +4.093, +0.281,+0.958
1605991440,+3.40, +4.103, +0.280,+0.958
1605991500,+3.40, +4.103, +0.280,+0.958
1605991560,+3.40, +4.124, +0.280,+0.958
1605991620,+3.40, +4.103, +0.277,+0.958
1605991680,+3.40, +4.093, +0.278,+0.958
1605991740,+3.40, +4.093, +0.278,+0.957
1605991800,+3.40, +4.134, +0.276,+0.958
1605991860,+3.40, +4.062, +0.273,+0.957
1605991920,+3.40, +4.083, +0.274,+0.957
1605991980,+3.40, +4.083, +0.271,+0.957
1605992040,+3.40, +4.072, +0.275,+0.958
1605992100,+3.40, +4.103, +0.274,+0.957
1605992160,+3.40, +4.083, +0.272,+0.957
1605992220,+3.40, +4.093, +0.273,+0.958
1605992280,+3.40, +4.083, +0.273,+0.958
1605992340,+3.40, +4.010, +0.272,+0.957
1605992400,+3.40, +4.083, +0.271,+0.958
1605992460,+3.40, +4.083, +0.271,+0.957
1605992520,+3.40, +4.083, +0.269,+0.957
1605992580,+3.40, +4.072, +0.270,+0.958
1605992640,+3.40, +4.072, +0.267,+0.957
1605992700,+3.40, +4.083, +0.268,+0.958
1605992760,+3.40, +4.072, +0.268,+0.957
1605992820,+3.40, +4.083, +0.267,+0.957
1605992880,+3.40, +4.072, +0.268,+0.957
1605992940,+3.40, +4.093, +0.267,+0.957
1605993000,+3.40, +4.072, +0.267,+0.957
1605993060,+3.40, +4.093, +0.268,+0.957
1605993120,+3.40, +4.083, +0.267,+0.957
1605993180,+3.40, +4.093, +0.267,+0.958
1605993240,+3.40, +4.072, +0.269,+0.957
1605993300,+3.40, +4.083, +0.269,+0.958
1605993360,+3.40, +4.093, +0.267,+0.957
1605993420,+3.40, +4.083, +0.268,+0.957
1605993480,+3.39, +4.083, +0.267,+0.957
1605993540,+3.40, +4.083, +0.267,+0.957
1605993600,+3.40, +4.083, +0.267,+0.957
1605993660,+3.40, +4.083, +0.267,+0.957
1605993720,+3.40, +4.083, +0.266,+0.958
1605993780,+3.39, +4.072, +0.265,+0.957
1605993840,+3.40, +4.083, +0.264,+0.957
1605993900,+3.40, +4.062, +0.262,+0.957
1605993960,+3.40, +4.083, +0.260,+0.957
1605994020,+3.40, +4.083, +0.261,+0.957
1605994080,+3.40, +4.072, +0.260,+0.957
1605994140,+3.40, +4.062, +0.261,+0.957
1605994200,+3.40, +4.072, +0.260,+0.957
1605994260,+3.40, +4.072, +0.259,+0.957
1605994320,+3.40, +4.062, +0.258,+0.957
1605994380,+3.39, +4.083, +0.259,+0.957
1605994440,+3.40, +4.072, +0.258,+0.957
1605994500,+3.40, +4.083, +0.258,+0.957
1605994560,+3.40, +4.093, +0.260,+0.957
1605994620,+3.40, +4.072, +0.259,+0.957
1605994680,+3.40, +4.052, +0.260,+0.957
1605994740,+3.40, +4.114, +0.257,+0.957
1605994800,+3.40, +4.072, +0.259,+0.957
1605994860,+3.40, +4.072, +0.259,+0.957
1605994920,+3.40, +4.083, +0.258,+0.957
1605994980,+3.40, +4.103, +0.258,+0.957
1605995040,+3.40, +4.093, +0.259,+0.957
1605995100,+3.40, +4.114, +0.259,+0.957
1605995160,+3.40, +4.072, +0.259,+0.957
1605995220,+3.40, +4.083, +0.259,+0.957
1605995280,+3.40, +4.103, +0.259,+0.957
1605995340,+3.40, +4.072, +0.258,+0.957
1605995400,+3.40, +4.052, +0.261,+0.957
1605995460,+3.40, +4.072, +0.261,+0.957
1605995520,+3.40, +4.103, +0.263,+0.957
1605995580,+3.40, +4.062, +0.262,+0.957
1605995640,+3.40, +4.093, +0.262,+0.957
1605995700,+3.40, +4.103, +0.261,+0.957
1605995760,+3.40, +4.072, +0.264,+0.957
1605995820,+3.40, +4.072, +0.262,+0.957
1605995880,+3.40, +4.062, +0.265,+0.957
1605995940,+3.40, +4.083, +0.263,+0.957
1605996000,+3.40, +4.072, +0.265,+0.957
1605996060,+3.40, +4.062, +0.263,+0.957
1605996120,+3.40, +4.083, +0.263,+0.957
1605996180,+3.40, +4.083, +0.264,+0.958
1605996240,+3.40, +4.083, +0.263,+0.957
1605996300,+3.40, +4.093, +0.263,+0.957
1605996360,+3.40, +4.083, +0.265,+0.957
1605996420,+3.40, +4.103, +0.263,+0.957
1605996480,+3.39, +4.072, +0.266,+0.957
1605996540,+3.40, +4.083, +0.265,+0.957
1605996600,+3.40, +4.083, +0.265,+0.957
1605996660,+3.40, +4.093, +0.269,+0.958
1605996720,+3.40, +4.072, +0.267,+0.957
1605996780,+3.40, +4.083, +0.268,+0.957
1605996840,+3.40, +4.052, +0.268,+0.957
1605996900,+3.40, +4.093, +0.270,+0.958
1605996960,+3.40, +4.072, +0.270,+0.957
1605997020,+3.40, +4.072, +0.271,+0.957
1605997080,+3.40, +4.072, +0.271,+0.957
1605997140,+3.40, +4.062, +0.273,+0.958
1605997200,+3.40, +4.062, +0.276,+0.957
1605997260,+3.40, +4.093, +0.273,+0.957
1605997320,+3.40, +4.093, +0.276,+0.958
1605997380,+3.40, +4.083, +0.274,+0.957
1605997440,+3.40, +4.062, +0.277,+0.957
1605997500,+3.40, +4.083, +0.278,+0.958
1605997560,+3.40, +4.052, +0.278,+0.957
1605997620,+3.40, +4.072, +0.279,+0.958
1605997680,+3.40, +4.083, +0.279,+0.957
1605997740,+3.40, +4.083, +0.278,+0.957
1605997800,+3.40, +4.072, +0.277,+0.957
1605997860,+3.40, +4.083, +0.277,+0.958
1605997920,+3.40, +4.052, +0.277,+0.957
1605997980,+3.40, +4.072, +0.275,+0.958
1605998040,+3.40, +4.083, +0.276,+0.957
1605998100,+3.40, +4.083, +0.275,+0.957
1605998160,+3.40, +4.062, +0.275,+0.957
1605998220,+3.40, +4.093, +0.276,+0.957
1605998280,+3.40, +4.062, +0.276,+0.958
1605998340,+3.40, +4.083, +0.276,+0.958
1605998400,+3.40, +4.052, +0.277,+0.957
1605998460,+3.40, +4.062, +0.279,+0.958
1605998520,+3.39, +4.062, +0.280,+0.958
1605998580,+3.39, +4.072, +0.279,+0.957
1605998640,+3.40, +4.062, +0.280,+0.958
1605998700,+3.40, +4.093, +0.282,+0.958
1605998760,+3.40, +4.093, +0.281,+0.958
1605998820,+3.40, +4.083, +0.280,+0.958
1605998880,+3.40, +4.072, +0.281,+0.957
1605998940,+3.40, +4.072, +0.280,+0.957
1605999000,+3.40, +4.062, +0.279,+0.957
1605999060,+3.40, +4.052, +0.281,+0.958
1605999120,+3.40, +4.083, +0.280,+0.958
1605999180,+3.40, +4.093, +0.281,+0.958
1605999240,+3.40, +4.072, +0.280,+0.957
1605999300,+3.40, +4.083, +0.280,+0.958
1605999360,+3.40, +4.072, +0.280,+0.957
1605999420,+3.40, +4.083, +0.279,+0.957
1605999480,+3.40, +4.083, +0.279,+0.958
1605999540,+3.40, +4.103, +0.279,+0.958
1605999600,+3.40, +4.062, +0.280,+0.957
1605999660,+3.40, +4.124, +0.285,+0.958
1605999720,+3.40, +4.103, +0.282,+0.958
1605999780,+3.40, +4.083, +0.285,+0.958
1605999840,+3.40, +4.072, +0.283,+0.958
1605999900,+3.40, +4.103, +0.283,+0.958
1605999960,+3.40, +4.093, +0.285,+0.958
1606000020,+3.40, +4.052, +0.285,+0.957
1606000080,+3.40, +4.093, +0.284,+0.958
1606000140,+3.40, +4.103, +0.283,+0.958
1606000200,+3.39, +4.052, +0.286,+0.958
1606000260,+3.40, +4.083, +0.285,+0.957
1606000320,+3.40, +4.103, +0.283,+0.958
1606000380,+3.40, +4.072, +0.284,+0.958
1606000440,+3.40, +4.072, +0.283,+0.958
1606000500,+3.40, +4.114, +0.283,+0.958
1606000560,+3.40, +4.083, +0.284,+0.958
1606000620,+3.40, +4.114, +0.282,+0.958
1606000680,+3.40, +4.062, +0.283,+0.958
1606000740,+3.40, +4.083, +0.283,+0.958
1606000800,+3.40, +4.093, +0.280,+0.958
1606000860,+3.40, +4.083, +0.280,+0.957
1606000920,+3.40, +4.124, +0.280,+0.958
1606000980,+3.40, +4.072, +0.281,+0.958
1606001040,+3.40, +4.093, +0.281,+0.957
1606001100,+3.40, +4.083, +0.282,+0.958
1606001160,+3.40, +4.072, +0.282,+0.958
1606001220,+3.40, +4.072, +0.281,+0.958
1606001280,+3.40, +4.010, +0.284,+0.957
1606001340,+3.40, +4.072, +0.283,+0.958
1606001400,+3.40, +4.083, +0.282,+0.958
1606001460,+3.40, +4.083, +0.284,+0.958
1606001520,+3.40, +4.072, +0.283,+0.957
1606001580,+3.40, +4.020, +0.284,+0.957
1606001640,+3.40, +4.083, +0.284,+0.958
1606001700,+3.40, +4.083, +0.284,+0.958
1606001760,+3.39, +4.062, +0.284,+0.958
1606001820,+3.40, +4.062, +0.284,+0.957
1606001880,+3.39, +4.041, +0.286,+0.957
1606001940,+3.39, +4.083, +0.285,+0.958
1606002000,+3.40, +4.083, +0.285,+0.958
1606002060,+3.40, +4.072, +0.286,+0.958
1606002120,+3.40, +4.083, +0.286,+0.958
1606002180,+3.40, +4.114, +0.286,+0.958
1606002240,+3.40, +4.083, +0.288,+0.958
1606002300,+3.40, +4.093, +0.287,+0.958
1606002360,+3.39, +4.072, +0.288,+0.958
1606002420,+3.40, +4.093, +0.288,+0.958
1606002480,+3.40, +4.083, +0.290,+0.958
1606002540,+3.39, +4.072, +0.291,+0.958
1606002600,+3.40, +4.062, +0.291,+0.958
1606002660,+3.40, +4.093, +0.292,+0.958
1606002720,+3.40, +4.072, +0.293,+0.958
1606002780,+3.40, +4.093, +0.294,+0.958
1606002840,+3.40, +4.083, +0.294,+0.958
1606002900,+3.40, +4.093, +0.292,+0.958
1606002960,+3.40, +4.083, +0.295,+0.958
1606003020,+3.40, +4.093, +0.296,+0.958
1606003080,+3.40, +4.093, +0.295,+0.958
1606003140,+3.40, +4.083, +0.297,+0.958
1606003200,+3.40, +4.062, +0.298,+0.958
1606003260,+3.40, +4.093, +0.298,+0.958
1606003320,+3.40, +4.093, +0.299,+0.958
1606003380,+3.40, +4.062, +0.302,+0.958
1606003440,+3.40, +4.072, +0.302,+0.958
1606003500,+3.40, +4.083, +0.300,+0.958
1606003560,+3.40, +4.103, +0.301,+0.958
1606003620,+3.40, +4.062, +0.303,+0.958
1606003680,+3.40, +4.093, +0.304,+0.958
1606003740,+3.40, +4.093, +0.301,+0.958
1606003800,+3.40, +4.041, +0.304,+0.958
1606003860,+3.40, +4.103, +0.305,+0.958
1606003920,+3.40, +4.072, +0.305,+0.958
1606003980,+3.40, +4.072, +0.305,+0.958
1606004040,+3.40, +4.072, +0.306,+0.958
1606004100,+3.40, +4.052, +0.306,+0.958
1606004160,+3.40, +4.041, +0.306,+0.958
1606004220,+3.40, +4.083, +0.305,+0.958
1606004280,+3.40, +4.083, +0.304,+0.958
1606004340,+3.40, +4.093, +0.303,+0.958
1606004400,+3.40, +4.103, +0.304,+0.958
1606004460,+3.40, +4.083, +0.300,+0.958
1606004520,+3.40, +4.072, +0.299,+0.958
1606004580,+3.40, +4.083, +0.298,+0.958
1606004640,+3.40, +4.083, +0.297,+0.958
1606004700,+3.40, +4.083, +0.295,+0.958
1606004760,+3.40, +4.072, +0.293,+0.958
1606004820,+3.40, +4.083, +0.291,+0.958
1606004880,+3.40, +4.072, +0.290,+0.958
1606004940,+3.40, +4.072, +0.290,+0.958
1606005000,+3.40, +4.093, +0.289,+0.958
1606005060,+3.40, +4.072, +0.288,+0.958
1606005120,+3.40, +4.093, +0.286,+0.957
1606005180,+3.40, +4.093, +0.287,+0.958
1606005240,+3.40, +4.083, +0.290,+0.958
1606005300,+3.40, +4.083, +0.291,+0.958
1606005360,+3.40, +4.072, +0.292,+0.958
1606005420,+3.40, +4.083, +0.293,+0.958
1606005480,+3.40, +4.072, +0.294,+0.958
1606005540,+3.40, +4.072, +0.295,+0.958
1606005600,+3.40, +4.062, +0.296,+0.958
1606005660,+3.40, +4.093, +0.294,+0.958
1606005720,+3.40, +4.093, +0.293,+0.958
1606005780,+3.40, +4.093, +0.294,+0.958
1606005840,+3.40, +4.093, +0.295,+0.958
1606005900,+3.40, +4.093, +0.294,+0.958
1606005960,+3.40, +4.114, +0.297,+0.958
1606006020,+3.40, +4.093, +0.298,+0.958
1606006080,+3.40, +4.083, +0.298,+0.958
1606006140,+3.40, +4.093, +0.302,+0.958
1606006200,+3.40, +4.093, +0.302,+0.958
1606006260,+3.40, +4.103, +0.303,+0.958
1606006320,+3.40, +4.093, +0.304,+0.958
1606006380,+3.40, +4.083, +0.304,+0.958
1606006440,+3.40, +4.072, +0.306,+0.958
1606006500,+3.40, +4.093, +0.308,+0.958
1606006560,+3.40, +4.083, +0.308,+0.958
1606006620,+3.40, +4.093, +0.307,+0.958
1606006680,+3.40, +4.083, +0.310,+0.958
1606006740,+3.40, +4.103, +0.310,+0.958
1606006800,+3.40, +4.072, +0.309,+0.958
1606006860,+3.40, +4.083, +0.312,+0.958
1606006920,+3.40, +4.083, +0.312,+0.958
1606006980,+3.40, +4.083, +0.312,+0.958
1606007040,+3.40, +4.072, +0.313,+0.958
1606007100,+3.40, +4.072, +0.314,+0.958
1606007160,+3.40, +4.083, +0.315,+0.958
1606007220,+3.40, +4.072, +0.316,+0.958
1606007280,+3.40, +4.052, +0.316,+0.958
1606007340,+3.39, +4.062, +0.315,+0.958
1606007400,+3.39, +4.072, +0.315,+0.958
1606007460,+3.40, +4.093, +0.314,+0.958
1606007520,+3.40, +4.093, +0.314,+0.958
1606007580,+3.40, +4.062, +0.314,+0.958
1606007640,+3.40, +4.072, +0.313,+0.958
1606007700,+3.40, +4.052, +0.312,+0.958
1606007760,+3.40, +4.083, +0.310,+0.958
1606007820,+3.40, +4.083, +0.309,+0.958
1606007880,+3.40, +4.062, +0.310,+0.958
1606007940,+3.40, +4.072, +0.308,+0.958
1606008000,+3.40, +4.062, +0.308,+0.958
1606008060,+3.40, +4.114, +0.304,+0.958
1606008120,+3.40, +4.093, +0.306,+0.958
1606008180,+3.40, +4.083, +0.304,+0.958
1606008240,+3.39, +4.083, +0.303,+0.958
1606008300,+3.40, +4.083, +0.305,+0.958
1606008360,+3.40, +4.072, +0.303,+0.958
1606008420,+3.40, +4.083, +0.303,+0.958
1606008480,+3.40, +4.062, +0.304,+0.958
1606008540,+3.40, +4.052, +0.305,+0.958
1606008600,+3.40, +4.052, +0.305,+0.958
1606008660,+3.40, +4.072, +0.306,+0.958
1606008720,+3.40, +4.072, +0.306,+0.958
1606008780,+3.40, +4.083, +0.306,+0.958
1606008840,+3.40, +4.052, +0.308,+0.958
1606008900,+3.40, +4.093, +0.305,+0.958
1606008960,+3.40, +4.072, +0.309,+0.958
1606009020,+3.40, +4.072, +0.308,+0.958
1606009080,+3.40, +4.083, +0.310,+0.958
1606009140,+3.40, +4.083, +0.311,+0.958
1606009200,+3.40, +4.083, +0.310,+0.958
1606009260,+3.40, +4.093, +0.312,+0.958
1606009320,+3.40, +4.062, +0.312,+0.958
1606009380,+3.40, +4.093, +0.311,+0.958
1606009440,+3.40, +4.093, +0.310,+0.958
1606009500,+3.40, +4.083, +0.311,+0.958
1606009560,+3.40, +4.093, +0.309,+0.958
1606009620,+3.40, +4.083, +0.308,+0.958
1606009680,+3.40, +4.072, +0.308,+0.958
1606009740,+3.40, +4.062, +0.307,+0.958
1606009800,+3.40, +4.093, +0.306,+0.958
1606009860,+3.40, +4.062, +0.304,+0.958
1606009920,+3.40, +4.062, +0.306,+0.958
1606009980,+3.40, +4.072, +0.305,+0.958
1606010040,+3.40, +4.072, +0.304,+0.958
1606010100,+3.40, +4.072, +0.305,+0.958
1606010160,+3.40, +4.062, +0.304,+0.958
1606010220,+3.40, +4.072, +0.304,+0.958
1606010280,+3.40, +4.072, +0.303,+0.958
1606010340,+3.40, +4.062, +0.304,+0.958
1606010400,+3.40, +4.072, +0.304,+0.958
1606010460,+3.40, +4.020, +0.305,+0.958
1606010520,+3.40, +4.093, +0.301,+0.958
1606010580,+3.40, +4.072, +0.302,+0.958
1606010640,+3.40, +4.072, +0.303,+0.958
1606010700,+3.40, +4.083, +0.303,+0.958
1606010760,+3.39, +4.083, +0.301,+0.958
1606010820,+3.40, +4.062, +0.302,+0.958
1606010880,+3.40, +4.072, +0.300,+0.958
1606010940,+3.40, +4.083, +0.302,+0.958
1606011000,+3.40, +4.062, +0.302,+0.958
1606011060,+3.40, +4.072, +0.301,+0.958
1606011120,+3.40, +4.062, +0.301,+0.958
1606011180,+3.40, +4.072, +0.301,+0.958
1606011240,+3.40, +4.103, +0.302,+0.958
1606011300,+3.40, +4.072, +0.301,+0.958
1606011360,+3.40, +4.083, +0.299,+0.958
1606011420,+3.40, +4.062, +0.300,+0.958
1606011480,+3.40, +4.072, +0.299,+0.958
1606011540,+3.40, +4.072, +0.300,+0.958
1606011600,+3.40, +4.083, +0.299,+0.958
1606011660,+3.40, +4.072, +0.300,+0.958
1606011720,+3.40, +4.072, +0.298,+0.958
1606011780,+3.40, +4.083, +0.300,+0.958
1606011840,+3.40, +4.062, +0.298,+0.958
1606011900,+3.40, +4.010, +0.302,+0.958
1606011960,+3.40, +4.083, +0.302,+0.958
1606012020,+3.40, +4.093, +0.300,+0.958
1606012080,+3.40, +4.103, +0.301,+0.958
1606012140,+3.40, +4.072, +0.301,+0.958
1606012200,+3.40, +4.103, +0.302,+0.958
1606012260,+3.40, +4.072, +0.304,+0.958
1606012320,+3.40, +4.083, +0.302,+0.958
1606012380,+3.40, +4.062, +0.302,+0.958
1606012440,+3.40, +4.083, +0.303,+0.958
1606012500,+3.40, +4.083, +0.304,+0.958
1606012560,+3.39, +4.083, +0.304,+0.958
1606012620,+3.40, +4.083, +0.305,+0.958
1606012680,+3.40, +4.083, +0.303,+0.958
1606012740,+3.40, +4.083, +0.303,+0.958
1606012800,+3.40, +4.083, +0.300,+0.958
1606012860,+3.40, +4.072, +0.300,+0.958
1606012920,+3.40, +4.052, +0.299,+0.958
1606012980,+3.40, +4.093, +0.299,+0.958
1606013040,+3.39, +4.062, +0.298,+0.958
1606013100,+3.40, +4.083, +0.297,+0.958
1606013160,+3.40, +4.083, +0.297,+0.958
1606013220,+3.40, +4.072, +0.298,+0.958
1606013280,+3.40, +4.093, +0.297,+0.958
1606013340,+3.40, +4.083, +0.300,+0.958
1606013400,+3.40, +4.093, +0.298,+0.958
1606013460,+3.40, +4.083, +0.298,+0.958
1606013520,+3.40, +4.062, +0.299,+0.958
1606013580,+3.40, +4.083, +0.300,+0.958
1606013640,+3.40, +4.052, +0.299,+0.958
1606013700,+3.40, +4.072, +0.300,+0.958
1606013760,+3.40, +4.083, +0.301,+0.958
1606013820,+3.40, +4.093, +0.302,+0.958
1606013880,+3.40, +4.124, +0.302,+0.958
1606013940,+3.40, +4.062, +0.301,+0.958
1606014000,+3.39, +4.083, +0.302,+0.958
1606014060,+3.40, +4.083, +0.303,+0.958
1606014120,+3.40, +4.072, +0.301,+0.958
1606014180,+3.40, +4.083, +0.301,+0.958
1606014240,+3.40, +4.072, +0.301,+0.958
1606014300,+3.40, +4.083, +0.301,+0.958
1606014360,+3.40, +4.041, +0.299,+0.958
1606014420,+3.40, +4.062, +0.297,+0.958
1606014480,+3.40, +4.083, +0.297,+0.958
1606014540,+3.39, +4.052, +0.293,+0.958
1606014600,+3.40, +4.093, +0.293,+0.958
1606014660,+3.40, +4.062, +0.294,+0.958
1606014720,+3.40, +4.052, +0.293,+0.958
1606014780,+3.40, +4.083, +0.290,+0.958
1606014840,+3.40, +4.083, +0.292,+0.958
1606014900,+3.40, +4.083, +0.288,+0.958
1606014960,+3.40, +4.093, +0.291,+0.958
1606015020,+3.40, +4.083, +0.290,+0.958
1606015080,+3.40, +4.103, +0.290,+0.958
1606015140,+3.40, +4.072, +0.291,+0.958
1606015200,+3.40, +4.103, +0.291,+0.958
1606015260,+3.40, +4.072, +0.291,+0.958
1606015320,+3.40, +4.062, +0.292,+0.958
1606015380,+3.40, +4.062, +0.293,+0.958
1606015440,+3.40, +4.062, +0.292,+0.958
1606015500,+3.40, +4.072, +0.293,+0.958
1606015560,+3.40, +4.072, +0.293,+0.958
1606015620,+3.40, +4.072, +0.294,+0.958
1606015680,+3.40, +4.052, +0.294,+0.958
1606015740,+3.40, +4.083, +0.291,+0.957
1606015800,+3.40, +4.083, +0.294,+0.958
1606015860,+3.40, +4.062, +0.294,+0.958
1606015920,+3.40, +4.103, +0.293,+0.958
1606015980,+3.40, +4.093, +0.294,+0.958
1606016040,+3.40, +4.072, +0.295,+0.958
1606016100,+3.40, +4.083, +0.294,+0.958
1606016160,+3.40, +4.083, +0.295,+0.958
1606016220,+3.40, +4.052, +0.294,+0.958
1606016280,+3.40, +4.093, +0.293,+0.958
1606016340,+3.40, +4.093, +0.294,+0.958
1606016400,+3.40, +4.072, +0.296,+0.958
1606016460,+3.40, +4.083, +0.292,+0.958
1606016520,+3.40, +4.072, +0.294,+0.958
1606016580,+3.40, +4.072, +0.294,+0.958
1606016640,+3.40, +4.093, +0.293,+0.958
1606016700,+3.40, +4.052, +0.294,+0.958
1606016760,+3.40, +4.083, +0.293,+0.958
1606016820,+3.40, +4.083, +0.292,+0.958
1606016880,+3.40, +4.072, +0.290,+0.958
1606016940,+3.40, +4.072, +0.291,+0.958
1606017000,+3.40, +4.052, +0.291,+0.958
1606017060,+3.40, +4.010, +0.291,+0.958
1606017120,+3.40, +4.062, +0.290,+0.958
1606017180,+3.40, +4.083, +0.290,+0.958
1606017240,+3.40, +4.083, +0.288,+0.958
1606017300,+3.40, +4.093, +0.291,+0.958
1606017360,+3.40, +4.062, +0.290,+0.958
1606017420,+3.40, +4.072, +0.289,+0.958
1606017480,+3.40, +4.062, +0.288,+0.958
1606017540,+3.40, +4.072, +0.289,+0.958
1606017600,+3.40, +4.052, +0.289,+0.957
1606017660,+3.40, +4.093, +0.289,+0.958
1606017720,+3.40, +4.083, +0.288,+0.958
1606017780,+3.40, +4.062, +0.287,+0.958
1606017840,+3.40, +4.072, +0.287,+0.958
1606017900,+3.40, +4.083, +0.286,+0.958
1606017960,+3.40, +4.093, +0.286,+0.958
1606018020,+3.40, +4.083, +0.286,+0.957
1606018080,+3.40, +4.052, +0.284,+0.957
1606018140,+3.40, +4.072, +0.284,+0.958
1606018200,+3.40, +4.062, +0.285,+0.958
1606018260,+3.40, +4.072, +0.283,+0.958
1606018320,+3.40, +4.083, +0.283,+0.958
1606018380,+3.40, +4.062, +0.284,+0.958
1606018440,+3.40, +4.072, +0.282,+0.957
1606018500,+3.40, +4.062, +0.282,+0.958
1606018560,+3.40, +4.083, +0.281,+0.958
1606018620,+3.40, +4.103, +0.281,+0.958
1606018680,+3.40, +4.062, +0.282,+0.957
1606018740,+3.40, +4.083, +0.282,+0.958
1606018800,+3.40, +4.083, +0.281,+0.958
1606018860,+3.40, +4.083, +0.281,+0.957
1606018920,+3.40, +4.072, +0.281,+0.958
1606018980,+3.39, +4.083, +0.281,+0.958
1606019040,+3.40, +4.093, +0.280,+0.957
1606019100,+3.40, +4.083, +0.280,+0.957
1606019160,+3.40, +4.093, +0.279,+0.957
1606019220,+3.40, +4.062, +0.280,+0.957
1606019280,+3.39, +4.083, +0.279,+0.957
1606019340,+3.40, +4.072, +0.279,+0.958
1606019400,+3.40, +4.062, +0.281,+0.958
1606019460,+3.40, +4.083, +0.278,+0.958
1606019520,+3.40, +4.093, +0.279,+0.958
1606019580,+3.40, +4.072, +0.278,+0.958
1606019640,+3.40, +4.093, +0.279,+0.958
1606019700,+3.40, +4.103, +0.276,+0.958
1606019760,+3.40, +4.083, +0.277,+0.957
1606019820,+3.40, +4.114, +0.275,+0.958
1606019880,+3.40, +4.020, +0.277,+0.957
1606019940,+3.40, +4.083, +0.275,+0.958
1606020000,+3.40, +4.072, +0.275,+0.957
1606020060,+3.40, +4.072, +0.276,+0.958
1606020120,+3.40, +4.072, +0.275,+0.957
1606020180,+3.40, +4.052, +0.274,+0.957
1606020240,+3.40, +4.093, +0.273,+0.958
1606020300,+3.40, +4.083, +0.273,+0.957
1606020360,+3.40, +4.062, +0.273,+0.957
1606020420,+3.40, +4.083, +0.273,+0.957
1606020480,+3.39, +4.052, +0.273,+0.957
1606020540,+3.40, +4.072, +0.271,+0.957
1606020600,+3.39, +4.072, +0.272,+0.958
1606020660,+3.40, +4.072, +0.272,+0.957
1606020720,+3.40, +4.083, +0.271,+0.957
1606020780,+3.40, +4.062, +0.272,+0.957
1606020840,+3.40, +4.083, +0.272,+0.958
1606020900,+3.40, +4.062, +0.271,+0.957
1606020960,+3.40, +4.072, +0.272,+0.957
1606021020,+3.40, +4.062, +0.270,+0.957
1606021080,+3.40, +4.072, +0.271,+0.957
1606021140,+3.40, +4.083, +0.271,+0.957
1606021200,+3.40, +4.083, +0.269,+0.957
1606021260,+3.40, +4.072, +0.286,+0.958
1606021320,+3.39, +4.114, +0.290,+0.958
1606021380,+3.40, +4.083, +0.298,+0.958
1606021440,+3.40, +4.062, +0.303,+0.958
1606021500,+3.40, +4.041, +0.306,+0.958
1606021560,+3.40, +4.072, +0.308,+0.958
1606021620,+3.40, +4.093, +0.311,+0.958
1606021680,+3.40, +4.072, +0.313,+0.958
1606021740,+3.40, +4.072, +0.315,+0.958
1606021800,+3.40, +4.062, +0.317,+0.959
1606021860,+3.40, +4.072, +0.317,+0.958
1606021920,+3.40, +4.052, +0.320,+0.958
1606021980,+3.40, +4.072, +0.319,+0.958
1606022040,+3.40, +4.041, +0.320,+0.958
1606022100,+3.40, +4.062, +0.323,+0.958
1606022160,+3.40, +4.072, +0.323,+0.958
1606022220,+3.40, +4.072, +0.324,+0.958
1606022280,+3.40, +4.052, +0.326,+0.958
1606022340,+3.40, +4.072, +0.323,+0.958
1606022400,+3.40, +4.072, +0.324,+0.958
1606022460,+3.40, +4.083, +0.324,+0.958
1606022520,+3.40, +4.052, +0.325,+0.958
1606022580,+3.40, +4.083, +0.324,+0.958
1606022640,+3.40, +4.072, +0.325,+0.958
1606022700,+3.40, +4.062, +0.324,+0.958
1606022760,+3.40, +4.052, +0.324,+0.958
1606022820,+3.40, +4.072, +0.324,+0.958
1606022880,+3.40, +4.062, +0.324,+0.958
1606022940,+3.40, +4.072, +0.324,+0.958
1606023000,+3.40, +4.072, +0.323,+0.958
1606023060,+3.40, +4.041, +0.322,+0.958
1606023120,+3.40, +4.041, +0.323,+0.958
1606023180,+3.40, +4.083, +0.322,+0.958
1606023240,+3.40, +4.072, +0.322,+0.958
1606023300,+3.40, +4.093, +0.321,+0.958
1606023360,+3.40, +4.062, +0.324,+0.958
1606023420,+3.40, +4.072, +0.321,+0.958
1606023480,+3.40, +4.052, +0.322,+0.958
1606023540,+3.39, +4.072, +0.321,+0.958
1606023600,+3.40, +4.062, +0.319,+0.958
1606023660,+3.40, +4.072, +0.321,+0.958
1606023720,+3.40, +4.072, +0.320,+0.958
1606023780,+3.40, +4.052, +0.321,+0.958
1606023840,+3.40, +4.072, +0.320,+0.958
1606023900,+3.40, +4.072, +0.320,+0.958
1606023960,+3.40, +4.083, +0.323,+0.958
1606024020,+3.40, +4.083, +0.321,+0.958
1606024080,+3.40, +4.083, +0.321,+0.958
1606024140,+3.40, +4.062, +0.324,+0.958
1606024200,+3.40, +4.083, +0.322,+0.958
1606024260,+3.39, +4.072, +0.322,+0.958
1606024320,+3.40, +4.062, +0.323,+0.958
1606024380,+3.40, +4.072, +0.325,+0.958
1606024440,+3.40, +4.093, +0.323,+0.958
1606024500,+3.40, +4.072, +0.325,+0.958
1606024560,+3.40, +4.062, +0.325,+0.958
1606024620,+3.40, +4.083, +0.324,+0.958
1606024680,+3.40, +4.062, +0.324,+0.958
1606024740,+3.40, +4.083, +0.324,+0.958
1606024800,+3.40, +4.062, +0.324,+0.958
1606024860,+3.40, +4.062, +0.325,+0.958
1606024920,+3.40, +4.062, +0.321,+0.958
1606024980,+3.40, +4.052, +0.322,+0.958
1606025040,+3.39, +4.093, +0.321,+0.958
1606025100,+3.40, +4.083, +0.320,+0.958
1606025160,+3.39, +4.052, +0.322,+0.958
1606025220,+3.40, +4.062, +0.319,+0.958
1606025280,+3.40, +4.083, +0.318,+0.958
1606025340,+3.40, +4.072, +0.318,+0.958
1606025400,+3.40, +4.072, +0.316,+0.958
1606025460,+3.40, +4.083, +0.318,+0.959
1606025520,+3.40, +4.062, +0.317,+0.958
1606025580,+3.40, +4.072, +0.315,+0.958
1606025640,+3.40, +4.083, +0.315,+0.958
1606025700,+3.40, +4.052, +0.315,+0.958
1606025760,+3.40, +4.041, +0.316,+0.958
1606025820,+3.40, +4.072, +0.314,+0.958
1606025880,+3.40, +4.103, +0.314,+0.958
1606025940,+3.40, +4.103, +0.313,+0.958
1606026000,+3.40, +4.062, +0.314,+0.958
1606026060,+3.40, +4.052, +0.313,+0.958
1606026120,+3.40, +4.062, +0.313,+0.958
1606026180,+3.40, +4.052, +0.313,+0.958
1606026240,+3.40, +4.072, +0.311,+0.958
1606026300,+3.40, +4.062, +0.315,+0.958
1606026360,+3.40, +4.072, +0.311,+0.958
1606026420,+3.40, +4.083, +0.312,+0.958
1606026480,+3.40, +4.072, +0.313,+0.958
1606026540,+3.40, +4.083, +0.313,+0.958
1606026600,+3.40, +4.052, +0.313,+0.958
1606026660,+3.40, +4.072, +0.311,+0.958
1606026720,+3.40, +4.052, +0.313,+0.958
1606026780,+3.40, +4.041, +0.312,+0.958
1606026840,+3.40, +4.072, +0.314,+0.958
1606026900,+3.40, +4.041, +0.313,+0.958
1606026960,+3.40, +4.072, +0.313,+0.958
1606027020,+3.40, +4.062, +0.313,+0.958
1606027080,+3.40, +4.062, +0.311,+0.958
1606027140,+3.40, +4.062, +0.313,+0.958
1606027200,+3.40, +4.072, +0.312,+0.958
1606027260,+3.40, +4.062, +0.313,+0.958
1606027320,+3.40, +4.072, +0.315,+0.958
1606027380,+3.40, +4.072, +0.312,+0.958
1606027440,+3.40, +4.062, +0.313,+0.958
1606027500,+3.40, +4.052, +0.313,+0.958
1606027560,+3.40, +4.052, +0.313,+0.958
1606027620,+3.40, +4.062, +0.313,+0.958
1606027680,+3.40, +4.083, +0.310,+0.958
1606027740,+3.40, +4.072, +0.311,+0.958
1606027800,+3.40, +4.083, +0.311,+0.958
1606027860,+3.40, +4.062, +0.310,+0.958
1606027920,+3.40, +4.072, +0.310,+0.958
1606027980,+3.40, +4.083, +0.309,+0.958
1606028040,+3.40, +4.072, +0.308,+0.958
1606028100,+3.40, +4.062, +0.306,+0.958
1606028160,+3.40, +4.052, +0.304,+0.958
1606028220,+3.40, +4.072, +0.306,+0.958
1606028280,+3.40, +4.083, +0.305,+0.958
1606028340,+3.40, +4.052, +0.305,+0.958
1606028400,+3.40, +4.062, +0.303,+0.958
1606028460,+3.40, +4.052, +0.303,+0.958
1606028520,+3.40, +4.041, +0.301,+0.958
1606028580,+3.40, +4.052, +0.300,+0.958
1606028640,+3.40, +4.062, +0.300,+0.958
1606028700,+3.40, +4.062, +0.299,+0.958
1606028760,+3.40, +4.062, +0.298,+0.958
1606028820,+3.40, +4.083, +0.296,+0.958
1606028880,+3.39, +4.083, +0.297,+0.958
1606028940,+3.40, +4.062, +0.297,+0.958
1606029000,+3.40, +4.052, +0.295,+0.958
1606029060,+3.40, +4.052, +0.295,+0.958
1606029120,+3.40, +4.062, +0.294,+0.958
1606029180,+3.40, +4.052, +0.294,+0.958
1606029240,+3.39, +4.072, +0.294,+0.958
1606029300,+3.40, +4.072, +0.293,+0.958
1606029360,+3.40, +4.072, +0.293,+0.958
1606029420,+3.40, +4.062, +0.291,+0.958
1606029480,+3.40, +4.052, +0.291,+0.958
1606029540,+3.40, +4.103, +0.291,+0.958
1606029600,+3.40, +4.000, +0.294,+0.958
1606029660,+3.40, +4.052, +0.293,+0.958
1606029720,+3.40, +4.072, +0.291,+0.958
1606029780,+3.40, +4.052, +0.290,+0.958
1606029840,+3.40, +4.072, +0.288,+0.958
1606029900,+3.40, +4.062, +0.289,+0.958
1606029960,+3.40, +4.072, +0.289,+0.958
1606030020,+3.40, +4.062, +0.288,+0.958
1606030080,+3.40, +4.052, +0.287,+0.958
1606030140,+3.40, +4.072, +0.284,+0.958
1606030200,+3.40, +4.052, +0.285,+0.958
1606030260,+3.40, +4.083, +0.283,+0.958
1606030320,+3.40, +4.041, +0.282,+0.957
1606030380,+3.40, +4.041, +0.282,+0.958
1606030440,+3.40, +4.083, +0.279,+0.957
1606030500,+3.40, +4.062, +0.279,+0.957
1606030560,+3.40, +4.052, +0.278,+0.958
1606030620,+3.40, +4.052, +0.278,+0.957
1606030680,+3.40, +4.072, +0.276,+0.958
1606030740,+3.40, +4.072, +0.276,+0.958
1606030800,+3.39, +4.052, +0.275,+0.957
1606030860,+3.40, +4.072, +0.276,+0.958
1606030920,+3.40, +4.072, +0.275,+0.958
1606030980,+3.40, +4.072, +0.275,+0.958
1606031040,+3.40, +4.041, +0.273,+0.957
1606031100,+3.40, +4.052, +0.274,+0.957
1606031160,+3.40, +4.103, +0.273,+0.958
1606031220,+3.40, +4.052, +0.273,+0.958
1606031280,+3.40, +4.083, +0.273,+0.958
1606031340,+3.40, +4.062, +0.274,+0.957
1606031400,+3.40, +4.052, +0.276,+0.958
1606031460,+3.40, +4.062, +0.275,+0.958
1606031520,+3.40, +4.072, +0.276,+0.958
1606031580,+3.40, +4.052, +0.277,+0.958
1606031640,+3.40, +4.052, +0.278,+0.957
1606031700,+3.40, +4.041, +0.280,+0.957
1606031760,+3.40, +4.052, +0.281,+0.957
1606031820,+3.40, +4.083, +0.282,+0.958
1606031880,+3.40, +4.072, +0.282,+0.958
1606031940,+3.40, +4.093, +0.286,+0.958
1606032000,+3.39, +4.052, +0.288,+0.958
1606032060,+3.40, +4.072, +0.290,+0.958
1606032120,+3.40, +4.062, +0.292,+0.958
1606032180,+3.40, +4.072, +0.296,+0.958
1606032240,+3.40, +4.083, +0.297,+0.958
1606032300,+3.40, +4.062, +0.298,+0.958
1606032360,+3.39, +4.062, +0.301,+0.958
1606032420,+3.40, +4.062, +0.304,+0.958
1606032480,+3.40, +4.072, +0.306,+0.958
1606032540,+3.40, +4.072, +0.308,+0.958
1606032600,+3.40, +4.062, +0.308,+0.958
1606032660,+3.40, +4.062, +0.310,+0.958
1606032720,+3.40, +4.062, +0.312,+0.958
1606032780,+3.40, +4.052, +0.312,+0.958
1606032840,+3.40, +4.062, +0.311,+0.958
1606032900,+3.40, +4.062, +0.313,+0.958
1606032960,+3.40, +4.062, +0.311,+0.958
1606033020,+3.40, +4.052, +0.315,+0.958
1606033080,+3.40, +4.072, +0.312,+0.958
1606033140,+3.40, +4.093, +0.313,+0.958
1606033200,+3.40, +4.062, +0.312,+0.958
1606033260,+3.40, +4.072, +0.312,+0.958
1606033320,+3.40, +4.062, +0.310,+0.958
1606033380,+3.40, +4.031, +0.311,+0.958
1606033440,+3.40, +4.052, +0.311,+0.958
1606033500,+3.39, +4.062, +0.312,+0.958
1606033560,+3.40, +4.062, +0.311,+0.958
1606033620,+3.40, +4.062, +0.314,+0.958
1606033680,+3.40, +4.062, +0.312,+0.958
1606033740,+3.40, +4.083, +0.310,+0.958
1606033800,+3.40, +4.083, +0.313,+0.958
1606033860,+3.40, +4.072, +0.313,+0.958
1606033920,+3.40, +4.041, +0.314,+0.958
1606033980,+3.40, +4.052, +0.315,+0.958
1606034040,+3.40, +4.041, +0.316,+0.958
1606034100,+3.40, +4.072, +0.316,+0.958
1606034160,+3.40, +4.062, +0.317,+0.958
1606034220,+3.40, +4.020, +0.316,+0.958
1606034280,+3.40, +4.083, +0.318,+0.958
1606034340,+3.40, +4.072, +0.318,+0.958
1606034400,+3.40, +4.072, +0.318,+0.958
1606034460,+3.40, +4.072, +0.317,+0.958
1606034520,+3.40, +4.062, +0.318,+0.958
1606034580,+3.40, +4.083, +0.318,+0.958
1606034640,+3.40, +4.052, +0.320,+0.958
1606034700,+3.40, +4.072, +0.318,+0.958
1606034760,+3.40, +4.072, +0.317,+0.958
1606034820,+3.40, +4.052, +0.319,+0.958
1606034880,+3.40, +4.062, +0.318,+0.958
1606034940,+3.40, +4.062, +0.319,+0.958
1606035000,+3.40, +4.072, +0.319,+0.958
1606035060,+3.40, +4.093, +0.318,+0.958
1606035120,+3.40, +4.031, +0.320,+0.958
1606035180,+3.40, +4.062, +0.319,+0.958
1606035240,+3.40, +4.083, +0.319,+0.958
1606035300,+3.40, +4.062, +0.319,+0.958
1606035360,+3.40, +4.062, +0.318,+0.958
1606035420,+3.40, +4.052, +0.320,+0.958
1606035480,+3.40, +4.062, +0.321,+0.959
1606035540,+3.40, +4.072, +0.321,+0.958
1606035600,+3.40, +4.072, +0.320,+0.958
1606035660,+3.40, +4.072, +0.317,+0.958
1606035720,+3.40, +4.062, +0.320,+0.958
1606035780,+3.39, +4.052, +0.320,+0.958
1606035840,+3.40, +4.052, +0.319,+0.958
1606035900,+3.40, +4.093, +0.318,+0.958
1606035960,+3.40, +4.072, +0.320,+0.958
1606036020,+3.40, +4.062, +0.316,+0.958
1606036080,+3.39, +4.072, +0.319,+0.958
1606036140,+3.40, +4.072, +0.317,+0.958
1606036200,+3.40, +4.072, +0.316,+0.958
1606036260,+3.40, +4.103, +0.312,+0.958
1606036320,+3.40, +4.083, +0.314,+0.958
1606036380,+3.40, +4.072, +0.312,+0.958
1606036440,+3.40, +4.083, +0.311,+0.958
1606036500,+3.40, +4.062, +0.309,+0.958
1606036560,+3.40, +4.052, +0.305,+0.958
1606036620,+3.40, +4.072, +0.304,+0.958
1606036680,+3.40, +4.031, +0.304,+0.958
1606036740,+3.40, +4.062, +0.301,+0.958
1606036800,+3.40, +4.072, +0.298,+0.958
1606036860,+3.40, +4.072, +0.298,+0.958
1606036920,+3.40, +4.062, +0.298,+0.958
1606036980,+3.40, +4.093, +0.297,+0.958
1606037040,+3.40, +4.093, +0.292,+0.958
1606037100,+3.40, +4.072, +0.292,+0.958
1606037160,+3.40, +4.103, +0.289,+0.958
1606037220,+3.40, +4.062, +0.289,+0.958
1606037280,+3.40, +4.072, +0.287,+0.958
1606037340,+3.40, +4.103, +0.283,+0.957
1606037400,+3.40, +4.052, +0.285,+0.958
1606037460,+3.40, +4.052, +0.284,+0.958
1606037520,+3.40, +4.072, +0.281,+0.958
1606037580,+3.40, +4.052, +0.279,+0.958
1606037640,+3.40, +4.062, +0.277,+0.958
1606037700,+3.40, +4.072, +0.274,+0.957
1606037760,+3.40, +4.052, +0.275,+0.958
1606037820,+3.40, +4.062, +0.273,+0.957
1606037880,+3.40, +4.072, +0.271,+0.957
1606037940,+3.40, +4.093, +0.269,+0.957
1606038000,+3.40, +4.062, +0.269,+0.957
1606038060,+3.40, +4.062, +0.269,+0.957
1606038120,+3.40, +4.093, +0.266,+0.957
1606038180,+3.40, +4.052, +0.267,+0.957
1606038240,+3.40, +4.093, +0.265,+0.957
1606038300,+3.40, +4.072, +0.265,+0.957
1606038360,+3.40, +4.062, +0.264,+0.957
1606038420,+3.40, +4.093, +0.264,+0.958
1606038480,+3.40, +4.072, +0.261,+0.957
1606038540,+3.40, +4.052, +0.262,+0.957
1606038600,+3.40, +4.062, +0.260,+0.957
1606038660,+3.39, +4.062, +0.259,+0.957
1606038720,+3.40, +4.062, +0.259,+0.957
1606038780,+3.40, +4.072, +0.259,+0.957
1606038840,+3.40, +4.052, +0.257,+0.957
1606038900,+3.40, +4.062, +0.258,+0.957
1606038960,+3.40, +4.093, +0.259,+0.957
1606039020,+3.40, +4.083, +0.258,+0.957
1606039080,+3.40, +4.072, +0.258,+0.957
1606039140,+3.40, +4.072, +0.260,+0.957
1606039200,+3.40, +4.083, +0.258,+0.957
1606039260,+3.40, +4.052, +0.259,+0.957
1606039320,+3.40, +4.072, +0.259,+0.957
1606039380,+3.40, +4.052, +0.258,+0.957
1606039440,+3.40, +4.062, +0.261,+0.957
1606039500,+3.40, +4.072, +0.262,+0.957
1606039560,+3.40, +4.062, +0.263,+0.957
1606039620,+3.40, +4.052, +0.264,+0.957
1606039680,+3.40, +4.062, +0.263,+0.957
1606039740,+3.40, +4.052, +0.263,+0.957
1606039800,+3.40, +4.052, +0.263,+0.957
1606039860,+3.40, +4.062, +0.264,+0.957
1606039920,+3.40, +4.072, +0.265,+0.957
1606039980,+3.40, +4.052, +0.266,+0.957
1606040040,+3.40, +4.072, +0.266,+0.957
1606040100,+3.40, +4.072, +0.267,+0.957
1606040160,+3.40, +4.041, +0.270,+0.957
1606040220,+3.40, +4.072, +0.270,+0.958
1606040280,+3.40, +4.072, +0.270,+0.957
1606040340,+3.40, +4.062, +0.269,+0.957
1606040400,+3.40, +4.052, +0.271,+0.957
1606040460,+3.40, +4.083, +0.270,+0.958
1606040520,+3.40, +4.093, +0.268,+0.958
1606040580,+3.40, +4.062, +0.270,+0.957
1606040640,+3.40, +4.062, +0.269,+0.957
1606040700,+3.40, +4.052, +0.271,+0.957
1606040760,+3.40, +4.062, +0.269,+0.957
1606040820,+3.40, +4.072, +0.268,+0.957
1606040880,+3.40, +4.072, +0.266,+0.957
1606040940,+3.40, +4.052, +0.265,+0.957
1606041000,+3.40, +4.072, +0.264,+0.957
1606041060,+3.40, +4.072, +0.265,+0.957
1606041120,+3.40, +4.072, +0.265,+0.957
1606041180,+3.40, +4.062, +0.264,+0.957
1606041240,+3.40, +4.083, +0.262,+0.957
1606041300,+3.39, +4.072, +0.261,+0.957
1606041360,+3.40, +4.052, +0.261,+0.957
1606041420,+3.40, +4.083, +0.260,+0.957
1606041480,+3.40, +4.083, +0.260,+0.957
1606041540,+3.40, +4.062, +0.258,+0.957
1606041600,+3.40, +4.072, +0.258,+0.957
1606041660,+3.40, +4.062, +0.256,+0.957
1606041720,+3.40, +4.052, +0.255,+0.957
1606041780,+3.40, +4.062, +0.255,+0.957
1606041840,+3.40, +4.072, +0.253,+0.957
1606041900,+3.40, +4.062, +0.254,+0.957
1606041960,+3.40, +4.072, +0.254,+0.957
1606042020,+3.40, +4.072, +0.252,+0.957
1606042080,+3.40, +4.062, +0.251,+0.957
1606042140,+3.40, +4.062, +0.251,+0.957
1606042200,+3.40, +4.072, +0.249,+0.957
1606042260,+3.40, +4.072, +0.249,+0.957
1606042320,+3.40, +4.072, +0.249,+0.957
1606042380,+3.40, +4.041, +0.248,+0.957
1606042440,+3.40, +4.072, +0.248,+0.957
1606042500,+3.39, +4.052, +0.247,+0.957
1606042560,+3.40, +4.083, +0.246,+0.957
1606042620,+3.40, +4.072, +0.245,+0.957
1606042680,+3.40, +4.072, +0.245,+0.957
1606042740,+3.40, +4.041, +0.246,+0.957
1606042800,+3.40, +4.083, +0.244,+0.957
1606042860,+3.40, +4.052, +0.248,+0.957
1606042920,+3.40, +4.062, +0.250,+0.957
1606042980,+3.40, +4.083, +0.250,+0.957
1606043040,+3.40, +4.083, +0.251,+0.957
1606043100,+3.40, +4.062, +0.250,+0.957
1606043160,+3.40, +4.041, +0.251,+0.957
1606043220,+3.40, +4.062, +0.251,+0.957
1606043280,+3.40, +4.062, +0.253,+0.957
1606043340,+3.40, +4.072, +0.252,+0.957
1606043400,+3.40, +4.062, +0.253,+0.957
1606043460,+3.40, +4.083, +0.252,+0.957
1606043520,+3.40, +4.062, +0.252,+0.957
1606043580,+3.40, +4.083, +0.252,+0.957
1606043640,+3.40, +4.083, +0.249,+0.957
1606043700,+3.40, +4.072, +0.251,+0.957
1606043760,+3.40, +4.093, +0.250,+0.957
1606043820,+3.40, +4.062, +0.251,+0.957
1606043880,+3.40, +4.083, +0.250,+0.957
1606043940,+3.40, +4.083, +0.247,+0.957
1606044000,+3.40, +4.093, +0.247,+0.957
1606044060,+3.40, +4.072, +0.248,+0.957
1606044120,+3.40, +4.072, +0.247,+0.957
1606044180,+3.40, +4.093, +0.244,+0.957
1606044240,+3.40, +4.062, +0.245,+0.957
1606044300,+3.40, +4.083, +0.244,+0.957
1606044360,+3.40, +4.083, +0.243,+0.957
1606044420,+3.40, +4.093, +0.243,+0.957
1606044480,+3.40, +4.072, +0.241,+0.957
1606044540,+3.40, +4.072, +0.240,+0.957
1606044600,+3.40, +4.083, +0.239,+0.957
1606044660,+3.40, +4.093, +0.239,+0.957
1606044720,+3.40, +4.072, +0.239,+0.957
1606044780,+3.40, +4.083, +0.237,+0.957
1606044840,+3.40, +4.114, +0.237,+0.957
1606044900,+3.40, +4.052, +0.238,+0.957
1606044960,+3.40, +4.072, +0.239,+0.957
1606045020,+3.40, +4.093, +0.237,+0.957
1606045080,+3.40, +4.062, +0.235,+0.957
1606045140,+3.40, +4.083, +0.235,+0.957
1606045200,+3.40, +4.083, +0.233,+0.957
1606045260,+3.40, +4.062, +0.234,+0.957
1606045320,+3.40, +4.083, +0.235,+0.957
1606045380,+3.40, +4.062, +0.234,+0.957
1606045440,+3.40, +4.072, +0.235,+0.957
1606045500,+3.40, +4.052, +0.232,+0.956
1606045560,+3.40, +4.072, +0.234,+0.957
1606045620,+3.40, +4.093, +0.234,+0.957
1606045680,+3.40, +4.072, +0.235,+0.957
1606045740,+3.40, +4.083, +0.236,+0.957
1606045800,+3.40, +4.052, +0.236,+0.957
1606045860,+3.40, +4.114, +0.234,+0.957
1606045920,+3.40, +4.072, +0.236,+0.957
1606045980,+3.40, +4.062, +0.237,+0.957
1606046040,+3.40, +4.093, +0.237,+0.957
1606046100,+3.40, +4.103, +0.233,+0.957
1606046160,+3.40, +4.062, +0.237,+0.957
1606046220,+3.40, +4.072, +0.236,+0.957
1606046280,+3.40, +4.062, +0.238,+0.957
1606046340,+3.40, +4.062, +0.237,+0.957
1606046400,+3.40, +4.103, +0.235,+0.957
1606046460,+3.39, +4.052, +0.236,+0.957
1606046520,+3.40, +4.083, +0.235,+0.957
1606046580,+3.40, +4.083, +0.235,+0.957
1606046640,+3.40, +4.072, +0.233,+0.957
1606046700,+3.40, +4.062, +0.234,+0.957
1606046760,+3.40, +4.083, +0.233,+0.957
1606046820,+3.40, +4.083, +0.233,+0.957
1606046880,+3.40, +4.083, +0.234,+0.957
1606046940,+3.40, +4.083, +0.233,+0.957
1606047000,+3.40, +4.103, +0.235,+0.957
1606047060,+3.40, +4.062, +0.236,+0.957
1606047120,+3.40, +4.072, +0.237,+0.957
1606047180,+3.40, +4.072, +0.238,+0.957
1606047240,+3.40, +4.062, +0.240,+0.957
1606047300,+3.40, +4.093, +0.239,+0.957
1606047360,+3.40, +4.072, +0.242,+0.957
1606047420,+3.40, +4.041, +0.242,+0.957
1606047480,+3.40, +4.062, +0.243,+0.957
1606047540,+3.40, +4.062, +0.243,+0.957
1606047600,+3.40, +4.052, +0.244,+0.957
1606047660,+3.40, +4.052, +0.243,+0.957
1606047720,+3.40, +4.072, +0.243,+0.957
1606047780,+3.40, +4.072, +0.243,+0.957
1606047840,+3.40, +4.093, +0.243,+0.957
1606047900,+3.40, +4.072, +0.243,+0.957
1606047960,+3.40, +4.083, +0.243,+0.957
1606048020,+3.40, +4.062, +0.243,+0.957
1606048080,+3.40, +4.062, +0.245,+0.957
1606048140,+3.40, +4.062, +0.243,+0.957
1606048200,+3.40, +4.041, +0.247,+0.957
1606048260,+3.40, +4.103, +0.245,+0.957
1606048320,+3.40, +4.052, +0.245,+0.957
1606048380,+3.40, +4.052, +0.245,+0.957
1606048440,+3.40, +4.052, +0.248,+0.957
1606048500,+3.40, +4.052, +0.247,+0.957
1606048560,+3.39, +4.052, +0.247,+0.957
1606048620,+3.39, +4.072, +0.249,+0.957
1606048680,+3.40, +4.062, +0.248,+0.957
1606048740,+3.40, +4.083, +0.248,+0.957
1606048800,+3.39, +4.072, +0.250,+0.957
1606048860,+3.39, +4.052, +0.250,+0.957
1606048920,+3.39, +4.052, +0.250,+0.957
1606048980,+3.39, +4.072, +0.250,+0.957
1606049040,+3.40, +4.062, +0.251,+0.957
1606049100,+3.39, +4.062, +0.250,+0.957
1606049160,+3.39, +4.072, +0.251,+0.957
1606049220,+3.39, +4.072, +0.250,+0.957
1606049280,+3.39, +4.072, +0.250,+0.957
1606049340,+3.40, +4.083, +0.251,+0.957
1606049400,+3.39, +4.062, +0.252,+0.957
1606049460,+3.40, +4.083, +0.250,+0.957
1606049520,+3.40, +4.083, +0.250,+0.957
1606049580,+3.39, +4.062, +0.250,+0.957
1606049640,+3.39, +4.083, +0.251,+0.957
1606049700,+3.39, +4.062, +0.251,+0.957
1606049760,+3.39, +4.062, +0.252,+0.957
1606049820,+3.39, +4.103, +0.250,+0.957
1606049880,+3.40, +4.083, +0.253,+0.957
1606049940,+3.39, +4.083, +0.253,+0.957
1606050000,+3.39, +4.062, +0.252,+0.957
1606050060,+3.40, +4.072, +0.254,+0.957
1606050120,+3.39, +4.072, +0.253,+0.957
1606050180,+3.40, +4.072, +0.255,+0.957
1606050240,+3.39, +4.072, +0.256,+0.957
1606050300,+3.39, +4.062, +0.256,+0.957
1606050360,+3.39, +4.072, +0.256,+0.957
1606050420,+3.40, +4.052, +0.257,+0.957
1606050480,+3.39, +4.062, +0.257,+0.957
1606050540,+3.39, +4.083, +0.259,+0.957
1606050600,+3.40, +4.062, +0.256,+0.957
1606050660,+3.40, +4.072, +0.258,+0.957
1606050720,+3.40, +4.083, +0.259,+0.957
1606050780,+3.40, +4.072, +0.259,+0.957
1606050840,+3.39, +4.062, +0.260,+0.957
1606050900,+3.40, +4.072, +0.261,+0.957
1606050960,+3.40, +4.062, +0.261,+0.957
1606051020,+3.40, +4.062, +0.263,+0.957
1606051080,+3.40, +4.072, +0.262,+0.957
1606051140,+3.40, +4.072, +0.261,+0.957
1606051200,+3.39, +4.062, +0.264,+0.957
1606051260,+3.40, +4.031, +0.266,+0.957
1606051320,+3.39, +4.062, +0.265,+0.957
1606051380,+3.39, +4.062, +0.265,+0.957
1606051440,+3.39, +4.083, +0.267,+0.958
1606051500,+3.40, +4.072, +0.267,+0.957
1606051560,+3.40, +4.093, +0.266,+0.957
1606051620,+3.40, +4.062, +0.268,+0.957
1606051680,+3.39, +4.072, +0.268,+0.957
1606051740,+3.39, +4.041, +0.270,+0.957
1606051800,+3.39, +4.072, +0.269,+0.957
1606051860,+3.40, +4.093, +0.270,+0.958
1606051920,+3.40, +4.062, +0.269,+0.958
1606051980,+3.39, +4.072, +0.269,+0.958
1606052040,+3.40, +4.093, +0.269,+0.957
1606052100,+3.39, +4.031, +0.270,+0.957
1606052160,+3.40, +4.072, +0.270,+0.957
1606052220,+3.39, +4.062, +0.268,+0.957
1606052280,+3.40, +4.052, +0.270,+0.957
1606052340,+3.40, +4.062, +0.272,+0.958
1606052400,+3.40, +4.052, +0.270,+0.957
1606052460,+3.39, +4.083, +0.269,+0.958
1606052520,+3.40, +4.062, +0.269,+0.957
1606052580,+3.40, +4.052, +0.270,+0.957
1606052640,+3.39, +4.083, +0.270,+0.957
1606052700,+3.40, +4.062, +0.271,+0.957
1606052760,+3.40, +4.041, +0.273,+0.958
1606052820,+3.40, +4.114, +0.270,+0.957
1606052880,+3.40, +4.041, +0.272,+0.957
1606052940,+3.39, +4.052, +0.272,+0.957
1606053000,+3.40, +4.052, +0.271,+0.957
1606053060,+3.40, +4.072, +0.270,+0.958
1606053120,+3.40, +4.083, +0.270,+0.957
1606053180,+3.40, +4.093, +0.270,+0.957
1606053240,+3.40, +4.062, +0.270,+0.958
1606053300,+3.40, +4.072, +0.271,+0.958
1606053360,+3.40, +4.062, +0.270,+0.957
1606053420,+3.39, +4.031, +0.271,+0.957
1606053480,+3.39, +4.052, +0.270,+0.957
1606053540,+3.40, +4.072, +0.269,+0.957
1606053600,+3.40, +4.072, +0.269,+0.957
1606053660,+3.40, +4.062, +0.270,+0.958
1606053720,+3.40, +4.072, +0.267,+0.957
1606053780,+3.40, +4.083, +0.266,+0.957
1606053840,+3.39, +4.052, +0.264,+0.957
1606053900,+3.40, +4.083, +0.264,+0.957
1606053960,+3.39, +4.062, +0.263,+0.957
1606054020,+3.39, +4.052, +0.263,+0.957
1606054080,+3.40, +4.052, +0.263,+0.957
1606054140,+3.40, +4.062, +0.260,+0.957
1606054200,+3.39, +4.062, +0.259,+0.957
1606054260,+3.40, +4.052, +0.259,+0.957
1606054320,+3.40, +4.041, +0.257,+0.957
1606054380,+3.40, +4.083, +0.254,+0.957
1606054440,+3.40, +4.093, +0.255,+0.957
1606054500,+3.39, +4.052, +0.256,+0.957
1606054560,+3.40, +4.072, +0.253,+0.957
1606054620,+3.39, +4.083, +0.252,+0.957
1606054680,+3.39, +4.062, +0.250,+0.957
1606054740,+3.40, +4.093, +0.252,+0.957
1606054800,+3.40, +4.072, +0.251,+0.957
1606054860,+3.40, +4.072, +0.250,+0.957
1606054920,+3.40, +4.062, +0.251,+0.957
1606054980,+3.40, +4.072, +0.250,+0.957
1606055040,+3.39, +4.052, +0.247,+0.957
1606055100,+3.40, +4.041, +0.249,+0.957
1606055160,+3.40, +4.093, +0.248,+0.957
1606055220,+3.40, +4.072, +0.247,+0.957
1606055280,+3.39, +4.062, +0.246,+0.957
1606055340,+3.40, +4.083, +0.246,+0.957
1606055400,+3.39, +4.083, +0.245,+0.957
1606055460,+3.40, +4.062, +0.244,+0.957
1606055520,+3.39, +4.083, +0.244,+0.957
1606055580,+3.40, +4.072, +0.244,+0.957
1606055640,+3.40, +4.093, +0.241,+0.957
1606055700,+3.40, +4.062, +0.243,+0.957
1606055760,+3.40, +4.041, +0.242,+0.957
1606055820,+3.40, +4.062, +0.241,+0.957
1606055880,+3.40, +4.093, +0.241,+0.957
1606055940,+3.40, +4.083, +0.239,+0.957
1606056000,+3.40, +4.052, +0.240,+0.957
1606056060,+3.40, +4.062, +0.237,+0.957
1606056120,+3.40, +4.083, +0.237,+0.957
1606056180,+3.40, +4.052, +0.237,+0.957
1606056240,+3.40, +4.072, +0.236,+0.957
1606056300,+3.40, +4.072, +0.238,+0.957
1606056360,+3.40, +4.083, +0.237,+0.957
1606056420,+3.40, +4.062, +0.239,+0.957
1606056480,+3.40, +4.072, +0.238,+0.957
1606056540,+3.39, +4.083, +0.239,+0.957
1606056600,+3.40, +4.083, +0.238,+0.957
1606056660,+3.39, +4.052, +0.238,+0.957
1606056720,+3.40, +4.062, +0.238,+0.957
1606056780,+3.40, +4.072, +0.237,+0.957
1606056840,+3.40, +4.062, +0.237,+0.957
1606056900,+3.40, +4.083, +0.237,+0.957
1606056960,+3.40, +4.072, +0.237,+0.957
1606057020,+3.39, +4.062, +0.237,+0.957
1606057080,+3.40, +4.072, +0.238,+0.957
1606057140,+3.40, +4.072, +0.237,+0.957
1606057200,+3.39, +4.041, +0.237,+0.957
1606057260,+3.40, +4.062, +0.238,+0.957
1606057320,+3.40, +4.052, +0.237,+0.957
1606057380,+3.40, +4.052, +0.238,+0.957
1606057440,+3.40, +4.062, +0.236,+0.957
1606057500,+3.40, +4.052, +0.236,+0.957
1606057560,+3.40, +4.041, +0.237,+0.957
1606057620,+3.40, +4.052, +0.235,+0.957
1606057680,+3.39, +4.062, +0.236,+0.957
1606057740,+3.40, +4.072, +0.236,+0.957
1606057800,+3.39, +4.062, +0.237,+0.957
1606057860,+3.40, +4.062, +0.239,+0.957
1606057920,+3.40, +4.062, +0.238,+0.957
1606057980,+3.40, +4.062, +0.237,+0.957
1606058040,+3.40, +4.093, +0.236,+0.957
1606058100,+3.40, +4.072, +0.237,+0.957
1606058160,+3.40, +4.062, +0.237,+0.957
1606058220,+3.40, +4.103, +0.237,+0.957
1606058280,+3.40, +4.072, +0.237,+0.957
1606058340,+3.40, +4.052, +0.238,+0.957
1606058400,+3.40, +4.052, +0.236,+0.957
1606058460,+3.40, +4.072, +0.237,+0.957
1606058520,+3.39, +4.062, +0.236,+0.957
1606058580,+3.40, +4.062, +0.234,+0.957
1606058640,+3.40, +4.062, +0.234,+0.957
1606058700,+3.40, +4.062, +0.235,+0.957
1606058760,+3.40, +4.103, +0.236,+0.957
1606058820,+3.39, +4.083, +0.233,+0.957
1606058880,+3.40, +4.083, +0.234,+0.957
1606058940,+3.40, +4.062, +0.234,+0.957
1606059000,+3.40, +4.072, +0.234,+0.957
1606059060,+3.40, +4.062, +0.233,+0.957
1606059120,+3.40, +4.062, +0.234,+0.957
1606059180,+3.40, +4.041, +0.232,+0.957
1606059240,+3.40, +4.062, +0.233,+0.956
1606059300,+3.40, +4.072, +0.232,+0.957
1606059360,+3.40, +4.072, +0.232,+0.957
1606059420,+3.40, +4.072, +0.233,+0.957
1606059480,+3.40, +4.083, +0.232,+0.957
1606059540,+3.40, +4.062, +0.234,+0.957
1606059600,+3.39, +4.052, +0.234,+0.957
1606059660,+3.40, +4.083, +0.233,+0.957
1606059720,+3.40, +4.062, +0.234,+0.957
1606059780,+3.40, +4.083, +0.234,+0.957
1606059840,+3.40, +4.072, +0.234,+0.957
1606059900,+3.40, +4.072, +0.235,+0.957
1606059960,+3.40, +4.083, +0.235,+0.957
1606060020,+3.40, +4.083, +0.233,+0.957
1606060080,+3.40, +4.062, +0.234,+0.957
1606060140,+3.40, +4.083, +0.234,+0.957
1606060200,+3.40, +4.072, +0.234,+0.957
1606060260,+3.40, +4.083, +0.233,+0.957
1606060320,+3.40, +4.072, +0.233,+0.957
1606060380,+3.40, +4.083, +0.232,+0.957
1606060440,+3.40, +4.062, +0.232,+0.957
1606060500,+3.40, +4.072, +0.233,+0.957
1606060560,+3.40, +4.072, +0.232,+0.957
1606060620,+3.39, +4.072, +0.232,+0.957
1606060680,+3.40, +4.072, +0.232,+0.957
1606060740,+3.40, +4.083, +0.231,+0.957
1606060800,+3.40, +4.093, +0.232,+0.957
1606060860,+3.40, +4.062, +0.234,+0.957
1606060920,+3.40, +4.083, +0.233,+0.957
1606060980,+3.40, +4.072, +0.233,+0.957
1606061040,+3.40, +4.083, +0.234,+0.957
1606061100,+3.40, +4.062, +0.235,+0.957
1606061160,+3.40, +4.072, +0.234,+0.957
1606061220,+3.39, +4.041, +0.235,+0.957
1606061280,+3.40, +4.062, +0.236,+0.957
1606061340,+3.39, +4.083, +0.237,+0.957
1606061400,+3.40, +4.020, +0.241,+0.957
1606061460,+3.40, +4.052, +0.240,+0.957
1606061520,+3.40, +4.041, +0.238,+0.957
1606061580,+3.40, +4.052, +0.240,+0.957
1606061640,+3.40, +4.031, +0.242,+0.957
1606061700,+3.40, +4.041, +0.239,+0.957
1606061760,+3.39, +4.010, +0.242,+0.957
1606061820,+3.40, +4.041, +0.240,+0.957
1606061880,+3.40, +4.052, +0.241,+0.957
1606061940,+3.40, +4.041, +0.241,+0.957
1606062000,+3.40, +4.041, +0.243,+0.957
1606062060,+3.40, +4.052, +0.245,+0.957
1606062120,+3.39, +4.062, +0.247,+0.957
1606062180,+3.40, +4.052, +0.249,+0.957
1606062240,+3.40, +4.041, +0.252,+0.957
1606062300,+3.39, +4.062, +0.254,+0.957
1606062360,+3.40, +4.052, +0.257,+0.957
1606062420,+3.40, +4.031, +0.258,+0.957
1606062480,+3.40, +4.052, +0.259,+0.957
1606062540,+3.40, +4.041, +0.258,+0.957
1606062600,+3.40, +4.052, +0.258,+0.957
1606062660,+3.40, +4.020, +0.260,+0.957
1606062720,+3.40, +4.041, +0.257,+0.957
1606062780,+3.40, +4.052, +0.254,+0.957
1606062840,+3.40, +4.041, +0.254,+0.957
1606062900,+3.40, +4.041, +0.254,+0.957
1606062960,+3.40, +4.072, +0.253,+0.957
1606063020,+3.40, +4.062, +0.252,+0.957
1606063080,+3.40, +4.041, +0.252,+0.957
1606063140,+3.39, +4.083, +0.250,+0.957
1606063200,+3.40, +4.072, +0.249,+0.957
