7392-570653
OS REV: 1.11 Sensor Cal: 1428445788
Time (sec),  BV (Volts),  T (deg C),  DO (mg/l),  Q ()
1605458460,+3.39, +4.134, +1.875,+0.975
1605458520,+3.39, +4.114, +1.865,+0.974
1605458580,+3.39, +4.155, +1.867,+0.975
1605458640,+3.39, +4.145, +1.879,+0.975
1605458700,+3.39, +4.114, +1.890,+0.975
1605458760,+3.39, +4.145, +1.880,+0.974
1605458820,+3.39, +4.134, +1.880,+0.975
1605458880,+3.40, +4.145, +1.879,+0.975
1605458940,+3.40, +4.134, +1.899,+0.975
1605459000,+3.39, +4.114, +1.902,+0.975
1605459060,+3.39, +4.124, +1.895,+0.975
1605459120,+3.39, +4.124, +1.902,+0.975
1605459180,+3.40, +4.103, +1.900,+0.975
1605459240,+3.39, +4.093, +1.904,+0.975
1605459300,+3.40, +4.134, +1.900,+0.975
1605459360,+3.40, +4.145, +1.895,+0.975
1605459420,+3.40, +4.145, +1.882,+0.975
1605459480,+3.39, +4.072, +1.885,+0.974
1605459540,+3.40, +4.093, +1.882,+0.975
1605459600,+3.40, +4.083, +1.873,+0.975
1605459660,+3.40, +4.103, +1.876,+0.974
1605459720,+3.39, +4.114, +1.896,+0.975
1605459780,+3.39, +4.114, +1.905,+0.975
1605459840,+3.40, +4.093, +1.915,+0.975
1605459900,+3.39, +4.114, +1.919,+0.975
1605459960,+3.40, +4.114, +1.944,+0.975
1605460020,+3.39, +4.103, +1.958,+0.975
1605460080,+3.39, +4.103, +1.961,+0.975
1605460140,+3.40, +4.103, +1.963,+0.975
1605460200,+3.40, +4.114, +1.957,+0.975
1605460260,+3.39, +4.103, +1.958,+0.975
1605460320,+3.39, +4.083, +1.956,+0.975
1605460380,+3.40, +4.124, +1.958,+0.975
1605460440,+3.39, +4.114, +1.959,+0.975
1605460500,+3.39, +4.093, +1.958,+0.975
1605460560,+3.39, +4.124, +1.965,+0.975
1605460620,+3.39, +4.072, +1.963,+0.975
1605460680,+3.40, +4.093, +1.960,+0.975
1605460740,+3.39, +4.093, +1.940,+0.975
1605460800,+3.40, +4.083, +1.940,+0.975
1605460860,+3.39, +4.103, +1.948,+0.975
1605460920,+3.40, +4.093, +1.944,+0.975
1605460980,+3.40, +4.114, +1.941,+0.975
1605461040,+3.40, +4.083, +1.937,+0.975
1605461100,+3.40, +4.103, +1.933,+0.975
1605461160,+3.39, +4.072, +1.928,+0.975
1605461220,+3.40, +4.114, +1.923,+0.975
1605461280,+3.40, +4.124, +1.921,+0.975
1605461340,+3.40, +4.093, +1.923,+0.975
1605461400,+3.40, +4.093, +1.926,+0.975
1605461460,+3.40, +4.103, +1.934,+0.975
1605461520,+3.40, +4.124, +1.938,+0.975
1605461580,+3.40, +4.124, +1.936,+0.975
1605461640,+3.40, +4.114, +1.942,+0.975
1605461700,+3.40, +4.114, +1.946,+0.975
1605461760,+3.40, +4.114, +1.946,+0.975
1605461820,+3.40, +4.114, +1.952,+0.975
1605461880,+3.39, +4.072, +1.956,+0.975
1605461940,+3.40, +4.114, +1.956,+0.975
1605462000,+3.39, +4.093, +1.952,+0.975
1605462060,+3.40, +4.103, +1.942,+0.975
1605462120,+3.40, +4.093, +1.942,+0.975
1605462180,+3.40, +4.114, +1.938,+0.975
1605462240,+3.40, +4.093, +1.934,+0.975
1605462300,+3.40, +4.114, +1.925,+0.975
1605462360,+3.40, +4.114, +1.916,+0.975
1605462420,+3.40, +4.103, +1.899,+0.975
1605462480,+3.39, +4.114, +1.880,+0.974
1605462540,+3.39, +4.134, +1.878,+0.975
1605462600,+3.40, +4.134, +1.890,+0.975
1605462660,+3.40, +4.062, +1.914,+0.975
1605462720,+3.40, +4.134, +1.916,+0.975
1605462780,+3.40, +4.124, +1.910,+0.975
1605462840,+3.40, +4.103, +1.914,+0.975
1605462900,+3.39, +4.124, +1.906,+0.975
1605462960,+3.40, +4.114, +1.904,+0.975
1605463020,+3.39, +4.114, +1.910,+0.975
1605463080,+3.40, +4.103, +1.902,+0.975
1605463140,+3.39, +4.114, +1.909,+0.975
1605463200,+3.40, +4.114, +1.897,+0.974
1605463260,+3.39, +4.103, +1.909,+0.975
1605463320,+3.40, +4.093, +1.915,+0.975
1605463380,+3.40, +4.114, +1.915,+0.975
1605463440,+3.39, +4.093, +1.917,+0.975
1605463500,+3.40, +4.134, +1.907,+0.975
1605463560,+3.39, +4.114, +1.908,+0.975
1605463620,+3.40, +4.114, +1.909,+0.975
1605463680,+3.40, +4.114, +1.911,+0.975
1605463740,+3.40, +4.145, +1.913,+0.975
1605463800,+3.40, +4.124, +1.922,+0.975
1605463860,+3.39, +4.124, +1.915,+0.975
1605463920,+3.39, +4.124, +1.922,+0.975
1605463980,+3.40, +4.114, +1.921,+0.975
1605464040,+3.40, +4.114, +1.911,+0.975
1605464100,+3.40, +4.145, +1.887,+0.975
1605464160,+3.40, +4.103, +1.880,+0.974
1605464220,+3.40, +4.114, +1.866,+0.975
1605464280,+3.39, +4.083, +1.878,+0.974
1605464340,+3.40, +4.093, +1.863,+0.974
1605464400,+3.39, +4.114, +1.882,+0.975
1605464460,+3.39, +4.103, +1.880,+0.974
1605464520,+3.40, +4.114, +1.851,+0.974
1605464580,+3.40, +4.093, +1.828,+0.974
1605464640,+3.40, +4.083, +1.823,+0.974
1605464700,+3.40, +4.124, +1.825,+0.974
1605464760,+3.40, +4.103, +1.832,+0.974
1605464820,+3.40, +4.052, +1.854,+0.974
1605464880,+3.40, +4.062, +1.874,+0.974
1605464940,+3.39, +4.083, +1.871,+0.975
1605465000,+3.39, +4.103, +1.884,+0.975
1605465060,+3.40, +4.093, +1.891,+0.974
1605465120,+3.40, +4.072, +1.915,+0.975
1605465180,+3.40, +4.072, +1.903,+0.975
1605465240,+3.39, +4.072, +1.884,+0.974
1605465300,+3.39, +4.083, +1.871,+0.975
1605465360,+3.39, +4.083, +1.859,+0.974
1605465420,+3.39, +4.083, +1.745,+0.974
1605465480,+3.39, +4.062, +1.736,+0.974
1605465540,+3.40, +4.124, +1.689,+0.974
1605465600,+3.40, +4.083, +1.718,+0.974
1605465660,+3.39, +4.052, +1.839,+0.974
1605465720,+3.39, +4.062, +1.889,+0.974
1605465780,+3.39, +4.020, +1.932,+0.975
1605465840,+3.39, +4.041, +1.936,+0.975
1605465900,+3.39, +4.010, +1.961,+0.975
1605465960,+3.39, +4.031, +1.983,+0.975
1605466020,+3.39, +3.979, +2.010,+0.975
1605466080,+3.39, +4.000, +2.046,+0.975
1605466140,+3.39, +4.020, +2.061,+0.975
1605466200,+3.39, +3.989, +2.083,+0.976
1605466260,+3.39, +4.000, +2.085,+0.976
1605466320,+3.39, +3.989, +2.097,+0.976
1605466380,+3.39, +3.989, +2.095,+0.975
1605466440,+3.39, +3.969, +2.097,+0.976
1605466500,+3.39, +4.010, +2.055,+0.975
1605466560,+3.39, +4.020, +2.039,+0.975
1605466620,+3.39, +4.020, +2.031,+0.975
1605466680,+3.39, +4.020, +2.015,+0.976
1605466740,+3.39, +4.020, +1.998,+0.975
1605466800,+3.40, +4.010, +1.987,+0.975
1605466860,+3.39, +4.072, +1.972,+0.975
1605466920,+3.39, +4.041, +1.972,+0.975
1605466980,+3.40, +4.072, +1.965,+0.975
1605467040,+3.40, +4.052, +1.963,+0.975
1605467100,+3.39, +4.031, +1.962,+0.975
1605467160,+3.40, +4.041, +1.980,+0.975
1605467220,+3.39, +4.020, +1.988,+0.975
1605467280,+3.40, +4.041, +1.996,+0.975
1605467340,+3.39, +4.062, +2.018,+0.975
1605467400,+3.40, +4.041, +2.028,+0.975
1605467460,+3.39, +4.020, +2.016,+0.975
1605467520,+3.40, +4.020, +2.032,+0.975
1605467580,+3.39, +4.041, +2.031,+0.976
1605467640,+3.40, +4.041, +2.027,+0.975
1605467700,+3.39, +4.010, +2.050,+0.975
1605467760,+3.40, +4.041, +2.042,+0.976
1605467820,+3.40, +4.041, +2.028,+0.975
1605467880,+3.39, +4.031, +2.034,+0.975
1605467940,+3.39, +4.072, +2.034,+0.976
1605468000,+3.39, +4.031, +2.031,+0.975
1605468060,+3.40, +4.072, +2.027,+0.975
1605468120,+3.39, +4.020, +2.009,+0.975
1605468180,+3.39, +4.031, +1.988,+0.975
1605468240,+3.40, +4.020, +1.981,+0.975
1605468300,+3.39, +4.031, +1.963,+0.975
1605468360,+3.39, +4.010, +1.964,+0.975
1605468420,+3.39, +4.020, +1.950,+0.975
1605468480,+3.39, +4.020, +1.951,+0.975
1605468540,+3.40, +4.052, +1.949,+0.975
1605468600,+3.39, +4.052, +1.953,+0.975
1605468660,+3.40, +4.052, +1.959,+0.975
1605468720,+3.40, +4.020, +1.957,+0.975
1605468780,+3.39, +4.041, +1.950,+0.975
1605468840,+3.40, +4.052, +1.962,+0.975
1605468900,+3.39, +4.072, +1.958,+0.975
1605468960,+3.39, +4.062, +1.951,+0.975
1605469020,+3.39, +4.031, +1.961,+0.975
1605469080,+3.40, +4.072, +1.960,+0.975
1605469140,+3.40, +4.052, +1.966,+0.975
1605469200,+3.39, +4.031, +2.013,+0.975
1605469260,+3.39, +4.010, +2.036,+0.975
1605469320,+3.39, +3.958, +2.028,+0.975
1605469380,+3.39, +3.989, +1.997,+0.975
1605469440,+3.39, +3.969, +1.980,+0.975
1605469500,+3.39, +4.000, +1.969,+0.975
1605469560,+3.39, +4.000, +1.955,+0.975
1605469620,+3.39, +3.969, +1.883,+0.974
1605469680,+3.39, +3.958, +1.853,+0.974
1605469740,+3.39, +3.969, +1.829,+0.974
1605469800,+3.39, +3.969, +1.816,+0.974
1605469860,+3.39, +3.979, +1.819,+0.974
1605469920,+3.39, +3.948, +1.829,+0.974
1605469980,+3.39, +4.010, +1.829,+0.974
1605470040,+3.39, +3.958, +1.817,+0.974
1605470100,+3.39, +3.979, +1.799,+0.974
1605470160,+3.39, +3.958, +1.772,+0.974
1605470220,+3.39, +3.948, +1.763,+0.974
1605470280,+3.39, +3.979, +1.776,+0.973
1605470340,+3.39, +3.969, +1.802,+0.974
1605470400,+3.39, +3.969, +1.805,+0.974
1605470460,+3.39, +3.979, +1.806,+0.974
1605470520,+3.39, +4.000, +1.820,+0.974
1605470580,+3.40, +4.000, +1.831,+0.974
1605470640,+3.39, +3.969, +1.833,+0.974
1605470700,+3.39, +3.979, +1.830,+0.974
1605470760,+3.39, +3.969, +1.829,+0.974
1605470820,+3.39, +3.979, +1.821,+0.974
1605470880,+3.39, +3.979, +1.827,+0.974
1605470940,+3.39, +4.000, +1.841,+0.974
1605471000,+3.40, +3.979, +1.832,+0.974
1605471060,+3.39, +3.958, +1.819,+0.974
1605471120,+3.39, +3.927, +1.815,+0.974
1605471180,+3.39, +3.969, +1.802,+0.974
1605471240,+3.39, +3.958, +1.824,+0.974
1605471300,+3.39, +3.969, +1.828,+0.974
1605471360,+3.39, +3.958, +1.826,+0.974
1605471420,+3.39, +3.979, +1.829,+0.974
1605471480,+3.39, +3.969, +1.833,+0.974
1605471540,+3.39, +3.969, +1.831,+0.974
1605471600,+3.39, +3.948, +1.813,+0.974
1605471660,+3.39, +3.937, +1.809,+0.974
1605471720,+3.39, +3.969, +1.790,+0.974
1605471780,+3.39, +3.958, +1.805,+0.974
1605471840,+3.39, +3.958, +1.817,+0.974
1605471900,+3.39, +3.969, +1.821,+0.974
1605471960,+3.39, +3.958, +1.833,+0.974
1605472020,+3.39, +3.969, +1.838,+0.974
1605472080,+3.39, +3.969, +1.841,+0.974
1605472140,+3.39, +3.979, +1.837,+0.974
1605472200,+3.39, +3.969, +1.828,+0.974
1605472260,+3.39, +3.948, +1.820,+0.974
1605472320,+3.39, +3.948, +1.812,+0.974
1605472380,+3.39, +3.958, +1.817,+0.974
1605472440,+3.39, +3.979, +1.825,+0.974
1605472500,+3.39, +3.979, +1.822,+0.974
1605472560,+3.39, +4.020, +1.814,+0.974
1605472620,+3.39, +3.969, +1.816,+0.974
1605472680,+3.39, +3.979, +1.810,+0.974
1605472740,+3.39, +3.979, +1.813,+0.974
1605472800,+3.39, +3.969, +1.819,+0.974
1605472860,+3.39, +3.969, +1.813,+0.974
1605472920,+3.39, +3.979, +1.823,+0.974
1605472980,+3.39, +3.969, +1.824,+0.974
1605473040,+3.39, +3.948, +1.824,+0.974
1605473100,+3.39, +3.979, +1.830,+0.974
1605473160,+3.39, +3.979, +1.833,+0.974
1605473220,+3.39, +3.958, +1.839,+0.974
1605473280,+3.39, +3.969, +1.844,+0.974
1605473340,+3.39, +3.979, +1.847,+0.974
1605473400,+3.39, +3.969, +1.837,+0.974
1605473460,+3.39, +3.948, +1.857,+0.974
1605473520,+3.39, +3.989, +1.877,+0.974
1605473580,+3.39, +3.958, +1.891,+0.974
1605473640,+3.39, +3.948, +1.890,+0.974
1605473700,+3.39, +3.969, +1.880,+0.974
1605473760,+3.39, +3.969, +1.872,+0.974
1605473820,+3.39, +3.958, +1.861,+0.974
1605473880,+3.39, +3.948, +1.846,+0.974
1605473940,+3.39, +3.989, +1.825,+0.974
1605474000,+3.39, +3.958, +1.825,+0.974
1605474060,+3.39, +3.948, +1.820,+0.974
1605474120,+3.39, +3.969, +1.804,+0.974
1605474180,+3.39, +3.969, +1.803,+0.974
1605474240,+3.39, +3.979, +1.797,+0.974
1605474300,+3.39, +3.958, +1.800,+0.974
1605474360,+3.39, +3.937, +1.800,+0.974
1605474420,+3.39, +3.989, +1.796,+0.974
1605474480,+3.39, +3.989, +1.788,+0.974
1605474540,+3.40, +3.989, +1.775,+0.974
1605474600,+3.39, +3.979, +1.769,+0.974
1605474660,+3.39, +3.937, +1.768,+0.974
1605474720,+3.39, +3.948, +1.764,+0.974
1605474780,+3.39, +3.989, +1.759,+0.974
1605474840,+3.40, +3.969, +1.754,+0.974
1605474900,+3.39, +3.979, +1.734,+0.974
1605474960,+3.39, +3.979, +1.705,+0.973
1605475020,+3.39, +3.948, +1.702,+0.973
1605475080,+3.39, +3.948, +1.695,+0.973
1605475140,+3.39, +3.989, +1.686,+0.973
1605475200,+3.39, +3.979, +1.690,+0.973
1605475260,+3.39, +3.979, +1.686,+0.973
1605475320,+3.39, +4.000, +1.688,+0.973
1605475380,+3.39, +4.000, +1.696,+0.973
1605475440,+3.39, +3.989, +1.685,+0.974
1605475500,+3.39, +3.989, +1.684,+0.973
1605475560,+3.39, +3.958, +1.682,+0.973
1605475620,+3.39, +3.958, +1.679,+0.973
1605475680,+3.39, +3.969, +1.664,+0.973
1605475740,+3.39, +4.000, +1.575,+0.973
1605475800,+3.39, +3.989, +1.533,+0.972
1605475860,+3.39, +4.031, +1.499,+0.972
1605475920,+3.39, +4.000, +1.488,+0.972
1605475980,+3.39, +4.010, +1.481,+0.972
1605476040,+3.39, +4.020, +1.469,+0.972
1605476100,+3.39, +3.989, +1.498,+0.972
1605476160,+3.39, +3.979, +1.518,+0.972
1605476220,+3.39, +3.989, +1.528,+0.972
1605476280,+3.39, +4.041, +1.531,+0.972
1605476340,+3.39, +4.000, +1.577,+0.972
1605476400,+3.39, +3.979, +1.598,+0.972
1605476460,+3.39, +4.010, +1.627,+0.973
1605476520,+3.39, +3.969, +1.638,+0.973
1605476580,+3.39, +3.917, +1.644,+0.973
1605476640,+3.39, +3.969, +1.641,+0.973
1605476700,+3.39, +3.989, +1.638,+0.973
1605476760,+3.40, +3.979, +1.631,+0.973
1605476820,+3.39, +3.979, +1.627,+0.973
1605476880,+3.39, +3.989, +1.620,+0.973
1605476940,+3.39, +3.989, +1.613,+0.973
1605477000,+3.39, +3.979, +1.613,+0.973
1605477060,+3.39, +4.000, +1.602,+0.973
1605477120,+3.39, +4.010, +1.602,+0.973
1605477180,+3.39, +3.979, +1.575,+0.972
1605477240,+3.39, +4.010, +1.560,+0.972
1605477300,+3.40, +4.010, +1.547,+0.972
1605477360,+3.39, +4.010, +1.527,+0.972
1605477420,+3.39, +3.989, +1.518,+0.972
1605477480,+3.39, +4.020, +1.495,+0.972
1605477540,+3.39, +4.010, +1.491,+0.972
1605477600,+3.39, +4.010, +1.472,+0.972
1605477660,+3.39, +4.000, +1.473,+0.972
1605477720,+3.39, +4.020, +1.466,+0.972
1605477780,+3.39, +4.000, +1.463,+0.972
1605477840,+3.39, +4.020, +1.466,+0.972
1605477900,+3.39, +4.020, +1.467,+0.972
1605477960,+3.39, +4.010, +1.481,+0.972
1605478020,+3.39, +3.969, +1.512,+0.972
1605478080,+3.39, +3.989, +1.506,+0.972
1605478140,+3.39, +4.010, +1.532,+0.972
1605478200,+3.39, +4.010, +1.557,+0.972
1605478260,+3.39, +3.958, +1.569,+0.972
1605478320,+3.39, +3.969, +1.572,+0.972
1605478380,+3.39, +3.937, +1.573,+0.973
1605478440,+3.39, +3.969, +1.568,+0.973
1605478500,+3.39, +3.989, +1.569,+0.972
1605478560,+3.39, +3.948, +1.585,+0.973
1605478620,+3.39, +3.969, +1.609,+0.973
1605478680,+3.39, +3.979, +1.613,+0.973
1605478740,+3.39, +3.979, +1.583,+0.973
1605478800,+3.39, +4.020, +1.561,+0.973
1605478860,+3.39, +4.020, +1.577,+0.973
1605478920,+3.39, +3.969, +1.578,+0.973
1605478980,+3.39, +3.989, +1.563,+0.972
1605479040,+3.39, +3.969, +1.558,+0.972
1605479100,+3.39, +4.000, +1.585,+0.973
1605479160,+3.39, +4.010, +1.596,+0.973
1605479220,+3.39, +3.969, +1.606,+0.973
1605479280,+3.39, +4.000, +1.602,+0.973
1605479340,+3.39, +3.989, +1.606,+0.973
1605479400,+3.39, +3.989, +1.633,+0.973
1605479460,+3.39, +3.979, +1.650,+0.973
1605479520,+3.39, +3.948, +1.665,+0.973
1605479580,+3.39, +3.969, +1.676,+0.973
1605479640,+3.39, +3.948, +1.658,+0.973
1605479700,+3.39, +3.979, +1.671,+0.973
1605479760,+3.39, +3.969, +1.672,+0.973
1605479820,+3.39, +3.969, +1.653,+0.973
1605479880,+3.39, +3.958, +1.626,+0.973
1605479940,+3.39, +3.969, +1.625,+0.973
1605480000,+3.39, +3.989, +1.601,+0.972
1605480060,+3.39, +4.000, +1.609,+0.973
1605480120,+3.39, +3.958, +1.601,+0.973
1605480180,+3.39, +3.989, +1.562,+0.972
1605480240,+3.40, +3.979, +1.559,+0.972
1605480300,+3.39, +3.979, +1.565,+0.973
1605480360,+3.39, +3.979, +1.544,+0.972
1605480420,+3.39, +3.979, +1.519,+0.972
1605480480,+3.39, +3.979, +1.498,+0.972
1605480540,+3.39, +3.989, +1.465,+0.972
1605480600,+3.39, +3.979, +1.423,+0.971
1605480660,+3.39, +3.979, +1.373,+0.971
1605480720,+3.39, +4.010, +1.272,+0.970
1605480780,+3.39, +4.000, +1.229,+0.969
1605480840,+3.39, +4.031, +1.197,+0.969
1605480900,+3.39, +3.989, +1.186,+0.969
1605480960,+3.39, +4.041, +1.180,+0.969
1605481020,+3.39, +4.010, +1.249,+0.970
1605481080,+3.39, +3.989, +1.290,+0.970
1605481140,+3.39, +4.010, +1.305,+0.970
1605481200,+3.39, +3.969, +1.327,+0.970
1605481260,+3.39, +4.010, +1.311,+0.970
1605481320,+3.39, +4.020, +1.340,+0.971
1605481380,+3.39, +4.010, +1.357,+0.971
1605481440,+3.39, +3.989, +1.361,+0.971
1605481500,+3.39, +3.989, +1.368,+0.971
1605481560,+3.39, +4.000, +1.381,+0.971
1605481620,+3.39, +3.979, +1.394,+0.971
1605481680,+3.39, +4.000, +1.427,+0.971
1605481740,+3.39, +4.010, +1.422,+0.971
1605481800,+3.39, +4.010, +1.422,+0.971
1605481860,+3.39, +3.979, +1.365,+0.971
1605481920,+3.39, +4.000, +1.325,+0.970
1605481980,+3.39, +3.989, +1.334,+0.971
1605482040,+3.39, +4.000, +1.390,+0.971
1605482100,+3.39, +3.969, +1.420,+0.971
1605482160,+3.39, +4.010, +1.422,+0.971
1605482220,+3.39, +4.000, +1.458,+0.972
1605482280,+3.39, +4.010, +1.460,+0.972
1605482340,+3.39, +4.010, +1.448,+0.972
1605482400,+3.39, +4.000, +1.443,+0.971
1605482460,+3.39, +3.969, +1.454,+0.971
1605482520,+3.39, +3.958, +1.485,+0.972
1605482580,+3.39, +3.989, +1.489,+0.972
1605482640,+3.39, +3.927, +1.509,+0.972
1605482700,+3.39, +4.000, +1.511,+0.972
1605482760,+3.39, +3.969, +1.514,+0.972
1605482820,+3.39, +4.000, +1.510,+0.972
1605482880,+3.39, +3.989, +1.502,+0.972
1605482940,+3.39, +4.000, +1.483,+0.972
1605483000,+3.39, +3.948, +1.487,+0.972
1605483060,+3.39, +3.989, +1.489,+0.972
1605483120,+3.39, +3.969, +1.509,+0.972
1605483180,+3.40, +3.958, +1.529,+0.972
1605483240,+3.39, +3.958, +1.581,+0.973
1605483300,+3.39, +3.958, +1.587,+0.973
1605483360,+3.39, +3.937, +1.606,+0.973
1605483420,+3.39, +3.958, +1.621,+0.973
1605483480,+3.39, +3.937, +1.645,+0.973
1605483540,+3.39, +3.927, +1.659,+0.973
1605483600,+3.39, +3.927, +1.683,+0.973
1605483660,+3.39, +3.937, +1.687,+0.973
1605483720,+3.39, +3.937, +1.694,+0.973
1605483780,+3.39, +3.937, +1.720,+0.974
1605483840,+3.39, +3.906, +1.730,+0.973
1605483900,+3.39, +3.906, +1.737,+0.973
1605483960,+3.39, +3.917, +1.751,+0.974
1605484020,+3.39, +3.906, +1.765,+0.973
1605484080,+3.39, +3.917, +1.768,+0.974
1605484140,+3.39, +3.896, +1.757,+0.974
1605484200,+3.39, +3.896, +1.755,+0.974
1605484260,+3.39, +3.886, +1.765,+0.974
1605484320,+3.39, +3.906, +1.763,+0.974
1605484380,+3.39, +3.896, +1.773,+0.974
1605484440,+3.39, +3.896, +1.778,+0.974
1605484500,+3.39, +3.865, +1.775,+0.974
1605484560,+3.39, +3.896, +1.763,+0.974
1605484620,+3.39, +3.886, +1.749,+0.974
1605484680,+3.39, +3.886, +1.734,+0.974
1605484740,+3.39, +3.886, +1.712,+0.973
1605484800,+3.39, +3.906, +1.696,+0.973
1605484860,+3.39, +3.906, +1.685,+0.974
1605484920,+3.39, +3.917, +1.667,+0.973
1605484980,+3.39, +3.906, +1.661,+0.973
1605485040,+3.39, +3.906, +1.651,+0.973
1605485100,+3.39, +3.906, +1.642,+0.973
1605485160,+3.39, +3.937, +1.643,+0.973
1605485220,+3.39, +3.906, +1.649,+0.973
1605485280,+3.39, +3.886, +1.646,+0.973
1605485340,+3.39, +3.927, +1.632,+0.973
1605485400,+3.39, +3.927, +1.623,+0.973
1605485460,+3.39, +3.917, +1.634,+0.973
1605485520,+3.39, +3.927, +1.626,+0.973
1605485580,+3.39, +3.917, +1.629,+0.973
1605485640,+3.39, +3.906, +1.641,+0.973
1605485700,+3.39, +3.937, +1.659,+0.973
1605485760,+3.39, +3.927, +1.661,+0.973
1605485820,+3.39, +3.906, +1.672,+0.973
1605485880,+3.39, +3.896, +1.690,+0.973
1605485940,+3.39, +3.906, +1.696,+0.973
1605486000,+3.40, +3.906, +1.725,+0.973
1605486060,+3.39, +3.875, +1.736,+0.973
1605486120,+3.39, +3.886, +1.737,+0.974
1605486180,+3.39, +3.896, +1.746,+0.974
1605486240,+3.39, +3.927, +1.744,+0.974
1605486300,+3.39, +3.896, +1.740,+0.974
1605486360,+3.39, +3.906, +1.734,+0.974
1605486420,+3.39, +3.875, +1.730,+0.973
1605486480,+3.39, +3.886, +1.715,+0.973
1605486540,+3.39, +3.917, +1.710,+0.973
1605486600,+3.39, +3.886, +1.712,+0.973
1605486660,+3.39, +3.886, +1.710,+0.973
1605486720,+3.39, +3.896, +1.693,+0.973
1605486780,+3.39, +3.906, +1.671,+0.973
1605486840,+3.39, +3.917, +1.634,+0.973
1605486900,+3.39, +3.927, +1.618,+0.973
1605486960,+3.39, +3.937, +1.603,+0.973
1605487020,+3.39, +3.906, +1.594,+0.972
1605487080,+3.39, +3.906, +1.584,+0.972
1605487140,+3.39, +3.917, +1.576,+0.972
1605487200,+3.39, +3.917, +1.565,+0.972
1605487260,+3.39, +3.937, +1.546,+0.972
1605487320,+3.39, +3.958, +1.535,+0.972
1605487380,+3.39, +3.948, +1.529,+0.972
1605487440,+3.39, +3.917, +1.522,+0.972
1605487500,+3.39, +3.927, +1.516,+0.972
1605487560,+3.39, +3.948, +1.508,+0.972
1605487620,+3.39, +3.937, +1.490,+0.972
1605487680,+3.39, +3.927, +1.490,+0.972
1605487740,+3.39, +3.958, +1.482,+0.972
1605487800,+3.39, +3.969, +1.472,+0.972
1605487860,+3.39, +3.979, +1.461,+0.972
1605487920,+3.39, +3.969, +1.440,+0.971
1605487980,+3.39, +3.958, +1.431,+0.971
1605488040,+3.39, +3.969, +1.427,+0.972
1605488100,+3.39, +3.958, +1.418,+0.971
1605488160,+3.39, +3.958, +1.415,+0.971
1605488220,+3.39, +4.000, +1.389,+0.971
1605488280,+3.39, +3.979, +1.401,+0.971
1605488340,+3.39, +3.958, +1.398,+0.971
1605488400,+3.39, +3.989, +1.375,+0.971
1605488460,+3.39, +3.979, +1.377,+0.971
1605488520,+3.39, +4.000, +1.369,+0.971
1605488580,+3.39, +3.989, +1.400,+0.971
1605488640,+3.39, +3.979, +1.400,+0.971
1605488700,+3.39, +3.969, +1.417,+0.971
1605488760,+3.39, +3.969, +1.445,+0.972
1605488820,+3.39, +3.979, +1.449,+0.972
1605488880,+3.39, +3.969, +1.462,+0.972
1605488940,+3.39, +3.989, +1.457,+0.972
1605489000,+3.39, +3.937, +1.466,+0.971
1605489060,+3.39, +3.969, +1.465,+0.972
1605489120,+3.39, +3.948, +1.468,+0.972
1605489180,+3.39, +3.958, +1.458,+0.971
1605489240,+3.39, +3.937, +1.457,+0.972
1605489300,+3.39, +3.958, +1.455,+0.972
1605489360,+3.39, +3.969, +1.461,+0.972
1605489420,+3.39, +3.969, +1.469,+0.972
1605489480,+3.39, +3.958, +1.462,+0.971
1605489540,+3.39, +3.969, +1.465,+0.972
1605489600,+3.39, +3.969, +1.486,+0.972
1605489660,+3.39, +3.969, +1.510,+0.972
1605489720,+3.39, +3.948, +1.523,+0.972
1605489780,+3.39, +3.969, +1.526,+0.972
1605489840,+3.39, +3.958, +1.514,+0.972
1605489900,+3.39, +3.979, +1.496,+0.972
1605489960,+3.39, +3.989, +1.501,+0.972
1605490020,+3.39, +3.969, +1.495,+0.972
1605490080,+3.39, +3.948, +1.491,+0.972
1605490140,+3.39, +3.979, +1.481,+0.972
1605490200,+3.39, +3.989, +1.475,+0.972
1605490260,+3.39, +3.979, +1.469,+0.972
1605490320,+3.39, +3.969, +1.457,+0.972
1605490380,+3.39, +3.989, +1.454,+0.972
1605490440,+3.39, +4.000, +1.439,+0.971
1605490500,+3.39, +3.979, +1.445,+0.972
1605490560,+3.39, +3.958, +1.449,+0.971
1605490620,+3.39, +4.000, +1.449,+0.972
1605490680,+3.39, +3.989, +1.453,+0.971
1605490740,+3.39, +3.979, +1.447,+0.971
1605490800,+3.39, +4.000, +1.441,+0.972
1605490860,+3.39, +3.958, +1.443,+0.972
1605490920,+3.39, +4.000, +1.444,+0.972
1605490980,+3.39, +3.979, +1.442,+0.972
1605491040,+3.39, +3.979, +1.437,+0.971
1605491100,+3.39, +3.969, +1.446,+0.971
1605491160,+3.39, +3.969, +1.466,+0.972
1605491220,+3.39, +3.979, +1.467,+0.972
1605491280,+3.39, +3.958, +1.470,+0.972
1605491340,+3.39, +3.969, +1.458,+0.972
1605491400,+3.39, +3.969, +1.456,+0.971
1605491460,+3.39, +3.969, +1.458,+0.972
1605491520,+3.39, +3.979, +1.471,+0.972
1605491580,+3.39, +3.989, +1.489,+0.972
1605491640,+3.39, +3.989, +1.490,+0.972
1605491700,+3.39, +3.989, +1.476,+0.972
1605491760,+3.39, +4.000, +1.465,+0.972
1605491820,+3.39, +3.969, +1.463,+0.972
1605491880,+3.39, +3.989, +1.470,+0.972
1605491940,+3.39, +3.958, +1.467,+0.972
1605492000,+3.39, +3.969, +1.467,+0.972
1605492060,+3.39, +3.979, +1.471,+0.972
1605492120,+3.39, +3.979, +1.475,+0.972
1605492180,+3.39, +3.989, +1.462,+0.972
1605492240,+3.39, +3.979, +1.453,+0.971
1605492300,+3.39, +3.969, +1.441,+0.971
1605492360,+3.39, +3.969, +1.439,+0.971
1605492420,+3.39, +3.948, +1.439,+0.971
1605492480,+3.39, +3.989, +1.432,+0.972
1605492540,+3.39, +3.979, +1.415,+0.971
1605492600,+3.39, +3.958, +1.394,+0.971
1605492660,+3.39, +3.989, +1.379,+0.971
1605492720,+3.39, +3.969, +1.389,+0.971
1605492780,+3.39, +3.989, +1.389,+0.971
1605492840,+3.39, +3.969, +1.400,+0.971
1605492900,+3.39, +3.989, +1.407,+0.971
1605492960,+3.39, +3.969, +1.412,+0.971
1605493020,+3.39, +3.989, +1.406,+0.971
1605493080,+3.39, +3.979, +1.393,+0.971
1605493140,+3.39, +3.989, +1.384,+0.971
1605493200,+3.39, +3.958, +1.380,+0.971
1605493260,+3.39, +3.979, +1.375,+0.971
1605493320,+3.39, +4.000, +1.375,+0.971
1605493380,+3.39, +3.979, +1.382,+0.971
1605493440,+3.39, +4.000, +1.406,+0.971
1605493500,+3.39, +3.948, +1.418,+0.971
1605493560,+3.39, +4.000, +1.413,+0.971
1605493620,+3.39, +3.989, +1.414,+0.971
1605493680,+3.39, +3.948, +1.416,+0.971
1605493740,+3.39, +3.969, +1.414,+0.971
1605493800,+3.39, +3.989, +1.415,+0.971
1605493860,+3.39, +3.969, +1.420,+0.971
1605493920,+3.39, +3.979, +1.419,+0.971
1605493980,+3.39, +3.969, +1.426,+0.971
1605494040,+3.39, +3.989, +1.433,+0.972
1605494100,+3.39, +3.969, +1.447,+0.971
1605494160,+3.39, +3.989, +1.455,+0.972
1605494220,+3.39, +3.979, +1.459,+0.972
1605494280,+3.39, +4.000, +1.480,+0.972
1605494340,+3.39, +3.979, +1.490,+0.972
1605494400,+3.39, +3.989, +1.506,+0.972
1605494460,+3.39, +4.000, +1.521,+0.972
1605494520,+3.39, +3.989, +1.530,+0.972
1605494580,+3.39, +4.010, +1.536,+0.972
1605494640,+3.39, +4.010, +1.533,+0.972
1605494700,+3.39, +3.979, +1.538,+0.972
1605494760,+3.39, +3.989, +1.540,+0.972
1605494820,+3.39, +4.010, +1.533,+0.972
1605494880,+3.39, +3.989, +1.539,+0.972
1605494940,+3.39, +4.020, +1.544,+0.973
1605495000,+3.39, +3.989, +1.550,+0.972
1605495060,+3.39, +4.000, +1.556,+0.972
1605495120,+3.39, +3.979, +1.566,+0.972
1605495180,+3.39, +4.010, +1.561,+0.973
1605495240,+3.39, +4.010, +1.543,+0.972
1605495300,+3.39, +4.020, +1.542,+0.972
1605495360,+3.39, +4.010, +1.539,+0.972
1605495420,+3.39, +3.969, +1.541,+0.973
1605495480,+3.39, +3.989, +1.536,+0.972
1605495540,+3.39, +3.989, +1.538,+0.972
1605495600,+3.39, +3.969, +1.533,+0.972
1605495660,+3.39, +3.969, +1.538,+0.972
1605495720,+3.39, +3.989, +1.537,+0.972
1605495780,+3.39, +4.000, +1.540,+0.972
1605495840,+3.39, +4.010, +1.539,+0.972
1605495900,+3.39, +3.958, +1.544,+0.972
1605495960,+3.39, +3.989, +1.547,+0.972
1605496020,+3.39, +3.989, +1.556,+0.972
1605496080,+3.39, +3.989, +1.561,+0.972
1605496140,+3.39, +3.989, +1.558,+0.973
1605496200,+3.39, +4.000, +1.572,+0.973
1605496260,+3.39, +3.979, +1.575,+0.972
1605496320,+3.39, +4.000, +1.568,+0.973
1605496380,+3.39, +3.958, +1.569,+0.972
1605496440,+3.39, +3.989, +1.566,+0.972
1605496500,+3.39, +4.010, +1.562,+0.972
1605496560,+3.39, +4.020, +1.566,+0.972
1605496620,+3.39, +4.010, +1.565,+0.972
1605496680,+3.39, +3.979, +1.570,+0.973
1605496740,+3.39, +4.010, +1.578,+0.973
1605496800,+3.39, +3.979, +1.572,+0.973
1605496860,+3.39, +3.989, +1.564,+0.973
1605496920,+3.39, +3.979, +1.562,+0.972
1605496980,+3.39, +3.989, +1.557,+0.972
1605497040,+3.39, +4.000, +1.556,+0.973
1605497100,+3.39, +3.979, +1.557,+0.972
1605497160,+3.39, +4.020, +1.543,+0.972
1605497220,+3.39, +4.000, +1.549,+0.973
1605497280,+3.39, +3.989, +1.548,+0.973
1605497340,+3.39, +4.000, +1.543,+0.972
1605497400,+3.39, +3.989, +1.541,+0.972
1605497460,+3.39, +3.989, +1.540,+0.972
1605497520,+3.39, +3.969, +1.537,+0.972
1605497580,+3.39, +3.989, +1.538,+0.972
1605497640,+3.39, +3.969, +1.541,+0.972
1605497700,+3.39, +3.989, +1.531,+0.972
1605497760,+3.39, +3.989, +1.523,+0.972
1605497820,+3.39, +3.989, +1.529,+0.972
1605497880,+3.39, +3.989, +1.534,+0.972
1605497940,+3.39, +3.989, +1.532,+0.972
1605498000,+3.39, +3.989, +1.530,+0.972
1605498060,+3.39, +3.979, +1.538,+0.972
1605498120,+3.39, +3.979, +1.535,+0.972
1605498180,+3.39, +3.989, +1.528,+0.972
1605498240,+3.39, +3.969, +1.520,+0.972
1605498300,+3.39, +4.000, +1.516,+0.972
1605498360,+3.39, +3.979, +1.517,+0.972
1605498420,+3.39, +3.989, +1.527,+0.972
1605498480,+3.39, +3.989, +1.524,+0.972
1605498540,+3.39, +3.979, +1.522,+0.972
1605498600,+3.39, +3.979, +1.513,+0.972
1605498660,+3.39, +3.979, +1.517,+0.972
1605498720,+3.39, +4.010, +1.514,+0.972
1605498780,+3.39, +4.000, +1.519,+0.972
1605498840,+3.39, +3.979, +1.517,+0.972
1605498900,+3.39, +4.000, +1.519,+0.972
1605498960,+3.39, +4.000, +1.528,+0.972
1605499020,+3.39, +3.989, +1.526,+0.972
1605499080,+3.39, +4.000, +1.524,+0.972
1605499140,+3.39, +4.000, +1.521,+0.972
1605499200,+3.39, +3.989, +1.521,+0.972
1605499260,+3.39, +3.979, +1.509,+0.972
1605499320,+3.39, +4.000, +1.505,+0.972
1605499380,+3.39, +4.000, +1.505,+0.972
1605499440,+3.39, +4.031, +1.489,+0.972
1605499500,+3.40, +3.989, +1.495,+0.972
1605499560,+3.39, +4.000, +1.501,+0.972
1605499620,+3.39, +4.000, +1.497,+0.972
1605499680,+3.39, +3.989, +1.505,+0.972
1605499740,+3.39, +3.989, +1.510,+0.972
1605499800,+3.39, +4.000, +1.500,+0.972
1605499860,+3.39, +3.989, +1.508,+0.972
1605499920,+3.39, +3.979, +1.516,+0.972
1605499980,+3.39, +3.989, +1.512,+0.972
1605500040,+3.39, +3.989, +1.514,+0.972
1605500100,+3.40, +3.948, +1.517,+0.972
1605500160,+3.39, +3.989, +1.506,+0.972
1605500220,+3.39, +3.989, +1.499,+0.972
1605500280,+3.39, +4.000, +1.498,+0.972
1605500340,+3.39, +3.989, +1.490,+0.972
1605500400,+3.39, +3.969, +1.495,+0.972
1605500460,+3.39, +4.000, +1.489,+0.972
1605500520,+3.39, +4.010, +1.487,+0.972
1605500580,+3.39, +3.979, +1.485,+0.972
1605500640,+3.39, +3.989, +1.486,+0.972
1605500700,+3.39, +3.989, +1.491,+0.972
1605500760,+3.39, +3.969, +1.489,+0.972
1605500820,+3.39, +3.989, +1.485,+0.972
1605500880,+3.39, +4.000, +1.496,+0.972
1605500940,+3.39, +4.000, +1.491,+0.972
1605501000,+3.39, +4.000, +1.488,+0.972
1605501060,+3.39, +4.010, +1.483,+0.972
1605501120,+3.39, +3.989, +1.483,+0.972
1605501180,+3.39, +3.979, +1.475,+0.972
1605501240,+3.39, +3.989, +1.481,+0.972
1605501300,+3.39, +4.000, +1.481,+0.972
1605501360,+3.39, +3.989, +1.478,+0.972
1605501420,+3.39, +4.010, +1.479,+0.972
1605501480,+3.39, +3.989, +1.470,+0.972
1605501540,+3.39, +3.989, +1.471,+0.972
1605501600,+3.39, +3.969, +1.467,+0.972
1605501660,+3.39, +4.010, +1.459,+0.972
1605501720,+3.39, +3.927, +1.464,+0.972
1605501780,+3.39, +3.969, +1.463,+0.972
1605501840,+3.39, +3.979, +1.462,+0.971
1605501900,+3.39, +3.979, +1.462,+0.972
1605501960,+3.39, +4.010, +1.461,+0.972
1605502020,+3.39, +3.979, +1.461,+0.971
1605502080,+3.39, +3.989, +1.452,+0.971
1605502140,+3.39, +3.948, +1.455,+0.971
1605502200,+3.39, +4.000, +1.453,+0.972
1605502260,+3.39, +3.937, +1.452,+0.971
1605502320,+3.39, +3.958, +1.441,+0.971
1605502380,+3.39, +4.020, +1.441,+0.972
1605502440,+3.39, +3.969, +1.445,+0.971
1605502500,+3.39, +3.979, +1.445,+0.971
1605502560,+3.39, +3.989, +1.447,+0.972
1605502620,+3.39, +3.989, +1.448,+0.972
1605502680,+3.39, +3.989, +1.449,+0.971
1605502740,+3.39, +3.989, +1.461,+0.972
1605502800,+3.39, +3.979, +1.468,+0.971
1605502860,+3.39, +3.989, +1.455,+0.972
1605502920,+3.39, +3.989, +1.446,+0.972
1605502980,+3.39, +4.000, +1.455,+0.972
1605503040,+3.39, +3.979, +1.451,+0.971
1605503100,+3.39, +3.969, +1.451,+0.971
1605503160,+3.39, +3.979, +1.454,+0.972
1605503220,+3.39, +3.989, +1.448,+0.972
1605503280,+3.39, +4.000, +1.445,+0.971
1605503340,+3.39, +4.010, +1.429,+0.971
1605503400,+3.39, +4.000, +1.433,+0.971
1605503460,+3.39, +3.989, +1.432,+0.971
1605503520,+3.39, +3.989, +1.421,+0.971
1605503580,+3.40, +3.989, +1.419,+0.971
1605503640,+3.39, +3.958, +1.414,+0.971
1605503700,+3.39, +4.000, +1.420,+0.971
1605503760,+3.39, +4.000, +1.432,+0.972
1605503820,+3.39, +4.000, +1.436,+0.971
1605503880,+3.39, +4.000, +1.430,+0.971
1605503940,+3.39, +4.000, +1.431,+0.972
1605504000,+3.39, +4.000, +1.430,+0.971
1605504060,+3.39, +3.969, +1.437,+0.971
1605504120,+3.39, +3.979, +1.448,+0.971
1605504180,+3.39, +4.000, +1.445,+0.972
1605504240,+3.39, +3.989, +1.445,+0.972
1605504300,+3.39, +3.958, +1.446,+0.972
1605504360,+3.39, +3.989, +1.435,+0.972
1605504420,+3.39, +3.979, +1.442,+0.972
1605504480,+3.39, +4.010, +1.442,+0.972
1605504540,+3.39, +3.989, +1.441,+0.971
1605504600,+3.39, +3.958, +1.446,+0.971
1605504660,+3.39, +3.969, +1.444,+0.972
1605504720,+3.39, +3.989, +1.442,+0.972
1605504780,+3.39, +3.969, +1.440,+0.971
1605504840,+3.39, +3.969, +1.429,+0.971
1605504900,+3.39, +3.969, +1.424,+0.972
1605504960,+3.39, +4.000, +1.427,+0.971
1605505020,+3.39, +3.989, +1.421,+0.971
1605505080,+3.39, +3.989, +1.420,+0.971
1605505140,+3.39, +3.979, +1.421,+0.971
1605505200,+3.39, +3.969, +1.433,+0.971
1605505260,+3.39, +3.989, +1.433,+0.971
1605505320,+3.39, +3.989, +1.431,+0.971
1605505380,+3.39, +3.979, +1.432,+0.971
1605505440,+3.39, +3.979, +1.424,+0.971
1605505500,+3.39, +3.979, +1.424,+0.971
1605505560,+3.39, +3.979, +1.424,+0.972
1605505620,+3.39, +3.979, +1.431,+0.972
1605505680,+3.39, +3.979, +1.426,+0.971
1605505740,+3.39, +3.979, +1.425,+0.971
1605505800,+3.39, +3.979, +1.423,+0.971
1605505860,+3.39, +3.979, +1.420,+0.971
1605505920,+3.39, +3.989, +1.417,+0.971
1605505980,+3.39, +3.917, +1.417,+0.971
1605506040,+3.39, +3.989, +1.413,+0.971
1605506100,+3.39, +3.979, +1.414,+0.971
1605506160,+3.39, +4.000, +1.410,+0.971
1605506220,+3.39, +3.979, +1.404,+0.971
1605506280,+3.39, +4.010, +1.411,+0.971
1605506340,+3.39, +3.979, +1.424,+0.971
1605506400,+3.39, +3.989, +1.422,+0.972
1605506460,+3.39, +3.979, +1.420,+0.971
1605506520,+3.39, +3.969, +1.425,+0.972
1605506580,+3.39, +3.979, +1.424,+0.972
1605506640,+3.39, +3.969, +1.422,+0.971
1605506700,+3.39, +3.969, +1.419,+0.971
1605506760,+3.39, +3.969, +1.415,+0.971
1605506820,+3.39, +3.937, +1.413,+0.971
1605506880,+3.39, +3.989, +1.406,+0.971
1605506940,+3.39, +4.020, +1.398,+0.971
1605507000,+3.39, +3.958, +1.401,+0.971
1605507060,+3.39, +3.989, +1.387,+0.971
1605507120,+3.39, +3.989, +1.387,+0.971
1605507180,+3.40, +3.969, +1.388,+0.971
1605507240,+3.39, +3.979, +1.393,+0.971
1605507300,+3.39, +3.979, +1.395,+0.971
1605507360,+3.39, +4.000, +1.409,+0.971
1605507420,+3.39, +3.989, +1.405,+0.971
1605507480,+3.39, +3.979, +1.406,+0.971
1605507540,+3.39, +3.989, +1.399,+0.971
1605507600,+3.39, +3.979, +1.399,+0.971
1605507660,+3.39, +3.979, +1.391,+0.971
1605507720,+3.39, +3.958, +1.386,+0.971
1605507780,+3.39, +3.979, +1.377,+0.971
1605507840,+3.39, +3.979, +1.382,+0.971
1605507900,+3.39, +3.979, +1.388,+0.971
1605507960,+3.39, +3.969, +1.394,+0.971
1605508020,+3.39, +3.979, +1.390,+0.971
1605508080,+3.39, +3.948, +1.391,+0.971
1605508140,+3.39, +3.969, +1.392,+0.971
1605508200,+3.39, +3.979, +1.396,+0.971
1605508260,+3.39, +3.969, +1.393,+0.971
1605508320,+3.39, +3.969, +1.397,+0.971
1605508380,+3.39, +3.979, +1.394,+0.971
1605508440,+3.39, +3.958, +1.403,+0.971
1605508500,+3.39, +3.979, +1.395,+0.971
1605508560,+3.39, +3.989, +1.398,+0.971
1605508620,+3.39, +3.969, +1.406,+0.971
1605508680,+3.39, +3.989, +1.405,+0.972
1605508740,+3.39, +3.979, +1.402,+0.971
1605508800,+3.39, +3.979, +1.400,+0.971
1605508860,+3.39, +3.969, +1.410,+0.971
1605508920,+3.39, +3.948, +1.415,+0.971
1605508980,+3.39, +3.989, +1.415,+0.971
1605509040,+3.39, +3.979, +1.414,+0.971
1605509100,+3.39, +3.958, +1.413,+0.971
1605509160,+3.39, +3.927, +1.412,+0.971
1605509220,+3.39, +3.979, +1.401,+0.971
1605509280,+3.39, +3.979, +1.404,+0.971
1605509340,+3.39, +3.989, +1.405,+0.971
1605509400,+3.39, +3.969, +1.395,+0.971
1605509460,+3.39, +3.989, +1.397,+0.971
1605509520,+3.39, +3.979, +1.396,+0.971
1605509580,+3.39, +3.958, +1.402,+0.971
1605509640,+3.39, +3.958, +1.400,+0.971
1605509700,+3.39, +3.979, +1.400,+0.971
1605509760,+3.39, +3.958, +1.396,+0.971
1605509820,+3.40, +3.979, +1.394,+0.971
1605509880,+3.39, +3.979, +1.403,+0.971
1605509940,+3.39, +3.989, +1.401,+0.971
1605510000,+3.39, +3.979, +1.395,+0.971
1605510060,+3.39, +3.958, +1.394,+0.971
1605510120,+3.39, +3.969, +1.392,+0.971
1605510180,+3.39, +3.958, +1.387,+0.971
1605510240,+3.39, +3.958, +1.387,+0.971
1605510300,+3.39, +3.969, +1.386,+0.971
1605510360,+3.39, +3.969, +1.384,+0.971
1605510420,+3.39, +3.958, +1.384,+0.971
1605510480,+3.39, +3.989, +1.374,+0.971
1605510540,+3.39, +3.948, +1.379,+0.971
1605510600,+3.39, +3.969, +1.379,+0.971
1605510660,+3.39, +3.969, +1.378,+0.971
1605510720,+3.39, +3.969, +1.380,+0.971
1605510780,+3.39, +3.969, +1.383,+0.971
1605510840,+3.39, +3.958, +1.384,+0.971
1605510900,+3.39, +3.958, +1.372,+0.971
1605510960,+3.39, +3.969, +1.369,+0.971
1605511020,+3.39, +3.969, +1.372,+0.971
1605511080,+3.39, +3.979, +1.368,+0.971
1605511140,+3.39, +3.969, +1.365,+0.971
1605511200,+3.39, +4.000, +1.363,+0.971
1605511260,+3.39, +3.979, +1.358,+0.971
1605511320,+3.39, +3.937, +1.356,+0.970
1605511380,+3.39, +3.979, +1.351,+0.971
1605511440,+3.39, +3.917, +1.368,+0.971
1605511500,+3.39, +3.948, +1.379,+0.971
1605511560,+3.39, +3.948, +1.378,+0.971
1605511620,+3.39, +3.969, +1.372,+0.971
1605511680,+3.39, +3.937, +1.378,+0.971
1605511740,+3.39, +3.979, +1.373,+0.971
1605511800,+3.39, +3.979, +1.372,+0.971
1605511860,+3.39, +3.979, +1.365,+0.971
1605511920,+3.39, +3.969, +1.360,+0.971
1605511980,+3.39, +3.969, +1.359,+0.971
1605512040,+3.39, +3.969, +1.359,+0.971
1605512100,+3.39, +3.969, +1.360,+0.971
1605512160,+3.39, +3.979, +1.355,+0.971
1605512220,+3.39, +3.979, +1.357,+0.971
1605512280,+3.39, +3.969, +1.367,+0.971
1605512340,+3.39, +3.958, +1.369,+0.971
1605512400,+3.39, +3.979, +1.362,+0.971
1605512460,+3.39, +3.979, +1.358,+0.971
1605512520,+3.39, +3.969, +1.359,+0.971
1605512580,+3.39, +3.969, +1.362,+0.971
1605512640,+3.39, +3.969, +1.360,+0.971
1605512700,+3.39, +3.989, +1.356,+0.971
1605512760,+3.39, +3.958, +1.357,+0.971
1605512820,+3.39, +3.917, +1.361,+0.971
1605512880,+3.39, +3.948, +1.348,+0.971
1605512940,+3.39, +3.969, +1.361,+0.971
1605513000,+3.39, +3.948, +1.363,+0.971
1605513060,+3.39, +3.948, +1.364,+0.971
1605513120,+3.39, +3.958, +1.366,+0.971
1605513180,+3.39, +3.989, +1.370,+0.971
1605513240,+3.39, +3.958, +1.367,+0.971
1605513300,+3.39, +3.979, +1.363,+0.971
1605513360,+3.39, +3.948, +1.363,+0.971
1605513420,+3.39, +3.969, +1.367,+0.971
1605513480,+3.39, +3.979, +1.367,+0.971
1605513540,+3.39, +4.010, +1.360,+0.971
1605513600,+3.39, +3.958, +1.360,+0.971
1605513660,+3.39, +3.969, +1.356,+0.971
1605513720,+3.39, +3.969, +1.360,+0.971
1605513780,+3.39, +3.989, +1.377,+0.971
1605513840,+3.39, +3.958, +1.383,+0.971
1605513900,+3.39, +3.979, +1.386,+0.971
1605513960,+3.40, +3.948, +1.389,+0.971
1605514020,+3.39, +3.979, +1.385,+0.971
1605514080,+3.39, +3.979, +1.384,+0.971
1605514140,+3.39, +3.948, +1.384,+0.971
1605514200,+3.39, +3.979, +1.378,+0.971
1605514260,+3.39, +3.958, +1.378,+0.971
1605514320,+3.39, +3.969, +1.371,+0.971
1605514380,+3.39, +3.979, +1.357,+0.971
1605514440,+3.39, +3.979, +1.373,+0.971
1605514500,+3.39, +3.958, +1.376,+0.971
1605514560,+3.39, +3.969, +1.370,+0.971
1605514620,+3.39, +3.948, +1.373,+0.971
1605514680,+3.39, +4.000, +1.380,+0.971
1605514740,+3.39, +3.989, +1.373,+0.971
1605514800,+3.39, +3.958, +1.380,+0.971
1605514860,+3.39, +3.979, +1.377,+0.971
1605514920,+3.39, +3.969, +1.382,+0.971
1605514980,+3.39, +3.969, +1.384,+0.971
1605515040,+3.39, +3.958, +1.385,+0.971
1605515100,+3.39, +3.979, +1.392,+0.971
1605515160,+3.39, +3.989, +1.383,+0.971
1605515220,+3.39, +3.989, +1.390,+0.971
1605515280,+3.39, +3.969, +1.391,+0.971
1605515340,+3.39, +3.989, +1.384,+0.971
1605515400,+3.39, +3.979, +1.390,+0.971
1605515460,+3.40, +3.958, +1.403,+0.971
1605515520,+3.39, +3.969, +1.410,+0.971
1605515580,+3.39, +3.969, +1.417,+0.971
1605515640,+3.39, +4.000, +1.412,+0.971
1605515700,+3.39, +3.979, +1.412,+0.971
1605515760,+3.39, +3.989, +1.398,+0.971
1605515820,+3.39, +3.958, +1.399,+0.971
1605515880,+3.39, +3.989, +1.399,+0.971
1605515940,+3.39, +3.989, +1.402,+0.971
1605516000,+3.39, +3.969, +1.404,+0.971
1605516060,+3.39, +4.000, +1.404,+0.971
1605516120,+3.39, +4.000, +1.404,+0.971
1605516180,+3.40, +3.969, +1.413,+0.971
1605516240,+3.39, +3.979, +1.417,+0.971
1605516300,+3.39, +4.000, +1.416,+0.971
1605516360,+3.39, +3.979, +1.421,+0.971
1605516420,+3.39, +4.000, +1.435,+0.972
1605516480,+3.39, +3.989, +1.439,+0.972
1605516540,+3.39, +3.969, +1.433,+0.972
1605516600,+3.39, +3.979, +1.424,+0.971
1605516660,+3.39, +3.969, +1.419,+0.971
1605516720,+3.39, +4.010, +1.413,+0.971
1605516780,+3.39, +3.969, +1.419,+0.971
1605516840,+3.39, +4.000, +1.417,+0.971
1605516900,+3.39, +4.000, +1.440,+0.972
1605516960,+3.39, +4.020, +1.443,+0.972
1605517020,+3.39, +3.969, +1.444,+0.971
1605517080,+3.39, +4.000, +1.438,+0.971
1605517140,+3.39, +3.979, +1.437,+0.972
1605517200,+3.39, +3.989, +1.437,+0.972
1605517260,+3.39, +4.000, +1.435,+0.971
1605517320,+3.39, +4.000, +1.437,+0.971
1605517380,+3.39, +4.000, +1.451,+0.972
1605517440,+3.39, +3.989, +1.477,+0.972
1605517500,+3.39, +3.979, +1.511,+0.972
1605517560,+3.39, +4.000, +1.533,+0.973
1605517620,+3.39, +4.000, +1.544,+0.972
1605517680,+3.39, +4.010, +1.547,+0.973
1605517740,+3.39, +4.010, +1.539,+0.972
1605517800,+3.39, +4.000, +1.527,+0.972
1605517860,+3.39, +3.969, +1.526,+0.972
1605517920,+3.39, +4.000, +1.514,+0.972
1605517980,+3.39, +3.989, +1.518,+0.972
1605518040,+3.39, +3.969, +1.517,+0.972
1605518100,+3.39, +3.979, +1.504,+0.972
1605518160,+3.39, +3.989, +1.503,+0.972
1605518220,+3.40, +4.010, +1.497,+0.972
1605518280,+3.39, +4.000, +1.503,+0.972
1605518340,+3.39, +3.989, +1.506,+0.972
1605518400,+3.39, +4.010, +1.505,+0.972
1605518460,+3.39, +4.010, +1.505,+0.972
1605518520,+3.39, +4.010, +1.495,+0.972
1605518580,+3.39, +4.020, +1.488,+0.972
1605518640,+3.39, +3.979, +1.488,+0.972
1605518700,+3.39, +3.969, +1.484,+0.972
1605518760,+3.39, +4.000, +1.475,+0.972
1605518820,+3.39, +4.010, +1.474,+0.972
1605518880,+3.40, +4.020, +1.477,+0.972
1605518940,+3.39, +4.010, +1.482,+0.972
1605519000,+3.39, +4.010, +1.483,+0.972
1605519060,+3.39, +3.989, +1.486,+0.972
1605519120,+3.39, +4.010, +1.476,+0.972
1605519180,+3.39, +3.979, +1.502,+0.972
1605519240,+3.39, +4.000, +1.496,+0.972
1605519300,+3.39, +4.000, +1.480,+0.972
1605519360,+3.39, +3.989, +1.471,+0.972
1605519420,+3.39, +3.969, +1.452,+0.972
1605519480,+3.39, +3.979, +1.447,+0.972
1605519540,+3.39, +4.000, +1.445,+0.971
1605519600,+3.39, +4.010, +1.454,+0.972
1605519660,+3.39, +4.010, +1.443,+0.972
1605519720,+3.39, +4.010, +1.461,+0.972
1605519780,+3.39, +4.000, +1.466,+0.972
1605519840,+3.39, +4.010, +1.473,+0.972
1605519900,+3.39, +4.000, +1.470,+0.972
1605519960,+3.39, +4.000, +1.483,+0.972
1605520020,+3.39, +3.989, +1.484,+0.972
1605520080,+3.39, +3.989, +1.493,+0.972
1605520140,+3.39, +4.010, +1.506,+0.972
1605520200,+3.39, +4.000, +1.515,+0.972
1605520260,+3.39, +3.989, +1.517,+0.972
1605520320,+3.39, +4.031, +1.519,+0.972
1605520380,+3.39, +3.989, +1.516,+0.972
1605520440,+3.39, +4.020, +1.504,+0.972
1605520500,+3.39, +4.000, +1.505,+0.972
1605520560,+3.39, +4.010, +1.514,+0.972
1605520620,+3.39, +4.000, +1.523,+0.973
1605520680,+3.39, +4.000, +1.536,+0.972
1605520740,+3.39, +3.989, +1.533,+0.972
1605520800,+3.39, +4.010, +1.522,+0.972
1605520860,+3.39, +4.000, +1.518,+0.972
1605520920,+3.39, +3.989, +1.508,+0.972
1605520980,+3.39, +3.989, +1.527,+0.972
1605521040,+3.39, +3.989, +1.523,+0.972
1605521100,+3.39, +3.969, +1.530,+0.972
1605521160,+3.39, +4.000, +1.529,+0.972
1605521220,+3.39, +3.979, +1.522,+0.972
1605521280,+3.39, +3.989, +1.522,+0.972
1605521340,+3.39, +3.989, +1.529,+0.972
1605521400,+3.39, +3.989, +1.529,+0.972
1605521460,+3.39, +4.000, +1.524,+0.972
1605521520,+3.39, +3.979, +1.526,+0.972
1605521580,+3.39, +3.979, +1.531,+0.972
1605521640,+3.39, +3.989, +1.532,+0.972
1605521700,+3.39, +3.969, +1.516,+0.972
1605521760,+3.39, +3.989, +1.516,+0.972
1605521820,+3.39, +3.989, +1.521,+0.972
1605521880,+3.39, +3.989, +1.527,+0.972
1605521940,+3.39, +3.979, +1.533,+0.972
1605522000,+3.39, +3.979, +1.545,+0.972
1605522060,+3.39, +3.979, +1.549,+0.973
1605522120,+3.39, +3.969, +1.548,+0.972
1605522180,+3.39, +3.979, +1.539,+0.972
1605522240,+3.39, +3.979, +1.538,+0.972
1605522300,+3.39, +3.969, +1.534,+0.972
1605522360,+3.39, +3.989, +1.532,+0.972
1605522420,+3.39, +3.958, +1.542,+0.972
1605522480,+3.39, +3.958, +1.545,+0.972
1605522540,+3.39, +3.958, +1.542,+0.972
1605522600,+3.39, +3.979, +1.540,+0.972
1605522660,+3.39, +3.989, +1.529,+0.972
1605522720,+3.39, +3.969, +1.536,+0.972
1605522780,+3.39, +3.958, +1.542,+0.972
1605522840,+3.39, +3.958, +1.545,+0.972
1605522900,+3.39, +3.979, +1.548,+0.972
1605522960,+3.39, +3.979, +1.537,+0.972
1605523020,+3.39, +3.969, +1.531,+0.972
1605523080,+3.39, +4.000, +1.524,+0.972
1605523140,+3.39, +3.958, +1.533,+0.972
1605523200,+3.39, +3.989, +1.526,+0.972
1605523260,+3.39, +3.989, +1.527,+0.972
1605523320,+3.39, +3.969, +1.518,+0.972
1605523380,+3.39, +3.979, +1.531,+0.972
1605523440,+3.39, +4.000, +1.522,+0.972
1605523500,+3.39, +3.979, +1.517,+0.972
1605523560,+3.39, +3.979, +1.517,+0.972
1605523620,+3.39, +3.917, +1.520,+0.972
1605523680,+3.39, +4.000, +1.509,+0.972
1605523740,+3.39, +3.979, +1.500,+0.972
1605523800,+3.39, +3.979, +1.492,+0.972
1605523860,+3.39, +3.979, +1.506,+0.972
1605523920,+3.39, +3.979, +1.507,+0.972
1605523980,+3.39, +3.979, +1.510,+0.972
1605524040,+3.39, +3.989, +1.513,+0.972
1605524100,+3.39, +3.979, +1.519,+0.972
1605524160,+3.39, +3.989, +1.523,+0.972
1605524220,+3.39, +3.989, +1.529,+0.972
1605524280,+3.39, +3.958, +1.531,+0.972
1605524340,+3.39, +4.000, +1.518,+0.972
1605524400,+3.39, +3.969, +1.514,+0.972
1605524460,+3.39, +3.989, +1.507,+0.972
1605524520,+3.39, +4.020, +1.507,+0.972
1605524580,+3.39, +3.979, +1.500,+0.972
1605524640,+3.39, +3.979, +1.495,+0.972
1605524700,+3.39, +3.989, +1.500,+0.972
1605524760,+3.39, +3.979, +1.503,+0.972
1605524820,+3.39, +4.010, +1.511,+0.972
1605524880,+3.39, +3.989, +1.523,+0.972
1605524940,+3.39, +4.000, +1.522,+0.972
1605525000,+3.39, +3.989, +1.527,+0.972
1605525060,+3.40, +4.000, +1.522,+0.972
1605525120,+3.39, +3.989, +1.516,+0.972
1605525180,+3.39, +3.989, +1.516,+0.972
1605525240,+3.39, +4.000, +1.516,+0.972
1605525300,+3.39, +3.989, +1.517,+0.972
1605525360,+3.39, +3.989, +1.521,+0.972
1605525420,+3.39, +4.000, +1.531,+0.972
1605525480,+3.39, +3.958, +1.525,+0.972
1605525540,+3.39, +4.000, +1.523,+0.973
1605525600,+3.39, +4.000, +1.526,+0.972
1605525660,+3.39, +4.000, +1.525,+0.972
1605525720,+3.39, +4.010, +1.533,+0.972
1605525780,+3.39, +3.989, +1.535,+0.972
1605525840,+3.39, +3.989, +1.542,+0.972
1605525900,+3.39, +4.010, +1.551,+0.973
1605525960,+3.39, +4.000, +1.560,+0.972
1605526020,+3.39, +4.010, +1.553,+0.972
1605526080,+3.39, +4.000, +1.551,+0.972
1605526140,+3.39, +3.979, +1.559,+0.973
1605526200,+3.39, +4.000, +1.553,+0.973
1605526260,+3.39, +3.989, +1.553,+0.972
1605526320,+3.39, +4.000, +1.536,+0.972
1605526380,+3.39, +3.979, +1.537,+0.972
1605526440,+3.39, +4.000, +1.535,+0.972
1605526500,+3.39, +3.989, +1.536,+0.973
1605526560,+3.39, +3.979, +1.517,+0.972
1605526620,+3.39, +3.989, +1.509,+0.972
1605526680,+3.39, +4.010, +1.509,+0.972
1605526740,+3.39, +3.969, +1.508,+0.972
1605526800,+3.39, +4.020, +1.504,+0.972
1605526860,+3.39, +3.989, +1.502,+0.972
1605526920,+3.39, +4.000, +1.493,+0.972
1605526980,+3.39, +3.969, +1.498,+0.972
1605527040,+3.39, +3.989, +1.488,+0.972
1605527100,+3.39, +3.989, +1.484,+0.972
1605527160,+3.39, +3.979, +1.488,+0.972
1605527220,+3.39, +4.010, +1.476,+0.972
1605527280,+3.39, +3.979, +1.476,+0.972
1605527340,+3.39, +3.979, +1.468,+0.972
1605527400,+3.39, +3.958, +1.467,+0.972
1605527460,+3.39, +3.979, +1.470,+0.972
1605527520,+3.39, +3.969, +1.475,+0.972
1605527580,+3.39, +3.958, +1.478,+0.972
1605527640,+3.39, +3.958, +1.473,+0.972
1605527700,+3.39, +3.958, +1.483,+0.972
1605527760,+3.39, +3.979, +1.481,+0.972
1605527820,+3.39, +4.000, +1.479,+0.972
1605527880,+3.39, +3.937, +1.481,+0.972
1605527940,+3.39, +3.969, +1.478,+0.972
1605528000,+3.39, +3.979, +1.475,+0.972
1605528060,+3.39, +3.989, +1.471,+0.972
1605528120,+3.39, +3.969, +1.468,+0.972
1605528180,+3.39, +3.958, +1.464,+0.972
1605528240,+3.39, +3.969, +1.462,+0.972
1605528300,+3.39, +3.969, +1.458,+0.971
1605528360,+3.39, +3.948, +1.458,+0.971
1605528420,+3.39, +3.979, +1.453,+0.972
1605528480,+3.39, +3.958, +1.450,+0.971
1605528540,+3.39, +3.958, +1.452,+0.972
1605528600,+3.39, +3.969, +1.450,+0.972
1605528660,+3.39, +3.937, +1.449,+0.972
1605528720,+3.39, +3.969, +1.443,+0.972
1605528780,+3.39, +3.958, +1.441,+0.971
1605528840,+3.39, +3.937, +1.442,+0.971
1605528900,+3.39, +3.937, +1.441,+0.971
1605528960,+3.39, +3.969, +1.438,+0.972
1605529020,+3.39, +3.969, +1.438,+0.971
1605529080,+3.39, +3.958, +1.434,+0.971
1605529140,+3.39, +3.979, +1.432,+0.972
1605529200,+3.39, +3.958, +1.432,+0.971
1605529260,+3.39, +3.958, +1.432,+0.971
1605529320,+3.39, +3.979, +1.429,+0.971
1605529380,+3.39, +3.958, +1.429,+0.971
1605529440,+3.39, +3.937, +1.424,+0.971
1605529500,+3.39, +3.948, +1.427,+0.972
1605529560,+3.39, +3.948, +1.425,+0.972
1605529620,+3.39, +3.958, +1.422,+0.972
1605529680,+3.39, +3.958, +1.419,+0.971
1605529740,+3.39, +3.948, +1.415,+0.971
1605529800,+3.39, +3.948, +1.411,+0.971
1605529860,+3.39, +3.937, +1.401,+0.971
1605529920,+3.39, +3.958, +1.390,+0.971
1605529980,+3.39, +3.969, +1.376,+0.971
1605530040,+3.39, +3.948, +1.363,+0.971
1605530100,+3.39, +3.948, +1.344,+0.971
1605530160,+3.39, +3.937, +1.330,+0.971
1605530220,+3.39, +3.948, +1.313,+0.971
1605530280,+3.39, +3.948, +1.297,+0.970
1605530340,+3.39, +3.927, +1.286,+0.970
1605530400,+3.39, +3.948, +1.274,+0.970
1605530460,+3.39, +3.958, +1.262,+0.970
1605530520,+3.39, +3.917, +1.255,+0.970
1605530580,+3.39, +3.937, +1.246,+0.970
1605530640,+3.39, +3.937, +1.239,+0.970
1605530700,+3.39, +3.958, +1.229,+0.970
1605530760,+3.39, +3.958, +1.215,+0.970
1605530820,+3.39, +3.948, +1.202,+0.969
1605530880,+3.39, +3.948, +1.184,+0.969
1605530940,+3.39, +3.948, +1.176,+0.969
1605531000,+3.39, +3.948, +1.169,+0.969
1605531060,+3.39, +3.917, +1.164,+0.969
1605531120,+3.39, +3.958, +1.160,+0.969
1605531180,+3.39, +3.969, +1.152,+0.968
1605531240,+3.39, +3.958, +1.152,+0.969
1605531300,+3.39, +3.958, +1.148,+0.969
1605531360,+3.39, +3.979, +1.145,+0.968
1605531420,+3.39, +3.937, +1.146,+0.968
1605531480,+3.39, +3.958, +1.148,+0.969
1605531540,+3.39, +3.948, +1.151,+0.969
1605531600,+3.39, +3.979, +1.148,+0.969
1605531660,+3.39, +3.948, +1.155,+0.969
1605531720,+3.39, +3.969, +1.156,+0.969
1605531780,+3.39, +3.948, +1.161,+0.969
1605531840,+3.39, +3.979, +1.165,+0.969
1605531900,+3.39, +3.948, +1.170,+0.969
1605531960,+3.39, +3.958, +1.173,+0.969
1605532020,+3.39, +3.948, +1.179,+0.969
1605532080,+3.39, +3.948, +1.184,+0.969
1605532140,+3.39, +3.958, +1.187,+0.969
1605532200,+3.39, +3.958, +1.193,+0.969
1605532260,+3.39, +3.948, +1.198,+0.969
1605532320,+3.39, +3.958, +1.203,+0.969
1605532380,+3.39, +3.958, +1.204,+0.969
1605532440,+3.39, +3.948, +1.206,+0.969
1605532500,+3.39, +3.989, +1.209,+0.969
1605532560,+3.39, +3.937, +1.215,+0.969
1605532620,+3.39, +3.979, +1.215,+0.970
1605532680,+3.39, +3.969, +1.217,+0.970
1605532740,+3.39, +3.979, +1.218,+0.970
1605532800,+3.39, +3.927, +1.221,+0.969
1605532860,+3.39, +3.958, +1.221,+0.970
1605532920,+3.39, +3.989, +1.219,+0.970
1605532980,+3.39, +3.958, +1.220,+0.970
1605533040,+3.39, +3.969, +1.219,+0.969
1605533100,+3.39, +3.927, +1.218,+0.969
1605533160,+3.39, +3.948, +1.214,+0.969
1605533220,+3.39, +3.948, +1.208,+0.969
1605533280,+3.39, +3.906, +1.197,+0.969
1605533340,+3.39, +3.948, +1.180,+0.969
1605533400,+3.39, +3.948, +1.168,+0.969
1605533460,+3.39, +3.958, +1.158,+0.969
1605533520,+3.39, +3.927, +1.150,+0.968
1605533580,+3.39, +3.958, +1.145,+0.969
1605533640,+3.39, +3.937, +1.144,+0.969
1605533700,+3.39, +3.927, +1.140,+0.968
1605533760,+3.39, +3.958, +1.137,+0.969
1605533820,+3.39, +3.958, +1.138,+0.969
1605533880,+3.39, +3.979, +1.135,+0.969
1605533940,+3.39, +3.969, +1.138,+0.969
1605534000,+3.39, +3.948, +1.139,+0.969
1605534060,+3.39, +3.979, +1.138,+0.969
1605534120,+3.39, +3.958, +1.140,+0.969
1605534180,+3.40, +3.958, +1.138,+0.969
1605534240,+3.39, +3.979, +1.136,+0.969
1605534300,+3.39, +3.958, +1.130,+0.968
1605534360,+3.39, +3.958, +1.123,+0.968
1605534420,+3.39, +3.927, +1.119,+0.968
1605534480,+3.39, +3.969, +1.107,+0.968
1605534540,+3.39, +3.948, +1.102,+0.968
1605534600,+3.39, +3.948, +1.096,+0.968
1605534660,+3.39, +3.969, +1.091,+0.968
1605534720,+3.39, +3.958, +1.086,+0.968
1605534780,+3.39, +3.958, +1.083,+0.968
1605534840,+3.39, +3.989, +1.075,+0.968
1605534900,+3.39, +3.969, +1.075,+0.968
1605534960,+3.39, +3.989, +1.070,+0.968
1605535020,+3.39, +3.958, +1.071,+0.968
1605535080,+3.39, +3.969, +1.067,+0.968
1605535140,+3.39, +3.979, +1.070,+0.968
1605535200,+3.39, +3.958, +1.070,+0.968
1605535260,+3.39, +4.000, +1.075,+0.968
1605535320,+3.39, +3.948, +1.079,+0.968
1605535380,+3.39, +3.979, +1.080,+0.968
1605535440,+3.39, +3.979, +1.085,+0.968
1605535500,+3.39, +3.969, +1.086,+0.968
1605535560,+3.39, +3.969, +1.093,+0.968
1605535620,+3.39, +3.979, +1.094,+0.968
1605535680,+3.39, +3.979, +1.100,+0.968
1605535740,+3.39, +3.958, +1.104,+0.968
1605535800,+3.39, +4.010, +1.105,+0.968
1605535860,+3.39, +3.979, +1.110,+0.968
1605535920,+3.39, +3.979, +1.116,+0.968
1605535980,+3.39, +3.948, +1.118,+0.968
1605536040,+3.39, +4.000, +1.118,+0.969
1605536100,+3.39, +3.979, +1.123,+0.968
1605536160,+3.39, +3.958, +1.128,+0.969
1605536220,+3.39, +3.969, +1.126,+0.968
1605536280,+3.39, +3.979, +1.131,+0.968
1605536340,+3.39, +3.969, +1.132,+0.969
1605536400,+3.39, +3.937, +1.135,+0.968
1605536460,+3.39, +3.958, +1.133,+0.968
1605536520,+3.39, +3.958, +1.132,+0.969
1605536580,+3.39, +3.948, +1.128,+0.968
1605536640,+3.39, +3.958, +1.126,+0.969
1605536700,+3.39, +3.948, +1.118,+0.968
1605536760,+3.39, +3.969, +1.115,+0.969
1605536820,+3.39, +3.948, +1.110,+0.968
1605536880,+3.39, +3.958, +1.104,+0.968
1605536940,+3.39, +3.937, +1.101,+0.968
1605537000,+3.39, +3.979, +1.094,+0.968
1605537060,+3.39, +3.948, +1.090,+0.968
1605537120,+3.39, +3.948, +1.085,+0.968
1605537180,+3.39, +3.979, +1.078,+0.968
1605537240,+3.39, +3.969, +1.072,+0.968
1605537300,+3.39, +3.979, +1.065,+0.968
1605537360,+3.39, +3.989, +1.056,+0.968
1605537420,+3.39, +3.969, +1.052,+0.968
1605537480,+3.39, +3.958, +1.047,+0.968
1605537540,+3.39, +3.989, +1.040,+0.968
1605537600,+3.39, +3.958, +1.039,+0.967
1605537660,+3.39, +4.000, +1.035,+0.968
1605537720,+3.39, +3.979, +1.031,+0.967
1605537780,+3.39, +3.958, +1.033,+0.967
1605537840,+3.39, +3.969, +1.032,+0.967
1605537900,+3.39, +3.979, +1.029,+0.967
1605537960,+3.39, +3.989, +1.027,+0.967
1605538020,+3.39, +3.989, +1.027,+0.968
1605538080,+3.39, +3.969, +1.030,+0.968
1605538140,+3.39, +3.958, +1.033,+0.968
1605538200,+3.39, +3.979, +1.031,+0.967
1605538260,+3.39, +3.958, +1.033,+0.968
1605538320,+3.39, +4.000, +1.032,+0.968
1605538380,+3.39, +3.927, +1.037,+0.967
1605538440,+3.39, +3.948, +1.037,+0.967
1605538500,+3.39, +3.958, +1.039,+0.968
1605538560,+3.39, +3.989, +1.037,+0.968
1605538620,+3.39, +3.969, +1.042,+0.968
1605538680,+3.39, +3.979, +1.044,+0.968
1605538740,+3.39, +3.969, +1.047,+0.968
1605538800,+3.39, +3.937, +1.050,+0.968
1605538860,+3.39, +3.937, +1.054,+0.968
1605538920,+3.39, +3.989, +1.054,+0.968
1605538980,+3.39, +3.969, +1.056,+0.968
1605539040,+3.39, +3.969, +1.063,+0.968
1605539100,+3.39, +3.979, +1.063,+0.968
1605539160,+3.39, +4.000, +1.065,+0.968
1605539220,+3.39, +3.969, +1.067,+0.968
1605539280,+3.39, +3.989, +1.067,+0.968
1605539340,+3.39, +3.989, +1.067,+0.968
1605539400,+3.39, +3.989, +1.068,+0.968
1605539460,+3.39, +3.979, +1.069,+0.968
1605539520,+3.39, +4.000, +1.072,+0.968
1605539580,+3.39, +3.979, +1.074,+0.968
1605539640,+3.39, +3.979, +1.074,+0.968
1605539700,+3.39, +3.958, +1.080,+0.968
1605539760,+3.39, +4.000, +1.078,+0.968
1605539820,+3.39, +3.969, +1.081,+0.968
1605539880,+3.39, +3.969, +1.080,+0.968
1605539940,+3.39, +3.979, +1.075,+0.968
1605540000,+3.39, +3.979, +1.071,+0.968
1605540060,+3.39, +3.989, +1.067,+0.968
1605540120,+3.39, +3.989, +1.061,+0.968
1605540180,+3.39, +4.000, +1.063,+0.968
1605540240,+3.39, +3.958, +1.064,+0.968
1605540300,+3.39, +3.969, +1.064,+0.968
1605540360,+3.39, +3.979, +1.065,+0.968
1605540420,+3.39, +3.969, +1.067,+0.968
1605540480,+3.39, +3.979, +1.069,+0.968
1605540540,+3.39, +3.969, +1.073,+0.968
1605540600,+3.39, +3.979, +1.072,+0.968
1605540660,+3.39, +3.979, +1.075,+0.968
1605540720,+3.39, +3.969, +1.081,+0.968
1605540780,+3.39, +4.000, +1.082,+0.968
1605540840,+3.39, +3.969, +1.088,+0.968
1605540900,+3.39, +3.979, +1.089,+0.968
1605540960,+3.39, +3.979, +1.090,+0.968
1605541020,+3.39, +3.989, +1.088,+0.968
1605541080,+3.39, +3.979, +1.090,+0.968
1605541140,+3.39, +3.969, +1.086,+0.968
1605541200,+3.39, +3.969, +1.080,+0.968
1605541260,+3.39, +3.969, +1.077,+0.968
1605541320,+3.39, +3.989, +1.070,+0.968
1605541380,+3.39, +3.989, +1.068,+0.968
1605541440,+3.39, +3.979, +1.070,+0.968
1605541500,+3.39, +3.969, +1.072,+0.968
1605541560,+3.39, +4.000, +1.073,+0.968
1605541620,+3.39, +4.000, +1.075,+0.968
1605541680,+3.39, +3.989, +1.080,+0.968
1605541740,+3.39, +3.989, +1.082,+0.968
1605541800,+3.39, +3.989, +1.083,+0.968
1605541860,+3.39, +3.969, +1.084,+0.968
1605541920,+3.39, +4.010, +1.084,+0.968
1605541980,+3.39, +3.989, +1.089,+0.968
1605542040,+3.39, +3.958, +1.091,+0.968
1605542100,+3.39, +4.000, +1.090,+0.968
1605542160,+3.39, +3.969, +1.089,+0.968
1605542220,+3.39, +3.979, +1.087,+0.968
1605542280,+3.39, +3.989, +1.085,+0.968
1605542340,+3.39, +3.989, +1.079,+0.968
1605542400,+3.39, +4.000, +1.074,+0.968
1605542460,+3.39, +3.958, +1.074,+0.968
1605542520,+3.39, +3.969, +1.068,+0.968
1605542580,+3.39, +3.969, +1.065,+0.968
1605542640,+3.39, +4.010, +1.060,+0.968
1605542700,+3.39, +3.969, +1.064,+0.968
1605542760,+3.39, +3.979, +1.059,+0.967
1605542820,+3.39, +3.948, +1.062,+0.968
1605542880,+3.39, +3.969, +1.062,+0.968
1605542940,+3.39, +3.989, +1.062,+0.968
1605543000,+3.39, +4.000, +1.062,+0.968
1605543060,+3.39, +3.969, +1.064,+0.968
1605543120,+3.39, +3.979, +1.064,+0.968
1605543180,+3.39, +3.979, +1.064,+0.968
1605543240,+3.39, +4.010, +1.063,+0.968
1605543300,+3.39, +3.989, +1.063,+0.968
1605543360,+3.39, +4.000, +1.065,+0.968
1605543420,+3.39, +3.989, +1.065,+0.968
1605543480,+3.39, +3.989, +1.064,+0.968
1605543540,+3.39, +3.989, +1.059,+0.968
1605543600,+3.39, +4.000, +1.056,+0.968
1605543660,+3.39, +3.979, +1.054,+0.968
1605543720,+3.39, +3.979, +1.049,+0.968
1605543780,+3.39, +3.979, +1.046,+0.968
1605543840,+3.39, +4.010, +1.043,+0.967
1605543900,+3.39, +3.969, +1.043,+0.967
1605543960,+3.39, +3.979, +1.044,+0.968
1605544020,+3.39, +3.989, +1.042,+0.968
1605544080,+3.39, +3.969, +1.043,+0.968
1605544140,+3.39, +3.969, +1.043,+0.967
1605544200,+3.39, +3.979, +1.045,+0.968
1605544260,+3.39, +3.989, +1.045,+0.968
1605544320,+3.39, +4.000, +1.047,+0.968
1605544380,+3.39, +3.979, +1.047,+0.968
1605544440,+3.39, +3.979, +1.046,+0.967
1605544500,+3.39, +3.969, +1.046,+0.967
1605544560,+3.39, +3.979, +1.048,+0.968
1605544620,+3.39, +3.969, +1.049,+0.968
1605544680,+3.39, +3.969, +1.050,+0.968
1605544740,+3.39, +3.969, +1.052,+0.968
1605544800,+3.39, +3.969, +1.055,+0.968
