7392-570653
OS REV: 1.11 Sensor Cal: 1428445788
Time (sec),  BV (Volts),  T (deg C),  DO (mg/l),  Q ()
1607964060,+3.39, +3.729, +0.167,+0.956
1607964120,+3.39, +3.740, +0.166,+0.956
1607964180,+3.39, +3.750, +0.167,+0.956
1607964240,+3.39, +3.761, +0.165,+0.956
1607964300,+3.39, +3.750, +0.167,+0.956
1607964360,+3.39, +3.771, +0.166,+0.956
1607964420,+3.39, +3.740, +0.166,+0.956
1607964480,+3.39, +3.771, +0.164,+0.956
1607964540,+3.39, +3.750, +0.167,+0.956
1607964600,+3.39, +3.771, +0.166,+0.956
1607964660,+3.39, +3.761, +0.168,+0.957
1607964720,+3.39, +3.740, +0.167,+0.956
1607964780,+3.39, +3.740, +0.167,+0.957
1607964840,+3.39, +3.729, +0.168,+0.956
1607964900,+3.39, +3.761, +0.167,+0.956
1607964960,+3.39, +3.761, +0.167,+0.956
1607965020,+3.39, +3.698, +0.168,+0.956
1607965080,+3.39, +3.761, +0.165,+0.956
1607965140,+3.39, +3.740, +0.168,+0.956
1607965200,+3.40, +3.750, +0.165,+0.956
1607965260,+3.39, +3.771, +0.167,+0.957
1607965320,+3.39, +3.761, +0.166,+0.957
1607965380,+3.39, +3.750, +0.167,+0.957
1607965440,+3.39, +3.761, +0.167,+0.956
1607965500,+3.39, +3.729, +0.167,+0.957
1607965560,+3.39, +3.761, +0.167,+0.957
1607965620,+3.39, +3.750, +0.168,+0.957
1607965680,+3.39, +3.750, +0.167,+0.956
1607965740,+3.39, +3.740, +0.168,+0.957
1607965800,+3.39, +3.761, +0.168,+0.957
1607965860,+3.39, +3.750, +0.167,+0.956
1607965920,+3.39, +3.729, +0.167,+0.957
1607965980,+3.39, +3.729, +0.167,+0.956
1607966040,+3.39, +3.781, +0.169,+0.957
1607966100,+3.39, +3.771, +0.168,+0.957
1607966160,+3.39, +3.761, +0.166,+0.956
1607966220,+3.39, +3.761, +0.166,+0.956
1607966280,+3.39, +3.740, +0.169,+0.957
1607966340,+3.39, +3.761, +0.167,+0.956
1607966400,+3.39, +3.761, +0.166,+0.957
1607966460,+3.39, +3.761, +0.166,+0.956
1607966520,+3.39, +3.740, +0.167,+0.956
1607966580,+3.39, +3.740, +0.170,+0.957
1607966640,+3.39, +3.740, +0.168,+0.956
1607966700,+3.39, +3.750, +0.168,+0.956
1607966760,+3.39, +3.729, +0.166,+0.957
1607966820,+3.39, +3.771, +0.167,+0.956
1607966880,+3.39, +3.761, +0.166,+0.956
1607966940,+3.39, +3.740, +0.169,+0.957
1607967000,+3.39, +3.750, +0.167,+0.957
1607967060,+3.39, +3.719, +0.168,+0.956
1607967120,+3.39, +3.740, +0.166,+0.956
1607967180,+3.39, +3.750, +0.167,+0.956
1607967240,+3.39, +3.719, +0.168,+0.956
1607967300,+3.39, +3.740, +0.166,+0.956
1607967360,+3.39, +3.729, +0.168,+0.957
1607967420,+3.39, +3.781, +0.166,+0.956
1607967480,+3.39, +3.729, +0.167,+0.956
1607967540,+3.39, +3.750, +0.167,+0.957
1607967600,+3.39, +3.771, +0.166,+0.956
1607967660,+3.39, +3.740, +0.166,+0.956
1607967720,+3.39, +3.719, +0.167,+0.956
1607967780,+3.39, +3.729, +0.168,+0.956
1607967840,+3.39, +3.740, +0.167,+0.956
1607967900,+3.39, +3.750, +0.166,+0.956
1607967960,+3.39, +3.729, +0.167,+0.956
1607968020,+3.39, +3.740, +0.167,+0.956
1607968080,+3.40, +3.750, +0.168,+0.956
1607968140,+3.39, +3.750, +0.167,+0.956
1607968200,+3.39, +3.740, +0.167,+0.957
1607968260,+3.39, +3.750, +0.168,+0.957
1607968320,+3.39, +3.750, +0.166,+0.957
1607968380,+3.39, +3.740, +0.168,+0.956
1607968440,+3.39, +3.740, +0.168,+0.957
1607968500,+3.39, +3.740, +0.166,+0.956
1607968560,+3.39, +3.740, +0.167,+0.957
1607968620,+3.39, +3.750, +0.167,+0.956
1607968680,+3.39, +3.750, +0.167,+0.956
1607968740,+3.39, +3.740, +0.167,+0.957
1607968800,+3.39, +3.740, +0.169,+0.957
1607968860,+3.39, +3.761, +0.167,+0.957
1607968920,+3.39, +3.750, +0.167,+0.956
1607968980,+3.39, +3.740, +0.165,+0.956
1607969040,+3.39, +3.750, +0.166,+0.956
1607969100,+3.39, +3.729, +0.167,+0.956
1607969160,+3.39, +3.761, +0.167,+0.956
1607969220,+3.39, +3.729, +0.169,+0.956
1607969280,+3.39, +3.740, +0.168,+0.957
1607969340,+3.39, +3.750, +0.166,+0.956
1607969400,+3.39, +3.740, +0.166,+0.956
1607969460,+3.39, +3.740, +0.167,+0.956
1607969520,+3.39, +3.740, +0.166,+0.956
1607969580,+3.40, +3.750, +0.168,+0.957
1607969640,+3.39, +3.750, +0.167,+0.956
1607969700,+3.40, +3.750, +0.167,+0.956
1607969760,+3.39, +3.740, +0.167,+0.956
1607969820,+3.39, +3.771, +0.167,+0.956
1607969880,+3.39, +3.761, +0.168,+0.957
1607969940,+3.39, +3.740, +0.167,+0.956
1607970000,+3.39, +3.740, +0.167,+0.956
1607970060,+3.39, +3.750, +0.168,+0.956
1607970120,+3.39, +3.750, +0.167,+0.956
1607970180,+3.39, +3.771, +0.167,+0.956
1607970240,+3.39, +3.719, +0.167,+0.956
1607970300,+3.40, +3.729, +0.167,+0.956
1607970360,+3.39, +3.771, +0.167,+0.957
1607970420,+3.39, +3.729, +0.167,+0.957
1607970480,+3.39, +3.740, +0.167,+0.956
1607970540,+3.39, +3.729, +0.168,+0.956
1607970600,+3.39, +3.761, +0.168,+0.957
1607970660,+3.39, +3.771, +0.166,+0.956
1607970720,+3.39, +3.781, +0.167,+0.957
1607970780,+3.39, +3.771, +0.165,+0.956
1607970840,+3.39, +3.729, +0.168,+0.956
1607970900,+3.40, +3.729, +0.167,+0.956
1607970960,+3.39, +3.781, +0.165,+0.956
1607971020,+3.39, +3.761, +0.167,+0.956
1607971080,+3.39, +3.761, +0.167,+0.957
1607971140,+3.39, +3.750, +0.167,+0.957
1607971200,+3.39, +3.761, +0.168,+0.957
1607971260,+3.39, +3.750, +0.167,+0.957
1607971320,+3.39, +3.771, +0.166,+0.957
1607971380,+3.39, +3.771, +0.168,+0.957
1607971440,+3.39, +3.761, +0.167,+0.956
1607971500,+3.39, +3.792, +0.167,+0.957
1607971560,+3.40, +3.761, +0.168,+0.957
1607971620,+3.39, +3.740, +0.167,+0.956
1607971680,+3.39, +3.750, +0.168,+0.956
1607971740,+3.39, +3.771, +0.165,+0.956
1607971800,+3.39, +3.740, +0.166,+0.956
1607971860,+3.40, +3.750, +0.167,+0.956
1607971920,+3.39, +3.761, +0.165,+0.956
1607971980,+3.40, +3.823, +0.166,+0.957
1607972040,+3.39, +3.740, +0.168,+0.956
1607972100,+3.39, +3.740, +0.167,+0.956
1607972160,+3.39, +3.750, +0.167,+0.956
1607972220,+3.39, +3.750, +0.169,+0.957
1607972280,+3.39, +3.740, +0.167,+0.956
1607972340,+3.39, +3.750, +0.166,+0.956
1607972400,+3.39, +3.771, +0.166,+0.956
1607972460,+3.39, +3.750, +0.168,+0.957
1607972520,+3.39, +3.761, +0.166,+0.957
1607972580,+3.39, +3.750, +0.166,+0.956
1607972640,+3.39, +3.761, +0.167,+0.957
1607972700,+3.39, +3.761, +0.166,+0.956
1607972760,+3.39, +3.750, +0.169,+0.957
1607972820,+3.39, +3.750, +0.167,+0.956
1607972880,+3.39, +3.771, +0.167,+0.957
1607972940,+3.39, +3.729, +0.166,+0.956
1607973000,+3.39, +3.771, +0.166,+0.956
1607973060,+3.39, +3.740, +0.168,+0.956
1607973120,+3.39, +3.750, +0.166,+0.957
1607973180,+3.39, +3.771, +0.166,+0.956
1607973240,+3.39, +3.740, +0.167,+0.956
1607973300,+3.39, +3.729, +0.168,+0.956
1607973360,+3.39, +3.729, +0.168,+0.957
1607973420,+3.39, +3.750, +0.167,+0.957
1607973480,+3.39, +3.719, +0.166,+0.956
1607973540,+3.40, +3.761, +0.167,+0.956
1607973600,+3.40, +3.750, +0.167,+0.956
1607973660,+3.39, +3.761, +0.167,+0.956
1607973720,+3.39, +3.750, +0.167,+0.956
1607973780,+3.39, +3.740, +0.168,+0.956
1607973840,+3.40, +3.761, +0.167,+0.956
1607973900,+3.39, +3.761, +0.166,+0.956
1607973960,+3.39, +3.740, +0.165,+0.956
1607974020,+3.39, +3.761, +0.167,+0.956
1607974080,+3.39, +3.761, +0.167,+0.957
1607974140,+3.39, +3.761, +0.167,+0.957
1607974200,+3.39, +3.761, +0.165,+0.956
1607974260,+3.39, +3.771, +0.168,+0.957
1607974320,+3.40, +3.771, +0.165,+0.956
1607974380,+3.39, +3.761, +0.167,+0.956
1607974440,+3.39, +3.771, +0.168,+0.957
1607974500,+3.39, +3.761, +0.168,+0.956
1607974560,+3.40, +3.761, +0.167,+0.957
1607974620,+3.39, +3.740, +0.167,+0.956
1607974680,+3.40, +3.761, +0.166,+0.956
1607974740,+3.39, +3.771, +0.166,+0.957
1607974800,+3.39, +3.750, +0.167,+0.957
1607974860,+3.39, +3.740, +0.168,+0.956
1607974920,+3.39, +3.750, +0.166,+0.956
1607974980,+3.39, +3.761, +0.168,+0.957
1607975040,+3.39, +3.750, +0.169,+0.957
1607975100,+3.39, +3.750, +0.167,+0.956
1607975160,+3.39, +3.750, +0.167,+0.956
1607975220,+3.39, +3.740, +0.166,+0.956
1607975280,+3.39, +3.761, +0.167,+0.956
1607975340,+3.39, +3.761, +0.165,+0.956
1607975400,+3.39, +3.750, +0.168,+0.956
1607975460,+3.39, +3.750, +0.166,+0.956
1607975520,+3.39, +3.761, +0.166,+0.956
1607975580,+3.39, +3.740, +0.168,+0.956
1607975640,+3.39, +3.750, +0.167,+0.956
1607975700,+3.39, +3.750, +0.168,+0.956
1607975760,+3.39, +3.750, +0.169,+0.956
1607975820,+3.39, +3.740, +0.167,+0.956
1607975880,+3.39, +3.750, +0.168,+0.956
1607975940,+3.39, +3.750, +0.167,+0.956
1607976000,+3.39, +3.771, +0.166,+0.956
1607976060,+3.39, +3.761, +0.167,+0.956
1607976120,+3.39, +3.771, +0.166,+0.956
1607976180,+3.39, +3.761, +0.167,+0.957
1607976240,+3.40, +3.729, +0.168,+0.956
1607976300,+3.39, +3.750, +0.167,+0.957
1607976360,+3.39, +3.761, +0.166,+0.956
1607976420,+3.39, +3.719, +0.168,+0.956
1607976480,+3.39, +3.740, +0.167,+0.957
1607976540,+3.39, +3.761, +0.166,+0.956
1607976600,+3.39, +3.740, +0.168,+0.956
1607976660,+3.39, +3.750, +0.167,+0.956
1607976720,+3.39, +3.750, +0.167,+0.957
1607976780,+3.39, +3.761, +0.167,+0.956
1607976840,+3.39, +3.761, +0.165,+0.956
1607976900,+3.40, +3.740, +0.167,+0.956
1607976960,+3.39, +3.750, +0.166,+0.956
1607977020,+3.39, +3.750, +0.167,+0.956
1607977080,+3.39, +3.771, +0.166,+0.957
1607977140,+3.39, +3.761, +0.167,+0.956
1607977200,+3.39, +3.750, +0.168,+0.956
1607977260,+3.39, +3.761, +0.167,+0.956
1607977320,+3.39, +3.761, +0.167,+0.956
1607977380,+3.39, +3.761, +0.169,+0.957
1607977440,+3.39, +3.761, +0.165,+0.956
1607977500,+3.39, +3.771, +0.165,+0.956
1607977560,+3.40, +3.750, +0.168,+0.956
1607977620,+3.39, +3.761, +0.166,+0.956
1607977680,+3.39, +3.761, +0.166,+0.956
1607977740,+3.39, +3.750, +0.168,+0.956
1607977800,+3.39, +3.781, +0.165,+0.956
1607977860,+3.39, +3.750, +0.167,+0.956
1607977920,+3.39, +3.750, +0.166,+0.956
1607977980,+3.39, +3.740, +0.166,+0.956
1607978040,+3.39, +3.761, +0.165,+0.956
1607978100,+3.39, +3.761, +0.166,+0.956
1607978160,+3.39, +3.750, +0.166,+0.956
1607978220,+3.39, +3.740, +0.168,+0.956
1607978280,+3.39, +3.750, +0.168,+0.956
1607978340,+3.39, +3.729, +0.168,+0.956
1607978400,+3.39, +3.740, +0.166,+0.956
1607978460,+3.39, +3.771, +0.167,+0.957
1607978520,+3.39, +3.750, +0.168,+0.956
1607978580,+3.40, +3.740, +0.167,+0.957
1607978640,+3.39, +3.761, +0.167,+0.956
1607978700,+3.40, +3.740, +0.169,+0.957
1607978760,+3.39, +3.761, +0.166,+0.956
1607978820,+3.39, +3.740, +0.168,+0.957
1607978880,+3.39, +3.761, +0.168,+0.957
1607978940,+3.39, +3.750, +0.166,+0.956
1607979000,+3.39, +3.761, +0.168,+0.957
1607979060,+3.39, +3.761, +0.166,+0.957
1607979120,+3.39, +3.750, +0.168,+0.956
1607979180,+3.39, +3.750, +0.167,+0.956
1607979240,+3.40, +3.750, +0.167,+0.956
1607979300,+3.39, +3.740, +0.167,+0.956
1607979360,+3.39, +3.750, +0.166,+0.956
1607979420,+3.39, +3.750, +0.166,+0.956
1607979480,+3.40, +3.750, +0.167,+0.956
1607979540,+3.39, +3.740, +0.168,+0.957
1607979600,+3.39, +3.740, +0.167,+0.957
1607979660,+3.39, +3.729, +0.168,+0.957
1607979720,+3.40, +3.729, +0.169,+0.956
1607979780,+3.39, +3.719, +0.168,+0.956
1607979840,+3.40, +3.750, +0.166,+0.956
1607979900,+3.39, +3.729, +0.167,+0.956
1607979960,+3.39, +3.771, +0.167,+0.957
1607980020,+3.39, +3.740, +0.166,+0.956
1607980080,+3.39, +3.750, +0.166,+0.956
1607980140,+3.39, +3.740, +0.167,+0.956
1607980200,+3.40, +3.740, +0.168,+0.956
1607980260,+3.40, +3.761, +0.169,+0.957
1607980320,+3.40, +3.771, +0.166,+0.956
1607980380,+3.39, +3.740, +0.168,+0.957
1607980440,+3.39, +3.740, +0.167,+0.956
1607980500,+3.39, +3.750, +0.167,+0.956
1607980560,+3.39, +3.750, +0.168,+0.956
1607980620,+3.39, +3.761, +0.167,+0.956
1607980680,+3.39, +3.740, +0.168,+0.957
1607980740,+3.39, +3.761, +0.169,+0.957
1607980800,+3.39, +3.781, +0.168,+0.957
1607980860,+3.39, +3.781, +0.168,+0.956
1607980920,+3.39, +3.740, +0.167,+0.956
1607980980,+3.39, +3.740, +0.167,+0.956
1607981040,+3.40, +3.761, +0.167,+0.956
1607981100,+3.39, +3.750, +0.167,+0.956
1607981160,+3.39, +3.750, +0.166,+0.956
1607981220,+3.39, +3.761, +0.166,+0.956
1607981280,+3.39, +3.761, +0.167,+0.956
1607981340,+3.40, +3.750, +0.167,+0.956
1607981400,+3.40, +3.750, +0.170,+0.957
1607981460,+3.40, +3.740, +0.168,+0.957
1607981520,+3.39, +3.750, +0.165,+0.956
1607981580,+3.39, +3.740, +0.167,+0.956
1607981640,+3.39, +3.740, +0.168,+0.956
1607981700,+3.39, +3.761, +0.168,+0.956
1607981760,+3.39, +3.761, +0.168,+0.957
1607981820,+3.39, +3.761, +0.168,+0.957
1607981880,+3.40, +3.750, +0.169,+0.957
1607981940,+3.40, +3.740, +0.167,+0.956
1607982000,+3.39, +3.750, +0.166,+0.956
1607982060,+3.39, +3.771, +0.165,+0.956
1607982120,+3.39, +3.740, +0.167,+0.957
1607982180,+3.39, +3.729, +0.167,+0.956
1607982240,+3.39, +3.740, +0.166,+0.956
1607982300,+3.40, +3.750, +0.167,+0.956
1607982360,+3.40, +3.740, +0.167,+0.956
1607982420,+3.39, +3.740, +0.168,+0.957
1607982480,+3.39, +3.781, +0.165,+0.956
1607982540,+3.39, +3.750, +0.166,+0.956
1607982600,+3.39, +3.708, +0.168,+0.956
1607982660,+3.39, +3.761, +0.166,+0.957
1607982720,+3.40, +3.750, +0.167,+0.956
1607982780,+3.39, +3.750, +0.167,+0.956
1607982840,+3.40, +3.750, +0.167,+0.956
1607982900,+3.40, +3.729, +0.167,+0.957
1607982960,+3.39, +3.771, +0.166,+0.956
1607983020,+3.39, +3.750, +0.167,+0.956
1607983080,+3.39, +3.750, +0.168,+0.956
1607983140,+3.39, +3.740, +0.167,+0.956
1607983200,+3.40, +3.761, +0.166,+0.956
1607983260,+3.39, +3.740, +0.168,+0.957
1607983320,+3.39, +3.708, +0.167,+0.956
1607983380,+3.39, +3.750, +0.167,+0.956
1607983440,+3.39, +3.771, +0.165,+0.957
1607983500,+3.39, +3.729, +0.167,+0.956
1607983560,+3.40, +3.771, +0.167,+0.956
1607983620,+3.39, +3.761, +0.167,+0.956
1607983680,+3.39, +3.750, +0.168,+0.956
1607983740,+3.39, +3.750, +0.166,+0.956
1607983800,+3.39, +3.750, +0.167,+0.957
1607983860,+3.39, +3.771, +0.168,+0.957
1607983920,+3.40, +3.740, +0.167,+0.956
1607983980,+3.39, +3.740, +0.168,+0.956
1607984040,+3.39, +3.740, +0.168,+0.956
1607984100,+3.40, +3.729, +0.168,+0.956
1607984160,+3.39, +3.750, +0.165,+0.956
1607984220,+3.40, +3.750, +0.166,+0.956
1607984280,+3.40, +3.750, +0.168,+0.957
1607984340,+3.39, +3.740, +0.168,+0.956
1607984400,+3.40, +3.740, +0.166,+0.956
1607984460,+3.40, +3.761, +0.167,+0.956
1607984520,+3.39, +3.740, +0.167,+0.956
1607984580,+3.39, +3.750, +0.166,+0.957
1607984640,+3.39, +3.740, +0.168,+0.957
1607984700,+3.40, +3.729, +0.168,+0.956
1607984760,+3.39, +3.729, +0.167,+0.956
1607984820,+3.40, +3.719, +0.166,+0.956
1607984880,+3.40, +3.729, +0.168,+0.956
1607984940,+3.40, +3.761, +0.167,+0.956
1607985000,+3.39, +3.761, +0.167,+0.957
1607985060,+3.39, +3.750, +0.166,+0.956
1607985120,+3.39, +3.740, +0.168,+0.957
1607985180,+3.39, +3.750, +0.168,+0.957
1607985240,+3.39, +3.740, +0.168,+0.956
1607985300,+3.39, +3.740, +0.168,+0.956
1607985360,+3.39, +3.740, +0.167,+0.956
1607985420,+3.39, +3.729, +0.167,+0.956
1607985480,+3.40, +3.761, +0.167,+0.956
1607985540,+3.39, +3.740, +0.166,+0.956
1607985600,+3.40, +3.729, +0.167,+0.956
1607985660,+3.39, +3.729, +0.168,+0.956
1607985720,+3.40, +3.771, +0.167,+0.957
1607985780,+3.40, +3.761, +0.167,+0.956
1607985840,+3.39, +3.750, +0.169,+0.957
1607985900,+3.39, +3.750, +0.166,+0.956
1607985960,+3.39, +3.750, +0.167,+0.956
1607986020,+3.40, +3.719, +0.167,+0.956
1607986080,+3.40, +3.740, +0.167,+0.956
1607986140,+3.39, +3.729, +0.167,+0.956
1607986200,+3.40, +3.750, +0.167,+0.956
1607986260,+3.39, +3.719, +0.167,+0.956
1607986320,+3.40, +3.750, +0.167,+0.956
1607986380,+3.39, +3.740, +0.165,+0.956
1607986440,+3.39, +3.740, +0.167,+0.957
1607986500,+3.39, +3.740, +0.167,+0.956
1607986560,+3.39, +3.740, +0.167,+0.956
1607986620,+3.39, +3.750, +0.168,+0.957
1607986680,+3.39, +3.761, +0.166,+0.956
1607986740,+3.39, +3.750, +0.168,+0.956
1607986800,+3.39, +3.781, +0.167,+0.957
1607986860,+3.39, +3.750, +0.167,+0.957
1607986920,+3.40, +3.729, +0.167,+0.956
1607986980,+3.39, +3.740, +0.166,+0.956
1607987040,+3.40, +3.740, +0.167,+0.956
1607987100,+3.39, +3.740, +0.166,+0.956
1607987160,+3.40, +3.761, +0.166,+0.957
1607987220,+3.39, +3.719, +0.168,+0.956
1607987280,+3.39, +3.740, +0.166,+0.956
1607987340,+3.39, +3.740, +0.167,+0.956
1607987400,+3.39, +3.750, +0.167,+0.957
1607987460,+3.39, +3.740, +0.166,+0.956
1607987520,+3.39, +3.729, +0.167,+0.956
1607987580,+3.40, +3.740, +0.167,+0.956
1607987640,+3.40, +3.740, +0.166,+0.956
1607987700,+3.40, +3.740, +0.165,+0.956
1607987760,+3.39, +3.771, +0.166,+0.957
1607987820,+3.39, +3.729, +0.168,+0.956
1607987880,+3.39, +3.740, +0.167,+0.956
1607987940,+3.39, +3.740, +0.167,+0.957
1607988000,+3.39, +3.729, +0.167,+0.957
1607988060,+3.40, +3.750, +0.167,+0.956
1607988120,+3.39, +3.750, +0.168,+0.957
1607988180,+3.39, +3.761, +0.167,+0.956
1607988240,+3.39, +3.740, +0.166,+0.956
1607988300,+3.39, +3.750, +0.167,+0.956
1607988360,+3.39, +3.740, +0.166,+0.956
1607988420,+3.40, +3.750, +0.165,+0.956
1607988480,+3.39, +3.750, +0.168,+0.956
1607988540,+3.40, +3.719, +0.166,+0.956
1607988600,+3.40, +3.729, +0.165,+0.956
1607988660,+3.39, +3.729, +0.167,+0.956
1607988720,+3.39, +3.771, +0.167,+0.957
1607988780,+3.39, +3.698, +0.169,+0.957
1607988840,+3.39, +3.740, +0.166,+0.956
1607988900,+3.40, +3.740, +0.166,+0.956
1607988960,+3.39, +3.771, +0.165,+0.956
1607989020,+3.40, +3.729, +0.166,+0.956
1607989080,+3.39, +3.740, +0.166,+0.956
1607989140,+3.40, +3.740, +0.167,+0.956
1607989200,+3.40, +3.729, +0.168,+0.957
1607989260,+3.39, +3.719, +0.168,+0.956
1607989320,+3.40, +3.740, +0.167,+0.956
1607989380,+3.39, +3.729, +0.166,+0.956
1607989440,+3.39, +3.750, +0.169,+0.957
1607989500,+3.39, +3.771, +0.167,+0.957
1607989560,+3.39, +3.740, +0.169,+0.956
1607989620,+3.39, +3.750, +0.167,+0.956
1607989680,+3.39, +3.750, +0.167,+0.956
1607989740,+3.39, +3.771, +0.167,+0.957
1607989800,+3.39, +3.719, +0.166,+0.956
1607989860,+3.39, +3.750, +0.167,+0.957
1607989920,+3.39, +3.761, +0.168,+0.957
1607989980,+3.39, +3.719, +0.166,+0.956
1607990040,+3.39, +3.740, +0.168,+0.956
1607990100,+3.40, +3.708, +0.168,+0.956
1607990160,+3.39, +3.729, +0.168,+0.956
1607990220,+3.39, +3.698, +0.168,+0.956
1607990280,+3.39, +3.740, +0.168,+0.957
1607990340,+3.39, +3.750, +0.167,+0.956
1607990400,+3.40, +3.667, +0.166,+0.956
1607990460,+3.40, +3.729, +0.168,+0.957
1607990520,+3.39, +3.781, +0.168,+0.957
1607990580,+3.39, +3.750, +0.167,+0.956
1607990640,+3.39, +3.740, +0.167,+0.956
1607990700,+3.40, +3.740, +0.168,+0.956
1607990760,+3.39, +3.729, +0.167,+0.956
1607990820,+3.39, +3.740, +0.166,+0.956
1607990880,+3.39, +3.761, +0.165,+0.956
1607990940,+3.39, +3.750, +0.168,+0.956
1607991000,+3.40, +3.740, +0.166,+0.956
1607991060,+3.39, +3.750, +0.167,+0.956
1607991120,+3.40, +3.740, +0.168,+0.956
1607991180,+3.40, +3.740, +0.167,+0.956
1607991240,+3.40, +3.761, +0.167,+0.956
1607991300,+3.40, +3.729, +0.168,+0.956
1607991360,+3.39, +3.750, +0.167,+0.956
1607991420,+3.39, +3.750, +0.167,+0.956
1607991480,+3.40, +3.740, +0.167,+0.956
1607991540,+3.39, +3.761, +0.167,+0.956
1607991600,+3.39, +3.740, +0.169,+0.956
1607991660,+3.39, +3.719, +0.167,+0.956
1607991720,+3.39, +3.740, +0.168,+0.956
1607991780,+3.40, +3.729, +0.167,+0.956
1607991840,+3.39, +3.729, +0.169,+0.956
1607991900,+3.39, +3.750, +0.168,+0.957
1607991960,+3.39, +3.771, +0.168,+0.956
1607992020,+3.40, +3.750, +0.168,+0.957
1607992080,+3.39, +3.750, +0.166,+0.956
1607992140,+3.39, +3.729, +0.166,+0.956
1607992200,+3.40, +3.719, +0.166,+0.956
1607992260,+3.40, +3.667, +0.168,+0.956
1607992320,+3.39, +3.740, +0.166,+0.957
1607992380,+3.39, +3.729, +0.168,+0.956
1607992440,+3.40, +3.761, +0.167,+0.956
1607992500,+3.39, +3.761, +0.167,+0.957
1607992560,+3.39, +3.729, +0.167,+0.956
1607992620,+3.40, +3.761, +0.166,+0.956
1607992680,+3.40, +3.761, +0.165,+0.956
1607992740,+3.39, +3.761, +0.168,+0.956
1607992800,+3.39, +3.750, +0.168,+0.956
1607992860,+3.39, +3.761, +0.167,+0.956
1607992920,+3.39, +3.750, +0.167,+0.956
1607992980,+3.39, +3.740, +0.167,+0.956
1607993040,+3.39, +3.740, +0.167,+0.956
1607993100,+3.40, +3.761, +0.166,+0.956
1607993160,+3.39, +3.740, +0.167,+0.956
1607993220,+3.39, +3.761, +0.167,+0.956
1607993280,+3.40, +3.761, +0.166,+0.956
1607993340,+3.39, +3.708, +0.167,+0.956
1607993400,+3.39, +3.740, +0.168,+0.956
1607993460,+3.39, +3.719, +0.168,+0.956
1607993520,+3.39, +3.761, +0.167,+0.956
1607993580,+3.40, +3.750, +0.166,+0.956
1607993640,+3.39, +3.750, +0.168,+0.956
1607993700,+3.39, +3.740, +0.167,+0.956
1607993760,+3.40, +3.740, +0.167,+0.956
1607993820,+3.40, +3.750, +0.168,+0.957
1607993880,+3.39, +3.761, +0.168,+0.956
1607993940,+3.40, +3.729, +0.167,+0.957
1607994000,+3.40, +3.729, +0.168,+0.956
1607994060,+3.39, +3.729, +0.167,+0.956
1607994120,+3.40, +3.761, +0.167,+0.956
1607994180,+3.39, +3.719, +0.168,+0.957
1607994240,+3.40, +3.740, +0.166,+0.956
1607994300,+3.39, +3.750, +0.167,+0.957
1607994360,+3.40, +3.761, +0.167,+0.956
1607994420,+3.40, +3.740, +0.168,+0.957
1607994480,+3.39, +3.761, +0.167,+0.956
1607994540,+3.40, +3.729, +0.167,+0.956
1607994600,+3.39, +3.719, +0.167,+0.956
1607994660,+3.39, +3.729, +0.167,+0.956
1607994720,+3.40, +3.729, +0.168,+0.956
1607994780,+3.40, +3.740, +0.166,+0.956
1607994840,+3.39, +3.740, +0.168,+0.956
1607994900,+3.40, +3.719, +0.168,+0.956
1607994960,+3.40, +3.740, +0.167,+0.956
1607995020,+3.40, +3.719, +0.168,+0.956
1607995080,+3.39, +3.708, +0.168,+0.956
1607995140,+3.40, +3.719, +0.168,+0.956
1607995200,+3.39, +3.740, +0.168,+0.957
1607995260,+3.40, +3.740, +0.167,+0.956
1607995320,+3.39, +3.719, +0.166,+0.956
1607995380,+3.40, +3.708, +0.167,+0.956
1607995440,+3.39, +3.740, +0.167,+0.956
1607995500,+3.39, +3.729, +0.166,+0.956
1607995560,+3.40, +3.729, +0.168,+0.957
1607995620,+3.40, +3.708, +0.167,+0.956
1607995680,+3.40, +3.740, +0.166,+0.956
1607995740,+3.39, +3.740, +0.166,+0.956
1607995800,+3.39, +3.740, +0.166,+0.956
1607995860,+3.39, +3.688, +0.168,+0.956
1607995920,+3.39, +3.719, +0.167,+0.956
1607995980,+3.39, +3.740, +0.167,+0.956
1607996040,+3.39, +3.719, +0.167,+0.956
1607996100,+3.40, +3.729, +0.166,+0.956
1607996160,+3.40, +3.708, +0.168,+0.956
1607996220,+3.39, +3.750, +0.166,+0.956
1607996280,+3.39, +3.719, +0.166,+0.956
1607996340,+3.39, +3.740, +0.167,+0.956
1607996400,+3.39, +3.719, +0.166,+0.956
1607996460,+3.39, +3.750, +0.167,+0.957
1607996520,+3.40, +3.719, +0.167,+0.956
1607996580,+3.39, +3.729, +0.168,+0.957
1607996640,+3.40, +3.729, +0.167,+0.956
1607996700,+3.39, +3.750, +0.167,+0.956
1607996760,+3.40, +3.781, +0.169,+0.957
1607996820,+3.40, +3.771, +0.167,+0.957
1607996880,+3.39, +3.740, +0.166,+0.956
1607996940,+3.40, +3.750, +0.167,+0.956
1607997000,+3.39, +3.750, +0.169,+0.957
1607997060,+3.39, +3.708, +0.169,+0.956
1607997120,+3.40, +3.750, +0.167,+0.956
1607997180,+3.40, +3.729, +0.166,+0.956
1607997240,+3.39, +3.729, +0.168,+0.956
1607997300,+3.40, +3.708, +0.167,+0.956
1607997360,+3.40, +3.740, +0.168,+0.957
1607997420,+3.39, +3.698, +0.166,+0.956
1607997480,+3.40, +3.771, +0.167,+0.957
1607997540,+3.40, +3.729, +0.167,+0.956
1607997600,+3.39, +3.750, +0.167,+0.956
1607997660,+3.39, +3.708, +0.168,+0.956
1607997720,+3.39, +3.729, +0.167,+0.956
1607997780,+3.40, +3.719, +0.168,+0.956
1607997840,+3.40, +3.740, +0.166,+0.956
1607997900,+3.39, +3.740, +0.167,+0.956
1607997960,+3.40, +3.740, +0.167,+0.957
1607998020,+3.39, +3.740, +0.167,+0.956
1607998080,+3.40, +3.729, +0.169,+0.957
1607998140,+3.40, +3.698, +0.168,+0.956
1607998200,+3.39, +3.750, +0.165,+0.956
1607998260,+3.40, +3.750, +0.167,+0.956
1607998320,+3.39, +3.729, +0.167,+0.956
1607998380,+3.40, +3.740, +0.168,+0.956
1607998440,+3.40, +3.740, +0.168,+0.957
1607998500,+3.39, +3.740, +0.167,+0.956
1607998560,+3.39, +3.729, +0.169,+0.957
1607998620,+3.39, +3.729, +0.166,+0.956
1607998680,+3.40, +3.719, +0.166,+0.956
1607998740,+3.39, +3.729, +0.167,+0.956
1607998800,+3.39, +3.729, +0.167,+0.956
1607998860,+3.39, +3.719, +0.167,+0.956
1607998920,+3.39, +3.729, +0.168,+0.956
1607998980,+3.39, +3.729, +0.167,+0.956
1607999040,+3.39, +3.729, +0.168,+0.957
1607999100,+3.40, +3.740, +0.167,+0.956
1607999160,+3.39, +3.688, +0.168,+0.956
1607999220,+3.39, +3.719, +0.167,+0.956
1607999280,+3.40, +3.729, +0.168,+0.957
1607999340,+3.40, +3.719, +0.169,+0.957
1607999400,+3.39, +3.729, +0.168,+0.957
1607999460,+3.40, +3.708, +0.166,+0.956
1607999520,+3.39, +3.729, +0.167,+0.956
1607999580,+3.39, +3.740, +0.166,+0.956
1607999640,+3.39, +3.729, +0.168,+0.956
1607999700,+3.40, +3.740, +0.166,+0.956
1607999760,+3.39, +3.729, +0.166,+0.956
1607999820,+3.39, +3.740, +0.167,+0.956
1607999880,+3.39, +3.729, +0.169,+0.957
1607999940,+3.39, +3.740, +0.167,+0.956
1608000000,+3.39, +3.740, +0.166,+0.956
1608000060,+3.40, +3.729, +0.167,+0.956
1608000120,+3.39, +3.729, +0.168,+0.957
1608000180,+3.40, +3.729, +0.167,+0.956
1608000240,+3.39, +3.729, +0.167,+0.956
1608000300,+3.40, +3.729, +0.167,+0.956
1608000360,+3.39, +3.719, +0.167,+0.956
1608000420,+3.39, +3.729, +0.169,+0.956
1608000480,+3.39, +3.740, +0.168,+0.956
1608000540,+3.39, +3.729, +0.168,+0.956
1608000600,+3.39, +3.729, +0.166,+0.956
1608000660,+3.40, +3.740, +0.167,+0.956
1608000720,+3.39, +3.708, +0.168,+0.956
1608000780,+3.39, +3.719, +0.168,+0.956
1608000840,+3.39, +3.729, +0.168,+0.957
1608000900,+3.39, +3.750, +0.166,+0.956
1608000960,+3.39, +3.761, +0.167,+0.956
1608001020,+3.40, +3.740, +0.168,+0.957
1608001080,+3.39, +3.761, +0.167,+0.957
1608001140,+3.39, +3.740, +0.168,+0.957
1608001200,+3.39, +3.740, +0.165,+0.956
1608001260,+3.39, +3.729, +0.167,+0.956
1608001320,+3.39, +3.740, +0.168,+0.956
1608001380,+3.39, +3.750, +0.167,+0.956
1608001440,+3.40, +3.729, +0.166,+0.956
1608001500,+3.39, +3.729, +0.167,+0.956
1608001560,+3.39, +3.698, +0.166,+0.956
1608001620,+3.39, +3.688, +0.168,+0.956
1608001680,+3.39, +3.750, +0.167,+0.957
1608001740,+3.39, +3.740, +0.166,+0.956
1608001800,+3.39, +3.729, +0.168,+0.957
1608001860,+3.39, +3.771, +0.165,+0.956
1608001920,+3.39, +3.708, +0.168,+0.956
1608001980,+3.40, +3.740, +0.167,+0.956
1608002040,+3.39, +3.729, +0.166,+0.956
1608002100,+3.39, +3.740, +0.167,+0.956
1608002160,+3.39, +3.740, +0.166,+0.956
1608002220,+3.40, +3.729, +0.166,+0.956
1608002280,+3.39, +3.740, +0.167,+0.956
1608002340,+3.39, +3.750, +0.166,+0.956
1608002400,+3.40, +3.750, +0.166,+0.956
1608002460,+3.39, +3.750, +0.165,+0.956
1608002520,+3.39, +3.729, +0.167,+0.956
1608002580,+3.39, +3.729, +0.166,+0.956
1608002640,+3.39, +3.750, +0.166,+0.956
1608002700,+3.39, +3.729, +0.166,+0.956
1608002760,+3.40, +3.708, +0.169,+0.956
1608002820,+3.39, +3.740, +0.167,+0.956
1608002880,+3.39, +3.771, +0.166,+0.956
1608002940,+3.40, +3.729, +0.167,+0.956
1608003000,+3.39, +3.729, +0.167,+0.956
1608003060,+3.39, +3.708, +0.168,+0.956
1608003120,+3.40, +3.740, +0.168,+0.956
1608003180,+3.39, +3.792, +0.168,+0.957
1608003240,+3.39, +3.740, +0.167,+0.956
1608003300,+3.39, +3.750, +0.167,+0.956
1608003360,+3.39, +3.761, +0.167,+0.956
1608003420,+3.39, +3.729, +0.168,+0.956
1608003480,+3.39, +3.761, +0.163,+0.956
1608003540,+3.39, +3.729, +0.168,+0.957
1608003600,+3.39, +3.750, +0.167,+0.956
1608003660,+3.39, +3.740, +0.167,+0.956
1608003720,+3.40, +3.740, +0.167,+0.957
1608003780,+3.39, +3.740, +0.167,+0.956
1608003840,+3.40, +3.761, +0.166,+0.956
1608003900,+3.40, +3.750, +0.168,+0.956
1608003960,+3.39, +3.729, +0.167,+0.956
1608004020,+3.40, +3.740, +0.166,+0.956
1608004080,+3.39, +3.740, +0.166,+0.956
1608004140,+3.40, +3.740, +0.167,+0.956
1608004200,+3.40, +3.708, +0.168,+0.956
1608004260,+3.40, +3.750, +0.167,+0.956
1608004320,+3.39, +3.750, +0.167,+0.957
1608004380,+3.39, +3.740, +0.169,+0.957
1608004440,+3.39, +3.750, +0.167,+0.956
1608004500,+3.39, +3.761, +0.165,+0.956
1608004560,+3.39, +3.740, +0.167,+0.956
1608004620,+3.40, +3.750, +0.167,+0.956
1608004680,+3.39, +3.750, +0.168,+0.957
1608004740,+3.40, +3.740, +0.167,+0.956
1608004800,+3.39, +3.729, +0.168,+0.956
1608004860,+3.39, +3.761, +0.167,+0.956
1608004920,+3.39, +3.719, +0.167,+0.956
1608004980,+3.39, +3.740, +0.168,+0.956
1608005040,+3.40, +3.719, +0.167,+0.956
1608005100,+3.40, +3.750, +0.166,+0.957
1608005160,+3.40, +3.740, +0.167,+0.956
1608005220,+3.39, +3.729, +0.165,+0.956
1608005280,+3.39, +3.750, +0.167,+0.956
1608005340,+3.39, +3.761, +0.167,+0.957
1608005400,+3.39, +3.719, +0.168,+0.956
1608005460,+3.40, +3.750, +0.166,+0.957
1608005520,+3.39, +3.729, +0.169,+0.956
1608005580,+3.40, +3.698, +0.166,+0.956
1608005640,+3.39, +3.750, +0.167,+0.956
1608005700,+3.40, +3.729, +0.166,+0.956
1608005760,+3.39, +3.729, +0.168,+0.957
1608005820,+3.39, +3.761, +0.167,+0.956
1608005880,+3.39, +3.729, +0.166,+0.956
1608005940,+3.39, +3.761, +0.167,+0.956
1608006000,+3.39, +3.750, +0.167,+0.956
1608006060,+3.40, +3.729, +0.169,+0.956
1608006120,+3.39, +3.761, +0.166,+0.956
1608006180,+3.39, +3.740, +0.168,+0.956
1608006240,+3.39, +3.750, +0.166,+0.956
1608006300,+3.39, +3.688, +0.167,+0.956
1608006360,+3.39, +3.719, +0.167,+0.956
1608006420,+3.40, +3.729, +0.167,+0.956
1608006480,+3.39, +3.750, +0.167,+0.956
1608006540,+3.40, +3.750, +0.168,+0.956
1608006600,+3.39, +3.740, +0.169,+0.956
1608006660,+3.40, +3.719, +0.168,+0.956
1608006720,+3.39, +3.771, +0.166,+0.956
1608006780,+3.39, +3.708, +0.167,+0.956
1608006840,+3.40, +3.740, +0.168,+0.956
1608006900,+3.39, +3.761, +0.167,+0.956
1608006960,+3.39, +3.761, +0.167,+0.957
1608007020,+3.40, +3.729, +0.167,+0.956
1608007080,+3.39, +3.771, +0.167,+0.956
1608007140,+3.40, +3.771, +0.167,+0.956
1608007200,+3.39, +3.771, +0.167,+0.956
1608007260,+3.39, +3.750, +0.165,+0.956
1608007320,+3.39, +3.719, +0.167,+0.956
1608007380,+3.40, +3.750, +0.168,+0.957
1608007440,+3.40, +3.740, +0.167,+0.956
1608007500,+3.39, +3.740, +0.168,+0.956
1608007560,+3.39, +3.740, +0.168,+0.956
1608007620,+3.39, +3.750, +0.168,+0.956
1608007680,+3.39, +3.750, +0.167,+0.956
1608007740,+3.39, +3.761, +0.167,+0.956
1608007800,+3.40, +3.729, +0.169,+0.956
1608007860,+3.39, +3.719, +0.169,+0.956
1608007920,+3.40, +3.761, +0.166,+0.956
1608007980,+3.39, +3.771, +0.166,+0.956
1608008040,+3.39, +3.750, +0.167,+0.957
1608008100,+3.39, +3.729, +0.167,+0.956
1608008160,+3.39, +3.750, +0.166,+0.956
1608008220,+3.39, +3.719, +0.167,+0.956
1608008280,+3.40, +3.719, +0.166,+0.956
1608008340,+3.39, +3.740, +0.166,+0.956
1608008400,+3.39, +3.750, +0.167,+0.956
1608008460,+3.40, +3.750, +0.168,+0.957
1608008520,+3.39, +3.740, +0.167,+0.956
1608008580,+3.39, +3.740, +0.166,+0.957
1608008640,+3.39, +3.750, +0.168,+0.957
1608008700,+3.40, +3.750, +0.167,+0.957
1608008760,+3.39, +3.771, +0.166,+0.956
1608008820,+3.39, +3.729, +0.167,+0.956
1608008880,+3.39, +3.740, +0.167,+0.956
1608008940,+3.39, +3.750, +0.166,+0.956
1608009000,+3.39, +3.729, +0.167,+0.956
1608009060,+3.39, +3.750, +0.166,+0.957
1608009120,+3.39, +3.761, +0.166,+0.956
1608009180,+3.40, +3.761, +0.167,+0.956
1608009240,+3.39, +3.740, +0.169,+0.957
1608009300,+3.39, +3.740, +0.166,+0.956
1608009360,+3.39, +3.729, +0.165,+0.956
1608009420,+3.39, +3.750, +0.167,+0.957
1608009480,+3.39, +3.719, +0.167,+0.956
1608009540,+3.39, +3.750, +0.167,+0.957
1608009600,+3.40, +3.729, +0.167,+0.956
1608009660,+3.40, +3.688, +0.168,+0.956
1608009720,+3.40, +3.719, +0.167,+0.956
1608009780,+3.40, +3.750, +0.166,+0.956
1608009840,+3.40, +3.761, +0.167,+0.957
1608009900,+3.39, +3.719, +0.166,+0.956
1608009960,+3.40, +3.729, +0.168,+0.956
1608010020,+3.39, +3.740, +0.167,+0.957
1608010080,+3.39, +3.729, +0.166,+0.956
1608010140,+3.40, +3.761, +0.166,+0.956
1608010200,+3.39, +3.761, +0.169,+0.957
1608010260,+3.40, +3.740, +0.166,+0.956
1608010320,+3.40, +3.750, +0.166,+0.956
1608010380,+3.40, +3.750, +0.168,+0.956
1608010440,+3.39, +3.761, +0.164,+0.956
1608010500,+3.40, +3.740, +0.167,+0.956
1608010560,+3.40, +3.729, +0.167,+0.956
1608010620,+3.39, +3.740, +0.168,+0.956
1608010680,+3.40, +3.781, +0.167,+0.957
1608010740,+3.39, +3.740, +0.167,+0.956
1608010800,+3.39, +3.719, +0.167,+0.956
1608010860,+3.40, +3.740, +0.166,+0.956
1608010920,+3.39, +3.761, +0.168,+0.956
1608010980,+3.40, +3.750, +0.168,+0.957
1608011040,+3.39, +3.729, +0.166,+0.956
1608011100,+3.39, +3.729, +0.167,+0.956
1608011160,+3.40, +3.719, +0.168,+0.956
1608011220,+3.40, +3.740, +0.166,+0.956
1608011280,+3.39, +3.740, +0.167,+0.956
1608011340,+3.39, +3.740, +0.166,+0.956
1608011400,+3.39, +3.688, +0.166,+0.956
1608011460,+3.39, +3.761, +0.168,+0.957
1608011520,+3.39, +3.750, +0.165,+0.956
1608011580,+3.39, +3.740, +0.167,+0.956
1608011640,+3.39, +3.729, +0.166,+0.956
1608011700,+3.39, +3.740, +0.167,+0.957
1608011760,+3.40, +3.729, +0.167,+0.956
1608011820,+3.39, +3.729, +0.167,+0.956
1608011880,+3.40, +3.729, +0.169,+0.956
1608011940,+3.39, +3.761, +0.168,+0.957
1608012000,+3.39, +3.740, +0.167,+0.956
1608012060,+3.39, +3.719, +0.166,+0.956
1608012120,+3.40, +3.761, +0.166,+0.956
1608012180,+3.39, +3.750, +0.168,+0.956
1608012240,+3.39, +3.771, +0.166,+0.956
1608012300,+3.39, +3.771, +0.165,+0.956
1608012360,+3.39, +3.729, +0.166,+0.956
1608012420,+3.39, +3.750, +0.167,+0.956
1608012480,+3.39, +3.740, +0.168,+0.956
1608012540,+3.40, +3.750, +0.167,+0.957
1608012600,+3.39, +3.740, +0.167,+0.956
1608012660,+3.40, +3.740, +0.166,+0.956
1608012720,+3.39, +3.771, +0.166,+0.957
1608012780,+3.39, +3.729, +0.168,+0.956
1608012840,+3.39, +3.729, +0.167,+0.956
1608012900,+3.39, +3.719, +0.167,+0.956
1608012960,+3.39, +3.729, +0.166,+0.956
1608013020,+3.39, +3.750, +0.167,+0.957
1608013080,+3.39, +3.740, +0.167,+0.957
1608013140,+3.39, +3.740, +0.168,+0.956
1608013200,+3.40, +3.740, +0.164,+0.956
1608013260,+3.39, +3.729, +0.169,+0.957
1608013320,+3.40, +3.761, +0.166,+0.956
1608013380,+3.39, +3.771, +0.168,+0.957
1608013440,+3.39, +3.729, +0.166,+0.957
1608013500,+3.39, +3.729, +0.168,+0.957
1608013560,+3.39, +3.750, +0.167,+0.957
1608013620,+3.39, +3.750, +0.167,+0.956
1608013680,+3.39, +3.719, +0.167,+0.956
1608013740,+3.39, +3.729, +0.166,+0.956
1608013800,+3.39, +3.750, +0.166,+0.956
1608013860,+3.39, +3.750, +0.167,+0.956
1608013920,+3.39, +3.729, +0.167,+0.956
1608013980,+3.39, +3.729, +0.168,+0.957
1608014040,+3.40, +3.740, +0.167,+0.956
1608014100,+3.39, +3.750, +0.166,+0.956
1608014160,+3.39, +3.729, +0.165,+0.956
1608014220,+3.40, +3.729, +0.167,+0.956
1608014280,+3.39, +3.729, +0.166,+0.956
1608014340,+3.39, +3.740, +0.167,+0.956
1608014400,+3.39, +3.750, +0.168,+0.957
1608014460,+3.39, +3.729, +0.166,+0.956
1608014520,+3.39, +3.719, +0.167,+0.956
1608014580,+3.40, +3.740, +0.168,+0.956
1608014640,+3.39, +3.750, +0.168,+0.956
1608014700,+3.39, +3.750, +0.168,+0.957
1608014760,+3.40, +3.729, +0.168,+0.956
1608014820,+3.39, +3.750, +0.166,+0.956
1608014880,+3.39, +3.750, +0.167,+0.957
1608014940,+3.40, +3.750, +0.167,+0.957
1608015000,+3.39, +3.719, +0.168,+0.956
1608015060,+3.39, +3.677, +0.168,+0.956
1608015120,+3.39, +3.750, +0.166,+0.957
1608015180,+3.39, +3.750, +0.166,+0.956
1608015240,+3.39, +3.750, +0.166,+0.956
1608015300,+3.40, +3.719, +0.166,+0.956
1608015360,+3.40, +3.729, +0.167,+0.956
1608015420,+3.39, +3.781, +0.167,+0.956
1608015480,+3.39, +3.761, +0.167,+0.956
1608015540,+3.39, +3.740, +0.168,+0.956
1608015600,+3.39, +3.761, +0.167,+0.956
1608015660,+3.39, +3.740, +0.166,+0.956
1608015720,+3.39, +3.740, +0.168,+0.956
1608015780,+3.40, +3.740, +0.166,+0.956
1608015840,+3.40, +3.740, +0.168,+0.956
1608015900,+3.39, +3.740, +0.167,+0.956
1608015960,+3.39, +3.750, +0.167,+0.956
1608016020,+3.39, +3.740, +0.167,+0.956
1608016080,+3.40, +3.750, +0.167,+0.956
1608016140,+3.39, +3.719, +0.167,+0.956
1608016200,+3.39, +3.740, +0.167,+0.956
1608016260,+3.40, +3.740, +0.165,+0.956
1608016320,+3.39, +3.771, +0.166,+0.956
1608016380,+3.40, +3.750, +0.167,+0.956
1608016440,+3.39, +3.729, +0.168,+0.956
1608016500,+3.39, +3.740, +0.167,+0.956
1608016560,+3.39, +3.761, +0.169,+0.957
1608016620,+3.39, +3.750, +0.168,+0.957
1608016680,+3.39, +3.761, +0.168,+0.957
1608016740,+3.39, +3.750, +0.166,+0.956
1608016800,+3.39, +3.740, +0.166,+0.956
1608016860,+3.39, +3.761, +0.166,+0.956
1608016920,+3.39, +3.740, +0.168,+0.956
1608016980,+3.39, +3.719, +0.169,+0.956
1608017040,+3.39, +3.761, +0.167,+0.957
1608017100,+3.39, +3.750, +0.166,+0.956
1608017160,+3.39, +3.771, +0.167,+0.957
1608017220,+3.39, +3.761, +0.166,+0.956
1608017280,+3.40, +3.740, +0.165,+0.956
1608017340,+3.40, +3.750, +0.168,+0.956
1608017400,+3.39, +3.740, +0.166,+0.956
1608017460,+3.40, +3.740, +0.167,+0.956
1608017520,+3.39, +3.740, +0.167,+0.956
1608017580,+3.40, +3.729, +0.166,+0.956
1608017640,+3.39, +3.740, +0.168,+0.956
1608017700,+3.39, +3.729, +0.167,+0.956
1608017760,+3.39, +3.740, +0.166,+0.956
1608017820,+3.39, +3.750, +0.164,+0.956
1608017880,+3.40, +3.729, +0.168,+0.957
1608017940,+3.39, +3.750, +0.166,+0.956
1608018000,+3.39, +3.729, +0.167,+0.956
1608018060,+3.39, +3.750, +0.167,+0.956
1608018120,+3.39, +3.750, +0.167,+0.956
1608018180,+3.40, +3.750, +0.167,+0.956
1608018240,+3.39, +3.719, +0.168,+0.956
1608018300,+3.39, +3.740, +0.166,+0.956
1608018360,+3.39, +3.729, +0.167,+0.956
1608018420,+3.39, +3.792, +0.166,+0.957
1608018480,+3.40, +3.740, +0.166,+0.956
1608018540,+3.39, +3.750, +0.167,+0.957
1608018600,+3.40, +3.750, +0.166,+0.956
1608018660,+3.39, +3.729, +0.167,+0.956
1608018720,+3.39, +3.729, +0.165,+0.956
1608018780,+3.39, +3.740, +0.168,+0.956
1608018840,+3.39, +3.719, +0.167,+0.956
1608018900,+3.40, +3.750, +0.168,+0.956
1608018960,+3.40, +3.761, +0.166,+0.956
1608019020,+3.40, +3.771, +0.166,+0.956
1608019080,+3.39, +3.740, +0.167,+0.956
1608019140,+3.39, +3.740, +0.166,+0.956
1608019200,+3.40, +3.677, +0.168,+0.956
1608019260,+3.39, +3.740, +0.167,+0.956
1608019320,+3.39, +3.750, +0.166,+0.956
1608019380,+3.39, +3.781, +0.166,+0.957
1608019440,+3.39, +3.729, +0.168,+0.956
1608019500,+3.39, +3.761, +0.169,+0.957
1608019560,+3.39, +3.761, +0.165,+0.956
1608019620,+3.40, +3.740, +0.166,+0.956
1608019680,+3.39, +3.719, +0.167,+0.956
1608019740,+3.40, +3.740, +0.168,+0.956
1608019800,+3.39, +3.750, +0.167,+0.956
1608019860,+3.40, +3.740, +0.165,+0.956
1608019920,+3.39, +3.771, +0.167,+0.957
1608019980,+3.39, +3.729, +0.167,+0.957
1608020040,+3.39, +3.729, +0.167,+0.956
1608020100,+3.39, +3.750, +0.164,+0.956
1608020160,+3.39, +3.740, +0.167,+0.956
1608020220,+3.39, +3.729, +0.167,+0.956
1608020280,+3.39, +3.750, +0.167,+0.957
1608020340,+3.40, +3.729, +0.166,+0.956
1608020400,+3.40, +3.750, +0.165,+0.957
1608020460,+3.40, +3.750, +0.167,+0.956
1608020520,+3.39, +3.740, +0.167,+0.956
1608020580,+3.39, +3.750, +0.167,+0.956
1608020640,+3.39, +3.761, +0.165,+0.956
1608020700,+3.39, +3.750, +0.167,+0.956
1608020760,+3.39, +3.771, +0.166,+0.956
1608020820,+3.39, +3.740, +0.167,+0.956
1608020880,+3.40, +3.719, +0.166,+0.956
1608020940,+3.39, +3.761, +0.167,+0.957
1608021000,+3.40, +3.750, +0.167,+0.956
1608021060,+3.39, +3.761, +0.165,+0.956
1608021120,+3.39, +3.750, +0.167,+0.956
1608021180,+3.39, +3.740, +0.167,+0.957
1608021240,+3.39, +3.740, +0.169,+0.957
1608021300,+3.39, +3.761, +0.166,+0.957
1608021360,+3.39, +3.719, +0.169,+0.956
1608021420,+3.39, +3.729, +0.168,+0.956
1608021480,+3.39, +3.740, +0.168,+0.956
1608021540,+3.39, +3.750, +0.167,+0.957
1608021600,+3.39, +3.761, +0.165,+0.956
1608021660,+3.39, +3.729, +0.168,+0.956
1608021720,+3.39, +3.750, +0.166,+0.956
1608021780,+3.40, +3.740, +0.168,+0.956
1608021840,+3.39, +3.750, +0.168,+0.956
1608021900,+3.39, +3.729, +0.168,+0.957
1608021960,+3.39, +3.729, +0.167,+0.956
1608022020,+3.39, +3.740, +0.167,+0.956
1608022080,+3.39, +3.740, +0.168,+0.957
1608022140,+3.40, +3.708, +0.169,+0.956
1608022200,+3.39, +3.761, +0.166,+0.956
1608022260,+3.39, +3.719, +0.166,+0.956
1608022320,+3.39, +3.729, +0.168,+0.956
1608022380,+3.39, +3.750, +0.168,+0.956
1608022440,+3.40, +3.708, +0.167,+0.956
1608022500,+3.39, +3.750, +0.167,+0.956
1608022560,+3.39, +3.740, +0.165,+0.956
1608022620,+3.39, +3.740, +0.168,+0.956
1608022680,+3.39, +3.740, +0.167,+0.956
1608022740,+3.39, +3.740, +0.167,+0.956
1608022800,+3.40, +3.750, +0.165,+0.956
1608022860,+3.39, +3.750, +0.168,+0.956
1608022920,+3.40, +3.729, +0.166,+0.956
1608022980,+3.40, +3.750, +0.168,+0.957
1608023040,+3.39, +3.750, +0.165,+0.956
1608023100,+3.40, +3.761, +0.166,+0.956
1608023160,+3.39, +3.750, +0.166,+0.956
1608023220,+3.39, +3.729, +0.168,+0.956
1608023280,+3.39, +3.740, +0.168,+0.956
1608023340,+3.39, +3.750, +0.166,+0.956
1608023400,+3.39, +3.708, +0.168,+0.956
1608023460,+3.39, +3.750, +0.167,+0.957
1608023520,+3.39, +3.719, +0.167,+0.956
1608023580,+3.40, +3.729, +0.167,+0.956
1608023640,+3.39, +3.740, +0.166,+0.956
1608023700,+3.39, +3.771, +0.168,+0.957
1608023760,+3.39, +3.750, +0.167,+0.956
1608023820,+3.39, +3.761, +0.166,+0.956
1608023880,+3.40, +3.740, +0.167,+0.956
1608023940,+3.40, +3.761, +0.168,+0.957
1608024000,+3.39, +3.740, +0.169,+0.956
1608024060,+3.39, +3.677, +0.167,+0.956
1608024120,+3.39, +3.729, +0.165,+0.956
1608024180,+3.39, +3.761, +0.167,+0.956
1608024240,+3.40, +3.729, +0.167,+0.956
1608024300,+3.39, +3.729, +0.166,+0.956
1608024360,+3.39, +3.740, +0.165,+0.956
1608024420,+3.39, +3.740, +0.167,+0.956
1608024480,+3.39, +3.761, +0.167,+0.957
1608024540,+3.39, +3.750, +0.166,+0.956
1608024600,+3.40, +3.719, +0.166,+0.956
1608024660,+3.39, +3.750, +0.168,+0.957
1608024720,+3.39, +3.771, +0.168,+0.957
1608024780,+3.40, +3.740, +0.168,+0.957
1608024840,+3.40, +3.729, +0.165,+0.956
1608024900,+3.39, +3.740, +0.167,+0.956
1608024960,+3.40, +3.740, +0.167,+0.957
1608025020,+3.39, +3.750, +0.167,+0.956
1608025080,+3.39, +3.750, +0.167,+0.957
1608025140,+3.40, +3.750, +0.166,+0.956
1608025200,+3.40, +3.761, +0.168,+0.956
1608025260,+3.39, +3.750, +0.166,+0.956
1608025320,+3.39, +3.740, +0.166,+0.956
1608025380,+3.39, +3.740, +0.169,+0.956
1608025440,+3.39, +3.750, +0.167,+0.956
1608025500,+3.39, +3.740, +0.167,+0.956
1608025560,+3.40, +3.750, +0.169,+0.957
1608025620,+3.39, +3.771, +0.167,+0.957
1608025680,+3.39, +3.761, +0.166,+0.956
1608025740,+3.39, +3.740, +0.168,+0.956
1608025800,+3.39, +3.781, +0.167,+0.956
1608025860,+3.39, +3.677, +0.168,+0.956
1608025920,+3.39, +3.729, +0.167,+0.957
1608025980,+3.39, +3.771, +0.166,+0.956
1608026040,+3.39, +3.729, +0.167,+0.956
1608026100,+3.40, +3.719, +0.169,+0.957
1608026160,+3.39, +3.750, +0.168,+0.956
1608026220,+3.39, +3.719, +0.168,+0.956
1608026280,+3.39, +3.740, +0.167,+0.956
1608026340,+3.39, +3.729, +0.168,+0.956
1608026400,+3.40, +3.708, +0.168,+0.956
1608026460,+3.39, +3.750, +0.168,+0.956
1608026520,+3.39, +3.771, +0.167,+0.956
1608026580,+3.39, +3.729, +0.167,+0.956
1608026640,+3.40, +3.750, +0.168,+0.957
1608026700,+3.39, +3.729, +0.168,+0.957
1608026760,+3.39, +3.740, +0.167,+0.956
1608026820,+3.40, +3.729, +0.168,+0.957
1608026880,+3.39, +3.740, +0.166,+0.956
1608026940,+3.39, +3.750, +0.166,+0.956
1608027000,+3.40, +3.740, +0.167,+0.956
1608027060,+3.40, +3.740, +0.166,+0.956
1608027120,+3.40, +3.729, +0.167,+0.956
1608027180,+3.40, +3.750, +0.166,+0.956
1608027240,+3.40, +3.761, +0.166,+0.956
1608027300,+3.40, +3.729, +0.168,+0.957
1608027360,+3.39, +3.761, +0.165,+0.956
1608027420,+3.40, +3.740, +0.167,+0.956
1608027480,+3.39, +3.750, +0.167,+0.956
1608027540,+3.39, +3.740, +0.167,+0.957
1608027600,+3.39, +3.729, +0.168,+0.956
1608027660,+3.39, +3.771, +0.166,+0.956
1608027720,+3.39, +3.750, +0.168,+0.957
1608027780,+3.40, +3.740, +0.166,+0.956
1608027840,+3.39, +3.750, +0.167,+0.956
1608027900,+3.39, +3.719, +0.169,+0.957
1608027960,+3.40, +3.729, +0.167,+0.956
1608028020,+3.39, +3.740, +0.167,+0.956
1608028080,+3.39, +3.719, +0.167,+0.956
1608028140,+3.39, +3.698, +0.165,+0.956
1608028200,+3.39, +3.740, +0.168,+0.956
1608028260,+3.39, +3.750, +0.166,+0.956
1608028320,+3.40, +3.750, +0.168,+0.956
1608028380,+3.39, +3.750, +0.167,+0.956
1608028440,+3.39, +3.729, +0.166,+0.956
1608028500,+3.39, +3.729, +0.166,+0.956
1608028560,+3.39, +3.719, +0.167,+0.957
1608028620,+3.39, +3.750, +0.166,+0.956
1608028680,+3.39, +3.761, +0.167,+0.957
1608028740,+3.39, +3.729, +0.168,+0.956
1608028800,+3.39, +3.740, +0.167,+0.957
1608028860,+3.39, +3.719, +0.168,+0.956
1608028920,+3.39, +3.750, +0.166,+0.957
1608028980,+3.39, +3.750, +0.167,+0.956
1608029040,+3.39, +3.750, +0.166,+0.957
1608029100,+3.39, +3.750, +0.167,+0.957
1608029160,+3.39, +3.708, +0.168,+0.956
1608029220,+3.40, +3.740, +0.168,+0.956
1608029280,+3.39, +3.740, +0.168,+0.956
1608029340,+3.39, +3.740, +0.166,+0.956
1608029400,+3.39, +3.761, +0.165,+0.956
1608029460,+3.39, +3.771, +0.166,+0.956
1608029520,+3.39, +3.729, +0.166,+0.956
1608029580,+3.39, +3.740, +0.166,+0.956
1608029640,+3.39, +3.729, +0.167,+0.956
1608029700,+3.40, +3.750, +0.167,+0.956
1608029760,+3.39, +3.729, +0.167,+0.957
1608029820,+3.39, +3.761, +0.167,+0.956
1608029880,+3.39, +3.740, +0.166,+0.956
1608029940,+3.40, +3.729, +0.167,+0.956
1608030000,+3.40, +3.761, +0.167,+0.957
1608030060,+3.39, +3.750, +0.167,+0.957
1608030120,+3.39, +3.729, +0.168,+0.957
1608030180,+3.39, +3.761, +0.166,+0.956
1608030240,+3.39, +3.750, +0.168,+0.957
1608030300,+3.39, +3.750, +0.166,+0.956
1608030360,+3.40, +3.761, +0.167,+0.957
1608030420,+3.40, +3.771, +0.166,+0.956
1608030480,+3.39, +3.729, +0.168,+0.956
1608030540,+3.40, +3.750, +0.166,+0.956
1608030600,+3.40, +3.761, +0.167,+0.957
1608030660,+3.39, +3.761, +0.166,+0.956
1608030720,+3.39, +3.740, +0.167,+0.956
1608030780,+3.39, +3.750, +0.166,+0.956
1608030840,+3.39, +3.750, +0.166,+0.957
1608030900,+3.39, +3.740, +0.168,+0.957
1608030960,+3.40, +3.750, +0.166,+0.956
1608031020,+3.40, +3.750, +0.165,+0.956
1608031080,+3.39, +3.750, +0.167,+0.957
1608031140,+3.40, +3.740, +0.167,+0.956
1608031200,+3.39, +3.729, +0.167,+0.956
1608031260,+3.39, +3.771, +0.165,+0.956
1608031320,+3.40, +3.740, +0.167,+0.956
1608031380,+3.39, +3.750, +0.166,+0.956
1608031440,+3.39, +3.750, +0.165,+0.957
1608031500,+3.39, +3.729, +0.167,+0.957
1608031560,+3.39, +3.729, +0.166,+0.956
1608031620,+3.39, +3.740, +0.166,+0.956
1608031680,+3.39, +3.750, +0.167,+0.957
1608031740,+3.40, +3.761, +0.167,+0.957
1608031800,+3.39, +3.750, +0.167,+0.957
1608031860,+3.39, +3.761, +0.167,+0.957
1608031920,+3.39, +3.750, +0.167,+0.956
1608031980,+3.39, +3.750, +0.168,+0.956
1608032040,+3.39, +3.729, +0.166,+0.956
1608032100,+3.39, +3.761, +0.167,+0.956
1608032160,+3.40, +3.750, +0.167,+0.957
1608032220,+3.39, +3.740, +0.166,+0.956
1608032280,+3.40, +3.729, +0.167,+0.957
1608032340,+3.39, +3.750, +0.167,+0.956
1608032400,+3.40, +3.729, +0.168,+0.956
1608032460,+3.40, +3.750, +0.168,+0.956
1608032520,+3.40, +3.719, +0.167,+0.957
1608032580,+3.39, +3.740, +0.166,+0.956
1608032640,+3.39, +3.750, +0.166,+0.956
1608032700,+3.40, +3.750, +0.169,+0.957
1608032760,+3.40, +3.771, +0.166,+0.956
1608032820,+3.40, +3.750, +0.167,+0.956
1608032880,+3.39, +3.719, +0.168,+0.957
1608032940,+3.39, +3.740, +0.165,+0.956
1608033000,+3.39, +3.740, +0.166,+0.956
1608033060,+3.39, +3.740, +0.166,+0.956
1608033120,+3.40, +3.729, +0.168,+0.957
1608033180,+3.40, +3.729, +0.167,+0.956
1608033240,+3.40, +3.740, +0.167,+0.956
1608033300,+3.40, +3.771, +0.168,+0.957
1608033360,+3.39, +3.761, +0.165,+0.957
1608033420,+3.40, +3.792, +0.166,+0.957
1608033480,+3.40, +3.729, +0.166,+0.956
1608033540,+3.39, +3.750, +0.168,+0.956
1608033600,+3.40, +3.761, +0.166,+0.957
1608033660,+3.39, +3.750, +0.167,+0.957
1608033720,+3.39, +3.740, +0.170,+0.957
1608033780,+3.39, +3.740, +0.167,+0.956
1608033840,+3.40, +3.750, +0.166,+0.956
1608033900,+3.40, +3.771, +0.166,+0.956
1608033960,+3.39, +3.761, +0.168,+0.957
1608034020,+3.40, +3.740, +0.167,+0.956
1608034080,+3.39, +3.740, +0.167,+0.956
1608034140,+3.40, +3.750, +0.166,+0.956
1608034200,+3.39, +3.729, +0.165,+0.956
1608034260,+3.39, +3.740, +0.168,+0.956
1608034320,+3.39, +3.750, +0.168,+0.957
1608034380,+3.39, +3.771, +0.168,+0.957
1608034440,+3.39, +3.729, +0.168,+0.956
1608034500,+3.39, +3.729, +0.167,+0.956
1608034560,+3.40, +3.729, +0.166,+0.956
1608034620,+3.39, +3.729, +0.168,+0.957
1608034680,+3.39, +3.719, +0.167,+0.956
1608034740,+3.39, +3.740, +0.168,+0.957
1608034800,+3.39, +3.719, +0.168,+0.956
1608034860,+3.39, +3.740, +0.169,+0.957
1608034920,+3.40, +3.750, +0.168,+0.957
1608034980,+3.40, +3.729, +0.168,+0.956
1608035040,+3.39, +3.750, +0.166,+0.957
1608035100,+3.40, +3.740, +0.169,+0.957
1608035160,+3.40, +3.750, +0.167,+0.957
1608035220,+3.40, +3.740, +0.167,+0.956
1608035280,+3.39, +3.750, +0.167,+0.956
1608035340,+3.39, +3.761, +0.168,+0.956
1608035400,+3.39, +3.729, +0.169,+0.957
1608035460,+3.39, +3.750, +0.168,+0.957
1608035520,+3.40, +3.750, +0.167,+0.957
1608035580,+3.40, +3.740, +0.166,+0.956
1608035640,+3.39, +3.740, +0.168,+0.956
1608035700,+3.39, +3.761, +0.168,+0.957
1608035760,+3.39, +3.761, +0.167,+0.957
1608035820,+3.39, +3.761, +0.167,+0.956
1608035880,+3.39, +3.729, +0.167,+0.956
1608035940,+3.40, +3.750, +0.168,+0.956
1608036000,+3.39, +3.750, +0.167,+0.957
1608036060,+3.39, +3.761, +0.166,+0.956
1608036120,+3.39, +3.750, +0.167,+0.956
1608036180,+3.39, +3.740, +0.166,+0.956
1608036240,+3.39, +3.750, +0.167,+0.957
1608036300,+3.39, +3.740, +0.166,+0.956
1608036360,+3.39, +3.740, +0.166,+0.956
1608036420,+3.39, +3.729, +0.168,+0.956
1608036480,+3.39, +3.719, +0.167,+0.956
1608036540,+3.39, +3.740, +0.168,+0.957
1608036600,+3.39, +3.761, +0.167,+0.957
1608036660,+3.39, +3.771, +0.166,+0.957
1608036720,+3.39, +3.761, +0.167,+0.957
1608036780,+3.39, +3.740, +0.166,+0.956
1608036840,+3.39, +3.761, +0.165,+0.956
1608036900,+3.39, +3.771, +0.165,+0.957
1608036960,+3.39, +3.740, +0.167,+0.956
1608037020,+3.39, +3.750, +0.166,+0.956
1608037080,+3.39, +3.729, +0.166,+0.956
1608037140,+3.39, +3.740, +0.167,+0.956
1608037200,+3.39, +3.761, +0.166,+0.956
1608037260,+3.39, +3.729, +0.168,+0.956
1608037320,+3.39, +3.740, +0.165,+0.956
1608037380,+3.39, +3.761, +0.167,+0.956
1608037440,+3.39, +3.761, +0.166,+0.956
1608037500,+3.39, +3.750, +0.166,+0.957
1608037560,+3.39, +3.761, +0.168,+0.957
1608037620,+3.39, +3.740, +0.169,+0.956
1608037680,+3.39, +3.750, +0.166,+0.956
1608037740,+3.39, +3.729, +0.167,+0.956
1608037800,+3.39, +3.740, +0.167,+0.956
1608037860,+3.39, +3.740, +0.167,+0.957
1608037920,+3.39, +3.729, +0.167,+0.956
1608037980,+3.39, +3.761, +0.167,+0.957
1608038040,+3.39, +3.740, +0.168,+0.956
1608038100,+3.39, +3.771, +0.168,+0.957
1608038160,+3.39, +3.761, +0.166,+0.957
1608038220,+3.39, +3.761, +0.166,+0.956
1608038280,+3.39, +3.750, +0.167,+0.956
1608038340,+3.39, +3.719, +0.168,+0.956
1608038400,+3.39, +3.740, +0.167,+0.956
1608038460,+3.39, +3.740, +0.167,+0.956
1608038520,+3.39, +3.740, +0.167,+0.957
1608038580,+3.39, +3.708, +0.167,+0.957
1608038640,+3.39, +3.740, +0.169,+0.957
1608038700,+3.39, +3.750, +0.166,+0.956
1608038760,+3.39, +3.740, +0.168,+0.956
1608038820,+3.39, +3.761, +0.166,+0.957
1608038880,+3.39, +3.719, +0.167,+0.957
1608038940,+3.39, +3.740, +0.167,+0.956
1608039000,+3.39, +3.771, +0.166,+0.956
1608039060,+3.39, +3.740, +0.165,+0.956
1608039120,+3.39, +3.750, +0.167,+0.956
1608039180,+3.39, +3.740, +0.168,+0.957
1608039240,+3.39, +3.761, +0.167,+0.957
1608039300,+3.39, +3.750, +0.166,+0.956
1608039360,+3.39, +3.750, +0.166,+0.956
1608039420,+3.39, +3.729, +0.167,+0.956
1608039480,+3.39, +3.750, +0.167,+0.956
1608039540,+3.39, +3.750, +0.168,+0.956
1608039600,+3.39, +3.740, +0.168,+0.957
1608039660,+3.39, +3.761, +0.168,+0.957
1608039720,+3.40, +3.761, +0.167,+0.957
1608039780,+3.39, +3.740, +0.166,+0.956
1608039840,+3.39, +3.729, +0.169,+0.957
1608039900,+3.39, +3.761, +0.168,+0.957
1608039960,+3.39, +3.761, +0.167,+0.957
1608040020,+3.39, +3.719, +0.168,+0.956
1608040080,+3.39, +3.729, +0.166,+0.956
1608040140,+3.39, +3.771, +0.166,+0.957
1608040200,+3.39, +3.740, +0.167,+0.956
1608040260,+3.39, +3.771, +0.167,+0.957
1608040320,+3.39, +3.750, +0.168,+0.957
1608040380,+3.39, +3.740, +0.166,+0.956
1608040440,+3.39, +3.750, +0.168,+0.957
1608040500,+3.39, +3.719, +0.169,+0.956
1608040560,+3.39, +3.708, +0.167,+0.956
1608040620,+3.39, +3.719, +0.166,+0.956
1608040680,+3.39, +3.750, +0.166,+0.956
1608040740,+3.39, +3.750, +0.167,+0.957
1608040800,+3.39, +3.761, +0.167,+0.956
1608040860,+3.39, +3.761, +0.167,+0.957
1608040920,+3.39, +3.740, +0.167,+0.956
1608040980,+3.39, +3.750, +0.165,+0.956
1608041040,+3.39, +3.740, +0.167,+0.957
1608041100,+3.39, +3.761, +0.167,+0.956
1608041160,+3.39, +3.761, +0.167,+0.956
1608041220,+3.39, +3.761, +0.168,+0.957
1608041280,+3.39, +3.761, +0.168,+0.957
1608041340,+3.39, +3.761, +0.167,+0.957
1608041400,+3.39, +3.740, +0.167,+0.957
1608041460,+3.39, +3.740, +0.169,+0.957
1608041520,+3.39, +3.750, +0.167,+0.957
1608041580,+3.39, +3.781, +0.168,+0.957
1608041640,+3.39, +3.729, +0.166,+0.956
1608041700,+3.40, +3.740, +0.168,+0.957
1608041760,+3.39, +3.761, +0.167,+0.956
1608041820,+3.39, +3.729, +0.168,+0.956
1608041880,+3.39, +3.771, +0.167,+0.957
1608041940,+3.39, +3.761, +0.167,+0.956
1608042000,+3.39, +3.761, +0.168,+0.957
1608042060,+3.39, +3.740, +0.167,+0.956
1608042120,+3.39, +3.719, +0.167,+0.956
1608042180,+3.39, +3.719, +0.167,+0.956
1608042240,+3.39, +3.740, +0.167,+0.956
1608042300,+3.39, +3.750, +0.167,+0.956
1608042360,+3.39, +3.719, +0.168,+0.956
1608042420,+3.39, +3.761, +0.167,+0.956
1608042480,+3.39, +3.719, +0.167,+0.956
1608042540,+3.39, +3.719, +0.166,+0.956
1608042600,+3.39, +3.761, +0.166,+0.956
1608042660,+3.39, +3.740, +0.167,+0.956
1608042720,+3.39, +3.719, +0.169,+0.956
1608042780,+3.39, +3.761, +0.166,+0.957
1608042840,+3.40, +3.740, +0.168,+0.957
1608042900,+3.39, +3.750, +0.166,+0.956
1608042960,+3.39, +3.750, +0.167,+0.956
1608043020,+3.39, +3.719, +0.167,+0.956
1608043080,+3.39, +3.750, +0.168,+0.957
1608043140,+3.39, +3.750, +0.167,+0.957
1608043200,+3.39, +3.740, +0.166,+0.956
1608043260,+3.40, +3.719, +0.166,+0.956
1608043320,+3.39, +3.688, +0.167,+0.956
1608043380,+3.39, +3.719, +0.168,+0.956
1608043440,+3.39, +3.750, +0.166,+0.956
1608043500,+3.39, +3.729, +0.166,+0.956
1608043560,+3.39, +3.750, +0.166,+0.956
1608043620,+3.39, +3.771, +0.167,+0.957
1608043680,+3.39, +3.740, +0.166,+0.956
1608043740,+3.39, +3.771, +0.167,+0.956
1608043800,+3.40, +3.740, +0.168,+0.957
1608043860,+3.39, +3.729, +0.166,+0.956
1608043920,+3.39, +3.740, +0.167,+0.956
1608043980,+3.40, +3.740, +0.166,+0.956
1608044040,+3.39, +3.740, +0.166,+0.956
1608044100,+3.39, +3.740, +0.166,+0.957
1608044160,+3.39, +3.761, +0.167,+0.956
1608044220,+3.39, +3.750, +0.165,+0.956
1608044280,+3.39, +3.740, +0.168,+0.957
1608044340,+3.39, +3.719, +0.167,+0.956
1608044400,+3.39, +3.740, +0.167,+0.957
1608044460,+3.39, +3.740, +0.166,+0.956
1608044520,+3.39, +3.740, +0.168,+0.956
1608044580,+3.39, +3.750, +0.169,+0.957
1608044640,+3.39, +3.750, +0.166,+0.956
1608044700,+3.39, +3.750, +0.165,+0.956
1608044760,+3.39, +3.761, +0.167,+0.957
1608044820,+3.39, +3.792, +0.165,+0.957
1608044880,+3.39, +3.740, +0.168,+0.957
1608044940,+3.39, +3.740, +0.166,+0.956
1608045000,+3.40, +3.750, +0.166,+0.956
1608045060,+3.39, +3.698, +0.166,+0.956
1608045120,+3.39, +3.740, +0.167,+0.957
1608045180,+3.39, +3.719, +0.167,+0.956
1608045240,+3.39, +3.688, +0.167,+0.956
1608045300,+3.39, +3.750, +0.167,+0.956
1608045360,+3.39, +3.750, +0.167,+0.956
1608045420,+3.39, +3.761, +0.167,+0.957
1608045480,+3.39, +3.740, +0.166,+0.956
1608045540,+3.39, +3.761, +0.167,+0.956
1608045600,+3.39, +3.740, +0.167,+0.956
1608045660,+3.39, +3.740, +0.168,+0.957
1608045720,+3.39, +3.708, +0.166,+0.956
1608045780,+3.39, +3.761, +0.167,+0.956
1608045840,+3.39, +3.729, +0.167,+0.956
1608045900,+3.39, +3.740, +0.167,+0.956
1608045960,+3.39, +3.761, +0.165,+0.956
1608046020,+3.39, +3.729, +0.168,+0.957
1608046080,+3.39, +3.750, +0.167,+0.956
1608046140,+3.39, +3.719, +0.168,+0.956
1608046200,+3.39, +3.761, +0.167,+0.957
1608046260,+3.39, +3.740, +0.166,+0.956
1608046320,+3.39, +3.729, +0.167,+0.956
1608046380,+3.39, +3.740, +0.167,+0.957
1608046440,+3.39, +3.740, +0.166,+0.956
1608046500,+3.39, +3.740, +0.165,+0.956
1608046560,+3.39, +3.750, +0.165,+0.956
1608046620,+3.40, +3.729, +0.166,+0.956
1608046680,+3.39, +3.750, +0.166,+0.956
1608046740,+3.39, +3.740, +0.168,+0.957
1608046800,+3.39, +3.719, +0.167,+0.956
1608046860,+3.39, +3.729, +0.167,+0.956
1608046920,+3.39, +3.729, +0.168,+0.956
1608046980,+3.39, +3.750, +0.165,+0.956
1608047040,+3.39, +3.719, +0.166,+0.956
1608047100,+3.39, +3.750, +0.166,+0.956
1608047160,+3.40, +3.750, +0.168,+0.956
1608047220,+3.39, +3.740, +0.167,+0.957
1608047280,+3.39, +3.740, +0.168,+0.956
1608047340,+3.39, +3.761, +0.165,+0.956
1608047400,+3.39, +3.708, +0.167,+0.956
1608047460,+3.39, +3.750, +0.167,+0.956
1608047520,+3.39, +3.708, +0.166,+0.957
1608047580,+3.39, +3.750, +0.168,+0.957
1608047640,+3.39, +3.750, +0.166,+0.956
1608047700,+3.39, +3.729, +0.167,+0.956
1608047760,+3.39, +3.750, +0.168,+0.957
1608047820,+3.39, +3.719, +0.168,+0.957
1608047880,+3.39, +3.750, +0.168,+0.957
1608047940,+3.39, +3.729, +0.168,+0.957
1608048000,+3.39, +3.729, +0.167,+0.956
1608048060,+3.39, +3.719, +0.168,+0.956
1608048120,+3.39, +3.740, +0.166,+0.956
1608048180,+3.39, +3.740, +0.166,+0.956
1608048240,+3.39, +3.729, +0.167,+0.956
1608048300,+3.39, +3.719, +0.167,+0.957
1608048360,+3.39, +3.729, +0.166,+0.956
1608048420,+3.39, +3.729, +0.167,+0.957
1608048480,+3.39, +3.750, +0.166,+0.956
1608048540,+3.39, +3.719, +0.168,+0.956
1608048600,+3.40, +3.740, +0.166,+0.956
1608048660,+3.39, +3.740, +0.166,+0.956
1608048720,+3.39, +3.740, +0.167,+0.956
1608048780,+3.39, +3.740, +0.168,+0.956
1608048840,+3.40, +3.729, +0.167,+0.957
1608048900,+3.39, +3.708, +0.168,+0.957
1608048960,+3.39, +3.740, +0.167,+0.956
1608049020,+3.39, +3.729, +0.167,+0.957
1608049080,+3.39, +3.719, +0.168,+0.956
1608049140,+3.39, +3.729, +0.167,+0.956
1608049200,+3.39, +3.750, +0.168,+0.956
1608049260,+3.39, +3.729, +0.167,+0.957
1608049320,+3.39, +3.708, +0.166,+0.956
1608049380,+3.40, +3.708, +0.166,+0.956
1608049440,+3.39, +3.729, +0.167,+0.957
1608049500,+3.40, +3.719, +0.167,+0.956
1608049560,+3.39, +3.729, +0.167,+0.956
1608049620,+3.39, +3.761, +0.168,+0.957
1608049680,+3.39, +3.740, +0.167,+0.957
1608049740,+3.39, +3.740, +0.168,+0.956
1608049800,+3.39, +3.729, +0.167,+0.956
1608049860,+3.39, +3.719, +0.166,+0.956
1608049920,+3.39, +3.708, +0.167,+0.956
1608049980,+3.40, +3.729, +0.168,+0.957
1608050040,+3.39, +3.750, +0.168,+0.956
1608050100,+3.40, +3.729, +0.168,+0.957
1608050160,+3.39, +3.729, +0.169,+0.956
1608050220,+3.39, +3.750, +0.166,+0.956
1608050280,+3.39, +3.740, +0.167,+0.957
1608050340,+3.39, +3.740, +0.167,+0.957
1608050400,+3.39, +3.740, +0.167,+0.956
