7392-570653
OS REV: 1.11 Sensor Cal: 1428445788
Time (sec),  BV (Volts),  T (deg C),  DO (mg/l),  Q ()
1617468060,+3.39, +4.020, +0.170,+0.944
1617468120,+3.39, +4.041, +0.172,+0.945
1617468180,+3.39, +4.020, +0.171,+0.945
1617468240,+3.39, +4.031, +0.171,+0.945
1617468300,+3.39, +4.031, +0.170,+0.945
1617468360,+3.39, +4.020, +0.171,+0.944
1617468420,+3.39, +4.041, +0.171,+0.945
1617468480,+3.39, +4.010, +0.171,+0.944
1617468540,+3.39, +4.041, +0.171,+0.945
1617468600,+3.39, +4.041, +0.171,+0.945
1617468660,+3.39, +4.020, +0.171,+0.945
1617468720,+3.39, +4.020, +0.171,+0.945
1617468780,+3.39, +4.020, +0.171,+0.945
1617468840,+3.39, +4.020, +0.172,+0.945
1617468900,+3.39, +4.020, +0.172,+0.945
1617468960,+3.39, +4.041, +0.170,+0.944
1617469020,+3.39, +4.062, +0.170,+0.945
1617469080,+3.39, +4.020, +0.172,+0.945
1617469140,+3.39, +4.041, +0.169,+0.945
1617469200,+3.39, +4.052, +0.169,+0.945
1617469260,+3.39, +4.052, +0.169,+0.945
1617469320,+3.39, +4.052, +0.168,+0.945
1617469380,+3.39, +4.041, +0.170,+0.945
1617469440,+3.39, +4.031, +0.168,+0.945
1617469500,+3.39, +4.041, +0.170,+0.945
1617469560,+3.39, +4.052, +0.169,+0.945
1617469620,+3.39, +4.010, +0.169,+0.945
1617469680,+3.39, +4.031, +0.170,+0.945
1617469740,+3.39, +4.020, +0.170,+0.945
1617469800,+3.39, +4.052, +0.168,+0.945
1617469860,+3.39, +4.020, +0.169,+0.945
1617469920,+3.39, +4.020, +0.168,+0.945
1617469980,+3.39, +4.031, +0.169,+0.945
1617470040,+3.39, +4.052, +0.169,+0.945
1617470100,+3.39, +4.020, +0.169,+0.945
1617470160,+3.39, +4.020, +0.168,+0.945
1617470220,+3.39, +4.041, +0.168,+0.945
1617470280,+3.39, +4.041, +0.169,+0.945
1617470340,+3.39, +4.020, +0.170,+0.945
1617470400,+3.39, +4.031, +0.168,+0.945
1617470460,+3.40, +4.041, +0.168,+0.945
1617470520,+3.39, +4.041, +0.170,+0.945
1617470580,+3.39, +4.041, +0.169,+0.945
1617470640,+3.39, +4.020, +0.172,+0.945
1617470700,+3.39, +4.052, +0.169,+0.945
1617470760,+3.39, +4.052, +0.170,+0.945
1617470820,+3.39, +4.020, +0.169,+0.945
1617470880,+3.39, +4.041, +0.168,+0.945
1617470940,+3.39, +4.052, +0.169,+0.945
1617471000,+3.39, +4.041, +0.170,+0.945
1617471060,+3.39, +4.052, +0.168,+0.945
1617471120,+3.39, +4.052, +0.169,+0.945
1617471180,+3.39, +4.031, +0.169,+0.945
1617471240,+3.39, +4.052, +0.169,+0.945
1617471300,+3.39, +4.031, +0.169,+0.945
1617471360,+3.39, +4.062, +0.169,+0.945
1617471420,+3.39, +4.052, +0.169,+0.945
1617471480,+3.39, +4.052, +0.168,+0.945
1617471540,+3.39, +4.031, +0.168,+0.945
1617471600,+3.39, +4.041, +0.169,+0.945
1617471660,+3.39, +4.031, +0.169,+0.945
1617471720,+3.39, +4.041, +0.170,+0.945
1617471780,+3.39, +4.052, +0.169,+0.945
1617471840,+3.39, +4.062, +0.169,+0.945
1617471900,+3.39, +4.052, +0.169,+0.945
1617471960,+3.39, +4.041, +0.171,+0.945
1617472020,+3.39, +4.052, +0.169,+0.945
1617472080,+3.39, +4.041, +0.170,+0.945
1617472140,+3.39, +4.052, +0.168,+0.945
1617472200,+3.39, +4.072, +0.169,+0.945
1617472260,+3.39, +4.062, +0.171,+0.945
1617472320,+3.39, +4.083, +0.169,+0.945
1617472380,+3.39, +4.052, +0.169,+0.945
1617472440,+3.39, +4.041, +0.168,+0.945
1617472500,+3.39, +4.041, +0.171,+0.945
1617472560,+3.39, +4.052, +0.170,+0.945
1617472620,+3.39, +4.052, +0.170,+0.945
1617472680,+3.39, +4.072, +0.167,+0.945
1617472740,+3.39, +4.052, +0.170,+0.945
1617472800,+3.39, +4.041, +0.171,+0.945
1617472860,+3.39, +4.052, +0.169,+0.945
1617472920,+3.39, +4.062, +0.169,+0.945
1617472980,+3.39, +4.041, +0.170,+0.945
1617473040,+3.39, +4.052, +0.170,+0.945
1617473100,+3.39, +4.041, +0.168,+0.945
1617473160,+3.39, +4.031, +0.169,+0.945
1617473220,+3.39, +4.041, +0.169,+0.945
1617473280,+3.39, +4.031, +0.169,+0.945
1617473340,+3.39, +4.020, +0.170,+0.945
1617473400,+3.39, +4.031, +0.170,+0.945
1617473460,+3.39, +4.062, +0.170,+0.945
1617473520,+3.39, +4.062, +0.169,+0.945
1617473580,+3.39, +4.052, +0.171,+0.945
1617473640,+3.39, +4.072, +0.172,+0.945
1617473700,+3.39, +4.062, +0.171,+0.945
1617473760,+3.39, +4.041, +0.172,+0.945
1617473820,+3.39, +4.052, +0.172,+0.945
1617473880,+3.39, +4.052, +0.174,+0.945
1617473940,+3.39, +4.062, +0.173,+0.945
1617474000,+3.39, +4.052, +0.172,+0.945
1617474060,+3.39, +4.062, +0.174,+0.945
1617474120,+3.39, +4.052, +0.176,+0.945
1617474180,+3.39, +4.072, +0.176,+0.945
1617474240,+3.39, +4.062, +0.174,+0.945
1617474300,+3.39, +4.052, +0.177,+0.945
1617474360,+3.39, +3.989, +0.177,+0.945
1617474420,+3.39, +4.052, +0.176,+0.945
1617474480,+3.39, +4.062, +0.177,+0.945
1617474540,+3.39, +4.041, +0.177,+0.945
1617474600,+3.39, +4.052, +0.176,+0.945
1617474660,+3.39, +4.052, +0.177,+0.945
1617474720,+3.39, +4.052, +0.178,+0.945
1617474780,+3.39, +4.062, +0.177,+0.945
1617474840,+3.39, +4.062, +0.177,+0.945
1617474900,+3.39, +4.052, +0.175,+0.945
1617474960,+3.39, +4.041, +0.175,+0.945
1617475020,+3.39, +4.041, +0.177,+0.945
1617475080,+3.39, +4.041, +0.180,+0.945
1617475140,+3.39, +3.979, +0.180,+0.945
1617475200,+3.39, +4.052, +0.177,+0.945
1617475260,+3.39, +4.041, +0.178,+0.945
1617475320,+3.39, +4.062, +0.178,+0.945
1617475380,+3.39, +4.041, +0.179,+0.945
1617475440,+3.39, +4.041, +0.175,+0.945
1617475500,+3.39, +4.020, +0.173,+0.945
1617475560,+3.39, +4.062, +0.173,+0.945
1617475620,+3.39, +4.031, +0.174,+0.945
1617475680,+3.39, +4.020, +0.172,+0.945
1617475740,+3.39, +4.041, +0.170,+0.945
1617475800,+3.40, +4.041, +0.170,+0.945
1617475860,+3.39, +4.041, +0.173,+0.945
1617475920,+3.39, +4.041, +0.172,+0.945
1617475980,+3.40, +4.052, +0.170,+0.945
1617476040,+3.39, +4.031, +0.169,+0.945
1617476100,+3.39, +4.052, +0.169,+0.945
1617476160,+3.39, +4.052, +0.168,+0.945
1617476220,+3.39, +4.031, +0.169,+0.945
1617476280,+3.40, +4.083, +0.171,+0.945
1617476340,+3.39, +4.010, +0.169,+0.945
1617476400,+3.39, +4.041, +0.171,+0.945
1617476460,+3.39, +4.041, +0.170,+0.945
1617476520,+3.39, +4.020, +0.172,+0.945
1617476580,+3.39, +4.020, +0.171,+0.945
1617476640,+3.39, +4.041, +0.172,+0.945
1617476700,+3.39, +4.031, +0.172,+0.945
1617476760,+3.39, +4.041, +0.170,+0.945
1617476820,+3.39, +4.041, +0.171,+0.945
1617476880,+3.39, +4.031, +0.170,+0.945
1617476940,+3.40, +4.020, +0.169,+0.945
1617477000,+3.39, +4.041, +0.170,+0.945
1617477060,+3.39, +4.000, +0.170,+0.945
1617477120,+3.39, +4.031, +0.170,+0.945
1617477180,+3.40, +4.041, +0.170,+0.945
1617477240,+3.39, +4.031, +0.170,+0.945
1617477300,+3.39, +4.041, +0.170,+0.945
1617477360,+3.39, +4.052, +0.170,+0.945
1617477420,+3.39, +4.072, +0.168,+0.945
1617477480,+3.39, +4.010, +0.169,+0.945
1617477540,+3.39, +4.041, +0.170,+0.945
1617477600,+3.39, +4.041, +0.175,+0.945
1617477660,+3.39, +4.020, +0.182,+0.945
1617477720,+3.39, +4.010, +0.186,+0.945
1617477780,+3.39, +4.010, +0.190,+0.945
1617477840,+3.39, +4.052, +0.191,+0.945
1617477900,+3.39, +4.041, +0.189,+0.945
1617477960,+3.39, +4.031, +0.188,+0.945
1617478020,+3.39, +4.052, +0.186,+0.945
1617478080,+3.39, +4.031, +0.183,+0.945
1617478140,+3.39, +4.031, +0.180,+0.945
1617478200,+3.39, +4.041, +0.178,+0.945
1617478260,+3.39, +4.031, +0.179,+0.945
1617478320,+3.39, +4.041, +0.177,+0.945
1617478380,+3.39, +4.052, +0.175,+0.945
1617478440,+3.39, +4.031, +0.174,+0.945
1617478500,+3.39, +4.000, +0.175,+0.945
1617478560,+3.39, +4.020, +0.175,+0.945
1617478620,+3.39, +4.052, +0.172,+0.945
1617478680,+3.40, +4.114, +0.171,+0.945
1617478740,+3.39, +4.052, +0.172,+0.945
1617478800,+3.39, +4.041, +0.173,+0.945
1617478860,+3.39, +4.031, +0.175,+0.945
1617478920,+3.39, +4.052, +0.174,+0.945
1617478980,+3.39, +4.052, +0.174,+0.945
1617479040,+3.39, +4.072, +0.177,+0.945
1617479100,+3.39, +4.062, +0.175,+0.945
1617479160,+3.39, +4.041, +0.177,+0.945
1617479220,+3.39, +4.052, +0.177,+0.945
1617479280,+3.39, +4.052, +0.179,+0.945
1617479340,+3.39, +4.041, +0.189,+0.945
1617479400,+3.39, +4.062, +0.195,+0.945
1617479460,+3.39, +4.052, +0.201,+0.945
1617479520,+3.39, +4.052, +0.206,+0.946
1617479580,+3.39, +4.072, +0.205,+0.945
1617479640,+3.39, +4.052, +0.210,+0.946
1617479700,+3.39, +4.052, +0.211,+0.946
1617479760,+3.39, +4.072, +0.214,+0.946
1617479820,+3.39, +4.041, +0.215,+0.946
1617479880,+3.39, +4.052, +0.218,+0.946
1617479940,+3.39, +4.062, +0.220,+0.946
1617480000,+3.39, +4.052, +0.220,+0.946
1617480060,+3.39, +4.052, +0.221,+0.946
1617480120,+3.39, +4.052, +0.219,+0.946
1617480180,+3.39, +4.031, +0.219,+0.946
1617480240,+3.39, +4.041, +0.216,+0.946
1617480300,+3.39, +4.052, +0.212,+0.946
1617480360,+3.39, +4.083, +0.210,+0.946
1617480420,+3.39, +4.031, +0.207,+0.945
1617480480,+3.39, +4.031, +0.206,+0.945
1617480540,+3.39, +4.052, +0.205,+0.946
1617480600,+3.39, +4.062, +0.203,+0.946
1617480660,+3.39, +4.052, +0.200,+0.945
1617480720,+3.39, +4.062, +0.220,+0.946
1617480780,+3.39, +4.052, +0.225,+0.946
1617480840,+3.39, +4.041, +0.229,+0.946
1617480900,+3.39, +4.052, +0.230,+0.946
1617480960,+3.40, +4.062, +0.234,+0.946
1617481020,+3.39, +4.041, +0.238,+0.946
1617481080,+3.39, +4.062, +0.238,+0.946
1617481140,+3.39, +4.072, +0.239,+0.946
1617481200,+3.39, +4.083, +0.241,+0.946
1617481260,+3.40, +4.083, +0.244,+0.946
1617481320,+3.39, +4.062, +0.244,+0.946
1617481380,+3.39, +4.072, +0.246,+0.946
1617481440,+3.39, +4.062, +0.246,+0.946
1617481500,+3.39, +4.062, +0.246,+0.946
1617481560,+3.39, +4.041, +0.248,+0.946
1617481620,+3.40, +4.062, +0.245,+0.946
1617481680,+3.39, +4.062, +0.243,+0.946
1617481740,+3.40, +4.041, +0.240,+0.946
1617481800,+3.39, +4.041, +0.239,+0.946
1617481860,+3.39, +4.072, +0.231,+0.946
1617481920,+3.39, +4.072, +0.228,+0.946
1617481980,+3.39, +4.041, +0.221,+0.946
1617482040,+3.39, +4.062, +0.219,+0.946
1617482100,+3.39, +4.052, +0.216,+0.946
1617482160,+3.39, +4.041, +0.211,+0.945
1617482220,+3.39, +4.041, +0.209,+0.946
1617482280,+3.39, +4.031, +0.210,+0.946
1617482340,+3.40, +4.052, +0.210,+0.946
1617482400,+3.40, +4.062, +0.209,+0.946
1617482460,+3.39, +4.052, +0.208,+0.946
1617482520,+3.39, +4.041, +0.208,+0.946
1617482580,+3.39, +4.062, +0.207,+0.945
1617482640,+3.39, +4.062, +0.207,+0.945
1617482700,+3.39, +4.072, +0.211,+0.946
1617482760,+3.40, +4.062, +0.213,+0.946
1617482820,+3.39, +4.020, +0.214,+0.946
1617482880,+3.39, +4.083, +0.211,+0.946
1617482940,+3.39, +4.062, +0.209,+0.945
1617483000,+3.40, +4.083, +0.210,+0.946
1617483060,+3.39, +4.052, +0.214,+0.946
1617483120,+3.39, +4.052, +0.213,+0.946
1617483180,+3.39, +4.062, +0.214,+0.946
1617483240,+3.39, +4.052, +0.213,+0.945
1617483300,+3.39, +4.062, +0.213,+0.946
1617483360,+3.39, +4.062, +0.210,+0.946
1617483420,+3.39, +4.052, +0.211,+0.946
1617483480,+3.39, +4.052, +0.209,+0.946
1617483540,+3.39, +4.052, +0.202,+0.945
1617483600,+3.39, +4.062, +0.202,+0.945
1617483660,+3.39, +4.041, +0.200,+0.945
1617483720,+3.39, +4.041, +0.196,+0.945
1617483780,+3.39, +4.041, +0.193,+0.945
1617483840,+3.39, +4.052, +0.193,+0.945
1617483900,+3.39, +4.062, +0.192,+0.945
1617483960,+3.39, +4.052, +0.190,+0.945
1617484020,+3.39, +4.041, +0.190,+0.945
1617484080,+3.40, +4.041, +0.193,+0.945
1617484140,+3.39, +4.020, +0.193,+0.945
1617484200,+3.39, +4.062, +0.194,+0.945
1617484260,+3.39, +4.062, +0.195,+0.945
1617484320,+3.39, +4.052, +0.198,+0.945
1617484380,+3.39, +4.062, +0.201,+0.945
1617484440,+3.39, +4.072, +0.211,+0.946
1617484500,+3.39, +4.062, +0.228,+0.946
1617484560,+3.40, +4.083, +0.251,+0.946
1617484620,+3.39, +4.072, +0.257,+0.946
1617484680,+3.40, +4.072, +0.265,+0.947
1617484740,+3.39, +4.052, +0.277,+0.947
1617484800,+3.39, +4.083, +0.278,+0.947
1617484860,+3.39, +4.052, +0.278,+0.947
1617484920,+3.39, +4.072, +0.283,+0.947
1617484980,+3.39, +4.020, +0.290,+0.947
1617485040,+3.39, +4.052, +0.290,+0.947
1617485100,+3.39, +4.052, +0.283,+0.947
1617485160,+3.39, +4.062, +0.270,+0.947
1617485220,+3.39, +4.093, +0.260,+0.947
1617485280,+3.39, +4.041, +0.251,+0.946
1617485340,+3.39, +4.041, +0.245,+0.946
1617485400,+3.39, +4.062, +0.238,+0.946
1617485460,+3.39, +4.062, +0.234,+0.946
1617485520,+3.39, +4.062, +0.236,+0.946
1617485580,+3.39, +4.052, +0.233,+0.946
1617485640,+3.39, +4.052, +0.232,+0.946
1617485700,+3.39, +4.020, +0.230,+0.946
1617485760,+3.39, +4.072, +0.228,+0.946
1617485820,+3.39, +4.093, +0.223,+0.946
1617485880,+3.39, +4.062, +0.221,+0.946
1617485940,+3.39, +4.072, +0.218,+0.946
1617486000,+3.40, +4.052, +0.218,+0.946
1617486060,+3.39, +4.072, +0.219,+0.946
1617486120,+3.40, +4.062, +0.215,+0.946
1617486180,+3.39, +4.062, +0.216,+0.946
1617486240,+3.39, +4.052, +0.220,+0.946
1617486300,+3.39, +4.062, +0.224,+0.946
1617486360,+3.39, +4.052, +0.229,+0.946
1617486420,+3.39, +4.072, +0.231,+0.946
1617486480,+3.39, +4.083, +0.233,+0.946
1617486540,+3.39, +4.041, +0.233,+0.946
1617486600,+3.39, +4.072, +0.229,+0.946
1617486660,+3.39, +4.072, +0.228,+0.946
1617486720,+3.39, +4.062, +0.225,+0.946
1617486780,+3.39, +4.093, +0.222,+0.946
1617486840,+3.39, +4.103, +0.222,+0.946
1617486900,+3.39, +4.072, +0.223,+0.946
1617486960,+3.39, +4.041, +0.224,+0.946
1617487020,+3.39, +4.062, +0.221,+0.946
1617487080,+3.39, +4.083, +0.211,+0.946
1617487140,+3.39, +4.072, +0.209,+0.946
1617487200,+3.40, +4.083, +0.207,+0.946
1617487260,+3.39, +4.083, +0.203,+0.946
1617487320,+3.39, +4.072, +0.205,+0.946
1617487380,+3.39, +4.083, +0.206,+0.945
1617487440,+3.39, +4.062, +0.204,+0.945
1617487500,+3.39, +4.103, +0.205,+0.946
1617487560,+3.39, +4.083, +0.203,+0.946
1617487620,+3.40, +4.103, +0.202,+0.945
1617487680,+3.39, +4.083, +0.202,+0.945
1617487740,+3.39, +4.083, +0.200,+0.946
1617487800,+3.39, +4.072, +0.199,+0.945
1617487860,+3.39, +4.083, +0.198,+0.945
1617487920,+3.39, +4.103, +0.197,+0.945
1617487980,+3.39, +4.072, +0.195,+0.945
1617488040,+3.39, +4.072, +0.195,+0.945
1617488100,+3.39, +4.062, +0.191,+0.945
1617488160,+3.39, +4.093, +0.190,+0.945
1617488220,+3.40, +4.083, +0.188,+0.945
1617488280,+3.39, +4.072, +0.185,+0.945
1617488340,+3.39, +4.103, +0.185,+0.945
1617488400,+3.39, +4.072, +0.182,+0.945
1617488460,+3.39, +4.052, +0.181,+0.945
1617488520,+3.39, +4.052, +0.183,+0.945
1617488580,+3.39, +4.041, +0.179,+0.945
1617488640,+3.40, +4.062, +0.178,+0.945
1617488700,+3.40, +4.062, +0.176,+0.945
1617488760,+3.40, +4.083, +0.175,+0.945
1617488820,+3.39, +4.072, +0.175,+0.945
1617488880,+3.39, +4.083, +0.174,+0.945
1617488940,+3.39, +4.052, +0.172,+0.945
1617489000,+3.39, +4.062, +0.173,+0.945
1617489060,+3.39, +4.083, +0.174,+0.945
1617489120,+3.39, +4.093, +0.174,+0.945
1617489180,+3.39, +4.083, +0.173,+0.945
1617489240,+3.39, +4.052, +0.178,+0.945
1617489300,+3.39, +4.072, +0.179,+0.945
1617489360,+3.39, +4.083, +0.179,+0.945
1617489420,+3.39, +4.062, +0.180,+0.945
1617489480,+3.39, +4.052, +0.178,+0.945
1617489540,+3.39, +4.093, +0.177,+0.945
1617489600,+3.40, +4.083, +0.177,+0.945
1617489660,+3.39, +4.093, +0.177,+0.945
1617489720,+3.39, +4.083, +0.176,+0.945
1617489780,+3.39, +4.083, +0.176,+0.945
1617489840,+3.39, +4.062, +0.176,+0.945
1617489900,+3.40, +4.072, +0.173,+0.945
1617489960,+3.39, +4.062, +0.173,+0.945
1617490020,+3.39, +4.062, +0.172,+0.945
1617490080,+3.39, +4.083, +0.172,+0.945
1617490140,+3.39, +4.062, +0.172,+0.945
1617490200,+3.39, +4.072, +0.174,+0.945
1617490260,+3.40, +4.072, +0.173,+0.945
1617490320,+3.39, +4.062, +0.171,+0.945
1617490380,+3.39, +4.062, +0.171,+0.945
1617490440,+3.39, +4.041, +0.170,+0.945
1617490500,+3.40, +4.072, +0.169,+0.945
1617490560,+3.39, +4.062, +0.170,+0.945
1617490620,+3.39, +4.083, +0.170,+0.945
1617490680,+3.39, +4.062, +0.170,+0.945
1617490740,+3.39, +4.052, +0.170,+0.945
1617490800,+3.40, +4.083, +0.170,+0.944
1617490860,+3.39, +4.072, +0.168,+0.944
1617490920,+3.40, +4.072, +0.170,+0.944
1617490980,+3.39, +4.062, +0.170,+0.944
1617491040,+3.40, +4.062, +0.169,+0.944
1617491100,+3.39, +4.041, +0.170,+0.944
1617491160,+3.40, +4.062, +0.169,+0.944
1617491220,+3.40, +4.072, +0.171,+0.944
1617491280,+3.40, +4.052, +0.170,+0.944
1617491340,+3.39, +4.062, +0.169,+0.944
1617491400,+3.39, +4.072, +0.169,+0.944
1617491460,+3.39, +4.062, +0.171,+0.944
1617491520,+3.39, +4.072, +0.171,+0.944
1617491580,+3.40, +4.093, +0.170,+0.944
1617491640,+3.40, +4.072, +0.174,+0.944
1617491700,+3.39, +4.062, +0.173,+0.944
1617491760,+3.39, +4.093, +0.170,+0.944
1617491820,+3.39, +4.083, +0.172,+0.944
1617491880,+3.39, +4.062, +0.172,+0.945
1617491940,+3.40, +4.093, +0.172,+0.945
1617492000,+3.40, +4.103, +0.172,+0.945
1617492060,+3.39, +4.083, +0.171,+0.944
1617492120,+3.40, +4.062, +0.172,+0.944
1617492180,+3.39, +4.103, +0.171,+0.944
1617492240,+3.39, +4.083, +0.171,+0.944
1617492300,+3.39, +4.114, +0.171,+0.945
1617492360,+3.40, +4.093, +0.170,+0.944
1617492420,+3.39, +4.083, +0.169,+0.944
1617492480,+3.40, +4.103, +0.170,+0.945
1617492540,+3.39, +4.052, +0.170,+0.944
1617492600,+3.39, +4.083, +0.170,+0.944
1617492660,+3.39, +4.062, +0.171,+0.944
1617492720,+3.39, +4.072, +0.170,+0.944
1617492780,+3.39, +4.103, +0.170,+0.944
1617492840,+3.40, +4.093, +0.171,+0.945
1617492900,+3.40, +4.072, +0.171,+0.944
1617492960,+3.40, +4.072, +0.172,+0.944
1617493020,+3.39, +4.062, +0.172,+0.944
1617493080,+3.40, +4.062, +0.171,+0.944
1617493140,+3.39, +4.083, +0.169,+0.944
1617493200,+3.39, +4.072, +0.169,+0.944
1617493260,+3.39, +4.072, +0.169,+0.944
1617493320,+3.40, +4.083, +0.170,+0.944
1617493380,+3.39, +4.072, +0.170,+0.944
1617493440,+3.39, +4.093, +0.169,+0.944
1617493500,+3.39, +4.072, +0.170,+0.944
1617493560,+3.39, +4.072, +0.169,+0.944
1617493620,+3.39, +4.072, +0.168,+0.944
1617493680,+3.39, +4.072, +0.169,+0.944
1617493740,+3.40, +4.052, +0.170,+0.944
1617493800,+3.39, +4.072, +0.169,+0.944
1617493860,+3.39, +4.072, +0.170,+0.944
1617493920,+3.40, +4.093, +0.169,+0.944
1617493980,+3.39, +4.052, +0.168,+0.944
1617494040,+3.39, +4.083, +0.168,+0.944
1617494100,+3.39, +4.083, +0.170,+0.944
1617494160,+3.39, +4.083, +0.171,+0.945
1617494220,+3.40, +4.103, +0.170,+0.945
1617494280,+3.39, +4.052, +0.172,+0.944
1617494340,+3.40, +4.083, +0.173,+0.944
1617494400,+3.39, +4.083, +0.170,+0.944
1617494460,+3.40, +4.103, +0.171,+0.945
1617494520,+3.40, +4.103, +0.170,+0.944
1617494580,+3.39, +4.103, +0.170,+0.944
1617494640,+3.39, +4.114, +0.170,+0.944
1617494700,+3.39, +4.072, +0.172,+0.944
1617494760,+3.39, +4.083, +0.169,+0.944
1617494820,+3.39, +4.093, +0.169,+0.944
1617494880,+3.39, +4.083, +0.169,+0.944
1617494940,+3.39, +4.093, +0.170,+0.944
1617495000,+3.40, +4.093, +0.168,+0.944
1617495060,+3.39, +4.072, +0.170,+0.944
1617495120,+3.39, +4.093, +0.169,+0.944
1617495180,+3.39, +4.083, +0.169,+0.944
1617495240,+3.39, +4.093, +0.169,+0.944
1617495300,+3.40, +4.103, +0.170,+0.944
1617495360,+3.39, +4.103, +0.169,+0.944
1617495420,+3.40, +4.093, +0.169,+0.944
1617495480,+3.40, +4.093, +0.169,+0.944
1617495540,+3.39, +4.093, +0.170,+0.944
1617495600,+3.39, +4.083, +0.169,+0.944
1617495660,+3.40, +4.083, +0.169,+0.944
1617495720,+3.39, +4.103, +0.171,+0.944
1617495780,+3.40, +4.114, +0.170,+0.944
1617495840,+3.40, +4.072, +0.170,+0.944
1617495900,+3.39, +4.072, +0.170,+0.944
1617495960,+3.40, +4.083, +0.170,+0.944
1617496020,+3.39, +4.103, +0.170,+0.944
1617496080,+3.40, +4.072, +0.172,+0.944
1617496140,+3.40, +4.093, +0.169,+0.944
1617496200,+3.40, +4.093, +0.172,+0.944
1617496260,+3.40, +4.103, +0.169,+0.944
1617496320,+3.39, +4.062, +0.171,+0.944
1617496380,+3.39, +4.041, +0.171,+0.944
1617496440,+3.39, +4.093, +0.169,+0.944
1617496500,+3.39, +4.072, +0.170,+0.944
1617496560,+3.40, +4.072, +0.171,+0.944
1617496620,+3.40, +4.072, +0.170,+0.944
1617496680,+3.39, +4.062, +0.171,+0.944
1617496740,+3.39, +4.083, +0.171,+0.944
1617496800,+3.39, +4.052, +0.169,+0.944
1617496860,+3.39, +3.989, +0.172,+0.944
1617496920,+3.39, +4.083, +0.170,+0.944
1617496980,+3.40, +4.083, +0.171,+0.944
1617497040,+3.39, +4.062, +0.170,+0.944
1617497100,+3.39, +4.083, +0.169,+0.944
1617497160,+3.39, +4.072, +0.172,+0.944
1617497220,+3.39, +4.052, +0.171,+0.944
1617497280,+3.39, +4.052, +0.171,+0.944
1617497340,+3.40, +4.093, +0.169,+0.944
1617497400,+3.40, +4.103, +0.171,+0.944
1617497460,+3.39, +4.083, +0.170,+0.944
1617497520,+3.40, +4.072, +0.172,+0.944
1617497580,+3.40, +4.062, +0.172,+0.944
1617497640,+3.39, +4.083, +0.170,+0.944
1617497700,+3.40, +4.093, +0.169,+0.944
1617497760,+3.39, +4.093, +0.170,+0.944
1617497820,+3.39, +4.072, +0.171,+0.944
1617497880,+3.39, +4.093, +0.169,+0.944
1617497940,+3.40, +4.083, +0.169,+0.944
1617498000,+3.40, +4.103, +0.170,+0.944
1617498060,+3.39, +4.103, +0.172,+0.944
1617498120,+3.40, +4.020, +0.172,+0.944
1617498180,+3.39, +4.072, +0.170,+0.944
1617498240,+3.40, +4.072, +0.170,+0.944
1617498300,+3.40, +4.062, +0.169,+0.944
1617498360,+3.39, +4.083, +0.169,+0.944
1617498420,+3.40, +4.062, +0.172,+0.944
1617498480,+3.39, +4.052, +0.172,+0.944
1617498540,+3.39, +4.083, +0.170,+0.944
1617498600,+3.39, +4.093, +0.170,+0.944
1617498660,+3.39, +4.093, +0.170,+0.944
1617498720,+3.40, +4.093, +0.171,+0.944
1617498780,+3.40, +4.083, +0.171,+0.944
1617498840,+3.39, +4.083, +0.171,+0.944
1617498900,+3.40, +4.083, +0.171,+0.944
1617498960,+3.40, +4.083, +0.171,+0.944
1617499020,+3.39, +4.062, +0.171,+0.944
1617499080,+3.39, +4.062, +0.171,+0.944
1617499140,+3.40, +4.052, +0.170,+0.944
1617499200,+3.39, +4.052, +0.170,+0.944
1617499260,+3.39, +4.072, +0.171,+0.944
1617499320,+3.40, +4.072, +0.171,+0.944
1617499380,+3.40, +4.103, +0.170,+0.944
1617499440,+3.40, +4.083, +0.171,+0.944
1617499500,+3.40, +4.093, +0.170,+0.944
1617499560,+3.40, +4.083, +0.171,+0.944
1617499620,+3.39, +4.083, +0.170,+0.944
1617499680,+3.40, +4.072, +0.173,+0.944
1617499740,+3.40, +4.083, +0.173,+0.944
1617499800,+3.39, +4.072, +0.170,+0.944
1617499860,+3.39, +4.083, +0.171,+0.944
1617499920,+3.40, +4.093, +0.171,+0.944
1617499980,+3.40, +4.072, +0.171,+0.944
1617500040,+3.40, +4.072, +0.169,+0.944
1617500100,+3.40, +4.062, +0.171,+0.944
1617500160,+3.40, +4.083, +0.170,+0.944
1617500220,+3.39, +4.083, +0.171,+0.944
1617500280,+3.39, +4.072, +0.172,+0.944
1617500340,+3.39, +4.083, +0.171,+0.944
1617500400,+3.40, +4.083, +0.172,+0.944
1617500460,+3.39, +4.062, +0.172,+0.944
1617500520,+3.40, +4.062, +0.171,+0.944
1617500580,+3.39, +4.072, +0.170,+0.944
1617500640,+3.40, +4.062, +0.171,+0.944
1617500700,+3.40, +4.103, +0.170,+0.944
1617500760,+3.40, +4.062, +0.170,+0.944
1617500820,+3.40, +4.041, +0.171,+0.944
1617500880,+3.40, +4.083, +0.169,+0.944
1617500940,+3.39, +4.072, +0.170,+0.944
1617501000,+3.39, +4.083, +0.170,+0.944
1617501060,+3.40, +4.062, +0.172,+0.944
1617501120,+3.39, +4.083, +0.168,+0.944
1617501180,+3.39, +4.062, +0.171,+0.944
1617501240,+3.40, +4.031, +0.170,+0.944
1617501300,+3.40, +4.062, +0.172,+0.944
1617501360,+3.39, +4.083, +0.169,+0.944
1617501420,+3.39, +4.062, +0.170,+0.944
1617501480,+3.40, +4.041, +0.171,+0.944
1617501540,+3.39, +4.062, +0.169,+0.944
1617501600,+3.39, +4.072, +0.170,+0.944
1617501660,+3.39, +4.083, +0.171,+0.944
1617501720,+3.39, +4.072, +0.170,+0.944
1617501780,+3.40, +4.072, +0.170,+0.944
1617501840,+3.39, +4.072, +0.170,+0.944
1617501900,+3.39, +4.041, +0.169,+0.944
1617501960,+3.40, +4.083, +0.171,+0.944
1617502020,+3.39, +4.062, +0.168,+0.944
1617502080,+3.39, +4.041, +0.170,+0.944
1617502140,+3.39, +4.083, +0.172,+0.944
1617502200,+3.39, +4.083, +0.171,+0.944
1617502260,+3.39, +4.072, +0.171,+0.944
1617502320,+3.39, +4.052, +0.171,+0.944
1617502380,+3.40, +4.093, +0.170,+0.944
1617502440,+3.40, +4.093, +0.170,+0.944
1617502500,+3.40, +4.062, +0.170,+0.944
1617502560,+3.39, +4.062, +0.170,+0.944
1617502620,+3.40, +4.093, +0.170,+0.944
1617502680,+3.40, +4.083, +0.170,+0.944
1617502740,+3.39, +4.062, +0.172,+0.944
1617502800,+3.40, +4.093, +0.170,+0.944
1617502860,+3.40, +4.062, +0.171,+0.944
1617502920,+3.39, +4.052, +0.170,+0.944
1617502980,+3.40, +4.072, +0.170,+0.944
1617503040,+3.39, +4.072, +0.169,+0.944
1617503100,+3.39, +4.072, +0.171,+0.944
1617503160,+3.39, +4.072, +0.171,+0.944
1617503220,+3.40, +4.072, +0.171,+0.944
1617503280,+3.40, +4.083, +0.171,+0.944
1617503340,+3.39, +4.072, +0.171,+0.944
1617503400,+3.40, +4.093, +0.170,+0.944
1617503460,+3.40, +4.083, +0.171,+0.944
1617503520,+3.40, +4.083, +0.172,+0.944
1617503580,+3.39, +4.083, +0.171,+0.944
1617503640,+3.39, +4.103, +0.170,+0.944
1617503700,+3.39, +4.093, +0.170,+0.944
1617503760,+3.40, +4.083, +0.170,+0.944
1617503820,+3.40, +4.062, +0.171,+0.944
1617503880,+3.40, +4.062, +0.171,+0.944
1617503940,+3.39, +4.062, +0.170,+0.944
1617504000,+3.40, +4.083, +0.171,+0.944
1617504060,+3.39, +4.062, +0.172,+0.944
1617504120,+3.39, +4.072, +0.171,+0.944
1617504180,+3.39, +4.072, +0.172,+0.944
1617504240,+3.40, +4.093, +0.170,+0.944
1617504300,+3.39, +4.062, +0.167,+0.944
1617504360,+3.40, +4.083, +0.171,+0.944
1617504420,+3.39, +4.072, +0.170,+0.944
1617504480,+3.40, +4.072, +0.170,+0.944
1617504540,+3.40, +4.083, +0.171,+0.944
1617504600,+3.40, +4.072, +0.172,+0.944
1617504660,+3.40, +4.083, +0.169,+0.944
1617504720,+3.39, +4.062, +0.173,+0.944
1617504780,+3.40, +4.062, +0.171,+0.944
1617504840,+3.40, +4.072, +0.170,+0.944
1617504900,+3.40, +4.062, +0.171,+0.944
1617504960,+3.39, +4.083, +0.169,+0.944
1617505020,+3.40, +4.062, +0.169,+0.944
1617505080,+3.39, +4.062, +0.170,+0.944
1617505140,+3.40, +4.072, +0.171,+0.944
1617505200,+3.40, +4.083, +0.170,+0.944
1617505260,+3.39, +4.072, +0.169,+0.944
1617505320,+3.39, +4.052, +0.171,+0.944
1617505380,+3.39, +4.062, +0.170,+0.944
1617505440,+3.40, +4.062, +0.171,+0.944
1617505500,+3.40, +4.093, +0.170,+0.944
1617505560,+3.39, +4.062, +0.170,+0.944
1617505620,+3.39, +4.062, +0.171,+0.944
1617505680,+3.39, +4.072, +0.171,+0.944
1617505740,+3.39, +4.083, +0.170,+0.944
1617505800,+3.39, +4.083, +0.171,+0.944
1617505860,+3.39, +4.052, +0.170,+0.944
1617505920,+3.40, +4.072, +0.172,+0.944
1617505980,+3.39, +4.093, +0.172,+0.944
1617506040,+3.39, +4.052, +0.171,+0.944
1617506100,+3.40, +4.083, +0.171,+0.944
1617506160,+3.39, +4.052, +0.171,+0.944
1617506220,+3.39, +4.072, +0.171,+0.944
1617506280,+3.40, +4.072, +0.171,+0.944
1617506340,+3.40, +4.134, +0.171,+0.944
1617506400,+3.39, +4.083, +0.172,+0.944
1617506460,+3.40, +4.083, +0.169,+0.944
1617506520,+3.39, +4.072, +0.170,+0.944
1617506580,+3.39, +4.072, +0.171,+0.944
1617506640,+3.40, +4.083, +0.171,+0.944
1617506700,+3.39, +4.072, +0.172,+0.944
1617506760,+3.40, +4.103, +0.171,+0.944
1617506820,+3.39, +4.062, +0.173,+0.944
1617506880,+3.40, +4.062, +0.171,+0.944
1617506940,+3.39, +4.062, +0.172,+0.944
1617507000,+3.39, +4.062, +0.172,+0.944
1617507060,+3.39, +4.072, +0.170,+0.944
1617507120,+3.39, +4.083, +0.171,+0.944
1617507180,+3.40, +4.093, +0.169,+0.944
1617507240,+3.39, +4.020, +0.173,+0.944
1617507300,+3.40, +4.083, +0.171,+0.944
1617507360,+3.39, +4.062, +0.171,+0.944
1617507420,+3.40, +4.062, +0.173,+0.944
1617507480,+3.39, +4.083, +0.170,+0.944
1617507540,+3.39, +4.052, +0.172,+0.943
1617507600,+3.40, +4.103, +0.171,+0.944
1617507660,+3.40, +4.083, +0.171,+0.944
1617507720,+3.39, +4.062, +0.170,+0.944
1617507780,+3.39, +4.052, +0.170,+0.944
1617507840,+3.39, +4.083, +0.172,+0.944
1617507900,+3.39, +4.052, +0.172,+0.944
1617507960,+3.40, +4.083, +0.171,+0.944
1617508020,+3.40, +4.062, +0.170,+0.944
1617508080,+3.40, +4.114, +0.171,+0.944
1617508140,+3.39, +4.052, +0.171,+0.944
1617508200,+3.40, +4.062, +0.172,+0.944
1617508260,+3.39, +4.072, +0.172,+0.944
1617508320,+3.39, +4.083, +0.171,+0.944
1617508380,+3.39, +4.062, +0.171,+0.944
1617508440,+3.39, +4.072, +0.171,+0.944
1617508500,+3.40, +4.083, +0.171,+0.944
1617508560,+3.39, +4.103, +0.170,+0.944
1617508620,+3.40, +4.114, +0.171,+0.944
1617508680,+3.40, +4.083, +0.171,+0.944
1617508740,+3.39, +4.083, +0.172,+0.944
1617508800,+3.40, +4.062, +0.171,+0.944
1617508860,+3.40, +4.041, +0.173,+0.944
1617508920,+3.39, +4.062, +0.172,+0.944
1617508980,+3.39, +4.072, +0.173,+0.944
1617509040,+3.39, +4.072, +0.169,+0.944
1617509100,+3.40, +4.041, +0.173,+0.944
1617509160,+3.39, +4.072, +0.171,+0.944
1617509220,+3.40, +4.052, +0.173,+0.944
1617509280,+3.39, +4.062, +0.171,+0.944
1617509340,+3.40, +4.072, +0.171,+0.943
1617509400,+3.39, +4.062, +0.171,+0.944
1617509460,+3.39, +4.083, +0.171,+0.944
1617509520,+3.40, +4.083, +0.172,+0.944
1617509580,+3.39, +4.041, +0.173,+0.944
1617509640,+3.39, +4.072, +0.171,+0.944
1617509700,+3.39, +4.083, +0.172,+0.944
1617509760,+3.40, +4.083, +0.172,+0.944
1617509820,+3.40, +4.072, +0.172,+0.944
1617509880,+3.39, +4.093, +0.171,+0.944
1617509940,+3.40, +4.062, +0.172,+0.943
1617510000,+3.39, +4.083, +0.170,+0.944
1617510060,+3.40, +4.072, +0.172,+0.944
1617510120,+3.39, +4.052, +0.171,+0.943
1617510180,+3.39, +4.083, +0.172,+0.944
1617510240,+3.40, +4.124, +0.170,+0.944
1617510300,+3.39, +4.072, +0.174,+0.944
1617510360,+3.39, +4.103, +0.170,+0.944
1617510420,+3.39, +4.093, +0.172,+0.944
1617510480,+3.39, +4.062, +0.173,+0.944
1617510540,+3.39, +4.062, +0.172,+0.944
1617510600,+3.40, +4.103, +0.172,+0.944
1617510660,+3.40, +4.062, +0.172,+0.943
1617510720,+3.40, +4.083, +0.172,+0.944
1617510780,+3.40, +4.093, +0.170,+0.944
1617510840,+3.40, +4.062, +0.172,+0.944
1617510900,+3.40, +4.072, +0.170,+0.944
1617510960,+3.39, +4.083, +0.171,+0.944
1617511020,+3.39, +4.072, +0.172,+0.944
1617511080,+3.39, +4.093, +0.170,+0.944
1617511140,+3.39, +4.052, +0.171,+0.943
1617511200,+3.39, +4.062, +0.172,+0.944
1617511260,+3.39, +4.062, +0.172,+0.943
1617511320,+3.39, +4.083, +0.173,+0.944
1617511380,+3.39, +4.072, +0.173,+0.944
1617511440,+3.40, +4.093, +0.172,+0.944
1617511500,+3.39, +4.083, +0.174,+0.944
1617511560,+3.39, +4.083, +0.170,+0.944
1617511620,+3.39, +4.124, +0.172,+0.944
1617511680,+3.39, +4.072, +0.172,+0.944
1617511740,+3.40, +4.083, +0.171,+0.944
1617511800,+3.39, +4.083, +0.172,+0.944
1617511860,+3.39, +4.072, +0.172,+0.944
1617511920,+3.39, +4.093, +0.172,+0.944
1617511980,+3.40, +4.052, +0.172,+0.944
1617512040,+3.40, +4.093, +0.170,+0.944
1617512100,+3.40, +4.083, +0.171,+0.944
1617512160,+3.39, +4.062, +0.172,+0.944
1617512220,+3.40, +4.093, +0.171,+0.944
1617512280,+3.40, +4.083, +0.172,+0.944
1617512340,+3.40, +4.103, +0.172,+0.944
1617512400,+3.40, +4.072, +0.170,+0.945
1617512460,+3.40, +4.093, +0.169,+0.945
1617512520,+3.40, +4.103, +0.169,+0.945
1617512580,+3.39, +4.052, +0.171,+0.945
1617512640,+3.40, +4.103, +0.169,+0.945
1617512700,+3.39, +4.052, +0.168,+0.945
1617512760,+3.39, +4.134, +0.168,+0.945
1617512820,+3.39, +4.103, +0.169,+0.945
1617512880,+3.40, +4.072, +0.170,+0.945
1617512940,+3.39, +4.083, +0.168,+0.945
1617513000,+3.39, +4.083, +0.169,+0.945
1617513060,+3.40, +4.083, +0.170,+0.945
1617513120,+3.40, +4.083, +0.170,+0.945
1617513180,+3.40, +4.083, +0.168,+0.945
1617513240,+3.39, +4.103, +0.168,+0.945
1617513300,+3.39, +4.093, +0.170,+0.945
1617513360,+3.40, +4.124, +0.169,+0.945
1617513420,+3.40, +4.083, +0.171,+0.945
1617513480,+3.40, +4.072, +0.169,+0.945
1617513540,+3.39, +4.083, +0.169,+0.945
1617513600,+3.40, +4.083, +0.169,+0.945
1617513660,+3.39, +4.093, +0.169,+0.945
1617513720,+3.40, +4.083, +0.170,+0.945
1617513780,+3.40, +4.114, +0.169,+0.945
1617513840,+3.39, +4.083, +0.169,+0.945
1617513900,+3.40, +4.103, +0.170,+0.945
1617513960,+3.40, +4.103, +0.171,+0.945
1617514020,+3.39, +4.083, +0.170,+0.945
1617514080,+3.39, +4.062, +0.171,+0.945
1617514140,+3.39, +4.083, +0.171,+0.945
1617514200,+3.40, +4.103, +0.170,+0.945
1617514260,+3.40, +4.083, +0.171,+0.945
1617514320,+3.39, +4.062, +0.169,+0.945
1617514380,+3.40, +4.103, +0.169,+0.945
1617514440,+3.40, +4.083, +0.170,+0.945
1617514500,+3.40, +4.093, +0.169,+0.945
1617514560,+3.40, +4.103, +0.170,+0.945
1617514620,+3.39, +4.083, +0.170,+0.945
1617514680,+3.40, +4.083, +0.171,+0.945
1617514740,+3.40, +4.103, +0.170,+0.945
1617514800,+3.40, +4.093, +0.172,+0.945
1617514860,+3.40, +4.083, +0.171,+0.945
1617514920,+3.40, +4.103, +0.173,+0.945
1617514980,+3.39, +4.093, +0.173,+0.945
1617515040,+3.40, +4.114, +0.173,+0.945
1617515100,+3.39, +4.103, +0.174,+0.945
1617515160,+3.39, +4.103, +0.175,+0.945
1617515220,+3.40, +4.072, +0.176,+0.945
1617515280,+3.39, +4.072, +0.177,+0.945
1617515340,+3.39, +4.083, +0.175,+0.945
1617515400,+3.39, +4.062, +0.177,+0.945
1617515460,+3.39, +4.062, +0.175,+0.945
1617515520,+3.40, +4.103, +0.175,+0.945
1617515580,+3.40, +4.083, +0.175,+0.945
1617515640,+3.40, +4.072, +0.173,+0.945
1617515700,+3.40, +4.072, +0.175,+0.945
1617515760,+3.39, +4.083, +0.173,+0.945
1617515820,+3.40, +4.103, +0.173,+0.945
1617515880,+3.40, +4.093, +0.171,+0.945
1617515940,+3.40, +4.083, +0.174,+0.945
1617516000,+3.39, +4.093, +0.172,+0.945
1617516060,+3.40, +4.093, +0.170,+0.945
1617516120,+3.40, +4.093, +0.171,+0.945
1617516180,+3.40, +4.083, +0.169,+0.945
1617516240,+3.40, +4.062, +0.171,+0.945
1617516300,+3.39, +4.062, +0.170,+0.945
1617516360,+3.39, +4.083, +0.171,+0.945
1617516420,+3.40, +4.083, +0.171,+0.945
1617516480,+3.39, +4.083, +0.170,+0.945
1617516540,+3.40, +4.072, +0.171,+0.945
1617516600,+3.40, +4.083, +0.172,+0.945
1617516660,+3.40, +4.103, +0.172,+0.945
1617516720,+3.39, +4.062, +0.174,+0.945
1617516780,+3.39, +4.083, +0.171,+0.945
1617516840,+3.39, +4.083, +0.170,+0.945
1617516900,+3.40, +4.072, +0.171,+0.945
1617516960,+3.40, +4.093, +0.169,+0.945
1617517020,+3.39, +4.083, +0.171,+0.945
1617517080,+3.40, +4.103, +0.171,+0.945
1617517140,+3.40, +4.072, +0.171,+0.945
1617517200,+3.40, +4.072, +0.171,+0.945
1617517260,+3.40, +4.083, +0.171,+0.945
1617517320,+3.40, +4.093, +0.170,+0.945
1617517380,+3.39, +4.083, +0.170,+0.945
1617517440,+3.40, +4.083, +0.172,+0.945
1617517500,+3.40, +4.072, +0.170,+0.945
1617517560,+3.39, +4.083, +0.171,+0.945
1617517620,+3.39, +4.052, +0.173,+0.945
1617517680,+3.40, +4.103, +0.172,+0.945
1617517740,+3.39, +4.083, +0.171,+0.945
1617517800,+3.39, +4.052, +0.171,+0.945
1617517860,+3.39, +4.093, +0.172,+0.945
1617517920,+3.39, +4.062, +0.169,+0.945
1617517980,+3.39, +4.103, +0.171,+0.945
1617518040,+3.40, +4.083, +0.171,+0.945
1617518100,+3.40, +4.062, +0.172,+0.945
1617518160,+3.40, +4.093, +0.169,+0.945
1617518220,+3.40, +4.072, +0.170,+0.945
1617518280,+3.40, +4.072, +0.171,+0.945
1617518340,+3.39, +4.072, +0.171,+0.945
1617518400,+3.39, +4.072, +0.170,+0.945
1617518460,+3.39, +4.093, +0.171,+0.945
1617518520,+3.39, +4.072, +0.171,+0.945
1617518580,+3.40, +4.062, +0.172,+0.945
1617518640,+3.39, +4.062, +0.171,+0.945
1617518700,+3.39, +4.072, +0.170,+0.945
1617518760,+3.40, +4.114, +0.169,+0.945
1617518820,+3.40, +4.072, +0.172,+0.945
1617518880,+3.40, +4.052, +0.170,+0.945
1617518940,+3.39, +4.062, +0.171,+0.945
1617519000,+3.39, +4.083, +0.170,+0.945
1617519060,+3.40, +4.072, +0.171,+0.945
1617519120,+3.40, +4.083, +0.170,+0.945
1617519180,+3.39, +4.083, +0.170,+0.945
1617519240,+3.40, +4.103, +0.170,+0.945
1617519300,+3.40, +4.052, +0.172,+0.945
1617519360,+3.40, +4.072, +0.170,+0.945
1617519420,+3.39, +4.093, +0.170,+0.945
1617519480,+3.39, +4.072, +0.170,+0.945
1617519540,+3.39, +4.072, +0.170,+0.945
1617519600,+3.40, +4.062, +0.171,+0.945
1617519660,+3.39, +4.062, +0.172,+0.945
1617519720,+3.39, +4.083, +0.170,+0.945
1617519780,+3.40, +4.083, +0.171,+0.945
1617519840,+3.39, +4.093, +0.170,+0.945
1617519900,+3.40, +4.072, +0.170,+0.945
1617519960,+3.39, +4.083, +0.170,+0.945
1617520020,+3.39, +4.072, +0.172,+0.945
1617520080,+3.40, +4.062, +0.172,+0.945
1617520140,+3.40, +4.134, +0.170,+0.945
1617520200,+3.40, +4.093, +0.171,+0.945
1617520260,+3.40, +4.072, +0.170,+0.945
1617520320,+3.39, +4.062, +0.171,+0.945
1617520380,+3.39, +4.062, +0.169,+0.945
1617520440,+3.39, +4.052, +0.170,+0.945
1617520500,+3.39, +4.083, +0.170,+0.945
1617520560,+3.40, +4.072, +0.170,+0.945
1617520620,+3.39, +4.062, +0.171,+0.945
1617520680,+3.40, +4.062, +0.170,+0.945
1617520740,+3.39, +4.052, +0.170,+0.945
1617520800,+3.39, +4.062, +0.171,+0.945
1617520860,+3.40, +4.062, +0.172,+0.945
1617520920,+3.40, +4.072, +0.170,+0.945
1617520980,+3.39, +4.072, +0.169,+0.945
1617521040,+3.40, +4.072, +0.170,+0.945
1617521100,+3.39, +4.062, +0.171,+0.945
1617521160,+3.39, +4.072, +0.170,+0.945
1617521220,+3.40, +4.083, +0.171,+0.945
1617521280,+3.39, +4.062, +0.169,+0.945
1617521340,+3.40, +4.072, +0.171,+0.945
1617521400,+3.40, +4.083, +0.172,+0.945
1617521460,+3.40, +4.072, +0.170,+0.945
1617521520,+3.40, +4.010, +0.172,+0.945
1617521580,+3.39, +4.052, +0.171,+0.945
1617521640,+3.40, +4.072, +0.171,+0.945
1617521700,+3.40, +4.103, +0.170,+0.945
1617521760,+3.39, +4.062, +0.171,+0.945
1617521820,+3.39, +4.083, +0.169,+0.945
1617521880,+3.39, +4.103, +0.172,+0.945
1617521940,+3.39, +4.072, +0.171,+0.945
1617522000,+3.40, +4.083, +0.169,+0.945
1617522060,+3.40, +4.062, +0.171,+0.945
1617522120,+3.39, +4.083, +0.171,+0.945
1617522180,+3.39, +4.062, +0.171,+0.945
1617522240,+3.40, +4.072, +0.171,+0.945
1617522300,+3.39, +4.083, +0.171,+0.945
1617522360,+3.39, +4.072, +0.171,+0.945
1617522420,+3.39, +4.072, +0.170,+0.945
1617522480,+3.40, +4.072, +0.171,+0.945
1617522540,+3.39, +4.072, +0.169,+0.945
1617522600,+3.39, +4.083, +0.170,+0.945
1617522660,+3.39, +4.062, +0.171,+0.945
1617522720,+3.39, +4.083, +0.171,+0.945
1617522780,+3.39, +4.072, +0.171,+0.945
1617522840,+3.39, +4.072, +0.170,+0.945
1617522900,+3.40, +4.072, +0.169,+0.945
1617522960,+3.39, +4.083, +0.171,+0.945
1617523020,+3.39, +4.062, +0.171,+0.945
1617523080,+3.39, +4.072, +0.173,+0.945
1617523140,+3.40, +4.083, +0.169,+0.945
1617523200,+3.39, +4.072, +0.172,+0.945
1617523260,+3.39, +4.052, +0.169,+0.945
1617523320,+3.40, +4.072, +0.170,+0.945
1617523380,+3.40, +4.072, +0.169,+0.945
1617523440,+3.40, +4.114, +0.167,+0.945
1617523500,+3.40, +4.052, +0.170,+0.945
1617523560,+3.39, +4.072, +0.171,+0.945
1617523620,+3.40, +4.052, +0.170,+0.945
1617523680,+3.40, +4.052, +0.170,+0.945
1617523740,+3.39, +4.062, +0.169,+0.945
1617523800,+3.40, +4.062, +0.171,+0.945
1617523860,+3.40, +4.083, +0.169,+0.945
1617523920,+3.40, +4.062, +0.171,+0.945
1617523980,+3.40, +4.052, +0.172,+0.945
1617524040,+3.40, +4.072, +0.171,+0.945
1617524100,+3.40, +4.072, +0.171,+0.945
1617524160,+3.39, +4.072, +0.171,+0.945
1617524220,+3.39, +4.041, +0.171,+0.945
1617524280,+3.40, +4.072, +0.169,+0.945
1617524340,+3.39, +4.062, +0.171,+0.945
1617524400,+3.40, +4.052, +0.170,+0.945
1617524460,+3.39, +4.093, +0.169,+0.945
1617524520,+3.40, +4.072, +0.170,+0.945
1617524580,+3.39, +4.072, +0.172,+0.945
1617524640,+3.39, +4.052, +0.171,+0.945
1617524700,+3.39, +4.062, +0.171,+0.945
1617524760,+3.39, +4.062, +0.172,+0.945
1617524820,+3.40, +4.052, +0.172,+0.945
1617524880,+3.40, +4.072, +0.171,+0.945
1617524940,+3.40, +4.062, +0.172,+0.945
1617525000,+3.39, +4.083, +0.169,+0.945
1617525060,+3.39, +4.052, +0.172,+0.945
1617525120,+3.39, +4.072, +0.172,+0.945
1617525180,+3.39, +4.083, +0.171,+0.945
1617525240,+3.39, +4.083, +0.171,+0.945
1617525300,+3.40, +4.093, +0.172,+0.945
1617525360,+3.40, +4.052, +0.172,+0.945
1617525420,+3.39, +4.093, +0.170,+0.945
1617525480,+3.39, +4.052, +0.170,+0.945
1617525540,+3.39, +4.072, +0.172,+0.945
1617525600,+3.39, +4.052, +0.170,+0.945
1617525660,+3.39, +4.062, +0.171,+0.945
1617525720,+3.39, +4.083, +0.170,+0.945
1617525780,+3.40, +4.052, +0.171,+0.945
1617525840,+3.40, +4.083, +0.170,+0.945
1617525900,+3.40, +4.052, +0.170,+0.945
1617525960,+3.39, +4.052, +0.172,+0.945
1617526020,+3.40, +4.072, +0.170,+0.945
1617526080,+3.40, +4.072, +0.170,+0.945
1617526140,+3.39, +4.062, +0.169,+0.945
1617526200,+3.39, +4.083, +0.169,+0.945
1617526260,+3.39, +4.052, +0.171,+0.945
1617526320,+3.39, +4.041, +0.171,+0.945
1617526380,+3.39, +4.041, +0.171,+0.945
1617526440,+3.39, +4.062, +0.172,+0.945
1617526500,+3.40, +4.062, +0.171,+0.945
1617526560,+3.39, +4.062, +0.171,+0.945
1617526620,+3.39, +4.062, +0.172,+0.945
1617526680,+3.40, +4.031, +0.170,+0.945
1617526740,+3.39, +4.052, +0.170,+0.945
1617526800,+3.39, +4.072, +0.172,+0.945
1617526860,+3.40, +4.052, +0.170,+0.945
1617526920,+3.39, +4.072, +0.170,+0.945
1617526980,+3.39, +4.052, +0.172,+0.945
1617527040,+3.40, +4.093, +0.170,+0.945
1617527100,+3.40, +4.041, +0.172,+0.945
1617527160,+3.40, +4.083, +0.171,+0.945
1617527220,+3.39, +4.062, +0.170,+0.945
1617527280,+3.40, +4.093, +0.171,+0.945
1617527340,+3.40, +4.072, +0.171,+0.945
1617527400,+3.40, +4.083, +0.170,+0.945
1617527460,+3.39, +4.041, +0.170,+0.945
1617527520,+3.39, +4.052, +0.171,+0.945
1617527580,+3.40, +4.062, +0.169,+0.945
1617527640,+3.40, +4.052, +0.170,+0.945
1617527700,+3.39, +4.052, +0.168,+0.945
1617527760,+3.40, +4.072, +0.171,+0.945
1617527820,+3.39, +4.072, +0.171,+0.945
1617527880,+3.40, +4.072, +0.170,+0.945
1617527940,+3.39, +4.093, +0.168,+0.945
1617528000,+3.39, +4.062, +0.170,+0.945
1617528060,+3.40, +4.062, +0.171,+0.945
1617528120,+3.39, +4.041, +0.171,+0.945
1617528180,+3.39, +4.072, +0.171,+0.945
1617528240,+3.39, +4.052, +0.171,+0.945
1617528300,+3.39, +4.072, +0.170,+0.945
1617528360,+3.39, +4.052, +0.170,+0.945
1617528420,+3.39, +4.052, +0.170,+0.945
1617528480,+3.40, +4.072, +0.170,+0.945
1617528540,+3.40, +4.052, +0.169,+0.945
1617528600,+3.40, +4.052, +0.171,+0.945
1617528660,+3.39, +4.062, +0.169,+0.945
1617528720,+3.40, +4.052, +0.170,+0.945
1617528780,+3.40, +4.041, +0.172,+0.945
1617528840,+3.39, +4.062, +0.171,+0.945
1617528900,+3.39, +4.041, +0.170,+0.945
1617528960,+3.39, +4.041, +0.172,+0.945
1617529020,+3.39, +4.083, +0.169,+0.945
1617529080,+3.39, +4.072, +0.171,+0.945
1617529140,+3.40, +4.020, +0.172,+0.945
1617529200,+3.39, +4.052, +0.170,+0.945
1617529260,+3.40, +4.093, +0.170,+0.945
1617529320,+3.40, +4.072, +0.171,+0.945
1617529380,+3.39, +4.072, +0.170,+0.945
1617529440,+3.40, +4.072, +0.170,+0.945
1617529500,+3.40, +4.062, +0.172,+0.945
1617529560,+3.40, +4.062, +0.170,+0.945
1617529620,+3.40, +4.052, +0.171,+0.945
1617529680,+3.40, +4.072, +0.171,+0.945
1617529740,+3.39, +4.083, +0.169,+0.945
1617529800,+3.39, +4.062, +0.172,+0.945
1617529860,+3.39, +4.052, +0.171,+0.945
1617529920,+3.39, +4.062, +0.171,+0.945
1617529980,+3.39, +4.052, +0.171,+0.945
1617530040,+3.39, +4.041, +0.170,+0.944
1617530100,+3.39, +4.083, +0.170,+0.945
1617530160,+3.40, +4.072, +0.169,+0.945
1617530220,+3.40, +4.083, +0.171,+0.945
1617530280,+3.39, +4.062, +0.171,+0.945
1617530340,+3.40, +4.083, +0.169,+0.945
1617530400,+3.39, +4.052, +0.170,+0.945
1617530460,+3.40, +4.072, +0.171,+0.945
1617530520,+3.39, +4.093, +0.169,+0.945
1617530580,+3.39, +4.052, +0.172,+0.945
1617530640,+3.39, +4.062, +0.169,+0.945
1617530700,+3.39, +4.062, +0.169,+0.945
1617530760,+3.40, +4.072, +0.169,+0.945
1617530820,+3.39, +4.062, +0.171,+0.945
1617530880,+3.40, +4.093, +0.171,+0.945
1617530940,+3.39, +4.083, +0.170,+0.945
1617531000,+3.40, +4.072, +0.171,+0.945
1617531060,+3.40, +4.041, +0.169,+0.945
1617531120,+3.40, +4.062, +0.170,+0.945
1617531180,+3.40, +4.052, +0.171,+0.945
1617531240,+3.40, +4.062, +0.172,+0.945
1617531300,+3.39, +4.072, +0.172,+0.945
1617531360,+3.40, +4.072, +0.170,+0.945
1617531420,+3.40, +4.072, +0.169,+0.945
1617531480,+3.39, +4.031, +0.171,+0.945
1617531540,+3.39, +4.062, +0.171,+0.945
1617531600,+3.39, +4.083, +0.170,+0.945
1617531660,+3.39, +4.072, +0.169,+0.945
1617531720,+3.40, +4.062, +0.172,+0.945
1617531780,+3.40, +4.083, +0.170,+0.945
1617531840,+3.39, +4.072, +0.171,+0.945
1617531900,+3.40, +4.072, +0.171,+0.945
1617531960,+3.39, +4.072, +0.170,+0.945
1617532020,+3.39, +4.041, +0.172,+0.945
1617532080,+3.39, +4.062, +0.170,+0.945
1617532140,+3.40, +4.072, +0.170,+0.945
1617532200,+3.40, +4.103, +0.170,+0.945
1617532260,+3.39, +4.041, +0.170,+0.945
1617532320,+3.39, +4.062, +0.170,+0.945
1617532380,+3.40, +4.072, +0.170,+0.945
1617532440,+3.39, +4.041, +0.171,+0.944
1617532500,+3.39, +4.020, +0.171,+0.945
1617532560,+3.39, +4.052, +0.171,+0.945
1617532620,+3.39, +4.062, +0.170,+0.945
1617532680,+3.40, +4.083, +0.171,+0.945
1617532740,+3.40, +4.072, +0.170,+0.945
1617532800,+3.40, +4.072, +0.171,+0.945
1617532860,+3.40, +4.062, +0.171,+0.945
1617532920,+3.39, +4.083, +0.170,+0.945
1617532980,+3.39, +4.072, +0.171,+0.945
1617533040,+3.39, +4.072, +0.172,+0.945
1617533100,+3.40, +4.072, +0.171,+0.945
1617533160,+3.40, +4.093, +0.172,+0.945
1617533220,+3.40, +4.072, +0.170,+0.945
1617533280,+3.40, +4.072, +0.171,+0.945
1617533340,+3.40, +4.093, +0.171,+0.945
1617533400,+3.39, +4.052, +0.172,+0.945
1617533460,+3.40, +4.083, +0.170,+0.945
1617533520,+3.40, +4.083, +0.170,+0.945
1617533580,+3.40, +4.052, +0.172,+0.945
1617533640,+3.39, +4.083, +0.170,+0.945
1617533700,+3.39, +4.072, +0.170,+0.945
1617533760,+3.39, +4.072, +0.172,+0.945
1617533820,+3.39, +4.072, +0.171,+0.945
1617533880,+3.39, +4.083, +0.171,+0.945
1617533940,+3.39, +4.052, +0.172,+0.945
1617534000,+3.39, +4.072, +0.169,+0.945
1617534060,+3.40, +4.083, +0.169,+0.945
1617534120,+3.39, +4.083, +0.169,+0.945
1617534180,+3.40, +4.072, +0.170,+0.945
1617534240,+3.39, +4.062, +0.168,+0.945
1617534300,+3.40, +4.072, +0.169,+0.945
1617534360,+3.39, +4.052, +0.169,+0.945
1617534420,+3.39, +4.062, +0.169,+0.945
1617534480,+3.39, +4.052, +0.169,+0.945
1617534540,+3.39, +4.103, +0.168,+0.945
1617534600,+3.40, +4.072, +0.171,+0.945
1617534660,+3.39, +4.052, +0.170,+0.945
1617534720,+3.39, +4.052, +0.168,+0.945
1617534780,+3.39, +4.062, +0.170,+0.945
1617534840,+3.39, +4.072, +0.170,+0.945
1617534900,+3.40, +4.072, +0.169,+0.945
1617534960,+3.39, +4.062, +0.168,+0.945
1617535020,+3.39, +4.052, +0.170,+0.945
1617535080,+3.39, +4.052, +0.168,+0.945
1617535140,+3.39, +4.062, +0.171,+0.945
1617535200,+3.39, +4.072, +0.169,+0.945
1617535260,+3.40, +4.072, +0.170,+0.945
1617535320,+3.39, +4.062, +0.169,+0.945
1617535380,+3.40, +4.052, +0.169,+0.945
1617535440,+3.39, +4.093, +0.169,+0.945
1617535500,+3.40, +4.062, +0.171,+0.945
1617535560,+3.39, +4.062, +0.169,+0.945
1617535620,+3.39, +4.083, +0.169,+0.945
1617535680,+3.40, +4.052, +0.171,+0.945
1617535740,+3.39, +4.062, +0.171,+0.945
1617535800,+3.40, +4.083, +0.169,+0.945
1617535860,+3.39, +4.062, +0.170,+0.945
1617535920,+3.39, +4.052, +0.170,+0.945
1617535980,+3.39, +4.062, +0.169,+0.945
1617536040,+3.40, +4.062, +0.170,+0.945
1617536100,+3.39, +4.072, +0.169,+0.945
1617536160,+3.39, +4.062, +0.171,+0.945
1617536220,+3.40, +4.093, +0.170,+0.945
1617536280,+3.39, +4.052, +0.170,+0.945
1617536340,+3.40, +4.062, +0.170,+0.945
1617536400,+3.39, +4.052, +0.170,+0.945
1617536460,+3.39, +4.072, +0.172,+0.945
1617536520,+3.39, +4.052, +0.171,+0.945
1617536580,+3.39, +4.052, +0.170,+0.945
1617536640,+3.39, +4.072, +0.167,+0.944
1617536700,+3.39, +4.072, +0.170,+0.945
1617536760,+3.40, +4.083, +0.169,+0.945
1617536820,+3.39, +4.062, +0.172,+0.945
1617536880,+3.39, +4.052, +0.170,+0.944
1617536940,+3.40, +4.052, +0.169,+0.945
1617537000,+3.39, +4.062, +0.169,+0.945
1617537060,+3.40, +4.093, +0.168,+0.945
1617537120,+3.40, +4.062, +0.170,+0.945
1617537180,+3.39, +4.062, +0.169,+0.944
1617537240,+3.40, +4.072, +0.170,+0.945
1617537300,+3.39, +4.062, +0.170,+0.945
1617537360,+3.39, +4.062, +0.169,+0.945
1617537420,+3.39, +4.041, +0.170,+0.945
1617537480,+3.40, +4.072, +0.170,+0.945
1617537540,+3.40, +4.072, +0.171,+0.945
1617537600,+3.39, +4.052, +0.170,+0.945
1617537660,+3.39, +4.072, +0.169,+0.945
1617537720,+3.40, +4.062, +0.171,+0.945
1617537780,+3.40, +4.062, +0.170,+0.945
1617537840,+3.40, +4.052, +0.170,+0.944
1617537900,+3.39, +4.052, +0.170,+0.945
1617537960,+3.40, +4.072, +0.171,+0.945
1617538020,+3.39, +4.072, +0.172,+0.945
1617538080,+3.39, +4.052, +0.170,+0.945
1617538140,+3.39, +4.052, +0.169,+0.944
1617538200,+3.40, +4.083, +0.169,+0.945
1617538260,+3.39, +4.062, +0.170,+0.945
1617538320,+3.39, +4.041, +0.170,+0.944
1617538380,+3.39, +4.062, +0.168,+0.944
1617538440,+3.40, +4.072, +0.172,+0.945
1617538500,+3.39, +4.072, +0.170,+0.945
1617538560,+3.39, +4.072, +0.170,+0.945
1617538620,+3.40, +4.083, +0.170,+0.945
1617538680,+3.39, +4.072, +0.168,+0.944
1617538740,+3.39, +4.072, +0.170,+0.945
1617538800,+3.39, +4.062, +0.169,+0.944
1617538860,+3.39, +4.052, +0.172,+0.945
1617538920,+3.39, +4.052, +0.170,+0.945
1617538980,+3.39, +4.062, +0.171,+0.945
1617539040,+3.40, +4.052, +0.170,+0.945
1617539100,+3.39, +4.062, +0.170,+0.944
1617539160,+3.39, +4.072, +0.169,+0.944
1617539220,+3.39, +4.062, +0.169,+0.944
1617539280,+3.39, +4.083, +0.170,+0.945
1617539340,+3.40, +4.072, +0.170,+0.945
1617539400,+3.39, +4.052, +0.170,+0.944
1617539460,+3.40, +4.072, +0.172,+0.945
1617539520,+3.39, +4.052, +0.170,+0.944
1617539580,+3.39, +4.062, +0.171,+0.945
1617539640,+3.39, +4.062, +0.169,+0.945
1617539700,+3.40, +4.041, +0.170,+0.945
1617539760,+3.39, +4.072, +0.169,+0.944
1617539820,+3.39, +4.083, +0.169,+0.945
1617539880,+3.39, +4.072, +0.170,+0.945
1617539940,+3.39, +4.052, +0.169,+0.944
1617540000,+3.39, +4.062, +0.172,+0.945
1617540060,+3.39, +4.072, +0.170,+0.944
1617540120,+3.39, +4.052, +0.171,+0.944
1617540180,+3.39, +4.083, +0.170,+0.945
1617540240,+3.39, +4.072, +0.170,+0.945
1617540300,+3.39, +4.062, +0.169,+0.945
1617540360,+3.39, +4.083, +0.170,+0.945
1617540420,+3.39, +4.083, +0.171,+0.944
1617540480,+3.39, +4.083, +0.171,+0.945
1617540540,+3.39, +4.062, +0.168,+0.944
1617540600,+3.39, +4.062, +0.170,+0.944
1617540660,+3.39, +4.072, +0.171,+0.945
1617540720,+3.39, +4.052, +0.172,+0.945
1617540780,+3.39, +4.072, +0.172,+0.945
1617540840,+3.39, +4.072, +0.169,+0.945
1617540900,+3.39, +4.062, +0.171,+0.945
1617540960,+3.39, +4.083, +0.170,+0.944
1617541020,+3.39, +4.114, +0.170,+0.945
1617541080,+3.39, +4.062, +0.170,+0.944
1617541140,+3.39, +4.062, +0.170,+0.944
1617541200,+3.39, +4.031, +0.171,+0.944
1617541260,+3.39, +4.083, +0.169,+0.945
1617541320,+3.39, +4.052, +0.170,+0.944
1617541380,+3.39, +4.052, +0.169,+0.944
1617541440,+3.39, +4.062, +0.171,+0.945
1617541500,+3.39, +4.072, +0.169,+0.944
1617541560,+3.39, +4.093, +0.170,+0.944
1617541620,+3.39, +4.072, +0.171,+0.944
1617541680,+3.39, +4.052, +0.172,+0.944
1617541740,+3.39, +4.072, +0.169,+0.945
1617541800,+3.39, +4.083, +0.169,+0.945
1617541860,+3.39, +4.062, +0.169,+0.944
1617541920,+3.39, +4.093, +0.169,+0.944
1617541980,+3.39, +4.052, +0.171,+0.944
1617542040,+3.39, +4.083, +0.170,+0.944
1617542100,+3.39, +4.072, +0.170,+0.944
1617542160,+3.39, +4.083, +0.170,+0.945
1617542220,+3.39, +4.062, +0.168,+0.944
1617542280,+3.39, +4.072, +0.171,+0.944
1617542340,+3.39, +4.072, +0.171,+0.944
1617542400,+3.40, +4.083, +0.171,+0.944
1617542460,+3.39, +4.052, +0.170,+0.944
1617542520,+3.39, +4.052, +0.172,+0.944
1617542580,+3.39, +4.041, +0.170,+0.944
1617542640,+3.39, +4.083, +0.170,+0.944
1617542700,+3.39, +4.031, +0.171,+0.944
1617542760,+3.39, +4.052, +0.171,+0.944
1617542820,+3.39, +4.062, +0.170,+0.944
1617542880,+3.39, +4.052, +0.172,+0.945
1617542940,+3.39, +4.062, +0.170,+0.945
1617543000,+3.39, +4.052, +0.170,+0.944
1617543060,+3.39, +4.072, +0.170,+0.944
1617543120,+3.39, +4.072, +0.172,+0.945
1617543180,+3.39, +4.062, +0.169,+0.944
1617543240,+3.39, +4.052, +0.172,+0.945
1617543300,+3.39, +4.062, +0.169,+0.944
1617543360,+3.39, +4.083, +0.170,+0.945
1617543420,+3.39, +4.093, +0.173,+0.945
1617543480,+3.39, +4.093, +0.171,+0.945
1617543540,+3.39, +4.062, +0.170,+0.944
1617543600,+3.39, +4.072, +0.169,+0.944
1617543660,+3.39, +4.114, +0.170,+0.945
1617543720,+3.39, +4.072, +0.169,+0.944
1617543780,+3.39, +4.083, +0.169,+0.944
1617543840,+3.39, +4.083, +0.169,+0.944
1617543900,+3.39, +4.062, +0.173,+0.944
1617543960,+3.39, +4.062, +0.172,+0.944
1617544020,+3.39, +4.083, +0.172,+0.944
1617544080,+3.39, +4.072, +0.175,+0.945
1617544140,+3.39, +4.020, +0.176,+0.944
1617544200,+3.39, +4.083, +0.176,+0.944
1617544260,+3.39, +4.083, +0.180,+0.944
1617544320,+3.39, +4.062, +0.181,+0.944
1617544380,+3.39, +4.062, +0.179,+0.944
1617544440,+3.39, +4.103, +0.179,+0.945
1617544500,+3.40, +4.103, +0.179,+0.944
1617544560,+3.39, +4.062, +0.178,+0.944
1617544620,+3.39, +4.062, +0.178,+0.945
1617544680,+3.39, +4.072, +0.177,+0.945
1617544740,+3.39, +4.072, +0.174,+0.944
1617544800,+3.39, +4.072, +0.175,+0.944
1617544860,+3.39, +4.052, +0.176,+0.945
1617544920,+3.39, +4.083, +0.173,+0.944
1617544980,+3.39, +4.083, +0.172,+0.944
1617545040,+3.39, +4.093, +0.174,+0.945
1617545100,+3.39, +4.083, +0.173,+0.944
1617545160,+3.39, +4.072, +0.170,+0.944
1617545220,+3.39, +4.052, +0.171,+0.944
1617545280,+3.39, +4.041, +0.174,+0.944
1617545340,+3.39, +4.083, +0.172,+0.944
1617545400,+3.39, +4.072, +0.173,+0.944
1617545460,+3.39, +4.062, +0.173,+0.944
1617545520,+3.39, +4.062, +0.171,+0.944
1617545580,+3.39, +4.093, +0.173,+0.944
1617545640,+3.40, +4.083, +0.170,+0.944
1617545700,+3.39, +4.062, +0.172,+0.944
1617545760,+3.39, +4.072, +0.172,+0.944
1617545820,+3.39, +4.062, +0.172,+0.944
1617545880,+3.39, +4.072, +0.172,+0.944
1617545940,+3.39, +4.062, +0.173,+0.944
1617546000,+3.39, +4.072, +0.172,+0.944
1617546060,+3.39, +4.072, +0.171,+0.944
1617546120,+3.39, +4.093, +0.171,+0.944
1617546180,+3.39, +4.072, +0.171,+0.944
1617546240,+3.39, +4.083, +0.172,+0.944
1617546300,+3.39, +4.062, +0.173,+0.944
1617546360,+3.39, +4.083, +0.172,+0.944
1617546420,+3.39, +4.072, +0.173,+0.944
1617546480,+3.39, +4.083, +0.171,+0.944
1617546540,+3.39, +4.062, +0.173,+0.944
1617546600,+3.40, +4.062, +0.172,+0.944
1617546660,+3.39, +4.083, +0.171,+0.944
1617546720,+3.39, +4.062, +0.172,+0.944
1617546780,+3.39, +4.072, +0.174,+0.944
1617546840,+3.39, +4.072, +0.175,+0.944
1617546900,+3.39, +4.052, +0.175,+0.944
1617546960,+3.39, +4.062, +0.175,+0.944
1617547020,+3.39, +4.062, +0.176,+0.944
1617547080,+3.39, +4.083, +0.180,+0.944
1617547140,+3.39, +4.062, +0.179,+0.944
1617547200,+3.39, +4.072, +0.181,+0.944
1617547260,+3.39, +4.072, +0.182,+0.944
1617547320,+3.39, +4.072, +0.181,+0.944
1617547380,+3.39, +4.031, +0.181,+0.944
1617547440,+3.39, +4.083, +0.181,+0.945
1617547500,+3.39, +4.072, +0.181,+0.945
1617547560,+3.39, +4.052, +0.180,+0.944
1617547620,+3.39, +4.062, +0.181,+0.945
1617547680,+3.39, +4.062, +0.180,+0.944
1617547740,+3.39, +4.093, +0.178,+0.945
1617547800,+3.39, +4.062, +0.178,+0.945
1617547860,+3.39, +4.083, +0.177,+0.944
1617547920,+3.39, +4.062, +0.178,+0.945
1617547980,+3.39, +4.083, +0.179,+0.945
1617548040,+3.39, +4.062, +0.179,+0.945
1617548100,+3.40, +4.072, +0.181,+0.945
1617548160,+3.39, +4.062, +0.184,+0.945
1617548220,+3.39, +4.062, +0.184,+0.945
1617548280,+3.39, +4.062, +0.185,+0.945
1617548340,+3.39, +4.072, +0.183,+0.945
1617548400,+3.40, +4.083, +0.187,+0.945
1617548460,+3.39, +4.093, +0.186,+0.945
1617548520,+3.39, +4.052, +0.188,+0.945
1617548580,+3.39, +4.083, +0.189,+0.945
1617548640,+3.39, +4.041, +0.193,+0.945
1617548700,+3.39, +4.031, +0.193,+0.945
1617548760,+3.39, +4.072, +0.189,+0.945
1617548820,+3.39, +4.062, +0.189,+0.945
1617548880,+3.39, +4.052, +0.187,+0.945
1617548940,+3.39, +4.041, +0.185,+0.945
1617549000,+3.39, +4.072, +0.183,+0.945
1617549060,+3.39, +4.041, +0.182,+0.945
1617549120,+3.39, +4.072, +0.181,+0.945
1617549180,+3.39, +4.041, +0.179,+0.945
1617549240,+3.39, +4.072, +0.177,+0.945
1617549300,+3.39, +4.072, +0.178,+0.945
1617549360,+3.39, +4.062, +0.176,+0.945
1617549420,+3.39, +4.062, +0.176,+0.945
1617549480,+3.39, +4.052, +0.174,+0.945
1617549540,+3.39, +4.052, +0.173,+0.945
1617549600,+3.39, +4.062, +0.175,+0.945
1617549660,+3.39, +4.041, +0.174,+0.945
1617549720,+3.39, +4.062, +0.174,+0.945
1617549780,+3.39, +4.041, +0.172,+0.945
1617549840,+3.39, +4.062, +0.175,+0.945
1617549900,+3.39, +4.041, +0.175,+0.945
1617549960,+3.39, +4.062, +0.173,+0.945
1617550020,+3.39, +4.052, +0.172,+0.945
1617550080,+3.39, +4.052, +0.172,+0.945
1617550140,+3.39, +4.062, +0.173,+0.945
1617550200,+3.39, +4.041, +0.177,+0.945
1617550260,+3.39, +4.041, +0.176,+0.945
1617550320,+3.39, +4.052, +0.177,+0.945
1617550380,+3.39, +4.062, +0.177,+0.945
1617550440,+3.39, +4.052, +0.176,+0.945
1617550500,+3.39, +4.041, +0.175,+0.944
1617550560,+3.39, +4.062, +0.176,+0.945
1617550620,+3.39, +4.062, +0.177,+0.945
1617550680,+3.39, +4.072, +0.175,+0.945
1617550740,+3.39, +4.062, +0.173,+0.945
1617550800,+3.39, +4.062, +0.175,+0.945
1617550860,+3.39, +4.072, +0.172,+0.945
1617550920,+3.39, +4.041, +0.173,+0.945
1617550980,+3.39, +4.052, +0.173,+0.945
1617551040,+3.39, +4.072, +0.173,+0.945
1617551100,+3.39, +4.114, +0.173,+0.945
1617551160,+3.39, +4.010, +0.176,+0.945
1617551220,+3.39, +4.062, +0.175,+0.945
1617551280,+3.39, +4.041, +0.176,+0.945
1617551340,+3.39, +4.041, +0.173,+0.945
1617551400,+3.39, +4.052, +0.175,+0.945
1617551460,+3.39, +4.052, +0.180,+0.945
1617551520,+3.39, +4.052, +0.180,+0.945
1617551580,+3.39, +4.062, +0.180,+0.945
1617551640,+3.39, +4.041, +0.182,+0.945
1617551700,+3.39, +4.062, +0.183,+0.945
1617551760,+3.39, +4.062, +0.180,+0.945
1617551820,+3.39, +4.072, +0.182,+0.945
1617551880,+3.39, +4.052, +0.187,+0.945
1617551940,+3.39, +4.062, +0.191,+0.945
1617552000,+3.40, +4.103, +0.197,+0.945
1617552060,+3.39, +4.052, +0.219,+0.946
1617552120,+3.39, +3.979, +0.238,+0.946
1617552180,+3.39, +4.072, +0.255,+0.946
1617552240,+3.39, +4.072, +0.282,+0.946
1617552300,+3.39, +4.062, +0.286,+0.947
1617552360,+3.39, +4.072, +0.299,+0.947
1617552420,+3.39, +4.052, +0.323,+0.947
1617552480,+3.40, +4.072, +0.331,+0.948
1617552540,+3.39, +4.072, +0.343,+0.948
1617552600,+3.39, +4.083, +0.339,+0.948
1617552660,+3.39, +4.083, +0.299,+0.947
1617552720,+3.39, +4.062, +0.288,+0.947
1617552780,+3.39, +4.062, +0.281,+0.946
1617552840,+3.39, +4.052, +0.265,+0.946
1617552900,+3.39, +4.052, +0.254,+0.946
1617552960,+3.39, +4.052, +0.229,+0.946
1617553020,+3.39, +4.072, +0.218,+0.946
1617553080,+3.40, +4.072, +0.209,+0.946
1617553140,+3.39, +4.052, +0.208,+0.945
1617553200,+3.39, +4.072, +0.210,+0.945
1617553260,+3.39, +4.041, +0.209,+0.945
1617553320,+3.40, +4.072, +0.204,+0.945
1617553380,+3.39, +4.062, +0.201,+0.945
1617553440,+3.39, +4.083, +0.197,+0.945
1617553500,+3.39, +4.052, +0.193,+0.945
1617553560,+3.39, +4.062, +0.193,+0.945
1617553620,+3.39, +4.062, +0.190,+0.945
1617553680,+3.39, +4.062, +0.191,+0.945
1617553740,+3.39, +4.072, +0.190,+0.945
1617553800,+3.40, +4.062, +0.190,+0.945
1617553860,+3.39, +4.052, +0.190,+0.945
1617553920,+3.39, +4.062, +0.219,+0.946
1617553980,+3.39, +4.072, +0.221,+0.946
1617554040,+3.39, +4.062, +0.215,+0.945
1617554100,+3.39, +4.072, +0.212,+0.946
1617554160,+3.39, +4.072, +0.208,+0.946
1617554220,+3.39, +4.041, +0.204,+0.945
1617554280,+3.39, +4.052, +0.201,+0.945
1617554340,+3.39, +4.052, +0.202,+0.945
1617554400,+3.39, +4.062, +0.199,+0.945
