7392-570653
OS REV: 1.11 Sensor Cal: 1428445788
Time (sec),  BV (Volts),  T (deg C),  DO (mg/l),  Q ()
1613320860,+3.38, +2.779, +0.176,+0.962
1613320920,+3.38, +2.790, +0.176,+0.962
1613320980,+3.38, +2.822, +0.174,+0.962
1613321040,+3.38, +2.811, +0.174,+0.962
1613321100,+3.39, +2.779, +0.176,+0.962
1613321160,+3.39, +2.811, +0.175,+0.962
1613321220,+3.38, +2.779, +0.176,+0.962
1613321280,+3.39, +2.822, +0.174,+0.962
1613321340,+3.38, +2.801, +0.177,+0.962
1613321400,+3.39, +2.801, +0.174,+0.962
1613321460,+3.39, +2.811, +0.175,+0.962
1613321520,+3.38, +2.790, +0.175,+0.962
1613321580,+3.39, +2.790, +0.173,+0.962
1613321640,+3.39, +2.790, +0.175,+0.962
1613321700,+3.39, +2.790, +0.173,+0.962
1613321760,+3.38, +2.801, +0.177,+0.962
1613321820,+3.38, +2.779, +0.174,+0.962
1613321880,+3.39, +2.811, +0.175,+0.962
1613321940,+3.39, +2.779, +0.176,+0.962
1613322000,+3.38, +2.801, +0.175,+0.962
1613322060,+3.39, +2.801, +0.176,+0.962
1613322120,+3.39, +2.811, +0.175,+0.963
1613322180,+3.39, +2.811, +0.175,+0.963
1613322240,+3.38, +2.790, +0.175,+0.963
1613322300,+3.38, +2.811, +0.174,+0.963
1613322360,+3.39, +2.790, +0.175,+0.963
1613322420,+3.38, +2.822, +0.174,+0.963
1613322480,+3.39, +2.790, +0.175,+0.963
1613322540,+3.38, +2.758, +0.176,+0.963
1613322600,+3.38, +2.811, +0.176,+0.963
1613322660,+3.38, +2.811, +0.177,+0.963
1613322720,+3.38, +2.779, +0.175,+0.963
1613322780,+3.38, +2.822, +0.173,+0.963
1613322840,+3.38, +2.779, +0.175,+0.963
1613322900,+3.39, +2.790, +0.174,+0.963
1613322960,+3.39, +2.790, +0.175,+0.963
1613323020,+3.39, +2.801, +0.175,+0.963
1613323080,+3.38, +2.790, +0.174,+0.963
1613323140,+3.39, +2.801, +0.177,+0.963
1613323200,+3.39, +2.779, +0.175,+0.963
1613323260,+3.39, +2.801, +0.175,+0.963
1613323320,+3.39, +2.790, +0.175,+0.963
1613323380,+3.38, +2.790, +0.174,+0.963
1613323440,+3.39, +2.811, +0.174,+0.963
1613323500,+3.39, +2.747, +0.177,+0.963
1613323560,+3.39, +2.801, +0.174,+0.963
1613323620,+3.39, +2.779, +0.175,+0.963
1613323680,+3.39, +2.790, +0.174,+0.963
1613323740,+3.39, +2.801, +0.175,+0.963
1613323800,+3.39, +2.811, +0.177,+0.963
1613323860,+3.39, +2.801, +0.175,+0.963
1613323920,+3.39, +2.768, +0.176,+0.963
1613323980,+3.39, +2.822, +0.175,+0.963
1613324040,+3.39, +2.801, +0.176,+0.963
1613324100,+3.38, +2.801, +0.175,+0.963
1613324160,+3.39, +2.801, +0.176,+0.963
1613324220,+3.39, +2.768, +0.174,+0.963
1613324280,+3.39, +2.790, +0.174,+0.963
1613324340,+3.38, +2.779, +0.174,+0.963
1613324400,+3.39, +2.779, +0.176,+0.963
1613324460,+3.38, +2.768, +0.177,+0.963
1613324520,+3.39, +2.790, +0.175,+0.963
1613324580,+3.39, +2.801, +0.174,+0.963
1613324640,+3.38, +2.790, +0.177,+0.963
1613324700,+3.39, +2.811, +0.175,+0.963
1613324760,+3.39, +2.790, +0.175,+0.963
1613324820,+3.38, +2.790, +0.176,+0.963
1613324880,+3.39, +2.822, +0.175,+0.963
1613324940,+3.39, +2.768, +0.175,+0.963
1613325000,+3.39, +2.801, +0.174,+0.963
1613325060,+3.39, +2.790, +0.173,+0.963
1613325120,+3.39, +2.790, +0.174,+0.963
1613325180,+3.39, +2.790, +0.175,+0.963
1613325240,+3.39, +2.790, +0.175,+0.963
1613325300,+3.38, +2.779, +0.175,+0.963
1613325360,+3.39, +2.801, +0.176,+0.963
1613325420,+3.38, +2.779, +0.178,+0.963
1613325480,+3.38, +2.790, +0.175,+0.963
1613325540,+3.39, +2.801, +0.174,+0.963
1613325600,+3.38, +2.801, +0.176,+0.963
1613325660,+3.39, +2.811, +0.174,+0.963
1613325720,+3.39, +2.811, +0.175,+0.963
1613325780,+3.39, +2.790, +0.176,+0.963
1613325840,+3.39, +2.790, +0.175,+0.963
1613325900,+3.39, +2.801, +0.176,+0.963
1613325960,+3.38, +2.790, +0.176,+0.963
1613326020,+3.39, +2.779, +0.176,+0.963
1613326080,+3.38, +2.768, +0.174,+0.963
1613326140,+3.39, +2.790, +0.175,+0.963
1613326200,+3.38, +2.801, +0.175,+0.963
1613326260,+3.39, +2.790, +0.173,+0.963
1613326320,+3.38, +2.801, +0.176,+0.963
1613326380,+3.39, +2.822, +0.175,+0.963
1613326440,+3.39, +2.801, +0.175,+0.963
1613326500,+3.39, +2.833, +0.175,+0.963
1613326560,+3.39, +2.779, +0.174,+0.963
1613326620,+3.39, +2.779, +0.175,+0.963
1613326680,+3.39, +2.801, +0.177,+0.963
1613326740,+3.39, +2.779, +0.176,+0.963
1613326800,+3.39, +2.811, +0.176,+0.963
1613326860,+3.39, +2.779, +0.175,+0.963
1613326920,+3.39, +2.790, +0.176,+0.963
1613326980,+3.39, +2.790, +0.177,+0.963
1613327040,+3.39, +2.790, +0.175,+0.963
1613327100,+3.39, +2.779, +0.175,+0.963
1613327160,+3.39, +2.811, +0.174,+0.963
1613327220,+3.39, +2.758, +0.175,+0.963
1613327280,+3.39, +2.790, +0.175,+0.963
1613327340,+3.38, +2.779, +0.176,+0.963
1613327400,+3.39, +2.811, +0.174,+0.963
1613327460,+3.39, +2.779, +0.175,+0.963
1613327520,+3.39, +2.768, +0.175,+0.963
1613327580,+3.39, +2.779, +0.174,+0.963
1613327640,+3.39, +2.779, +0.175,+0.963
1613327700,+3.39, +2.811, +0.175,+0.963
1613327760,+3.39, +2.779, +0.175,+0.963
1613327820,+3.38, +2.779, +0.174,+0.963
1613327880,+3.39, +2.811, +0.175,+0.963
1613327940,+3.39, +2.790, +0.174,+0.963
1613328000,+3.39, +2.801, +0.174,+0.963
1613328060,+3.39, +2.801, +0.178,+0.963
1613328120,+3.39, +2.790, +0.175,+0.963
1613328180,+3.39, +2.768, +0.176,+0.963
1613328240,+3.38, +2.801, +0.175,+0.963
1613328300,+3.39, +2.801, +0.175,+0.963
1613328360,+3.39, +2.801, +0.176,+0.963
1613328420,+3.39, +2.790, +0.177,+0.963
1613328480,+3.39, +2.790, +0.174,+0.963
1613328540,+3.39, +2.801, +0.174,+0.963
1613328600,+3.38, +2.811, +0.175,+0.963
1613328660,+3.39, +2.790, +0.176,+0.963
1613328720,+3.39, +2.790, +0.176,+0.963
1613328780,+3.39, +2.790, +0.174,+0.963
1613328840,+3.39, +2.790, +0.176,+0.963
1613328900,+3.39, +2.790, +0.175,+0.963
1613328960,+3.39, +2.779, +0.176,+0.963
1613329020,+3.38, +2.801, +0.176,+0.963
1613329080,+3.39, +2.779, +0.177,+0.963
1613329140,+3.39, +2.779, +0.174,+0.963
1613329200,+3.39, +2.790, +0.175,+0.963
1613329260,+3.38, +2.801, +0.176,+0.963
1613329320,+3.39, +2.801, +0.174,+0.963
1613329380,+3.39, +2.801, +0.174,+0.963
1613329440,+3.38, +2.801, +0.175,+0.963
1613329500,+3.39, +2.779, +0.173,+0.963
1613329560,+3.39, +2.779, +0.177,+0.963
1613329620,+3.39, +2.779, +0.176,+0.963
1613329680,+3.39, +2.801, +0.175,+0.963
1613329740,+3.39, +2.790, +0.177,+0.963
1613329800,+3.39, +2.811, +0.175,+0.963
1613329860,+3.38, +2.779, +0.176,+0.963
1613329920,+3.39, +2.768, +0.176,+0.963
1613329980,+3.39, +2.801, +0.175,+0.963
1613330040,+3.38, +2.811, +0.174,+0.963
1613330100,+3.39, +2.801, +0.176,+0.963
1613330160,+3.39, +2.801, +0.175,+0.963
1613330220,+3.38, +2.822, +0.176,+0.963
1613330280,+3.39, +2.801, +0.173,+0.963
1613330340,+3.39, +2.736, +0.177,+0.963
1613330400,+3.39, +2.801, +0.176,+0.963
1613330460,+3.39, +2.790, +0.176,+0.963
1613330520,+3.38, +2.811, +0.174,+0.963
1613330580,+3.39, +2.811, +0.176,+0.963
1613330640,+3.39, +2.758, +0.176,+0.963
1613330700,+3.39, +2.811, +0.177,+0.963
1613330760,+3.39, +2.790, +0.173,+0.963
1613330820,+3.39, +2.790, +0.176,+0.963
1613330880,+3.39, +2.801, +0.176,+0.963
1613330940,+3.39, +2.790, +0.176,+0.963
1613331000,+3.39, +2.811, +0.174,+0.963
1613331060,+3.39, +2.801, +0.175,+0.963
1613331120,+3.39, +2.790, +0.174,+0.963
1613331180,+3.39, +2.801, +0.176,+0.963
1613331240,+3.39, +2.822, +0.176,+0.963
1613331300,+3.39, +2.811, +0.173,+0.963
1613331360,+3.39, +2.801, +0.174,+0.963
1613331420,+3.39, +2.822, +0.174,+0.963
1613331480,+3.39, +2.790, +0.176,+0.963
1613331540,+3.38, +2.801, +0.175,+0.963
1613331600,+3.39, +2.811, +0.175,+0.963
1613331660,+3.39, +2.811, +0.175,+0.963
1613331720,+3.39, +2.758, +0.174,+0.963
1613331780,+3.39, +2.822, +0.174,+0.963
1613331840,+3.39, +2.790, +0.174,+0.963
1613331900,+3.39, +2.801, +0.175,+0.963
1613331960,+3.39, +2.768, +0.177,+0.963
1613332020,+3.39, +2.779, +0.175,+0.963
1613332080,+3.39, +2.801, +0.174,+0.963
1613332140,+3.38, +2.790, +0.175,+0.963
1613332200,+3.39, +2.790, +0.174,+0.963
1613332260,+3.39, +2.801, +0.176,+0.963
1613332320,+3.39, +2.790, +0.175,+0.963
1613332380,+3.39, +2.790, +0.177,+0.963
1613332440,+3.39, +2.768, +0.175,+0.963
1613332500,+3.39, +2.779, +0.175,+0.963
1613332560,+3.39, +2.801, +0.176,+0.963
1613332620,+3.39, +2.811, +0.174,+0.963
1613332680,+3.39, +2.790, +0.175,+0.963
1613332740,+3.39, +2.790, +0.174,+0.963
1613332800,+3.38, +2.790, +0.175,+0.963
1613332860,+3.39, +2.779, +0.177,+0.963
1613332920,+3.39, +2.790, +0.175,+0.963
1613332980,+3.39, +2.779, +0.177,+0.963
1613333040,+3.39, +2.843, +0.175,+0.963
1613333100,+3.39, +2.811, +0.175,+0.963
1613333160,+3.39, +2.790, +0.175,+0.963
1613333220,+3.39, +2.790, +0.176,+0.963
1613333280,+3.39, +2.811, +0.175,+0.963
1613333340,+3.39, +2.811, +0.175,+0.963
1613333400,+3.39, +2.779, +0.176,+0.963
1613333460,+3.39, +2.801, +0.175,+0.963
1613333520,+3.38, +2.790, +0.175,+0.963
1613333580,+3.39, +2.811, +0.175,+0.963
1613333640,+3.39, +2.790, +0.176,+0.963
1613333700,+3.39, +2.790, +0.176,+0.963
1613333760,+3.39, +2.801, +0.175,+0.963
1613333820,+3.39, +2.790, +0.174,+0.963
1613333880,+3.39, +2.790, +0.175,+0.963
1613333940,+3.39, +2.779, +0.176,+0.963
1613334000,+3.39, +2.779, +0.174,+0.963
1613334060,+3.39, +2.790, +0.176,+0.963
1613334120,+3.39, +2.811, +0.174,+0.963
1613334180,+3.38, +2.768, +0.175,+0.963
1613334240,+3.39, +2.801, +0.178,+0.963
1613334300,+3.39, +2.790, +0.176,+0.963
1613334360,+3.39, +2.768, +0.174,+0.962
1613334420,+3.39, +2.801, +0.175,+0.963
1613334480,+3.39, +2.790, +0.176,+0.963
1613334540,+3.39, +2.790, +0.175,+0.963
1613334600,+3.39, +2.801, +0.174,+0.963
1613334660,+3.39, +2.822, +0.175,+0.963
1613334720,+3.39, +2.801, +0.176,+0.963
1613334780,+3.39, +2.768, +0.176,+0.963
1613334840,+3.39, +2.790, +0.175,+0.963
1613334900,+3.39, +2.768, +0.175,+0.963
1613334960,+3.39, +2.790, +0.176,+0.963
1613335020,+3.39, +2.790, +0.174,+0.963
1613335080,+3.39, +2.779, +0.175,+0.963
1613335140,+3.39, +2.790, +0.175,+0.963
1613335200,+3.39, +2.822, +0.175,+0.963
1613335260,+3.38, +2.768, +0.175,+0.963
1613335320,+3.39, +2.768, +0.177,+0.963
1613335380,+3.39, +2.758, +0.177,+0.963
1613335440,+3.39, +2.758, +0.176,+0.963
1613335500,+3.39, +2.758, +0.177,+0.963
1613335560,+3.39, +2.779, +0.174,+0.963
1613335620,+3.39, +2.758, +0.176,+0.963
1613335680,+3.39, +2.768, +0.175,+0.963
1613335740,+3.39, +2.758, +0.176,+0.963
1613335800,+3.39, +2.779, +0.176,+0.963
1613335860,+3.39, +2.790, +0.176,+0.963
1613335920,+3.39, +2.822, +0.176,+0.963
1613335980,+3.39, +2.801, +0.175,+0.963
1613336040,+3.39, +2.779, +0.177,+0.963
1613336100,+3.39, +2.790, +0.174,+0.963
1613336160,+3.39, +2.801, +0.173,+0.963
1613336220,+3.39, +2.790, +0.175,+0.963
1613336280,+3.39, +2.779, +0.174,+0.963
1613336340,+3.39, +2.790, +0.175,+0.963
1613336400,+3.39, +2.779, +0.175,+0.963
1613336460,+3.39, +2.779, +0.175,+0.963
1613336520,+3.39, +2.801, +0.177,+0.963
1613336580,+3.39, +2.768, +0.176,+0.963
1613336640,+3.39, +2.779, +0.174,+0.963
1613336700,+3.39, +2.790, +0.177,+0.963
1613336760,+3.39, +2.790, +0.175,+0.963
1613336820,+3.39, +2.747, +0.175,+0.963
1613336880,+3.39, +2.779, +0.174,+0.963
1613336940,+3.39, +2.768, +0.175,+0.963
1613337000,+3.39, +2.779, +0.175,+0.963
1613337060,+3.39, +2.758, +0.176,+0.963
1613337120,+3.39, +2.779, +0.175,+0.963
1613337180,+3.39, +2.768, +0.173,+0.962
1613337240,+3.39, +2.790, +0.175,+0.963
1613337300,+3.38, +2.790, +0.174,+0.963
1613337360,+3.39, +2.801, +0.175,+0.963
1613337420,+3.38, +2.747, +0.175,+0.963
1613337480,+3.38, +2.779, +0.175,+0.963
1613337540,+3.39, +2.768, +0.175,+0.963
1613337600,+3.39, +2.768, +0.177,+0.963
1613337660,+3.39, +2.801, +0.173,+0.963
1613337720,+3.39, +2.758, +0.175,+0.963
1613337780,+3.39, +2.790, +0.175,+0.963
1613337840,+3.39, +2.779, +0.176,+0.963
1613337900,+3.39, +2.768, +0.175,+0.963
1613337960,+3.39, +2.779, +0.175,+0.963
1613338020,+3.39, +2.779, +0.176,+0.963
1613338080,+3.39, +2.758, +0.175,+0.963
1613338140,+3.39, +2.779, +0.176,+0.963
1613338200,+3.39, +2.758, +0.177,+0.963
1613338260,+3.39, +2.768, +0.176,+0.963
1613338320,+3.39, +2.747, +0.175,+0.963
1613338380,+3.39, +2.747, +0.177,+0.963
1613338440,+3.38, +2.747, +0.175,+0.963
1613338500,+3.39, +2.758, +0.176,+0.963
1613338560,+3.38, +2.779, +0.175,+0.963
1613338620,+3.39, +2.747, +0.175,+0.963
1613338680,+3.38, +2.779, +0.174,+0.963
1613338740,+3.39, +2.747, +0.176,+0.963
1613338800,+3.39, +2.768, +0.175,+0.963
1613338860,+3.39, +2.747, +0.177,+0.963
1613338920,+3.39, +2.768, +0.177,+0.963
1613338980,+3.39, +2.758, +0.175,+0.963
1613339040,+3.39, +2.779, +0.174,+0.963
1613339100,+3.39, +2.758, +0.175,+0.963
1613339160,+3.39, +2.747, +0.174,+0.963
1613339220,+3.39, +2.768, +0.176,+0.963
1613339280,+3.39, +2.768, +0.177,+0.963
1613339340,+3.39, +2.747, +0.176,+0.963
1613339400,+3.39, +2.758, +0.174,+0.963
1613339460,+3.38, +2.736, +0.175,+0.962
1613339520,+3.39, +2.715, +0.176,+0.963
1613339580,+3.39, +2.758, +0.176,+0.963
1613339640,+3.39, +2.747, +0.175,+0.963
1613339700,+3.39, +2.768, +0.174,+0.963
1613339760,+3.39, +2.768, +0.175,+0.963
1613339820,+3.39, +2.779, +0.174,+0.963
1613339880,+3.39, +2.747, +0.176,+0.963
1613339940,+3.38, +2.779, +0.177,+0.963
1613340000,+3.39, +2.801, +0.173,+0.963
1613340060,+3.39, +2.779, +0.174,+0.963
1613340120,+3.39, +2.768, +0.175,+0.963
1613340180,+3.39, +2.768, +0.175,+0.963
1613340240,+3.39, +2.768, +0.176,+0.963
1613340300,+3.39, +2.758, +0.175,+0.963
1613340360,+3.39, +2.736, +0.176,+0.963
1613340420,+3.39, +2.747, +0.176,+0.963
1613340480,+3.39, +2.768, +0.175,+0.963
1613340540,+3.39, +2.758, +0.176,+0.963
1613340600,+3.39, +2.790, +0.177,+0.963
1613340660,+3.39, +2.758, +0.175,+0.963
1613340720,+3.39, +2.768, +0.174,+0.963
1613340780,+3.39, +2.758, +0.174,+0.963
1613340840,+3.39, +2.811, +0.175,+0.963
1613340900,+3.39, +2.747, +0.176,+0.963
1613340960,+3.39, +2.758, +0.176,+0.963
1613341020,+3.39, +2.736, +0.176,+0.963
1613341080,+3.39, +2.758, +0.175,+0.963
1613341140,+3.39, +2.758, +0.177,+0.963
1613341200,+3.39, +2.736, +0.175,+0.963
1613341260,+3.39, +2.736, +0.177,+0.963
1613341320,+3.39, +2.768, +0.174,+0.963
1613341380,+3.39, +2.736, +0.177,+0.963
1613341440,+3.39, +2.747, +0.176,+0.963
1613341500,+3.39, +2.768, +0.174,+0.963
1613341560,+3.39, +2.768, +0.174,+0.963
1613341620,+3.39, +2.704, +0.176,+0.963
1613341680,+3.39, +2.726, +0.175,+0.963
1613341740,+3.39, +2.758, +0.176,+0.963
1613341800,+3.39, +2.768, +0.176,+0.963
1613341860,+3.38, +2.747, +0.176,+0.963
1613341920,+3.38, +2.747, +0.176,+0.963
1613341980,+3.39, +2.747, +0.176,+0.963
1613342040,+3.39, +2.747, +0.175,+0.963
1613342100,+3.39, +2.747, +0.175,+0.963
1613342160,+3.38, +2.736, +0.178,+0.963
1613342220,+3.38, +2.768, +0.174,+0.963
1613342280,+3.39, +2.726, +0.173,+0.962
1613342340,+3.39, +2.736, +0.175,+0.963
1613342400,+3.39, +2.736, +0.175,+0.963
1613342460,+3.39, +2.736, +0.174,+0.963
1613342520,+3.39, +2.747, +0.176,+0.963
1613342580,+3.38, +2.768, +0.175,+0.963
1613342640,+3.39, +2.758, +0.173,+0.963
1613342700,+3.39, +2.758, +0.174,+0.963
1613342760,+3.39, +2.779, +0.175,+0.963
1613342820,+3.39, +2.768, +0.175,+0.963
1613342880,+3.38, +2.736, +0.175,+0.963
1613342940,+3.39, +2.758, +0.174,+0.963
1613343000,+3.39, +2.768, +0.176,+0.963
1613343060,+3.39, +2.790, +0.174,+0.963
1613343120,+3.39, +2.736, +0.175,+0.962
1613343180,+3.39, +2.747, +0.175,+0.963
1613343240,+3.39, +2.768, +0.176,+0.963
1613343300,+3.39, +2.758, +0.175,+0.963
1613343360,+3.39, +2.758, +0.176,+0.963
1613343420,+3.39, +2.758, +0.174,+0.963
1613343480,+3.39, +2.768, +0.174,+0.963
1613343540,+3.39, +2.758, +0.175,+0.963
1613343600,+3.39, +2.736, +0.175,+0.962
1613343660,+3.39, +2.736, +0.176,+0.962
1613343720,+3.39, +2.747, +0.176,+0.962
1613343780,+3.39, +2.758, +0.176,+0.961
1613343840,+3.39, +2.758, +0.175,+0.962
1613343900,+3.39, +2.726, +0.176,+0.961
1613343960,+3.39, +2.736, +0.176,+0.961
1613344020,+3.39, +2.768, +0.175,+0.962
1613344080,+3.39, +2.736, +0.175,+0.962
1613344140,+3.39, +2.779, +0.176,+0.962
1613344200,+3.39, +2.768, +0.174,+0.962
1613344260,+3.39, +2.736, +0.176,+0.961
1613344320,+3.39, +2.736, +0.176,+0.961
1613344380,+3.38, +2.747, +0.176,+0.962
1613344440,+3.39, +2.736, +0.176,+0.961
1613344500,+3.39, +2.736, +0.176,+0.961
1613344560,+3.39, +2.726, +0.176,+0.961
1613344620,+3.39, +2.726, +0.174,+0.961
1613344680,+3.39, +2.758, +0.176,+0.961
1613344740,+3.39, +2.768, +0.178,+0.961
1613344800,+3.38, +2.758, +0.177,+0.962
1613344860,+3.39, +2.736, +0.177,+0.961
1613344920,+3.39, +2.715, +0.175,+0.961
1613344980,+3.39, +2.758, +0.175,+0.961
1613345040,+3.39, +2.747, +0.176,+0.961
1613345100,+3.39, +2.747, +0.175,+0.961
1613345160,+3.38, +2.747, +0.177,+0.961
1613345220,+3.39, +2.736, +0.175,+0.961
1613345280,+3.39, +2.736, +0.176,+0.961
1613345340,+3.39, +2.747, +0.176,+0.961
1613345400,+3.39, +2.736, +0.176,+0.962
1613345460,+3.39, +2.747, +0.175,+0.961
1613345520,+3.39, +2.747, +0.174,+0.961
1613345580,+3.39, +2.736, +0.176,+0.961
1613345640,+3.39, +2.715, +0.177,+0.961
1613345700,+3.39, +2.758, +0.175,+0.961
1613345760,+3.39, +2.747, +0.176,+0.961
1613345820,+3.39, +2.726, +0.176,+0.961
1613345880,+3.38, +2.747, +0.176,+0.961
1613345940,+3.39, +2.736, +0.176,+0.961
1613346000,+3.39, +2.747, +0.175,+0.961
1613346060,+3.39, +2.758, +0.175,+0.961
1613346120,+3.39, +2.736, +0.176,+0.961
1613346180,+3.39, +2.747, +0.174,+0.961
1613346240,+3.39, +2.758, +0.177,+0.962
1613346300,+3.39, +2.726, +0.177,+0.961
1613346360,+3.39, +2.747, +0.176,+0.961
1613346420,+3.39, +2.758, +0.176,+0.961
1613346480,+3.38, +2.704, +0.176,+0.961
1613346540,+3.39, +2.747, +0.178,+0.961
1613346600,+3.39, +2.726, +0.176,+0.961
1613346660,+3.39, +2.747, +0.176,+0.961
1613346720,+3.39, +2.747, +0.173,+0.961
1613346780,+3.39, +2.726, +0.175,+0.961
1613346840,+3.39, +2.768, +0.175,+0.961
1613346900,+3.39, +2.747, +0.175,+0.961
1613346960,+3.39, +2.747, +0.176,+0.962
1613347020,+3.39, +2.758, +0.176,+0.961
1613347080,+3.39, +2.736, +0.175,+0.961
1613347140,+3.39, +2.747, +0.174,+0.961
1613347200,+3.38, +2.768, +0.176,+0.961
1613347260,+3.39, +2.768, +0.176,+0.961
1613347320,+3.39, +2.726, +0.177,+0.961
1613347380,+3.39, +2.736, +0.176,+0.961
1613347440,+3.39, +2.758, +0.175,+0.961
1613347500,+3.39, +2.747, +0.175,+0.961
1613347560,+3.39, +2.726, +0.176,+0.961
1613347620,+3.39, +2.747, +0.176,+0.961
1613347680,+3.39, +2.726, +0.177,+0.961
1613347740,+3.39, +2.747, +0.175,+0.961
1613347800,+3.39, +2.758, +0.174,+0.961
1613347860,+3.39, +2.736, +0.176,+0.961
1613347920,+3.39, +2.726, +0.175,+0.961
1613347980,+3.39, +2.736, +0.177,+0.961
1613348040,+3.39, +2.758, +0.175,+0.961
1613348100,+3.39, +2.747, +0.175,+0.961
1613348160,+3.39, +2.747, +0.177,+0.961
1613348220,+3.39, +2.736, +0.176,+0.961
1613348280,+3.39, +2.736, +0.174,+0.961
1613348340,+3.38, +2.747, +0.175,+0.961
1613348400,+3.39, +2.768, +0.177,+0.962
1613348460,+3.39, +2.736, +0.176,+0.961
1613348520,+3.39, +2.736, +0.177,+0.962
1613348580,+3.39, +2.715, +0.177,+0.961
1613348640,+3.39, +2.736, +0.175,+0.961
1613348700,+3.39, +2.747, +0.177,+0.961
1613348760,+3.39, +2.747, +0.176,+0.961
1613348820,+3.39, +2.758, +0.176,+0.961
1613348880,+3.39, +2.768, +0.175,+0.961
1613348940,+3.39, +2.758, +0.175,+0.961
1613349000,+3.39, +2.736, +0.178,+0.961
1613349060,+3.38, +2.747, +0.176,+0.961
1613349120,+3.39, +2.758, +0.175,+0.961
1613349180,+3.39, +2.736, +0.176,+0.961
1613349240,+3.39, +2.736, +0.177,+0.961
1613349300,+3.39, +2.758, +0.176,+0.961
1613349360,+3.39, +2.736, +0.176,+0.961
1613349420,+3.39, +2.736, +0.176,+0.961
1613349480,+3.39, +2.747, +0.175,+0.961
1613349540,+3.39, +2.758, +0.177,+0.962
1613349600,+3.38, +2.758, +0.176,+0.961
1613349660,+3.39, +2.768, +0.175,+0.961
1613349720,+3.39, +2.758, +0.175,+0.961
1613349780,+3.39, +2.726, +0.176,+0.961
1613349840,+3.39, +2.747, +0.177,+0.961
1613349900,+3.39, +2.726, +0.176,+0.961
1613349960,+3.39, +2.768, +0.177,+0.961
1613350020,+3.39, +2.768, +0.177,+0.962
1613350080,+3.39, +2.768, +0.176,+0.961
1613350140,+3.39, +2.768, +0.177,+0.961
1613350200,+3.39, +2.768, +0.176,+0.961
1613350260,+3.38, +2.768, +0.175,+0.961
1613350320,+3.39, +2.758, +0.175,+0.961
1613350380,+3.39, +2.768, +0.174,+0.961
1613350440,+3.39, +2.747, +0.176,+0.961
1613350500,+3.39, +2.747, +0.176,+0.961
1613350560,+3.38, +2.736, +0.176,+0.961
1613350620,+3.39, +2.768, +0.176,+0.961
1613350680,+3.39, +2.768, +0.176,+0.961
1613350740,+3.39, +2.790, +0.175,+0.961
1613350800,+3.39, +2.768, +0.176,+0.961
1613350860,+3.39, +2.736, +0.175,+0.961
1613350920,+3.39, +2.747, +0.175,+0.961
1613350980,+3.39, +2.747, +0.173,+0.961
1613351040,+3.38, +2.758, +0.175,+0.961
1613351100,+3.39, +2.736, +0.176,+0.961
1613351160,+3.39, +2.747, +0.176,+0.961
1613351220,+3.39, +2.758, +0.177,+0.961
1613351280,+3.39, +2.747, +0.174,+0.961
1613351340,+3.39, +2.747, +0.178,+0.961
1613351400,+3.39, +2.747, +0.175,+0.961
1613351460,+3.39, +2.758, +0.174,+0.961
1613351520,+3.39, +2.758, +0.177,+0.961
1613351580,+3.39, +2.768, +0.175,+0.961
1613351640,+3.39, +2.726, +0.175,+0.961
1613351700,+3.39, +2.715, +0.177,+0.961
1613351760,+3.38, +2.758, +0.177,+0.961
1613351820,+3.39, +2.758, +0.175,+0.961
1613351880,+3.39, +2.768, +0.176,+0.961
1613351940,+3.39, +2.758, +0.175,+0.961
1613352000,+3.39, +2.747, +0.176,+0.961
1613352060,+3.39, +2.758, +0.174,+0.961
1613352120,+3.39, +2.758, +0.176,+0.961
1613352180,+3.39, +2.758, +0.175,+0.961
1613352240,+3.39, +2.747, +0.174,+0.961
1613352300,+3.38, +2.747, +0.175,+0.961
1613352360,+3.38, +2.726, +0.176,+0.961
1613352420,+3.39, +2.758, +0.175,+0.961
1613352480,+3.39, +2.747, +0.175,+0.961
1613352540,+3.39, +2.747, +0.176,+0.961
1613352600,+3.39, +2.726, +0.177,+0.961
1613352660,+3.39, +2.747, +0.175,+0.961
1613352720,+3.38, +2.747, +0.175,+0.961
1613352780,+3.39, +2.768, +0.176,+0.961
1613352840,+3.39, +2.768, +0.176,+0.961
1613352900,+3.39, +2.736, +0.177,+0.961
1613352960,+3.39, +2.758, +0.177,+0.961
1613353020,+3.38, +2.758, +0.173,+0.961
1613353080,+3.39, +2.758, +0.175,+0.961
1613353140,+3.39, +2.758, +0.174,+0.961
1613353200,+3.39, +2.768, +0.174,+0.961
1613353260,+3.39, +2.747, +0.178,+0.961
1613353320,+3.39, +2.747, +0.175,+0.961
1613353380,+3.39, +2.736, +0.175,+0.961
1613353440,+3.39, +2.747, +0.177,+0.961
1613353500,+3.39, +2.736, +0.177,+0.961
1613353560,+3.39, +2.747, +0.177,+0.961
1613353620,+3.39, +2.768, +0.176,+0.961
1613353680,+3.39, +2.747, +0.175,+0.961
1613353740,+3.39, +2.747, +0.177,+0.961
1613353800,+3.39, +2.747, +0.176,+0.961
1613353860,+3.39, +2.747, +0.176,+0.961
1613353920,+3.39, +2.768, +0.176,+0.961
1613353980,+3.39, +2.758, +0.174,+0.961
1613354040,+3.39, +2.726, +0.175,+0.961
1613354100,+3.39, +2.758, +0.176,+0.961
1613354160,+3.39, +2.758, +0.174,+0.961
1613354220,+3.39, +2.768, +0.175,+0.961
1613354280,+3.39, +2.747, +0.176,+0.961
1613354340,+3.39, +2.747, +0.176,+0.961
1613354400,+3.39, +2.747, +0.176,+0.961
1613354460,+3.39, +2.747, +0.177,+0.961
1613354520,+3.39, +2.736, +0.175,+0.961
1613354580,+3.39, +2.768, +0.176,+0.961
1613354640,+3.39, +2.747, +0.176,+0.961
1613354700,+3.39, +2.736, +0.177,+0.961
1613354760,+3.39, +2.768, +0.176,+0.961
1613354820,+3.39, +2.736, +0.176,+0.961
1613354880,+3.38, +2.758, +0.175,+0.961
1613354940,+3.38, +2.758, +0.176,+0.961
1613355000,+3.39, +2.736, +0.176,+0.961
1613355060,+3.39, +2.747, +0.176,+0.961
1613355120,+3.39, +2.758, +0.174,+0.961
1613355180,+3.39, +2.779, +0.176,+0.962
1613355240,+3.39, +2.736, +0.177,+0.961
1613355300,+3.39, +2.747, +0.174,+0.961
1613355360,+3.39, +2.747, +0.176,+0.961
1613355420,+3.39, +2.758, +0.176,+0.962
1613355480,+3.39, +2.758, +0.177,+0.961
1613355540,+3.38, +2.758, +0.176,+0.961
1613355600,+3.39, +2.736, +0.175,+0.961
1613355660,+3.39, +2.736, +0.175,+0.961
1613355720,+3.39, +2.747, +0.178,+0.961
1613355780,+3.39, +2.758, +0.175,+0.961
1613355840,+3.39, +2.726, +0.177,+0.961
1613355900,+3.39, +2.747, +0.175,+0.961
1613355960,+3.39, +2.747, +0.176,+0.961
1613356020,+3.39, +2.758, +0.176,+0.961
1613356080,+3.39, +2.768, +0.175,+0.961
1613356140,+3.39, +2.758, +0.176,+0.961
1613356200,+3.39, +2.758, +0.175,+0.961
1613356260,+3.39, +2.768, +0.175,+0.961
1613356320,+3.39, +2.736, +0.176,+0.961
1613356380,+3.39, +2.747, +0.176,+0.961
1613356440,+3.39, +2.758, +0.175,+0.961
1613356500,+3.39, +2.768, +0.175,+0.961
1613356560,+3.39, +2.747, +0.174,+0.961
1613356620,+3.39, +2.758, +0.175,+0.961
1613356680,+3.39, +2.758, +0.175,+0.961
1613356740,+3.39, +2.758, +0.175,+0.961
1613356800,+3.39, +2.758, +0.176,+0.961
1613356860,+3.39, +2.768, +0.174,+0.961
1613356920,+3.39, +2.747, +0.175,+0.961
1613356980,+3.39, +2.758, +0.176,+0.961
1613357040,+3.39, +2.779, +0.175,+0.961
1613357100,+3.39, +2.779, +0.175,+0.961
1613357160,+3.39, +2.758, +0.177,+0.961
1613357220,+3.39, +2.768, +0.175,+0.961
1613357280,+3.39, +2.811, +0.175,+0.961
1613357340,+3.39, +2.779, +0.176,+0.961
1613357400,+3.39, +2.758, +0.176,+0.961
1613357460,+3.39, +2.758, +0.174,+0.961
1613357520,+3.39, +2.758, +0.176,+0.961
1613357580,+3.39, +2.768, +0.175,+0.961
1613357640,+3.39, +2.758, +0.177,+0.961
1613357700,+3.39, +2.790, +0.175,+0.961
1613357760,+3.39, +2.768, +0.174,+0.961
1613357820,+3.39, +2.758, +0.174,+0.961
1613357880,+3.39, +2.747, +0.175,+0.961
1613357940,+3.39, +2.779, +0.175,+0.961
1613358000,+3.39, +2.768, +0.176,+0.961
1613358060,+3.39, +2.779, +0.175,+0.961
1613358120,+3.39, +2.768, +0.176,+0.961
1613358180,+3.39, +2.758, +0.174,+0.961
1613358240,+3.39, +2.768, +0.174,+0.961
1613358300,+3.39, +2.694, +0.177,+0.961
1613358360,+3.39, +2.758, +0.177,+0.962
1613358420,+3.38, +2.747, +0.177,+0.961
1613358480,+3.39, +2.704, +0.177,+0.961
1613358540,+3.39, +2.779, +0.175,+0.961
1613358600,+3.39, +2.768, +0.175,+0.961
1613358660,+3.39, +2.768, +0.174,+0.961
1613358720,+3.39, +2.768, +0.176,+0.961
1613358780,+3.39, +2.747, +0.177,+0.961
1613358840,+3.39, +2.747, +0.176,+0.961
1613358900,+3.39, +2.758, +0.175,+0.961
1613358960,+3.39, +2.768, +0.174,+0.961
1613359020,+3.39, +2.736, +0.175,+0.961
1613359080,+3.39, +2.779, +0.175,+0.961
1613359140,+3.39, +2.747, +0.176,+0.961
1613359200,+3.39, +2.779, +0.177,+0.961
1613359260,+3.38, +2.758, +0.175,+0.961
1613359320,+3.39, +2.779, +0.174,+0.961
1613359380,+3.39, +2.768, +0.177,+0.961
1613359440,+3.39, +2.747, +0.176,+0.961
1613359500,+3.39, +2.747, +0.175,+0.961
1613359560,+3.39, +2.747, +0.175,+0.961
1613359620,+3.39, +2.758, +0.175,+0.961
1613359680,+3.39, +2.768, +0.175,+0.961
1613359740,+3.39, +2.758, +0.174,+0.961
1613359800,+3.39, +2.747, +0.177,+0.961
1613359860,+3.39, +2.747, +0.175,+0.961
1613359920,+3.39, +2.758, +0.175,+0.961
1613359980,+3.39, +2.768, +0.175,+0.961
1613360040,+3.39, +2.747, +0.176,+0.961
1613360100,+3.39, +2.758, +0.177,+0.961
1613360160,+3.39, +2.736, +0.173,+0.961
1613360220,+3.39, +2.758, +0.176,+0.961
1613360280,+3.39, +2.736, +0.176,+0.961
1613360340,+3.39, +2.768, +0.176,+0.962
1613360400,+3.39, +2.758, +0.176,+0.961
1613360460,+3.38, +2.747, +0.175,+0.961
1613360520,+3.39, +2.768, +0.174,+0.961
1613360580,+3.39, +2.758, +0.177,+0.961
1613360640,+3.39, +2.747, +0.175,+0.961
1613360700,+3.39, +2.747, +0.175,+0.961
1613360760,+3.39, +2.790, +0.176,+0.961
1613360820,+3.39, +2.747, +0.177,+0.961
1613360880,+3.39, +2.758, +0.176,+0.961
1613360940,+3.39, +2.736, +0.177,+0.961
1613361000,+3.39, +2.768, +0.175,+0.961
1613361060,+3.39, +2.747, +0.176,+0.961
1613361120,+3.39, +2.758, +0.176,+0.961
1613361180,+3.39, +2.726, +0.178,+0.961
1613361240,+3.39, +2.768, +0.177,+0.961
1613361300,+3.39, +2.747, +0.176,+0.961
1613361360,+3.38, +2.736, +0.178,+0.961
1613361420,+3.39, +2.758, +0.175,+0.961
1613361480,+3.39, +2.768, +0.177,+0.961
1613361540,+3.38, +2.758, +0.175,+0.961
1613361600,+3.39, +2.736, +0.177,+0.961
1613361660,+3.39, +2.768, +0.176,+0.961
1613361720,+3.39, +2.768, +0.176,+0.961
1613361780,+3.39, +2.736, +0.176,+0.961
1613361840,+3.39, +2.768, +0.175,+0.961
1613361900,+3.39, +2.768, +0.176,+0.961
1613361960,+3.38, +2.747, +0.176,+0.961
1613362020,+3.39, +2.768, +0.176,+0.961
1613362080,+3.39, +2.747, +0.175,+0.961
1613362140,+3.39, +2.758, +0.176,+0.961
1613362200,+3.39, +2.758, +0.175,+0.961
1613362260,+3.39, +2.747, +0.176,+0.961
1613362320,+3.39, +2.768, +0.176,+0.961
1613362380,+3.39, +2.779, +0.175,+0.961
1613362440,+3.39, +2.768, +0.176,+0.961
1613362500,+3.39, +2.790, +0.175,+0.961
1613362560,+3.39, +2.768, +0.175,+0.961
1613362620,+3.38, +2.736, +0.176,+0.961
1613362680,+3.39, +2.779, +0.175,+0.961
1613362740,+3.39, +2.747, +0.176,+0.961
1613362800,+3.39, +2.758, +0.177,+0.961
1613362860,+3.39, +2.747, +0.176,+0.961
1613362920,+3.39, +2.758, +0.175,+0.961
1613362980,+3.39, +2.747, +0.176,+0.961
1613363040,+3.39, +2.758, +0.174,+0.961
1613363100,+3.39, +2.779, +0.175,+0.961
1613363160,+3.39, +2.747, +0.175,+0.961
1613363220,+3.39, +2.736, +0.176,+0.961
1613363280,+3.39, +2.768, +0.177,+0.961
1613363340,+3.39, +2.768, +0.175,+0.961
1613363400,+3.39, +2.768, +0.176,+0.961
1613363460,+3.39, +2.779, +0.175,+0.961
1613363520,+3.39, +2.768, +0.177,+0.961
1613363580,+3.39, +2.768, +0.175,+0.961
1613363640,+3.39, +2.747, +0.175,+0.961
1613363700,+3.39, +2.726, +0.177,+0.961
1613363760,+3.38, +2.758, +0.175,+0.961
1613363820,+3.39, +2.758, +0.175,+0.961
1613363880,+3.39, +2.779, +0.176,+0.961
1613363940,+3.39, +2.768, +0.175,+0.961
1613364000,+3.39, +2.758, +0.175,+0.961
1613364060,+3.39, +2.758, +0.175,+0.961
1613364120,+3.39, +2.779, +0.174,+0.961
1613364180,+3.39, +2.768, +0.175,+0.961
1613364240,+3.39, +2.747, +0.176,+0.961
1613364300,+3.39, +2.758, +0.177,+0.961
1613364360,+3.38, +2.747, +0.176,+0.961
1613364420,+3.39, +2.747, +0.175,+0.961
1613364480,+3.39, +2.768, +0.174,+0.961
1613364540,+3.39, +2.747, +0.177,+0.961
1613364600,+3.38, +2.736, +0.176,+0.961
1613364660,+3.39, +2.758, +0.176,+0.961
1613364720,+3.39, +2.758, +0.175,+0.961
1613364780,+3.39, +2.758, +0.176,+0.961
1613364840,+3.39, +2.747, +0.175,+0.961
1613364900,+3.39, +2.758, +0.176,+0.961
1613364960,+3.39, +2.768, +0.175,+0.961
1613365020,+3.39, +2.747, +0.176,+0.961
1613365080,+3.39, +2.768, +0.175,+0.961
1613365140,+3.39, +2.768, +0.175,+0.961
1613365200,+3.39, +2.758, +0.176,+0.961
1613365260,+3.39, +2.779, +0.177,+0.961
1613365320,+3.39, +2.779, +0.174,+0.961
1613365380,+3.39, +2.779, +0.175,+0.961
1613365440,+3.39, +2.790, +0.174,+0.961
1613365500,+3.39, +2.779, +0.175,+0.961
1613365560,+3.39, +2.768, +0.176,+0.961
1613365620,+3.39, +2.736, +0.177,+0.961
1613365680,+3.39, +2.779, +0.175,+0.961
1613365740,+3.39, +2.779, +0.174,+0.961
1613365800,+3.39, +2.768, +0.175,+0.961
1613365860,+3.39, +2.779, +0.174,+0.961
1613365920,+3.39, +2.790, +0.174,+0.961
1613365980,+3.39, +2.779, +0.175,+0.961
1613366040,+3.39, +2.790, +0.175,+0.961
1613366100,+3.39, +2.801, +0.177,+0.961
1613366160,+3.39, +2.768, +0.176,+0.961
1613366220,+3.39, +2.779, +0.176,+0.961
1613366280,+3.39, +2.768, +0.176,+0.961
1613366340,+3.39, +2.758, +0.175,+0.961
1613366400,+3.39, +2.758, +0.176,+0.961
1613366460,+3.39, +2.779, +0.175,+0.961
1613366520,+3.39, +2.790, +0.175,+0.961
1613366580,+3.39, +2.801, +0.176,+0.961
1613366640,+3.39, +2.747, +0.175,+0.961
1613366700,+3.39, +2.768, +0.175,+0.961
1613366760,+3.39, +2.747, +0.177,+0.961
1613366820,+3.39, +2.758, +0.177,+0.961
1613366880,+3.39, +2.790, +0.174,+0.961
1613366940,+3.38, +2.790, +0.175,+0.961
1613367000,+3.39, +2.768, +0.177,+0.961
1613367060,+3.39, +2.747, +0.177,+0.961
1613367120,+3.39, +2.790, +0.174,+0.961
1613367180,+3.39, +2.801, +0.175,+0.961
1613367240,+3.38, +2.790, +0.176,+0.961
1613367300,+3.39, +2.758, +0.176,+0.961
1613367360,+3.39, +2.779, +0.175,+0.961
1613367420,+3.39, +2.779, +0.175,+0.961
1613367480,+3.39, +2.704, +0.177,+0.961
1613367540,+3.39, +2.801, +0.176,+0.961
1613367600,+3.39, +2.801, +0.176,+0.961
1613367660,+3.38, +2.758, +0.175,+0.961
1613367720,+3.39, +2.736, +0.176,+0.961
1613367780,+3.39, +2.801, +0.176,+0.961
1613367840,+3.39, +2.758, +0.176,+0.961
1613367900,+3.39, +2.790, +0.178,+0.961
1613367960,+3.39, +2.779, +0.175,+0.961
1613368020,+3.39, +2.768, +0.177,+0.961
1613368080,+3.39, +2.790, +0.175,+0.961
1613368140,+3.39, +2.758, +0.176,+0.961
1613368200,+3.39, +2.758, +0.175,+0.961
1613368260,+3.39, +2.768, +0.174,+0.961
1613368320,+3.39, +2.768, +0.174,+0.961
1613368380,+3.39, +2.758, +0.175,+0.961
1613368440,+3.39, +2.790, +0.175,+0.961
1613368500,+3.39, +2.736, +0.176,+0.961
1613368560,+3.39, +2.779, +0.175,+0.961
1613368620,+3.39, +2.747, +0.176,+0.961
1613368680,+3.38, +2.768, +0.176,+0.961
1613368740,+3.39, +2.768, +0.177,+0.961
1613368800,+3.39, +2.758, +0.175,+0.961
1613368860,+3.39, +2.779, +0.175,+0.961
1613368920,+3.39, +2.747, +0.177,+0.961
1613368980,+3.39, +2.779, +0.174,+0.961
1613369040,+3.39, +2.736, +0.177,+0.961
1613369100,+3.39, +2.758, +0.175,+0.961
1613369160,+3.39, +2.779, +0.175,+0.961
1613369220,+3.39, +2.779, +0.177,+0.961
1613369280,+3.39, +2.790, +0.175,+0.961
1613369340,+3.39, +2.758, +0.176,+0.961
1613369400,+3.39, +2.747, +0.176,+0.961
1613369460,+3.39, +2.747, +0.176,+0.961
1613369520,+3.39, +2.768, +0.177,+0.961
1613369580,+3.39, +2.758, +0.175,+0.961
1613369640,+3.39, +2.822, +0.172,+0.961
1613369700,+3.38, +2.747, +0.176,+0.961
1613369760,+3.39, +2.758, +0.177,+0.961
1613369820,+3.39, +2.758, +0.176,+0.961
1613369880,+3.39, +2.768, +0.176,+0.961
1613369940,+3.39, +2.768, +0.175,+0.961
1613370000,+3.39, +2.758, +0.177,+0.961
1613370060,+3.39, +2.768, +0.177,+0.961
1613370120,+3.39, +2.768, +0.175,+0.961
1613370180,+3.39, +2.768, +0.173,+0.961
1613370240,+3.39, +2.801, +0.175,+0.961
1613370300,+3.39, +2.758, +0.175,+0.961
1613370360,+3.39, +2.790, +0.174,+0.961
1613370420,+3.39, +2.768, +0.176,+0.961
1613370480,+3.39, +2.768, +0.175,+0.961
1613370540,+3.39, +2.779, +0.175,+0.961
1613370600,+3.39, +2.779, +0.175,+0.961
1613370660,+3.39, +2.768, +0.173,+0.961
1613370720,+3.39, +2.768, +0.176,+0.961
1613370780,+3.39, +2.768, +0.175,+0.961
1613370840,+3.39, +2.801, +0.175,+0.961
1613370900,+3.39, +2.758, +0.176,+0.961
1613370960,+3.39, +2.747, +0.176,+0.961
1613371020,+3.39, +2.768, +0.175,+0.961
1613371080,+3.39, +2.779, +0.174,+0.961
1613371140,+3.39, +2.747, +0.175,+0.961
1613371200,+3.39, +2.768, +0.175,+0.961
1613371260,+3.39, +2.768, +0.175,+0.961
1613371320,+3.39, +2.790, +0.175,+0.961
1613371380,+3.39, +2.768, +0.176,+0.961
1613371440,+3.39, +2.758, +0.177,+0.961
1613371500,+3.39, +2.768, +0.175,+0.961
1613371560,+3.39, +2.758, +0.175,+0.961
1613371620,+3.39, +2.779, +0.176,+0.961
1613371680,+3.39, +2.779, +0.175,+0.961
1613371740,+3.39, +2.768, +0.174,+0.961
1613371800,+3.38, +2.726, +0.176,+0.961
1613371860,+3.39, +2.768, +0.176,+0.961
1613371920,+3.39, +2.758, +0.176,+0.961
1613371980,+3.39, +2.768, +0.176,+0.961
1613372040,+3.39, +2.801, +0.175,+0.961
1613372100,+3.39, +2.747, +0.176,+0.961
1613372160,+3.39, +2.779, +0.177,+0.961
1613372220,+3.39, +2.768, +0.176,+0.961
1613372280,+3.39, +2.768, +0.174,+0.961
1613372340,+3.39, +2.779, +0.176,+0.961
1613372400,+3.39, +2.779, +0.175,+0.961
1613372460,+3.39, +2.779, +0.176,+0.961
1613372520,+3.39, +2.758, +0.176,+0.961
1613372580,+3.39, +2.758, +0.175,+0.961
1613372640,+3.39, +2.726, +0.175,+0.961
1613372700,+3.39, +2.768, +0.176,+0.961
1613372760,+3.39, +2.768, +0.175,+0.961
1613372820,+3.39, +2.779, +0.174,+0.961
1613372880,+3.39, +2.768, +0.176,+0.961
1613372940,+3.39, +2.779, +0.175,+0.961
1613373000,+3.39, +2.736, +0.177,+0.961
1613373060,+3.39, +2.801, +0.174,+0.961
1613373120,+3.39, +2.758, +0.175,+0.961
1613373180,+3.39, +2.790, +0.175,+0.961
1613373240,+3.39, +2.758, +0.176,+0.961
1613373300,+3.39, +2.758, +0.177,+0.961
1613373360,+3.39, +2.758, +0.175,+0.961
1613373420,+3.39, +2.747, +0.176,+0.961
1613373480,+3.39, +2.790, +0.176,+0.961
1613373540,+3.39, +2.801, +0.175,+0.961
1613373600,+3.39, +2.758, +0.176,+0.961
1613373660,+3.39, +2.779, +0.176,+0.961
1613373720,+3.39, +2.768, +0.176,+0.961
1613373780,+3.39, +2.768, +0.175,+0.961
1613373840,+3.39, +2.704, +0.176,+0.961
1613373900,+3.39, +2.801, +0.176,+0.961
1613373960,+3.39, +2.779, +0.176,+0.961
1613374020,+3.39, +2.768, +0.177,+0.961
1613374080,+3.39, +2.790, +0.175,+0.961
1613374140,+3.39, +2.768, +0.175,+0.961
1613374200,+3.39, +2.790, +0.175,+0.961
1613374260,+3.39, +2.779, +0.176,+0.961
1613374320,+3.39, +2.768, +0.177,+0.961
1613374380,+3.39, +2.779, +0.174,+0.961
1613374440,+3.39, +2.768, +0.175,+0.961
1613374500,+3.39, +2.779, +0.176,+0.961
1613374560,+3.39, +2.768, +0.176,+0.961
1613374620,+3.39, +2.779, +0.174,+0.961
1613374680,+3.39, +2.801, +0.174,+0.961
1613374740,+3.39, +2.747, +0.177,+0.961
1613374800,+3.39, +2.779, +0.175,+0.961
1613374860,+3.39, +2.779, +0.177,+0.961
1613374920,+3.39, +2.747, +0.175,+0.961
1613374980,+3.39, +2.758, +0.176,+0.961
1613375040,+3.39, +2.779, +0.177,+0.961
1613375100,+3.39, +2.801, +0.175,+0.961
1613375160,+3.39, +2.790, +0.175,+0.961
1613375220,+3.39, +2.779, +0.175,+0.961
1613375280,+3.39, +2.779, +0.174,+0.961
1613375340,+3.39, +2.801, +0.175,+0.961
1613375400,+3.38, +2.790, +0.174,+0.961
1613375460,+3.39, +2.768, +0.175,+0.961
1613375520,+3.39, +2.758, +0.176,+0.961
1613375580,+3.39, +2.779, +0.175,+0.961
1613375640,+3.39, +2.801, +0.175,+0.961
1613375700,+3.39, +2.758, +0.176,+0.961
1613375760,+3.39, +2.747, +0.177,+0.961
1613375820,+3.39, +2.768, +0.175,+0.961
1613375880,+3.39, +2.768, +0.176,+0.961
1613375940,+3.39, +2.779, +0.175,+0.961
1613376000,+3.39, +2.768, +0.174,+0.961
1613376060,+3.39, +2.790, +0.174,+0.961
1613376120,+3.39, +2.801, +0.174,+0.961
1613376180,+3.39, +2.779, +0.176,+0.961
1613376240,+3.39, +2.779, +0.175,+0.961
1613376300,+3.39, +2.790, +0.174,+0.961
1613376360,+3.39, +2.758, +0.176,+0.961
1613376420,+3.39, +2.779, +0.177,+0.961
1613376480,+3.39, +2.779, +0.175,+0.961
1613376540,+3.39, +2.779, +0.176,+0.961
1613376600,+3.39, +2.779, +0.176,+0.961
1613376660,+3.39, +2.758, +0.175,+0.961
1613376720,+3.39, +2.768, +0.174,+0.961
1613376780,+3.39, +2.758, +0.176,+0.961
1613376840,+3.39, +2.768, +0.176,+0.961
1613376900,+3.39, +2.779, +0.174,+0.961
1613376960,+3.39, +2.779, +0.175,+0.961
1613377020,+3.39, +2.758, +0.178,+0.961
1613377080,+3.39, +2.747, +0.177,+0.961
1613377140,+3.39, +2.758, +0.176,+0.961
1613377200,+3.39, +2.768, +0.175,+0.961
1613377260,+3.39, +2.790, +0.176,+0.961
1613377320,+3.38, +2.758, +0.176,+0.961
1613377380,+3.39, +2.768, +0.176,+0.961
1613377440,+3.39, +2.768, +0.175,+0.961
1613377500,+3.39, +2.758, +0.175,+0.961
1613377560,+3.39, +2.779, +0.175,+0.961
1613377620,+3.39, +2.790, +0.174,+0.961
1613377680,+3.39, +2.790, +0.176,+0.961
1613377740,+3.39, +2.768, +0.176,+0.961
1613377800,+3.39, +2.790, +0.175,+0.961
1613377860,+3.39, +2.779, +0.175,+0.961
1613377920,+3.39, +2.790, +0.176,+0.961
1613377980,+3.39, +2.790, +0.175,+0.961
1613378040,+3.38, +2.822, +0.176,+0.961
1613378100,+3.39, +2.790, +0.175,+0.961
1613378160,+3.39, +2.779, +0.175,+0.961
1613378220,+3.39, +2.779, +0.176,+0.961
1613378280,+3.39, +2.768, +0.175,+0.961
1613378340,+3.39, +2.779, +0.175,+0.961
1613378400,+3.39, +2.768, +0.176,+0.961
1613378460,+3.39, +2.768, +0.176,+0.961
1613378520,+3.39, +2.779, +0.176,+0.961
1613378580,+3.39, +2.790, +0.177,+0.961
1613378640,+3.39, +2.758, +0.175,+0.961
1613378700,+3.39, +2.768, +0.175,+0.961
1613378760,+3.39, +2.779, +0.176,+0.961
1613378820,+3.39, +2.779, +0.177,+0.961
1613378880,+3.39, +2.768, +0.176,+0.961
1613378940,+3.39, +2.811, +0.176,+0.961
1613379000,+3.39, +2.779, +0.177,+0.961
1613379060,+3.39, +2.801, +0.176,+0.961
1613379120,+3.39, +2.768, +0.176,+0.961
1613379180,+3.39, +2.790, +0.174,+0.961
1613379240,+3.39, +2.779, +0.176,+0.961
1613379300,+3.39, +2.779, +0.175,+0.961
1613379360,+3.38, +2.790, +0.174,+0.961
1613379420,+3.39, +2.790, +0.175,+0.961
1613379480,+3.39, +2.790, +0.174,+0.961
1613379540,+3.39, +2.790, +0.175,+0.961
1613379600,+3.39, +2.790, +0.175,+0.961
1613379660,+3.39, +2.758, +0.176,+0.961
1613379720,+3.38, +2.801, +0.175,+0.961
1613379780,+3.39, +2.736, +0.177,+0.961
1613379840,+3.39, +2.801, +0.175,+0.961
1613379900,+3.39, +2.779, +0.175,+0.961
1613379960,+3.39, +2.779, +0.175,+0.961
1613380020,+3.39, +2.779, +0.176,+0.961
1613380080,+3.39, +2.779, +0.174,+0.961
1613380140,+3.39, +2.768, +0.176,+0.961
1613380200,+3.39, +2.779, +0.176,+0.961
1613380260,+3.39, +2.779, +0.175,+0.961
1613380320,+3.39, +2.790, +0.177,+0.961
1613380380,+3.38, +2.790, +0.175,+0.961
1613380440,+3.39, +2.790, +0.176,+0.961
1613380500,+3.39, +2.801, +0.176,+0.961
1613380560,+3.39, +2.801, +0.174,+0.961
1613380620,+3.38, +2.790, +0.175,+0.961
1613380680,+3.39, +2.779, +0.176,+0.961
1613380740,+3.39, +2.790, +0.175,+0.961
1613380800,+3.39, +2.779, +0.177,+0.961
1613380860,+3.39, +2.811, +0.175,+0.961
1613380920,+3.39, +2.790, +0.175,+0.961
1613380980,+3.39, +2.811, +0.175,+0.961
1613381040,+3.39, +2.779, +0.175,+0.961
1613381100,+3.39, +2.779, +0.175,+0.961
1613381160,+3.39, +2.811, +0.177,+0.961
1613381220,+3.39, +2.811, +0.175,+0.961
1613381280,+3.39, +2.790, +0.176,+0.961
1613381340,+3.39, +2.736, +0.175,+0.961
1613381400,+3.39, +2.790, +0.174,+0.961
1613381460,+3.39, +2.790, +0.174,+0.961
1613381520,+3.39, +2.822, +0.176,+0.961
1613381580,+3.39, +2.801, +0.175,+0.961
1613381640,+3.39, +2.801, +0.175,+0.961
1613381700,+3.39, +2.768, +0.177,+0.961
1613381760,+3.39, +2.779, +0.176,+0.961
1613381820,+3.39, +2.790, +0.177,+0.961
1613381880,+3.39, +2.779, +0.176,+0.961
1613381940,+3.39, +2.790, +0.175,+0.961
1613382000,+3.39, +2.801, +0.174,+0.961
1613382060,+3.39, +2.790, +0.176,+0.961
1613382120,+3.39, +2.790, +0.176,+0.961
1613382180,+3.39, +2.801, +0.175,+0.961
1613382240,+3.39, +2.790, +0.174,+0.961
1613382300,+3.39, +2.779, +0.175,+0.961
1613382360,+3.39, +2.779, +0.175,+0.961
1613382420,+3.39, +2.790, +0.176,+0.961
1613382480,+3.39, +2.790, +0.175,+0.961
1613382540,+3.39, +2.801, +0.176,+0.961
1613382600,+3.39, +2.801, +0.176,+0.961
1613382660,+3.39, +2.790, +0.177,+0.961
1613382720,+3.39, +2.801, +0.175,+0.961
1613382780,+3.39, +2.779, +0.177,+0.961
1613382840,+3.39, +2.790, +0.176,+0.961
1613382900,+3.38, +2.790, +0.175,+0.961
1613382960,+3.39, +2.790, +0.176,+0.961
1613383020,+3.39, +2.790, +0.175,+0.961
1613383080,+3.39, +2.790, +0.174,+0.961
1613383140,+3.39, +2.790, +0.176,+0.961
1613383200,+3.39, +2.779, +0.176,+0.961
1613383260,+3.39, +2.790, +0.175,+0.961
1613383320,+3.39, +2.779, +0.176,+0.961
1613383380,+3.39, +2.790, +0.176,+0.961
1613383440,+3.39, +2.801, +0.175,+0.961
1613383500,+3.39, +2.801, +0.176,+0.961
1613383560,+3.39, +2.768, +0.177,+0.961
1613383620,+3.39, +2.790, +0.176,+0.961
1613383680,+3.39, +2.801, +0.175,+0.961
1613383740,+3.39, +2.768, +0.178,+0.961
1613383800,+3.39, +2.801, +0.176,+0.961
1613383860,+3.39, +2.790, +0.175,+0.961
1613383920,+3.39, +2.779, +0.176,+0.961
1613383980,+3.39, +2.801, +0.177,+0.961
1613384040,+3.39, +2.801, +0.176,+0.961
1613384100,+3.39, +2.779, +0.176,+0.961
1613384160,+3.39, +2.790, +0.172,+0.961
1613384220,+3.38, +2.779, +0.176,+0.961
1613384280,+3.39, +2.790, +0.176,+0.961
1613384340,+3.39, +2.768, +0.174,+0.961
1613384400,+3.39, +2.790, +0.177,+0.961
1613384460,+3.39, +2.779, +0.174,+0.961
1613384520,+3.39, +2.768, +0.176,+0.961
1613384580,+3.39, +2.822, +0.175,+0.961
1613384640,+3.39, +2.790, +0.176,+0.961
1613384700,+3.39, +2.801, +0.176,+0.961
1613384760,+3.39, +2.811, +0.175,+0.961
1613384820,+3.39, +2.779, +0.176,+0.961
1613384880,+3.39, +2.790, +0.174,+0.961
1613384940,+3.39, +2.790, +0.175,+0.961
1613385000,+3.38, +2.801, +0.175,+0.961
1613385060,+3.39, +2.790, +0.175,+0.961
1613385120,+3.39, +2.768, +0.177,+0.961
1613385180,+3.39, +2.779, +0.175,+0.961
1613385240,+3.39, +2.811, +0.177,+0.961
1613385300,+3.39, +2.801, +0.175,+0.961
1613385360,+3.39, +2.801, +0.175,+0.961
1613385420,+3.39, +2.790, +0.176,+0.961
1613385480,+3.39, +2.790, +0.175,+0.961
1613385540,+3.39, +2.768, +0.177,+0.961
1613385600,+3.38, +2.801, +0.174,+0.961
1613385660,+3.39, +2.779, +0.175,+0.961
1613385720,+3.39, +2.790, +0.175,+0.961
1613385780,+3.38, +2.758, +0.177,+0.961
1613385840,+3.39, +2.779, +0.175,+0.961
1613385900,+3.39, +2.779, +0.177,+0.961
1613385960,+3.39, +2.779, +0.176,+0.961
1613386020,+3.39, +2.779, +0.173,+0.961
1613386080,+3.38, +2.790, +0.175,+0.961
1613386140,+3.39, +2.790, +0.176,+0.961
1613386200,+3.39, +2.768, +0.176,+0.961
1613386260,+3.39, +2.779, +0.176,+0.961
1613386320,+3.39, +2.801, +0.174,+0.961
1613386380,+3.39, +2.790, +0.175,+0.961
1613386440,+3.39, +2.790, +0.175,+0.961
1613386500,+3.39, +2.790, +0.176,+0.961
1613386560,+3.39, +2.790, +0.175,+0.961
1613386620,+3.39, +2.811, +0.175,+0.961
1613386680,+3.39, +2.768, +0.176,+0.961
1613386740,+3.39, +2.801, +0.175,+0.961
1613386800,+3.39, +2.768, +0.177,+0.961
1613386860,+3.39, +2.822, +0.176,+0.962
1613386920,+3.39, +2.779, +0.175,+0.962
1613386980,+3.39, +2.801, +0.175,+0.962
1613387040,+3.39, +2.811, +0.175,+0.962
1613387100,+3.39, +2.801, +0.175,+0.962
1613387160,+3.39, +2.790, +0.175,+0.961
1613387220,+3.39, +2.790, +0.175,+0.961
1613387280,+3.39, +2.779, +0.175,+0.962
1613387340,+3.39, +2.843, +0.177,+0.962
1613387400,+3.39, +2.779, +0.175,+0.961
1613387460,+3.39, +2.801, +0.176,+0.962
1613387520,+3.39, +2.790, +0.176,+0.961
1613387580,+3.39, +2.790, +0.176,+0.962
1613387640,+3.39, +2.790, +0.177,+0.962
1613387700,+3.39, +2.779, +0.177,+0.961
1613387760,+3.39, +2.779, +0.176,+0.962
1613387820,+3.39, +2.768, +0.177,+0.962
1613387880,+3.39, +2.822, +0.175,+0.962
1613387940,+3.39, +2.790, +0.175,+0.961
1613388000,+3.39, +2.811, +0.174,+0.962
1613388060,+3.39, +2.790, +0.175,+0.961
1613388120,+3.39, +2.801, +0.174,+0.961
1613388180,+3.39, +2.811, +0.174,+0.961
1613388240,+3.39, +2.801, +0.176,+0.962
1613388300,+3.39, +2.779, +0.176,+0.962
1613388360,+3.39, +2.779, +0.175,+0.962
1613388420,+3.39, +2.779, +0.175,+0.961
1613388480,+3.39, +2.801, +0.175,+0.962
1613388540,+3.39, +2.790, +0.174,+0.961
1613388600,+3.39, +2.758, +0.175,+0.961
1613388660,+3.39, +2.779, +0.176,+0.961
1613388720,+3.38, +2.822, +0.175,+0.962
1613388780,+3.39, +2.811, +0.174,+0.961
1613388840,+3.38, +2.758, +0.176,+0.961
1613388900,+3.39, +2.801, +0.175,+0.962
1613388960,+3.39, +2.801, +0.175,+0.962
1613389020,+3.39, +2.779, +0.174,+0.961
1613389080,+3.39, +2.779, +0.176,+0.961
1613389140,+3.39, +2.790, +0.176,+0.961
1613389200,+3.39, +2.779, +0.176,+0.962
1613389260,+3.39, +2.779, +0.176,+0.961
1613389320,+3.39, +2.811, +0.175,+0.961
1613389380,+3.39, +2.801, +0.176,+0.961
1613389440,+3.39, +2.779, +0.175,+0.961
1613389500,+3.39, +2.801, +0.175,+0.962
1613389560,+3.39, +2.790, +0.174,+0.961
1613389620,+3.39, +2.790, +0.173,+0.961
1613389680,+3.39, +2.779, +0.175,+0.962
1613389740,+3.39, +2.790, +0.176,+0.962
1613389800,+3.39, +2.790, +0.177,+0.962
1613389860,+3.39, +2.779, +0.176,+0.961
1613389920,+3.39, +2.790, +0.175,+0.961
1613389980,+3.39, +2.768, +0.175,+0.961
1613390040,+3.39, +2.790, +0.176,+0.962
1613390100,+3.39, +2.779, +0.176,+0.961
1613390160,+3.39, +2.779, +0.175,+0.962
1613390220,+3.39, +2.833, +0.175,+0.962
1613390280,+3.39, +2.801, +0.175,+0.962
1613390340,+3.39, +2.790, +0.175,+0.961
1613390400,+3.39, +2.758, +0.174,+0.961
1613390460,+3.39, +2.790, +0.175,+0.961
1613390520,+3.39, +2.768, +0.177,+0.962
1613390580,+3.39, +2.779, +0.176,+0.962
1613390640,+3.39, +2.790, +0.175,+0.962
1613390700,+3.39, +2.790, +0.176,+0.962
1613390760,+3.39, +2.801, +0.176,+0.961
1613390820,+3.39, +2.801, +0.174,+0.961
1613390880,+3.39, +2.822, +0.175,+0.962
1613390940,+3.39, +2.790, +0.177,+0.962
1613391000,+3.39, +2.790, +0.174,+0.961
1613391060,+3.39, +2.801, +0.176,+0.962
1613391120,+3.39, +2.822, +0.175,+0.962
1613391180,+3.39, +2.790, +0.176,+0.961
1613391240,+3.39, +2.811, +0.174,+0.961
1613391300,+3.39, +2.801, +0.175,+0.962
1613391360,+3.39, +2.811, +0.175,+0.962
1613391420,+3.39, +2.790, +0.176,+0.962
1613391480,+3.39, +2.811, +0.175,+0.962
1613391540,+3.39, +2.779, +0.176,+0.962
1613391600,+3.39, +2.801, +0.176,+0.962
1613391660,+3.39, +2.833, +0.175,+0.962
1613391720,+3.39, +2.801, +0.175,+0.961
1613391780,+3.39, +2.790, +0.176,+0.961
1613391840,+3.39, +2.822, +0.175,+0.961
1613391900,+3.39, +2.822, +0.175,+0.962
1613391960,+3.39, +2.801, +0.174,+0.962
1613392020,+3.39, +2.790, +0.175,+0.961
1613392080,+3.38, +2.790, +0.175,+0.961
1613392140,+3.39, +2.801, +0.175,+0.961
1613392200,+3.39, +2.801, +0.173,+0.961
1613392260,+3.39, +2.790, +0.176,+0.961
1613392320,+3.39, +2.801, +0.175,+0.961
1613392380,+3.39, +2.811, +0.176,+0.962
1613392440,+3.39, +2.779, +0.174,+0.961
1613392500,+3.39, +2.726, +0.176,+0.961
1613392560,+3.39, +2.790, +0.175,+0.961
1613392620,+3.39, +2.779, +0.176,+0.961
1613392680,+3.39, +2.790, +0.176,+0.962
1613392740,+3.39, +2.811, +0.175,+0.962
1613392800,+3.38, +2.779, +0.174,+0.961
1613392860,+3.38, +2.779, +0.175,+0.961
1613392920,+3.38, +2.779, +0.175,+0.962
1613392980,+3.38, +2.790, +0.176,+0.961
1613393040,+3.38, +2.811, +0.174,+0.961
1613393100,+3.39, +2.801, +0.175,+0.961
1613393160,+3.38, +2.790, +0.173,+0.961
1613393220,+3.38, +2.801, +0.175,+0.961
1613393280,+3.39, +2.811, +0.173,+0.961
1613393340,+3.38, +2.758, +0.177,+0.961
1613393400,+3.38, +2.801, +0.176,+0.962
1613393460,+3.38, +2.779, +0.175,+0.961
1613393520,+3.39, +2.801, +0.175,+0.961
1613393580,+3.38, +2.822, +0.176,+0.962
1613393640,+3.38, +2.811, +0.175,+0.962
1613393700,+3.38, +2.801, +0.175,+0.961
1613393760,+3.38, +2.779, +0.175,+0.961
1613393820,+3.38, +2.811, +0.174,+0.961
1613393880,+3.38, +2.790, +0.175,+0.962
1613393940,+3.38, +2.768, +0.176,+0.961
1613394000,+3.39, +2.801, +0.176,+0.962
1613394060,+3.38, +2.801, +0.176,+0.962
1613394120,+3.39, +2.801, +0.174,+0.961
1613394180,+3.38, +2.801, +0.177,+0.962
1613394240,+3.38, +2.768, +0.178,+0.962
1613394300,+3.38, +2.779, +0.176,+0.961
1613394360,+3.39, +2.801, +0.174,+0.961
1613394420,+3.39, +2.790, +0.175,+0.961
1613394480,+3.38, +2.790, +0.175,+0.961
1613394540,+3.38, +2.843, +0.174,+0.962
1613394600,+3.38, +2.779, +0.174,+0.961
1613394660,+3.38, +2.801, +0.174,+0.961
1613394720,+3.39, +2.790, +0.174,+0.961
1613394780,+3.39, +2.790, +0.176,+0.961
1613394840,+3.38, +2.790, +0.176,+0.962
1613394900,+3.38, +2.801, +0.175,+0.961
1613394960,+3.39, +2.790, +0.175,+0.961
1613395020,+3.38, +2.779, +0.176,+0.961
1613395080,+3.38, +2.779, +0.176,+0.961
1613395140,+3.38, +2.801, +0.175,+0.961
1613395200,+3.39, +2.822, +0.174,+0.961
1613395260,+3.39, +2.801, +0.175,+0.961
1613395320,+3.39, +2.779, +0.177,+0.961
1613395380,+3.38, +2.768, +0.175,+0.961
1613395440,+3.38, +2.801, +0.176,+0.962
1613395500,+3.38, +2.801, +0.174,+0.961
1613395560,+3.39, +2.790, +0.174,+0.961
1613395620,+3.38, +2.801, +0.175,+0.961
1613395680,+3.38, +2.790, +0.176,+0.962
1613395740,+3.38, +2.801, +0.175,+0.961
1613395800,+3.39, +2.768, +0.175,+0.961
1613395860,+3.38, +2.790, +0.175,+0.961
1613395920,+3.39, +2.811, +0.177,+0.961
1613395980,+3.38, +2.790, +0.175,+0.961
1613396040,+3.39, +2.768, +0.176,+0.961
1613396100,+3.39, +2.801, +0.174,+0.961
1613396160,+3.38, +2.801, +0.175,+0.961
1613396220,+3.38, +2.779, +0.176,+0.961
1613396280,+3.38, +2.747, +0.177,+0.961
1613396340,+3.38, +2.790, +0.176,+0.961
1613396400,+3.39, +2.779, +0.175,+0.961
1613396460,+3.39, +2.768, +0.175,+0.962
1613396520,+3.38, +2.790, +0.174,+0.961
1613396580,+3.38, +2.758, +0.175,+0.961
1613396640,+3.39, +2.801, +0.176,+0.962
1613396700,+3.38, +2.801, +0.174,+0.961
1613396760,+3.39, +2.790, +0.175,+0.961
1613396820,+3.39, +2.790, +0.175,+0.961
1613396880,+3.38, +2.811, +0.174,+0.962
1613396940,+3.38, +2.801, +0.176,+0.961
1613397000,+3.38, +2.779, +0.176,+0.962
1613397060,+3.39, +2.790, +0.175,+0.962
1613397120,+3.38, +2.779, +0.176,+0.962
1613397180,+3.39, +2.811, +0.174,+0.961
1613397240,+3.38, +2.822, +0.174,+0.962
1613397300,+3.39, +2.801, +0.176,+0.962
1613397360,+3.38, +2.801, +0.176,+0.961
1613397420,+3.38, +2.801, +0.175,+0.961
1613397480,+3.39, +2.779, +0.175,+0.961
1613397540,+3.38, +2.801, +0.174,+0.961
1613397600,+3.39, +2.790, +0.175,+0.961
1613397660,+3.38, +2.790, +0.175,+0.962
1613397720,+3.39, +2.779, +0.177,+0.962
1613397780,+3.39, +2.811, +0.174,+0.961
1613397840,+3.39, +2.801, +0.176,+0.961
1613397900,+3.39, +2.811, +0.175,+0.961
1613397960,+3.39, +2.768, +0.175,+0.961
1613398020,+3.39, +2.779, +0.175,+0.961
1613398080,+3.39, +2.779, +0.176,+0.962
1613398140,+3.38, +2.801, +0.176,+0.961
1613398200,+3.38, +2.801, +0.177,+0.962
1613398260,+3.39, +2.790, +0.175,+0.961
1613398320,+3.39, +2.801, +0.174,+0.961
1613398380,+3.38, +2.801, +0.175,+0.961
1613398440,+3.39, +2.790, +0.176,+0.961
1613398500,+3.38, +2.801, +0.175,+0.962
1613398560,+3.39, +2.790, +0.174,+0.961
1613398620,+3.39, +2.822, +0.174,+0.961
1613398680,+3.39, +2.790, +0.175,+0.961
1613398740,+3.39, +2.811, +0.175,+0.962
1613398800,+3.38, +2.736, +0.176,+0.961
1613398860,+3.39, +2.811, +0.175,+0.961
1613398920,+3.39, +2.790, +0.175,+0.961
1613398980,+3.39, +2.822, +0.175,+0.962
1613399040,+3.39, +2.779, +0.177,+0.961
1613399100,+3.39, +2.790, +0.177,+0.962
1613399160,+3.39, +2.801, +0.175,+0.961
1613399220,+3.39, +2.801, +0.173,+0.961
1613399280,+3.39, +2.790, +0.176,+0.961
1613399340,+3.39, +2.801, +0.174,+0.961
1613399400,+3.38, +2.801, +0.175,+0.962
1613399460,+3.39, +2.801, +0.176,+0.961
1613399520,+3.39, +2.779, +0.175,+0.961
1613399580,+3.38, +2.790, +0.175,+0.962
1613399640,+3.39, +2.790, +0.175,+0.961
1613399700,+3.39, +2.790, +0.177,+0.962
1613399760,+3.39, +2.811, +0.174,+0.961
1613399820,+3.39, +2.790, +0.175,+0.961
1613399880,+3.39, +2.779, +0.177,+0.962
1613399940,+3.39, +2.811, +0.176,+0.961
1613400000,+3.39, +2.801, +0.175,+0.961
1613400060,+3.39, +2.790, +0.175,+0.961
1613400120,+3.38, +2.779, +0.177,+0.962
1613400180,+3.38, +2.790, +0.175,+0.961
1613400240,+3.39, +2.790, +0.175,+0.961
1613400300,+3.39, +2.801, +0.176,+0.961
1613400360,+3.39, +2.790, +0.176,+0.962
1613400420,+3.39, +2.779, +0.175,+0.961
1613400480,+3.39, +2.801, +0.177,+0.962
1613400540,+3.39, +2.790, +0.175,+0.961
1613400600,+3.39, +2.801, +0.175,+0.962
1613400660,+3.39, +2.790, +0.174,+0.961
1613400720,+3.39, +2.811, +0.176,+0.961
1613400780,+3.39, +2.779, +0.174,+0.961
1613400840,+3.38, +2.801, +0.174,+0.961
1613400900,+3.39, +2.811, +0.174,+0.962
1613400960,+3.38, +2.801, +0.174,+0.961
1613401020,+3.39, +2.811, +0.176,+0.962
1613401080,+3.38, +2.779, +0.176,+0.962
1613401140,+3.39, +2.822, +0.176,+0.962
1613401200,+3.39, +2.790, +0.175,+0.961
1613401260,+3.39, +2.811, +0.174,+0.961
1613401320,+3.39, +2.801, +0.174,+0.961
1613401380,+3.39, +2.779, +0.175,+0.961
1613401440,+3.39, +2.779, +0.177,+0.962
1613401500,+3.38, +2.768, +0.174,+0.961
1613401560,+3.39, +2.790, +0.175,+0.961
1613401620,+3.39, +2.790, +0.175,+0.962
1613401680,+3.38, +2.790, +0.175,+0.961
1613401740,+3.39, +2.801, +0.177,+0.962
1613401800,+3.38, +2.768, +0.176,+0.961
1613401860,+3.39, +2.790, +0.176,+0.962
1613401920,+3.39, +2.822, +0.175,+0.961
1613401980,+3.39, +2.811, +0.175,+0.961
1613402040,+3.39, +2.801, +0.177,+0.962
1613402100,+3.39, +2.779, +0.177,+0.961
1613402160,+3.39, +2.801, +0.176,+0.961
1613402220,+3.39, +2.779, +0.174,+0.961
1613402280,+3.39, +2.801, +0.175,+0.961
1613402340,+3.38, +2.811, +0.176,+0.961
1613402400,+3.39, +2.790, +0.175,+0.961
1613402460,+3.39, +2.790, +0.176,+0.961
1613402520,+3.39, +2.779, +0.175,+0.961
1613402580,+3.39, +2.801, +0.174,+0.962
1613402640,+3.39, +2.790, +0.176,+0.962
1613402700,+3.38, +2.779, +0.176,+0.961
1613402760,+3.39, +2.801, +0.177,+0.962
1613402820,+3.39, +2.801, +0.175,+0.962
1613402880,+3.39, +2.801, +0.174,+0.961
1613402940,+3.39, +2.779, +0.175,+0.961
1613403000,+3.39, +2.801, +0.175,+0.961
1613403060,+3.38, +2.801, +0.175,+0.962
1613403120,+3.39, +2.790, +0.175,+0.961
1613403180,+3.39, +2.801, +0.175,+0.961
1613403240,+3.39, +2.822, +0.174,+0.962
1613403300,+3.39, +2.779, +0.176,+0.962
1613403360,+3.39, +2.790, +0.175,+0.961
1613403420,+3.39, +2.790, +0.175,+0.961
1613403480,+3.39, +2.822, +0.174,+0.961
1613403540,+3.39, +2.790, +0.175,+0.961
1613403600,+3.39, +2.811, +0.174,+0.961
1613403660,+3.39, +2.801, +0.174,+0.961
1613403720,+3.39, +2.801, +0.174,+0.961
1613403780,+3.39, +2.811, +0.175,+0.961
1613403840,+3.39, +2.811, +0.175,+0.962
1613403900,+3.39, +2.801, +0.177,+0.962
1613403960,+3.39, +2.790, +0.176,+0.961
1613404020,+3.39, +2.790, +0.175,+0.961
1613404080,+3.39, +2.779, +0.176,+0.961
1613404140,+3.39, +2.790, +0.174,+0.961
1613404200,+3.38, +2.811, +0.176,+0.961
1613404260,+3.39, +2.768, +0.177,+0.962
1613404320,+3.39, +2.790, +0.176,+0.961
1613404380,+3.39, +2.779, +0.176,+0.961
1613404440,+3.38, +2.747, +0.176,+0.961
1613404500,+3.39, +2.768, +0.176,+0.961
1613404560,+3.39, +2.811, +0.175,+0.961
1613404620,+3.39, +2.747, +0.177,+0.961
1613404680,+3.39, +2.779, +0.176,+0.961
1613404740,+3.38, +2.801, +0.175,+0.962
1613404800,+3.39, +2.811, +0.177,+0.961
1613404860,+3.39, +2.801, +0.174,+0.961
1613404920,+3.39, +2.822, +0.176,+0.961
1613404980,+3.39, +2.801, +0.176,+0.962
1613405040,+3.39, +2.790, +0.174,+0.961
1613405100,+3.38, +2.801, +0.174,+0.961
1613405160,+3.39, +2.811, +0.174,+0.961
1613405220,+3.39, +2.779, +0.174,+0.961
1613405280,+3.39, +2.822, +0.173,+0.961
1613405340,+3.39, +2.801, +0.175,+0.961
1613405400,+3.39, +2.811, +0.176,+0.962
1613405460,+3.39, +2.822, +0.174,+0.961
1613405520,+3.39, +2.801, +0.176,+0.961
1613405580,+3.39, +2.758, +0.176,+0.961
1613405640,+3.39, +2.801, +0.175,+0.961
1613405700,+3.39, +2.833, +0.174,+0.961
1613405760,+3.39, +2.822, +0.175,+0.961
1613405820,+3.39, +2.822, +0.174,+0.961
1613405880,+3.39, +2.801, +0.176,+0.961
1613405940,+3.39, +2.779, +0.175,+0.962
1613406000,+3.39, +2.779, +0.175,+0.961
1613406060,+3.39, +2.790, +0.176,+0.961
1613406120,+3.39, +2.801, +0.174,+0.961
1613406180,+3.39, +2.790, +0.174,+0.961
1613406240,+3.39, +2.811, +0.175,+0.962
1613406300,+3.39, +2.768, +0.174,+0.961
1613406360,+3.39, +2.779, +0.175,+0.961
1613406420,+3.39, +2.811, +0.175,+0.961
1613406480,+3.39, +2.790, +0.177,+0.961
1613406540,+3.39, +2.801, +0.176,+0.962
1613406600,+3.39, +2.790, +0.177,+0.962
1613406660,+3.39, +2.790, +0.175,+0.961
1613406720,+3.38, +2.790, +0.175,+0.961
1613406780,+3.39, +2.811, +0.175,+0.961
1613406840,+3.39, +2.801, +0.175,+0.962
1613406900,+3.39, +2.801, +0.177,+0.962
1613406960,+3.39, +2.790, +0.177,+0.962
1613407020,+3.39, +2.811, +0.176,+0.961
1613407080,+3.39, +2.822, +0.175,+0.961
1613407140,+3.39, +2.790, +0.176,+0.961
1613407200,+3.39, +2.801, +0.174,+0.961
