7392-570653
OS REV: 1.11 Sensor Cal: 1428445788
Time (sec),  BV (Volts),  T (deg C),  DO (mg/l),  Q ()
1610988060,+3.39, +3.268, +0.171,+0.958
1610988120,+3.39, +3.278, +0.171,+0.958
1610988180,+3.39, +3.257, +0.172,+0.957
1610988240,+3.39, +3.278, +0.171,+0.957
1610988300,+3.39, +3.268, +0.172,+0.958
1610988360,+3.39, +3.257, +0.171,+0.957
1610988420,+3.39, +3.268, +0.171,+0.958
1610988480,+3.39, +3.257, +0.172,+0.958
1610988540,+3.39, +3.278, +0.172,+0.958
1610988600,+3.39, +3.278, +0.170,+0.957
1610988660,+3.39, +3.278, +0.172,+0.957
1610988720,+3.39, +3.257, +0.172,+0.958
1610988780,+3.39, +3.289, +0.170,+0.958
1610988840,+3.39, +3.289, +0.173,+0.958
1610988900,+3.39, +3.268, +0.171,+0.957
1610988960,+3.39, +3.289, +0.172,+0.958
1610989020,+3.39, +3.278, +0.170,+0.957
1610989080,+3.39, +3.289, +0.173,+0.958
1610989140,+3.39, +3.257, +0.171,+0.957
1610989200,+3.39, +3.289, +0.172,+0.956
1610989260,+3.39, +3.289, +0.172,+0.958
1610989320,+3.39, +3.289, +0.169,+0.957
1610989380,+3.39, +3.278, +0.172,+0.958
1610989440,+3.39, +3.278, +0.171,+0.957
1610989500,+3.39, +3.278, +0.173,+0.958
1610989560,+3.39, +3.289, +0.171,+0.958
1610989620,+3.39, +3.289, +0.172,+0.958
1610989680,+3.39, +3.278, +0.172,+0.958
1610989740,+3.39, +3.257, +0.171,+0.957
1610989800,+3.39, +3.289, +0.171,+0.957
1610989860,+3.39, +3.289, +0.171,+0.957
1610989920,+3.39, +3.268, +0.173,+0.958
1610989980,+3.39, +3.257, +0.172,+0.957
1610990040,+3.39, +3.278, +0.170,+0.957
1610990100,+3.39, +3.268, +0.172,+0.958
1610990160,+3.39, +3.278, +0.172,+0.957
1610990220,+3.39, +3.268, +0.170,+0.957
1610990280,+3.39, +3.289, +0.173,+0.958
1610990340,+3.39, +3.278, +0.171,+0.957
1610990400,+3.39, +3.268, +0.173,+0.958
1610990460,+3.39, +3.278, +0.171,+0.958
1610990520,+3.39, +3.289, +0.171,+0.957
1610990580,+3.39, +3.278, +0.171,+0.957
1610990640,+3.39, +3.289, +0.171,+0.957
1610990700,+3.39, +3.278, +0.171,+0.957
1610990760,+3.39, +3.289, +0.170,+0.957
1610990820,+3.39, +3.289, +0.169,+0.957
1610990880,+3.39, +3.278, +0.172,+0.957
1610990940,+3.39, +3.289, +0.171,+0.957
1610991000,+3.39, +3.247, +0.171,+0.958
1610991060,+3.39, +3.289, +0.173,+0.958
1610991120,+3.39, +3.320, +0.170,+0.957
1610991180,+3.39, +3.278, +0.171,+0.957
1610991240,+3.39, +3.278, +0.173,+0.958
1610991300,+3.39, +3.257, +0.171,+0.957
1610991360,+3.39, +3.278, +0.170,+0.957
1610991420,+3.39, +3.278, +0.170,+0.957
1610991480,+3.39, +3.289, +0.173,+0.958
1610991540,+3.39, +3.289, +0.171,+0.957
1610991600,+3.39, +3.268, +0.172,+0.957
1610991660,+3.39, +3.289, +0.172,+0.958
1610991720,+3.39, +3.289, +0.171,+0.958
1610991780,+3.39, +3.268, +0.171,+0.957
1610991840,+3.39, +3.289, +0.172,+0.958
1610991900,+3.39, +3.278, +0.172,+0.957
1610991960,+3.39, +3.268, +0.171,+0.957
1610992020,+3.39, +3.299, +0.171,+0.958
1610992080,+3.39, +3.278, +0.172,+0.958
1610992140,+3.39, +3.299, +0.170,+0.958
1610992200,+3.39, +3.278, +0.173,+0.957
1610992260,+3.39, +3.268, +0.170,+0.957
1610992320,+3.39, +3.278, +0.173,+0.958
1610992380,+3.39, +3.278, +0.173,+0.958
1610992440,+3.39, +3.278, +0.172,+0.957
1610992500,+3.39, +3.278, +0.172,+0.958
1610992560,+3.39, +3.268, +0.171,+0.957
1610992620,+3.39, +3.331, +0.171,+0.958
1610992680,+3.39, +3.299, +0.172,+0.958
1610992740,+3.39, +3.278, +0.171,+0.957
1610992800,+3.39, +3.268, +0.170,+0.957
1610992860,+3.39, +3.257, +0.172,+0.958
1610992920,+3.39, +3.247, +0.172,+0.957
1610992980,+3.39, +3.268, +0.172,+0.957
1610993040,+3.39, +3.268, +0.173,+0.958
1610993100,+3.39, +3.268, +0.171,+0.957
1610993160,+3.39, +3.268, +0.171,+0.957
1610993220,+3.39, +3.257, +0.173,+0.958
1610993280,+3.39, +3.278, +0.173,+0.958
1610993340,+3.39, +3.289, +0.170,+0.958
1610993400,+3.39, +3.278, +0.170,+0.957
1610993460,+3.39, +3.310, +0.171,+0.957
1610993520,+3.39, +3.278, +0.170,+0.957
1610993580,+3.39, +3.320, +0.172,+0.958
1610993640,+3.39, +3.289, +0.172,+0.958
1610993700,+3.39, +3.310, +0.171,+0.958
1610993760,+3.39, +3.289, +0.170,+0.957
1610993820,+3.39, +3.278, +0.169,+0.957
1610993880,+3.39, +3.289, +0.171,+0.957
1610993940,+3.39, +3.289, +0.170,+0.957
1610994000,+3.39, +3.278, +0.172,+0.957
1610994060,+3.39, +3.299, +0.172,+0.958
1610994120,+3.39, +3.289, +0.170,+0.957
1610994180,+3.39, +3.268, +0.171,+0.957
1610994240,+3.39, +3.236, +0.171,+0.957
1610994300,+3.39, +3.299, +0.171,+0.957
1610994360,+3.39, +3.278, +0.173,+0.958
1610994420,+3.39, +3.268, +0.172,+0.958
1610994480,+3.39, +3.299, +0.170,+0.958
1610994540,+3.39, +3.341, +0.170,+0.958
1610994600,+3.39, +3.268, +0.171,+0.957
1610994660,+3.39, +3.289, +0.172,+0.957
1610994720,+3.39, +3.268, +0.172,+0.958
1610994780,+3.39, +3.278, +0.171,+0.957
1610994840,+3.39, +3.289, +0.170,+0.957
1610994900,+3.39, +3.268, +0.171,+0.957
1610994960,+3.39, +3.268, +0.171,+0.957
1610995020,+3.39, +3.289, +0.172,+0.958
1610995080,+3.39, +3.268, +0.171,+0.957
1610995140,+3.39, +3.299, +0.171,+0.958
1610995200,+3.39, +3.289, +0.172,+0.957
1610995260,+3.39, +3.289, +0.172,+0.957
1610995320,+3.39, +3.268, +0.171,+0.957
1610995380,+3.39, +3.278, +0.172,+0.958
1610995440,+3.39, +3.268, +0.171,+0.957
1610995500,+3.39, +3.278, +0.172,+0.958
1610995560,+3.39, +3.268, +0.172,+0.957
1610995620,+3.39, +3.289, +0.171,+0.957
1610995680,+3.39, +3.299, +0.171,+0.957
1610995740,+3.39, +3.278, +0.170,+0.957
1610995800,+3.39, +3.289, +0.170,+0.957
1610995860,+3.39, +3.310, +0.169,+0.957
1610995920,+3.39, +3.299, +0.171,+0.958
1610995980,+3.39, +3.268, +0.172,+0.957
1610996040,+3.39, +3.278, +0.169,+0.957
1610996100,+3.39, +3.289, +0.171,+0.958
1610996160,+3.39, +3.268, +0.172,+0.957
1610996220,+3.39, +3.289, +0.173,+0.958
1610996280,+3.39, +3.278, +0.172,+0.958
1610996340,+3.39, +3.268, +0.171,+0.958
1610996400,+3.39, +3.268, +0.172,+0.958
1610996460,+3.39, +3.268, +0.171,+0.957
1610996520,+3.39, +3.278, +0.172,+0.957
1610996580,+3.39, +3.278, +0.174,+0.958
1610996640,+3.39, +3.247, +0.172,+0.957
1610996700,+3.39, +3.278, +0.171,+0.957
1610996760,+3.39, +3.268, +0.172,+0.958
1610996820,+3.39, +3.289, +0.169,+0.957
1610996880,+3.39, +3.278, +0.170,+0.957
1610996940,+3.39, +3.278, +0.170,+0.957
1610997000,+3.39, +3.278, +0.173,+0.957
1610997060,+3.39, +3.289, +0.172,+0.958
1610997120,+3.39, +3.257, +0.171,+0.958
1610997180,+3.39, +3.278, +0.172,+0.958
1610997240,+3.39, +3.278, +0.170,+0.957
1610997300,+3.39, +3.225, +0.172,+0.957
1610997360,+3.39, +3.289, +0.171,+0.957
1610997420,+3.39, +3.257, +0.171,+0.957
1610997480,+3.39, +3.278, +0.171,+0.957
1610997540,+3.39, +3.268, +0.170,+0.957
1610997600,+3.39, +3.299, +0.173,+0.958
1610997660,+3.39, +3.268, +0.171,+0.957
1610997720,+3.39, +3.278, +0.169,+0.957
1610997780,+3.39, +3.289, +0.171,+0.957
1610997840,+3.39, +3.299, +0.171,+0.958
1610997900,+3.39, +3.278, +0.172,+0.958
1610997960,+3.39, +3.278, +0.172,+0.957
1610998020,+3.39, +3.289, +0.170,+0.957
1610998080,+3.39, +3.278, +0.171,+0.957
1610998140,+3.39, +3.278, +0.171,+0.957
1610998200,+3.39, +3.289, +0.170,+0.957
1610998260,+3.39, +3.278, +0.171,+0.957
1610998320,+3.39, +3.299, +0.170,+0.957
1610998380,+3.39, +3.278, +0.172,+0.957
1610998440,+3.39, +3.299, +0.171,+0.957
1610998500,+3.39, +3.299, +0.171,+0.958
1610998560,+3.39, +3.299, +0.172,+0.958
1610998620,+3.39, +3.268, +0.172,+0.957
1610998680,+3.39, +3.299, +0.172,+0.957
1610998740,+3.39, +3.278, +0.172,+0.958
1610998800,+3.39, +3.278, +0.173,+0.958
1610998860,+3.39, +3.289, +0.171,+0.957
1610998920,+3.39, +3.278, +0.170,+0.957
1610998980,+3.39, +3.289, +0.172,+0.958
1610999040,+3.39, +3.289, +0.172,+0.957
1610999100,+3.39, +3.299, +0.171,+0.958
1610999160,+3.39, +3.299, +0.171,+0.957
1610999220,+3.39, +3.268, +0.170,+0.957
1610999280,+3.39, +3.278, +0.172,+0.957
1610999340,+3.39, +3.278, +0.169,+0.957
1610999400,+3.39, +3.278, +0.171,+0.957
1610999460,+3.39, +3.289, +0.171,+0.957
1610999520,+3.39, +3.278, +0.171,+0.957
1610999580,+3.39, +3.278, +0.172,+0.957
1610999640,+3.39, +3.278, +0.170,+0.957
1610999700,+3.39, +3.278, +0.171,+0.957
1610999760,+3.39, +3.331, +0.168,+0.958
1610999820,+3.39, +3.289, +0.171,+0.957
1610999880,+3.39, +3.289, +0.171,+0.957
1610999940,+3.39, +3.257, +0.172,+0.958
1611000000,+3.39, +3.289, +0.172,+0.958
1611000060,+3.39, +3.268, +0.173,+0.958
1611000120,+3.39, +3.299, +0.172,+0.958
1611000180,+3.39, +3.268, +0.171,+0.957
1611000240,+3.39, +3.257, +0.172,+0.957
1611000300,+3.39, +3.278, +0.172,+0.958
1611000360,+3.39, +3.257, +0.171,+0.957
1611000420,+3.39, +3.289, +0.171,+0.957
1611000480,+3.39, +3.331, +0.170,+0.957
1611000540,+3.39, +3.257, +0.171,+0.957
1611000600,+3.39, +3.268, +0.172,+0.957
1611000660,+3.39, +3.278, +0.171,+0.957
1611000720,+3.39, +3.268, +0.171,+0.957
1611000780,+3.39, +3.289, +0.171,+0.957
1611000840,+3.39, +3.278, +0.171,+0.957
1611000900,+3.39, +3.268, +0.171,+0.957
1611000960,+3.39, +3.289, +0.170,+0.957
1611001020,+3.39, +3.299, +0.172,+0.958
1611001080,+3.39, +3.278, +0.170,+0.957
1611001140,+3.39, +3.278, +0.171,+0.957
1611001200,+3.39, +3.289, +0.171,+0.957
1611001260,+3.39, +3.278, +0.171,+0.957
1611001320,+3.39, +3.278, +0.172,+0.957
1611001380,+3.39, +3.278, +0.172,+0.957
1611001440,+3.39, +3.268, +0.171,+0.957
1611001500,+3.39, +3.278, +0.170,+0.957
1611001560,+3.39, +3.310, +0.172,+0.958
1611001620,+3.39, +3.278, +0.170,+0.957
1611001680,+3.39, +3.278, +0.171,+0.957
1611001740,+3.39, +3.278, +0.172,+0.957
1611001800,+3.39, +3.299, +0.170,+0.958
1611001860,+3.39, +3.289, +0.172,+0.958
1611001920,+3.39, +3.268, +0.173,+0.958
1611001980,+3.39, +3.289, +0.171,+0.957
1611002040,+3.39, +3.289, +0.171,+0.957
1611002100,+3.39, +3.278, +0.170,+0.957
1611002160,+3.39, +3.278, +0.171,+0.957
1611002220,+3.39, +3.268, +0.173,+0.958
1611002280,+3.39, +3.289, +0.171,+0.958
1611002340,+3.39, +3.278, +0.170,+0.957
1611002400,+3.39, +3.299, +0.172,+0.957
1611002460,+3.39, +3.268, +0.170,+0.957
1611002520,+3.39, +3.299, +0.172,+0.958
1611002580,+3.39, +3.268, +0.171,+0.957
1611002640,+3.39, +3.289, +0.172,+0.957
1611002700,+3.39, +3.278, +0.171,+0.957
1611002760,+3.39, +3.289, +0.171,+0.957
1611002820,+3.39, +3.278, +0.170,+0.958
1611002880,+3.39, +3.257, +0.171,+0.957
1611002940,+3.39, +3.278, +0.170,+0.957
1611003000,+3.39, +3.257, +0.171,+0.957
1611003060,+3.39, +3.247, +0.172,+0.957
1611003120,+3.39, +3.278, +0.172,+0.958
1611003180,+3.39, +3.278, +0.170,+0.957
1611003240,+3.39, +3.268, +0.170,+0.957
1611003300,+3.39, +3.278, +0.172,+0.957
1611003360,+3.39, +3.289, +0.172,+0.958
1611003420,+3.39, +3.278, +0.170,+0.958
1611003480,+3.39, +3.278, +0.172,+0.957
1611003540,+3.39, +3.289, +0.171,+0.958
1611003600,+3.39, +3.289, +0.171,+0.957
1611003660,+3.39, +3.278, +0.171,+0.957
1611003720,+3.39, +3.289, +0.170,+0.957
1611003780,+3.39, +3.299, +0.171,+0.957
1611003840,+3.39, +3.289, +0.172,+0.957
1611003900,+3.39, +3.257, +0.171,+0.957
1611003960,+3.39, +3.278, +0.170,+0.957
1611004020,+3.39, +3.278, +0.171,+0.957
1611004080,+3.39, +3.278, +0.171,+0.957
1611004140,+3.39, +3.299, +0.171,+0.957
1611004200,+3.39, +3.299, +0.172,+0.958
1611004260,+3.39, +3.278, +0.171,+0.957
1611004320,+3.39, +3.289, +0.171,+0.957
1611004380,+3.39, +3.278, +0.172,+0.957
1611004440,+3.39, +3.278, +0.173,+0.958
1611004500,+3.39, +3.299, +0.171,+0.957
1611004560,+3.39, +3.310, +0.171,+0.958
1611004620,+3.39, +3.278, +0.172,+0.958
1611004680,+3.39, +3.278, +0.171,+0.957
1611004740,+3.39, +3.268, +0.171,+0.958
1611004800,+3.39, +3.268, +0.172,+0.958
1611004860,+3.39, +3.289, +0.173,+0.958
1611004920,+3.39, +3.299, +0.172,+0.957
1611004980,+3.39, +3.268, +0.172,+0.957
1611005040,+3.39, +3.289, +0.172,+0.957
1611005100,+3.39, +3.268, +0.172,+0.957
1611005160,+3.39, +3.278, +0.171,+0.957
1611005220,+3.39, +3.289, +0.169,+0.957
1611005280,+3.39, +3.289, +0.169,+0.957
1611005340,+3.39, +3.268, +0.173,+0.958
1611005400,+3.39, +3.299, +0.171,+0.958
1611005460,+3.39, +3.299, +0.170,+0.957
1611005520,+3.39, +3.299, +0.170,+0.957
1611005580,+3.39, +3.278, +0.171,+0.957
1611005640,+3.39, +3.289, +0.170,+0.957
1611005700,+3.39, +3.289, +0.170,+0.957
1611005760,+3.39, +3.278, +0.173,+0.958
1611005820,+3.39, +3.278, +0.173,+0.957
1611005880,+3.39, +3.299, +0.171,+0.958
1611005940,+3.39, +3.278, +0.171,+0.957
1611006000,+3.39, +3.289, +0.171,+0.957
1611006060,+3.39, +3.268, +0.170,+0.957
1611006120,+3.39, +3.299, +0.172,+0.958
1611006180,+3.39, +3.289, +0.171,+0.957
1611006240,+3.39, +3.278, +0.170,+0.957
1611006300,+3.39, +3.289, +0.173,+0.958
1611006360,+3.39, +3.268, +0.172,+0.957
1611006420,+3.39, +3.289, +0.171,+0.958
1611006480,+3.39, +3.278, +0.171,+0.957
1611006540,+3.39, +3.299, +0.171,+0.957
1611006600,+3.39, +3.278, +0.172,+0.958
1611006660,+3.39, +3.289, +0.171,+0.957
1611006720,+3.39, +3.278, +0.171,+0.957
1611006780,+3.39, +3.268, +0.171,+0.957
1611006840,+3.39, +3.289, +0.172,+0.958
1611006900,+3.39, +3.289, +0.172,+0.958
1611006960,+3.39, +3.289, +0.171,+0.957
1611007020,+3.39, +3.299, +0.173,+0.957
1611007080,+3.39, +3.310, +0.172,+0.958
1611007140,+3.39, +3.299, +0.171,+0.957
1611007200,+3.39, +3.257, +0.170,+0.957
1611007260,+3.39, +3.299, +0.172,+0.957
1611007320,+3.39, +3.278, +0.170,+0.957
1611007380,+3.39, +3.289, +0.171,+0.957
1611007440,+3.39, +3.310, +0.173,+0.958
1611007500,+3.39, +3.257, +0.171,+0.957
1611007560,+3.39, +3.289, +0.172,+0.957
1611007620,+3.39, +3.289, +0.171,+0.957
1611007680,+3.39, +3.299, +0.173,+0.958
1611007740,+3.39, +3.289, +0.172,+0.958
1611007800,+3.39, +3.299, +0.172,+0.957
1611007860,+3.39, +3.278, +0.173,+0.957
1611007920,+3.39, +3.278, +0.171,+0.957
1611007980,+3.39, +3.299, +0.170,+0.957
1611008040,+3.39, +3.289, +0.170,+0.957
1611008100,+3.39, +3.278, +0.173,+0.957
1611008160,+3.39, +3.289, +0.171,+0.957
1611008220,+3.39, +3.278, +0.171,+0.957
1611008280,+3.39, +3.257, +0.172,+0.957
1611008340,+3.39, +3.278, +0.173,+0.957
1611008400,+3.39, +3.257, +0.172,+0.957
1611008460,+3.39, +3.268, +0.171,+0.957
1611008520,+3.39, +3.268, +0.171,+0.957
1611008580,+3.39, +3.299, +0.171,+0.957
1611008640,+3.39, +3.268, +0.171,+0.957
1611008700,+3.39, +3.278, +0.172,+0.958
1611008760,+3.39, +3.278, +0.172,+0.957
1611008820,+3.39, +3.299, +0.170,+0.957
1611008880,+3.39, +3.289, +0.174,+0.957
1611008940,+3.39, +3.289, +0.172,+0.957
1611009000,+3.39, +3.299, +0.170,+0.957
1611009060,+3.39, +3.278, +0.171,+0.958
1611009120,+3.39, +3.299, +0.169,+0.957
1611009180,+3.39, +3.278, +0.172,+0.957
1611009240,+3.39, +3.278, +0.172,+0.958
1611009300,+3.39, +3.278, +0.173,+0.958
1611009360,+3.39, +3.289, +0.171,+0.957
1611009420,+3.39, +3.268, +0.171,+0.957
1611009480,+3.39, +3.257, +0.171,+0.958
1611009540,+3.39, +3.289, +0.172,+0.957
1611009600,+3.39, +3.310, +0.173,+0.958
1611009660,+3.39, +3.278, +0.171,+0.957
1611009720,+3.39, +3.289, +0.171,+0.957
1611009780,+3.39, +3.289, +0.173,+0.958
1611009840,+3.39, +3.299, +0.173,+0.958
1611009900,+3.39, +3.289, +0.171,+0.957
1611009960,+3.39, +3.289, +0.172,+0.958
1611010020,+3.39, +3.268, +0.171,+0.957
1611010080,+3.39, +3.289, +0.171,+0.957
1611010140,+3.39, +3.299, +0.170,+0.957
1611010200,+3.39, +3.278, +0.171,+0.957
1611010260,+3.39, +3.247, +0.171,+0.957
1611010320,+3.39, +3.289, +0.172,+0.958
1611010380,+3.39, +3.257, +0.171,+0.957
1611010440,+3.39, +3.299, +0.171,+0.957
1611010500,+3.39, +3.299, +0.171,+0.957
1611010560,+3.39, +3.289, +0.171,+0.957
1611010620,+3.39, +3.268, +0.172,+0.957
1611010680,+3.39, +3.278, +0.171,+0.957
1611010740,+3.39, +3.278, +0.172,+0.957
1611010800,+3.39, +3.289, +0.171,+0.957
1611010860,+3.39, +3.289, +0.172,+0.957
1611010920,+3.39, +3.268, +0.173,+0.958
1611010980,+3.39, +3.289, +0.171,+0.957
1611011040,+3.39, +3.268, +0.170,+0.957
1611011100,+3.39, +3.341, +0.171,+0.958
1611011160,+3.39, +3.289, +0.170,+0.958
1611011220,+3.39, +3.299, +0.172,+0.958
1611011280,+3.39, +3.320, +0.170,+0.958
1611011340,+3.39, +3.299, +0.170,+0.957
1611011400,+3.39, +3.268, +0.171,+0.957
1611011460,+3.39, +3.289, +0.172,+0.958
1611011520,+3.39, +3.278, +0.171,+0.958
1611011580,+3.39, +3.289, +0.171,+0.958
1611011640,+3.39, +3.268, +0.171,+0.957
1611011700,+3.39, +3.268, +0.171,+0.958
1611011760,+3.39, +3.278, +0.172,+0.958
1611011820,+3.39, +3.268, +0.171,+0.957
1611011880,+3.39, +3.257, +0.172,+0.957
1611011940,+3.39, +3.310, +0.168,+0.957
1611012000,+3.39, +3.289, +0.170,+0.957
1611012060,+3.39, +3.278, +0.171,+0.958
1611012120,+3.39, +3.278, +0.173,+0.958
1611012180,+3.39, +3.278, +0.172,+0.957
1611012240,+3.39, +3.278, +0.170,+0.958
1611012300,+3.39, +3.225, +0.172,+0.957
1611012360,+3.39, +3.289, +0.172,+0.958
1611012420,+3.39, +3.268, +0.170,+0.957
1611012480,+3.39, +3.299, +0.170,+0.958
1611012540,+3.39, +3.289, +0.171,+0.958
1611012600,+3.39, +3.268, +0.170,+0.958
1611012660,+3.39, +3.289, +0.172,+0.958
1611012720,+3.39, +3.278, +0.171,+0.958
1611012780,+3.39, +3.289, +0.171,+0.958
1611012840,+3.39, +3.278, +0.171,+0.957
1611012900,+3.39, +3.268, +0.172,+0.957
1611012960,+3.39, +3.257, +0.171,+0.957
1611013020,+3.39, +3.289, +0.171,+0.958
1611013080,+3.39, +3.331, +0.170,+0.958
1611013140,+3.39, +3.289, +0.173,+0.957
1611013200,+3.39, +3.320, +0.170,+0.957
1611013260,+3.39, +3.268, +0.172,+0.958
1611013320,+3.39, +3.299, +0.170,+0.957
1611013380,+3.39, +3.278, +0.171,+0.958
1611013440,+3.39, +3.289, +0.171,+0.958
1611013500,+3.39, +3.310, +0.171,+0.958
1611013560,+3.39, +3.299, +0.170,+0.958
1611013620,+3.39, +3.278, +0.173,+0.958
1611013680,+3.39, +3.268, +0.173,+0.958
1611013740,+3.39, +3.278, +0.169,+0.957
1611013800,+3.39, +3.299, +0.172,+0.958
1611013860,+3.39, +3.299, +0.171,+0.958
1611013920,+3.39, +3.299, +0.171,+0.957
1611013980,+3.39, +3.268, +0.171,+0.957
1611014040,+3.39, +3.289, +0.171,+0.957
1611014100,+3.39, +3.278, +0.170,+0.957
1611014160,+3.39, +3.289, +0.171,+0.957
1611014220,+3.39, +3.289, +0.172,+0.958
1611014280,+3.39, +3.289, +0.171,+0.958
1611014340,+3.39, +3.278, +0.172,+0.958
1611014400,+3.39, +3.215, +0.173,+0.957
1611014460,+3.39, +3.289, +0.170,+0.957
1611014520,+3.39, +3.278, +0.172,+0.958
1611014580,+3.39, +3.289, +0.171,+0.957
1611014640,+3.39, +3.257, +0.172,+0.958
1611014700,+3.39, +3.278, +0.173,+0.958
1611014760,+3.39, +3.268, +0.171,+0.957
1611014820,+3.39, +3.268, +0.171,+0.957
1611014880,+3.39, +3.289, +0.170,+0.958
1611014940,+3.39, +3.278, +0.173,+0.958
1611015000,+3.39, +3.299, +0.170,+0.957
1611015060,+3.39, +3.268, +0.170,+0.957
1611015120,+3.39, +3.268, +0.171,+0.958
1611015180,+3.39, +3.257, +0.172,+0.957
1611015240,+3.39, +3.278, +0.173,+0.958
1611015300,+3.39, +3.289, +0.172,+0.958
1611015360,+3.39, +3.278, +0.171,+0.958
1611015420,+3.39, +3.278, +0.170,+0.958
1611015480,+3.39, +3.278, +0.170,+0.957
1611015540,+3.39, +3.289, +0.170,+0.957
1611015600,+3.39, +3.268, +0.172,+0.958
1611015660,+3.39, +3.289, +0.171,+0.958
1611015720,+3.39, +3.278, +0.171,+0.958
1611015780,+3.39, +3.257, +0.173,+0.958
1611015840,+3.39, +3.299, +0.172,+0.957
1611015900,+3.39, +3.299, +0.171,+0.958
1611015960,+3.39, +3.278, +0.170,+0.957
1611016020,+3.39, +3.299, +0.171,+0.957
1611016080,+3.39, +3.257, +0.173,+0.958
1611016140,+3.39, +3.268, +0.170,+0.957
1611016200,+3.39, +3.268, +0.170,+0.957
1611016260,+3.39, +3.278, +0.172,+0.958
1611016320,+3.39, +3.268, +0.171,+0.957
1611016380,+3.39, +3.257, +0.172,+0.957
1611016440,+3.39, +3.278, +0.173,+0.958
1611016500,+3.39, +3.289, +0.169,+0.957
1611016560,+3.39, +3.289, +0.171,+0.957
1611016620,+3.39, +3.278, +0.171,+0.957
1611016680,+3.39, +3.310, +0.171,+0.958
1611016740,+3.39, +3.257, +0.171,+0.957
1611016800,+3.39, +3.278, +0.174,+0.958
1611016860,+3.39, +3.257, +0.173,+0.958
1611016920,+3.39, +3.278, +0.172,+0.958
1611016980,+3.39, +3.278, +0.172,+0.958
1611017040,+3.39, +3.289, +0.172,+0.958
1611017100,+3.39, +3.289, +0.173,+0.958
1611017160,+3.39, +3.278, +0.171,+0.957
1611017220,+3.39, +3.268, +0.172,+0.958
1611017280,+3.39, +3.278, +0.172,+0.958
1611017340,+3.39, +3.278, +0.172,+0.958
1611017400,+3.39, +3.289, +0.171,+0.957
1611017460,+3.39, +3.278, +0.170,+0.957
1611017520,+3.39, +3.278, +0.170,+0.957
1611017580,+3.39, +3.289, +0.172,+0.957
1611017640,+3.39, +3.278, +0.172,+0.958
1611017700,+3.39, +3.299, +0.170,+0.958
1611017760,+3.39, +3.278, +0.172,+0.958
1611017820,+3.39, +3.257, +0.170,+0.957
1611017880,+3.39, +3.268, +0.171,+0.958
1611017940,+3.39, +3.268, +0.172,+0.958
1611018000,+3.39, +3.278, +0.172,+0.958
1611018060,+3.39, +3.278, +0.170,+0.957
1611018120,+3.39, +3.278, +0.172,+0.958
1611018180,+3.39, +3.278, +0.172,+0.958
1611018240,+3.39, +3.257, +0.172,+0.958
1611018300,+3.39, +3.289, +0.172,+0.958
1611018360,+3.39, +3.278, +0.170,+0.958
1611018420,+3.39, +3.278, +0.172,+0.958
1611018480,+3.39, +3.289, +0.171,+0.958
1611018540,+3.39, +3.268, +0.172,+0.958
1611018600,+3.39, +3.268, +0.171,+0.958
1611018660,+3.39, +3.289, +0.173,+0.958
1611018720,+3.39, +3.289, +0.171,+0.957
1611018780,+3.39, +3.289, +0.173,+0.958
1611018840,+3.39, +3.289, +0.170,+0.957
1611018900,+3.39, +3.268, +0.172,+0.958
1611018960,+3.39, +3.268, +0.170,+0.957
1611019020,+3.39, +3.268, +0.171,+0.957
1611019080,+3.39, +3.278, +0.172,+0.958
1611019140,+3.39, +3.257, +0.171,+0.957
1611019200,+3.39, +3.278, +0.172,+0.958
1611019260,+3.39, +3.268, +0.172,+0.958
1611019320,+3.39, +3.268, +0.171,+0.958
1611019380,+3.39, +3.289, +0.171,+0.957
1611019440,+3.39, +3.268, +0.171,+0.957
1611019500,+3.39, +3.268, +0.170,+0.957
1611019560,+3.39, +3.278, +0.169,+0.957
1611019620,+3.39, +3.289, +0.172,+0.958
1611019680,+3.39, +3.257, +0.172,+0.957
1611019740,+3.39, +3.257, +0.170,+0.957
1611019800,+3.39, +3.278, +0.171,+0.957
1611019860,+3.39, +3.268, +0.171,+0.957
1611019920,+3.39, +3.278, +0.172,+0.957
1611019980,+3.39, +3.257, +0.173,+0.958
1611020040,+3.39, +3.278, +0.171,+0.957
1611020100,+3.39, +3.289, +0.173,+0.958
1611020160,+3.39, +3.289, +0.171,+0.957
1611020220,+3.39, +3.257, +0.171,+0.957
1611020280,+3.39, +3.268, +0.172,+0.958
1611020340,+3.39, +3.278, +0.171,+0.958
1611020400,+3.39, +3.257, +0.172,+0.957
1611020460,+3.39, +3.257, +0.172,+0.958
1611020520,+3.39, +3.268, +0.171,+0.957
1611020580,+3.39, +3.268, +0.171,+0.957
1611020640,+3.39, +3.268, +0.172,+0.958
1611020700,+3.39, +3.278, +0.171,+0.958
1611020760,+3.39, +3.268, +0.172,+0.957
1611020820,+3.39, +3.257, +0.172,+0.958
1611020880,+3.39, +3.289, +0.170,+0.957
1611020940,+3.39, +3.257, +0.173,+0.958
1611021000,+3.39, +3.268, +0.171,+0.957
1611021060,+3.39, +3.278, +0.171,+0.957
1611021120,+3.39, +3.268, +0.170,+0.957
1611021180,+3.39, +3.257, +0.170,+0.957
1611021240,+3.39, +3.268, +0.173,+0.957
1611021300,+3.39, +3.257, +0.173,+0.958
1611021360,+3.39, +3.247, +0.172,+0.958
1611021420,+3.39, +3.268, +0.172,+0.957
1611021480,+3.39, +3.268, +0.170,+0.957
1611021540,+3.39, +3.289, +0.170,+0.957
1611021600,+3.39, +3.257, +0.170,+0.957
1611021660,+3.39, +3.268, +0.172,+0.958
1611021720,+3.39, +3.257, +0.172,+0.957
1611021780,+3.39, +3.268, +0.171,+0.957
1611021840,+3.39, +3.278, +0.170,+0.957
1611021900,+3.39, +3.247, +0.173,+0.958
1611021960,+3.39, +3.257, +0.172,+0.958
1611022020,+3.39, +3.278, +0.170,+0.958
1611022080,+3.39, +3.257, +0.174,+0.958
1611022140,+3.39, +3.257, +0.171,+0.957
1611022200,+3.39, +3.268, +0.172,+0.957
1611022260,+3.39, +3.278, +0.173,+0.958
1611022320,+3.39, +3.268, +0.171,+0.957
1611022380,+3.39, +3.257, +0.171,+0.958
1611022440,+3.39, +3.268, +0.172,+0.958
1611022500,+3.39, +3.278, +0.172,+0.958
1611022560,+3.39, +3.257, +0.173,+0.958
1611022620,+3.39, +3.268, +0.172,+0.958
1611022680,+3.39, +3.268, +0.172,+0.958
1611022740,+3.39, +3.268, +0.171,+0.958
1611022800,+3.39, +3.247, +0.172,+0.957
1611022860,+3.39, +3.236, +0.171,+0.957
1611022920,+3.39, +3.257, +0.171,+0.957
1611022980,+3.39, +3.257, +0.171,+0.957
1611023040,+3.39, +3.268, +0.172,+0.958
1611023100,+3.39, +3.268, +0.171,+0.957
1611023160,+3.39, +3.257, +0.173,+0.958
1611023220,+3.39, +3.278, +0.171,+0.957
1611023280,+3.39, +3.268, +0.170,+0.958
1611023340,+3.39, +3.289, +0.170,+0.957
1611023400,+3.39, +3.278, +0.171,+0.958
1611023460,+3.39, +3.225, +0.173,+0.957
1611023520,+3.39, +3.257, +0.171,+0.957
1611023580,+3.39, +3.247, +0.173,+0.958
1611023640,+3.39, +3.278, +0.172,+0.958
1611023700,+3.39, +3.278, +0.171,+0.957
1611023760,+3.39, +3.247, +0.172,+0.957
1611023820,+3.39, +3.268, +0.172,+0.958
1611023880,+3.39, +3.257, +0.172,+0.957
1611023940,+3.39, +3.257, +0.171,+0.957
1611024000,+3.39, +3.247, +0.169,+0.957
1611024060,+3.39, +3.278, +0.171,+0.958
1611024120,+3.39, +3.278, +0.170,+0.957
1611024180,+3.39, +3.278, +0.172,+0.958
1611024240,+3.39, +3.268, +0.172,+0.958
1611024300,+3.39, +3.247, +0.170,+0.957
1611024360,+3.39, +3.278, +0.172,+0.958
1611024420,+3.39, +3.299, +0.169,+0.957
1611024480,+3.39, +3.257, +0.172,+0.958
1611024540,+3.39, +3.257, +0.172,+0.957
1611024600,+3.39, +3.225, +0.172,+0.957
1611024660,+3.39, +3.247, +0.171,+0.958
1611024720,+3.39, +3.257, +0.171,+0.958
1611024780,+3.39, +3.257, +0.171,+0.957
1611024840,+3.39, +3.268, +0.171,+0.957
1611024900,+3.39, +3.268, +0.171,+0.957
1611024960,+3.39, +3.257, +0.171,+0.957
1611025020,+3.39, +3.278, +0.173,+0.958
1611025080,+3.39, +3.268, +0.172,+0.958
1611025140,+3.39, +3.268, +0.172,+0.957
1611025200,+3.39, +3.247, +0.172,+0.958
1611025260,+3.39, +3.278, +0.171,+0.958
1611025320,+3.39, +3.268, +0.171,+0.958
1611025380,+3.39, +3.257, +0.171,+0.957
1611025440,+3.39, +3.257, +0.173,+0.958
1611025500,+3.39, +3.268, +0.173,+0.958
1611025560,+3.39, +3.257, +0.173,+0.958
1611025620,+3.39, +3.268, +0.171,+0.958
1611025680,+3.39, +3.247, +0.172,+0.958
1611025740,+3.39, +3.268, +0.173,+0.957
1611025800,+3.39, +3.289, +0.171,+0.958
1611025860,+3.39, +3.268, +0.173,+0.958
1611025920,+3.39, +3.289, +0.170,+0.958
1611025980,+3.39, +3.278, +0.171,+0.958
1611026040,+3.39, +3.278, +0.170,+0.957
1611026100,+3.39, +3.247, +0.172,+0.957
1611026160,+3.39, +3.268, +0.171,+0.957
1611026220,+3.39, +3.257, +0.172,+0.957
1611026280,+3.39, +3.257, +0.172,+0.957
1611026340,+3.39, +3.257, +0.172,+0.957
1611026400,+3.39, +3.268, +0.172,+0.958
1611026460,+3.39, +3.278, +0.169,+0.957
1611026520,+3.39, +3.268, +0.171,+0.957
1611026580,+3.39, +3.257, +0.173,+0.958
1611026640,+3.39, +3.299, +0.172,+0.958
1611026700,+3.39, +3.257, +0.172,+0.957
1611026760,+3.39, +3.247, +0.172,+0.958
1611026820,+3.39, +3.278, +0.170,+0.958
1611026880,+3.39, +3.268, +0.172,+0.958
1611026940,+3.39, +3.236, +0.173,+0.957
1611027000,+3.39, +3.268, +0.171,+0.958
1611027060,+3.39, +3.268, +0.173,+0.958
1611027120,+3.39, +3.268, +0.170,+0.957
1611027180,+3.39, +3.257, +0.174,+0.958
1611027240,+3.39, +3.278, +0.171,+0.957
1611027300,+3.39, +3.278, +0.171,+0.958
1611027360,+3.39, +3.257, +0.171,+0.957
1611027420,+3.39, +3.247, +0.172,+0.958
1611027480,+3.39, +3.268, +0.172,+0.958
1611027540,+3.39, +3.268, +0.171,+0.957
1611027600,+3.39, +3.236, +0.171,+0.957
1611027660,+3.39, +3.247, +0.172,+0.958
1611027720,+3.39, +3.278, +0.171,+0.957
1611027780,+3.39, +3.268, +0.171,+0.957
1611027840,+3.39, +3.257, +0.172,+0.958
1611027900,+3.39, +3.257, +0.173,+0.957
1611027960,+3.39, +3.247, +0.171,+0.958
1611028020,+3.39, +3.257, +0.171,+0.957
1611028080,+3.39, +3.236, +0.173,+0.957
1611028140,+3.39, +3.257, +0.172,+0.958
1611028200,+3.39, +3.257, +0.173,+0.958
1611028260,+3.39, +3.268, +0.172,+0.958
1611028320,+3.39, +3.278, +0.172,+0.958
1611028380,+3.39, +3.268, +0.172,+0.958
1611028440,+3.39, +3.278, +0.172,+0.957
1611028500,+3.39, +3.268, +0.172,+0.957
1611028560,+3.39, +3.278, +0.171,+0.958
1611028620,+3.39, +3.268, +0.172,+0.957
1611028680,+3.39, +3.278, +0.171,+0.958
1611028740,+3.39, +3.257, +0.172,+0.957
1611028800,+3.39, +3.257, +0.171,+0.957
1611028860,+3.39, +3.278, +0.172,+0.958
1611028920,+3.39, +3.278, +0.172,+0.958
1611028980,+3.39, +3.257, +0.171,+0.957
1611029040,+3.39, +3.257, +0.171,+0.957
1611029100,+3.39, +3.268, +0.171,+0.958
1611029160,+3.39, +3.278, +0.170,+0.957
1611029220,+3.39, +3.247, +0.170,+0.957
1611029280,+3.39, +3.257, +0.171,+0.957
1611029340,+3.39, +3.268, +0.172,+0.958
1611029400,+3.39, +3.268, +0.171,+0.958
1611029460,+3.39, +3.247, +0.172,+0.958
1611029520,+3.39, +3.257, +0.169,+0.957
1611029580,+3.39, +3.257, +0.172,+0.957
1611029640,+3.39, +3.278, +0.172,+0.958
1611029700,+3.39, +3.247, +0.172,+0.957
1611029760,+3.39, +3.247, +0.174,+0.958
1611029820,+3.39, +3.268, +0.172,+0.958
1611029880,+3.39, +3.278, +0.171,+0.957
1611029940,+3.39, +3.257, +0.170,+0.957
1611030000,+3.39, +3.225, +0.172,+0.957
1611030060,+3.39, +3.268, +0.170,+0.957
1611030120,+3.39, +3.236, +0.171,+0.957
1611030180,+3.39, +3.268, +0.172,+0.958
1611030240,+3.39, +3.268, +0.172,+0.958
1611030300,+3.39, +3.268, +0.170,+0.957
1611030360,+3.39, +3.268, +0.172,+0.958
1611030420,+3.39, +3.257, +0.171,+0.958
1611030480,+3.39, +3.278, +0.171,+0.957
1611030540,+3.39, +3.257, +0.172,+0.958
1611030600,+3.39, +3.278, +0.170,+0.958
1611030660,+3.39, +3.247, +0.173,+0.958
1611030720,+3.39, +3.289, +0.170,+0.957
1611030780,+3.39, +3.236, +0.171,+0.957
1611030840,+3.39, +3.268, +0.172,+0.957
1611030900,+3.39, +3.268, +0.171,+0.957
1611030960,+3.39, +3.278, +0.172,+0.958
1611031020,+3.39, +3.257, +0.172,+0.958
1611031080,+3.39, +3.257, +0.171,+0.957
1611031140,+3.39, +3.268, +0.171,+0.957
1611031200,+3.39, +3.268, +0.170,+0.957
1611031260,+3.39, +3.247, +0.173,+0.958
1611031320,+3.39, +3.268, +0.172,+0.957
1611031380,+3.39, +3.278, +0.171,+0.958
1611031440,+3.39, +3.268, +0.170,+0.957
1611031500,+3.39, +3.247, +0.172,+0.958
1611031560,+3.39, +3.257, +0.172,+0.957
1611031620,+3.39, +3.268, +0.172,+0.957
1611031680,+3.39, +3.278, +0.170,+0.957
1611031740,+3.39, +3.268, +0.173,+0.958
1611031800,+3.39, +3.268, +0.171,+0.957
1611031860,+3.39, +3.268, +0.170,+0.957
1611031920,+3.39, +3.257, +0.172,+0.958
1611031980,+3.39, +3.247, +0.170,+0.957
1611032040,+3.39, +3.257, +0.170,+0.957
1611032100,+3.39, +3.225, +0.172,+0.957
1611032160,+3.39, +3.257, +0.172,+0.958
1611032220,+3.39, +3.268, +0.170,+0.957
1611032280,+3.39, +3.257, +0.172,+0.958
1611032340,+3.39, +3.268, +0.171,+0.957
1611032400,+3.39, +3.257, +0.172,+0.958
1611032460,+3.39, +3.268, +0.172,+0.958
1611032520,+3.39, +3.268, +0.173,+0.958
1611032580,+3.39, +3.278, +0.171,+0.958
1611032640,+3.39, +3.278, +0.170,+0.958
1611032700,+3.39, +3.247, +0.172,+0.958
1611032760,+3.39, +3.236, +0.172,+0.958
1611032820,+3.39, +3.278, +0.171,+0.958
1611032880,+3.39, +3.257, +0.171,+0.958
1611032940,+3.39, +3.268, +0.172,+0.958
1611033000,+3.39, +3.247, +0.173,+0.958
1611033060,+3.39, +3.257, +0.171,+0.958
1611033120,+3.39, +3.257, +0.172,+0.958
1611033180,+3.39, +3.257, +0.172,+0.958
1611033240,+3.39, +3.236, +0.172,+0.958
1611033300,+3.39, +3.236, +0.173,+0.958
1611033360,+3.39, +3.247, +0.171,+0.958
1611033420,+3.39, +3.247, +0.172,+0.958
1611033480,+3.39, +3.247, +0.170,+0.958
1611033540,+3.39, +3.257, +0.172,+0.958
1611033600,+3.39, +3.278, +0.171,+0.958
1611033660,+3.39, +3.257, +0.172,+0.958
1611033720,+3.39, +3.257, +0.171,+0.958
1611033780,+3.39, +3.257, +0.171,+0.958
1611033840,+3.39, +3.257, +0.171,+0.958
1611033900,+3.39, +3.257, +0.171,+0.958
1611033960,+3.39, +3.257, +0.172,+0.958
1611034020,+3.39, +3.278, +0.170,+0.958
1611034080,+3.39, +3.257, +0.172,+0.958
1611034140,+3.39, +3.278, +0.171,+0.958
1611034200,+3.39, +3.236, +0.173,+0.958
1611034260,+3.39, +3.278, +0.171,+0.958
1611034320,+3.39, +3.268, +0.171,+0.958
1611034380,+3.39, +3.257, +0.172,+0.958
1611034440,+3.39, +3.278, +0.171,+0.958
1611034500,+3.39, +3.268, +0.171,+0.958
1611034560,+3.39, +3.225, +0.172,+0.958
1611034620,+3.39, +3.247, +0.172,+0.957
1611034680,+3.39, +3.247, +0.171,+0.958
1611034740,+3.39, +3.257, +0.172,+0.958
1611034800,+3.39, +3.268, +0.169,+0.957
1611034860,+3.39, +3.257, +0.171,+0.958
1611034920,+3.39, +3.225, +0.173,+0.958
1611034980,+3.39, +3.257, +0.171,+0.958
1611035040,+3.39, +3.257, +0.173,+0.958
1611035100,+3.39, +3.247, +0.171,+0.958
1611035160,+3.39, +3.268, +0.172,+0.958
1611035220,+3.39, +3.225, +0.172,+0.958
1611035280,+3.39, +3.247, +0.172,+0.958
1611035340,+3.39, +3.257, +0.171,+0.958
1611035400,+3.39, +3.257, +0.171,+0.958
1611035460,+3.39, +3.257, +0.172,+0.958
1611035520,+3.39, +3.236, +0.172,+0.958
1611035580,+3.39, +3.268, +0.171,+0.958
1611035640,+3.39, +3.257, +0.170,+0.957
1611035700,+3.39, +3.257, +0.169,+0.957
1611035760,+3.39, +3.236, +0.173,+0.958
1611035820,+3.39, +3.278, +0.172,+0.958
1611035880,+3.39, +3.257, +0.172,+0.958
1611035940,+3.39, +3.236, +0.172,+0.958
1611036000,+3.39, +3.257, +0.172,+0.958
1611036060,+3.39, +3.236, +0.172,+0.958
1611036120,+3.39, +3.257, +0.172,+0.958
1611036180,+3.39, +3.257, +0.171,+0.958
1611036240,+3.39, +3.257, +0.172,+0.958
1611036300,+3.39, +3.257, +0.172,+0.958
1611036360,+3.39, +3.247, +0.170,+0.958
1611036420,+3.39, +3.257, +0.171,+0.958
1611036480,+3.39, +3.225, +0.173,+0.958
1611036540,+3.39, +3.225, +0.173,+0.958
1611036600,+3.39, +3.236, +0.173,+0.958
1611036660,+3.39, +3.257, +0.173,+0.958
1611036720,+3.39, +3.247, +0.172,+0.958
1611036780,+3.39, +3.257, +0.171,+0.958
1611036840,+3.39, +3.268, +0.171,+0.958
1611036900,+3.39, +3.247, +0.172,+0.958
1611036960,+3.39, +3.225, +0.170,+0.957
1611037020,+3.39, +3.247, +0.170,+0.957
1611037080,+3.39, +3.247, +0.171,+0.958
1611037140,+3.39, +3.257, +0.173,+0.958
1611037200,+3.39, +3.247, +0.173,+0.958
1611037260,+3.39, +3.257, +0.170,+0.957
1611037320,+3.39, +3.257, +0.173,+0.958
1611037380,+3.39, +3.236, +0.172,+0.958
1611037440,+3.39, +3.257, +0.172,+0.958
1611037500,+3.39, +3.278, +0.172,+0.958
1611037560,+3.39, +3.236, +0.171,+0.958
1611037620,+3.39, +3.268, +0.171,+0.958
1611037680,+3.39, +3.247, +0.173,+0.958
1611037740,+3.39, +3.257, +0.170,+0.958
1611037800,+3.39, +3.236, +0.172,+0.958
1611037860,+3.39, +3.236, +0.172,+0.958
1611037920,+3.39, +3.257, +0.172,+0.958
1611037980,+3.39, +3.257, +0.172,+0.958
1611038040,+3.39, +3.247, +0.170,+0.958
1611038100,+3.39, +3.257, +0.171,+0.957
1611038160,+3.39, +3.247, +0.171,+0.957
1611038220,+3.39, +3.268, +0.172,+0.958
1611038280,+3.39, +3.257, +0.170,+0.958
1611038340,+3.39, +3.236, +0.171,+0.958
1611038400,+3.39, +3.225, +0.172,+0.958
1611038460,+3.39, +3.257, +0.172,+0.958
1611038520,+3.39, +3.257, +0.171,+0.958
1611038580,+3.39, +3.257, +0.172,+0.958
1611038640,+3.39, +3.268, +0.171,+0.958
1611038700,+3.39, +3.257, +0.172,+0.958
1611038760,+3.39, +3.236, +0.172,+0.957
1611038820,+3.39, +3.247, +0.172,+0.958
1611038880,+3.39, +3.236, +0.172,+0.958
1611038940,+3.39, +3.236, +0.174,+0.958
1611039000,+3.39, +3.257, +0.171,+0.958
1611039060,+3.39, +3.236, +0.173,+0.958
1611039120,+3.39, +3.257, +0.170,+0.958
1611039180,+3.39, +3.268, +0.172,+0.958
1611039240,+3.39, +3.257, +0.171,+0.958
1611039300,+3.39, +3.257, +0.172,+0.958
1611039360,+3.39, +3.236, +0.173,+0.958
1611039420,+3.39, +3.236, +0.173,+0.958
1611039480,+3.39, +3.268, +0.172,+0.958
1611039540,+3.39, +3.236, +0.172,+0.958
1611039600,+3.39, +3.236, +0.171,+0.957
1611039660,+3.39, +3.257, +0.172,+0.958
1611039720,+3.39, +3.257, +0.173,+0.958
1611039780,+3.39, +3.247, +0.171,+0.957
1611039840,+3.39, +3.247, +0.170,+0.958
1611039900,+3.39, +3.257, +0.171,+0.958
1611039960,+3.39, +3.247, +0.174,+0.958
1611040020,+3.39, +3.225, +0.172,+0.957
1611040080,+3.39, +3.268, +0.172,+0.958
1611040140,+3.39, +3.247, +0.172,+0.958
1611040200,+3.39, +3.247, +0.173,+0.958
1611040260,+3.39, +3.247, +0.170,+0.958
1611040320,+3.39, +3.257, +0.171,+0.958
1611040380,+3.39, +3.268, +0.172,+0.958
1611040440,+3.39, +3.257, +0.171,+0.958
1611040500,+3.39, +3.247, +0.172,+0.958
1611040560,+3.39, +3.247, +0.172,+0.958
1611040620,+3.39, +3.236, +0.171,+0.957
1611040680,+3.39, +3.268, +0.170,+0.957
1611040740,+3.39, +3.236, +0.172,+0.958
1611040800,+3.39, +3.247, +0.172,+0.958
1611040860,+3.39, +3.257, +0.171,+0.958
1611040920,+3.39, +3.236, +0.171,+0.957
1611040980,+3.39, +3.257, +0.173,+0.958
1611041040,+3.39, +3.236, +0.170,+0.957
1611041100,+3.39, +3.257, +0.171,+0.958
1611041160,+3.39, +3.247, +0.170,+0.958
1611041220,+3.39, +3.247, +0.172,+0.958
1611041280,+3.39, +3.257, +0.172,+0.958
1611041340,+3.39, +3.257, +0.171,+0.958
1611041400,+3.39, +3.236, +0.171,+0.958
1611041460,+3.39, +3.268, +0.170,+0.958
1611041520,+3.39, +3.247, +0.172,+0.958
1611041580,+3.39, +3.236, +0.170,+0.958
1611041640,+3.39, +3.257, +0.171,+0.957
1611041700,+3.39, +3.257, +0.172,+0.958
1611041760,+3.39, +3.247, +0.171,+0.958
1611041820,+3.39, +3.247, +0.172,+0.958
1611041880,+3.39, +3.299, +0.172,+0.958
1611041940,+3.39, +3.247, +0.173,+0.958
1611042000,+3.39, +3.247, +0.172,+0.958
1611042060,+3.39, +3.173, +0.173,+0.957
1611042120,+3.39, +3.247, +0.174,+0.958
1611042180,+3.39, +3.257, +0.171,+0.958
1611042240,+3.39, +3.257, +0.172,+0.958
1611042300,+3.39, +3.257, +0.171,+0.958
1611042360,+3.39, +3.247, +0.172,+0.957
1611042420,+3.39, +3.257, +0.172,+0.958
1611042480,+3.39, +3.215, +0.171,+0.957
1611042540,+3.39, +3.194, +0.172,+0.957
1611042600,+3.39, +3.257, +0.170,+0.958
1611042660,+3.39, +3.247, +0.170,+0.957
1611042720,+3.39, +3.236, +0.171,+0.957
1611042780,+3.39, +3.257, +0.170,+0.957
1611042840,+3.39, +3.257, +0.170,+0.957
1611042900,+3.39, +3.257, +0.173,+0.958
1611042960,+3.39, +3.257, +0.171,+0.957
1611043020,+3.39, +3.257, +0.171,+0.958
1611043080,+3.39, +3.236, +0.173,+0.957
1611043140,+3.39, +3.257, +0.171,+0.958
1611043200,+3.39, +3.247, +0.173,+0.958
1611043260,+3.39, +3.225, +0.172,+0.958
1611043320,+3.39, +3.257, +0.171,+0.958
1611043380,+3.39, +3.236, +0.171,+0.958
1611043440,+3.39, +3.278, +0.170,+0.957
1611043500,+3.39, +3.236, +0.174,+0.958
1611043560,+3.39, +3.257, +0.171,+0.958
1611043620,+3.39, +3.268, +0.172,+0.958
1611043680,+3.39, +3.236, +0.172,+0.958
1611043740,+3.39, +3.236, +0.172,+0.958
1611043800,+3.39, +3.257, +0.171,+0.958
1611043860,+3.39, +3.268, +0.172,+0.958
1611043920,+3.39, +3.247, +0.171,+0.958
1611043980,+3.39, +3.247, +0.173,+0.958
1611044040,+3.39, +3.257, +0.172,+0.958
1611044100,+3.39, +3.236, +0.172,+0.958
1611044160,+3.39, +3.247, +0.171,+0.958
1611044220,+3.39, +3.257, +0.171,+0.958
1611044280,+3.39, +3.257, +0.172,+0.958
1611044340,+3.39, +3.268, +0.171,+0.958
1611044400,+3.39, +3.268, +0.172,+0.958
1611044460,+3.39, +3.236, +0.171,+0.957
1611044520,+3.39, +3.247, +0.170,+0.957
1611044580,+3.39, +3.247, +0.173,+0.958
1611044640,+3.39, +3.257, +0.171,+0.958
1611044700,+3.39, +3.247, +0.173,+0.958
1611044760,+3.39, +3.268, +0.173,+0.958
1611044820,+3.39, +3.268, +0.171,+0.958
1611044880,+3.39, +3.257, +0.173,+0.958
1611044940,+3.39, +3.257, +0.171,+0.958
1611045000,+3.39, +3.257, +0.171,+0.958
1611045060,+3.39, +3.247, +0.171,+0.958
1611045120,+3.39, +3.268, +0.171,+0.958
1611045180,+3.39, +3.236, +0.172,+0.958
1611045240,+3.39, +3.247, +0.172,+0.958
1611045300,+3.39, +3.257, +0.172,+0.958
1611045360,+3.39, +3.247, +0.172,+0.958
1611045420,+3.39, +3.236, +0.170,+0.957
1611045480,+3.39, +3.257, +0.172,+0.958
1611045540,+3.39, +3.257, +0.171,+0.957
1611045600,+3.39, +3.257, +0.170,+0.958
1611045660,+3.39, +3.257, +0.171,+0.958
1611045720,+3.39, +3.215, +0.172,+0.957
1611045780,+3.39, +3.225, +0.173,+0.958
1611045840,+3.39, +3.225, +0.172,+0.958
1611045900,+3.39, +3.247, +0.171,+0.958
1611045960,+3.39, +3.257, +0.171,+0.958
1611046020,+3.39, +3.257, +0.172,+0.958
1611046080,+3.39, +3.257, +0.174,+0.958
1611046140,+3.39, +3.257, +0.171,+0.958
1611046200,+3.39, +3.257, +0.170,+0.958
1611046260,+3.39, +3.257, +0.172,+0.958
1611046320,+3.39, +3.257, +0.172,+0.958
1611046380,+3.39, +3.225, +0.171,+0.958
1611046440,+3.39, +3.268, +0.172,+0.958
1611046500,+3.39, +3.257, +0.171,+0.957
1611046560,+3.39, +3.257, +0.172,+0.958
1611046620,+3.39, +3.299, +0.171,+0.958
1611046680,+3.39, +3.257, +0.173,+0.958
1611046740,+3.39, +3.247, +0.171,+0.957
1611046800,+3.39, +3.247, +0.172,+0.958
1611046860,+3.39, +3.236, +0.172,+0.957
1611046920,+3.39, +3.268, +0.171,+0.958
1611046980,+3.39, +3.247, +0.173,+0.958
1611047040,+3.39, +3.257, +0.172,+0.958
1611047100,+3.39, +3.247, +0.171,+0.958
1611047160,+3.39, +3.278, +0.171,+0.958
1611047220,+3.39, +3.247, +0.172,+0.957
1611047280,+3.39, +3.225, +0.172,+0.958
1611047340,+3.39, +3.236, +0.172,+0.957
1611047400,+3.39, +3.225, +0.174,+0.958
1611047460,+3.39, +3.236, +0.171,+0.957
1611047520,+3.39, +3.257, +0.171,+0.958
1611047580,+3.39, +3.257, +0.169,+0.957
1611047640,+3.39, +3.257, +0.172,+0.958
1611047700,+3.39, +3.257, +0.171,+0.958
1611047760,+3.39, +3.278, +0.172,+0.958
1611047820,+3.39, +3.257, +0.172,+0.958
1611047880,+3.39, +3.236, +0.171,+0.958
1611047940,+3.39, +3.247, +0.170,+0.958
1611048000,+3.39, +3.278, +0.172,+0.958
1611048060,+3.39, +3.247, +0.173,+0.958
1611048120,+3.39, +3.247, +0.171,+0.957
1611048180,+3.39, +3.247, +0.171,+0.958
1611048240,+3.39, +3.257, +0.172,+0.958
1611048300,+3.39, +3.257, +0.171,+0.958
1611048360,+3.39, +3.268, +0.173,+0.958
1611048420,+3.39, +3.247, +0.172,+0.958
1611048480,+3.39, +3.257, +0.172,+0.958
1611048540,+3.39, +3.225, +0.171,+0.958
1611048600,+3.39, +3.247, +0.171,+0.958
1611048660,+3.39, +3.247, +0.170,+0.957
1611048720,+3.39, +3.225, +0.173,+0.958
1611048780,+3.39, +3.215, +0.171,+0.958
1611048840,+3.39, +3.247, +0.172,+0.958
1611048900,+3.39, +3.247, +0.171,+0.958
1611048960,+3.39, +3.236, +0.171,+0.958
1611049020,+3.39, +3.268, +0.171,+0.958
1611049080,+3.39, +3.278, +0.171,+0.958
1611049140,+3.39, +3.236, +0.174,+0.958
1611049200,+3.39, +3.257, +0.172,+0.958
1611049260,+3.39, +3.257, +0.171,+0.958
1611049320,+3.39, +3.257, +0.172,+0.958
1611049380,+3.39, +3.247, +0.172,+0.958
1611049440,+3.39, +3.215, +0.172,+0.957
1611049500,+3.39, +3.257, +0.171,+0.958
1611049560,+3.39, +3.247, +0.171,+0.958
1611049620,+3.39, +3.257, +0.171,+0.957
1611049680,+3.39, +3.257, +0.172,+0.958
1611049740,+3.39, +3.268, +0.170,+0.958
1611049800,+3.39, +3.236, +0.172,+0.958
1611049860,+3.39, +3.236, +0.172,+0.958
1611049920,+3.39, +3.257, +0.171,+0.957
1611049980,+3.39, +3.247, +0.170,+0.958
1611050040,+3.39, +3.257, +0.170,+0.958
1611050100,+3.39, +3.236, +0.173,+0.958
1611050160,+3.39, +3.278, +0.173,+0.958
1611050220,+3.39, +3.257, +0.172,+0.958
1611050280,+3.39, +3.247, +0.173,+0.958
1611050340,+3.39, +3.247, +0.170,+0.957
1611050400,+3.39, +3.247, +0.170,+0.958
1611050460,+3.39, +3.268, +0.170,+0.957
1611050520,+3.39, +3.278, +0.172,+0.958
1611050580,+3.39, +3.268, +0.169,+0.957
1611050640,+3.39, +3.247, +0.171,+0.958
1611050700,+3.39, +3.268, +0.172,+0.958
1611050760,+3.39, +3.247, +0.171,+0.958
1611050820,+3.39, +3.236, +0.172,+0.958
1611050880,+3.39, +3.278, +0.171,+0.958
1611050940,+3.39, +3.194, +0.173,+0.957
1611051000,+3.39, +3.236, +0.172,+0.958
1611051060,+3.39, +3.247, +0.171,+0.958
1611051120,+3.39, +3.247, +0.171,+0.958
1611051180,+3.39, +3.257, +0.170,+0.958
1611051240,+3.39, +3.278, +0.171,+0.958
1611051300,+3.39, +3.289, +0.170,+0.958
1611051360,+3.39, +3.268, +0.170,+0.958
1611051420,+3.39, +3.268, +0.173,+0.958
1611051480,+3.39, +3.247, +0.171,+0.957
1611051540,+3.39, +3.247, +0.172,+0.958
1611051600,+3.39, +3.257, +0.173,+0.958
1611051660,+3.39, +3.257, +0.171,+0.958
1611051720,+3.39, +3.247, +0.173,+0.958
1611051780,+3.39, +3.257, +0.171,+0.958
1611051840,+3.39, +3.247, +0.173,+0.958
1611051900,+3.39, +3.257, +0.171,+0.958
1611051960,+3.39, +3.257, +0.171,+0.958
1611052020,+3.39, +3.289, +0.170,+0.958
1611052080,+3.39, +3.289, +0.172,+0.958
1611052140,+3.39, +3.247, +0.172,+0.958
1611052200,+3.39, +3.257, +0.170,+0.957
1611052260,+3.39, +3.257, +0.172,+0.958
1611052320,+3.39, +3.247, +0.171,+0.958
1611052380,+3.39, +3.268, +0.170,+0.958
1611052440,+3.39, +3.247, +0.172,+0.957
1611052500,+3.39, +3.278, +0.171,+0.958
1611052560,+3.39, +3.268, +0.170,+0.958
1611052620,+3.39, +3.278, +0.173,+0.958
1611052680,+3.39, +3.268, +0.172,+0.958
1611052740,+3.39, +3.257, +0.171,+0.958
1611052800,+3.39, +3.247, +0.172,+0.958
1611052860,+3.39, +3.257, +0.172,+0.958
1611052920,+3.39, +3.257, +0.171,+0.958
1611052980,+3.39, +3.257, +0.171,+0.958
1611053040,+3.39, +3.257, +0.173,+0.958
1611053100,+3.39, +3.257, +0.170,+0.958
1611053160,+3.39, +3.247, +0.173,+0.958
1611053220,+3.39, +3.247, +0.173,+0.958
1611053280,+3.39, +3.257, +0.171,+0.957
1611053340,+3.39, +3.268, +0.171,+0.958
1611053400,+3.39, +3.257, +0.172,+0.958
1611053460,+3.39, +3.268, +0.172,+0.958
1611053520,+3.39, +3.247, +0.171,+0.958
1611053580,+3.39, +3.247, +0.172,+0.958
1611053640,+3.39, +3.278, +0.170,+0.957
1611053700,+3.39, +3.278, +0.171,+0.958
1611053760,+3.39, +3.257, +0.171,+0.957
1611053820,+3.39, +3.257, +0.171,+0.958
1611053880,+3.39, +3.257, +0.172,+0.958
1611053940,+3.39, +3.268, +0.172,+0.958
1611054000,+3.39, +3.247, +0.171,+0.956
1611054060,+3.39, +3.268, +0.173,+0.958
1611054120,+3.39, +3.257, +0.174,+0.958
1611054180,+3.39, +3.299, +0.171,+0.957
1611054240,+3.39, +3.268, +0.171,+0.958
1611054300,+3.39, +3.257, +0.173,+0.957
1611054360,+3.39, +3.268, +0.172,+0.958
1611054420,+3.39, +3.268, +0.171,+0.957
1611054480,+3.39, +3.257, +0.173,+0.958
1611054540,+3.39, +3.247, +0.173,+0.958
1611054600,+3.39, +3.257, +0.171,+0.957
1611054660,+3.39, +3.257, +0.171,+0.957
1611054720,+3.39, +3.257, +0.171,+0.957
1611054780,+3.39, +3.247, +0.171,+0.957
1611054840,+3.39, +3.257, +0.172,+0.957
1611054900,+3.39, +3.257, +0.172,+0.958
1611054960,+3.39, +3.257, +0.173,+0.958
1611055020,+3.39, +3.183, +0.174,+0.957
1611055080,+3.39, +3.257, +0.170,+0.957
1611055140,+3.39, +3.257, +0.171,+0.957
1611055200,+3.39, +3.289, +0.171,+0.957
1611055260,+3.39, +3.257, +0.171,+0.957
1611055320,+3.39, +3.257, +0.171,+0.958
1611055380,+3.39, +3.257, +0.171,+0.957
1611055440,+3.39, +3.268, +0.171,+0.957
1611055500,+3.39, +3.257, +0.172,+0.958
1611055560,+3.39, +3.225, +0.171,+0.957
1611055620,+3.39, +3.247, +0.171,+0.957
1611055680,+3.39, +3.278, +0.170,+0.957
1611055740,+3.39, +3.236, +0.173,+0.957
1611055800,+3.39, +3.257, +0.171,+0.957
1611055860,+3.39, +3.257, +0.172,+0.957
1611055920,+3.39, +3.268, +0.172,+0.957
1611055980,+3.39, +3.257, +0.170,+0.957
1611056040,+3.39, +3.268, +0.171,+0.958
1611056100,+3.39, +3.247, +0.170,+0.957
1611056160,+3.39, +3.257, +0.171,+0.957
1611056220,+3.39, +3.247, +0.172,+0.957
1611056280,+3.39, +3.257, +0.171,+0.957
1611056340,+3.39, +3.268, +0.171,+0.957
1611056400,+3.39, +3.236, +0.172,+0.957
1611056460,+3.39, +3.268, +0.170,+0.957
1611056520,+3.39, +3.247, +0.172,+0.957
1611056580,+3.39, +3.278, +0.173,+0.957
1611056640,+3.39, +3.257, +0.171,+0.958
1611056700,+3.39, +3.247, +0.172,+0.957
1611056760,+3.39, +3.257, +0.171,+0.957
1611056820,+3.39, +3.257, +0.172,+0.957
1611056880,+3.39, +3.247, +0.172,+0.958
1611056940,+3.39, +3.247, +0.171,+0.957
1611057000,+3.39, +3.268, +0.173,+0.958
1611057060,+3.39, +3.236, +0.172,+0.957
1611057120,+3.39, +3.236, +0.171,+0.957
1611057180,+3.39, +3.257, +0.172,+0.958
1611057240,+3.39, +3.257, +0.174,+0.958
1611057300,+3.39, +3.215, +0.172,+0.957
1611057360,+3.39, +3.236, +0.172,+0.958
1611057420,+3.39, +3.278, +0.170,+0.957
1611057480,+3.39, +3.236, +0.172,+0.957
1611057540,+3.39, +3.215, +0.171,+0.957
1611057600,+3.39, +3.257, +0.171,+0.957
1611057660,+3.39, +3.268, +0.172,+0.958
1611057720,+3.39, +3.247, +0.172,+0.957
1611057780,+3.39, +3.247, +0.172,+0.957
1611057840,+3.39, +3.247, +0.172,+0.957
1611057900,+3.39, +3.225, +0.173,+0.957
1611057960,+3.39, +3.236, +0.171,+0.957
1611058020,+3.39, +3.247, +0.173,+0.957
1611058080,+3.39, +3.247, +0.171,+0.957
1611058140,+3.39, +3.247, +0.171,+0.957
1611058200,+3.39, +3.215, +0.173,+0.957
1611058260,+3.39, +3.247, +0.173,+0.958
1611058320,+3.39, +3.247, +0.172,+0.957
1611058380,+3.39, +3.225, +0.172,+0.957
1611058440,+3.39, +3.236, +0.171,+0.957
1611058500,+3.39, +3.247, +0.171,+0.957
1611058560,+3.39, +3.257, +0.170,+0.957
1611058620,+3.39, +3.247, +0.171,+0.957
1611058680,+3.39, +3.247, +0.171,+0.957
1611058740,+3.39, +3.257, +0.171,+0.957
1611058800,+3.39, +3.247, +0.171,+0.958
1611058860,+3.39, +3.236, +0.171,+0.957
1611058920,+3.39, +3.247, +0.171,+0.957
1611058980,+3.39, +3.247, +0.172,+0.957
1611059040,+3.39, +3.236, +0.170,+0.957
1611059100,+3.39, +3.257, +0.171,+0.958
1611059160,+3.39, +3.268, +0.171,+0.957
1611059220,+3.39, +3.257, +0.171,+0.958
1611059280,+3.39, +3.268, +0.173,+0.958
1611059340,+3.39, +3.257, +0.171,+0.957
1611059400,+3.39, +3.247, +0.172,+0.958
1611059460,+3.39, +3.278, +0.172,+0.958
1611059520,+3.39, +3.257, +0.173,+0.958
1611059580,+3.39, +3.268, +0.171,+0.957
1611059640,+3.39, +3.236, +0.173,+0.958
1611059700,+3.39, +3.268, +0.171,+0.957
1611059760,+3.39, +3.215, +0.173,+0.957
1611059820,+3.39, +3.225, +0.172,+0.957
1611059880,+3.39, +3.225, +0.173,+0.957
1611059940,+3.39, +3.257, +0.172,+0.958
1611060000,+3.39, +3.247, +0.174,+0.958
1611060060,+3.39, +3.247, +0.173,+0.958
1611060120,+3.39, +3.257, +0.173,+0.958
1611060180,+3.39, +3.257, +0.172,+0.957
1611060240,+3.39, +3.257, +0.171,+0.957
1611060300,+3.39, +3.236, +0.172,+0.957
1611060360,+3.39, +3.247, +0.171,+0.957
1611060420,+3.39, +3.236, +0.172,+0.957
1611060480,+3.39, +3.268, +0.170,+0.957
1611060540,+3.39, +3.278, +0.171,+0.958
1611060600,+3.39, +3.247, +0.171,+0.957
1611060660,+3.39, +3.257, +0.172,+0.957
1611060720,+3.39, +3.257, +0.170,+0.957
1611060780,+3.39, +3.236, +0.172,+0.957
1611060840,+3.39, +3.247, +0.170,+0.957
1611060900,+3.39, +3.257, +0.170,+0.957
1611060960,+3.39, +3.236, +0.173,+0.957
1611061020,+3.39, +3.257, +0.173,+0.958
1611061080,+3.39, +3.247, +0.171,+0.957
1611061140,+3.39, +3.257, +0.172,+0.957
1611061200,+3.39, +3.247, +0.172,+0.957
1611061260,+3.39, +3.268, +0.171,+0.957
1611061320,+3.39, +3.268, +0.171,+0.957
1611061380,+3.39, +3.268, +0.171,+0.957
1611061440,+3.39, +3.225, +0.171,+0.957
1611061500,+3.39, +3.257, +0.171,+0.957
1611061560,+3.39, +3.257, +0.172,+0.958
1611061620,+3.39, +3.268, +0.171,+0.958
1611061680,+3.39, +3.247, +0.173,+0.957
1611061740,+3.39, +3.299, +0.170,+0.958
1611061800,+3.39, +3.247, +0.173,+0.958
1611061860,+3.39, +3.257, +0.171,+0.957
1611061920,+3.39, +3.247, +0.173,+0.958
1611061980,+3.39, +3.278, +0.171,+0.958
1611062040,+3.39, +3.257, +0.170,+0.957
1611062100,+3.39, +3.257, +0.171,+0.957
1611062160,+3.39, +3.247, +0.171,+0.957
1611062220,+3.39, +3.257, +0.171,+0.957
1611062280,+3.39, +3.247, +0.172,+0.957
1611062340,+3.39, +3.257, +0.173,+0.958
1611062400,+3.39, +3.247, +0.171,+0.957
1611062460,+3.39, +3.278, +0.172,+0.957
1611062520,+3.39, +3.236, +0.173,+0.958
1611062580,+3.39, +3.225, +0.172,+0.957
1611062640,+3.39, +3.247, +0.172,+0.957
1611062700,+3.39, +3.257, +0.171,+0.957
1611062760,+3.39, +3.257, +0.173,+0.958
1611062820,+3.39, +3.236, +0.170,+0.957
1611062880,+3.39, +3.278, +0.173,+0.958
1611062940,+3.39, +3.257, +0.172,+0.957
1611063000,+3.39, +3.268, +0.171,+0.957
1611063060,+3.39, +3.247, +0.171,+0.957
1611063120,+3.39, +3.268, +0.172,+0.957
1611063180,+3.39, +3.247, +0.171,+0.957
1611063240,+3.39, +3.215, +0.172,+0.957
1611063300,+3.39, +3.257, +0.172,+0.958
1611063360,+3.39, +3.257, +0.169,+0.957
1611063420,+3.39, +3.257, +0.172,+0.957
1611063480,+3.39, +3.257, +0.172,+0.957
1611063540,+3.39, +3.247, +0.172,+0.957
1611063600,+3.39, +3.247, +0.171,+0.957
1611063660,+3.39, +3.247, +0.172,+0.957
1611063720,+3.39, +3.268, +0.170,+0.957
1611063780,+3.39, +3.278, +0.171,+0.958
1611063840,+3.39, +3.268, +0.171,+0.957
1611063900,+3.39, +3.247, +0.170,+0.957
1611063960,+3.39, +3.236, +0.173,+0.957
1611064020,+3.39, +3.247, +0.171,+0.958
1611064080,+3.39, +3.268, +0.173,+0.958
1611064140,+3.39, +3.268, +0.171,+0.957
1611064200,+3.39, +3.268, +0.172,+0.958
1611064260,+3.39, +3.247, +0.171,+0.957
1611064320,+3.39, +3.247, +0.172,+0.957
1611064380,+3.39, +3.257, +0.171,+0.957
1611064440,+3.39, +3.236, +0.172,+0.957
1611064500,+3.39, +3.236, +0.170,+0.957
1611064560,+3.39, +3.257, +0.171,+0.957
1611064620,+3.39, +3.257, +0.173,+0.958
1611064680,+3.39, +3.236, +0.170,+0.957
1611064740,+3.39, +3.268, +0.172,+0.957
1611064800,+3.39, +3.257, +0.172,+0.958
1611064860,+3.39, +3.247, +0.172,+0.957
1611064920,+3.39, +3.225, +0.171,+0.957
1611064980,+3.39, +3.268, +0.172,+0.958
1611065040,+3.39, +3.236, +0.173,+0.958
1611065100,+3.39, +3.268, +0.171,+0.957
1611065160,+3.39, +3.257, +0.171,+0.957
1611065220,+3.39, +3.268, +0.171,+0.957
1611065280,+3.39, +3.247, +0.171,+0.957
1611065340,+3.39, +3.268, +0.172,+0.957
1611065400,+3.39, +3.257, +0.172,+0.958
1611065460,+3.39, +3.268, +0.172,+0.957
1611065520,+3.39, +3.268, +0.172,+0.958
1611065580,+3.39, +3.247, +0.171,+0.958
1611065640,+3.39, +3.257, +0.171,+0.957
1611065700,+3.39, +3.257, +0.171,+0.957
1611065760,+3.39, +3.278, +0.171,+0.957
1611065820,+3.39, +3.278, +0.172,+0.957
1611065880,+3.39, +3.268, +0.170,+0.957
1611065940,+3.39, +3.289, +0.172,+0.958
1611066000,+3.39, +3.268, +0.171,+0.957
1611066060,+3.39, +3.278, +0.172,+0.957
1611066120,+3.39, +3.257, +0.172,+0.957
1611066180,+3.39, +3.247, +0.172,+0.957
1611066240,+3.39, +3.278, +0.172,+0.957
1611066300,+3.39, +3.247, +0.173,+0.957
1611066360,+3.39, +3.268, +0.172,+0.957
1611066420,+3.39, +3.268, +0.173,+0.958
1611066480,+3.39, +3.247, +0.173,+0.957
1611066540,+3.39, +3.278, +0.171,+0.957
1611066600,+3.39, +3.268, +0.171,+0.957
1611066660,+3.39, +3.268, +0.171,+0.957
1611066720,+3.39, +3.268, +0.171,+0.957
1611066780,+3.39, +3.247, +0.171,+0.957
1611066840,+3.39, +3.268, +0.172,+0.958
1611066900,+3.39, +3.257, +0.171,+0.957
1611066960,+3.39, +3.278, +0.170,+0.957
1611067020,+3.39, +3.257, +0.173,+0.958
1611067080,+3.39, +3.257, +0.170,+0.957
1611067140,+3.39, +3.215, +0.172,+0.957
1611067200,+3.39, +3.268, +0.172,+0.958
1611067260,+3.39, +3.268, +0.171,+0.957
1611067320,+3.39, +3.257, +0.170,+0.957
1611067380,+3.39, +3.278, +0.171,+0.957
1611067440,+3.39, +3.278, +0.170,+0.957
1611067500,+3.39, +3.257, +0.170,+0.957
1611067560,+3.39, +3.247, +0.172,+0.957
1611067620,+3.39, +3.268, +0.171,+0.957
1611067680,+3.39, +3.278, +0.170,+0.957
1611067740,+3.39, +3.268, +0.173,+0.957
1611067800,+3.39, +3.278, +0.172,+0.957
1611067860,+3.39, +3.268, +0.172,+0.958
1611067920,+3.39, +3.257, +0.172,+0.958
1611067980,+3.39, +3.268, +0.171,+0.957
1611068040,+3.39, +3.268, +0.172,+0.958
1611068100,+3.39, +3.268, +0.171,+0.957
1611068160,+3.39, +3.268, +0.171,+0.957
1611068220,+3.39, +3.268, +0.172,+0.957
1611068280,+3.39, +3.268, +0.171,+0.957
1611068340,+3.39, +3.278, +0.174,+0.958
1611068400,+3.39, +3.278, +0.169,+0.957
1611068460,+3.39, +3.225, +0.173,+0.957
1611068520,+3.39, +3.247, +0.172,+0.957
1611068580,+3.39, +3.278, +0.171,+0.957
1611068640,+3.39, +3.278, +0.172,+0.958
1611068700,+3.39, +3.289, +0.170,+0.957
1611068760,+3.39, +3.278, +0.172,+0.957
1611068820,+3.39, +3.289, +0.171,+0.957
1611068880,+3.39, +3.236, +0.171,+0.957
1611068940,+3.39, +3.247, +0.172,+0.957
1611069000,+3.39, +3.268, +0.171,+0.957
1611069060,+3.39, +3.299, +0.174,+0.958
1611069120,+3.39, +3.257, +0.173,+0.957
1611069180,+3.39, +3.247, +0.173,+0.957
1611069240,+3.39, +3.257, +0.171,+0.957
1611069300,+3.39, +3.257, +0.171,+0.957
1611069360,+3.39, +3.247, +0.173,+0.957
1611069420,+3.39, +3.257, +0.170,+0.957
1611069480,+3.39, +3.278, +0.170,+0.957
1611069540,+3.39, +3.268, +0.172,+0.958
1611069600,+3.39, +3.257, +0.171,+0.957
1611069660,+3.39, +3.268, +0.171,+0.957
1611069720,+3.39, +3.247, +0.172,+0.957
1611069780,+3.39, +3.257, +0.172,+0.957
1611069840,+3.39, +3.278, +0.172,+0.958
1611069900,+3.39, +3.289, +0.169,+0.957
1611069960,+3.39, +3.257, +0.171,+0.957
1611070020,+3.39, +3.268, +0.172,+0.958
1611070080,+3.39, +3.236, +0.171,+0.957
1611070140,+3.39, +3.268, +0.172,+0.957
1611070200,+3.39, +3.268, +0.172,+0.958
1611070260,+3.39, +3.236, +0.171,+0.957
1611070320,+3.39, +3.257, +0.173,+0.958
1611070380,+3.39, +3.257, +0.171,+0.957
1611070440,+3.39, +3.331, +0.172,+0.958
1611070500,+3.39, +3.268, +0.171,+0.957
1611070560,+3.39, +3.236, +0.172,+0.957
1611070620,+3.39, +3.247, +0.171,+0.957
1611070680,+3.39, +3.257, +0.172,+0.957
1611070740,+3.39, +3.268, +0.172,+0.958
1611070800,+3.39, +3.247, +0.173,+0.957
1611070860,+3.39, +3.257, +0.171,+0.957
1611070920,+3.39, +3.268, +0.172,+0.958
1611070980,+3.39, +3.257, +0.171,+0.957
1611071040,+3.39, +3.257, +0.173,+0.958
1611071100,+3.39, +3.268, +0.172,+0.957
1611071160,+3.39, +3.257, +0.171,+0.957
1611071220,+3.39, +3.257, +0.173,+0.958
1611071280,+3.39, +3.268, +0.171,+0.958
1611071340,+3.39, +3.236, +0.172,+0.957
1611071400,+3.39, +3.247, +0.172,+0.957
1611071460,+3.39, +3.257, +0.172,+0.957
1611071520,+3.39, +3.310, +0.172,+0.958
1611071580,+3.39, +3.247, +0.172,+0.957
1611071640,+3.39, +3.257, +0.172,+0.957
1611071700,+3.39, +3.268, +0.170,+0.957
1611071760,+3.39, +3.257, +0.172,+0.957
1611071820,+3.39, +3.289, +0.172,+0.958
1611071880,+3.39, +3.247, +0.171,+0.957
1611071940,+3.39, +3.257, +0.171,+0.957
1611072000,+3.39, +3.247, +0.172,+0.958
1611072060,+3.39, +3.257, +0.173,+0.958
1611072120,+3.39, +3.257, +0.170,+0.957
1611072180,+3.39, +3.247, +0.172,+0.957
1611072240,+3.39, +3.257, +0.171,+0.957
1611072300,+3.39, +3.257, +0.173,+0.957
1611072360,+3.39, +3.225, +0.172,+0.957
1611072420,+3.39, +3.268, +0.171,+0.957
1611072480,+3.39, +3.268, +0.170,+0.957
1611072540,+3.39, +3.257, +0.173,+0.957
1611072600,+3.39, +3.257, +0.173,+0.957
1611072660,+3.39, +3.268, +0.171,+0.957
1611072720,+3.39, +3.236, +0.172,+0.957
1611072780,+3.39, +3.268, +0.171,+0.958
1611072840,+3.39, +3.257, +0.172,+0.957
1611072900,+3.39, +3.247, +0.173,+0.957
1611072960,+3.39, +3.257, +0.171,+0.957
1611073020,+3.39, +3.247, +0.172,+0.957
1611073080,+3.39, +3.257, +0.173,+0.957
1611073140,+3.39, +3.268, +0.172,+0.958
1611073200,+3.39, +3.299, +0.171,+0.957
1611073260,+3.39, +3.268, +0.171,+0.957
1611073320,+3.39, +3.268, +0.171,+0.957
1611073380,+3.39, +3.278, +0.172,+0.958
1611073440,+3.39, +3.257, +0.170,+0.957
1611073500,+3.39, +3.257, +0.172,+0.957
1611073560,+3.39, +3.268, +0.171,+0.957
1611073620,+3.39, +3.289, +0.172,+0.958
1611073680,+3.39, +3.278, +0.173,+0.957
1611073740,+3.39, +3.278, +0.171,+0.957
1611073800,+3.39, +3.247, +0.172,+0.957
1611073860,+3.39, +3.268, +0.170,+0.957
1611073920,+3.39, +3.257, +0.172,+0.957
1611073980,+3.39, +3.247, +0.173,+0.958
1611074040,+3.39, +3.257, +0.171,+0.957
1611074100,+3.39, +3.268, +0.171,+0.957
1611074160,+3.39, +3.268, +0.171,+0.957
1611074220,+3.39, +3.257, +0.170,+0.957
1611074280,+3.39, +3.247, +0.170,+0.957
1611074340,+3.39, +3.257, +0.171,+0.957
1611074400,+3.39, +3.257, +0.172,+0.957
