7392-570653
OS REV: 1.11 Sensor Cal: 1428445788
Time (sec),  BV (Volts),  T (deg C),  DO (mg/l),  Q ()
1609519260,+3.39, +3.583, +0.168,+0.957
1609519320,+3.39, +3.573, +0.168,+0.957
1609519380,+3.39, +3.604, +0.168,+0.956
1609519440,+3.39, +3.604, +0.168,+0.957
1609519500,+3.39, +3.594, +0.169,+0.957
1609519560,+3.39, +3.594, +0.167,+0.957
1609519620,+3.39, +3.520, +0.170,+0.956
1609519680,+3.39, +3.583, +0.169,+0.957
1609519740,+3.39, +3.594, +0.169,+0.957
1609519800,+3.39, +3.594, +0.168,+0.957
1609519860,+3.39, +3.594, +0.169,+0.957
1609519920,+3.39, +3.594, +0.169,+0.957
1609519980,+3.39, +3.625, +0.167,+0.957
1609520040,+3.39, +3.594, +0.169,+0.957
1609520100,+3.39, +3.594, +0.170,+0.957
1609520160,+3.39, +3.604, +0.168,+0.957
1609520220,+3.39, +3.614, +0.168,+0.957
1609520280,+3.39, +3.604, +0.167,+0.956
1609520340,+3.39, +3.583, +0.168,+0.957
1609520400,+3.39, +3.573, +0.169,+0.957
1609520460,+3.39, +3.594, +0.169,+0.957
1609520520,+3.39, +3.625, +0.168,+0.957
1609520580,+3.39, +3.604, +0.169,+0.957
1609520640,+3.39, +3.594, +0.167,+0.956
1609520700,+3.39, +3.594, +0.170,+0.957
1609520760,+3.39, +3.594, +0.168,+0.957
1609520820,+3.39, +3.604, +0.168,+0.957
1609520880,+3.39, +3.604, +0.170,+0.957
1609520940,+3.39, +3.583, +0.169,+0.957
1609521000,+3.39, +3.583, +0.170,+0.957
1609521060,+3.39, +3.604, +0.169,+0.957
1609521120,+3.39, +3.594, +0.168,+0.957
1609521180,+3.39, +3.625, +0.169,+0.957
1609521240,+3.39, +3.604, +0.169,+0.957
1609521300,+3.39, +3.614, +0.168,+0.957
1609521360,+3.39, +3.583, +0.169,+0.957
1609521420,+3.39, +3.604, +0.168,+0.957
1609521480,+3.39, +3.583, +0.167,+0.957
1609521540,+3.39, +3.583, +0.169,+0.957
1609521600,+3.39, +3.604, +0.168,+0.957
1609521660,+3.39, +3.594, +0.169,+0.957
1609521720,+3.39, +3.583, +0.170,+0.956
1609521780,+3.39, +3.594, +0.168,+0.957
1609521840,+3.39, +3.594, +0.169,+0.957
1609521900,+3.39, +3.604, +0.168,+0.957
1609521960,+3.39, +3.594, +0.169,+0.957
1609522020,+3.39, +3.583, +0.169,+0.957
1609522080,+3.39, +3.594, +0.171,+0.957
1609522140,+3.39, +3.594, +0.170,+0.957
1609522200,+3.39, +3.594, +0.169,+0.957
1609522260,+3.39, +3.562, +0.168,+0.956
1609522320,+3.39, +3.583, +0.168,+0.957
1609522380,+3.39, +3.594, +0.169,+0.957
1609522440,+3.39, +3.604, +0.168,+0.957
1609522500,+3.39, +3.573, +0.171,+0.957
1609522560,+3.39, +3.583, +0.169,+0.957
1609522620,+3.39, +3.594, +0.168,+0.957
1609522680,+3.39, +3.604, +0.168,+0.957
1609522740,+3.39, +3.625, +0.169,+0.957
1609522800,+3.39, +3.614, +0.169,+0.957
1609522860,+3.39, +3.594, +0.168,+0.957
1609522920,+3.39, +3.583, +0.169,+0.957
1609522980,+3.39, +3.604, +0.168,+0.957
1609523040,+3.39, +3.573, +0.169,+0.957
1609523100,+3.39, +3.614, +0.168,+0.957
1609523160,+3.39, +3.594, +0.168,+0.957
1609523220,+3.39, +3.604, +0.169,+0.957
1609523280,+3.39, +3.594, +0.170,+0.957
1609523340,+3.39, +3.604, +0.167,+0.956
1609523400,+3.39, +3.594, +0.168,+0.957
1609523460,+3.39, +3.594, +0.169,+0.957
1609523520,+3.39, +3.583, +0.169,+0.957
1609523580,+3.39, +3.604, +0.169,+0.957
1609523640,+3.39, +3.614, +0.168,+0.957
1609523700,+3.39, +3.594, +0.169,+0.957
1609523760,+3.39, +3.583, +0.170,+0.957
1609523820,+3.39, +3.573, +0.169,+0.957
1609523880,+3.39, +3.604, +0.169,+0.957
1609523940,+3.39, +3.583, +0.169,+0.957
1609524000,+3.39, +3.604, +0.168,+0.957
1609524060,+3.39, +3.573, +0.169,+0.957
1609524120,+3.39, +3.594, +0.169,+0.957
1609524180,+3.39, +3.594, +0.169,+0.957
1609524240,+3.39, +3.614, +0.168,+0.957
1609524300,+3.39, +3.625, +0.168,+0.957
1609524360,+3.39, +3.594, +0.168,+0.957
1609524420,+3.39, +3.583, +0.170,+0.957
1609524480,+3.39, +3.604, +0.168,+0.957
1609524540,+3.39, +3.583, +0.170,+0.957
1609524600,+3.39, +3.614, +0.169,+0.957
1609524660,+3.39, +3.583, +0.168,+0.957
1609524720,+3.39, +3.594, +0.169,+0.957
1609524780,+3.39, +3.583, +0.168,+0.957
1609524840,+3.39, +3.573, +0.169,+0.957
1609524900,+3.39, +3.604, +0.169,+0.957
1609524960,+3.39, +3.594, +0.169,+0.957
1609525020,+3.39, +3.594, +0.169,+0.957
1609525080,+3.39, +3.583, +0.167,+0.956
1609525140,+3.39, +3.614, +0.168,+0.957
1609525200,+3.39, +3.594, +0.170,+0.957
1609525260,+3.39, +3.583, +0.169,+0.957
1609525320,+3.39, +3.583, +0.168,+0.957
1609525380,+3.39, +3.573, +0.168,+0.957
1609525440,+3.39, +3.583, +0.169,+0.957
1609525500,+3.39, +3.552, +0.168,+0.957
1609525560,+3.39, +3.614, +0.168,+0.957
1609525620,+3.39, +3.573, +0.168,+0.956
1609525680,+3.39, +3.594, +0.169,+0.957
1609525740,+3.39, +3.604, +0.167,+0.956
1609525800,+3.39, +3.594, +0.167,+0.957
1609525860,+3.39, +3.594, +0.167,+0.956
1609525920,+3.39, +3.594, +0.169,+0.957
1609525980,+3.39, +3.594, +0.169,+0.956
1609526040,+3.39, +3.604, +0.168,+0.957
1609526100,+3.39, +3.594, +0.169,+0.957
1609526160,+3.39, +3.573, +0.170,+0.957
1609526220,+3.39, +3.552, +0.170,+0.957
1609526280,+3.39, +3.604, +0.168,+0.957
1609526340,+3.39, +3.573, +0.169,+0.957
1609526400,+3.39, +3.614, +0.170,+0.957
1609526460,+3.39, +3.604, +0.169,+0.957
1609526520,+3.39, +3.594, +0.168,+0.957
1609526580,+3.39, +3.594, +0.167,+0.956
1609526640,+3.39, +3.562, +0.170,+0.957
1609526700,+3.39, +3.604, +0.169,+0.957
1609526760,+3.39, +3.614, +0.169,+0.957
1609526820,+3.39, +3.604, +0.170,+0.957
1609526880,+3.39, +3.604, +0.169,+0.957
1609526940,+3.39, +3.573, +0.170,+0.957
1609527000,+3.39, +3.614, +0.169,+0.957
1609527060,+3.39, +3.573, +0.168,+0.957
1609527120,+3.39, +3.583, +0.168,+0.956
1609527180,+3.39, +3.594, +0.168,+0.957
1609527240,+3.39, +3.594, +0.169,+0.957
1609527300,+3.39, +3.614, +0.168,+0.957
1609527360,+3.39, +3.614, +0.168,+0.957
1609527420,+3.39, +3.594, +0.167,+0.957
1609527480,+3.39, +3.562, +0.169,+0.957
1609527540,+3.39, +3.625, +0.169,+0.957
1609527600,+3.39, +3.594, +0.168,+0.957
1609527660,+3.39, +3.625, +0.168,+0.957
1609527720,+3.39, +3.594, +0.168,+0.957
1609527780,+3.39, +3.604, +0.169,+0.957
1609527840,+3.39, +3.583, +0.169,+0.957
1609527900,+3.39, +3.604, +0.168,+0.957
1609527960,+3.39, +3.594, +0.169,+0.957
1609528020,+3.39, +3.594, +0.168,+0.957
1609528080,+3.39, +3.635, +0.167,+0.956
1609528140,+3.39, +3.573, +0.170,+0.957
1609528200,+3.39, +3.604, +0.168,+0.957
1609528260,+3.39, +3.604, +0.168,+0.957
1609528320,+3.39, +3.635, +0.165,+0.957
1609528380,+3.39, +3.594, +0.169,+0.957
1609528440,+3.39, +3.562, +0.171,+0.957
1609528500,+3.39, +3.552, +0.169,+0.957
1609528560,+3.39, +3.573, +0.169,+0.957
1609528620,+3.39, +3.604, +0.167,+0.957
1609528680,+3.39, +3.594, +0.167,+0.957
1609528740,+3.39, +3.573, +0.171,+0.957
1609528800,+3.39, +3.583, +0.170,+0.957
1609528860,+3.39, +3.594, +0.167,+0.957
1609528920,+3.39, +3.583, +0.169,+0.957
1609528980,+3.39, +3.604, +0.169,+0.957
1609529040,+3.39, +3.583, +0.170,+0.957
1609529100,+3.39, +3.583, +0.169,+0.957
1609529160,+3.39, +3.614, +0.168,+0.957
1609529220,+3.39, +3.604, +0.168,+0.957
1609529280,+3.39, +3.594, +0.167,+0.957
1609529340,+3.39, +3.594, +0.169,+0.957
1609529400,+3.39, +3.573, +0.169,+0.957
1609529460,+3.39, +3.614, +0.170,+0.957
1609529520,+3.39, +3.614, +0.167,+0.957
1609529580,+3.39, +3.604, +0.169,+0.957
1609529640,+3.39, +3.604, +0.168,+0.957
1609529700,+3.39, +3.625, +0.169,+0.957
1609529760,+3.39, +3.583, +0.170,+0.957
1609529820,+3.39, +3.583, +0.170,+0.957
1609529880,+3.39, +3.594, +0.170,+0.957
1609529940,+3.39, +3.594, +0.170,+0.957
1609530000,+3.39, +3.583, +0.169,+0.957
1609530060,+3.39, +3.594, +0.170,+0.957
1609530120,+3.39, +3.614, +0.169,+0.957
1609530180,+3.39, +3.573, +0.171,+0.957
1609530240,+3.39, +3.583, +0.168,+0.956
1609530300,+3.39, +3.594, +0.170,+0.957
1609530360,+3.39, +3.583, +0.170,+0.957
1609530420,+3.39, +3.594, +0.167,+0.957
1609530480,+3.39, +3.583, +0.168,+0.957
1609530540,+3.39, +3.594, +0.168,+0.956
1609530600,+3.39, +3.583, +0.169,+0.957
1609530660,+3.39, +3.594, +0.168,+0.957
1609530720,+3.39, +3.614, +0.169,+0.957
1609530780,+3.39, +3.594, +0.169,+0.957
1609530840,+3.39, +3.573, +0.168,+0.957
1609530900,+3.39, +3.614, +0.169,+0.957
1609530960,+3.39, +3.562, +0.167,+0.957
1609531020,+3.39, +3.604, +0.171,+0.957
1609531080,+3.39, +3.573, +0.168,+0.957
1609531140,+3.39, +3.583, +0.168,+0.957
1609531200,+3.39, +3.583, +0.170,+0.957
1609531260,+3.39, +3.614, +0.169,+0.957
1609531320,+3.39, +3.583, +0.167,+0.956
1609531380,+3.39, +3.583, +0.169,+0.956
1609531440,+3.39, +3.562, +0.171,+0.957
1609531500,+3.39, +3.583, +0.168,+0.957
1609531560,+3.40, +3.583, +0.169,+0.957
1609531620,+3.39, +3.604, +0.170,+0.957
1609531680,+3.39, +3.604, +0.169,+0.957
1609531740,+3.39, +3.594, +0.168,+0.957
1609531800,+3.39, +3.594, +0.170,+0.957
1609531860,+3.39, +3.594, +0.169,+0.957
1609531920,+3.39, +3.604, +0.168,+0.956
1609531980,+3.39, +3.583, +0.169,+0.957
1609532040,+3.39, +3.583, +0.168,+0.957
1609532100,+3.39, +3.594, +0.170,+0.957
1609532160,+3.39, +3.562, +0.168,+0.957
1609532220,+3.39, +3.552, +0.169,+0.957
1609532280,+3.39, +3.573, +0.168,+0.956
1609532340,+3.39, +3.594, +0.169,+0.957
1609532400,+3.39, +3.583, +0.169,+0.957
1609532460,+3.39, +3.614, +0.168,+0.957
1609532520,+3.39, +3.594, +0.168,+0.957
1609532580,+3.39, +3.594, +0.170,+0.957
1609532640,+3.39, +3.583, +0.167,+0.956
1609532700,+3.39, +3.594, +0.169,+0.957
1609532760,+3.39, +3.604, +0.168,+0.957
1609532820,+3.39, +3.594, +0.170,+0.957
1609532880,+3.39, +3.573, +0.170,+0.957
1609532940,+3.39, +3.573, +0.170,+0.957
1609533000,+3.39, +3.562, +0.168,+0.956
1609533060,+3.39, +3.562, +0.169,+0.956
1609533120,+3.39, +3.604, +0.168,+0.957
1609533180,+3.39, +3.583, +0.168,+0.956
1609533240,+3.39, +3.583, +0.170,+0.957
1609533300,+3.39, +3.583, +0.169,+0.957
1609533360,+3.39, +3.562, +0.168,+0.957
1609533420,+3.39, +3.614, +0.167,+0.957
1609533480,+3.39, +3.583, +0.168,+0.957
1609533540,+3.39, +3.573, +0.168,+0.957
1609533600,+3.39, +3.594, +0.169,+0.957
1609533660,+3.39, +3.604, +0.168,+0.957
1609533720,+3.39, +3.573, +0.169,+0.957
1609533780,+3.39, +3.594, +0.168,+0.957
1609533840,+3.39, +3.594, +0.168,+0.957
1609533900,+3.39, +3.594, +0.169,+0.957
1609533960,+3.39, +3.594, +0.168,+0.956
1609534020,+3.39, +3.594, +0.170,+0.957
1609534080,+3.39, +3.604, +0.167,+0.957
1609534140,+3.39, +3.573, +0.169,+0.957
1609534200,+3.39, +3.573, +0.169,+0.957
1609534260,+3.39, +3.594, +0.169,+0.957
1609534320,+3.39, +3.583, +0.170,+0.957
1609534380,+3.39, +3.614, +0.167,+0.957
1609534440,+3.39, +3.583, +0.169,+0.957
1609534500,+3.39, +3.604, +0.167,+0.957
1609534560,+3.39, +3.594, +0.169,+0.957
1609534620,+3.39, +3.583, +0.168,+0.956
1609534680,+3.39, +3.573, +0.169,+0.957
1609534740,+3.39, +3.594, +0.170,+0.957
1609534800,+3.39, +3.583, +0.169,+0.957
1609534860,+3.39, +3.583, +0.169,+0.957
1609534920,+3.39, +3.573, +0.169,+0.957
1609534980,+3.39, +3.604, +0.168,+0.957
1609535040,+3.39, +3.583, +0.168,+0.957
1609535100,+3.39, +3.552, +0.170,+0.957
1609535160,+3.39, +3.594, +0.168,+0.957
1609535220,+3.39, +3.594, +0.170,+0.957
1609535280,+3.39, +3.614, +0.169,+0.957
1609535340,+3.39, +3.594, +0.169,+0.957
1609535400,+3.39, +3.614, +0.169,+0.957
1609535460,+3.39, +3.594, +0.169,+0.957
1609535520,+3.39, +3.573, +0.168,+0.957
1609535580,+3.39, +3.573, +0.170,+0.957
1609535640,+3.39, +3.594, +0.170,+0.957
1609535700,+3.39, +3.614, +0.168,+0.957
1609535760,+3.39, +3.573, +0.170,+0.957
1609535820,+3.39, +3.583, +0.168,+0.956
1609535880,+3.39, +3.562, +0.171,+0.957
1609535940,+3.39, +3.520, +0.170,+0.957
1609536000,+3.39, +3.562, +0.169,+0.957
1609536060,+3.39, +3.604, +0.168,+0.957
1609536120,+3.39, +3.573, +0.168,+0.957
1609536180,+3.39, +3.594, +0.169,+0.957
1609536240,+3.39, +3.573, +0.167,+0.957
1609536300,+3.39, +3.573, +0.170,+0.957
1609536360,+3.39, +3.604, +0.168,+0.957
1609536420,+3.39, +3.562, +0.171,+0.957
1609536480,+3.39, +3.573, +0.169,+0.957
1609536540,+3.39, +3.583, +0.170,+0.957
1609536600,+3.40, +3.583, +0.170,+0.957
1609536660,+3.39, +3.594, +0.170,+0.957
1609536720,+3.39, +3.594, +0.169,+0.957
1609536780,+3.39, +3.583, +0.168,+0.957
1609536840,+3.39, +3.594, +0.168,+0.957
1609536900,+3.39, +3.583, +0.168,+0.957
1609536960,+3.39, +3.583, +0.169,+0.957
1609537020,+3.39, +3.573, +0.168,+0.957
1609537080,+3.39, +3.583, +0.169,+0.957
1609537140,+3.39, +3.604, +0.167,+0.957
1609537200,+3.39, +3.573, +0.169,+0.957
1609537260,+3.39, +3.573, +0.169,+0.957
1609537320,+3.39, +3.594, +0.169,+0.957
1609537380,+3.39, +3.604, +0.169,+0.957
1609537440,+3.39, +3.583, +0.170,+0.957
1609537500,+3.39, +3.583, +0.167,+0.957
1609537560,+3.39, +3.573, +0.170,+0.957
1609537620,+3.39, +3.614, +0.168,+0.957
1609537680,+3.39, +3.583, +0.168,+0.957
1609537740,+3.39, +3.573, +0.168,+0.956
1609537800,+3.39, +3.573, +0.169,+0.957
1609537860,+3.39, +3.573, +0.169,+0.956
1609537920,+3.39, +3.594, +0.169,+0.957
1609537980,+3.39, +3.614, +0.167,+0.957
1609538040,+3.39, +3.594, +0.171,+0.957
1609538100,+3.39, +3.594, +0.168,+0.957
1609538160,+3.39, +3.604, +0.168,+0.957
1609538220,+3.39, +3.583, +0.168,+0.957
1609538280,+3.39, +3.594, +0.169,+0.957
1609538340,+3.39, +3.594, +0.170,+0.957
1609538400,+3.39, +3.614, +0.168,+0.957
1609538460,+3.39, +3.614, +0.169,+0.957
1609538520,+3.39, +3.583, +0.170,+0.957
1609538580,+3.39, +3.583, +0.169,+0.957
1609538640,+3.39, +3.573, +0.171,+0.957
1609538700,+3.39, +3.594, +0.171,+0.957
1609538760,+3.39, +3.583, +0.167,+0.956
1609538820,+3.39, +3.625, +0.166,+0.956
1609538880,+3.39, +3.604, +0.168,+0.957
1609538940,+3.39, +3.594, +0.168,+0.957
1609539000,+3.39, +3.573, +0.166,+0.956
1609539060,+3.39, +3.614, +0.168,+0.957
1609539120,+3.39, +3.604, +0.168,+0.957
1609539180,+3.39, +3.583, +0.168,+0.957
1609539240,+3.39, +3.604, +0.169,+0.957
1609539300,+3.39, +3.573, +0.170,+0.957
1609539360,+3.39, +3.604, +0.169,+0.957
1609539420,+3.39, +3.614, +0.168,+0.956
1609539480,+3.39, +3.583, +0.168,+0.957
1609539540,+3.39, +3.604, +0.168,+0.957
1609539600,+3.39, +3.594, +0.167,+0.956
1609539660,+3.39, +3.604, +0.169,+0.957
1609539720,+3.39, +3.583, +0.171,+0.957
1609539780,+3.40, +3.604, +0.170,+0.957
1609539840,+3.39, +3.583, +0.169,+0.957
1609539900,+3.39, +3.594, +0.170,+0.957
1609539960,+3.39, +3.594, +0.169,+0.957
1609540020,+3.39, +3.583, +0.169,+0.957
1609540080,+3.39, +3.573, +0.168,+0.957
1609540140,+3.39, +3.573, +0.168,+0.956
1609540200,+3.39, +3.594, +0.167,+0.957
1609540260,+3.39, +3.604, +0.169,+0.957
1609540320,+3.39, +3.594, +0.168,+0.956
1609540380,+3.39, +3.604, +0.168,+0.957
1609540440,+3.39, +3.604, +0.167,+0.957
1609540500,+3.39, +3.594, +0.169,+0.957
1609540560,+3.39, +3.594, +0.168,+0.957
1609540620,+3.39, +3.562, +0.168,+0.956
1609540680,+3.39, +3.583, +0.169,+0.957
1609540740,+3.39, +3.583, +0.168,+0.957
1609540800,+3.39, +3.604, +0.169,+0.957
1609540860,+3.39, +3.604, +0.170,+0.957
1609540920,+3.40, +3.614, +0.167,+0.957
1609540980,+3.39, +3.604, +0.168,+0.957
1609541040,+3.39, +3.594, +0.168,+0.957
1609541100,+3.39, +3.583, +0.170,+0.957
1609541160,+3.39, +3.604, +0.171,+0.957
1609541220,+3.39, +3.583, +0.169,+0.956
1609541280,+3.39, +3.573, +0.170,+0.957
1609541340,+3.39, +3.594, +0.168,+0.957
1609541400,+3.39, +3.583, +0.170,+0.957
1609541460,+3.39, +3.583, +0.167,+0.957
1609541520,+3.39, +3.573, +0.172,+0.957
1609541580,+3.39, +3.583, +0.170,+0.957
1609541640,+3.39, +3.583, +0.170,+0.957
1609541700,+3.39, +3.583, +0.168,+0.957
1609541760,+3.39, +3.573, +0.168,+0.957
1609541820,+3.39, +3.583, +0.169,+0.957
1609541880,+3.39, +3.594, +0.169,+0.957
1609541940,+3.39, +3.604, +0.170,+0.957
1609542000,+3.39, +3.583, +0.168,+0.957
1609542060,+3.39, +3.594, +0.170,+0.957
1609542120,+3.39, +3.614, +0.166,+0.957
1609542180,+3.39, +3.594, +0.169,+0.957
1609542240,+3.39, +3.594, +0.169,+0.957
1609542300,+3.39, +3.604, +0.168,+0.957
1609542360,+3.39, +3.573, +0.169,+0.957
1609542420,+3.40, +3.573, +0.170,+0.957
1609542480,+3.39, +3.594, +0.167,+0.957
1609542540,+3.39, +3.604, +0.168,+0.957
1609542600,+3.39, +3.573, +0.168,+0.957
1609542660,+3.39, +3.594, +0.168,+0.957
1609542720,+3.39, +3.594, +0.169,+0.957
1609542780,+3.39, +3.614, +0.168,+0.957
1609542840,+3.39, +3.583, +0.170,+0.957
1609542900,+3.39, +3.583, +0.169,+0.957
1609542960,+3.39, +3.573, +0.167,+0.957
1609543020,+3.39, +3.583, +0.168,+0.957
1609543080,+3.39, +3.604, +0.167,+0.957
1609543140,+3.39, +3.625, +0.169,+0.957
1609543200,+3.39, +3.583, +0.169,+0.957
1609543260,+3.39, +3.604, +0.167,+0.957
1609543320,+3.39, +3.583, +0.168,+0.957
1609543380,+3.39, +3.594, +0.168,+0.957
1609543440,+3.39, +3.573, +0.167,+0.957
1609543500,+3.39, +3.635, +0.168,+0.957
1609543560,+3.39, +3.562, +0.169,+0.957
1609543620,+3.39, +3.562, +0.168,+0.957
1609543680,+3.39, +3.573, +0.169,+0.957
1609543740,+3.39, +3.573, +0.169,+0.957
1609543800,+3.39, +3.562, +0.169,+0.957
1609543860,+3.39, +3.583, +0.170,+0.957
1609543920,+3.39, +3.583, +0.168,+0.957
1609543980,+3.39, +3.573, +0.169,+0.957
1609544040,+3.39, +3.583, +0.168,+0.957
1609544100,+3.39, +3.594, +0.170,+0.957
1609544160,+3.39, +3.573, +0.168,+0.957
1609544220,+3.39, +3.552, +0.168,+0.957
1609544280,+3.39, +3.604, +0.170,+0.957
1609544340,+3.40, +3.583, +0.170,+0.957
1609544400,+3.39, +3.531, +0.167,+0.956
1609544460,+3.39, +3.573, +0.169,+0.957
1609544520,+3.39, +3.583, +0.168,+0.957
1609544580,+3.39, +3.573, +0.171,+0.957
1609544640,+3.39, +3.583, +0.170,+0.957
1609544700,+3.39, +3.583, +0.169,+0.957
1609544760,+3.39, +3.573, +0.169,+0.957
1609544820,+3.39, +3.594, +0.169,+0.957
1609544880,+3.39, +3.562, +0.169,+0.957
1609544940,+3.39, +3.583, +0.168,+0.957
1609545000,+3.39, +3.573, +0.168,+0.957
1609545060,+3.39, +3.583, +0.169,+0.957
1609545120,+3.39, +3.583, +0.168,+0.957
1609545180,+3.39, +3.562, +0.170,+0.957
1609545240,+3.39, +3.583, +0.169,+0.957
1609545300,+3.39, +3.594, +0.169,+0.957
1609545360,+3.39, +3.562, +0.168,+0.957
1609545420,+3.39, +3.604, +0.170,+0.957
1609545480,+3.39, +3.583, +0.168,+0.957
1609545540,+3.39, +3.573, +0.169,+0.957
1609545600,+3.39, +3.562, +0.168,+0.957
1609545660,+3.39, +3.594, +0.169,+0.957
1609545720,+3.39, +3.594, +0.168,+0.957
1609545780,+3.39, +3.583, +0.169,+0.957
1609545840,+3.39, +3.573, +0.168,+0.957
1609545900,+3.39, +3.583, +0.168,+0.957
1609545960,+3.39, +3.583, +0.167,+0.957
1609546020,+3.39, +3.552, +0.170,+0.957
1609546080,+3.39, +3.552, +0.169,+0.957
1609546140,+3.39, +3.594, +0.169,+0.957
1609546200,+3.39, +3.583, +0.169,+0.957
1609546260,+3.39, +3.562, +0.170,+0.957
1609546320,+3.39, +3.583, +0.168,+0.957
1609546380,+3.39, +3.583, +0.167,+0.957
1609546440,+3.39, +3.594, +0.168,+0.957
1609546500,+3.39, +3.594, +0.170,+0.957
1609546560,+3.39, +3.583, +0.169,+0.957
1609546620,+3.39, +3.583, +0.167,+0.957
1609546680,+3.39, +3.573, +0.167,+0.957
1609546740,+3.39, +3.583, +0.169,+0.957
1609546800,+3.39, +3.573, +0.168,+0.957
1609546860,+3.39, +3.583, +0.168,+0.957
1609546920,+3.39, +3.541, +0.171,+0.957
1609546980,+3.39, +3.562, +0.169,+0.957
1609547040,+3.39, +3.562, +0.169,+0.957
1609547100,+3.39, +3.562, +0.168,+0.957
1609547160,+3.39, +3.573, +0.170,+0.957
1609547220,+3.39, +3.531, +0.171,+0.957
1609547280,+3.39, +3.594, +0.168,+0.957
1609547340,+3.39, +3.552, +0.170,+0.957
1609547400,+3.39, +3.541, +0.171,+0.957
1609547460,+3.39, +3.604, +0.169,+0.957
1609547520,+3.39, +3.594, +0.168,+0.957
1609547580,+3.39, +3.583, +0.169,+0.957
1609547640,+3.39, +3.583, +0.169,+0.957
1609547700,+3.39, +3.573, +0.169,+0.957
1609547760,+3.39, +3.583, +0.168,+0.957
1609547820,+3.39, +3.562, +0.169,+0.957
1609547880,+3.39, +3.573, +0.168,+0.957
1609547940,+3.39, +3.583, +0.167,+0.957
1609548000,+3.39, +3.583, +0.168,+0.957
1609548060,+3.39, +3.573, +0.169,+0.957
1609548120,+3.39, +3.573, +0.169,+0.957
1609548180,+3.39, +3.552, +0.169,+0.957
1609548240,+3.39, +3.562, +0.170,+0.957
1609548300,+3.39, +3.562, +0.169,+0.957
1609548360,+3.39, +3.573, +0.169,+0.957
1609548420,+3.39, +3.552, +0.170,+0.957
1609548480,+3.39, +3.594, +0.168,+0.957
1609548540,+3.39, +3.625, +0.168,+0.957
1609548600,+3.39, +3.562, +0.169,+0.957
1609548660,+3.39, +3.552, +0.169,+0.957
1609548720,+3.39, +3.594, +0.169,+0.957
1609548780,+3.39, +3.562, +0.170,+0.957
1609548840,+3.39, +3.573, +0.170,+0.957
1609548900,+3.39, +3.573, +0.170,+0.957
1609548960,+3.39, +3.562, +0.169,+0.957
1609549020,+3.39, +3.552, +0.168,+0.957
1609549080,+3.39, +3.583, +0.170,+0.957
1609549140,+3.39, +3.562, +0.169,+0.957
1609549200,+3.39, +3.573, +0.170,+0.957
1609549260,+3.39, +3.552, +0.169,+0.957
1609549320,+3.39, +3.594, +0.168,+0.957
1609549380,+3.39, +3.583, +0.169,+0.957
1609549440,+3.39, +3.573, +0.167,+0.957
1609549500,+3.39, +3.573, +0.169,+0.957
1609549560,+3.39, +3.552, +0.169,+0.957
1609549620,+3.39, +3.541, +0.168,+0.957
1609549680,+3.39, +3.552, +0.169,+0.957
1609549740,+3.39, +3.583, +0.168,+0.957
1609549800,+3.39, +3.552, +0.170,+0.957
1609549860,+3.39, +3.562, +0.169,+0.957
1609549920,+3.39, +3.552, +0.170,+0.957
1609549980,+3.39, +3.562, +0.168,+0.957
1609550040,+3.39, +3.562, +0.169,+0.957
1609550100,+3.39, +3.583, +0.168,+0.957
1609550160,+3.39, +3.583, +0.168,+0.957
1609550220,+3.39, +3.562, +0.169,+0.957
1609550280,+3.39, +3.573, +0.168,+0.957
1609550340,+3.39, +3.573, +0.169,+0.957
1609550400,+3.39, +3.573, +0.167,+0.957
1609550460,+3.39, +3.583, +0.167,+0.957
1609550520,+3.39, +3.583, +0.169,+0.957
1609550580,+3.39, +3.562, +0.168,+0.957
1609550640,+3.39, +3.583, +0.169,+0.957
1609550700,+3.39, +3.552, +0.170,+0.957
1609550760,+3.39, +3.573, +0.168,+0.957
1609550820,+3.39, +3.562, +0.171,+0.957
1609550880,+3.39, +3.594, +0.168,+0.957
1609550940,+3.39, +3.573, +0.169,+0.957
1609551000,+3.39, +3.562, +0.169,+0.957
1609551060,+3.39, +3.573, +0.169,+0.957
1609551120,+3.39, +3.583, +0.169,+0.957
1609551180,+3.39, +3.562, +0.169,+0.957
1609551240,+3.39, +3.573, +0.170,+0.957
1609551300,+3.39, +3.552, +0.170,+0.957
1609551360,+3.39, +3.562, +0.168,+0.957
1609551420,+3.39, +3.583, +0.169,+0.957
1609551480,+3.39, +3.573, +0.169,+0.957
1609551540,+3.39, +3.573, +0.170,+0.957
1609551600,+3.39, +3.562, +0.168,+0.957
1609551660,+3.39, +3.562, +0.169,+0.957
1609551720,+3.39, +3.583, +0.170,+0.957
1609551780,+3.39, +3.573, +0.168,+0.957
1609551840,+3.39, +3.573, +0.168,+0.957
1609551900,+3.39, +3.594, +0.168,+0.957
1609551960,+3.39, +3.573, +0.169,+0.957
1609552020,+3.39, +3.583, +0.169,+0.957
1609552080,+3.39, +3.573, +0.169,+0.957
1609552140,+3.39, +3.562, +0.167,+0.957
1609552200,+3.39, +3.583, +0.168,+0.957
1609552260,+3.39, +3.562, +0.169,+0.957
1609552320,+3.39, +3.552, +0.170,+0.957
1609552380,+3.39, +3.562, +0.170,+0.957
1609552440,+3.39, +3.573, +0.169,+0.957
1609552500,+3.39, +3.573, +0.169,+0.957
1609552560,+3.39, +3.531, +0.169,+0.957
1609552620,+3.39, +3.573, +0.169,+0.957
1609552680,+3.39, +3.541, +0.170,+0.957
1609552740,+3.39, +3.604, +0.170,+0.957
1609552800,+3.39, +3.573, +0.168,+0.957
1609552860,+3.39, +3.552, +0.169,+0.957
1609552920,+3.39, +3.583, +0.169,+0.957
1609552980,+3.39, +3.583, +0.169,+0.957
1609553040,+3.39, +3.583, +0.169,+0.957
1609553100,+3.39, +3.573, +0.169,+0.957
1609553160,+3.39, +3.552, +0.168,+0.957
1609553220,+3.39, +3.562, +0.167,+0.957
1609553280,+3.39, +3.562, +0.169,+0.957
1609553340,+3.39, +3.635, +0.167,+0.957
1609553400,+3.39, +3.552, +0.171,+0.957
1609553460,+3.39, +3.573, +0.168,+0.957
1609553520,+3.39, +3.552, +0.171,+0.957
1609553580,+3.39, +3.562, +0.169,+0.957
1609553640,+3.39, +3.583, +0.169,+0.957
1609553700,+3.39, +3.573, +0.167,+0.957
1609553760,+3.39, +3.562, +0.168,+0.957
1609553820,+3.39, +3.562, +0.168,+0.957
1609553880,+3.39, +3.552, +0.170,+0.957
1609553940,+3.39, +3.583, +0.169,+0.957
1609554000,+3.39, +3.573, +0.168,+0.957
1609554060,+3.39, +3.583, +0.171,+0.957
1609554120,+3.39, +3.583, +0.170,+0.957
1609554180,+3.39, +3.583, +0.169,+0.957
1609554240,+3.39, +3.552, +0.170,+0.957
1609554300,+3.39, +3.583, +0.167,+0.957
1609554360,+3.39, +3.573, +0.170,+0.957
1609554420,+3.39, +3.562, +0.169,+0.957
1609554480,+3.39, +3.573, +0.167,+0.957
1609554540,+3.39, +3.573, +0.169,+0.957
1609554600,+3.39, +3.573, +0.169,+0.957
1609554660,+3.39, +3.573, +0.168,+0.957
1609554720,+3.39, +3.552, +0.167,+0.957
1609554780,+3.39, +3.573, +0.168,+0.957
1609554840,+3.39, +3.573, +0.169,+0.957
1609554900,+3.39, +3.562, +0.169,+0.957
1609554960,+3.39, +3.573, +0.170,+0.957
1609555020,+3.39, +3.583, +0.169,+0.957
1609555080,+3.39, +3.594, +0.168,+0.957
1609555140,+3.39, +3.562, +0.169,+0.957
1609555200,+3.39, +3.562, +0.167,+0.957
1609555260,+3.39, +3.541, +0.169,+0.957
1609555320,+3.39, +3.573, +0.169,+0.957
1609555380,+3.39, +3.562, +0.169,+0.957
1609555440,+3.39, +3.573, +0.168,+0.957
1609555500,+3.39, +3.541, +0.170,+0.957
1609555560,+3.39, +3.562, +0.169,+0.957
1609555620,+3.39, +3.573, +0.169,+0.957
1609555680,+3.39, +3.552, +0.168,+0.957
1609555740,+3.39, +3.552, +0.170,+0.957
1609555800,+3.39, +3.604, +0.168,+0.957
1609555860,+3.39, +3.562, +0.167,+0.957
1609555920,+3.40, +3.552, +0.170,+0.957
1609555980,+3.39, +3.562, +0.167,+0.957
1609556040,+3.39, +3.573, +0.168,+0.957
1609556100,+3.39, +3.594, +0.169,+0.957
1609556160,+3.39, +3.541, +0.170,+0.957
1609556220,+3.39, +3.562, +0.170,+0.957
1609556280,+3.39, +3.552, +0.169,+0.957
1609556340,+3.39, +3.499, +0.169,+0.957
1609556400,+3.39, +3.583, +0.168,+0.957
1609556460,+3.39, +3.552, +0.169,+0.957
1609556520,+3.39, +3.552, +0.168,+0.957
1609556580,+3.39, +3.552, +0.169,+0.957
1609556640,+3.39, +3.552, +0.169,+0.957
1609556700,+3.39, +3.562, +0.169,+0.957
1609556760,+3.39, +3.562, +0.171,+0.957
1609556820,+3.39, +3.583, +0.168,+0.957
1609556880,+3.39, +3.552, +0.169,+0.957
1609556940,+3.39, +3.594, +0.168,+0.957
1609557000,+3.39, +3.552, +0.170,+0.957
1609557060,+3.39, +3.562, +0.169,+0.957
1609557120,+3.39, +3.541, +0.168,+0.957
1609557180,+3.39, +3.583, +0.169,+0.957
1609557240,+3.39, +3.541, +0.170,+0.957
1609557300,+3.39, +3.583, +0.170,+0.957
1609557360,+3.39, +3.552, +0.170,+0.957
1609557420,+3.39, +3.562, +0.169,+0.957
1609557480,+3.39, +3.562, +0.169,+0.957
1609557540,+3.39, +3.562, +0.169,+0.957
1609557600,+3.39, +3.541, +0.170,+0.957
1609557660,+3.39, +3.583, +0.168,+0.957
1609557720,+3.39, +3.552, +0.170,+0.957
1609557780,+3.39, +3.573, +0.168,+0.957
1609557840,+3.39, +3.562, +0.170,+0.957
1609557900,+3.39, +3.552, +0.169,+0.957
1609557960,+3.39, +3.541, +0.170,+0.957
1609558020,+3.39, +3.573, +0.170,+0.957
1609558080,+3.39, +3.552, +0.169,+0.957
1609558140,+3.39, +3.552, +0.168,+0.957
1609558200,+3.39, +3.573, +0.169,+0.957
1609558260,+3.39, +3.552, +0.168,+0.957
1609558320,+3.39, +3.541, +0.170,+0.957
1609558380,+3.39, +3.562, +0.168,+0.957
1609558440,+3.39, +3.562, +0.167,+0.957
1609558500,+3.39, +3.531, +0.170,+0.957
1609558560,+3.39, +3.541, +0.170,+0.957
1609558620,+3.39, +3.562, +0.168,+0.956
1609558680,+3.39, +3.552, +0.169,+0.957
1609558740,+3.39, +3.562, +0.167,+0.957
1609558800,+3.39, +3.552, +0.170,+0.957
1609558860,+3.39, +3.562, +0.168,+0.957
1609558920,+3.39, +3.541, +0.168,+0.957
1609558980,+3.39, +3.552, +0.170,+0.957
1609559040,+3.39, +3.552, +0.169,+0.957
1609559100,+3.39, +3.552, +0.170,+0.957
1609559160,+3.39, +3.531, +0.168,+0.957
1609559220,+3.39, +3.552, +0.169,+0.957
1609559280,+3.39, +3.573, +0.168,+0.957
1609559340,+3.39, +3.552, +0.170,+0.957
1609559400,+3.39, +3.541, +0.169,+0.957
1609559460,+3.39, +3.573, +0.168,+0.957
1609559520,+3.39, +3.562, +0.169,+0.957
1609559580,+3.39, +3.541, +0.170,+0.957
1609559640,+3.39, +3.562, +0.170,+0.957
1609559700,+3.39, +3.552, +0.171,+0.957
1609559760,+3.39, +3.573, +0.168,+0.957
1609559820,+3.39, +3.541, +0.169,+0.957
1609559880,+3.39, +3.583, +0.169,+0.957
1609559940,+3.39, +3.562, +0.170,+0.957
1609560000,+3.39, +3.562, +0.168,+0.957
1609560060,+3.39, +3.573, +0.168,+0.957
1609560120,+3.39, +3.562, +0.170,+0.957
1609560180,+3.39, +3.541, +0.168,+0.957
1609560240,+3.39, +3.583, +0.168,+0.957
1609560300,+3.39, +3.583, +0.169,+0.957
1609560360,+3.39, +3.552, +0.170,+0.957
1609560420,+3.39, +3.562, +0.169,+0.957
1609560480,+3.39, +3.562, +0.169,+0.957
1609560540,+3.39, +3.583, +0.168,+0.957
1609560600,+3.39, +3.573, +0.168,+0.957
1609560660,+3.39, +3.552, +0.168,+0.957
1609560720,+3.39, +3.604, +0.168,+0.957
1609560780,+3.39, +3.552, +0.168,+0.957
1609560840,+3.39, +3.562, +0.169,+0.957
1609560900,+3.39, +3.562, +0.170,+0.957
1609560960,+3.39, +3.573, +0.169,+0.957
1609561020,+3.39, +3.562, +0.171,+0.957
1609561080,+3.39, +3.573, +0.171,+0.957
1609561140,+3.39, +3.583, +0.170,+0.957
1609561200,+3.39, +3.562, +0.171,+0.957
1609561260,+3.39, +3.562, +0.170,+0.957
1609561320,+3.39, +3.573, +0.169,+0.957
1609561380,+3.39, +3.573, +0.170,+0.957
1609561440,+3.39, +3.562, +0.169,+0.957
1609561500,+3.39, +3.541, +0.170,+0.957
1609561560,+3.39, +3.573, +0.170,+0.957
1609561620,+3.39, +3.562, +0.168,+0.957
1609561680,+3.39, +3.573, +0.169,+0.957
1609561740,+3.39, +3.552, +0.168,+0.957
1609561800,+3.39, +3.562, +0.169,+0.957
1609561860,+3.39, +3.552, +0.169,+0.957
1609561920,+3.39, +3.552, +0.168,+0.957
1609561980,+3.39, +3.573, +0.169,+0.957
1609562040,+3.39, +3.541, +0.168,+0.957
1609562100,+3.39, +3.510, +0.170,+0.957
1609562160,+3.39, +3.562, +0.169,+0.957
1609562220,+3.39, +3.562, +0.169,+0.957
1609562280,+3.39, +3.573, +0.167,+0.957
1609562340,+3.39, +3.594, +0.169,+0.957
1609562400,+3.39, +3.562, +0.169,+0.957
1609562460,+3.39, +3.562, +0.169,+0.957
1609562520,+3.39, +3.562, +0.168,+0.957
1609562580,+3.39, +3.573, +0.168,+0.957
1609562640,+3.39, +3.573, +0.168,+0.957
1609562700,+3.39, +3.594, +0.169,+0.957
1609562760,+3.39, +3.583, +0.169,+0.957
1609562820,+3.39, +3.562, +0.169,+0.957
1609562880,+3.39, +3.583, +0.168,+0.957
1609562940,+3.39, +3.562, +0.170,+0.957
1609563000,+3.39, +3.531, +0.171,+0.957
1609563060,+3.39, +3.583, +0.169,+0.957
1609563120,+3.39, +3.594, +0.169,+0.957
1609563180,+3.39, +3.573, +0.168,+0.957
1609563240,+3.39, +3.583, +0.167,+0.957
1609563300,+3.39, +3.573, +0.169,+0.957
1609563360,+3.39, +3.583, +0.169,+0.957
1609563420,+3.39, +3.541, +0.169,+0.957
1609563480,+3.39, +3.562, +0.169,+0.957
1609563540,+3.39, +3.562, +0.167,+0.957
1609563600,+3.39, +3.562, +0.170,+0.957
1609563660,+3.39, +3.573, +0.169,+0.957
1609563720,+3.39, +3.562, +0.167,+0.957
1609563780,+3.39, +3.583, +0.170,+0.957
1609563840,+3.39, +3.573, +0.167,+0.957
1609563900,+3.39, +3.562, +0.168,+0.957
1609563960,+3.39, +3.583, +0.168,+0.957
1609564020,+3.39, +3.562, +0.168,+0.957
1609564080,+3.39, +3.552, +0.170,+0.957
1609564140,+3.39, +3.573, +0.169,+0.957
1609564200,+3.39, +3.552, +0.169,+0.957
1609564260,+3.39, +3.583, +0.169,+0.957
1609564320,+3.39, +3.562, +0.168,+0.957
1609564380,+3.39, +3.594, +0.166,+0.957
1609564440,+3.39, +3.562, +0.169,+0.957
1609564500,+3.39, +3.573, +0.169,+0.957
1609564560,+3.39, +3.562, +0.169,+0.957
1609564620,+3.39, +3.573, +0.169,+0.957
1609564680,+3.39, +3.573, +0.168,+0.957
1609564740,+3.39, +3.594, +0.167,+0.957
1609564800,+3.39, +3.573, +0.168,+0.957
1609564860,+3.39, +3.583, +0.169,+0.957
1609564920,+3.39, +3.552, +0.169,+0.957
1609564980,+3.39, +3.562, +0.169,+0.957
1609565040,+3.39, +3.573, +0.169,+0.957
1609565100,+3.39, +3.541, +0.168,+0.957
1609565160,+3.39, +3.573, +0.170,+0.957
1609565220,+3.39, +3.604, +0.167,+0.957
1609565280,+3.39, +3.552, +0.169,+0.957
1609565340,+3.39, +3.562, +0.167,+0.957
1609565400,+3.39, +3.573, +0.168,+0.957
1609565460,+3.39, +3.583, +0.168,+0.957
1609565520,+3.39, +3.573, +0.169,+0.957
1609565580,+3.39, +3.594, +0.169,+0.957
1609565640,+3.39, +3.594, +0.167,+0.957
1609565700,+3.39, +3.573, +0.170,+0.957
1609565760,+3.39, +3.552, +0.169,+0.957
1609565820,+3.39, +3.594, +0.169,+0.957
1609565880,+3.39, +3.573, +0.168,+0.956
1609565940,+3.39, +3.552, +0.169,+0.957
1609566000,+3.39, +3.562, +0.169,+0.957
1609566060,+3.39, +3.573, +0.167,+0.957
1609566120,+3.39, +3.583, +0.169,+0.957
1609566180,+3.39, +3.583, +0.168,+0.957
1609566240,+3.39, +3.573, +0.168,+0.957
1609566300,+3.39, +3.562, +0.168,+0.957
1609566360,+3.39, +3.583, +0.168,+0.957
1609566420,+3.39, +3.583, +0.170,+0.957
1609566480,+3.39, +3.562, +0.167,+0.957
1609566540,+3.39, +3.573, +0.169,+0.957
1609566600,+3.39, +3.583, +0.168,+0.957
1609566660,+3.39, +3.573, +0.169,+0.957
1609566720,+3.39, +3.573, +0.169,+0.957
1609566780,+3.39, +3.573, +0.168,+0.957
1609566840,+3.39, +3.594, +0.168,+0.957
1609566900,+3.39, +3.594, +0.168,+0.957
1609566960,+3.39, +3.614, +0.169,+0.957
1609567020,+3.39, +3.552, +0.170,+0.957
1609567080,+3.39, +3.583, +0.169,+0.957
1609567140,+3.39, +3.573, +0.170,+0.957
1609567200,+3.39, +3.625, +0.169,+0.957
1609567260,+3.39, +3.573, +0.168,+0.957
1609567320,+3.39, +3.552, +0.169,+0.956
1609567380,+3.39, +3.594, +0.167,+0.957
1609567440,+3.39, +3.562, +0.167,+0.957
1609567500,+3.39, +3.583, +0.169,+0.957
1609567560,+3.39, +3.552, +0.170,+0.957
1609567620,+3.39, +3.583, +0.170,+0.957
1609567680,+3.39, +3.562, +0.170,+0.957
1609567740,+3.40, +3.594, +0.169,+0.957
1609567800,+3.39, +3.552, +0.169,+0.956
1609567860,+3.39, +3.594, +0.169,+0.957
1609567920,+3.39, +3.583, +0.168,+0.957
1609567980,+3.39, +3.573, +0.170,+0.957
1609568040,+3.39, +3.562, +0.170,+0.957
1609568100,+3.39, +3.573, +0.168,+0.957
1609568160,+3.39, +3.520, +0.170,+0.957
1609568220,+3.39, +3.562, +0.170,+0.957
1609568280,+3.39, +3.562, +0.169,+0.957
1609568340,+3.39, +3.573, +0.168,+0.957
1609568400,+3.39, +3.573, +0.169,+0.957
1609568460,+3.39, +3.562, +0.170,+0.957
1609568520,+3.39, +3.573, +0.170,+0.957
1609568580,+3.39, +3.573, +0.169,+0.957
1609568640,+3.39, +3.583, +0.169,+0.957
1609568700,+3.39, +3.562, +0.171,+0.957
1609568760,+3.39, +3.604, +0.170,+0.957
1609568820,+3.39, +3.583, +0.170,+0.957
1609568880,+3.39, +3.573, +0.170,+0.957
1609568940,+3.39, +3.583, +0.169,+0.957
1609569000,+3.39, +3.562, +0.169,+0.957
1609569060,+3.39, +3.583, +0.168,+0.957
1609569120,+3.39, +3.583, +0.169,+0.957
1609569180,+3.39, +3.583, +0.170,+0.957
1609569240,+3.39, +3.562, +0.170,+0.957
1609569300,+3.39, +3.594, +0.170,+0.957
1609569360,+3.39, +3.583, +0.168,+0.957
1609569420,+3.39, +3.562, +0.170,+0.957
1609569480,+3.39, +3.594, +0.169,+0.957
1609569540,+3.39, +3.541, +0.169,+0.957
1609569600,+3.39, +3.604, +0.169,+0.957
1609569660,+3.39, +3.573, +0.168,+0.957
1609569720,+3.39, +3.583, +0.169,+0.957
1609569780,+3.39, +3.562, +0.169,+0.957
1609569840,+3.39, +3.583, +0.169,+0.957
1609569900,+3.39, +3.583, +0.169,+0.957
1609569960,+3.39, +3.583, +0.169,+0.957
1609570020,+3.39, +3.604, +0.167,+0.957
1609570080,+3.39, +3.594, +0.169,+0.957
1609570140,+3.39, +3.562, +0.167,+0.957
1609570200,+3.39, +3.573, +0.169,+0.957
1609570260,+3.39, +3.573, +0.170,+0.957
1609570320,+3.39, +3.573, +0.168,+0.957
1609570380,+3.39, +3.573, +0.171,+0.957
1609570440,+3.39, +3.562, +0.172,+0.957
1609570500,+3.39, +3.594, +0.168,+0.957
1609570560,+3.39, +3.573, +0.169,+0.957
1609570620,+3.39, +3.531, +0.170,+0.957
1609570680,+3.39, +3.573, +0.169,+0.957
1609570740,+3.39, +3.562, +0.171,+0.957
1609570800,+3.39, +3.573, +0.168,+0.957
1609570860,+3.39, +3.604, +0.168,+0.957
1609570920,+3.39, +3.562, +0.170,+0.957
1609570980,+3.39, +3.583, +0.168,+0.957
1609571040,+3.39, +3.583, +0.169,+0.957
1609571100,+3.39, +3.594, +0.166,+0.957
1609571160,+3.39, +3.583, +0.170,+0.957
1609571220,+3.39, +3.499, +0.170,+0.957
1609571280,+3.39, +3.562, +0.169,+0.957
1609571340,+3.39, +3.594, +0.169,+0.957
1609571400,+3.39, +3.594, +0.169,+0.957
1609571460,+3.39, +3.594, +0.169,+0.957
1609571520,+3.39, +3.573, +0.170,+0.957
1609571580,+3.39, +3.573, +0.169,+0.957
1609571640,+3.39, +3.594, +0.170,+0.957
1609571700,+3.39, +3.583, +0.170,+0.957
1609571760,+3.39, +3.583, +0.169,+0.957
1609571820,+3.39, +3.562, +0.170,+0.957
1609571880,+3.39, +3.573, +0.168,+0.957
1609571940,+3.39, +3.594, +0.168,+0.957
1609572000,+3.39, +3.573, +0.168,+0.957
1609572060,+3.39, +3.594, +0.169,+0.957
1609572120,+3.39, +3.552, +0.169,+0.957
1609572180,+3.39, +3.583, +0.169,+0.957
1609572240,+3.39, +3.573, +0.168,+0.957
1609572300,+3.39, +3.573, +0.169,+0.957
1609572360,+3.39, +3.573, +0.170,+0.957
1609572420,+3.39, +3.573, +0.169,+0.957
1609572480,+3.39, +3.594, +0.168,+0.957
1609572540,+3.39, +3.552, +0.168,+0.957
1609572600,+3.39, +3.604, +0.169,+0.957
1609572660,+3.39, +3.583, +0.169,+0.957
1609572720,+3.39, +3.583, +0.169,+0.957
1609572780,+3.39, +3.594, +0.167,+0.957
1609572840,+3.39, +3.562, +0.171,+0.957
1609572900,+3.39, +3.583, +0.170,+0.957
1609572960,+3.39, +3.573, +0.169,+0.957
1609573020,+3.39, +3.573, +0.169,+0.957
1609573080,+3.39, +3.573, +0.168,+0.957
1609573140,+3.39, +3.573, +0.169,+0.957
1609573200,+3.39, +3.573, +0.167,+0.956
1609573260,+3.39, +3.594, +0.168,+0.957
1609573320,+3.39, +3.562, +0.169,+0.957
1609573380,+3.39, +3.594, +0.170,+0.957
1609573440,+3.39, +3.573, +0.170,+0.957
1609573500,+3.39, +3.573, +0.169,+0.957
1609573560,+3.39, +3.583, +0.168,+0.957
1609573620,+3.40, +3.583, +0.168,+0.957
1609573680,+3.39, +3.594, +0.167,+0.957
1609573740,+3.39, +3.594, +0.168,+0.957
1609573800,+3.39, +3.583, +0.169,+0.957
1609573860,+3.39, +3.562, +0.171,+0.957
1609573920,+3.39, +3.594, +0.168,+0.957
1609573980,+3.39, +3.573, +0.170,+0.957
1609574040,+3.39, +3.604, +0.167,+0.957
1609574100,+3.39, +3.573, +0.169,+0.957
1609574160,+3.39, +3.583, +0.169,+0.957
1609574220,+3.39, +3.604, +0.167,+0.957
1609574280,+3.39, +3.573, +0.170,+0.957
1609574340,+3.39, +3.573, +0.169,+0.957
1609574400,+3.39, +3.573, +0.171,+0.957
1609574460,+3.39, +3.573, +0.168,+0.957
1609574520,+3.39, +3.573, +0.168,+0.957
1609574580,+3.39, +3.573, +0.170,+0.957
1609574640,+3.39, +3.562, +0.170,+0.957
1609574700,+3.39, +3.562, +0.172,+0.957
1609574760,+3.39, +3.583, +0.169,+0.957
1609574820,+3.39, +3.552, +0.170,+0.957
1609574880,+3.39, +3.562, +0.170,+0.957
1609574940,+3.39, +3.594, +0.168,+0.957
1609575000,+3.39, +3.573, +0.169,+0.957
1609575060,+3.39, +3.583, +0.170,+0.957
1609575120,+3.39, +3.552, +0.169,+0.957
1609575180,+3.39, +3.583, +0.168,+0.957
1609575240,+3.39, +3.562, +0.169,+0.957
1609575300,+3.39, +3.562, +0.169,+0.957
1609575360,+3.39, +3.562, +0.170,+0.957
1609575420,+3.39, +3.552, +0.168,+0.956
1609575480,+3.39, +3.573, +0.170,+0.957
1609575540,+3.39, +3.583, +0.169,+0.957
1609575600,+3.39, +3.573, +0.170,+0.957
1609575660,+3.40, +3.573, +0.169,+0.957
1609575720,+3.39, +3.573, +0.169,+0.957
1609575780,+3.39, +3.583, +0.168,+0.957
1609575840,+3.39, +3.552, +0.169,+0.957
1609575900,+3.39, +3.541, +0.170,+0.957
1609575960,+3.39, +3.583, +0.168,+0.957
1609576020,+3.39, +3.583, +0.170,+0.957
1609576080,+3.39, +3.573, +0.169,+0.957
1609576140,+3.39, +3.583, +0.170,+0.957
1609576200,+3.39, +3.541, +0.168,+0.957
1609576260,+3.39, +3.594, +0.168,+0.957
1609576320,+3.39, +3.573, +0.170,+0.957
1609576380,+3.39, +3.573, +0.169,+0.957
1609576440,+3.39, +3.552, +0.170,+0.957
1609576500,+3.39, +3.583, +0.168,+0.957
1609576560,+3.39, +3.625, +0.169,+0.957
1609576620,+3.39, +3.583, +0.169,+0.957
1609576680,+3.39, +3.594, +0.169,+0.957
1609576740,+3.39, +3.594, +0.170,+0.957
1609576800,+3.39, +3.583, +0.168,+0.957
1609576860,+3.39, +3.583, +0.169,+0.957
1609576920,+3.39, +3.573, +0.168,+0.957
1609576980,+3.39, +3.583, +0.169,+0.957
1609577040,+3.39, +3.583, +0.169,+0.957
1609577100,+3.39, +3.583, +0.169,+0.957
1609577160,+3.39, +3.573, +0.169,+0.957
1609577220,+3.39, +3.573, +0.168,+0.957
1609577280,+3.39, +3.573, +0.169,+0.957
1609577340,+3.39, +3.573, +0.167,+0.957
1609577400,+3.39, +3.583, +0.168,+0.957
1609577460,+3.39, +3.552, +0.169,+0.957
1609577520,+3.39, +3.583, +0.167,+0.957
1609577580,+3.39, +3.541, +0.168,+0.956
1609577640,+3.39, +3.562, +0.169,+0.956
1609577700,+3.39, +3.573, +0.170,+0.957
1609577760,+3.39, +3.604, +0.168,+0.957
1609577820,+3.39, +3.583, +0.168,+0.957
1609577880,+3.39, +3.562, +0.170,+0.957
1609577940,+3.39, +3.552, +0.168,+0.957
1609578000,+3.39, +3.573, +0.170,+0.957
1609578060,+3.39, +3.573, +0.170,+0.957
1609578120,+3.39, +3.562, +0.168,+0.957
1609578180,+3.39, +3.583, +0.170,+0.957
1609578240,+3.39, +3.562, +0.168,+0.957
1609578300,+3.39, +3.594, +0.168,+0.957
1609578360,+3.39, +3.562, +0.169,+0.957
1609578420,+3.39, +3.594, +0.168,+0.957
1609578480,+3.39, +3.583, +0.168,+0.957
1609578540,+3.39, +3.583, +0.169,+0.957
1609578600,+3.39, +3.583, +0.169,+0.957
1609578660,+3.39, +3.583, +0.171,+0.957
1609578720,+3.39, +3.573, +0.169,+0.957
1609578780,+3.39, +3.583, +0.169,+0.957
1609578840,+3.39, +3.573, +0.169,+0.957
1609578900,+3.39, +3.573, +0.169,+0.957
1609578960,+3.39, +3.573, +0.169,+0.957
1609579020,+3.39, +3.594, +0.169,+0.957
1609579080,+3.39, +3.594, +0.167,+0.957
1609579140,+3.39, +3.541, +0.168,+0.956
1609579200,+3.39, +3.594, +0.168,+0.957
1609579260,+3.39, +3.552, +0.170,+0.957
1609579320,+3.39, +3.562, +0.169,+0.957
1609579380,+3.39, +3.573, +0.169,+0.957
1609579440,+3.39, +3.583, +0.170,+0.957
1609579500,+3.39, +3.541, +0.171,+0.957
1609579560,+3.39, +3.583, +0.169,+0.957
1609579620,+3.39, +3.604, +0.168,+0.957
1609579680,+3.39, +3.594, +0.169,+0.957
1609579740,+3.39, +3.594, +0.170,+0.957
1609579800,+3.39, +3.562, +0.169,+0.957
1609579860,+3.39, +3.573, +0.169,+0.957
1609579920,+3.39, +3.541, +0.170,+0.957
1609579980,+3.39, +3.573, +0.167,+0.957
1609580040,+3.39, +3.573, +0.166,+0.957
1609580100,+3.39, +3.573, +0.169,+0.957
1609580160,+3.39, +3.573, +0.168,+0.957
1609580220,+3.39, +3.583, +0.168,+0.957
1609580280,+3.39, +3.531, +0.170,+0.957
1609580340,+3.39, +3.562, +0.168,+0.957
1609580400,+3.39, +3.583, +0.168,+0.957
1609580460,+3.39, +3.541, +0.168,+0.957
1609580520,+3.39, +3.625, +0.168,+0.957
1609580580,+3.40, +3.573, +0.169,+0.957
1609580640,+3.39, +3.573, +0.168,+0.957
1609580700,+3.39, +3.573, +0.169,+0.957
1609580760,+3.39, +3.573, +0.170,+0.957
1609580820,+3.39, +3.583, +0.167,+0.957
1609580880,+3.39, +3.594, +0.168,+0.957
1609580940,+3.39, +3.562, +0.168,+0.957
1609581000,+3.39, +3.583, +0.168,+0.957
1609581060,+3.39, +3.562, +0.168,+0.957
1609581120,+3.39, +3.583, +0.168,+0.957
1609581180,+3.39, +3.541, +0.170,+0.957
1609581240,+3.39, +3.573, +0.170,+0.957
1609581300,+3.39, +3.562, +0.169,+0.957
1609581360,+3.39, +3.583, +0.167,+0.957
1609581420,+3.40, +3.594, +0.170,+0.957
1609581480,+3.39, +3.583, +0.169,+0.957
1609581540,+3.40, +3.604, +0.168,+0.957
1609581600,+3.39, +3.573, +0.168,+0.957
1609581660,+3.39, +3.552, +0.169,+0.956
1609581720,+3.39, +3.594, +0.168,+0.957
1609581780,+3.39, +3.583, +0.169,+0.957
1609581840,+3.39, +3.583, +0.170,+0.957
1609581900,+3.39, +3.573, +0.169,+0.957
1609581960,+3.39, +3.562, +0.169,+0.957
1609582020,+3.39, +3.573, +0.168,+0.957
1609582080,+3.39, +3.573, +0.169,+0.957
1609582140,+3.39, +3.573, +0.170,+0.957
1609582200,+3.39, +3.583, +0.169,+0.957
1609582260,+3.39, +3.583, +0.169,+0.957
1609582320,+3.39, +3.594, +0.169,+0.957
1609582380,+3.39, +3.552, +0.168,+0.957
1609582440,+3.39, +3.541, +0.169,+0.957
1609582500,+3.39, +3.583, +0.168,+0.957
1609582560,+3.39, +3.552, +0.169,+0.957
1609582620,+3.39, +3.583, +0.169,+0.957
1609582680,+3.39, +3.594, +0.169,+0.957
1609582740,+3.39, +3.594, +0.169,+0.957
1609582800,+3.39, +3.562, +0.169,+0.957
1609582860,+3.39, +3.562, +0.169,+0.957
1609582920,+3.39, +3.562, +0.169,+0.957
1609582980,+3.39, +3.573, +0.168,+0.957
1609583040,+3.39, +3.562, +0.168,+0.957
1609583100,+3.39, +3.552, +0.169,+0.957
1609583160,+3.39, +3.562, +0.168,+0.957
1609583220,+3.39, +3.583, +0.169,+0.957
1609583280,+3.39, +3.573, +0.168,+0.957
1609583340,+3.39, +3.573, +0.169,+0.957
1609583400,+3.39, +3.573, +0.169,+0.957
1609583460,+3.39, +3.594, +0.169,+0.957
1609583520,+3.39, +3.573, +0.168,+0.957
1609583580,+3.39, +3.573, +0.169,+0.957
1609583640,+3.39, +3.594, +0.168,+0.957
1609583700,+3.39, +3.541, +0.170,+0.957
1609583760,+3.39, +3.583, +0.168,+0.957
1609583820,+3.39, +3.573, +0.167,+0.957
1609583880,+3.39, +3.594, +0.168,+0.957
1609583940,+3.39, +3.562, +0.170,+0.957
1609584000,+3.39, +3.583, +0.167,+0.956
1609584060,+3.39, +3.573, +0.169,+0.957
1609584120,+3.39, +3.562, +0.168,+0.957
1609584180,+3.39, +3.541, +0.170,+0.957
1609584240,+3.39, +3.562, +0.170,+0.957
1609584300,+3.39, +3.594, +0.168,+0.957
1609584360,+3.39, +3.541, +0.168,+0.957
1609584420,+3.39, +3.573, +0.169,+0.957
1609584480,+3.39, +3.573, +0.169,+0.957
1609584540,+3.39, +3.541, +0.169,+0.957
1609584600,+3.39, +3.573, +0.168,+0.957
1609584660,+3.39, +3.562, +0.169,+0.957
1609584720,+3.39, +3.573, +0.169,+0.957
1609584780,+3.39, +3.583, +0.168,+0.957
1609584840,+3.39, +3.583, +0.168,+0.957
1609584900,+3.39, +3.552, +0.169,+0.957
1609584960,+3.39, +3.552, +0.169,+0.957
1609585020,+3.39, +3.573, +0.169,+0.957
1609585080,+3.39, +3.573, +0.168,+0.957
1609585140,+3.39, +3.573, +0.169,+0.957
1609585200,+3.39, +3.573, +0.169,+0.957
1609585260,+3.39, +3.552, +0.170,+0.957
1609585320,+3.39, +3.594, +0.167,+0.957
1609585380,+3.39, +3.583, +0.168,+0.957
1609585440,+3.39, +3.552, +0.167,+0.957
1609585500,+3.39, +3.583, +0.167,+0.957
1609585560,+3.39, +3.594, +0.169,+0.957
1609585620,+3.39, +3.573, +0.170,+0.957
1609585680,+3.39, +3.573, +0.168,+0.956
1609585740,+3.39, +3.562, +0.168,+0.957
1609585800,+3.39, +3.573, +0.169,+0.957
1609585860,+3.39, +3.583, +0.169,+0.957
1609585920,+3.39, +3.594, +0.170,+0.957
1609585980,+3.39, +3.583, +0.169,+0.957
1609586040,+3.39, +3.573, +0.168,+0.957
1609586100,+3.39, +3.573, +0.168,+0.957
1609586160,+3.40, +3.583, +0.169,+0.957
1609586220,+3.39, +3.583, +0.169,+0.957
1609586280,+3.39, +3.573, +0.167,+0.956
1609586340,+3.39, +3.562, +0.170,+0.957
1609586400,+3.39, +3.583, +0.168,+0.957
1609586460,+3.39, +3.573, +0.169,+0.957
1609586520,+3.39, +3.583, +0.169,+0.957
1609586580,+3.39, +3.573, +0.169,+0.957
1609586640,+3.39, +3.552, +0.171,+0.957
1609586700,+3.39, +3.552, +0.168,+0.957
1609586760,+3.39, +3.552, +0.169,+0.956
1609586820,+3.39, +3.573, +0.168,+0.957
1609586880,+3.39, +3.562, +0.169,+0.957
1609586940,+3.39, +3.583, +0.169,+0.957
1609587000,+3.39, +3.583, +0.167,+0.956
1609587060,+3.39, +3.573, +0.169,+0.957
1609587120,+3.39, +3.552, +0.169,+0.957
1609587180,+3.40, +3.552, +0.169,+0.957
1609587240,+3.39, +3.583, +0.169,+0.957
1609587300,+3.39, +3.552, +0.168,+0.957
1609587360,+3.39, +3.573, +0.168,+0.957
1609587420,+3.39, +3.573, +0.168,+0.957
1609587480,+3.39, +3.573, +0.168,+0.957
1609587540,+3.39, +3.583, +0.168,+0.956
1609587600,+3.39, +3.594, +0.168,+0.957
1609587660,+3.39, +3.562, +0.169,+0.957
1609587720,+3.39, +3.573, +0.169,+0.957
1609587780,+3.39, +3.583, +0.169,+0.957
1609587840,+3.39, +3.573, +0.169,+0.957
1609587900,+3.39, +3.552, +0.169,+0.957
1609587960,+3.39, +3.594, +0.168,+0.957
1609588020,+3.39, +3.583, +0.169,+0.957
1609588080,+3.39, +3.583, +0.168,+0.957
1609588140,+3.39, +3.604, +0.168,+0.957
1609588200,+3.39, +3.573, +0.170,+0.957
1609588260,+3.39, +3.552, +0.169,+0.957
1609588320,+3.39, +3.562, +0.168,+0.957
1609588380,+3.39, +3.573, +0.169,+0.957
1609588440,+3.39, +3.573, +0.169,+0.957
1609588500,+3.39, +3.562, +0.168,+0.957
1609588560,+3.39, +3.604, +0.169,+0.957
1609588620,+3.39, +3.552, +0.169,+0.956
1609588680,+3.39, +3.583, +0.169,+0.957
1609588740,+3.39, +3.573, +0.169,+0.957
1609588800,+3.39, +3.562, +0.170,+0.957
1609588860,+3.39, +3.562, +0.170,+0.957
1609588920,+3.39, +3.562, +0.170,+0.957
1609588980,+3.39, +3.573, +0.169,+0.957
1609589040,+3.39, +3.573, +0.169,+0.957
1609589100,+3.39, +3.583, +0.169,+0.957
1609589160,+3.39, +3.552, +0.170,+0.957
1609589220,+3.39, +3.573, +0.169,+0.957
1609589280,+3.39, +3.562, +0.169,+0.957
1609589340,+3.39, +3.583, +0.169,+0.957
1609589400,+3.39, +3.614, +0.168,+0.957
1609589460,+3.39, +3.562, +0.167,+0.956
1609589520,+3.39, +3.573, +0.170,+0.957
1609589580,+3.39, +3.573, +0.168,+0.957
1609589640,+3.39, +3.562, +0.168,+0.957
1609589700,+3.39, +3.541, +0.169,+0.957
1609589760,+3.39, +3.594, +0.167,+0.957
1609589820,+3.39, +3.594, +0.169,+0.957
1609589880,+3.39, +3.562, +0.171,+0.957
1609589940,+3.39, +3.562, +0.168,+0.957
1609590000,+3.39, +3.552, +0.169,+0.957
1609590060,+3.39, +3.583, +0.169,+0.957
1609590120,+3.39, +3.562, +0.169,+0.957
1609590180,+3.39, +3.594, +0.168,+0.957
1609590240,+3.39, +3.573, +0.169,+0.957
1609590300,+3.39, +3.583, +0.169,+0.957
1609590360,+3.39, +3.562, +0.170,+0.957
1609590420,+3.39, +3.594, +0.169,+0.957
1609590480,+3.39, +3.594, +0.170,+0.957
1609590540,+3.39, +3.573, +0.169,+0.957
1609590600,+3.39, +3.573, +0.169,+0.957
1609590660,+3.39, +3.552, +0.169,+0.957
1609590720,+3.39, +3.573, +0.169,+0.957
1609590780,+3.39, +3.573, +0.169,+0.957
1609590840,+3.39, +3.583, +0.170,+0.957
1609590900,+3.39, +3.594, +0.169,+0.957
1609590960,+3.39, +3.573, +0.170,+0.957
1609591020,+3.39, +3.583, +0.169,+0.957
1609591080,+3.39, +3.573, +0.168,+0.957
1609591140,+3.39, +3.573, +0.170,+0.957
1609591200,+3.39, +3.614, +0.167,+0.957
1609591260,+3.39, +3.562, +0.170,+0.957
1609591320,+3.39, +3.573, +0.169,+0.957
1609591380,+3.39, +3.604, +0.169,+0.957
1609591440,+3.39, +3.583, +0.166,+0.956
1609591500,+3.39, +3.562, +0.170,+0.957
1609591560,+3.39, +3.583, +0.169,+0.957
1609591620,+3.39, +3.573, +0.169,+0.957
1609591680,+3.39, +3.573, +0.168,+0.957
1609591740,+3.39, +3.583, +0.170,+0.957
1609591800,+3.39, +3.552, +0.170,+0.957
1609591860,+3.39, +3.583, +0.168,+0.957
1609591920,+3.39, +3.583, +0.168,+0.957
1609591980,+3.39, +3.552, +0.169,+0.957
1609592040,+3.39, +3.573, +0.170,+0.957
1609592100,+3.39, +3.541, +0.170,+0.957
1609592160,+3.39, +3.573, +0.168,+0.957
1609592220,+3.39, +3.562, +0.168,+0.957
1609592280,+3.39, +3.552, +0.170,+0.957
1609592340,+3.39, +3.583, +0.169,+0.957
1609592400,+3.39, +3.541, +0.169,+0.957
1609592460,+3.39, +3.583, +0.169,+0.957
1609592520,+3.39, +3.594, +0.170,+0.957
1609592580,+3.39, +3.552, +0.168,+0.957
1609592640,+3.39, +3.583, +0.168,+0.957
1609592700,+3.39, +3.562, +0.169,+0.957
1609592760,+3.39, +3.562, +0.168,+0.957
1609592820,+3.39, +3.573, +0.169,+0.957
1609592880,+3.39, +3.531, +0.169,+0.957
1609592940,+3.39, +3.552, +0.170,+0.957
1609593000,+3.39, +3.562, +0.168,+0.957
1609593060,+3.39, +3.583, +0.169,+0.957
1609593120,+3.39, +3.573, +0.169,+0.957
1609593180,+3.39, +3.541, +0.170,+0.957
1609593240,+3.39, +3.552, +0.169,+0.957
1609593300,+3.39, +3.594, +0.168,+0.957
1609593360,+3.39, +3.573, +0.169,+0.957
1609593420,+3.39, +3.594, +0.167,+0.957
1609593480,+3.39, +3.583, +0.170,+0.957
1609593540,+3.39, +3.552, +0.168,+0.957
1609593600,+3.39, +3.562, +0.169,+0.957
1609593660,+3.39, +3.552, +0.169,+0.957
1609593720,+3.39, +3.552, +0.168,+0.956
1609593780,+3.39, +3.583, +0.167,+0.957
1609593840,+3.39, +3.594, +0.169,+0.957
1609593900,+3.39, +3.562, +0.169,+0.957
1609593960,+3.39, +3.562, +0.168,+0.957
1609594020,+3.39, +3.541, +0.170,+0.957
1609594080,+3.39, +3.573, +0.170,+0.957
1609594140,+3.39, +3.583, +0.169,+0.957
1609594200,+3.39, +3.541, +0.167,+0.957
1609594260,+3.39, +3.583, +0.166,+0.956
1609594320,+3.39, +3.562, +0.168,+0.957
1609594380,+3.40, +3.573, +0.169,+0.957
1609594440,+3.39, +3.573, +0.169,+0.957
1609594500,+3.39, +3.604, +0.169,+0.957
1609594560,+3.39, +3.562, +0.169,+0.957
1609594620,+3.39, +3.573, +0.168,+0.957
1609594680,+3.39, +3.573, +0.169,+0.957
1609594740,+3.39, +3.573, +0.170,+0.957
1609594800,+3.39, +3.562, +0.167,+0.957
1609594860,+3.39, +3.573, +0.168,+0.957
1609594920,+3.39, +3.573, +0.167,+0.957
1609594980,+3.39, +3.583, +0.169,+0.957
1609595040,+3.39, +3.573, +0.168,+0.957
1609595100,+3.39, +3.573, +0.170,+0.957
1609595160,+3.39, +3.573, +0.170,+0.957
1609595220,+3.39, +3.510, +0.169,+0.957
1609595280,+3.39, +3.562, +0.170,+0.957
1609595340,+3.39, +3.573, +0.169,+0.957
1609595400,+3.39, +3.562, +0.170,+0.957
1609595460,+3.39, +3.562, +0.168,+0.957
1609595520,+3.39, +3.562, +0.169,+0.957
1609595580,+3.39, +3.531, +0.170,+0.957
1609595640,+3.39, +3.531, +0.168,+0.956
1609595700,+3.39, +3.562, +0.169,+0.957
1609595760,+3.39, +3.573, +0.169,+0.957
1609595820,+3.39, +3.531, +0.171,+0.957
1609595880,+3.39, +3.499, +0.169,+0.956
1609595940,+3.39, +3.594, +0.169,+0.957
1609596000,+3.39, +3.552, +0.169,+0.957
1609596060,+3.39, +3.562, +0.169,+0.957
1609596120,+3.39, +3.562, +0.170,+0.957
1609596180,+3.39, +3.573, +0.170,+0.957
1609596240,+3.39, +3.562, +0.168,+0.957
1609596300,+3.39, +3.552, +0.169,+0.957
1609596360,+3.39, +3.520, +0.170,+0.957
1609596420,+3.39, +3.552, +0.168,+0.957
1609596480,+3.39, +3.562, +0.169,+0.957
1609596540,+3.39, +3.562, +0.167,+0.957
1609596600,+3.39, +3.562, +0.167,+0.957
1609596660,+3.39, +3.562, +0.167,+0.956
1609596720,+3.39, +3.583, +0.170,+0.957
1609596780,+3.39, +3.562, +0.170,+0.957
1609596840,+3.39, +3.552, +0.170,+0.957
1609596900,+3.39, +3.583, +0.168,+0.957
1609596960,+3.39, +3.573, +0.167,+0.957
1609597020,+3.39, +3.562, +0.169,+0.957
1609597080,+3.39, +3.583, +0.166,+0.957
1609597140,+3.39, +3.573, +0.168,+0.957
1609597200,+3.39, +3.573, +0.169,+0.957
1609597260,+3.39, +3.573, +0.169,+0.957
1609597320,+3.39, +3.552, +0.171,+0.957
1609597380,+3.39, +3.583, +0.169,+0.957
1609597440,+3.39, +3.573, +0.168,+0.957
1609597500,+3.39, +3.541, +0.170,+0.957
1609597560,+3.39, +3.583, +0.168,+0.957
1609597620,+3.39, +3.573, +0.168,+0.957
1609597680,+3.39, +3.573, +0.171,+0.957
1609597740,+3.39, +3.541, +0.168,+0.957
1609597800,+3.39, +3.562, +0.170,+0.957
1609597860,+3.39, +3.573, +0.170,+0.957
1609597920,+3.39, +3.573, +0.169,+0.957
1609597980,+3.39, +3.552, +0.169,+0.957
1609598040,+3.39, +3.562, +0.170,+0.957
1609598100,+3.39, +3.552, +0.170,+0.957
1609598160,+3.39, +3.552, +0.171,+0.957
1609598220,+3.39, +3.594, +0.168,+0.957
1609598280,+3.39, +3.573, +0.168,+0.957
1609598340,+3.39, +3.552, +0.169,+0.957
1609598400,+3.39, +3.583, +0.169,+0.957
1609598460,+3.39, +3.583, +0.169,+0.957
1609598520,+3.39, +3.562, +0.169,+0.957
1609598580,+3.39, +3.552, +0.171,+0.957
1609598640,+3.39, +3.573, +0.170,+0.957
1609598700,+3.39, +3.573, +0.168,+0.957
1609598760,+3.39, +3.531, +0.170,+0.957
1609598820,+3.39, +3.573, +0.169,+0.957
1609598880,+3.39, +3.573, +0.170,+0.957
1609598940,+3.39, +3.541, +0.170,+0.957
1609599000,+3.39, +3.583, +0.170,+0.957
1609599060,+3.39, +3.604, +0.167,+0.957
1609599120,+3.39, +3.531, +0.170,+0.956
1609599180,+3.39, +3.583, +0.169,+0.957
1609599240,+3.39, +3.573, +0.170,+0.957
1609599300,+3.39, +3.573, +0.168,+0.957
1609599360,+3.39, +3.562, +0.169,+0.957
1609599420,+3.39, +3.573, +0.169,+0.957
1609599480,+3.39, +3.573, +0.168,+0.957
1609599540,+3.39, +3.562, +0.169,+0.957
1609599600,+3.39, +3.552, +0.168,+0.957
1609599660,+3.39, +3.562, +0.168,+0.956
1609599720,+3.39, +3.562, +0.168,+0.957
1609599780,+3.39, +3.573, +0.169,+0.957
1609599840,+3.39, +3.562, +0.170,+0.957
1609599900,+3.39, +3.573, +0.170,+0.957
1609599960,+3.39, +3.562, +0.169,+0.957
1609600020,+3.39, +3.562, +0.167,+0.956
1609600080,+3.39, +3.583, +0.169,+0.957
1609600140,+3.39, +3.583, +0.168,+0.957
1609600200,+3.39, +3.541, +0.169,+0.957
1609600260,+3.39, +3.562, +0.169,+0.957
1609600320,+3.39, +3.562, +0.170,+0.957
1609600380,+3.39, +3.594, +0.169,+0.957
1609600440,+3.39, +3.583, +0.167,+0.956
1609600500,+3.39, +3.594, +0.167,+0.957
1609600560,+3.39, +3.541, +0.168,+0.957
1609600620,+3.39, +3.562, +0.169,+0.957
1609600680,+3.39, +3.573, +0.167,+0.957
1609600740,+3.39, +3.562, +0.167,+0.956
1609600800,+3.39, +3.552, +0.168,+0.957
1609600860,+3.39, +3.552, +0.168,+0.957
1609600920,+3.39, +3.594, +0.169,+0.957
1609600980,+3.39, +3.573, +0.171,+0.957
1609601040,+3.39, +3.594, +0.168,+0.957
1609601100,+3.39, +3.552, +0.168,+0.957
1609601160,+3.39, +3.594, +0.167,+0.957
1609601220,+3.39, +3.583, +0.169,+0.957
1609601280,+3.39, +3.604, +0.167,+0.957
1609601340,+3.39, +3.573, +0.169,+0.957
1609601400,+3.39, +3.562, +0.170,+0.957
1609601460,+3.39, +3.562, +0.170,+0.957
1609601520,+3.39, +3.573, +0.169,+0.957
1609601580,+3.39, +3.562, +0.170,+0.957
1609601640,+3.39, +3.562, +0.169,+0.957
1609601700,+3.39, +3.573, +0.170,+0.957
1609601760,+3.39, +3.573, +0.169,+0.957
1609601820,+3.39, +3.573, +0.169,+0.957
1609601880,+3.39, +3.562, +0.169,+0.957
1609601940,+3.39, +3.583, +0.168,+0.957
1609602000,+3.39, +3.583, +0.170,+0.957
1609602060,+3.39, +3.583, +0.170,+0.957
1609602120,+3.39, +3.573, +0.167,+0.957
1609602180,+3.39, +3.573, +0.170,+0.957
1609602240,+3.39, +3.573, +0.170,+0.957
1609602300,+3.39, +3.562, +0.169,+0.957
1609602360,+3.39, +3.583, +0.169,+0.957
1609602420,+3.39, +3.552, +0.169,+0.957
1609602480,+3.39, +3.573, +0.169,+0.957
1609602540,+3.39, +3.583, +0.169,+0.957
1609602600,+3.39, +3.573, +0.170,+0.957
1609602660,+3.39, +3.583, +0.169,+0.957
1609602720,+3.39, +3.594, +0.167,+0.956
1609602780,+3.39, +3.573, +0.167,+0.957
1609602840,+3.39, +3.573, +0.169,+0.957
1609602900,+3.39, +3.573, +0.167,+0.957
1609602960,+3.39, +3.583, +0.168,+0.957
1609603020,+3.39, +3.573, +0.170,+0.957
1609603080,+3.39, +3.594, +0.168,+0.957
1609603140,+3.39, +3.583, +0.169,+0.957
1609603200,+3.39, +3.552, +0.170,+0.957
1609603260,+3.39, +3.604, +0.168,+0.957
1609603320,+3.39, +3.594, +0.169,+0.957
1609603380,+3.39, +3.531, +0.170,+0.957
1609603440,+3.39, +3.562, +0.167,+0.957
1609603500,+3.39, +3.573, +0.169,+0.957
1609603560,+3.39, +3.583, +0.169,+0.957
1609603620,+3.39, +3.552, +0.168,+0.956
1609603680,+3.39, +3.594, +0.168,+0.957
1609603740,+3.39, +3.583, +0.168,+0.957
1609603800,+3.39, +3.552, +0.170,+0.957
1609603860,+3.39, +3.562, +0.170,+0.957
1609603920,+3.39, +3.562, +0.169,+0.957
1609603980,+3.39, +3.583, +0.169,+0.957
1609604040,+3.39, +3.583, +0.167,+0.957
1609604100,+3.39, +3.573, +0.171,+0.957
1609604160,+3.39, +3.573, +0.167,+0.957
1609604220,+3.39, +3.541, +0.169,+0.956
1609604280,+3.39, +3.552, +0.168,+0.956
1609604340,+3.39, +3.573, +0.169,+0.957
1609604400,+3.39, +3.520, +0.169,+0.956
1609604460,+3.39, +3.541, +0.169,+0.957
1609604520,+3.39, +3.541, +0.170,+0.957
1609604580,+3.39, +3.552, +0.169,+0.957
1609604640,+3.39, +3.562, +0.170,+0.957
1609604700,+3.39, +3.562, +0.169,+0.957
1609604760,+3.39, +3.583, +0.169,+0.957
1609604820,+3.39, +3.552, +0.169,+0.957
1609604880,+3.39, +3.562, +0.170,+0.957
1609604940,+3.39, +3.573, +0.169,+0.957
1609605000,+3.39, +3.552, +0.168,+0.957
1609605060,+3.39, +3.583, +0.169,+0.957
1609605120,+3.39, +3.510, +0.170,+0.957
1609605180,+3.39, +3.552, +0.169,+0.956
1609605240,+3.39, +3.583, +0.168,+0.957
1609605300,+3.39, +3.552, +0.169,+0.957
1609605360,+3.39, +3.552, +0.169,+0.957
1609605420,+3.39, +3.562, +0.169,+0.957
1609605480,+3.39, +3.552, +0.170,+0.957
1609605540,+3.39, +3.552, +0.171,+0.957
1609605600,+3.39, +3.562, +0.168,+0.957
