7392-570653
OS REV: 1.11 Sensor Cal: 1428445788
Time (sec),  BV (Volts),  T (deg C),  DO (mg/l),  Q ()
1574801460,+3.38, +4.010, +0.157,+0.959
1574801520,+3.38, +3.989, +0.157,+0.959
1574801580,+3.38, +3.927, +0.158,+0.959
1574801640,+3.38, +4.010, +0.156,+0.959
1574801700,+3.38, +3.989, +0.156,+0.959
1574801760,+3.38, +4.000, +0.156,+0.959
1574801820,+3.38, +4.000, +0.155,+0.959
1574801880,+3.37, +3.969, +0.158,+0.959
1574801940,+3.38, +4.000, +0.156,+0.959
1574802000,+3.38, +3.989, +0.156,+0.959
1574802060,+3.38, +4.000, +0.157,+0.959
1574802120,+3.38, +4.000, +0.156,+0.959
1574802180,+3.38, +4.000, +0.155,+0.959
1574802240,+3.38, +4.000, +0.155,+0.959
1574802300,+3.38, +4.000, +0.158,+0.959
1574802360,+3.38, +3.979, +0.156,+0.959
1574802420,+3.38, +3.979, +0.160,+0.959
1574802480,+3.38, +3.989, +0.157,+0.959
1574802540,+3.38, +3.979, +0.157,+0.959
1574802600,+3.38, +4.000, +0.158,+0.959
1574802660,+3.38, +4.010, +0.157,+0.959
1574802720,+3.38, +3.979, +0.157,+0.959
1574802780,+3.38, +4.010, +0.157,+0.959
1574802840,+3.38, +3.979, +0.158,+0.959
1574802900,+3.38, +4.000, +0.156,+0.959
1574802960,+3.38, +3.989, +0.158,+0.959
1574803020,+3.38, +3.989, +0.159,+0.959
1574803080,+3.38, +4.010, +0.158,+0.959
1574803140,+3.38, +4.010, +0.156,+0.959
1574803200,+3.38, +4.041, +0.158,+0.959
1574803260,+3.38, +4.000, +0.156,+0.959
1574803320,+3.38, +4.000, +0.159,+0.959
1574803380,+3.38, +3.958, +0.157,+0.959
1574803440,+3.38, +3.989, +0.159,+0.959
1574803500,+3.38, +4.020, +0.158,+0.959
1574803560,+3.38, +4.000, +0.159,+0.959
1574803620,+3.38, +4.031, +0.156,+0.959
1574803680,+3.38, +3.979, +0.158,+0.959
1574803740,+3.38, +3.989, +0.158,+0.959
1574803800,+3.38, +4.000, +0.158,+0.959
1574803860,+3.38, +4.000, +0.160,+0.959
1574803920,+3.38, +3.989, +0.158,+0.959
1574803980,+3.38, +4.000, +0.158,+0.959
1574804040,+3.38, +4.000, +0.158,+0.959
1574804100,+3.38, +4.000, +0.158,+0.959
1574804160,+3.38, +4.010, +0.157,+0.959
1574804220,+3.38, +4.010, +0.158,+0.959
1574804280,+3.38, +4.000, +0.159,+0.959
1574804340,+3.38, +3.989, +0.157,+0.959
1574804400,+3.38, +3.979, +0.159,+0.959
1574804460,+3.38, +3.989, +0.159,+0.959
1574804520,+3.38, +3.989, +0.158,+0.959
1574804580,+3.38, +4.000, +0.158,+0.959
1574804640,+3.38, +3.979, +0.157,+0.959
1574804700,+3.38, +3.979, +0.158,+0.959
1574804760,+3.38, +4.000, +0.157,+0.959
1574804820,+3.38, +3.979, +0.159,+0.959
1574804880,+3.38, +4.000, +0.157,+0.959
1574804940,+3.38, +4.000, +0.158,+0.959
1574805000,+3.38, +3.989, +0.157,+0.959
1574805060,+3.38, +4.010, +0.158,+0.959
1574805120,+3.38, +3.969, +0.160,+0.959
1574805180,+3.38, +3.989, +0.158,+0.959
1574805240,+3.38, +3.989, +0.159,+0.959
1574805300,+3.38, +3.979, +0.159,+0.959
1574805360,+3.38, +3.989, +0.158,+0.959
1574805420,+3.38, +3.979, +0.156,+0.959
1574805480,+3.38, +3.989, +0.159,+0.959
1574805540,+3.38, +3.979, +0.159,+0.959
1574805600,+3.38, +4.000, +0.158,+0.959
1574805660,+3.38, +3.989, +0.158,+0.959
1574805720,+3.38, +3.989, +0.159,+0.959
1574805780,+3.38, +3.969, +0.158,+0.959
1574805840,+3.38, +3.989, +0.157,+0.959
1574805900,+3.38, +4.000, +0.159,+0.959
1574805960,+3.38, +3.989, +0.157,+0.959
1574806020,+3.38, +3.989, +0.157,+0.959
1574806080,+3.38, +4.010, +0.158,+0.959
1574806140,+3.38, +4.000, +0.158,+0.959
1574806200,+3.38, +3.989, +0.158,+0.959
1574806260,+3.38, +3.989, +0.157,+0.959
1574806320,+3.38, +4.000, +0.158,+0.959
1574806380,+3.38, +3.989, +0.158,+0.959
1574806440,+3.38, +3.989, +0.158,+0.959
1574806500,+3.38, +3.989, +0.158,+0.959
1574806560,+3.38, +3.989, +0.158,+0.959
1574806620,+3.38, +3.979, +0.160,+0.959
1574806680,+3.38, +3.989, +0.158,+0.959
1574806740,+3.38, +3.979, +0.157,+0.959
1574806800,+3.38, +4.010, +0.158,+0.959
1574806860,+3.38, +4.031, +0.158,+0.959
1574806920,+3.38, +3.979, +0.158,+0.959
1574806980,+3.38, +3.989, +0.159,+0.959
1574807040,+3.38, +3.989, +0.159,+0.959
1574807100,+3.38, +4.000, +0.157,+0.959
1574807160,+3.38, +4.010, +0.158,+0.959
1574807220,+3.38, +3.958, +0.157,+0.959
1574807280,+3.38, +3.969, +0.160,+0.959
1574807340,+3.38, +3.989, +0.158,+0.959
1574807400,+3.38, +4.000, +0.158,+0.959
1574807460,+3.38, +3.989, +0.157,+0.959
1574807520,+3.38, +4.010, +0.158,+0.959
1574807580,+3.38, +3.969, +0.158,+0.959
1574807640,+3.38, +4.031, +0.157,+0.959
1574807700,+3.38, +4.020, +0.159,+0.959
1574807760,+3.38, +4.000, +0.159,+0.959
1574807820,+3.38, +4.010, +0.156,+0.959
1574807880,+3.38, +4.010, +0.157,+0.959
1574807940,+3.38, +4.010, +0.159,+0.959
1574808000,+3.38, +4.000, +0.158,+0.959
1574808060,+3.38, +4.000, +0.158,+0.959
1574808120,+3.38, +3.989, +0.159,+0.959
1574808180,+3.38, +4.010, +0.158,+0.959
1574808240,+3.38, +3.989, +0.159,+0.959
1574808300,+3.38, +3.979, +0.159,+0.959
1574808360,+3.38, +3.989, +0.158,+0.959
1574808420,+3.38, +3.969, +0.159,+0.959
1574808480,+3.38, +3.989, +0.156,+0.959
1574808540,+3.38, +3.989, +0.158,+0.959
1574808600,+3.38, +3.979, +0.157,+0.959
1574808660,+3.38, +3.979, +0.159,+0.959
1574808720,+3.38, +3.979, +0.159,+0.959
1574808780,+3.38, +3.989, +0.157,+0.959
1574808840,+3.38, +3.989, +0.159,+0.959
1574808900,+3.38, +3.989, +0.158,+0.959
1574808960,+3.38, +4.000, +0.159,+0.959
1574809020,+3.38, +4.010, +0.159,+0.959
1574809080,+3.38, +4.000, +0.159,+0.959
1574809140,+3.38, +4.000, +0.158,+0.959
1574809200,+3.38, +3.979, +0.159,+0.959
1574809260,+3.38, +3.989, +0.157,+0.959
1574809320,+3.38, +3.989, +0.158,+0.959
1574809380,+3.38, +3.989, +0.159,+0.959
1574809440,+3.38, +3.989, +0.159,+0.959
1574809500,+3.38, +3.969, +0.159,+0.959
1574809560,+3.38, +3.979, +0.158,+0.959
1574809620,+3.38, +3.979, +0.158,+0.959
1574809680,+3.38, +3.979, +0.158,+0.959
1574809740,+3.38, +3.989, +0.159,+0.959
1574809800,+3.38, +4.000, +0.157,+0.959
1574809860,+3.38, +3.989, +0.159,+0.959
1574809920,+3.38, +4.010, +0.160,+0.959
1574809980,+3.38, +4.010, +0.158,+0.959
1574810040,+3.38, +3.989, +0.159,+0.959
1574810100,+3.38, +3.989, +0.158,+0.959
1574810160,+3.38, +3.969, +0.158,+0.959
1574810220,+3.38, +4.000, +0.158,+0.959
1574810280,+3.38, +3.989, +0.157,+0.959
1574810340,+3.38, +4.000, +0.158,+0.959
1574810400,+3.38, +3.989, +0.158,+0.959
1574810460,+3.38, +3.989, +0.158,+0.959
1574810520,+3.38, +3.979, +0.158,+0.959
1574810580,+3.38, +4.010, +0.157,+0.959
1574810640,+3.38, +3.989, +0.158,+0.959
1574810700,+3.38, +4.000, +0.157,+0.959
1574810760,+3.38, +4.010, +0.157,+0.959
1574810820,+3.38, +3.989, +0.158,+0.959
1574810880,+3.38, +4.000, +0.157,+0.959
1574810940,+3.38, +3.989, +0.158,+0.959
1574811000,+3.38, +4.000, +0.157,+0.959
1574811060,+3.38, +3.979, +0.158,+0.959
1574811120,+3.38, +3.969, +0.159,+0.959
1574811180,+3.38, +3.989, +0.158,+0.959
1574811240,+3.38, +4.010, +0.158,+0.959
1574811300,+3.38, +4.000, +0.158,+0.959
1574811360,+3.38, +4.000, +0.158,+0.959
1574811420,+3.38, +3.969, +0.159,+0.959
1574811480,+3.38, +3.969, +0.157,+0.959
1574811540,+3.38, +3.989, +0.158,+0.959
1574811600,+3.37, +3.979, +0.158,+0.959
1574811660,+3.38, +4.000, +0.155,+0.959
1574811720,+3.38, +3.958, +0.159,+0.959
1574811780,+3.38, +4.000, +0.157,+0.959
1574811840,+3.38, +3.989, +0.158,+0.959
1574811900,+3.38, +3.989, +0.156,+0.959
1574811960,+3.38, +3.989, +0.157,+0.959
1574812020,+3.38, +3.989, +0.157,+0.959
1574812080,+3.38, +3.989, +0.159,+0.959
1574812140,+3.38, +3.989, +0.158,+0.959
1574812200,+3.38, +3.989, +0.156,+0.959
1574812260,+3.38, +3.958, +0.159,+0.959
1574812320,+3.38, +3.958, +0.158,+0.959
1574812380,+3.38, +4.010, +0.157,+0.959
1574812440,+3.38, +4.010, +0.156,+0.959
1574812500,+3.38, +3.958, +0.158,+0.959
1574812560,+3.38, +3.989, +0.156,+0.959
1574812620,+3.38, +3.979, +0.157,+0.959
1574812680,+3.38, +3.969, +0.158,+0.959
1574812740,+3.38, +4.000, +0.157,+0.959
1574812800,+3.38, +3.979, +0.157,+0.959
1574812860,+3.38, +3.989, +0.159,+0.959
1574812920,+3.38, +3.989, +0.158,+0.959
1574812980,+3.38, +3.969, +0.158,+0.959
1574813040,+3.38, +3.969, +0.158,+0.959
1574813100,+3.38, +4.000, +0.157,+0.959
1574813160,+3.38, +4.010, +0.158,+0.959
1574813220,+3.38, +3.969, +0.160,+0.959
1574813280,+3.38, +3.979, +0.156,+0.959
1574813340,+3.38, +3.958, +0.158,+0.959
1574813400,+3.38, +3.989, +0.157,+0.959
1574813460,+3.38, +3.989, +0.158,+0.959
1574813520,+3.38, +3.969, +0.159,+0.959
1574813580,+3.38, +3.979, +0.156,+0.959
1574813640,+3.38, +3.937, +0.160,+0.959
1574813700,+3.38, +4.010, +0.157,+0.959
1574813760,+3.38, +3.989, +0.156,+0.959
1574813820,+3.38, +3.979, +0.159,+0.959
1574813880,+3.38, +3.979, +0.156,+0.959
1574813940,+3.38, +3.969, +0.159,+0.959
1574814000,+3.38, +3.979, +0.160,+0.959
1574814060,+3.38, +3.989, +0.157,+0.959
1574814120,+3.38, +3.979, +0.157,+0.959
1574814180,+3.38, +3.958, +0.157,+0.959
1574814240,+3.38, +3.989, +0.156,+0.959
1574814300,+3.38, +3.979, +0.158,+0.959
1574814360,+3.38, +3.958, +0.158,+0.959
1574814420,+3.38, +3.937, +0.159,+0.959
1574814480,+3.38, +3.979, +0.157,+0.959
1574814540,+3.38, +3.958, +0.157,+0.959
1574814600,+3.38, +3.948, +0.159,+0.959
1574814660,+3.37, +3.989, +0.159,+0.959
1574814720,+3.38, +3.979, +0.159,+0.959
1574814780,+3.38, +3.958, +0.159,+0.959
1574814840,+3.38, +3.979, +0.157,+0.959
1574814900,+3.38, +3.989, +0.157,+0.959
1574814960,+3.38, +3.989, +0.158,+0.959
1574815020,+3.38, +3.979, +0.158,+0.959
1574815080,+3.38, +3.979, +0.158,+0.959
1574815140,+3.38, +4.010, +0.155,+0.959
1574815200,+3.38, +3.979, +0.158,+0.959
1574815260,+3.38, +3.979, +0.157,+0.959
1574815320,+3.38, +3.969, +0.158,+0.959
1574815380,+3.38, +3.979, +0.157,+0.959
1574815440,+3.38, +3.989, +0.157,+0.959
1574815500,+3.38, +4.000, +0.157,+0.959
1574815560,+3.38, +3.989, +0.159,+0.959
1574815620,+3.38, +3.969, +0.160,+0.959
1574815680,+3.38, +3.989, +0.158,+0.959
1574815740,+3.38, +3.989, +0.158,+0.959
1574815800,+3.38, +3.969, +0.158,+0.959
1574815860,+3.38, +4.000, +0.158,+0.959
1574815920,+3.38, +3.989, +0.159,+0.959
1574815980,+3.38, +3.989, +0.159,+0.959
1574816040,+3.38, +3.979, +0.158,+0.959
1574816100,+3.38, +3.979, +0.160,+0.959
1574816160,+3.38, +3.989, +0.158,+0.959
1574816220,+3.38, +3.989, +0.158,+0.959
1574816280,+3.38, +3.979, +0.159,+0.959
1574816340,+3.38, +3.979, +0.160,+0.959
1574816400,+3.38, +3.969, +0.160,+0.959
1574816460,+3.38, +3.979, +0.159,+0.959
1574816520,+3.38, +3.969, +0.160,+0.959
1574816580,+3.38, +3.979, +0.158,+0.959
1574816640,+3.38, +4.010, +0.159,+0.959
1574816700,+3.38, +4.000, +0.158,+0.959
1574816760,+3.38, +3.948, +0.159,+0.959
1574816820,+3.38, +3.958, +0.160,+0.959
1574816880,+3.38, +3.989, +0.159,+0.959
1574816940,+3.38, +3.989, +0.158,+0.959
1574817000,+3.38, +4.000, +0.156,+0.959
1574817060,+3.38, +3.979, +0.157,+0.959
1574817120,+3.38, +3.989, +0.156,+0.959
1574817180,+3.38, +3.979, +0.159,+0.959
1574817240,+3.38, +4.000, +0.157,+0.959
1574817300,+3.38, +4.000, +0.159,+0.959
1574817360,+3.38, +3.969, +0.158,+0.959
1574817420,+3.38, +4.000, +0.158,+0.959
1574817480,+3.38, +3.979, +0.159,+0.959
1574817540,+3.38, +3.979, +0.158,+0.959
1574817600,+3.38, +4.010, +0.157,+0.959
1574817660,+3.38, +3.989, +0.157,+0.959
1574817720,+3.38, +3.989, +0.155,+0.959
1574817780,+3.38, +3.989, +0.157,+0.959
1574817840,+3.38, +3.989, +0.157,+0.959
1574817900,+3.38, +3.989, +0.156,+0.959
1574817960,+3.38, +3.958, +0.155,+0.959
1574818020,+3.38, +4.000, +0.157,+0.959
1574818080,+3.38, +3.979, +0.158,+0.959
1574818140,+3.38, +3.979, +0.158,+0.959
1574818200,+3.38, +3.969, +0.159,+0.959
1574818260,+3.38, +3.989, +0.158,+0.959
1574818320,+3.38, +3.979, +0.157,+0.959
1574818380,+3.38, +3.989, +0.158,+0.959
1574818440,+3.38, +3.989, +0.157,+0.959
1574818500,+3.38, +3.979, +0.158,+0.959
1574818560,+3.38, +3.969, +0.157,+0.959
1574818620,+3.38, +3.989, +0.156,+0.959
1574818680,+3.38, +4.000, +0.157,+0.959
1574818740,+3.38, +3.989, +0.159,+0.959
1574818800,+3.38, +3.989, +0.156,+0.959
1574818860,+3.38, +3.979, +0.157,+0.959
1574818920,+3.38, +3.979, +0.157,+0.959
1574818980,+3.38, +3.979, +0.156,+0.959
1574819040,+3.38, +3.979, +0.156,+0.959
1574819100,+3.38, +3.969, +0.156,+0.959
1574819160,+3.38, +3.989, +0.158,+0.959
1574819220,+3.38, +3.989, +0.158,+0.959
1574819280,+3.38, +3.989, +0.157,+0.959
1574819340,+3.38, +3.979, +0.156,+0.959
1574819400,+3.38, +3.989, +0.157,+0.959
1574819460,+3.38, +3.958, +0.158,+0.959
1574819520,+3.38, +3.989, +0.157,+0.959
1574819580,+3.38, +4.000, +0.159,+0.959
1574819640,+3.38, +4.000, +0.159,+0.959
1574819700,+3.38, +3.979, +0.160,+0.959
1574819760,+3.38, +3.979, +0.159,+0.959
1574819820,+3.38, +3.979, +0.158,+0.959
1574819880,+3.38, +3.979, +0.158,+0.959
1574819940,+3.38, +4.000, +0.159,+0.959
1574820000,+3.38, +3.969, +0.159,+0.959
1574820060,+3.38, +3.989, +0.159,+0.959
1574820120,+3.38, +3.989, +0.159,+0.959
1574820180,+3.38, +4.000, +0.158,+0.959
1574820240,+3.38, +3.969, +0.158,+0.959
1574820300,+3.38, +4.010, +0.159,+0.959
1574820360,+3.38, +3.979, +0.157,+0.959
1574820420,+3.38, +3.927, +0.158,+0.959
1574820480,+3.38, +3.969, +0.159,+0.959
1574820540,+3.38, +3.979, +0.158,+0.959
1574820600,+3.38, +3.979, +0.159,+0.959
1574820660,+3.38, +4.010, +0.157,+0.959
1574820720,+3.38, +3.989, +0.157,+0.959
1574820780,+3.38, +4.000, +0.157,+0.959
1574820840,+3.38, +3.969, +0.159,+0.959
1574820900,+3.38, +3.989, +0.157,+0.959
1574820960,+3.38, +3.989, +0.158,+0.959
1574821020,+3.38, +3.989, +0.158,+0.959
1574821080,+3.38, +4.000, +0.157,+0.959
1574821140,+3.38, +3.989, +0.157,+0.959
1574821200,+3.38, +3.979, +0.157,+0.959
1574821260,+3.38, +3.969, +0.157,+0.959
1574821320,+3.38, +4.000, +0.156,+0.959
1574821380,+3.38, +3.979, +0.156,+0.959
1574821440,+3.38, +3.979, +0.158,+0.959
1574821500,+3.38, +3.948, +0.159,+0.959
1574821560,+3.38, +3.969, +0.158,+0.959
1574821620,+3.38, +4.000, +0.159,+0.959
1574821680,+3.38, +4.000, +0.158,+0.959
1574821740,+3.38, +4.000, +0.158,+0.959
1574821800,+3.38, +3.979, +0.155,+0.959
1574821860,+3.38, +3.989, +0.158,+0.959
1574821920,+3.38, +3.989, +0.158,+0.959
1574821980,+3.38, +3.989, +0.157,+0.959
1574822040,+3.38, +3.989, +0.159,+0.959
1574822100,+3.38, +3.958, +0.158,+0.959
1574822160,+3.38, +4.000, +0.158,+0.959
1574822220,+3.38, +4.000, +0.156,+0.959
1574822280,+3.38, +3.989, +0.156,+0.959
1574822340,+3.38, +3.979, +0.157,+0.959
1574822400,+3.38, +3.989, +0.156,+0.959
1574822460,+3.38, +3.979, +0.156,+0.959
1574822520,+3.38, +4.000, +0.157,+0.959
1574822580,+3.38, +3.979, +0.158,+0.959
1574822640,+3.38, +3.989, +0.156,+0.959
1574822700,+3.38, +3.969, +0.157,+0.959
1574822760,+3.38, +3.979, +0.157,+0.959
1574822820,+3.38, +3.979, +0.157,+0.959
1574822880,+3.38, +4.000, +0.156,+0.959
1574822940,+3.38, +3.979, +0.157,+0.959
1574823000,+3.38, +3.989, +0.158,+0.959
1574823060,+3.38, +3.989, +0.156,+0.959
1574823120,+3.38, +4.010, +0.156,+0.959
1574823180,+3.38, +3.989, +0.156,+0.959
1574823240,+3.38, +3.989, +0.157,+0.959
1574823300,+3.38, +4.010, +0.157,+0.959
1574823360,+3.38, +4.010, +0.157,+0.959
1574823420,+3.38, +4.000, +0.157,+0.959
1574823480,+3.38, +3.989, +0.157,+0.959
1574823540,+3.38, +3.979, +0.157,+0.959
1574823600,+3.38, +3.989, +0.157,+0.959
1574823660,+3.38, +3.989, +0.157,+0.959
1574823720,+3.38, +3.989, +0.157,+0.959
1574823780,+3.38, +3.979, +0.156,+0.959
1574823840,+3.38, +3.958, +0.157,+0.959
1574823900,+3.38, +3.989, +0.157,+0.959
1574823960,+3.38, +3.989, +0.158,+0.959
1574824020,+3.38, +3.989, +0.157,+0.959
1574824080,+3.38, +4.000, +0.156,+0.959
1574824140,+3.38, +3.969, +0.157,+0.959
1574824200,+3.38, +3.969, +0.158,+0.959
1574824260,+3.38, +4.000, +0.156,+0.959
1574824320,+3.38, +3.989, +0.157,+0.959
1574824380,+3.38, +3.969, +0.158,+0.959
1574824440,+3.38, +3.989, +0.157,+0.959
1574824500,+3.38, +3.979, +0.159,+0.959
1574824560,+3.38, +3.989, +0.158,+0.959
1574824620,+3.38, +4.000, +0.156,+0.959
1574824680,+3.38, +4.000, +0.158,+0.959
1574824740,+3.38, +3.979, +0.159,+0.959
1574824800,+3.38, +3.969, +0.158,+0.959
1574824860,+3.38, +3.979, +0.157,+0.959
1574824920,+3.38, +3.979, +0.157,+0.959
1574824980,+3.38, +3.969, +0.157,+0.959
1574825040,+3.38, +4.010, +0.158,+0.959
1574825100,+3.38, +3.958, +0.156,+0.959
1574825160,+3.38, +3.989, +0.159,+0.959
1574825220,+3.38, +3.979, +0.160,+0.959
1574825280,+3.38, +4.000, +0.158,+0.959
1574825340,+3.38, +4.000, +0.157,+0.959
1574825400,+3.38, +3.979, +0.159,+0.959
1574825460,+3.38, +3.989, +0.157,+0.959
1574825520,+3.38, +3.989, +0.159,+0.959
1574825580,+3.38, +3.979, +0.159,+0.959
1574825640,+3.38, +4.010, +0.159,+0.959
1574825700,+3.38, +4.000, +0.156,+0.959
1574825760,+3.38, +3.979, +0.158,+0.959
1574825820,+3.38, +3.989, +0.157,+0.959
1574825880,+3.38, +3.989, +0.158,+0.959
1574825940,+3.38, +4.000, +0.159,+0.959
1574826000,+3.38, +3.979, +0.158,+0.959
1574826060,+3.38, +3.979, +0.158,+0.959
1574826120,+3.38, +3.979, +0.158,+0.959
1574826180,+3.38, +3.979, +0.159,+0.959
1574826240,+3.38, +4.000, +0.157,+0.959
1574826300,+3.38, +3.989, +0.158,+0.959
1574826360,+3.38, +4.000, +0.157,+0.959
1574826420,+3.38, +3.979, +0.157,+0.959
1574826480,+3.38, +3.989, +0.157,+0.959
1574826540,+3.38, +3.979, +0.157,+0.959
1574826600,+3.38, +4.010, +0.157,+0.959
1574826660,+3.38, +3.989, +0.156,+0.959
1574826720,+3.38, +4.010, +0.158,+0.959
1574826780,+3.38, +4.010, +0.157,+0.959
1574826840,+3.38, +3.969, +0.158,+0.959
1574826900,+3.38, +4.020, +0.156,+0.959
1574826960,+3.38, +4.000, +0.158,+0.959
1574827020,+3.38, +3.989, +0.159,+0.959
1574827080,+3.38, +3.989, +0.158,+0.959
1574827140,+3.38, +3.979, +0.157,+0.959
1574827200,+3.38, +4.000, +0.158,+0.959
1574827260,+3.38, +4.010, +0.158,+0.959
1574827320,+3.38, +4.000, +0.157,+0.959
1574827380,+3.38, +4.010, +0.159,+0.959
1574827440,+3.38, +3.989, +0.157,+0.959
1574827500,+3.38, +3.979, +0.157,+0.959
1574827560,+3.38, +3.989, +0.158,+0.959
1574827620,+3.38, +4.000, +0.159,+0.959
1574827680,+3.38, +3.979, +0.159,+0.959
1574827740,+3.38, +3.989, +0.159,+0.959
1574827800,+3.38, +4.000, +0.157,+0.959
1574827860,+3.38, +4.000, +0.155,+0.959
1574827920,+3.38, +3.969, +0.159,+0.959
1574827980,+3.38, +3.989, +0.159,+0.959
1574828040,+3.38, +4.000, +0.156,+0.959
1574828100,+3.38, +4.000, +0.159,+0.959
1574828160,+3.38, +3.989, +0.159,+0.959
1574828220,+3.38, +4.000, +0.156,+0.959
1574828280,+3.38, +3.989, +0.156,+0.959
1574828340,+3.38, +3.979, +0.158,+0.959
1574828400,+3.38, +4.000, +0.158,+0.959
1574828460,+3.38, +3.979, +0.157,+0.959
1574828520,+3.38, +3.969, +0.158,+0.959
1574828580,+3.38, +4.000, +0.157,+0.959
1574828640,+3.38, +3.979, +0.157,+0.959
1574828700,+3.38, +3.927, +0.159,+0.959
1574828760,+3.38, +4.000, +0.158,+0.959
1574828820,+3.38, +4.010, +0.157,+0.959
1574828880,+3.38, +3.989, +0.160,+0.959
1574828940,+3.38, +3.989, +0.158,+0.959
1574829000,+3.38, +3.989, +0.157,+0.959
1574829060,+3.38, +3.989, +0.157,+0.959
1574829120,+3.38, +3.979, +0.157,+0.959
1574829180,+3.38, +3.989, +0.157,+0.959
1574829240,+3.38, +3.989, +0.158,+0.959
1574829300,+3.38, +3.979, +0.158,+0.959
1574829360,+3.38, +3.989, +0.159,+0.959
1574829420,+3.38, +3.979, +0.159,+0.959
1574829480,+3.38, +3.989, +0.157,+0.959
1574829540,+3.38, +3.979, +0.158,+0.959
1574829600,+3.38, +3.989, +0.157,+0.959
1574829660,+3.38, +3.979, +0.159,+0.959
1574829720,+3.38, +3.989, +0.157,+0.959
1574829780,+3.38, +3.989, +0.158,+0.959
1574829840,+3.38, +3.989, +0.158,+0.959
1574829900,+3.38, +3.969, +0.157,+0.959
1574829960,+3.38, +3.958, +0.157,+0.959
1574830020,+3.38, +3.979, +0.157,+0.959
1574830080,+3.38, +3.979, +0.158,+0.959
1574830140,+3.38, +3.989, +0.157,+0.959
1574830200,+3.38, +3.989, +0.158,+0.959
1574830260,+3.38, +3.989, +0.156,+0.959
1574830320,+3.38, +3.979, +0.158,+0.959
1574830380,+3.38, +4.000, +0.158,+0.959
1574830440,+3.38, +3.989, +0.158,+0.959
1574830500,+3.38, +4.000, +0.157,+0.959
1574830560,+3.38, +3.989, +0.156,+0.959
1574830620,+3.38, +3.989, +0.158,+0.959
1574830680,+3.38, +3.969, +0.158,+0.959
1574830740,+3.38, +3.979, +0.158,+0.959
1574830800,+3.38, +3.979, +0.158,+0.959
1574830860,+3.38, +3.979, +0.157,+0.959
1574830920,+3.38, +4.000, +0.159,+0.959
1574830980,+3.38, +3.969, +0.157,+0.959
1574831040,+3.38, +3.989, +0.157,+0.959
1574831100,+3.38, +3.989, +0.157,+0.959
1574831160,+3.38, +3.979, +0.158,+0.959
1574831220,+3.38, +3.989, +0.156,+0.959
1574831280,+3.38, +3.979, +0.157,+0.959
1574831340,+3.38, +3.969, +0.158,+0.959
1574831400,+3.38, +3.989, +0.158,+0.959
1574831460,+3.38, +4.000, +0.157,+0.959
1574831520,+3.38, +3.969, +0.159,+0.959
1574831580,+3.38, +3.979, +0.159,+0.959
1574831640,+3.38, +4.000, +0.158,+0.959
1574831700,+3.38, +3.989, +0.159,+0.959
1574831760,+3.38, +4.010, +0.159,+0.959
1574831820,+3.38, +3.989, +0.159,+0.959
1574831880,+3.38, +3.989, +0.159,+0.959
1574831940,+3.38, +3.989, +0.158,+0.959
1574832000,+3.38, +3.989, +0.161,+0.959
1574832060,+3.38, +3.979, +0.159,+0.959
1574832120,+3.38, +3.989, +0.159,+0.959
1574832180,+3.38, +3.989, +0.160,+0.959
1574832240,+3.38, +3.979, +0.159,+0.959
1574832300,+3.38, +3.989, +0.159,+0.959
1574832360,+3.38, +4.010, +0.160,+0.959
1574832420,+3.38, +3.958, +0.159,+0.959
1574832480,+3.38, +3.979, +0.159,+0.959
1574832540,+3.38, +3.969, +0.160,+0.959
1574832600,+3.38, +3.989, +0.160,+0.959
1574832660,+3.38, +3.979, +0.162,+0.959
1574832720,+3.38, +3.958, +0.159,+0.959
1574832780,+3.38, +3.989, +0.160,+0.959
1574832840,+3.38, +3.948, +0.161,+0.959
1574832900,+3.38, +3.969, +0.159,+0.959
1574832960,+3.38, +3.979, +0.156,+0.959
1574833020,+3.38, +3.979, +0.159,+0.959
1574833080,+3.38, +3.979, +0.158,+0.959
1574833140,+3.38, +3.906, +0.159,+0.959
1574833200,+3.38, +3.969, +0.159,+0.959
1574833260,+3.38, +3.969, +0.158,+0.959
1574833320,+3.38, +3.979, +0.157,+0.959
1574833380,+3.38, +3.979, +0.158,+0.959
1574833440,+3.38, +3.989, +0.157,+0.959
1574833500,+3.38, +3.969, +0.157,+0.959
1574833560,+3.38, +3.969, +0.158,+0.959
1574833620,+3.38, +3.989, +0.157,+0.959
1574833680,+3.38, +3.989, +0.158,+0.959
1574833740,+3.38, +3.969, +0.158,+0.959
1574833800,+3.38, +3.979, +0.158,+0.959
1574833860,+3.38, +3.979, +0.156,+0.959
1574833920,+3.38, +3.979, +0.158,+0.959
1574833980,+3.38, +3.979, +0.158,+0.959
1574834040,+3.38, +3.979, +0.157,+0.959
1574834100,+3.38, +4.000, +0.157,+0.959
1574834160,+3.38, +3.979, +0.157,+0.959
1574834220,+3.38, +3.979, +0.157,+0.959
1574834280,+3.38, +4.000, +0.157,+0.959
1574834340,+3.38, +3.989, +0.156,+0.959
1574834400,+3.38, +3.979, +0.155,+0.959
1574834460,+3.38, +3.989, +0.156,+0.959
1574834520,+3.38, +3.989, +0.156,+0.959
1574834580,+3.38, +3.989, +0.157,+0.959
1574834640,+3.38, +3.989, +0.156,+0.959
1574834700,+3.38, +3.989, +0.158,+0.959
1574834760,+3.38, +3.989, +0.157,+0.959
1574834820,+3.38, +3.989, +0.157,+0.959
1574834880,+3.38, +3.979, +0.157,+0.959
1574834940,+3.38, +3.989, +0.157,+0.959
1574835000,+3.38, +4.010, +0.155,+0.959
1574835060,+3.38, +3.958, +0.158,+0.959
1574835120,+3.38, +3.979, +0.158,+0.959
1574835180,+3.38, +3.969, +0.158,+0.959
1574835240,+3.38, +3.979, +0.157,+0.959
1574835300,+3.38, +3.979, +0.156,+0.959
1574835360,+3.38, +4.010, +0.155,+0.959
1574835420,+3.38, +4.000, +0.158,+0.959
1574835480,+3.38, +3.969, +0.156,+0.959
1574835540,+3.38, +3.989, +0.156,+0.959
1574835600,+3.38, +3.989, +0.156,+0.959
1574835660,+3.38, +3.989, +0.156,+0.959
1574835720,+3.38, +3.989, +0.158,+0.959
1574835780,+3.38, +3.989, +0.156,+0.959
1574835840,+3.38, +4.000, +0.157,+0.959
1574835900,+3.38, +3.958, +0.158,+0.959
1574835960,+3.38, +3.989, +0.157,+0.959
1574836020,+3.38, +3.979, +0.157,+0.959
1574836080,+3.38, +3.958, +0.158,+0.959
1574836140,+3.38, +4.010, +0.157,+0.959
1574836200,+3.38, +4.000, +0.157,+0.959
1574836260,+3.38, +4.000, +0.157,+0.959
1574836320,+3.38, +3.979, +0.157,+0.959
1574836380,+3.38, +3.989, +0.155,+0.959
1574836440,+3.38, +3.989, +0.158,+0.959
1574836500,+3.38, +4.000, +0.157,+0.959
1574836560,+3.38, +3.979, +0.157,+0.959
1574836620,+3.38, +3.969, +0.157,+0.959
1574836680,+3.38, +4.000, +0.156,+0.959
1574836740,+3.38, +4.000, +0.157,+0.959
1574836800,+3.38, +3.989, +0.155,+0.959
1574836860,+3.38, +4.010, +0.158,+0.959
1574836920,+3.38, +3.969, +0.157,+0.959
1574836980,+3.38, +4.000, +0.157,+0.959
1574837040,+3.38, +4.000, +0.157,+0.959
1574837100,+3.38, +3.958, +0.158,+0.959
1574837160,+3.38, +3.989, +0.158,+0.959
1574837220,+3.38, +4.000, +0.156,+0.959
1574837280,+3.38, +3.989, +0.157,+0.959
1574837340,+3.38, +3.979, +0.158,+0.959
1574837400,+3.38, +3.989, +0.157,+0.959
1574837460,+3.38, +4.000, +0.155,+0.959
1574837520,+3.38, +4.010, +0.157,+0.959
1574837580,+3.38, +3.979, +0.158,+0.959
1574837640,+3.38, +3.969, +0.157,+0.959
1574837700,+3.38, +3.989, +0.158,+0.959
1574837760,+3.38, +3.979, +0.155,+0.959
1574837820,+3.38, +3.979, +0.157,+0.959
1574837880,+3.38, +3.989, +0.157,+0.959
1574837940,+3.38, +3.979, +0.158,+0.959
1574838000,+3.38, +3.979, +0.157,+0.959
1574838060,+3.38, +3.979, +0.156,+0.959
1574838120,+3.38, +3.979, +0.156,+0.959
1574838180,+3.38, +4.000, +0.156,+0.959
1574838240,+3.38, +4.000, +0.157,+0.959
1574838300,+3.38, +3.989, +0.156,+0.959
1574838360,+3.38, +3.979, +0.156,+0.959
1574838420,+3.38, +3.979, +0.156,+0.959
1574838480,+3.38, +4.000, +0.156,+0.959
1574838540,+3.38, +3.958, +0.159,+0.959
1574838600,+3.38, +3.989, +0.158,+0.959
1574838660,+3.38, +3.989, +0.157,+0.959
1574838720,+3.38, +3.969, +0.158,+0.959
1574838780,+3.38, +4.000, +0.157,+0.959
1574838840,+3.38, +3.969, +0.156,+0.959
1574838900,+3.38, +3.979, +0.158,+0.959
1574838960,+3.38, +3.979, +0.156,+0.959
1574839020,+3.38, +3.969, +0.157,+0.959
1574839080,+3.38, +4.010, +0.157,+0.959
1574839140,+3.38, +3.979, +0.158,+0.959
1574839200,+3.38, +3.989, +0.157,+0.959
1574839260,+3.38, +3.969, +0.158,+0.959
1574839320,+3.38, +3.989, +0.156,+0.959
1574839380,+3.38, +3.969, +0.157,+0.959
1574839440,+3.38, +3.969, +0.156,+0.959
1574839500,+3.38, +3.989, +0.157,+0.959
1574839560,+3.38, +3.979, +0.156,+0.959
1574839620,+3.38, +3.969, +0.157,+0.959
1574839680,+3.38, +3.969, +0.156,+0.959
1574839740,+3.38, +3.969, +0.158,+0.959
1574839800,+3.38, +4.000, +0.157,+0.959
1574839860,+3.38, +3.979, +0.157,+0.959
1574839920,+3.38, +3.979, +0.158,+0.959
1574839980,+3.38, +3.969, +0.158,+0.959
1574840040,+3.38, +3.989, +0.157,+0.959
1574840100,+3.38, +4.000, +0.157,+0.959
1574840160,+3.38, +3.979, +0.158,+0.959
1574840220,+3.38, +4.000, +0.157,+0.959
1574840280,+3.38, +3.989, +0.157,+0.959
1574840340,+3.38, +3.969, +0.157,+0.959
1574840400,+3.38, +3.979, +0.158,+0.959
1574840460,+3.38, +3.979, +0.156,+0.959
1574840520,+3.38, +3.979, +0.156,+0.959
1574840580,+3.38, +3.989, +0.157,+0.959
1574840640,+3.38, +3.948, +0.155,+0.959
1574840700,+3.38, +4.000, +0.156,+0.959
1574840760,+3.38, +3.969, +0.159,+0.959
1574840820,+3.38, +3.969, +0.158,+0.959
1574840880,+3.38, +3.979, +0.157,+0.959
1574840940,+3.38, +4.010, +0.158,+0.959
1574841000,+3.38, +3.979, +0.155,+0.959
1574841060,+3.38, +4.000, +0.156,+0.959
1574841120,+3.38, +4.000, +0.155,+0.959
1574841180,+3.38, +3.979, +0.158,+0.959
1574841240,+3.38, +3.948, +0.157,+0.959
1574841300,+3.38, +4.000, +0.157,+0.959
1574841360,+3.38, +3.979, +0.158,+0.959
1574841420,+3.38, +3.979, +0.157,+0.959
1574841480,+3.38, +3.989, +0.157,+0.959
1574841540,+3.38, +3.989, +0.156,+0.959
1574841600,+3.38, +3.989, +0.156,+0.959
1574841660,+3.38, +3.989, +0.158,+0.959
1574841720,+3.38, +3.958, +0.158,+0.959
1574841780,+3.38, +4.000, +0.157,+0.959
1574841840,+3.38, +3.979, +0.157,+0.959
1574841900,+3.38, +4.000, +0.157,+0.959
1574841960,+3.38, +4.000, +0.157,+0.959
1574842020,+3.38, +3.979, +0.156,+0.959
1574842080,+3.38, +4.000, +0.156,+0.959
1574842140,+3.38, +3.989, +0.155,+0.959
1574842200,+3.38, +3.979, +0.155,+0.959
1574842260,+3.38, +3.979, +0.156,+0.959
1574842320,+3.38, +3.989, +0.158,+0.959
1574842380,+3.38, +4.000, +0.157,+0.959
1574842440,+3.38, +3.989, +0.157,+0.959
1574842500,+3.38, +4.000, +0.155,+0.959
1574842560,+3.38, +3.969, +0.156,+0.959
1574842620,+3.38, +3.979, +0.156,+0.959
1574842680,+3.38, +3.979, +0.155,+0.959
1574842740,+3.38, +3.979, +0.156,+0.959
1574842800,+3.38, +3.989, +0.156,+0.959
1574842860,+3.38, +3.989, +0.154,+0.959
1574842920,+3.38, +3.989, +0.157,+0.959
1574842980,+3.38, +3.979, +0.157,+0.959
1574843040,+3.38, +3.979, +0.156,+0.959
1574843100,+3.38, +4.020, +0.155,+0.959
1574843160,+3.38, +3.969, +0.156,+0.959
1574843220,+3.38, +3.969, +0.156,+0.959
1574843280,+3.38, +3.989, +0.156,+0.959
1574843340,+3.38, +4.010, +0.156,+0.959
1574843400,+3.38, +3.989, +0.157,+0.959
1574843460,+3.38, +3.979, +0.156,+0.959
1574843520,+3.38, +3.989, +0.156,+0.959
1574843580,+3.38, +3.979, +0.156,+0.959
1574843640,+3.38, +3.979, +0.156,+0.959
1574843700,+3.38, +3.979, +0.156,+0.959
1574843760,+3.38, +3.989, +0.155,+0.959
1574843820,+3.38, +3.989, +0.155,+0.959
1574843880,+3.38, +3.979, +0.155,+0.959
1574843940,+3.38, +3.979, +0.157,+0.959
1574844000,+3.38, +3.989, +0.156,+0.959
1574844060,+3.38, +3.979, +0.156,+0.959
1574844120,+3.38, +3.989, +0.156,+0.959
1574844180,+3.38, +3.979, +0.156,+0.959
1574844240,+3.38, +3.979, +0.156,+0.959
1574844300,+3.38, +3.979, +0.155,+0.959
1574844360,+3.38, +3.979, +0.155,+0.959
1574844420,+3.38, +4.000, +0.156,+0.959
1574844480,+3.38, +3.989, +0.156,+0.959
1574844540,+3.38, +3.969, +0.156,+0.959
1574844600,+3.38, +3.989, +0.155,+0.959
1574844660,+3.38, +3.979, +0.156,+0.959
1574844720,+3.38, +3.989, +0.157,+0.959
1574844780,+3.38, +3.979, +0.156,+0.959
1574844840,+3.38, +3.989, +0.157,+0.959
1574844900,+3.38, +3.979, +0.157,+0.959
1574844960,+3.38, +3.958, +0.158,+0.959
1574845020,+3.38, +3.979, +0.156,+0.959
1574845080,+3.38, +3.979, +0.155,+0.959
1574845140,+3.38, +3.979, +0.156,+0.959
1574845200,+3.38, +3.969, +0.157,+0.959
1574845260,+3.38, +3.979, +0.158,+0.959
1574845320,+3.38, +3.969, +0.159,+0.959
1574845380,+3.38, +4.000, +0.159,+0.959
1574845440,+3.38, +3.958, +0.160,+0.959
1574845500,+3.38, +4.000, +0.160,+0.959
1574845560,+3.38, +3.989, +0.160,+0.959
1574845620,+3.38, +3.979, +0.158,+0.959
1574845680,+3.38, +3.958, +0.159,+0.959
1574845740,+3.38, +3.989, +0.158,+0.959
1574845800,+3.38, +3.979, +0.160,+0.959
1574845860,+3.38, +3.969, +0.159,+0.959
1574845920,+3.38, +3.989, +0.160,+0.959
1574845980,+3.38, +4.000, +0.158,+0.959
1574846040,+3.38, +3.958, +0.159,+0.959
1574846100,+3.38, +3.979, +0.158,+0.959
1574846160,+3.38, +3.989, +0.160,+0.959
1574846220,+3.38, +3.969, +0.161,+0.959
1574846280,+3.38, +4.000, +0.158,+0.959
1574846340,+3.38, +3.979, +0.159,+0.959
1574846400,+3.38, +3.979, +0.158,+0.959
1574846460,+3.38, +3.979, +0.159,+0.959
1574846520,+3.38, +3.989, +0.157,+0.959
1574846580,+3.38, +3.937, +0.160,+0.959
1574846640,+3.38, +3.979, +0.157,+0.959
1574846700,+3.38, +3.969, +0.157,+0.959
1574846760,+3.38, +3.979, +0.159,+0.959
1574846820,+3.38, +3.969, +0.159,+0.959
1574846880,+3.38, +3.969, +0.156,+0.959
1574846940,+3.38, +3.937, +0.157,+0.959
1574847000,+3.38, +3.979, +0.159,+0.959
1574847060,+3.38, +3.979, +0.156,+0.959
1574847120,+3.38, +3.969, +0.157,+0.959
1574847180,+3.38, +3.979, +0.157,+0.959
1574847240,+3.38, +3.989, +0.156,+0.959
1574847300,+3.38, +3.958, +0.157,+0.959
1574847360,+3.38, +3.969, +0.158,+0.959
1574847420,+3.38, +3.979, +0.157,+0.959
1574847480,+3.38, +3.979, +0.156,+0.959
1574847540,+3.38, +3.979, +0.157,+0.959
1574847600,+3.38, +3.989, +0.157,+0.959
1574847660,+3.38, +3.979, +0.156,+0.959
1574847720,+3.38, +3.989, +0.157,+0.959
1574847780,+3.38, +3.958, +0.158,+0.959
1574847840,+3.38, +3.979, +0.158,+0.959
1574847900,+3.38, +3.969, +0.157,+0.959
1574847960,+3.38, +3.979, +0.157,+0.959
1574848020,+3.38, +3.989, +0.156,+0.959
1574848080,+3.38, +4.010, +0.156,+0.959
1574848140,+3.38, +3.969, +0.157,+0.959
1574848200,+3.38, +3.969, +0.156,+0.959
1574848260,+3.38, +3.989, +0.157,+0.959
1574848320,+3.38, +3.989, +0.157,+0.959
1574848380,+3.38, +4.000, +0.157,+0.959
1574848440,+3.38, +3.979, +0.156,+0.959
1574848500,+3.38, +3.979, +0.159,+0.959
1574848560,+3.38, +3.989, +0.157,+0.959
1574848620,+3.38, +3.979, +0.158,+0.959
1574848680,+3.38, +3.969, +0.158,+0.959
1574848740,+3.38, +3.958, +0.157,+0.959
1574848800,+3.38, +3.958, +0.158,+0.959
1574848860,+3.38, +3.979, +0.157,+0.959
1574848920,+3.38, +3.979, +0.157,+0.959
1574848980,+3.38, +3.979, +0.158,+0.959
1574849040,+3.38, +3.979, +0.157,+0.959
1574849100,+3.38, +3.989, +0.157,+0.959
1574849160,+3.38, +3.969, +0.158,+0.959
1574849220,+3.38, +4.000, +0.157,+0.959
1574849280,+3.38, +3.979, +0.157,+0.959
1574849340,+3.38, +3.958, +0.158,+0.959
1574849400,+3.38, +4.000, +0.157,+0.959
1574849460,+3.38, +3.989, +0.157,+0.959
1574849520,+3.38, +3.989, +0.157,+0.959
1574849580,+3.38, +3.969, +0.158,+0.959
1574849640,+3.38, +3.979, +0.157,+0.959
1574849700,+3.38, +3.979, +0.156,+0.959
1574849760,+3.38, +3.979, +0.155,+0.959
1574849820,+3.38, +3.969, +0.158,+0.959
1574849880,+3.38, +3.979, +0.157,+0.959
1574849940,+3.38, +4.000, +0.156,+0.959
1574850000,+3.38, +3.989, +0.156,+0.959
1574850060,+3.38, +3.989, +0.156,+0.959
1574850120,+3.38, +3.979, +0.158,+0.959
1574850180,+3.38, +3.979, +0.156,+0.959
1574850240,+3.38, +3.979, +0.157,+0.959
1574850300,+3.38, +3.989, +0.157,+0.959
1574850360,+3.38, +3.989, +0.157,+0.959
1574850420,+3.38, +3.958, +0.159,+0.959
1574850480,+3.38, +3.958, +0.157,+0.959
1574850540,+3.38, +3.989, +0.157,+0.959
1574850600,+3.38, +3.989, +0.157,+0.959
1574850660,+3.38, +3.989, +0.155,+0.959
1574850720,+3.38, +3.989, +0.157,+0.959
1574850780,+3.38, +3.979, +0.158,+0.959
1574850840,+3.38, +3.948, +0.157,+0.959
1574850900,+3.38, +3.989, +0.157,+0.959
1574850960,+3.38, +3.969, +0.158,+0.959
1574851020,+3.38, +3.979, +0.158,+0.959
1574851080,+3.38, +3.989, +0.157,+0.959
1574851140,+3.38, +3.979, +0.157,+0.959
1574851200,+3.38, +3.979, +0.156,+0.959
1574851260,+3.38, +3.979, +0.157,+0.959
1574851320,+3.38, +3.989, +0.157,+0.959
1574851380,+3.38, +3.989, +0.157,+0.959
1574851440,+3.38, +3.979, +0.157,+0.959
1574851500,+3.38, +3.979, +0.157,+0.959
1574851560,+3.38, +3.958, +0.157,+0.959
1574851620,+3.38, +3.969, +0.158,+0.959
1574851680,+3.38, +3.958, +0.157,+0.959
1574851740,+3.38, +3.958, +0.155,+0.959
1574851800,+3.38, +3.979, +0.157,+0.959
1574851860,+3.38, +3.969, +0.158,+0.959
1574851920,+3.38, +3.989, +0.156,+0.959
1574851980,+3.38, +3.969, +0.156,+0.959
1574852040,+3.38, +4.000, +0.155,+0.959
1574852100,+3.38, +3.989, +0.156,+0.959
1574852160,+3.38, +3.969, +0.156,+0.959
1574852220,+3.38, +3.979, +0.158,+0.959
1574852280,+3.38, +3.948, +0.157,+0.959
1574852340,+3.38, +3.979, +0.156,+0.959
1574852400,+3.38, +3.969, +0.156,+0.959
1574852460,+3.38, +3.989, +0.157,+0.959
1574852520,+3.38, +3.979, +0.158,+0.959
1574852580,+3.38, +4.000, +0.157,+0.959
1574852640,+3.38, +3.979, +0.158,+0.959
1574852700,+3.38, +3.979, +0.157,+0.959
1574852760,+3.38, +3.969, +0.156,+0.959
1574852820,+3.38, +3.979, +0.157,+0.959
1574852880,+3.38, +3.969, +0.158,+0.959
1574852940,+3.38, +3.969, +0.156,+0.959
1574853000,+3.38, +3.958, +0.156,+0.959
1574853060,+3.38, +4.000, +0.155,+0.959
1574853120,+3.38, +3.979, +0.156,+0.959
1574853180,+3.38, +3.958, +0.158,+0.959
1574853240,+3.38, +3.969, +0.158,+0.959
1574853300,+3.38, +3.989, +0.155,+0.959
1574853360,+3.38, +3.958, +0.157,+0.959
1574853420,+3.38, +3.989, +0.158,+0.959
1574853480,+3.38, +3.979, +0.157,+0.959
1574853540,+3.38, +4.000, +0.156,+0.959
1574853600,+3.38, +3.979, +0.158,+0.959
1574853660,+3.38, +3.979, +0.156,+0.959
1574853720,+3.38, +3.989, +0.157,+0.959
1574853780,+3.38, +3.989, +0.156,+0.959
1574853840,+3.38, +4.000, +0.155,+0.959
1574853900,+3.38, +3.989, +0.157,+0.959
1574853960,+3.38, +3.979, +0.157,+0.959
1574854020,+3.38, +3.989, +0.156,+0.959
1574854080,+3.38, +3.958, +0.156,+0.959
1574854140,+3.38, +3.969, +0.158,+0.959
1574854200,+3.38, +3.969, +0.154,+0.959
1574854260,+3.38, +4.010, +0.156,+0.959
1574854320,+3.38, +3.958, +0.156,+0.959
1574854380,+3.38, +3.979, +0.157,+0.959
1574854440,+3.38, +3.979, +0.155,+0.959
1574854500,+3.38, +3.989, +0.155,+0.959
1574854560,+3.38, +3.989, +0.156,+0.959
1574854620,+3.38, +3.989, +0.155,+0.959
1574854680,+3.38, +3.989, +0.157,+0.959
1574854740,+3.38, +3.979, +0.158,+0.959
1574854800,+3.38, +3.989, +0.156,+0.959
1574854860,+3.38, +3.979, +0.157,+0.959
1574854920,+3.38, +3.969, +0.157,+0.959
1574854980,+3.38, +3.979, +0.155,+0.959
1574855040,+3.38, +3.979, +0.155,+0.959
1574855100,+3.38, +3.979, +0.156,+0.959
1574855160,+3.38, +3.989, +0.156,+0.959
1574855220,+3.38, +3.989, +0.155,+0.959
1574855280,+3.38, +3.979, +0.157,+0.959
1574855340,+3.38, +3.979, +0.155,+0.959
1574855400,+3.38, +3.958, +0.156,+0.959
1574855460,+3.38, +3.979, +0.156,+0.959
1574855520,+3.38, +3.969, +0.156,+0.959
1574855580,+3.38, +3.989, +0.155,+0.959
1574855640,+3.38, +3.979, +0.158,+0.959
1574855700,+3.38, +3.969, +0.154,+0.959
1574855760,+3.38, +3.989, +0.156,+0.959
1574855820,+3.38, +3.989, +0.156,+0.959
1574855880,+3.38, +3.979, +0.156,+0.959
1574855940,+3.38, +3.979, +0.157,+0.959
1574856000,+3.38, +3.989, +0.156,+0.959
1574856060,+3.38, +3.989, +0.156,+0.959
1574856120,+3.38, +3.979, +0.155,+0.959
1574856180,+3.38, +3.958, +0.156,+0.959
1574856240,+3.38, +4.010, +0.156,+0.959
1574856300,+3.38, +4.000, +0.156,+0.959
1574856360,+3.38, +3.989, +0.155,+0.959
1574856420,+3.38, +3.969, +0.155,+0.959
1574856480,+3.38, +3.989, +0.155,+0.959
1574856540,+3.38, +3.969, +0.157,+0.959
1574856600,+3.38, +3.958, +0.155,+0.959
1574856660,+3.38, +3.979, +0.156,+0.959
1574856720,+3.38, +3.989, +0.154,+0.959
1574856780,+3.38, +3.969, +0.156,+0.959
1574856840,+3.38, +3.979, +0.155,+0.959
1574856900,+3.38, +3.979, +0.155,+0.959
1574856960,+3.38, +3.989, +0.156,+0.959
1574857020,+3.38, +3.989, +0.156,+0.959
1574857080,+3.38, +3.969, +0.154,+0.958
1574857140,+3.38, +3.989, +0.157,+0.959
1574857200,+3.38, +3.969, +0.157,+0.959
1574857260,+3.38, +4.000, +0.155,+0.959
1574857320,+3.38, +3.969, +0.156,+0.959
1574857380,+3.38, +3.989, +0.155,+0.959
1574857440,+3.38, +3.969, +0.157,+0.959
1574857500,+3.38, +3.969, +0.156,+0.959
1574857560,+3.38, +3.969, +0.157,+0.959
1574857620,+3.38, +3.989, +0.156,+0.959
1574857680,+3.38, +4.000, +0.155,+0.959
1574857740,+3.38, +4.000, +0.156,+0.959
1574857800,+3.38, +3.989, +0.158,+0.959
1574857860,+3.38, +4.000, +0.154,+0.959
1574857920,+3.38, +3.989, +0.156,+0.959
1574857980,+3.38, +3.958, +0.156,+0.959
1574858040,+3.38, +3.979, +0.156,+0.959
1574858100,+3.38, +3.989, +0.157,+0.959
1574858160,+3.38, +3.979, +0.156,+0.959
1574858220,+3.38, +3.948, +0.158,+0.959
1574858280,+3.38, +3.989, +0.156,+0.959
1574858340,+3.38, +3.979, +0.154,+0.959
1574858400,+3.38, +3.979, +0.156,+0.959
1574858460,+3.38, +3.979, +0.155,+0.959
1574858520,+3.38, +3.979, +0.156,+0.959
1574858580,+3.38, +3.989, +0.157,+0.959
1574858640,+3.38, +3.969, +0.156,+0.959
1574858700,+3.38, +3.989, +0.156,+0.959
1574858760,+3.38, +3.989, +0.156,+0.959
1574858820,+3.38, +3.969, +0.156,+0.959
1574858880,+3.38, +3.969, +0.156,+0.959
1574858940,+3.38, +4.000, +0.157,+0.959
1574859000,+3.38, +3.979, +0.156,+0.959
1574859060,+3.38, +3.989, +0.155,+0.959
1574859120,+3.38, +3.979, +0.156,+0.959
1574859180,+3.38, +3.958, +0.156,+0.959
1574859240,+3.38, +3.958, +0.157,+0.959
1574859300,+3.38, +3.958, +0.155,+0.959
1574859360,+3.38, +3.989, +0.155,+0.959
1574859420,+3.38, +3.979, +0.155,+0.959
1574859480,+3.38, +3.989, +0.157,+0.959
1574859540,+3.38, +3.969, +0.155,+0.959
1574859600,+3.38, +3.979, +0.158,+0.959
1574859660,+3.38, +3.979, +0.156,+0.959
1574859720,+3.38, +4.000, +0.156,+0.959
1574859780,+3.38, +3.969, +0.155,+0.959
1574859840,+3.38, +3.989, +0.155,+0.959
1574859900,+3.38, +3.989, +0.154,+0.959
1574859960,+3.38, +3.979, +0.156,+0.959
1574860020,+3.38, +3.969, +0.155,+0.959
1574860080,+3.38, +3.989, +0.156,+0.959
1574860140,+3.38, +3.979, +0.156,+0.959
1574860200,+3.38, +3.958, +0.155,+0.959
1574860260,+3.38, +4.000, +0.154,+0.959
1574860320,+3.38, +3.989, +0.155,+0.959
1574860380,+3.38, +3.969, +0.155,+0.959
1574860440,+3.38, +3.979, +0.155,+0.959
1574860500,+3.38, +3.979, +0.157,+0.959
1574860560,+3.38, +3.989, +0.155,+0.959
1574860620,+3.38, +3.989, +0.156,+0.959
1574860680,+3.38, +3.989, +0.157,+0.959
1574860740,+3.38, +3.969, +0.155,+0.959
1574860800,+3.38, +3.979, +0.156,+0.959
1574860860,+3.38, +3.958, +0.155,+0.959
1574860920,+3.38, +3.979, +0.155,+0.959
1574860980,+3.38, +3.979, +0.155,+0.959
1574861040,+3.38, +3.969, +0.157,+0.959
1574861100,+3.38, +4.000, +0.155,+0.959
1574861160,+3.38, +3.989, +0.155,+0.959
1574861220,+3.38, +3.969, +0.156,+0.959
1574861280,+3.38, +3.927, +0.157,+0.959
1574861340,+3.38, +3.979, +0.155,+0.959
1574861400,+3.38, +3.969, +0.154,+0.959
1574861460,+3.38, +3.989, +0.156,+0.959
1574861520,+3.38, +3.989, +0.155,+0.959
1574861580,+3.38, +3.989, +0.156,+0.959
1574861640,+3.38, +3.958, +0.157,+0.959
1574861700,+3.38, +3.979, +0.156,+0.959
1574861760,+3.38, +3.969, +0.156,+0.959
1574861820,+3.38, +3.979, +0.156,+0.959
1574861880,+3.38, +3.969, +0.156,+0.959
1574861940,+3.38, +3.979, +0.156,+0.959
1574862000,+3.38, +3.948, +0.156,+0.959
1574862060,+3.38, +3.989, +0.154,+0.959
1574862120,+3.38, +3.979, +0.155,+0.959
1574862180,+3.38, +3.958, +0.157,+0.959
1574862240,+3.37, +3.958, +0.155,+0.959
1574862300,+3.38, +4.010, +0.155,+0.959
1574862360,+3.38, +3.979, +0.155,+0.959
1574862420,+3.38, +3.979, +0.157,+0.959
1574862480,+3.38, +3.958, +0.155,+0.959
1574862540,+3.38, +3.979, +0.156,+0.959
1574862600,+3.38, +3.969, +0.157,+0.959
1574862660,+3.38, +3.958, +0.157,+0.959
1574862720,+3.38, +3.989, +0.156,+0.959
1574862780,+3.38, +3.979, +0.156,+0.959
1574862840,+3.38, +4.000, +0.156,+0.959
1574862900,+3.38, +4.000, +0.157,+0.959
1574862960,+3.38, +3.989, +0.155,+0.959
1574863020,+3.38, +3.969, +0.157,+0.959
1574863080,+3.38, +3.989, +0.154,+0.959
1574863140,+3.38, +3.969, +0.155,+0.959
1574863200,+3.38, +4.010, +0.157,+0.959
1574863260,+3.38, +3.979, +0.156,+0.959
1574863320,+3.38, +3.989, +0.155,+0.959
1574863380,+3.38, +4.000, +0.156,+0.959
1574863440,+3.38, +3.969, +0.156,+0.959
1574863500,+3.38, +3.989, +0.156,+0.959
1574863560,+3.38, +4.000, +0.156,+0.959
1574863620,+3.38, +3.989, +0.156,+0.959
1574863680,+3.38, +4.000, +0.155,+0.959
1574863740,+3.38, +3.989, +0.156,+0.959
1574863800,+3.38, +3.969, +0.154,+0.959
1574863860,+3.38, +3.989, +0.155,+0.959
1574863920,+3.38, +3.989, +0.156,+0.959
1574863980,+3.38, +4.010, +0.155,+0.959
1574864040,+3.38, +3.989, +0.156,+0.959
1574864100,+3.38, +3.989, +0.154,+0.959
1574864160,+3.38, +3.979, +0.156,+0.959
1574864220,+3.38, +3.979, +0.156,+0.959
1574864280,+3.38, +3.989, +0.156,+0.959
1574864340,+3.38, +3.979, +0.154,+0.959
1574864400,+3.38, +4.000, +0.157,+0.959
1574864460,+3.38, +3.979, +0.156,+0.959
1574864520,+3.38, +3.979, +0.155,+0.958
1574864580,+3.38, +3.979, +0.156,+0.959
1574864640,+3.38, +3.989, +0.156,+0.959
1574864700,+3.38, +3.979, +0.157,+0.959
1574864760,+3.38, +3.979, +0.157,+0.959
1574864820,+3.38, +3.969, +0.155,+0.959
1574864880,+3.38, +3.989, +0.155,+0.959
1574864940,+3.38, +4.000, +0.155,+0.959
1574865000,+3.38, +4.000, +0.154,+0.959
1574865060,+3.38, +3.989, +0.154,+0.959
1574865120,+3.38, +3.989, +0.154,+0.959
1574865180,+3.38, +3.948, +0.156,+0.959
1574865240,+3.38, +3.989, +0.156,+0.959
1574865300,+3.38, +3.989, +0.157,+0.959
1574865360,+3.38, +3.989, +0.156,+0.959
1574865420,+3.38, +3.979, +0.156,+0.959
1574865480,+3.38, +3.958, +0.155,+0.959
1574865540,+3.38, +4.000, +0.155,+0.959
1574865600,+3.38, +3.969, +0.156,+0.959
1574865660,+3.38, +3.969, +0.156,+0.959
1574865720,+3.38, +3.989, +0.155,+0.959
1574865780,+3.38, +3.937, +0.156,+0.959
1574865840,+3.38, +4.000, +0.155,+0.959
1574865900,+3.38, +3.979, +0.154,+0.959
1574865960,+3.38, +3.969, +0.156,+0.959
1574866020,+3.38, +3.979, +0.154,+0.959
1574866080,+3.38, +3.979, +0.157,+0.959
1574866140,+3.38, +3.989, +0.155,+0.959
1574866200,+3.38, +3.989, +0.155,+0.959
1574866260,+3.38, +3.979, +0.155,+0.959
1574866320,+3.38, +3.969, +0.156,+0.959
1574866380,+3.38, +3.989, +0.156,+0.959
1574866440,+3.38, +3.979, +0.155,+0.959
1574866500,+3.38, +3.989, +0.156,+0.959
1574866560,+3.38, +3.989, +0.157,+0.959
1574866620,+3.38, +3.989, +0.155,+0.959
1574866680,+3.38, +3.969, +0.157,+0.959
1574866740,+3.38, +3.979, +0.155,+0.959
1574866800,+3.38, +4.000, +0.156,+0.959
1574866860,+3.38, +3.979, +0.155,+0.959
1574866920,+3.38, +3.979, +0.154,+0.959
1574866980,+3.38, +3.958, +0.157,+0.959
1574867040,+3.38, +3.979, +0.155,+0.959
1574867100,+3.38, +3.979, +0.155,+0.959
1574867160,+3.38, +3.989, +0.155,+0.959
1574867220,+3.38, +3.989, +0.156,+0.959
1574867280,+3.38, +3.969, +0.156,+0.959
1574867340,+3.38, +3.979, +0.156,+0.959
1574867400,+3.38, +3.958, +0.157,+0.959
1574867460,+3.38, +3.958, +0.156,+0.959
1574867520,+3.38, +3.989, +0.156,+0.959
1574867580,+3.38, +3.969, +0.155,+0.959
1574867640,+3.38, +3.989, +0.156,+0.959
1574867700,+3.38, +3.989, +0.156,+0.959
1574867760,+3.38, +3.958, +0.155,+0.959
1574867820,+3.38, +3.989, +0.156,+0.959
1574867880,+3.38, +3.969, +0.157,+0.959
1574867940,+3.38, +3.989, +0.155,+0.959
1574868000,+3.38, +3.989, +0.156,+0.959
1574868060,+3.38, +3.958, +0.155,+0.959
1574868120,+3.38, +4.000, +0.155,+0.959
1574868180,+3.38, +3.979, +0.155,+0.959
1574868240,+3.38, +3.989, +0.157,+0.959
1574868300,+3.38, +3.958, +0.156,+0.959
1574868360,+3.38, +3.979, +0.157,+0.959
1574868420,+3.38, +4.000, +0.155,+0.959
1574868480,+3.38, +3.979, +0.156,+0.959
1574868540,+3.38, +3.979, +0.156,+0.959
1574868600,+3.38, +3.979, +0.157,+0.959
1574868660,+3.38, +3.948, +0.157,+0.959
1574868720,+3.38, +3.979, +0.157,+0.959
1574868780,+3.38, +3.979, +0.156,+0.959
1574868840,+3.38, +3.979, +0.156,+0.959
1574868900,+3.38, +3.958, +0.157,+0.959
1574868960,+3.38, +3.969, +0.157,+0.959
1574869020,+3.38, +3.979, +0.156,+0.959
1574869080,+3.38, +3.979, +0.158,+0.959
1574869140,+3.38, +3.989, +0.154,+0.959
1574869200,+3.38, +3.989, +0.156,+0.959
1574869260,+3.38, +3.989, +0.156,+0.959
1574869320,+3.38, +3.969, +0.157,+0.959
1574869380,+3.38, +3.979, +0.158,+0.959
1574869440,+3.38, +3.969, +0.157,+0.959
1574869500,+3.38, +3.969, +0.157,+0.959
1574869560,+3.38, +3.979, +0.155,+0.959
1574869620,+3.38, +3.979, +0.157,+0.959
1574869680,+3.38, +3.969, +0.156,+0.959
1574869740,+3.38, +3.979, +0.157,+0.959
1574869800,+3.38, +3.979, +0.158,+0.959
1574869860,+3.38, +3.979, +0.155,+0.959
1574869920,+3.38, +4.000, +0.156,+0.959
1574869980,+3.38, +3.979, +0.157,+0.959
1574870040,+3.38, +3.989, +0.155,+0.959
1574870100,+3.38, +4.000, +0.156,+0.959
1574870160,+3.38, +3.979, +0.158,+0.959
1574870220,+3.38, +4.010, +0.156,+0.959
1574870280,+3.38, +3.989, +0.155,+0.959
1574870340,+3.38, +4.000, +0.155,+0.959
1574870400,+3.38, +3.989, +0.156,+0.959
1574870460,+3.38, +3.958, +0.156,+0.959
1574870520,+3.38, +4.010, +0.157,+0.959
1574870580,+3.38, +3.989, +0.156,+0.959
1574870640,+3.38, +3.969, +0.158,+0.959
1574870700,+3.38, +4.000, +0.156,+0.959
1574870760,+3.38, +3.989, +0.156,+0.959
1574870820,+3.38, +4.000, +0.156,+0.959
1574870880,+3.38, +3.969, +0.155,+0.959
1574870940,+3.38, +3.989, +0.156,+0.959
1574871000,+3.38, +4.000, +0.156,+0.959
1574871060,+3.38, +3.969, +0.156,+0.959
1574871120,+3.38, +3.989, +0.155,+0.959
1574871180,+3.38, +4.000, +0.156,+0.959
1574871240,+3.38, +3.989, +0.155,+0.959
1574871300,+3.38, +3.989, +0.157,+0.959
1574871360,+3.38, +3.969, +0.155,+0.959
1574871420,+3.38, +3.989, +0.156,+0.959
1574871480,+3.38, +4.000, +0.156,+0.959
1574871540,+3.37, +3.979, +0.155,+0.959
1574871600,+3.38, +3.979, +0.156,+0.959
1574871660,+3.38, +3.979, +0.156,+0.959
1574871720,+3.38, +4.010, +0.155,+0.959
1574871780,+3.38, +4.000, +0.156,+0.959
1574871840,+3.38, +3.989, +0.157,+0.959
1574871900,+3.38, +3.979, +0.157,+0.959
1574871960,+3.38, +3.969, +0.155,+0.959
1574872020,+3.38, +3.979, +0.156,+0.959
1574872080,+3.38, +3.979, +0.157,+0.959
1574872140,+3.38, +3.958, +0.156,+0.959
1574872200,+3.38, +3.969, +0.157,+0.959
1574872260,+3.38, +3.979, +0.156,+0.959
1574872320,+3.38, +3.989, +0.155,+0.959
1574872380,+3.38, +3.989, +0.157,+0.959
1574872440,+3.38, +3.979, +0.156,+0.959
1574872500,+3.38, +4.010, +0.156,+0.959
1574872560,+3.38, +3.979, +0.156,+0.959
1574872620,+3.38, +3.958, +0.156,+0.959
1574872680,+3.38, +4.000, +0.157,+0.959
1574872740,+3.38, +3.969, +0.156,+0.959
1574872800,+3.38, +3.979, +0.156,+0.959
1574872860,+3.38, +4.000, +0.155,+0.959
1574872920,+3.38, +3.979, +0.156,+0.959
1574872980,+3.38, +3.969, +0.157,+0.959
1574873040,+3.38, +3.969, +0.155,+0.959
1574873100,+3.38, +3.979, +0.157,+0.959
1574873160,+3.38, +4.000, +0.155,+0.959
1574873220,+3.38, +3.969, +0.155,+0.959
1574873280,+3.38, +3.989, +0.155,+0.959
1574873340,+3.38, +3.969, +0.156,+0.959
1574873400,+3.37, +3.937, +0.157,+0.959
1574873460,+3.37, +3.969, +0.155,+0.959
1574873520,+3.37, +3.948, +0.156,+0.959
1574873580,+3.38, +3.989, +0.156,+0.959
1574873640,+3.37, +3.989, +0.155,+0.959
1574873700,+3.38, +3.989, +0.155,+0.959
1574873760,+3.38, +3.989, +0.155,+0.959
1574873820,+3.38, +3.969, +0.155,+0.959
1574873880,+3.38, +4.000, +0.155,+0.959
1574873940,+3.38, +4.010, +0.154,+0.959
1574874000,+3.38, +3.969, +0.155,+0.959
1574874060,+3.37, +3.979, +0.153,+0.958
1574874120,+3.38, +3.979, +0.157,+0.959
1574874180,+3.37, +3.979, +0.155,+0.959
1574874240,+3.38, +3.989, +0.155,+0.959
1574874300,+3.38, +3.989, +0.155,+0.959
1574874360,+3.38, +4.000, +0.156,+0.959
1574874420,+3.38, +3.979, +0.156,+0.959
1574874480,+3.38, +3.937, +0.157,+0.959
1574874540,+3.38, +3.969, +0.157,+0.959
1574874600,+3.37, +3.979, +0.157,+0.959
1574874660,+3.38, +3.948, +0.156,+0.959
1574874720,+3.37, +3.979, +0.155,+0.959
1574874780,+3.38, +4.010, +0.155,+0.959
1574874840,+3.38, +3.979, +0.156,+0.959
1574874900,+3.38, +3.969, +0.156,+0.959
1574874960,+3.38, +3.989, +0.155,+0.959
1574875020,+3.38, +3.979, +0.156,+0.959
1574875080,+3.38, +3.979, +0.157,+0.959
1574875140,+3.38, +3.979, +0.157,+0.959
1574875200,+3.37, +3.979, +0.155,+0.959
1574875260,+3.38, +3.979, +0.157,+0.959
1574875320,+3.38, +3.969, +0.157,+0.959
1574875380,+3.38, +3.948, +0.157,+0.959
1574875440,+3.38, +3.989, +0.156,+0.959
1574875500,+3.38, +3.969, +0.157,+0.959
1574875560,+3.38, +3.969, +0.155,+0.959
1574875620,+3.38, +3.948, +0.158,+0.959
1574875680,+3.38, +3.979, +0.156,+0.959
1574875740,+3.38, +3.979, +0.155,+0.959
1574875800,+3.38, +3.979, +0.156,+0.959
1574875860,+3.38, +4.000, +0.154,+0.959
1574875920,+3.38, +3.958, +0.157,+0.959
1574875980,+3.38, +3.969, +0.157,+0.959
1574876040,+3.38, +3.989, +0.156,+0.959
1574876100,+3.38, +3.969, +0.156,+0.959
1574876160,+3.37, +3.979, +0.156,+0.959
1574876220,+3.38, +3.969, +0.155,+0.959
1574876280,+3.38, +4.000, +0.157,+0.959
1574876340,+3.38, +3.969, +0.157,+0.959
1574876400,+3.38, +4.000, +0.155,+0.959
1574876460,+3.37, +3.979, +0.156,+0.959
1574876520,+3.38, +3.958, +0.155,+0.959
1574876580,+3.38, +3.979, +0.156,+0.959
1574876640,+3.38, +3.979, +0.156,+0.959
1574876700,+3.38, +3.989, +0.154,+0.959
1574876760,+3.38, +3.969, +0.156,+0.959
1574876820,+3.38, +3.979, +0.155,+0.959
1574876880,+3.38, +3.989, +0.156,+0.959
1574876940,+3.38, +3.979, +0.155,+0.959
1574877000,+3.38, +3.989, +0.155,+0.959
1574877060,+3.38, +3.989, +0.156,+0.959
1574877120,+3.38, +3.989, +0.155,+0.959
1574877180,+3.38, +3.979, +0.157,+0.959
1574877240,+3.38, +3.969, +0.156,+0.959
1574877300,+3.38, +3.989, +0.156,+0.959
1574877360,+3.37, +3.989, +0.156,+0.959
1574877420,+3.38, +3.948, +0.155,+0.959
1574877480,+3.37, +4.000, +0.155,+0.959
1574877540,+3.38, +3.969, +0.154,+0.959
1574877600,+3.37, +3.969, +0.157,+0.959
1574877660,+3.38, +3.979, +0.154,+0.959
1574877720,+3.38, +3.969, +0.158,+0.959
1574877780,+3.38, +3.989, +0.156,+0.959
1574877840,+3.37, +4.000, +0.155,+0.959
1574877900,+3.38, +3.979, +0.155,+0.959
1574877960,+3.38, +3.969, +0.157,+0.959
1574878020,+3.38, +3.989, +0.155,+0.959
1574878080,+3.38, +3.979, +0.158,+0.959
1574878140,+3.38, +3.958, +0.154,+0.959
1574878200,+3.38, +3.979, +0.155,+0.959
1574878260,+3.38, +3.989, +0.155,+0.959
1574878320,+3.38, +3.989, +0.156,+0.959
1574878380,+3.38, +3.969, +0.155,+0.959
1574878440,+3.38, +3.989, +0.155,+0.959
1574878500,+3.38, +3.958, +0.157,+0.959
1574878560,+3.38, +3.969, +0.157,+0.959
1574878620,+3.38, +3.937, +0.156,+0.959
1574878680,+3.38, +3.969, +0.157,+0.959
1574878740,+3.38, +3.937, +0.156,+0.959
1574878800,+3.37, +3.958, +0.156,+0.959
1574878860,+3.38, +3.958, +0.157,+0.959
1574878920,+3.37, +3.958, +0.156,+0.959
1574878980,+3.38, +3.979, +0.156,+0.959
1574879040,+3.38, +3.989, +0.157,+0.959
1574879100,+3.38, +3.969, +0.156,+0.959
1574879160,+3.38, +3.979, +0.155,+0.959
1574879220,+3.38, +3.969, +0.154,+0.959
1574879280,+3.38, +4.000, +0.156,+0.959
1574879340,+3.38, +3.969, +0.155,+0.959
1574879400,+3.38, +3.958, +0.156,+0.959
1574879460,+3.38, +3.969, +0.155,+0.959
1574879520,+3.38, +3.989, +0.155,+0.959
1574879580,+3.38, +3.937, +0.156,+0.959
1574879640,+3.38, +3.969, +0.156,+0.959
1574879700,+3.38, +3.969, +0.157,+0.959
1574879760,+3.38, +3.969, +0.157,+0.959
1574879820,+3.38, +3.979, +0.156,+0.959
1574879880,+3.38, +3.969, +0.154,+0.959
1574879940,+3.38, +3.958, +0.155,+0.959
1574880000,+3.38, +3.969, +0.157,+0.959
1574880060,+3.38, +3.979, +0.155,+0.959
1574880120,+3.38, +3.969, +0.156,+0.959
1574880180,+3.37, +3.969, +0.157,+0.959
1574880240,+3.38, +3.958, +0.156,+0.959
1574880300,+3.38, +3.989, +0.155,+0.959
1574880360,+3.38, +3.979, +0.155,+0.959
1574880420,+3.38, +3.979, +0.156,+0.959
1574880480,+3.38, +3.979, +0.156,+0.959
1574880540,+3.38, +3.969, +0.155,+0.959
1574880600,+3.38, +3.969, +0.156,+0.959
1574880660,+3.38, +3.958, +0.156,+0.959
1574880720,+3.38, +3.979, +0.155,+0.959
1574880780,+3.38, +3.969, +0.156,+0.959
1574880840,+3.38, +3.979, +0.154,+0.959
1574880900,+3.38, +3.989, +0.156,+0.959
1574880960,+3.38, +3.958, +0.156,+0.959
1574881020,+3.38, +3.979, +0.155,+0.959
1574881080,+3.38, +3.958, +0.154,+0.959
1574881140,+3.38, +3.969, +0.155,+0.959
1574881200,+3.38, +3.969, +0.157,+0.959
1574881260,+3.38, +3.969, +0.154,+0.959
1574881320,+3.38, +3.979, +0.154,+0.959
1574881380,+3.38, +3.979, +0.154,+0.959
1574881440,+3.38, +3.979, +0.156,+0.959
1574881500,+3.38, +3.979, +0.157,+0.959
1574881560,+3.38, +3.969, +0.156,+0.959
1574881620,+3.38, +3.969, +0.156,+0.959
1574881680,+3.38, +3.979, +0.156,+0.959
1574881740,+3.38, +3.989, +0.155,+0.959
1574881800,+3.38, +3.948, +0.156,+0.959
1574881860,+3.38, +3.989, +0.155,+0.959
1574881920,+3.38, +3.969, +0.155,+0.959
1574881980,+3.38, +3.979, +0.156,+0.959
1574882040,+3.38, +3.989, +0.157,+0.959
1574882100,+3.38, +3.969, +0.156,+0.959
1574882160,+3.38, +3.979, +0.156,+0.959
1574882220,+3.38, +3.958, +0.157,+0.959
1574882280,+3.38, +3.969, +0.157,+0.959
1574882340,+3.38, +3.969, +0.156,+0.959
1574882400,+3.38, +3.989, +0.155,+0.959
1574882460,+3.38, +3.989, +0.156,+0.959
1574882520,+3.38, +3.969, +0.157,+0.959
1574882580,+3.37, +3.958, +0.157,+0.959
1574882640,+3.38, +3.979, +0.157,+0.959
1574882700,+3.38, +3.979, +0.156,+0.959
1574882760,+3.38, +3.979, +0.156,+0.959
1574882820,+3.38, +3.979, +0.156,+0.959
1574882880,+3.37, +3.969, +0.156,+0.959
1574882940,+3.38, +3.979, +0.156,+0.959
1574883000,+3.38, +3.958, +0.157,+0.959
1574883060,+3.38, +3.958, +0.156,+0.959
1574883120,+3.38, +3.979, +0.155,+0.959
1574883180,+3.38, +3.969, +0.156,+0.959
1574883240,+3.38, +3.979, +0.157,+0.959
1574883300,+3.38, +3.969, +0.155,+0.959
1574883360,+3.38, +3.979, +0.156,+0.959
1574883420,+3.38, +3.958, +0.156,+0.959
1574883480,+3.38, +3.979, +0.156,+0.959
1574883540,+3.38, +3.979, +0.157,+0.959
1574883600,+3.38, +3.958, +0.158,+0.959
1574883660,+3.38, +3.969, +0.157,+0.959
1574883720,+3.38, +3.979, +0.155,+0.959
1574883780,+3.38, +3.979, +0.155,+0.959
1574883840,+3.38, +3.989, +0.156,+0.959
1574883900,+3.38, +3.969, +0.155,+0.959
1574883960,+3.38, +3.989, +0.156,+0.959
1574884020,+3.38, +3.948, +0.156,+0.959
1574884080,+3.38, +3.989, +0.155,+0.959
1574884140,+3.38, +3.958, +0.156,+0.959
1574884200,+3.38, +3.958, +0.157,+0.959
1574884260,+3.38, +3.989, +0.156,+0.959
1574884320,+3.38, +4.000, +0.155,+0.959
1574884380,+3.38, +3.979, +0.155,+0.959
1574884440,+3.38, +3.969, +0.154,+0.959
1574884500,+3.38, +3.979, +0.157,+0.959
1574884560,+3.38, +3.979, +0.156,+0.959
1574884620,+3.37, +3.989, +0.155,+0.959
1574884680,+3.38, +3.989, +0.155,+0.959
1574884740,+3.38, +3.969, +0.156,+0.959
1574884800,+3.38, +3.989, +0.155,+0.959
1574884860,+3.38, +3.989, +0.154,+0.959
1574884920,+3.38, +3.979, +0.156,+0.959
1574884980,+3.38, +3.989, +0.155,+0.959
1574885040,+3.38, +4.000, +0.157,+0.959
1574885100,+3.38, +3.979, +0.155,+0.959
1574885160,+3.38, +3.969, +0.156,+0.959
1574885220,+3.38, +3.989, +0.154,+0.959
1574885280,+3.38, +3.989, +0.156,+0.959
1574885340,+3.38, +3.969, +0.156,+0.959
1574885400,+3.38, +4.000, +0.155,+0.959
1574885460,+3.38, +4.000, +0.155,+0.959
1574885520,+3.38, +3.989, +0.155,+0.959
1574885580,+3.38, +3.989, +0.155,+0.959
1574885640,+3.38, +3.979, +0.156,+0.959
1574885700,+3.38, +3.948, +0.156,+0.959
1574885760,+3.38, +3.979, +0.153,+0.959
1574885820,+3.38, +3.969, +0.155,+0.959
1574885880,+3.38, +3.979, +0.157,+0.959
1574885940,+3.38, +3.989, +0.156,+0.959
1574886000,+3.38, +3.979, +0.156,+0.959
1574886060,+3.38, +3.979, +0.155,+0.959
1574886120,+3.38, +3.989, +0.157,+0.959
1574886180,+3.38, +3.989, +0.155,+0.959
1574886240,+3.38, +3.979, +0.156,+0.959
1574886300,+3.38, +4.010, +0.154,+0.959
1574886360,+3.38, +4.000, +0.157,+0.959
1574886420,+3.38, +3.958, +0.155,+0.959
1574886480,+3.38, +3.989, +0.154,+0.959
1574886540,+3.38, +3.989, +0.157,+0.959
1574886600,+3.38, +3.979, +0.155,+0.959
1574886660,+3.38, +3.989, +0.154,+0.959
1574886720,+3.38, +3.979, +0.155,+0.959
1574886780,+3.38, +3.979, +0.156,+0.959
1574886840,+3.38, +3.958, +0.154,+0.959
1574886900,+3.38, +3.969, +0.157,+0.959
1574886960,+3.37, +3.989, +0.154,+0.959
1574887020,+3.38, +3.948, +0.154,+0.959
1574887080,+3.38, +3.958, +0.156,+0.959
1574887140,+3.38, +3.969, +0.156,+0.959
1574887200,+3.38, +3.937, +0.155,+0.959
1574887260,+3.38, +4.000, +0.155,+0.959
1574887320,+3.38, +3.989, +0.155,+0.959
1574887380,+3.38, +3.948, +0.157,+0.959
1574887440,+3.38, +3.979, +0.156,+0.959
1574887500,+3.38, +3.989, +0.157,+0.959
1574887560,+3.38, +3.989, +0.156,+0.959
1574887620,+3.38, +3.958, +0.156,+0.959
1574887680,+3.38, +4.000, +0.155,+0.959
1574887740,+3.38, +3.969, +0.155,+0.959
1574887800,+3.38, +3.979, +0.156,+0.959
