7392-570653
OS REV: 1.11 Sensor Cal: 1428445788
Time (sec),  BV (Volts),  T (deg C),  DO (mg/l),  Q ()
1574023860,+3.36, +4.072, +0.215,+0.960
1574023920,+3.36, +4.041, +0.214,+0.959
1574023980,+3.36, +4.062, +0.213,+0.959
1574024040,+3.36, +4.041, +0.214,+0.959
1574024100,+3.36, +4.041, +0.213,+0.959
1574024160,+3.36, +4.041, +0.215,+0.959
1574024220,+3.36, +4.041, +0.215,+0.959
1574024280,+3.36, +4.041, +0.214,+0.959
1574024340,+3.36, +4.020, +0.214,+0.959
1574024400,+3.36, +4.052, +0.212,+0.959
1574024460,+3.36, +4.062, +0.187,+0.959
1574024520,+3.36, +4.031, +0.183,+0.959
1574024580,+3.36, +4.041, +0.181,+0.959
1574024640,+3.36, +4.031, +0.180,+0.959
1574024700,+3.36, +4.052, +0.179,+0.959
1574024760,+3.36, +4.062, +0.179,+0.959
1574024820,+3.36, +4.031, +0.177,+0.958
1574024880,+3.36, +4.000, +0.179,+0.959
1574024940,+3.36, +4.072, +0.176,+0.959
1574025000,+3.36, +4.041, +0.177,+0.959
1574025060,+3.36, +4.052, +0.177,+0.959
1574025120,+3.36, +4.041, +0.178,+0.959
1574025180,+3.36, +4.052, +0.178,+0.959
1574025240,+3.36, +4.062, +0.176,+0.959
1574025300,+3.36, +4.041, +0.178,+0.959
1574025360,+3.36, +4.062, +0.177,+0.959
1574025420,+3.36, +4.052, +0.178,+0.959
1574025480,+3.36, +4.062, +0.176,+0.958
1574025540,+3.37, +4.041, +0.178,+0.959
1574025600,+3.36, +4.041, +0.179,+0.959
1574025660,+3.36, +4.041, +0.179,+0.959
1574025720,+3.36, +4.031, +0.178,+0.959
1574025780,+3.37, +4.052, +0.178,+0.959
1574025840,+3.36, +4.041, +0.179,+0.959
1574025900,+3.36, +4.041, +0.178,+0.959
1574025960,+3.36, +4.052, +0.179,+0.959
1574026020,+3.36, +4.020, +0.179,+0.959
1574026080,+3.36, +4.041, +0.180,+0.959
1574026140,+3.36, +4.041, +0.179,+0.959
1574026200,+3.36, +4.031, +0.179,+0.959
1574026260,+3.36, +4.052, +0.179,+0.959
1574026320,+3.36, +4.041, +0.179,+0.959
1574026380,+3.36, +4.072, +0.178,+0.959
1574026440,+3.36, +4.072, +0.179,+0.959
1574026500,+3.36, +4.041, +0.181,+0.959
1574026560,+3.36, +4.041, +0.181,+0.959
1574026620,+3.36, +4.041, +0.181,+0.959
1574026680,+3.36, +4.052, +0.180,+0.959
1574026740,+3.36, +4.041, +0.180,+0.959
1574026800,+3.36, +4.052, +0.182,+0.959
1574026860,+3.36, +4.062, +0.181,+0.959
1574026920,+3.36, +4.052, +0.180,+0.959
1574026980,+3.37, +4.041, +0.182,+0.959
1574027040,+3.36, +4.031, +0.181,+0.959
1574027100,+3.36, +4.052, +0.182,+0.959
1574027160,+3.36, +4.041, +0.182,+0.959
1574027220,+3.36, +4.062, +0.182,+0.959
1574027280,+3.36, +4.052, +0.181,+0.959
1574027340,+3.36, +4.041, +0.182,+0.959
1574027400,+3.36, +4.052, +0.183,+0.959
1574027460,+3.36, +4.052, +0.181,+0.959
1574027520,+3.36, +4.041, +0.181,+0.959
1574027580,+3.36, +4.041, +0.183,+0.959
1574027640,+3.36, +4.062, +0.180,+0.959
1574027700,+3.36, +4.052, +0.181,+0.959
1574027760,+3.36, +4.010, +0.183,+0.959
1574027820,+3.36, +4.020, +0.183,+0.959
1574027880,+3.36, +4.062, +0.181,+0.959
1574027940,+3.36, +4.041, +0.184,+0.959
1574028000,+3.36, +4.062, +0.182,+0.959
1574028060,+3.36, +4.031, +0.183,+0.959
1574028120,+3.36, +4.062, +0.183,+0.959
1574028180,+3.36, +3.989, +0.182,+0.959
1574028240,+3.36, +4.052, +0.183,+0.959
1574028300,+3.36, +4.072, +0.182,+0.959
1574028360,+3.36, +4.031, +0.181,+0.959
1574028420,+3.36, +4.072, +0.181,+0.959
1574028480,+3.36, +4.052, +0.183,+0.959
1574028540,+3.36, +4.072, +0.182,+0.959
1574028600,+3.36, +4.072, +0.184,+0.959
1574028660,+3.36, +4.052, +0.183,+0.959
1574028720,+3.36, +4.052, +0.183,+0.959
1574028780,+3.36, +4.041, +0.183,+0.959
1574028840,+3.36, +4.031, +0.184,+0.959
1574028900,+3.36, +4.062, +0.182,+0.959
1574028960,+3.36, +4.041, +0.183,+0.959
1574029020,+3.36, +4.072, +0.182,+0.959
1574029080,+3.36, +4.041, +0.182,+0.959
1574029140,+3.36, +4.062, +0.183,+0.959
1574029200,+3.36, +4.031, +0.182,+0.959
1574029260,+3.36, +4.072, +0.182,+0.959
1574029320,+3.36, +4.062, +0.183,+0.959
1574029380,+3.36, +4.041, +0.182,+0.959
1574029440,+3.36, +4.083, +0.184,+0.959
1574029500,+3.36, +4.031, +0.182,+0.959
1574029560,+3.36, +4.062, +0.182,+0.959
1574029620,+3.36, +4.052, +0.182,+0.959
1574029680,+3.36, +4.031, +0.181,+0.959
1574029740,+3.36, +4.052, +0.181,+0.959
1574029800,+3.36, +4.062, +0.183,+0.959
1574029860,+3.36, +4.052, +0.183,+0.959
1574029920,+3.36, +4.062, +0.182,+0.959
1574029980,+3.36, +4.041, +0.181,+0.959
1574030040,+3.36, +4.052, +0.183,+0.959
1574030100,+3.36, +4.052, +0.183,+0.959
1574030160,+3.36, +4.062, +0.182,+0.959
1574030220,+3.36, +4.093, +0.181,+0.959
1574030280,+3.36, +4.052, +0.183,+0.959
1574030340,+3.36, +4.062, +0.181,+0.959
1574030400,+3.36, +4.041, +0.182,+0.959
1574030460,+3.36, +4.062, +0.181,+0.959
1574030520,+3.36, +4.041, +0.181,+0.959
1574030580,+3.36, +4.031, +0.181,+0.959
1574030640,+3.36, +4.062, +0.180,+0.959
1574030700,+3.36, +4.072, +0.180,+0.959
1574030760,+3.36, +4.052, +0.181,+0.959
1574030820,+3.36, +4.052, +0.181,+0.959
1574030880,+3.36, +4.062, +0.180,+0.959
1574030940,+3.36, +4.041, +0.182,+0.959
1574031000,+3.36, +4.062, +0.182,+0.959
1574031060,+3.36, +4.041, +0.181,+0.959
1574031120,+3.36, +4.062, +0.181,+0.959
1574031180,+3.36, +4.062, +0.182,+0.959
1574031240,+3.36, +4.052, +0.181,+0.959
1574031300,+3.36, +4.041, +0.181,+0.959
1574031360,+3.36, +4.062, +0.181,+0.959
1574031420,+3.36, +4.062, +0.180,+0.959
1574031480,+3.36, +4.041, +0.181,+0.959
1574031540,+3.36, +4.052, +0.182,+0.959
1574031600,+3.36, +4.041, +0.181,+0.959
1574031660,+3.36, +4.031, +0.181,+0.959
1574031720,+3.36, +4.041, +0.182,+0.959
1574031780,+3.36, +4.052, +0.180,+0.959
1574031840,+3.36, +4.041, +0.182,+0.959
1574031900,+3.36, +4.031, +0.182,+0.959
1574031960,+3.36, +4.052, +0.182,+0.959
1574032020,+3.36, +4.072, +0.181,+0.959
1574032080,+3.36, +4.041, +0.182,+0.959
1574032140,+3.36, +4.083, +0.181,+0.959
1574032200,+3.36, +4.062, +0.181,+0.959
1574032260,+3.36, +4.041, +0.182,+0.959
1574032320,+3.36, +4.062, +0.183,+0.959
1574032380,+3.36, +4.052, +0.182,+0.959
1574032440,+3.36, +4.072, +0.181,+0.959
1574032500,+3.36, +4.052, +0.181,+0.959
1574032560,+3.36, +4.052, +0.181,+0.959
1574032620,+3.36, +4.041, +0.182,+0.959
1574032680,+3.37, +4.062, +0.181,+0.959
1574032740,+3.36, +4.041, +0.182,+0.959
1574032800,+3.36, +4.052, +0.182,+0.959
1574032860,+3.36, +4.072, +0.181,+0.959
1574032920,+3.36, +4.052, +0.179,+0.959
1574032980,+3.36, +4.062, +0.180,+0.959
1574033040,+3.36, +4.052, +0.182,+0.959
1574033100,+3.36, +4.052, +0.181,+0.959
1574033160,+3.36, +4.052, +0.182,+0.959
1574033220,+3.36, +4.041, +0.180,+0.959
1574033280,+3.36, +4.031, +0.181,+0.959
1574033340,+3.36, +4.052, +0.180,+0.959
1574033400,+3.36, +4.052, +0.182,+0.959
1574033460,+3.36, +4.072, +0.180,+0.959
1574033520,+3.36, +4.041, +0.180,+0.959
1574033580,+3.36, +4.062, +0.180,+0.959
1574033640,+3.36, +4.041, +0.179,+0.959
1574033700,+3.36, +4.062, +0.178,+0.959
1574033760,+3.36, +4.041, +0.181,+0.959
1574033820,+3.36, +4.062, +0.179,+0.959
1574033880,+3.36, +4.052, +0.179,+0.959
1574033940,+3.36, +4.041, +0.182,+0.959
1574034000,+3.36, +4.072, +0.178,+0.959
1574034060,+3.36, +4.052, +0.179,+0.959
1574034120,+3.36, +4.052, +0.177,+0.959
1574034180,+3.36, +4.052, +0.180,+0.959
1574034240,+3.36, +4.072, +0.178,+0.959
1574034300,+3.36, +4.041, +0.180,+0.959
1574034360,+3.36, +4.062, +0.179,+0.959
1574034420,+3.36, +4.020, +0.180,+0.959
1574034480,+3.36, +4.031, +0.179,+0.959
1574034540,+3.36, +4.072, +0.177,+0.959
1574034600,+3.36, +4.041, +0.179,+0.959
1574034660,+3.36, +4.041, +0.178,+0.959
1574034720,+3.36, +4.072, +0.178,+0.959
1574034780,+3.36, +4.052, +0.181,+0.959
1574034840,+3.36, +4.062, +0.176,+0.959
1574034900,+3.36, +4.052, +0.178,+0.959
1574034960,+3.36, +4.072, +0.178,+0.959
1574035020,+3.36, +4.052, +0.178,+0.959
1574035080,+3.36, +4.041, +0.177,+0.959
1574035140,+3.36, +4.041, +0.180,+0.959
1574035200,+3.36, +4.020, +0.178,+0.959
1574035260,+3.36, +4.041, +0.179,+0.959
1574035320,+3.36, +4.041, +0.179,+0.959
1574035380,+3.36, +4.041, +0.176,+0.959
1574035440,+3.36, +4.041, +0.179,+0.959
1574035500,+3.36, +4.041, +0.177,+0.959
1574035560,+3.36, +4.062, +0.176,+0.959
1574035620,+3.36, +4.020, +0.178,+0.959
1574035680,+3.36, +4.062, +0.176,+0.959
1574035740,+3.36, +4.062, +0.177,+0.959
1574035800,+3.36, +4.052, +0.177,+0.959
1574035860,+3.36, +4.052, +0.175,+0.959
1574035920,+3.36, +4.062, +0.176,+0.959
1574035980,+3.36, +4.031, +0.176,+0.959
1574036040,+3.36, +4.062, +0.177,+0.959
1574036100,+3.36, +4.052, +0.176,+0.959
1574036160,+3.36, +4.031, +0.175,+0.959
1574036220,+3.36, +4.041, +0.177,+0.959
1574036280,+3.36, +4.031, +0.176,+0.959
1574036340,+3.36, +4.052, +0.176,+0.959
1574036400,+3.36, +4.093, +0.177,+0.959
1574036460,+3.36, +4.031, +0.177,+0.959
1574036520,+3.36, +4.031, +0.175,+0.959
1574036580,+3.36, +4.041, +0.176,+0.959
1574036640,+3.36, +4.062, +0.177,+0.959
1574036700,+3.36, +4.041, +0.178,+0.959
1574036760,+3.36, +4.031, +0.177,+0.959
1574036820,+3.37, +4.052, +0.178,+0.959
1574036880,+3.36, +4.041, +0.177,+0.959
1574036940,+3.36, +4.031, +0.176,+0.959
1574037000,+3.36, +4.041, +0.178,+0.959
1574037060,+3.36, +4.041, +0.177,+0.959
1574037120,+3.36, +4.052, +0.177,+0.959
1574037180,+3.36, +4.062, +0.178,+0.959
1574037240,+3.36, +4.031, +0.178,+0.959
1574037300,+3.36, +4.052, +0.178,+0.959
1574037360,+3.36, +4.041, +0.177,+0.959
1574037420,+3.36, +4.052, +0.177,+0.959
1574037480,+3.36, +4.072, +0.177,+0.959
1574037540,+3.36, +4.083, +0.175,+0.959
1574037600,+3.36, +4.062, +0.175,+0.959
1574037660,+3.36, +4.062, +0.177,+0.959
1574037720,+3.36, +4.041, +0.173,+0.959
1574037780,+3.36, +4.052, +0.177,+0.959
1574037840,+3.36, +4.062, +0.174,+0.959
1574037900,+3.36, +4.052, +0.178,+0.959
1574037960,+3.36, +4.052, +0.175,+0.959
1574038020,+3.36, +4.052, +0.173,+0.959
1574038080,+3.36, +4.052, +0.173,+0.959
1574038140,+3.36, +4.031, +0.175,+0.959
1574038200,+3.36, +4.062, +0.175,+0.959
1574038260,+3.36, +4.031, +0.175,+0.959
1574038320,+3.36, +4.052, +0.174,+0.959
1574038380,+3.36, +4.031, +0.175,+0.959
1574038440,+3.36, +4.020, +0.174,+0.959
1574038500,+3.37, +4.052, +0.173,+0.959
1574038560,+3.36, +4.041, +0.173,+0.959
1574038620,+3.36, +4.062, +0.174,+0.959
1574038680,+3.36, +4.041, +0.173,+0.959
1574038740,+3.36, +4.052, +0.175,+0.959
1574038800,+3.36, +4.041, +0.175,+0.959
1574038860,+3.36, +4.031, +0.175,+0.959
1574038920,+3.36, +4.020, +0.175,+0.959
1574038980,+3.36, +4.020, +0.173,+0.959
1574039040,+3.36, +4.052, +0.172,+0.959
1574039100,+3.36, +4.052, +0.173,+0.958
1574039160,+3.36, +4.031, +0.172,+0.958
1574039220,+3.36, +4.062, +0.173,+0.959
1574039280,+3.36, +4.052, +0.174,+0.959
1574039340,+3.36, +4.031, +0.173,+0.959
1574039400,+3.36, +4.062, +0.175,+0.959
1574039460,+3.36, +4.052, +0.173,+0.959
1574039520,+3.36, +4.041, +0.174,+0.959
1574039580,+3.36, +4.062, +0.173,+0.959
1574039640,+3.36, +4.031, +0.173,+0.959
1574039700,+3.36, +4.031, +0.173,+0.958
1574039760,+3.36, +4.020, +0.173,+0.959
1574039820,+3.36, +4.052, +0.175,+0.959
1574039880,+3.36, +4.010, +0.174,+0.959
1574039940,+3.36, +4.031, +0.174,+0.959
1574040000,+3.36, +4.041, +0.173,+0.959
1574040060,+3.36, +4.031, +0.173,+0.959
1574040120,+3.36, +4.031, +0.175,+0.959
1574040180,+3.36, +4.041, +0.173,+0.959
1574040240,+3.36, +4.052, +0.173,+0.959
1574040300,+3.36, +4.062, +0.173,+0.959
1574040360,+3.36, +4.052, +0.175,+0.959
1574040420,+3.36, +4.072, +0.172,+0.959
1574040480,+3.36, +4.052, +0.175,+0.959
1574040540,+3.36, +4.041, +0.172,+0.959
1574040600,+3.36, +4.062, +0.173,+0.959
1574040660,+3.36, +4.041, +0.174,+0.959
1574040720,+3.36, +4.052, +0.174,+0.959
1574040780,+3.36, +4.041, +0.173,+0.959
1574040840,+3.36, +4.052, +0.172,+0.959
1574040900,+3.36, +4.041, +0.172,+0.959
1574040960,+3.36, +4.072, +0.172,+0.959
1574041020,+3.36, +4.052, +0.173,+0.959
1574041080,+3.36, +4.062, +0.172,+0.959
1574041140,+3.36, +4.062, +0.173,+0.959
1574041200,+3.36, +4.041, +0.172,+0.958
1574041260,+3.36, +4.052, +0.170,+0.959
1574041320,+3.36, +4.041, +0.172,+0.959
1574041380,+3.36, +4.041, +0.171,+0.959
1574041440,+3.36, +4.062, +0.170,+0.959
1574041500,+3.36, +4.052, +0.171,+0.959
1574041560,+3.36, +4.041, +0.170,+0.959
1574041620,+3.36, +4.062, +0.172,+0.959
1574041680,+3.36, +4.052, +0.169,+0.959
1574041740,+3.36, +4.031, +0.171,+0.959
1574041800,+3.36, +4.041, +0.171,+0.959
1574041860,+3.36, +4.062, +0.169,+0.959
1574041920,+3.36, +3.989, +0.172,+0.959
1574041980,+3.36, +4.052, +0.171,+0.959
1574042040,+3.36, +4.062, +0.170,+0.959
1574042100,+3.36, +4.041, +0.169,+0.959
1574042160,+3.36, +4.052, +0.170,+0.959
1574042220,+3.36, +4.052, +0.171,+0.959
1574042280,+3.36, +4.041, +0.170,+0.959
1574042340,+3.36, +4.041, +0.171,+0.959
1574042400,+3.36, +4.041, +0.170,+0.959
1574042460,+3.36, +4.052, +0.170,+0.959
1574042520,+3.36, +4.062, +0.170,+0.959
1574042580,+3.37, +4.052, +0.172,+0.959
1574042640,+3.36, +4.062, +0.171,+0.959
1574042700,+3.36, +4.052, +0.170,+0.959
1574042760,+3.36, +4.041, +0.171,+0.959
1574042820,+3.36, +4.031, +0.172,+0.959
1574042880,+3.36, +4.052, +0.170,+0.959
1574042940,+3.37, +4.052, +0.171,+0.959
1574043000,+3.36, +4.062, +0.172,+0.959
1574043060,+3.36, +4.041, +0.172,+0.959
1574043120,+3.37, +4.072, +0.169,+0.959
1574043180,+3.36, +4.062, +0.170,+0.959
1574043240,+3.36, +4.052, +0.168,+0.959
1574043300,+3.36, +4.041, +0.169,+0.959
1574043360,+3.36, +4.062, +0.169,+0.959
1574043420,+3.36, +4.041, +0.171,+0.959
1574043480,+3.36, +4.041, +0.171,+0.959
1574043540,+3.36, +4.052, +0.170,+0.959
1574043600,+3.36, +4.031, +0.172,+0.959
1574043660,+3.36, +4.041, +0.169,+0.959
1574043720,+3.36, +4.041, +0.169,+0.959
1574043780,+3.36, +4.062, +0.168,+0.958
1574043840,+3.36, +4.041, +0.168,+0.959
1574043900,+3.36, +4.052, +0.169,+0.959
1574043960,+3.36, +4.031, +0.170,+0.959
1574044020,+3.36, +4.010, +0.168,+0.958
1574044080,+3.36, +4.041, +0.169,+0.959
1574044140,+3.36, +4.031, +0.168,+0.959
1574044200,+3.36, +4.020, +0.169,+0.959
1574044260,+3.36, +4.052, +0.169,+0.959
1574044320,+3.36, +4.041, +0.170,+0.959
1574044380,+3.36, +4.062, +0.167,+0.959
1574044440,+3.36, +4.062, +0.169,+0.959
1574044500,+3.36, +4.062, +0.168,+0.959
1574044560,+3.36, +4.041, +0.168,+0.959
1574044620,+3.36, +4.031, +0.168,+0.959
1574044680,+3.37, +4.062, +0.168,+0.959
1574044740,+3.36, +4.052, +0.168,+0.959
1574044800,+3.36, +4.072, +0.167,+0.959
1574044860,+3.36, +4.062, +0.168,+0.959
1574044920,+3.37, +4.041, +0.168,+0.959
1574044980,+3.36, +4.041, +0.168,+0.958
1574045040,+3.36, +4.052, +0.167,+0.959
1574045100,+3.36, +4.052, +0.169,+0.959
1574045160,+3.36, +4.062, +0.169,+0.959
1574045220,+3.36, +4.052, +0.168,+0.959
1574045280,+3.36, +4.020, +0.167,+0.959
1574045340,+3.36, +4.062, +0.168,+0.959
1574045400,+3.36, +4.041, +0.169,+0.959
1574045460,+3.36, +4.041, +0.167,+0.959
1574045520,+3.36, +4.052, +0.167,+0.959
1574045580,+3.36, +4.083, +0.167,+0.959
1574045640,+3.36, +4.020, +0.167,+0.958
1574045700,+3.36, +4.041, +0.168,+0.959
1574045760,+3.37, +4.041, +0.167,+0.959
1574045820,+3.36, +4.062, +0.168,+0.959
1574045880,+3.37, +4.062, +0.167,+0.959
1574045940,+3.37, +4.062, +0.168,+0.959
1574046000,+3.37, +4.083, +0.167,+0.958
1574046060,+3.36, +4.052, +0.163,+0.958
1574046120,+3.36, +4.031, +0.166,+0.959
1574046180,+3.36, +4.041, +0.164,+0.959
1574046240,+3.36, +4.062, +0.163,+0.958
1574046300,+3.36, +4.041, +0.164,+0.958
1574046360,+3.37, +4.041, +0.164,+0.959
1574046420,+3.36, +4.041, +0.166,+0.959
1574046480,+3.37, +4.052, +0.163,+0.959
1574046540,+3.37, +4.052, +0.163,+0.959
1574046600,+3.37, +4.052, +0.165,+0.959
1574046660,+3.36, +4.052, +0.163,+0.958
1574046720,+3.36, +4.041, +0.164,+0.958
1574046780,+3.36, +4.041, +0.164,+0.959
1574046840,+3.36, +4.041, +0.164,+0.959
1574046900,+3.37, +4.031, +0.163,+0.958
1574046960,+3.36, +4.031, +0.166,+0.959
1574047020,+3.37, +4.062, +0.164,+0.959
1574047080,+3.37, +4.083, +0.164,+0.959
1574047140,+3.36, +4.052, +0.164,+0.958
1574047200,+3.36, +4.031, +0.164,+0.958
1574047260,+3.36, +4.052, +0.165,+0.959
1574047320,+3.36, +4.000, +0.165,+0.958
1574047380,+3.36, +4.052, +0.163,+0.958
1574047440,+3.36, +4.031, +0.164,+0.958
1574047500,+3.36, +4.062, +0.165,+0.959
1574047560,+3.36, +4.072, +0.165,+0.958
1574047620,+3.36, +4.062, +0.165,+0.959
1574047680,+3.36, +4.020, +0.165,+0.959
1574047740,+3.36, +4.052, +0.164,+0.959
1574047800,+3.36, +4.072, +0.164,+0.959
1574047860,+3.36, +4.041, +0.165,+0.958
1574047920,+3.36, +4.052, +0.164,+0.958
1574047980,+3.36, +4.041, +0.165,+0.959
1574048040,+3.37, +4.041, +0.166,+0.958
1574048100,+3.36, +4.041, +0.164,+0.958
1574048160,+3.36, +4.041, +0.164,+0.959
1574048220,+3.36, +4.041, +0.164,+0.959
1574048280,+3.36, +4.041, +0.164,+0.958
1574048340,+3.37, +4.052, +0.165,+0.959
1574048400,+3.36, +4.052, +0.165,+0.959
1574048460,+3.36, +4.031, +0.168,+0.959
1574048520,+3.36, +4.052, +0.164,+0.959
1574048580,+3.36, +4.052, +0.166,+0.959
1574048640,+3.36, +4.062, +0.168,+0.959
1574048700,+3.36, +4.041, +0.165,+0.958
1574048760,+3.36, +4.041, +0.166,+0.959
1574048820,+3.36, +4.020, +0.166,+0.958
1574048880,+3.37, +4.052, +0.165,+0.959
1574048940,+3.36, +4.031, +0.167,+0.959
1574049000,+3.36, +4.031, +0.167,+0.959
1574049060,+3.37, +4.052, +0.165,+0.959
1574049120,+3.37, +4.052, +0.167,+0.959
1574049180,+3.37, +4.052, +0.165,+0.958
1574049240,+3.36, +4.041, +0.167,+0.959
1574049300,+3.36, +4.020, +0.166,+0.958
1574049360,+3.36, +4.041, +0.166,+0.959
1574049420,+3.37, +4.072, +0.165,+0.959
1574049480,+3.36, +4.052, +0.166,+0.959
1574049540,+3.36, +4.031, +0.166,+0.959
1574049600,+3.36, +4.020, +0.166,+0.959
1574049660,+3.36, +4.031, +0.166,+0.959
1574049720,+3.36, +4.010, +0.168,+0.959
1574049780,+3.36, +4.062, +0.167,+0.959
1574049840,+3.36, +4.031, +0.165,+0.959
1574049900,+3.36, +4.031, +0.166,+0.959
1574049960,+3.37, +4.041, +0.166,+0.959
1574050020,+3.36, +4.052, +0.165,+0.959
1574050080,+3.36, +4.020, +0.166,+0.958
1574050140,+3.37, +4.031, +0.167,+0.959
1574050200,+3.37, +4.041, +0.166,+0.959
1574050260,+3.36, +4.000, +0.168,+0.959
1574050320,+3.36, +4.041, +0.166,+0.959
1574050380,+3.36, +4.052, +0.166,+0.959
1574050440,+3.36, +4.052, +0.166,+0.959
1574050500,+3.36, +4.041, +0.166,+0.958
1574050560,+3.36, +4.052, +0.167,+0.959
1574050620,+3.36, +4.020, +0.166,+0.959
1574050680,+3.37, +4.041, +0.166,+0.959
1574050740,+3.36, +4.041, +0.165,+0.958
1574050800,+3.36, +4.031, +0.166,+0.958
1574050860,+3.36, +4.052, +0.165,+0.959
1574050920,+3.36, +4.052, +0.165,+0.959
1574050980,+3.36, +4.031, +0.167,+0.959
1574051040,+3.36, +4.010, +0.166,+0.958
1574051100,+3.37, +4.041, +0.167,+0.959
1574051160,+3.36, +4.062, +0.166,+0.959
1574051220,+3.37, +4.020, +0.167,+0.959
1574051280,+3.37, +4.041, +0.166,+0.959
1574051340,+3.36, +4.010, +0.165,+0.958
1574051400,+3.36, +4.041, +0.166,+0.959
1574051460,+3.36, +4.052, +0.167,+0.959
1574051520,+3.36, +4.031, +0.167,+0.959
1574051580,+3.37, +4.010, +0.166,+0.959
1574051640,+3.37, +4.010, +0.166,+0.958
1574051700,+3.36, +4.041, +0.167,+0.959
1574051760,+3.36, +4.031, +0.165,+0.958
1574051820,+3.36, +4.062, +0.166,+0.959
1574051880,+3.37, +4.062, +0.165,+0.959
1574051940,+3.36, +4.031, +0.166,+0.959
1574052000,+3.37, +4.041, +0.166,+0.959
1574052060,+3.37, +4.041, +0.164,+0.958
1574052120,+3.36, +4.031, +0.165,+0.958
1574052180,+3.37, +4.041, +0.165,+0.959
1574052240,+3.37, +4.031, +0.166,+0.959
1574052300,+3.37, +4.052, +0.166,+0.959
1574052360,+3.36, +4.031, +0.166,+0.958
1574052420,+3.36, +4.041, +0.167,+0.959
1574052480,+3.37, +4.041, +0.166,+0.958
1574052540,+3.36, +4.052, +0.166,+0.959
1574052600,+3.36, +4.031, +0.165,+0.958
1574052660,+3.36, +4.031, +0.166,+0.958
1574052720,+3.37, +4.052, +0.164,+0.959
1574052780,+3.37, +4.041, +0.165,+0.959
1574052840,+3.37, +4.041, +0.164,+0.958
1574052900,+3.37, +4.072, +0.164,+0.959
1574052960,+3.36, +4.031, +0.166,+0.958
1574053020,+3.36, +4.031, +0.166,+0.959
1574053080,+3.36, +4.031, +0.167,+0.959
1574053140,+3.36, +4.052, +0.166,+0.959
1574053200,+3.36, +4.031, +0.165,+0.959
1574053260,+3.37, +3.979, +0.165,+0.958
1574053320,+3.37, +4.041, +0.165,+0.959
1574053380,+3.37, +4.031, +0.165,+0.958
1574053440,+3.37, +4.062, +0.165,+0.959
1574053500,+3.37, +4.031, +0.166,+0.959
1574053560,+3.37, +4.052, +0.164,+0.959
1574053620,+3.36, +4.041, +0.164,+0.958
1574053680,+3.36, +4.041, +0.164,+0.958
1574053740,+3.36, +4.052, +0.166,+0.959
1574053800,+3.36, +4.041, +0.164,+0.959
1574053860,+3.36, +4.010, +0.166,+0.959
1574053920,+3.36, +4.031, +0.165,+0.958
1574053980,+3.36, +4.041, +0.166,+0.959
1574054040,+3.37, +4.020, +0.166,+0.958
1574054100,+3.37, +4.031, +0.164,+0.958
1574054160,+3.37, +4.020, +0.164,+0.958
1574054220,+3.36, +4.052, +0.165,+0.959
1574054280,+3.36, +4.041, +0.165,+0.959
1574054340,+3.36, +4.031, +0.167,+0.959
1574054400,+3.37, +4.031, +0.165,+0.958
1574054460,+3.36, +4.041, +0.164,+0.958
1574054520,+3.36, +4.062, +0.166,+0.959
1574054580,+3.36, +4.041, +0.165,+0.958
1574054640,+3.36, +4.052, +0.165,+0.959
1574054700,+3.37, +4.041, +0.166,+0.958
1574054760,+3.36, +4.020, +0.165,+0.958
1574054820,+3.37, +4.031, +0.164,+0.958
1574054880,+3.37, +4.052, +0.166,+0.959
1574054940,+3.37, +4.031, +0.165,+0.958
1574055000,+3.37, +4.041, +0.166,+0.959
1574055060,+3.36, +4.010, +0.167,+0.959
1574055120,+3.36, +4.031, +0.165,+0.959
1574055180,+3.37, +4.031, +0.165,+0.959
1574055240,+3.37, +4.062, +0.165,+0.959
1574055300,+3.37, +4.031, +0.165,+0.959
1574055360,+3.37, +4.041, +0.167,+0.959
1574055420,+3.37, +4.041, +0.165,+0.959
1574055480,+3.37, +4.020, +0.165,+0.959
1574055540,+3.37, +4.031, +0.166,+0.959
1574055600,+3.36, +4.031, +0.166,+0.959
1574055660,+3.36, +4.010, +0.164,+0.959
1574055720,+3.36, +4.041, +0.165,+0.958
1574055780,+3.36, +4.031, +0.165,+0.958
1574055840,+3.37, +4.031, +0.164,+0.959
1574055900,+3.37, +4.010, +0.166,+0.959
1574055960,+3.37, +4.052, +0.165,+0.959
1574056020,+3.37, +4.010, +0.165,+0.958
1574056080,+3.36, +4.041, +0.165,+0.959
1574056140,+3.36, +4.020, +0.165,+0.959
1574056200,+3.37, +4.020, +0.165,+0.958
1574056260,+3.36, +4.031, +0.165,+0.959
1574056320,+3.36, +4.031, +0.165,+0.959
1574056380,+3.36, +4.010, +0.166,+0.959
1574056440,+3.36, +4.031, +0.165,+0.959
1574056500,+3.37, +4.010, +0.166,+0.959
1574056560,+3.36, +4.031, +0.166,+0.959
1574056620,+3.37, +4.020, +0.166,+0.959
1574056680,+3.37, +4.062, +0.164,+0.959
1574056740,+3.37, +4.020, +0.166,+0.959
1574056800,+3.36, +4.020, +0.164,+0.959
1574056860,+3.37, +4.041, +0.165,+0.959
1574056920,+3.36, +4.031, +0.165,+0.959
1574056980,+3.37, +4.041, +0.165,+0.959
1574057040,+3.37, +4.052, +0.164,+0.959
1574057100,+3.37, +4.041, +0.165,+0.959
1574057160,+3.37, +4.052, +0.166,+0.959
1574057220,+3.37, +4.000, +0.164,+0.958
1574057280,+3.37, +4.052, +0.167,+0.959
1574057340,+3.36, +4.031, +0.165,+0.959
1574057400,+3.37, +4.072, +0.163,+0.959
1574057460,+3.36, +4.031, +0.166,+0.959
1574057520,+3.36, +4.020, +0.166,+0.959
1574057580,+3.37, +4.052, +0.165,+0.959
1574057640,+3.36, +4.052, +0.166,+0.959
1574057700,+3.37, +4.031, +0.165,+0.959
1574057760,+3.37, +4.041, +0.164,+0.958
1574057820,+3.37, +4.041, +0.164,+0.958
1574057880,+3.37, +4.020, +0.165,+0.958
1574057940,+3.37, +4.020, +0.165,+0.959
1574058000,+3.36, +4.083, +0.164,+0.959
1574058060,+3.37, +4.041, +0.164,+0.958
1574058120,+3.36, +4.020, +0.167,+0.959
1574058180,+3.36, +4.041, +0.164,+0.959
1574058240,+3.37, +4.041, +0.164,+0.958
1574058300,+3.37, +4.020, +0.165,+0.958
1574058360,+3.36, +4.041, +0.165,+0.959
1574058420,+3.37, +4.041, +0.165,+0.959
1574058480,+3.37, +4.041, +0.167,+0.959
1574058540,+3.36, +4.031, +0.166,+0.959
1574058600,+3.36, +4.010, +0.168,+0.959
1574058660,+3.36, +4.052, +0.165,+0.958
1574058720,+3.36, +4.052, +0.166,+0.959
1574058780,+3.36, +4.020, +0.166,+0.958
1574058840,+3.37, +4.041, +0.166,+0.959
1574058900,+3.37, +4.031, +0.164,+0.958
1574058960,+3.36, +4.031, +0.166,+0.958
1574059020,+3.37, +4.041, +0.166,+0.959
1574059080,+3.37, +4.052, +0.165,+0.958
1574059140,+3.37, +4.031, +0.167,+0.959
1574059200,+3.37, +4.031, +0.168,+0.959
1574059260,+3.36, +4.031, +0.166,+0.959
1574059320,+3.37, +4.041, +0.165,+0.959
1574059380,+3.37, +4.052, +0.165,+0.959
1574059440,+3.36, +4.041, +0.165,+0.959
1574059500,+3.37, +4.052, +0.165,+0.959
1574059560,+3.36, +4.052, +0.164,+0.959
1574059620,+3.37, +4.072, +0.166,+0.959
1574059680,+3.37, +4.052, +0.163,+0.959
1574059740,+3.37, +4.072, +0.164,+0.959
1574059800,+3.37, +4.062, +0.164,+0.959
1574059860,+3.37, +4.031, +0.164,+0.958
1574059920,+3.36, +4.041, +0.165,+0.958
1574059980,+3.36, +4.020, +0.166,+0.959
1574060040,+3.36, +4.041, +0.165,+0.958
1574060100,+3.36, +4.020, +0.164,+0.958
1574060160,+3.36, +4.041, +0.166,+0.959
1574060220,+3.36, +4.031, +0.165,+0.958
1574060280,+3.36, +4.062, +0.165,+0.959
1574060340,+3.36, +4.031, +0.165,+0.959
1574060400,+3.36, +4.072, +0.165,+0.959
1574060460,+3.36, +4.020, +0.165,+0.958
1574060520,+3.37, +4.062, +0.163,+0.958
1574060580,+3.37, +3.948, +0.167,+0.958
1574060640,+3.36, +4.083, +0.163,+0.959
1574060700,+3.36, +4.010, +0.166,+0.958
1574060760,+3.36, +4.072, +0.165,+0.959
1574060820,+3.36, +4.052, +0.164,+0.959
1574060880,+3.36, +4.062, +0.164,+0.959
1574060940,+3.37, +4.000, +0.166,+0.958
1574061000,+3.36, +4.020, +0.164,+0.958
1574061060,+3.36, +4.031, +0.165,+0.959
1574061120,+3.37, +4.041, +0.165,+0.959
1574061180,+3.37, +4.041, +0.165,+0.959
1574061240,+3.37, +4.041, +0.163,+0.958
1574061300,+3.36, +4.041, +0.165,+0.959
1574061360,+3.37, +4.020, +0.164,+0.958
1574061420,+3.36, +4.041, +0.166,+0.959
1574061480,+3.36, +4.041, +0.165,+0.959
1574061540,+3.36, +4.041, +0.164,+0.958
1574061600,+3.37, +4.062, +0.164,+0.959
1574061660,+3.36, +4.031, +0.164,+0.958
1574061720,+3.36, +4.062, +0.166,+0.959
1574061780,+3.37, +4.052, +0.164,+0.959
1574061840,+3.36, +4.041, +0.164,+0.958
1574061900,+3.37, +4.031, +0.166,+0.959
1574061960,+3.37, +4.020, +0.165,+0.959
1574062020,+3.37, +4.062, +0.164,+0.959
1574062080,+3.36, +4.041, +0.164,+0.959
1574062140,+3.37, +4.052, +0.163,+0.958
1574062200,+3.36, +4.083, +0.163,+0.959
1574062260,+3.36, +4.041, +0.165,+0.959
1574062320,+3.37, +4.031, +0.164,+0.959
1574062380,+3.36, +4.052, +0.164,+0.959
1574062440,+3.37, +4.052, +0.163,+0.958
1574062500,+3.37, +4.062, +0.165,+0.959
1574062560,+3.36, +4.052, +0.166,+0.959
1574062620,+3.36, +4.062, +0.166,+0.959
1574062680,+3.37, +4.052, +0.164,+0.958
1574062740,+3.37, +4.020, +0.164,+0.959
1574062800,+3.36, +4.010, +0.163,+0.958
1574062860,+3.36, +4.041, +0.166,+0.959
1574062920,+3.37, +4.041, +0.164,+0.959
1574062980,+3.36, +4.062, +0.164,+0.959
1574063040,+3.36, +4.020, +0.165,+0.959
1574063100,+3.36, +4.020, +0.165,+0.959
1574063160,+3.36, +4.041, +0.166,+0.959
1574063220,+3.37, +4.052, +0.165,+0.959
1574063280,+3.36, +4.020, +0.165,+0.958
1574063340,+3.36, +4.031, +0.166,+0.959
1574063400,+3.37, +4.010, +0.164,+0.958
1574063460,+3.36, +4.031, +0.164,+0.958
1574063520,+3.36, +4.041, +0.166,+0.959
1574063580,+3.36, +4.041, +0.166,+0.959
1574063640,+3.36, +4.031, +0.165,+0.959
1574063700,+3.36, +4.031, +0.165,+0.958
1574063760,+3.37, +4.031, +0.166,+0.959
1574063820,+3.36, +4.031, +0.165,+0.958
1574063880,+3.37, +4.062, +0.166,+0.959
1574063940,+3.36, +4.041, +0.167,+0.959
1574064000,+3.36, +4.031, +0.168,+0.959
1574064060,+3.36, +4.041, +0.167,+0.959
1574064120,+3.36, +4.052, +0.164,+0.958
1574064180,+3.36, +4.041, +0.165,+0.959
1574064240,+3.36, +4.041, +0.166,+0.958
1574064300,+3.36, +4.041, +0.165,+0.959
1574064360,+3.37, +4.041, +0.166,+0.959
1574064420,+3.37, +4.052, +0.167,+0.959
1574064480,+3.36, +4.052, +0.166,+0.959
1574064540,+3.36, +4.072, +0.165,+0.959
1574064600,+3.36, +4.052, +0.165,+0.959
1574064660,+3.36, +4.041, +0.166,+0.959
1574064720,+3.36, +4.052, +0.166,+0.959
1574064780,+3.36, +4.020, +0.166,+0.959
1574064840,+3.36, +4.052, +0.165,+0.959
1574064900,+3.36, +4.052, +0.165,+0.959
1574064960,+3.36, +4.041, +0.166,+0.959
1574065020,+3.36, +4.031, +0.168,+0.959
1574065080,+3.36, +4.020, +0.167,+0.959
1574065140,+3.36, +4.041, +0.165,+0.958
1574065200,+3.36, +4.041, +0.165,+0.959
1574065260,+3.36, +4.052, +0.164,+0.959
1574065320,+3.36, +4.052, +0.165,+0.959
1574065380,+3.37, +4.052, +0.165,+0.959
1574065440,+3.36, +4.052, +0.165,+0.959
1574065500,+3.36, +4.062, +0.165,+0.959
1574065560,+3.36, +4.020, +0.165,+0.958
1574065620,+3.36, +4.031, +0.165,+0.958
1574065680,+3.36, +4.031, +0.165,+0.959
1574065740,+3.36, +4.020, +0.165,+0.959
1574065800,+3.36, +4.041, +0.166,+0.958
1574065860,+3.36, +4.062, +0.164,+0.959
1574065920,+3.36, +4.031, +0.167,+0.959
1574065980,+3.36, +4.041, +0.166,+0.959
1574066040,+3.37, +4.041, +0.166,+0.959
1574066100,+3.36, +4.041, +0.166,+0.959
1574066160,+3.37, +4.062, +0.166,+0.959
1574066220,+3.36, +4.052, +0.165,+0.959
1574066280,+3.36, +4.041, +0.166,+0.959
1574066340,+3.36, +4.031, +0.166,+0.959
1574066400,+3.36, +4.041, +0.165,+0.959
1574066460,+3.36, +4.041, +0.166,+0.959
1574066520,+3.36, +4.041, +0.165,+0.959
1574066580,+3.36, +4.031, +0.165,+0.959
1574066640,+3.36, +4.010, +0.166,+0.959
1574066700,+3.36, +4.041, +0.166,+0.959
1574066760,+3.36, +4.052, +0.165,+0.959
1574066820,+3.36, +4.052, +0.166,+0.959
1574066880,+3.36, +4.020, +0.165,+0.959
1574066940,+3.36, +4.041, +0.163,+0.959
1574067000,+3.36, +4.031, +0.166,+0.958
1574067060,+3.36, +4.020, +0.164,+0.958
1574067120,+3.36, +4.052, +0.166,+0.959
1574067180,+3.36, +4.031, +0.165,+0.959
1574067240,+3.36, +4.020, +0.165,+0.959
1574067300,+3.36, +4.041, +0.166,+0.959
1574067360,+3.36, +4.031, +0.164,+0.959
1574067420,+3.36, +4.031, +0.165,+0.958
1574067480,+3.36, +4.041, +0.165,+0.959
1574067540,+3.36, +4.020, +0.163,+0.958
1574067600,+3.36, +4.031, +0.165,+0.959
1574067660,+3.36, +4.041, +0.160,+0.958
1574067720,+3.36, +4.020, +0.161,+0.959
1574067780,+3.36, +4.041, +0.163,+0.959
1574067840,+3.36, +4.020, +0.162,+0.959
1574067900,+3.36, +4.031, +0.161,+0.958
1574067960,+3.36, +4.020, +0.162,+0.958
1574068020,+3.36, +4.062, +0.161,+0.959
1574068080,+3.36, +4.041, +0.161,+0.958
1574068140,+3.36, +4.041, +0.161,+0.959
1574068200,+3.36, +4.041, +0.162,+0.959
1574068260,+3.36, +4.010, +0.161,+0.958
1574068320,+3.36, +4.052, +0.161,+0.959
1574068380,+3.36, +4.010, +0.160,+0.958
1574068440,+3.36, +4.052, +0.162,+0.959
1574068500,+3.37, +4.052, +0.160,+0.958
1574068560,+3.36, +4.041, +0.161,+0.958
1574068620,+3.36, +4.041, +0.162,+0.958
1574068680,+3.36, +4.041, +0.160,+0.958
1574068740,+3.36, +4.041, +0.164,+0.959
1574068800,+3.36, +4.020, +0.162,+0.958
1574068860,+3.36, +4.031, +0.162,+0.959
1574068920,+3.36, +4.031, +0.162,+0.959
1574068980,+3.37, +4.052, +0.162,+0.959
1574069040,+3.36, +4.020, +0.163,+0.958
1574069100,+3.37, +4.052, +0.161,+0.959
1574069160,+3.37, +4.031, +0.163,+0.959
1574069220,+3.36, +4.031, +0.163,+0.959
1574069280,+3.36, +4.020, +0.162,+0.958
1574069340,+3.36, +4.031, +0.162,+0.958
1574069400,+3.37, +4.041, +0.163,+0.959
1574069460,+3.36, +4.041, +0.162,+0.958
1574069520,+3.36, +4.041, +0.163,+0.958
1574069580,+3.36, +4.041, +0.162,+0.959
1574069640,+3.36, +4.041, +0.163,+0.959
1574069700,+3.36, +4.041, +0.164,+0.959
1574069760,+3.36, +4.072, +0.160,+0.959
1574069820,+3.36, +4.062, +0.162,+0.959
1574069880,+3.36, +4.062, +0.163,+0.958
1574069940,+3.36, +4.031, +0.162,+0.958
1574070000,+3.36, +4.041, +0.163,+0.959
1574070060,+3.36, +4.031, +0.164,+0.959
1574070120,+3.36, +4.062, +0.163,+0.959
1574070180,+3.36, +4.010, +0.163,+0.959
1574070240,+3.36, +4.041, +0.162,+0.958
1574070300,+3.36, +4.052, +0.163,+0.959
1574070360,+3.36, +4.041, +0.165,+0.959
1574070420,+3.36, +4.041, +0.164,+0.959
1574070480,+3.36, +4.041, +0.162,+0.958
1574070540,+3.36, +4.041, +0.163,+0.959
1574070600,+3.36, +4.062, +0.161,+0.958
1574070660,+3.36, +4.062, +0.161,+0.959
1574070720,+3.36, +4.052, +0.162,+0.959
1574070780,+3.36, +4.041, +0.162,+0.959
1574070840,+3.36, +4.041, +0.162,+0.959
1574070900,+3.36, +4.041, +0.161,+0.959
1574070960,+3.37, +4.052, +0.162,+0.959
1574071020,+3.36, +4.031, +0.164,+0.959
1574071080,+3.36, +4.052, +0.162,+0.959
1574071140,+3.36, +4.020, +0.163,+0.958
1574071200,+3.36, +4.041, +0.164,+0.959
1574071260,+3.36, +4.062, +0.163,+0.959
1574071320,+3.36, +4.062, +0.161,+0.959
1574071380,+3.36, +4.041, +0.162,+0.959
1574071440,+3.36, +4.020, +0.163,+0.959
1574071500,+3.36, +4.020, +0.163,+0.958
1574071560,+3.36, +4.020, +0.161,+0.958
1574071620,+3.36, +4.041, +0.163,+0.959
1574071680,+3.36, +4.020, +0.162,+0.958
1574071740,+3.36, +4.041, +0.162,+0.958
1574071800,+3.36, +4.041, +0.164,+0.959
1574071860,+3.36, +4.031, +0.163,+0.959
1574071920,+3.36, +4.031, +0.163,+0.959
1574071980,+3.36, +4.041, +0.162,+0.959
1574072040,+3.36, +4.020, +0.163,+0.959
1574072100,+3.36, +4.031, +0.164,+0.959
1574072160,+3.36, +4.031, +0.165,+0.959
1574072220,+3.36, +4.041, +0.162,+0.958
1574072280,+3.36, +4.031, +0.163,+0.959
1574072340,+3.37, +4.031, +0.164,+0.959
1574072400,+3.36, +4.031, +0.163,+0.959
1574072460,+3.36, +4.020, +0.164,+0.959
1574072520,+3.36, +4.031, +0.163,+0.959
1574072580,+3.36, +4.031, +0.163,+0.959
1574072640,+3.36, +4.041, +0.164,+0.959
1574072700,+3.36, +4.041, +0.164,+0.959
1574072760,+3.36, +4.031, +0.163,+0.959
1574072820,+3.36, +4.010, +0.163,+0.959
1574072880,+3.36, +4.010, +0.164,+0.959
1574072940,+3.36, +4.020, +0.165,+0.959
1574073000,+3.36, +4.031, +0.164,+0.959
1574073060,+3.36, +4.031, +0.163,+0.959
1574073120,+3.36, +4.052, +0.163,+0.959
1574073180,+3.36, +4.041, +0.163,+0.959
1574073240,+3.36, +4.041, +0.163,+0.959
1574073300,+3.36, +4.010, +0.163,+0.958
1574073360,+3.36, +4.010, +0.164,+0.959
1574073420,+3.36, +4.000, +0.163,+0.958
1574073480,+3.36, +4.020, +0.164,+0.958
1574073540,+3.36, +4.020, +0.162,+0.958
1574073600,+3.36, +4.010, +0.164,+0.959
1574073660,+3.36, +4.020, +0.164,+0.959
1574073720,+3.36, +4.020, +0.164,+0.959
1574073780,+3.36, +4.031, +0.163,+0.958
1574073840,+3.36, +4.020, +0.163,+0.959
1574073900,+3.36, +4.020, +0.163,+0.959
1574073960,+3.36, +4.041, +0.164,+0.959
1574074020,+3.36, +4.020, +0.162,+0.958
1574074080,+3.36, +4.041, +0.164,+0.959
1574074140,+3.36, +4.010, +0.163,+0.958
1574074200,+3.36, +4.031, +0.165,+0.959
1574074260,+3.37, +4.020, +0.164,+0.959
1574074320,+3.37, +4.020, +0.164,+0.959
1574074380,+3.36, +4.010, +0.166,+0.959
1574074440,+3.36, +4.052, +0.163,+0.959
1574074500,+3.36, +4.020, +0.164,+0.958
1574074560,+3.36, +4.031, +0.163,+0.959
1574074620,+3.36, +4.020, +0.166,+0.959
1574074680,+3.36, +4.010, +0.163,+0.959
1574074740,+3.36, +4.020, +0.164,+0.959
1574074800,+3.36, +4.041, +0.165,+0.959
1574074860,+3.36, +4.031, +0.164,+0.959
1574074920,+3.36, +4.041, +0.165,+0.959
1574074980,+3.36, +4.062, +0.163,+0.959
1574075040,+3.36, +4.000, +0.165,+0.959
1574075100,+3.36, +4.062, +0.163,+0.959
1574075160,+3.36, +4.031, +0.164,+0.959
1574075220,+3.36, +4.052, +0.163,+0.959
1574075280,+3.36, +4.020, +0.167,+0.959
1574075340,+3.36, +4.041, +0.164,+0.959
1574075400,+3.36, +4.041, +0.164,+0.959
1574075460,+3.36, +4.041, +0.163,+0.958
1574075520,+3.36, +4.041, +0.164,+0.959
1574075580,+3.36, +4.031, +0.165,+0.959
1574075640,+3.36, +4.083, +0.162,+0.959
1574075700,+3.36, +4.041, +0.165,+0.959
1574075760,+3.36, +4.020, +0.165,+0.959
1574075820,+3.36, +4.031, +0.164,+0.959
1574075880,+3.36, +4.041, +0.165,+0.959
1574075940,+3.36, +4.062, +0.165,+0.959
1574076000,+3.36, +4.072, +0.165,+0.959
1574076060,+3.36, +4.041, +0.164,+0.959
1574076120,+3.36, +4.031, +0.165,+0.959
1574076180,+3.36, +4.041, +0.164,+0.959
1574076240,+3.36, +4.083, +0.164,+0.959
1574076300,+3.36, +4.031, +0.165,+0.959
1574076360,+3.36, +4.031, +0.165,+0.959
1574076420,+3.36, +4.041, +0.164,+0.959
1574076480,+3.36, +4.083, +0.162,+0.959
1574076540,+3.36, +4.041, +0.163,+0.959
1574076600,+3.36, +4.062, +0.166,+0.959
1574076660,+3.36, +4.052, +0.164,+0.959
1574076720,+3.36, +4.020, +0.165,+0.959
1574076780,+3.37, +4.041, +0.164,+0.959
1574076840,+3.37, +4.072, +0.166,+0.959
1574076900,+3.36, +4.041, +0.164,+0.959
1574076960,+3.36, +4.031, +0.166,+0.959
1574077020,+3.36, +4.062, +0.164,+0.959
1574077080,+3.36, +4.020, +0.166,+0.959
1574077140,+3.36, +4.052, +0.166,+0.959
1574077200,+3.36, +4.041, +0.165,+0.959
1574077260,+3.36, +4.031, +0.165,+0.959
1574077320,+3.37, +4.062, +0.164,+0.959
1574077380,+3.36, +4.020, +0.163,+0.958
1574077440,+3.36, +4.031, +0.165,+0.959
1574077500,+3.36, +4.041, +0.163,+0.958
1574077560,+3.36, +4.031, +0.164,+0.959
1574077620,+3.36, +4.041, +0.165,+0.959
1574077680,+3.36, +4.052, +0.163,+0.959
1574077740,+3.36, +4.041, +0.163,+0.959
1574077800,+3.36, +4.020, +0.165,+0.959
1574077860,+3.36, +4.052, +0.163,+0.959
1574077920,+3.36, +4.062, +0.163,+0.959
1574077980,+3.36, +4.041, +0.165,+0.959
1574078040,+3.36, +4.052, +0.163,+0.959
1574078100,+3.36, +4.031, +0.163,+0.959
1574078160,+3.36, +4.052, +0.162,+0.958
1574078220,+3.36, +3.979, +0.164,+0.958
1574078280,+3.36, +4.041, +0.165,+0.959
1574078340,+3.36, +4.072, +0.164,+0.959
1574078400,+3.36, +4.062, +0.163,+0.959
1574078460,+3.36, +4.041, +0.164,+0.959
1574078520,+3.36, +4.052, +0.164,+0.959
1574078580,+3.36, +4.020, +0.165,+0.959
1574078640,+3.36, +4.031, +0.163,+0.958
1574078700,+3.36, +3.989, +0.165,+0.959
1574078760,+3.36, +4.052, +0.164,+0.959
1574078820,+3.36, +4.041, +0.163,+0.959
1574078880,+3.36, +4.031, +0.165,+0.959
1574078940,+3.36, +4.041, +0.163,+0.959
1574079000,+3.36, +4.062, +0.164,+0.959
1574079060,+3.36, +4.041, +0.162,+0.958
1574079120,+3.36, +4.041, +0.164,+0.959
1574079180,+3.36, +4.041, +0.166,+0.959
1574079240,+3.36, +4.072, +0.163,+0.959
1574079300,+3.36, +4.052, +0.164,+0.959
1574079360,+3.36, +4.041, +0.164,+0.959
1574079420,+3.36, +4.041, +0.164,+0.959
1574079480,+3.36, +4.041, +0.163,+0.959
1574079540,+3.36, +4.052, +0.163,+0.959
1574079600,+3.36, +4.052, +0.164,+0.959
1574079660,+3.36, +4.052, +0.163,+0.959
1574079720,+3.36, +4.041, +0.163,+0.959
1574079780,+3.36, +4.041, +0.163,+0.958
1574079840,+3.36, +4.041, +0.164,+0.959
1574079900,+3.37, +4.052, +0.162,+0.959
1574079960,+3.36, +4.062, +0.163,+0.959
1574080020,+3.36, +4.031, +0.164,+0.959
1574080080,+3.36, +4.031, +0.165,+0.959
1574080140,+3.36, +4.041, +0.163,+0.959
1574080200,+3.36, +4.041, +0.163,+0.959
1574080260,+3.36, +4.031, +0.164,+0.959
1574080320,+3.36, +4.062, +0.163,+0.959
1574080380,+3.36, +4.041, +0.163,+0.959
1574080440,+3.36, +4.041, +0.162,+0.959
1574080500,+3.36, +4.052, +0.163,+0.959
1574080560,+3.36, +4.041, +0.163,+0.959
1574080620,+3.36, +4.041, +0.163,+0.958
1574080680,+3.36, +4.020, +0.164,+0.959
1574080740,+3.36, +4.062, +0.162,+0.959
1574080800,+3.36, +4.041, +0.162,+0.958
1574080860,+3.36, +4.072, +0.164,+0.959
1574080920,+3.36, +4.041, +0.163,+0.959
1574080980,+3.36, +4.031, +0.164,+0.959
1574081040,+3.36, +4.041, +0.163,+0.959
1574081100,+3.37, +4.093, +0.162,+0.959
1574081160,+3.36, +4.041, +0.162,+0.959
1574081220,+3.36, +4.052, +0.164,+0.959
1574081280,+3.36, +4.020, +0.164,+0.958
1574081340,+3.36, +4.062, +0.164,+0.959
1574081400,+3.36, +4.062, +0.163,+0.959
1574081460,+3.36, +4.031, +0.164,+0.959
1574081520,+3.36, +4.041, +0.162,+0.959
1574081580,+3.36, +4.062, +0.163,+0.959
1574081640,+3.36, +4.052, +0.164,+0.959
1574081700,+3.36, +4.031, +0.165,+0.959
1574081760,+3.36, +4.010, +0.164,+0.958
1574081820,+3.36, +4.041, +0.164,+0.959
1574081880,+3.36, +4.020, +0.164,+0.958
1574081940,+3.36, +4.052, +0.163,+0.958
1574082000,+3.37, +4.052, +0.162,+0.958
1574082060,+3.36, +4.041, +0.164,+0.959
1574082120,+3.36, +4.041, +0.163,+0.959
1574082180,+3.36, +4.020, +0.164,+0.959
1574082240,+3.36, +4.052, +0.163,+0.959
1574082300,+3.36, +4.010, +0.164,+0.958
1574082360,+3.36, +4.052, +0.162,+0.959
1574082420,+3.36, +4.052, +0.162,+0.958
1574082480,+3.36, +4.041, +0.164,+0.959
1574082540,+3.36, +4.052, +0.162,+0.959
1574082600,+3.36, +4.031, +0.163,+0.958
1574082660,+3.36, +4.020, +0.164,+0.959
1574082720,+3.36, +4.020, +0.164,+0.958
1574082780,+3.36, +4.020, +0.163,+0.958
1574082840,+3.36, +4.041, +0.165,+0.959
1574082900,+3.36, +4.031, +0.163,+0.959
1574082960,+3.36, +4.031, +0.164,+0.958
1574083020,+3.36, +4.052, +0.162,+0.959
1574083080,+3.36, +4.020, +0.164,+0.958
1574083140,+3.36, +4.052, +0.164,+0.959
1574083200,+3.37, +4.062, +0.163,+0.959
1574083260,+3.36, +4.041, +0.162,+0.958
1574083320,+3.36, +4.031, +0.164,+0.959
1574083380,+3.36, +4.052, +0.164,+0.959
1574083440,+3.36, +4.062, +0.163,+0.959
1574083500,+3.37, +4.041, +0.162,+0.958
1574083560,+3.36, +4.031, +0.163,+0.959
1574083620,+3.36, +4.052, +0.163,+0.959
1574083680,+3.36, +4.041, +0.165,+0.959
1574083740,+3.36, +4.041, +0.163,+0.958
1574083800,+3.36, +4.062, +0.163,+0.959
1574083860,+3.36, +4.020, +0.163,+0.958
1574083920,+3.36, +4.041, +0.162,+0.958
1574083980,+3.36, +4.041, +0.164,+0.959
1574084040,+3.36, +4.020, +0.164,+0.959
1574084100,+3.36, +4.031, +0.164,+0.959
1574084160,+3.36, +4.031, +0.164,+0.959
1574084220,+3.36, +4.020, +0.163,+0.958
1574084280,+3.36, +4.052, +0.163,+0.959
1574084340,+3.36, +4.041, +0.163,+0.959
1574084400,+3.36, +4.041, +0.164,+0.959
1574084460,+3.36, +4.020, +0.162,+0.959
1574084520,+3.37, +4.041, +0.163,+0.959
1574084580,+3.36, +4.041, +0.163,+0.958
1574084640,+3.36, +4.062, +0.162,+0.959
1574084700,+3.36, +4.062, +0.162,+0.959
1574084760,+3.36, +4.052, +0.164,+0.959
1574084820,+3.36, +4.020, +0.163,+0.958
1574084880,+3.36, +4.041, +0.164,+0.959
1574084940,+3.37, +4.031, +0.164,+0.959
1574085000,+3.37, +4.062, +0.163,+0.959
1574085060,+3.36, +4.041, +0.162,+0.959
1574085120,+3.37, +4.062, +0.165,+0.959
1574085180,+3.37, +4.031, +0.164,+0.959
1574085240,+3.36, +4.052, +0.163,+0.959
1574085300,+3.36, +4.031, +0.163,+0.959
1574085360,+3.36, +4.041, +0.164,+0.959
1574085420,+3.36, +4.041, +0.164,+0.959
1574085480,+3.36, +4.031, +0.163,+0.959
1574085540,+3.36, +4.052, +0.164,+0.959
1574085600,+3.36, +4.031, +0.163,+0.959
1574085660,+3.36, +4.020, +0.164,+0.959
1574085720,+3.36, +4.062, +0.162,+0.958
1574085780,+3.36, +4.031, +0.163,+0.958
1574085840,+3.36, +4.062, +0.162,+0.959
1574085900,+3.36, +4.052, +0.163,+0.959
1574085960,+3.36, +4.052, +0.162,+0.958
1574086020,+3.36, +4.083, +0.165,+0.959
1574086080,+3.36, +4.041, +0.163,+0.959
1574086140,+3.36, +4.031, +0.163,+0.959
1574086200,+3.36, +4.052, +0.163,+0.959
1574086260,+3.36, +4.041, +0.163,+0.959
1574086320,+3.36, +4.020, +0.162,+0.958
1574086380,+3.36, +4.062, +0.162,+0.959
1574086440,+3.36, +4.052, +0.162,+0.958
1574086500,+3.36, +4.052, +0.162,+0.959
1574086560,+3.37, +4.072, +0.162,+0.959
1574086620,+3.36, +4.062, +0.164,+0.959
1574086680,+3.37, +4.062, +0.164,+0.959
1574086740,+3.36, +4.041, +0.164,+0.959
1574086800,+3.36, +4.062, +0.164,+0.959
1574086860,+3.36, +4.041, +0.162,+0.959
1574086920,+3.36, +4.041, +0.164,+0.959
1574086980,+3.36, +4.041, +0.163,+0.959
1574087040,+3.36, +4.062, +0.163,+0.959
1574087100,+3.36, +4.031, +0.164,+0.959
1574087160,+3.36, +4.052, +0.163,+0.959
1574087220,+3.36, +4.041, +0.164,+0.959
1574087280,+3.36, +4.052, +0.164,+0.959
1574087340,+3.36, +4.031, +0.164,+0.959
1574087400,+3.36, +4.052, +0.163,+0.959
1574087460,+3.37, +4.062, +0.161,+0.959
1574087520,+3.36, +4.020, +0.164,+0.959
1574087580,+3.36, +4.052, +0.163,+0.959
1574087640,+3.36, +4.031, +0.164,+0.959
1574087700,+3.36, +4.041, +0.165,+0.959
1574087760,+3.36, +4.041, +0.164,+0.959
1574087820,+3.36, +4.031, +0.163,+0.959
1574087880,+3.37, +4.041, +0.163,+0.958
1574087940,+3.36, +4.041, +0.164,+0.959
1574088000,+3.36, +4.083, +0.162,+0.959
1574088060,+3.36, +4.062, +0.163,+0.959
1574088120,+3.36, +4.062, +0.163,+0.958
1574088180,+3.37, +4.052, +0.162,+0.959
1574088240,+3.36, +4.041, +0.161,+0.958
1574088300,+3.36, +4.041, +0.161,+0.958
1574088360,+3.36, +4.041, +0.162,+0.958
1574088420,+3.36, +4.041, +0.162,+0.958
1574088480,+3.36, +4.052, +0.162,+0.959
1574088540,+3.36, +4.062, +0.163,+0.959
1574088600,+3.36, +4.062, +0.162,+0.959
1574088660,+3.36, +4.041, +0.164,+0.959
1574088720,+3.36, +4.052, +0.163,+0.959
1574088780,+3.36, +4.041, +0.162,+0.959
1574088840,+3.36, +4.041, +0.162,+0.958
1574088900,+3.36, +4.052, +0.164,+0.959
1574088960,+3.36, +4.041, +0.163,+0.959
1574089020,+3.36, +4.041, +0.164,+0.959
1574089080,+3.36, +4.052, +0.163,+0.959
1574089140,+3.36, +4.041, +0.162,+0.958
1574089200,+3.36, +4.052, +0.162,+0.959
1574089260,+3.36, +4.020, +0.160,+0.959
1574089320,+3.36, +4.041, +0.160,+0.959
1574089380,+3.36, +4.041, +0.159,+0.958
1574089440,+3.36, +4.041, +0.159,+0.958
1574089500,+3.36, +3.979, +0.160,+0.958
1574089560,+3.36, +4.041, +0.161,+0.959
1574089620,+3.36, +4.083, +0.160,+0.959
1574089680,+3.36, +4.052, +0.160,+0.959
1574089740,+3.36, +4.041, +0.159,+0.958
1574089800,+3.36, +4.041, +0.161,+0.959
1574089860,+3.36, +4.041, +0.159,+0.958
1574089920,+3.36, +4.041, +0.160,+0.958
1574089980,+3.37, +4.041, +0.160,+0.958
1574090040,+3.36, +4.041, +0.158,+0.958
1574090100,+3.36, +4.041, +0.159,+0.958
1574090160,+3.36, +4.031, +0.159,+0.958
1574090220,+3.36, +4.052, +0.160,+0.959
1574090280,+3.36, +4.031, +0.160,+0.958
1574090340,+3.37, +4.052, +0.161,+0.959
1574090400,+3.36, +4.031, +0.161,+0.959
1574090460,+3.36, +4.041, +0.161,+0.959
1574090520,+3.36, +4.052, +0.159,+0.959
1574090580,+3.36, +4.052, +0.160,+0.959
1574090640,+3.37, +4.052, +0.161,+0.959
1574090700,+3.37, +4.041, +0.160,+0.958
1574090760,+3.36, +4.031, +0.161,+0.959
1574090820,+3.36, +4.062, +0.160,+0.959
1574090880,+3.36, +4.052, +0.160,+0.958
1574090940,+3.36, +4.062, +0.160,+0.959
1574091000,+3.36, +4.041, +0.162,+0.959
1574091060,+3.36, +4.062, +0.160,+0.959
1574091120,+3.36, +4.031, +0.160,+0.958
1574091180,+3.36, +4.031, +0.161,+0.958
1574091240,+3.36, +4.020, +0.161,+0.958
1574091300,+3.37, +4.041, +0.162,+0.959
1574091360,+3.36, +4.031, +0.159,+0.958
1574091420,+3.36, +4.041, +0.160,+0.958
1574091480,+3.36, +4.041, +0.162,+0.959
1574091540,+3.36, +4.041, +0.159,+0.958
1574091600,+3.36, +4.062, +0.160,+0.958
1574091660,+3.36, +4.052, +0.160,+0.959
1574091720,+3.36, +4.041, +0.160,+0.958
1574091780,+3.36, +4.052, +0.161,+0.959
1574091840,+3.36, +4.041, +0.161,+0.959
1574091900,+3.36, +4.072, +0.160,+0.959
1574091960,+3.36, +4.083, +0.159,+0.959
1574092020,+3.36, +4.052, +0.160,+0.959
1574092080,+3.36, +4.072, +0.160,+0.958
1574092140,+3.36, +4.072, +0.161,+0.959
1574092200,+3.36, +4.031, +0.161,+0.959
1574092260,+3.36, +4.041, +0.160,+0.958
1574092320,+3.36, +4.041, +0.159,+0.958
1574092380,+3.36, +4.041, +0.159,+0.958
1574092440,+3.36, +4.020, +0.160,+0.958
1574092500,+3.36, +4.020, +0.161,+0.958
1574092560,+3.36, +4.062, +0.159,+0.959
1574092620,+3.36, +4.041, +0.160,+0.958
1574092680,+3.36, +4.062, +0.160,+0.959
1574092740,+3.36, +4.031, +0.161,+0.959
1574092800,+3.36, +4.062, +0.159,+0.959
1574092860,+3.36, +4.041, +0.161,+0.959
1574092920,+3.36, +4.041, +0.159,+0.959
1574092980,+3.36, +4.052, +0.161,+0.959
1574093040,+3.36, +4.010, +0.162,+0.958
1574093100,+3.37, +4.031, +0.161,+0.959
1574093160,+3.36, +4.052, +0.160,+0.958
1574093220,+3.36, +4.020, +0.161,+0.959
1574093280,+3.36, +4.020, +0.160,+0.958
1574093340,+3.36, +4.052, +0.161,+0.959
1574093400,+3.36, +4.031, +0.161,+0.959
1574093460,+3.36, +4.083, +0.160,+0.959
1574093520,+3.36, +4.052, +0.158,+0.959
1574093580,+3.36, +4.041, +0.160,+0.958
1574093640,+3.36, +4.052, +0.159,+0.959
1574093700,+3.36, +4.041, +0.160,+0.958
1574093760,+3.36, +4.052, +0.159,+0.959
1574093820,+3.36, +4.041, +0.161,+0.959
1574093880,+3.36, +4.052, +0.162,+0.959
1574093940,+3.36, +4.041, +0.160,+0.958
1574094000,+3.37, +4.020, +0.161,+0.959
1574094060,+3.36, +4.031, +0.161,+0.959
1574094120,+3.36, +4.052, +0.161,+0.959
1574094180,+3.36, +4.041, +0.160,+0.958
1574094240,+3.37, +4.041, +0.159,+0.958
1574094300,+3.36, +4.052, +0.160,+0.959
1574094360,+3.36, +4.041, +0.161,+0.959
1574094420,+3.36, +4.062, +0.160,+0.959
1574094480,+3.36, +4.041, +0.159,+0.958
1574094540,+3.36, +4.020, +0.160,+0.958
1574094600,+3.37, +4.052, +0.160,+0.959
1574094660,+3.36, +4.052, +0.159,+0.958
1574094720,+3.36, +4.062, +0.161,+0.959
1574094780,+3.36, +4.031, +0.160,+0.958
1574094840,+3.37, +4.062, +0.162,+0.959
1574094900,+3.36, +4.041, +0.161,+0.959
1574094960,+3.37, +4.062, +0.161,+0.959
1574095020,+3.36, +4.041, +0.163,+0.959
1574095080,+3.36, +4.041, +0.161,+0.959
1574095140,+3.36, +4.020, +0.161,+0.958
1574095200,+3.37, +4.062, +0.161,+0.959
1574095260,+3.36, +4.041, +0.161,+0.959
1574095320,+3.37, +4.031, +0.161,+0.958
1574095380,+3.36, +4.062, +0.161,+0.959
1574095440,+3.36, +4.052, +0.160,+0.959
1574095500,+3.36, +4.041, +0.160,+0.958
1574095560,+3.36, +4.031, +0.162,+0.959
1574095620,+3.36, +4.041, +0.160,+0.958
1574095680,+3.36, +4.041, +0.161,+0.958
1574095740,+3.36, +4.041, +0.163,+0.959
1574095800,+3.36, +4.052, +0.160,+0.959
1574095860,+3.36, +4.072, +0.161,+0.958
1574095920,+3.36, +4.052, +0.160,+0.959
1574095980,+3.36, +4.041, +0.161,+0.959
1574096040,+3.36, +4.052, +0.161,+0.959
1574096100,+3.36, +4.031, +0.161,+0.958
1574096160,+3.36, +4.052, +0.161,+0.959
1574096220,+3.36, +4.052, +0.162,+0.958
1574096280,+3.36, +4.052, +0.161,+0.959
1574096340,+3.36, +4.031, +0.161,+0.958
1574096400,+3.36, +4.052, +0.160,+0.959
1574096460,+3.36, +4.052, +0.162,+0.959
1574096520,+3.36, +4.041, +0.160,+0.958
1574096580,+3.36, +4.031, +0.160,+0.958
1574096640,+3.36, +4.062, +0.161,+0.959
1574096700,+3.36, +4.062, +0.160,+0.959
1574096760,+3.37, +4.031, +0.161,+0.959
1574096820,+3.36, +4.062, +0.162,+0.959
1574096880,+3.36, +4.062, +0.161,+0.959
1574096940,+3.36, +4.062, +0.160,+0.958
1574097000,+3.36, +4.072, +0.161,+0.959
1574097060,+3.36, +4.052, +0.159,+0.958
1574097120,+3.36, +4.062, +0.159,+0.959
1574097180,+3.36, +4.041, +0.161,+0.958
1574097240,+3.36, +4.052, +0.161,+0.959
1574097300,+3.36, +4.052, +0.158,+0.958
1574097360,+3.36, +4.052, +0.161,+0.959
1574097420,+3.36, +4.062, +0.161,+0.959
1574097480,+3.36, +4.020, +0.161,+0.959
1574097540,+3.36, +4.041, +0.160,+0.958
1574097600,+3.36, +4.041, +0.160,+0.958
1574097660,+3.36, +4.041, +0.161,+0.958
1574097720,+3.36, +4.052, +0.163,+0.959
1574097780,+3.36, +4.062, +0.159,+0.958
1574097840,+3.36, +4.041, +0.161,+0.959
1574097900,+3.36, +4.072, +0.159,+0.958
1574097960,+3.36, +4.041, +0.162,+0.959
1574098020,+3.36, +4.062, +0.161,+0.959
1574098080,+3.36, +4.052, +0.161,+0.959
1574098140,+3.36, +4.031, +0.161,+0.958
1574098200,+3.36, +4.062, +0.159,+0.958
1574098260,+3.36, +4.072, +0.160,+0.959
1574098320,+3.36, +4.052, +0.161,+0.958
1574098380,+3.36, +4.062, +0.160,+0.958
1574098440,+3.36, +4.062, +0.161,+0.959
1574098500,+3.36, +4.062, +0.161,+0.959
1574098560,+3.36, +4.052, +0.161,+0.959
1574098620,+3.36, +4.052, +0.161,+0.958
1574098680,+3.36, +4.072, +0.160,+0.959
1574098740,+3.36, +4.041, +0.161,+0.959
1574098800,+3.36, +4.041, +0.161,+0.958
1574098860,+3.36, +4.083, +0.162,+0.959
1574098920,+3.36, +4.052, +0.161,+0.959
1574098980,+3.36, +4.062, +0.161,+0.959
1574099040,+3.36, +4.062, +0.161,+0.958
1574099100,+3.36, +4.052, +0.162,+0.959
1574099160,+3.36, +4.052, +0.161,+0.959
1574099220,+3.36, +4.062, +0.159,+0.958
1574099280,+3.36, +4.062, +0.161,+0.959
1574099340,+3.36, +4.062, +0.160,+0.958
1574099400,+3.36, +4.072, +0.161,+0.959
1574099460,+3.36, +4.031, +0.161,+0.959
1574099520,+3.36, +4.031, +0.162,+0.958
1574099580,+3.36, +4.062, +0.161,+0.959
1574099640,+3.36, +4.062, +0.160,+0.958
1574099700,+3.36, +4.093, +0.159,+0.959
1574099760,+3.36, +4.062, +0.161,+0.959
1574099820,+3.36, +4.062, +0.160,+0.958
1574099880,+3.36, +4.062, +0.161,+0.959
1574099940,+3.37, +4.072, +0.162,+0.959
1574100000,+3.36, +4.062, +0.161,+0.959
1574100060,+3.36, +4.062, +0.161,+0.959
1574100120,+3.36, +4.062, +0.160,+0.958
1574100180,+3.36, +4.052, +0.161,+0.959
1574100240,+3.36, +4.062, +0.160,+0.958
1574100300,+3.37, +4.062, +0.161,+0.958
1574100360,+3.36, +4.052, +0.160,+0.958
1574100420,+3.36, +4.052, +0.161,+0.959
1574100480,+3.36, +4.052, +0.160,+0.959
1574100540,+3.36, +4.072, +0.160,+0.959
1574100600,+3.36, +4.072, +0.160,+0.958
1574100660,+3.36, +4.052, +0.161,+0.958
1574100720,+3.36, +4.052, +0.160,+0.959
1574100780,+3.36, +4.041, +0.161,+0.958
1574100840,+3.36, +4.052, +0.161,+0.959
1574100900,+3.36, +4.052, +0.160,+0.958
1574100960,+3.36, +4.062, +0.161,+0.959
1574101020,+3.36, +4.052, +0.160,+0.959
1574101080,+3.36, +4.052, +0.161,+0.959
1574101140,+3.37, +4.072, +0.160,+0.959
1574101200,+3.36, +4.052, +0.161,+0.959
1574101260,+3.37, +4.062, +0.161,+0.959
1574101320,+3.36, +4.062, +0.161,+0.958
1574101380,+3.36, +4.052, +0.160,+0.959
1574101440,+3.36, +4.072, +0.161,+0.959
1574101500,+3.36, +4.041, +0.162,+0.958
1574101560,+3.36, +4.052, +0.161,+0.959
1574101620,+3.36, +4.062, +0.158,+0.958
1574101680,+3.36, +4.052, +0.159,+0.959
1574101740,+3.36, +4.041, +0.161,+0.959
1574101800,+3.36, +4.072, +0.161,+0.958
1574101860,+3.36, +4.052, +0.160,+0.959
1574101920,+3.36, +4.072, +0.160,+0.958
1574101980,+3.36, +4.020, +0.161,+0.958
1574102040,+3.36, +4.062, +0.161,+0.959
1574102100,+3.36, +4.093, +0.159,+0.959
1574102160,+3.36, +4.052, +0.160,+0.958
1574102220,+3.36, +4.052, +0.160,+0.958
1574102280,+3.36, +4.052, +0.162,+0.959
1574102340,+3.37, +4.062, +0.160,+0.959
1574102400,+3.37, +4.052, +0.162,+0.959
1574102460,+3.36, +4.072, +0.161,+0.959
1574102520,+3.37, +4.093, +0.161,+0.959
1574102580,+3.36, +4.052, +0.161,+0.958
1574102640,+3.36, +4.062, +0.160,+0.959
1574102700,+3.36, +4.052, +0.160,+0.958
1574102760,+3.36, +4.062, +0.159,+0.958
1574102820,+3.36, +4.072, +0.160,+0.959
1574102880,+3.36, +4.031, +0.161,+0.958
1574102940,+3.36, +4.062, +0.160,+0.959
1574103000,+3.36, +4.072, +0.161,+0.959
1574103060,+3.36, +4.052, +0.159,+0.958
1574103120,+3.37, +4.072, +0.161,+0.959
1574103180,+3.36, +4.052, +0.162,+0.959
1574103240,+3.36, +4.052, +0.160,+0.958
1574103300,+3.36, +4.052, +0.161,+0.959
1574103360,+3.36, +4.041, +0.162,+0.958
1574103420,+3.36, +4.052, +0.162,+0.959
1574103480,+3.36, +4.062, +0.159,+0.959
1574103540,+3.37, +4.052, +0.160,+0.958
1574103600,+3.37, +4.083, +0.160,+0.958
1574103660,+3.37, +4.000, +0.162,+0.958
1574103720,+3.37, +4.072, +0.160,+0.959
1574103780,+3.37, +4.083, +0.161,+0.959
1574103840,+3.37, +4.052, +0.162,+0.959
1574103900,+3.36, +4.062, +0.160,+0.958
1574103960,+3.36, +4.062, +0.161,+0.959
1574104020,+3.36, +4.062, +0.160,+0.959
1574104080,+3.36, +4.031, +0.161,+0.959
1574104140,+3.36, +4.072, +0.161,+0.959
1574104200,+3.36, +4.052, +0.160,+0.959
1574104260,+3.36, +4.083, +0.159,+0.959
1574104320,+3.36, +4.062, +0.159,+0.958
1574104380,+3.37, +4.062, +0.162,+0.958
1574104440,+3.36, +4.052, +0.160,+0.959
1574104500,+3.36, +4.052, +0.161,+0.959
1574104560,+3.36, +4.083, +0.159,+0.959
1574104620,+3.36, +4.072, +0.158,+0.958
1574104680,+3.37, +4.093, +0.160,+0.959
1574104740,+3.36, +4.041, +0.161,+0.958
1574104800,+3.36, +4.052, +0.160,+0.959
1574104860,+3.36, +4.072, +0.160,+0.959
1574104920,+3.37, +4.052, +0.160,+0.958
1574104980,+3.37, +4.052, +0.162,+0.959
1574105040,+3.36, +4.093, +0.160,+0.958
1574105100,+3.36, +4.041, +0.162,+0.959
1574105160,+3.36, +4.041, +0.160,+0.958
1574105220,+3.36, +4.062, +0.160,+0.958
1574105280,+3.36, +4.041, +0.161,+0.959
1574105340,+3.37, +4.041, +0.160,+0.959
1574105400,+3.36, +4.052, +0.160,+0.959
1574105460,+3.36, +4.052, +0.161,+0.959
1574105520,+3.37, +4.041, +0.161,+0.959
1574105580,+3.36, +4.041, +0.162,+0.958
1574105640,+3.37, +4.031, +0.163,+0.959
1574105700,+3.36, +4.041, +0.161,+0.958
1574105760,+3.37, +4.062, +0.161,+0.959
1574105820,+3.37, +4.062, +0.163,+0.959
1574105880,+3.36, +4.041, +0.161,+0.959
1574105940,+3.36, +4.062, +0.161,+0.959
1574106000,+3.36, +4.041, +0.161,+0.958
1574106060,+3.37, +4.062, +0.161,+0.959
1574106120,+3.36, +4.052, +0.158,+0.958
1574106180,+3.37, +4.041, +0.161,+0.958
1574106240,+3.36, +4.031, +0.160,+0.959
1574106300,+3.36, +4.041, +0.162,+0.959
1574106360,+3.36, +4.031, +0.161,+0.958
1574106420,+3.36, +4.041, +0.163,+0.959
1574106480,+3.37, +4.052, +0.162,+0.959
1574106540,+3.37, +4.031, +0.161,+0.959
1574106600,+3.36, +4.031, +0.162,+0.959
1574106660,+3.37, +4.000, +0.162,+0.959
1574106720,+3.36, +4.052, +0.160,+0.959
1574106780,+3.36, +4.062, +0.159,+0.959
1574106840,+3.36, +4.052, +0.162,+0.959
1574106900,+3.36, +4.041, +0.160,+0.958
1574106960,+3.36, +4.031, +0.160,+0.958
1574107020,+3.36, +4.031, +0.161,+0.959
1574107080,+3.36, +4.041, +0.160,+0.959
1574107140,+3.36, +4.062, +0.160,+0.959
1574107200,+3.37, +4.062, +0.161,+0.959
1574107260,+3.37, +4.020, +0.163,+0.959
1574107320,+3.37, +4.031, +0.162,+0.959
1574107380,+3.36, +4.031, +0.160,+0.959
1574107440,+3.36, +4.041, +0.160,+0.958
1574107500,+3.37, +4.052, +0.159,+0.958
1574107560,+3.37, +4.041, +0.160,+0.959
1574107620,+3.37, +4.062, +0.163,+0.959
1574107680,+3.37, +4.062, +0.160,+0.959
1574107740,+3.37, +4.041, +0.161,+0.959
1574107800,+3.37, +4.041, +0.160,+0.958
1574107860,+3.36, +4.052, +0.160,+0.959
1574107920,+3.36, +4.031, +0.159,+0.958
1574107980,+3.36, +4.031, +0.160,+0.958
1574108040,+3.36, +4.052, +0.162,+0.959
1574108100,+3.36, +4.072, +0.161,+0.958
1574108160,+3.36, +4.062, +0.163,+0.959
1574108220,+3.36, +4.031, +0.161,+0.959
1574108280,+3.37, +4.062, +0.160,+0.959
1574108340,+3.37, +4.041, +0.160,+0.958
1574108400,+3.36, +4.062, +0.162,+0.959
1574108460,+3.36, +4.052, +0.160,+0.958
1574108520,+3.37, +4.072, +0.160,+0.959
1574108580,+3.36, +4.052, +0.159,+0.958
1574108640,+3.37, +4.072, +0.160,+0.959
1574108700,+3.36, +4.020, +0.160,+0.958
1574108760,+3.36, +4.041, +0.160,+0.958
1574108820,+3.36, +4.062, +0.161,+0.959
1574108880,+3.36, +4.031, +0.161,+0.959
1574108940,+3.37, +4.010, +0.161,+0.958
1574109000,+3.36, +4.062, +0.161,+0.959
1574109060,+3.36, +4.052, +0.161,+0.958
1574109120,+3.37, +4.052, +0.160,+0.958
1574109180,+3.37, +4.052, +0.162,+0.959
1574109240,+3.36, +4.031, +0.161,+0.958
1574109300,+3.36, +4.041, +0.159,+0.958
1574109360,+3.36, +4.041, +0.160,+0.959
1574109420,+3.37, +4.052, +0.160,+0.959
1574109480,+3.37, +4.052, +0.160,+0.959
1574109540,+3.37, +4.031, +0.161,+0.959
1574109600,+3.36, +4.052, +0.162,+0.959
1574109660,+3.36, +4.041, +0.160,+0.958
1574109720,+3.36, +4.031, +0.160,+0.959
1574109780,+3.37, +4.052, +0.160,+0.959
1574109840,+3.36, +4.041, +0.161,+0.959
1574109900,+3.36, +4.041, +0.160,+0.959
1574109960,+3.36, +4.020, +0.161,+0.958
1574110020,+3.37, +4.062, +0.160,+0.958
1574110080,+3.37, +4.052, +0.161,+0.958
1574110140,+3.36, +4.052, +0.161,+0.958
1574110200,+3.36, +4.041, +0.161,+0.959
