7392-570653
OS REV: 1.11 Sensor Cal: 1428445788
Time (sec),  BV (Volts),  T (deg C),  DO (mg/l),  Q ()
1577134260,+3.36, +3.646, +0.159,+0.959
1577134320,+3.36, +3.677, +0.158,+0.959
1577134380,+3.36, +3.667, +0.158,+0.959
1577134440,+3.36, +3.688, +0.158,+0.959
1577134500,+3.36, +3.667, +0.157,+0.959
1577134560,+3.36, +3.688, +0.157,+0.959
1577134620,+3.36, +3.688, +0.159,+0.960
1577134680,+3.36, +3.677, +0.158,+0.960
1577134740,+3.36, +3.667, +0.158,+0.959
1577134800,+3.36, +3.688, +0.156,+0.959
1577134860,+3.36, +3.729, +0.157,+0.959
1577134920,+3.36, +3.677, +0.158,+0.959
1577134980,+3.36, +3.708, +0.157,+0.959
1577135040,+3.36, +3.698, +0.159,+0.960
1577135100,+3.36, +3.688, +0.156,+0.959
1577135160,+3.36, +3.677, +0.159,+0.959
1577135220,+3.36, +3.729, +0.157,+0.959
1577135280,+3.36, +3.708, +0.157,+0.959
1577135340,+3.36, +3.698, +0.159,+0.960
1577135400,+3.36, +3.688, +0.158,+0.959
1577135460,+3.36, +3.677, +0.158,+0.959
1577135520,+3.36, +3.698, +0.157,+0.960
1577135580,+3.36, +3.698, +0.159,+0.960
1577135640,+3.36, +3.677, +0.158,+0.959
1577135700,+3.36, +3.688, +0.158,+0.960
1577135760,+3.36, +3.708, +0.158,+0.960
1577135820,+3.36, +3.688, +0.157,+0.959
1577135880,+3.36, +3.677, +0.158,+0.959
1577135940,+3.36, +3.688, +0.157,+0.959
1577136000,+3.36, +3.656, +0.158,+0.959
1577136060,+3.36, +3.677, +0.158,+0.959
1577136120,+3.36, +3.698, +0.157,+0.960
1577136180,+3.36, +3.667, +0.159,+0.959
1577136240,+3.36, +3.677, +0.158,+0.959
1577136300,+3.36, +3.688, +0.158,+0.959
1577136360,+3.36, +3.698, +0.159,+0.960
1577136420,+3.36, +3.677, +0.157,+0.959
1577136480,+3.36, +3.677, +0.158,+0.960
1577136540,+3.36, +3.677, +0.157,+0.959
1577136600,+3.36, +3.667, +0.158,+0.959
1577136660,+3.36, +3.708, +0.158,+0.959
1577136720,+3.36, +3.688, +0.158,+0.960
1577136780,+3.36, +3.677, +0.157,+0.959
1577136840,+3.36, +3.677, +0.158,+0.959
1577136900,+3.36, +3.667, +0.160,+0.960
1577136960,+3.36, +3.677, +0.158,+0.959
1577137020,+3.36, +3.677, +0.158,+0.959
1577137080,+3.36, +3.677, +0.158,+0.959
1577137140,+3.36, +3.688, +0.158,+0.959
1577137200,+3.36, +3.677, +0.158,+0.959
1577137260,+3.36, +3.677, +0.157,+0.959
1577137320,+3.36, +3.667, +0.158,+0.959
1577137380,+3.36, +3.677, +0.155,+0.959
1577137440,+3.36, +3.698, +0.159,+0.960
1577137500,+3.36, +3.667, +0.158,+0.959
1577137560,+3.36, +3.667, +0.158,+0.959
1577137620,+3.36, +3.667, +0.160,+0.959
1577137680,+3.36, +3.719, +0.158,+0.959
1577137740,+3.36, +3.688, +0.158,+0.960
1577137800,+3.36, +3.698, +0.157,+0.959
1577137860,+3.36, +3.677, +0.158,+0.959
1577137920,+3.36, +3.656, +0.157,+0.959
1577137980,+3.36, +3.698, +0.156,+0.959
1577138040,+3.36, +3.688, +0.157,+0.959
1577138100,+3.36, +3.656, +0.158,+0.959
1577138160,+3.36, +3.656, +0.159,+0.959
1577138220,+3.36, +3.656, +0.158,+0.960
1577138280,+3.36, +3.698, +0.157,+0.959
1577138340,+3.36, +3.667, +0.158,+0.959
1577138400,+3.36, +3.656, +0.158,+0.959
1577138460,+3.36, +3.688, +0.158,+0.959
1577138520,+3.36, +3.667, +0.157,+0.959
1577138580,+3.36, +3.677, +0.158,+0.959
1577138640,+3.36, +3.688, +0.155,+0.959
1577138700,+3.36, +3.677, +0.157,+0.959
1577138760,+3.36, +3.646, +0.158,+0.959
1577138820,+3.35, +3.677, +0.157,+0.959
1577138880,+3.36, +3.688, +0.157,+0.960
1577138940,+3.36, +3.719, +0.157,+0.959
1577139000,+3.36, +3.677, +0.158,+0.960
1577139060,+3.36, +3.677, +0.157,+0.959
1577139120,+3.36, +3.667, +0.158,+0.960
1577139180,+3.36, +3.688, +0.158,+0.960
1577139240,+3.36, +3.677, +0.159,+0.959
1577139300,+3.36, +3.677, +0.157,+0.960
1577139360,+3.36, +3.677, +0.158,+0.959
1577139420,+3.36, +3.677, +0.157,+0.959
1577139480,+3.36, +3.667, +0.158,+0.959
1577139540,+3.36, +3.667, +0.157,+0.959
1577139600,+3.36, +3.677, +0.158,+0.959
1577139660,+3.36, +3.698, +0.156,+0.959
1577139720,+3.36, +3.677, +0.157,+0.959
1577139780,+3.36, +3.667, +0.157,+0.959
1577139840,+3.36, +3.677, +0.158,+0.959
1577139900,+3.36, +3.708, +0.157,+0.960
1577139960,+3.36, +3.677, +0.156,+0.959
1577140020,+3.36, +3.688, +0.158,+0.959
1577140080,+3.36, +3.667, +0.157,+0.959
1577140140,+3.36, +3.688, +0.158,+0.960
1577140200,+3.36, +3.698, +0.156,+0.959
1577140260,+3.36, +3.698, +0.156,+0.959
1577140320,+3.36, +3.677, +0.156,+0.959
1577140380,+3.36, +3.656, +0.158,+0.959
1577140440,+3.36, +3.656, +0.159,+0.959
1577140500,+3.36, +3.677, +0.158,+0.959
1577140560,+3.36, +3.688, +0.157,+0.959
1577140620,+3.36, +3.688, +0.157,+0.959
1577140680,+3.36, +3.698, +0.159,+0.960
1577140740,+3.36, +3.677, +0.158,+0.959
1577140800,+3.36, +3.698, +0.158,+0.959
1577140860,+3.36, +3.667, +0.157,+0.959
1577140920,+3.36, +3.688, +0.160,+0.960
1577140980,+3.36, +3.677, +0.157,+0.959
1577141040,+3.36, +3.688, +0.158,+0.960
1577141100,+3.36, +3.698, +0.157,+0.959
1577141160,+3.36, +3.646, +0.159,+0.959
1577141220,+3.36, +3.677, +0.157,+0.960
1577141280,+3.36, +3.688, +0.157,+0.959
1577141340,+3.36, +3.698, +0.158,+0.959
1577141400,+3.36, +3.688, +0.157,+0.959
1577141460,+3.36, +3.708, +0.157,+0.959
1577141520,+3.36, +3.688, +0.157,+0.960
1577141580,+3.36, +3.688, +0.158,+0.960
1577141640,+3.36, +3.677, +0.158,+0.959
1577141700,+3.36, +3.677, +0.159,+0.960
1577141760,+3.36, +3.688, +0.159,+0.959
1577141820,+3.36, +3.698, +0.158,+0.960
1577141880,+3.36, +3.656, +0.158,+0.959
1577141940,+3.36, +3.688, +0.158,+0.959
1577142000,+3.36, +3.677, +0.159,+0.959
1577142060,+3.36, +3.677, +0.157,+0.960
1577142120,+3.36, +3.677, +0.158,+0.959
1577142180,+3.36, +3.667, +0.158,+0.959
1577142240,+3.36, +3.698, +0.158,+0.960
1577142300,+3.36, +3.698, +0.159,+0.960
1577142360,+3.36, +3.688, +0.157,+0.959
1577142420,+3.36, +3.688, +0.155,+0.959
1577142480,+3.36, +3.667, +0.158,+0.959
1577142540,+3.36, +3.698, +0.158,+0.959
1577142600,+3.36, +3.677, +0.157,+0.959
1577142660,+3.36, +3.677, +0.158,+0.959
1577142720,+3.36, +3.677, +0.158,+0.959
1577142780,+3.36, +3.688, +0.157,+0.959
1577142840,+3.36, +3.698, +0.159,+0.959
1577142900,+3.36, +3.667, +0.157,+0.959
1577142960,+3.36, +3.677, +0.156,+0.959
1577143020,+3.36, +3.677, +0.159,+0.959
1577143080,+3.36, +3.688, +0.159,+0.959
1577143140,+3.36, +3.656, +0.157,+0.959
1577143200,+3.36, +3.688, +0.156,+0.959
1577143260,+3.36, +3.635, +0.159,+0.959
1577143320,+3.36, +3.688, +0.156,+0.959
1577143380,+3.36, +3.698, +0.159,+0.960
1577143440,+3.36, +3.688, +0.158,+0.959
1577143500,+3.36, +3.688, +0.156,+0.959
1577143560,+3.36, +3.667, +0.158,+0.959
1577143620,+3.36, +3.667, +0.159,+0.959
1577143680,+3.36, +3.635, +0.157,+0.959
1577143740,+3.36, +3.667, +0.159,+0.960
1577143800,+3.36, +3.677, +0.157,+0.959
1577143860,+3.36, +3.677, +0.160,+0.959
1577143920,+3.36, +3.677, +0.158,+0.959
1577143980,+3.36, +3.719, +0.157,+0.959
1577144040,+3.36, +3.667, +0.158,+0.959
1577144100,+3.36, +3.708, +0.157,+0.959
1577144160,+3.36, +3.677, +0.157,+0.959
1577144220,+3.36, +3.688, +0.157,+0.959
1577144280,+3.36, +3.688, +0.159,+0.960
1577144340,+3.36, +3.667, +0.157,+0.959
1577144400,+3.36, +3.719, +0.158,+0.959
1577144460,+3.36, +3.677, +0.157,+0.959
1577144520,+3.36, +3.688, +0.156,+0.959
1577144580,+3.36, +3.688, +0.158,+0.959
1577144640,+3.36, +3.677, +0.158,+0.959
1577144700,+3.36, +3.667, +0.159,+0.959
1577144760,+3.36, +3.667, +0.158,+0.959
1577144820,+3.36, +3.688, +0.157,+0.959
1577144880,+3.36, +3.698, +0.157,+0.959
1577144940,+3.36, +3.688, +0.158,+0.959
1577145000,+3.36, +3.667, +0.159,+0.959
1577145060,+3.36, +3.677, +0.158,+0.959
1577145120,+3.36, +3.688, +0.156,+0.959
1577145180,+3.36, +3.688, +0.157,+0.959
1577145240,+3.36, +3.656, +0.158,+0.959
1577145300,+3.36, +3.698, +0.159,+0.959
1577145360,+3.36, +3.698, +0.157,+0.959
1577145420,+3.36, +3.667, +0.158,+0.959
1577145480,+3.36, +3.677, +0.158,+0.959
1577145540,+3.36, +3.688, +0.156,+0.959
1577145600,+3.36, +3.677, +0.157,+0.959
1577145660,+3.36, +3.698, +0.157,+0.959
1577145720,+3.36, +3.708, +0.157,+0.959
1577145780,+3.36, +3.688, +0.158,+0.959
1577145840,+3.36, +3.677, +0.157,+0.959
1577145900,+3.36, +3.667, +0.158,+0.959
1577145960,+3.36, +3.688, +0.157,+0.959
1577146020,+3.36, +3.698, +0.157,+0.959
1577146080,+3.36, +3.698, +0.156,+0.959
1577146140,+3.36, +3.667, +0.156,+0.959
1577146200,+3.36, +3.698, +0.159,+0.959
1577146260,+3.36, +3.677, +0.158,+0.959
1577146320,+3.36, +3.708, +0.156,+0.959
1577146380,+3.36, +3.688, +0.157,+0.959
1577146440,+3.36, +3.708, +0.158,+0.960
1577146500,+3.36, +3.698, +0.156,+0.959
1577146560,+3.36, +3.708, +0.158,+0.960
1577146620,+3.36, +3.698, +0.157,+0.959
1577146680,+3.36, +3.698, +0.157,+0.959
1577146740,+3.36, +3.667, +0.158,+0.959
1577146800,+3.36, +3.677, +0.157,+0.959
1577146860,+3.36, +3.677, +0.158,+0.959
1577146920,+3.36, +3.677, +0.158,+0.960
1577146980,+3.36, +3.688, +0.158,+0.960
1577147040,+3.36, +3.688, +0.157,+0.959
1577147100,+3.36, +3.698, +0.158,+0.959
1577147160,+3.36, +3.698, +0.156,+0.959
1577147220,+3.36, +3.677, +0.159,+0.959
1577147280,+3.36, +3.677, +0.159,+0.959
1577147340,+3.36, +3.688, +0.159,+0.959
1577147400,+3.36, +3.698, +0.157,+0.959
1577147460,+3.36, +3.698, +0.158,+0.960
1577147520,+3.36, +3.688, +0.159,+0.959
1577147580,+3.36, +3.698, +0.158,+0.960
1577147640,+3.36, +3.698, +0.158,+0.960
1577147700,+3.36, +3.688, +0.158,+0.959
1577147760,+3.36, +3.677, +0.158,+0.959
1577147820,+3.36, +3.667, +0.158,+0.959
1577147880,+3.36, +3.677, +0.158,+0.959
1577147940,+3.36, +3.698, +0.159,+0.959
1577148000,+3.36, +3.656, +0.158,+0.959
1577148060,+3.36, +3.688, +0.158,+0.959
1577148120,+3.36, +3.698, +0.158,+0.960
1577148180,+3.36, +3.677, +0.157,+0.959
1577148240,+3.36, +3.698, +0.158,+0.959
1577148300,+3.36, +3.698, +0.158,+0.959
1577148360,+3.36, +3.677, +0.157,+0.959
1577148420,+3.36, +3.698, +0.158,+0.959
1577148480,+3.36, +3.688, +0.158,+0.959
1577148540,+3.36, +3.698, +0.156,+0.959
1577148600,+3.36, +3.688, +0.157,+0.959
1577148660,+3.36, +3.677, +0.156,+0.959
1577148720,+3.36, +3.677, +0.158,+0.959
1577148780,+3.36, +3.719, +0.157,+0.960
1577148840,+3.36, +3.677, +0.158,+0.959
1577148900,+3.36, +3.667, +0.156,+0.959
1577148960,+3.36, +3.698, +0.157,+0.959
1577149020,+3.36, +3.667, +0.159,+0.960
1577149080,+3.36, +3.656, +0.159,+0.959
1577149140,+3.36, +3.677, +0.157,+0.959
1577149200,+3.36, +3.667, +0.158,+0.959
1577149260,+3.36, +3.677, +0.158,+0.959
1577149320,+3.36, +3.698, +0.158,+0.960
1577149380,+3.36, +3.667, +0.157,+0.959
1577149440,+3.36, +3.688, +0.158,+0.959
1577149500,+3.36, +3.677, +0.157,+0.959
1577149560,+3.36, +3.667, +0.158,+0.959
1577149620,+3.36, +3.688, +0.159,+0.959
1577149680,+3.36, +3.698, +0.158,+0.960
1577149740,+3.36, +3.667, +0.160,+0.959
1577149800,+3.36, +3.688, +0.159,+0.960
1577149860,+3.36, +3.719, +0.157,+0.959
1577149920,+3.36, +3.656, +0.159,+0.959
1577149980,+3.36, +3.688, +0.157,+0.959
1577150040,+3.36, +3.667, +0.156,+0.959
1577150100,+3.36, +3.667, +0.158,+0.959
1577150160,+3.36, +3.698, +0.156,+0.959
1577150220,+3.36, +3.698, +0.158,+0.960
1577150280,+3.36, +3.688, +0.158,+0.960
1577150340,+3.36, +3.688, +0.159,+0.960
1577150400,+3.36, +3.708, +0.157,+0.960
1577150460,+3.36, +3.688, +0.157,+0.959
1577150520,+3.36, +3.688, +0.158,+0.959
1577150580,+3.36, +3.698, +0.157,+0.959
1577150640,+3.36, +3.677, +0.158,+0.959
1577150700,+3.36, +3.708, +0.156,+0.959
1577150760,+3.36, +3.656, +0.158,+0.959
1577150820,+3.36, +3.688, +0.157,+0.959
1577150880,+3.36, +3.688, +0.157,+0.960
1577150940,+3.36, +3.677, +0.158,+0.959
1577151000,+3.36, +3.677, +0.156,+0.959
1577151060,+3.36, +3.667, +0.157,+0.959
1577151120,+3.36, +3.688, +0.158,+0.960
1577151180,+3.36, +3.667, +0.158,+0.959
1577151240,+3.36, +3.677, +0.157,+0.959
1577151300,+3.36, +3.688, +0.158,+0.959
1577151360,+3.36, +3.698, +0.157,+0.959
1577151420,+3.36, +3.688, +0.159,+0.960
1577151480,+3.36, +3.677, +0.158,+0.960
1577151540,+3.36, +3.667, +0.158,+0.959
1577151600,+3.36, +3.688, +0.157,+0.959
1577151660,+3.36, +3.698, +0.157,+0.959
1577151720,+3.36, +3.667, +0.157,+0.959
1577151780,+3.36, +3.677, +0.159,+0.960
1577151840,+3.36, +3.677, +0.158,+0.959
1577151900,+3.36, +3.688, +0.159,+0.959
1577151960,+3.35, +3.688, +0.158,+0.959
1577152020,+3.36, +3.677, +0.157,+0.959
1577152080,+3.36, +3.688, +0.157,+0.959
1577152140,+3.36, +3.667, +0.158,+0.959
1577152200,+3.36, +3.688, +0.157,+0.959
1577152260,+3.36, +3.667, +0.157,+0.959
1577152320,+3.36, +3.698, +0.157,+0.959
1577152380,+3.36, +3.698, +0.158,+0.960
1577152440,+3.36, +3.688, +0.159,+0.960
1577152500,+3.36, +3.698, +0.157,+0.960
1577152560,+3.36, +3.708, +0.157,+0.959
1577152620,+3.36, +3.677, +0.157,+0.959
1577152680,+3.36, +3.688, +0.156,+0.959
1577152740,+3.36, +3.688, +0.158,+0.959
1577152800,+3.36, +3.688, +0.158,+0.959
1577152860,+3.36, +3.688, +0.156,+0.959
1577152920,+3.36, +3.656, +0.158,+0.959
1577152980,+3.36, +3.677, +0.158,+0.959
1577153040,+3.36, +3.667, +0.157,+0.959
1577153100,+3.36, +3.688, +0.157,+0.960
1577153160,+3.36, +3.698, +0.158,+0.960
1577153220,+3.36, +3.698, +0.157,+0.959
1577153280,+3.36, +3.688, +0.158,+0.959
1577153340,+3.36, +3.688, +0.159,+0.960
1577153400,+3.36, +3.677, +0.158,+0.959
1577153460,+3.36, +3.698, +0.157,+0.959
1577153520,+3.36, +3.698, +0.156,+0.959
1577153580,+3.36, +3.688, +0.157,+0.959
1577153640,+3.36, +3.688, +0.157,+0.959
1577153700,+3.36, +3.698, +0.157,+0.959
1577153760,+3.36, +3.677, +0.158,+0.959
1577153820,+3.36, +3.667, +0.159,+0.959
1577153880,+3.36, +3.698, +0.157,+0.959
1577153940,+3.36, +3.677, +0.157,+0.959
1577154000,+3.36, +3.677, +0.158,+0.960
1577154060,+3.36, +3.677, +0.160,+0.959
1577154120,+3.36, +3.677, +0.158,+0.959
1577154180,+3.36, +3.708, +0.158,+0.959
1577154240,+3.36, +3.688, +0.157,+0.959
1577154300,+3.36, +3.708, +0.158,+0.960
1577154360,+3.36, +3.688, +0.158,+0.960
1577154420,+3.36, +3.698, +0.156,+0.959
1577154480,+3.36, +3.698, +0.158,+0.959
1577154540,+3.36, +3.677, +0.157,+0.959
1577154600,+3.36, +3.677, +0.157,+0.959
1577154660,+3.36, +3.677, +0.159,+0.959
1577154720,+3.36, +3.698, +0.158,+0.960
1577154780,+3.36, +3.688, +0.158,+0.959
1577154840,+3.36, +3.688, +0.158,+0.960
1577154900,+3.36, +3.688, +0.158,+0.960
1577154960,+3.36, +3.698, +0.158,+0.960
1577155020,+3.36, +3.646, +0.159,+0.959
1577155080,+3.36, +3.698, +0.158,+0.959
1577155140,+3.36, +3.688, +0.157,+0.959
1577155200,+3.36, +3.667, +0.159,+0.959
1577155260,+3.36, +3.667, +0.159,+0.959
1577155320,+3.36, +3.688, +0.155,+0.959
1577155380,+3.36, +3.688, +0.159,+0.959
1577155440,+3.36, +3.677, +0.159,+0.959
1577155500,+3.36, +3.677, +0.159,+0.959
1577155560,+3.36, +3.667, +0.158,+0.959
1577155620,+3.36, +3.698, +0.156,+0.959
1577155680,+3.36, +3.677, +0.159,+0.959
1577155740,+3.36, +3.677, +0.157,+0.959
1577155800,+3.36, +3.698, +0.157,+0.959
1577155860,+3.36, +3.667, +0.158,+0.959
1577155920,+3.36, +3.656, +0.158,+0.959
1577155980,+3.36, +3.698, +0.158,+0.959
1577156040,+3.36, +3.667, +0.158,+0.959
1577156100,+3.36, +3.688, +0.157,+0.959
1577156160,+3.36, +3.688, +0.158,+0.959
1577156220,+3.36, +3.688, +0.158,+0.959
1577156280,+3.36, +3.646, +0.158,+0.959
1577156340,+3.36, +3.688, +0.156,+0.959
1577156400,+3.36, +3.698, +0.157,+0.960
1577156460,+3.36, +3.677, +0.159,+0.959
1577156520,+3.36, +3.708, +0.158,+0.959
1577156580,+3.36, +3.719, +0.160,+0.960
1577156640,+3.36, +3.688, +0.158,+0.959
1577156700,+3.36, +3.688, +0.157,+0.959
1577156760,+3.36, +3.698, +0.157,+0.960
1577156820,+3.36, +3.698, +0.157,+0.959
1577156880,+3.36, +3.708, +0.157,+0.959
1577156940,+3.36, +3.698, +0.156,+0.959
1577157000,+3.36, +3.708, +0.157,+0.959
1577157060,+3.36, +3.688, +0.159,+0.959
1577157120,+3.36, +3.708, +0.156,+0.959
1577157180,+3.36, +3.708, +0.158,+0.960
1577157240,+3.36, +3.688, +0.157,+0.959
1577157300,+3.36, +3.698, +0.158,+0.959
1577157360,+3.36, +3.698, +0.157,+0.959
1577157420,+3.36, +3.698, +0.157,+0.959
1577157480,+3.36, +3.688, +0.157,+0.959
1577157540,+3.36, +3.677, +0.160,+0.960
1577157600,+3.36, +3.677, +0.158,+0.959
1577157660,+3.36, +3.708, +0.157,+0.959
1577157720,+3.36, +3.688, +0.159,+0.960
1577157780,+3.36, +3.688, +0.157,+0.959
1577157840,+3.36, +3.698, +0.157,+0.959
1577157900,+3.36, +3.708, +0.158,+0.959
1577157960,+3.36, +3.698, +0.158,+0.959
1577158020,+3.36, +3.698, +0.158,+0.959
1577158080,+3.36, +3.688, +0.158,+0.959
1577158140,+3.36, +3.667, +0.156,+0.959
1577158200,+3.36, +3.708, +0.156,+0.959
1577158260,+3.36, +3.698, +0.158,+0.959
1577158320,+3.36, +3.677, +0.156,+0.959
1577158380,+3.36, +3.698, +0.157,+0.959
1577158440,+3.36, +3.708, +0.156,+0.959
1577158500,+3.36, +3.698, +0.157,+0.959
1577158560,+3.36, +3.719, +0.156,+0.959
1577158620,+3.36, +3.667, +0.158,+0.959
1577158680,+3.36, +3.677, +0.158,+0.959
1577158740,+3.36, +3.698, +0.157,+0.959
1577158800,+3.36, +3.698, +0.158,+0.960
1577158860,+3.36, +3.688, +0.159,+0.959
1577158920,+3.36, +3.677, +0.158,+0.960
1577158980,+3.36, +3.698, +0.158,+0.959
1577159040,+3.36, +3.677, +0.158,+0.959
1577159100,+3.36, +3.677, +0.156,+0.959
1577159160,+3.36, +3.708, +0.158,+0.959
1577159220,+3.36, +3.698, +0.157,+0.959
1577159280,+3.36, +3.677, +0.159,+0.960
1577159340,+3.36, +3.719, +0.158,+0.960
1577159400,+3.36, +3.698, +0.157,+0.959
1577159460,+3.36, +3.656, +0.158,+0.959
1577159520,+3.36, +3.677, +0.159,+0.959
1577159580,+3.36, +3.667, +0.159,+0.960
1577159640,+3.36, +3.729, +0.156,+0.960
1577159700,+3.36, +3.708, +0.157,+0.959
1577159760,+3.36, +3.698, +0.158,+0.960
1577159820,+3.36, +3.698, +0.157,+0.959
1577159880,+3.36, +3.677, +0.158,+0.959
1577159940,+3.36, +3.708, +0.158,+0.960
1577160000,+3.36, +3.677, +0.157,+0.959
1577160060,+3.36, +3.688, +0.158,+0.959
1577160120,+3.36, +3.688, +0.158,+0.959
1577160180,+3.36, +3.688, +0.158,+0.960
1577160240,+3.36, +3.698, +0.157,+0.959
1577160300,+3.36, +3.698, +0.158,+0.959
1577160360,+3.36, +3.688, +0.158,+0.959
1577160420,+3.36, +3.667, +0.158,+0.959
1577160480,+3.36, +3.708, +0.156,+0.959
1577160540,+3.36, +3.719, +0.156,+0.959
1577160600,+3.36, +3.677, +0.158,+0.959
1577160660,+3.36, +3.698, +0.159,+0.960
1577160720,+3.36, +3.688, +0.157,+0.959
1577160780,+3.36, +3.698, +0.157,+0.959
1577160840,+3.36, +3.688, +0.157,+0.959
1577160900,+3.36, +3.677, +0.160,+0.959
1577160960,+3.36, +3.698, +0.158,+0.960
1577161020,+3.36, +3.688, +0.156,+0.959
1577161080,+3.36, +3.667, +0.158,+0.959
1577161140,+3.36, +3.677, +0.156,+0.959
1577161200,+3.36, +3.698, +0.157,+0.959
1577161260,+3.36, +3.708, +0.158,+0.960
1577161320,+3.36, +3.698, +0.157,+0.959
1577161380,+3.36, +3.688, +0.158,+0.960
1577161440,+3.36, +3.688, +0.158,+0.959
1577161500,+3.36, +3.688, +0.159,+0.960
1577161560,+3.36, +3.698, +0.157,+0.960
1577161620,+3.36, +3.708, +0.158,+0.960
1577161680,+3.36, +3.698, +0.158,+0.959
1577161740,+3.36, +3.677, +0.160,+0.960
1577161800,+3.36, +3.667, +0.157,+0.959
1577161860,+3.36, +3.688, +0.158,+0.959
1577161920,+3.36, +3.677, +0.159,+0.960
1577161980,+3.36, +3.688, +0.158,+0.959
1577162040,+3.36, +3.698, +0.157,+0.959
1577162100,+3.36, +3.677, +0.160,+0.959
1577162160,+3.36, +3.698, +0.157,+0.959
1577162220,+3.36, +3.688, +0.158,+0.959
1577162280,+3.36, +3.688, +0.157,+0.959
1577162340,+3.36, +3.698, +0.156,+0.959
1577162400,+3.36, +3.708, +0.157,+0.959
1577162460,+3.36, +3.698, +0.157,+0.959
1577162520,+3.36, +3.698, +0.157,+0.959
1577162580,+3.36, +3.688, +0.157,+0.959
1577162640,+3.36, +3.688, +0.156,+0.959
1577162700,+3.36, +3.677, +0.159,+0.960
1577162760,+3.36, +3.698, +0.157,+0.960
1577162820,+3.36, +3.667, +0.159,+0.959
1577162880,+3.36, +3.708, +0.159,+0.960
1577162940,+3.36, +3.677, +0.156,+0.959
1577163000,+3.35, +3.719, +0.157,+0.960
1577163060,+3.36, +3.698, +0.158,+0.959
1577163120,+3.36, +3.740, +0.157,+0.959
1577163180,+3.36, +3.688, +0.157,+0.959
1577163240,+3.36, +3.688, +0.158,+0.959
1577163300,+3.36, +3.688, +0.158,+0.959
1577163360,+3.36, +3.656, +0.158,+0.959
1577163420,+3.36, +3.688, +0.157,+0.959
1577163480,+3.36, +3.698, +0.159,+0.960
1577163540,+3.36, +3.688, +0.158,+0.959
1577163600,+3.36, +3.688, +0.157,+0.959
1577163660,+3.36, +3.708, +0.157,+0.959
1577163720,+3.36, +3.708, +0.157,+0.959
1577163780,+3.36, +3.698, +0.156,+0.959
1577163840,+3.36, +3.708, +0.157,+0.959
1577163900,+3.36, +3.698, +0.157,+0.959
1577163960,+3.36, +3.635, +0.157,+0.959
1577164020,+3.36, +3.688, +0.157,+0.959
1577164080,+3.36, +3.688, +0.157,+0.959
1577164140,+3.36, +3.698, +0.159,+0.960
1577164200,+3.36, +3.688, +0.158,+0.959
1577164260,+3.36, +3.677, +0.157,+0.959
1577164320,+3.36, +3.677, +0.157,+0.959
1577164380,+3.36, +3.688, +0.156,+0.959
1577164440,+3.36, +3.698, +0.158,+0.960
1577164500,+3.36, +3.688, +0.156,+0.959
1577164560,+3.36, +3.688, +0.156,+0.959
1577164620,+3.36, +3.698, +0.159,+0.959
1577164680,+3.36, +3.688, +0.157,+0.959
1577164740,+3.36, +3.677, +0.159,+0.959
1577164800,+3.36, +3.677, +0.158,+0.959
1577164860,+3.36, +3.688, +0.157,+0.959
1577164920,+3.36, +3.677, +0.157,+0.959
1577164980,+3.36, +3.688, +0.156,+0.959
1577165040,+3.36, +3.688, +0.159,+0.959
1577165100,+3.36, +3.698, +0.159,+0.959
1577165160,+3.36, +3.698, +0.157,+0.959
1577165220,+3.36, +3.698, +0.157,+0.959
1577165280,+3.36, +3.740, +0.158,+0.960
1577165340,+3.36, +3.708, +0.159,+0.960
1577165400,+3.36, +3.719, +0.157,+0.959
1577165460,+3.36, +3.719, +0.157,+0.959
1577165520,+3.36, +3.698, +0.158,+0.959
1577165580,+3.36, +3.688, +0.159,+0.959
1577165640,+3.36, +3.677, +0.157,+0.959
1577165700,+3.36, +3.677, +0.157,+0.959
1577165760,+3.36, +3.698, +0.158,+0.959
1577165820,+3.36, +3.688, +0.157,+0.960
1577165880,+3.36, +3.708, +0.157,+0.959
1577165940,+3.36, +3.688, +0.159,+0.960
1577166000,+3.36, +3.688, +0.159,+0.959
1577166060,+3.36, +3.677, +0.157,+0.959
1577166120,+3.36, +3.708, +0.157,+0.959
1577166180,+3.36, +3.719, +0.157,+0.959
1577166240,+3.36, +3.719, +0.156,+0.960
1577166300,+3.36, +3.677, +0.159,+0.959
1577166360,+3.36, +3.698, +0.158,+0.959
1577166420,+3.36, +3.698, +0.157,+0.960
1577166480,+3.36, +3.688, +0.158,+0.959
1577166540,+3.36, +3.688, +0.157,+0.959
1577166600,+3.36, +3.688, +0.157,+0.959
1577166660,+3.36, +3.708, +0.157,+0.959
1577166720,+3.36, +3.698, +0.158,+0.960
1577166780,+3.36, +3.698, +0.157,+0.959
1577166840,+3.36, +3.667, +0.158,+0.959
1577166900,+3.36, +3.688, +0.157,+0.959
1577166960,+3.36, +3.698, +0.158,+0.959
1577167020,+3.36, +3.688, +0.158,+0.959
1577167080,+3.36, +3.688, +0.157,+0.959
1577167140,+3.36, +3.698, +0.157,+0.960
1577167200,+3.35, +3.677, +0.158,+0.959
1577167260,+3.36, +3.729, +0.156,+0.959
1577167320,+3.36, +3.708, +0.157,+0.959
1577167380,+3.36, +3.677, +0.156,+0.959
1577167440,+3.36, +3.698, +0.156,+0.959
1577167500,+3.36, +3.708, +0.157,+0.959
1577167560,+3.36, +3.688, +0.158,+0.959
1577167620,+3.36, +3.667, +0.158,+0.959
1577167680,+3.36, +3.698, +0.158,+0.959
1577167740,+3.36, +3.698, +0.157,+0.959
1577167800,+3.36, +3.708, +0.157,+0.960
1577167860,+3.36, +3.698, +0.158,+0.959
1577167920,+3.36, +3.708, +0.157,+0.960
1577167980,+3.36, +3.677, +0.158,+0.959
1577168040,+3.36, +3.708, +0.158,+0.960
1577168100,+3.36, +3.698, +0.158,+0.959
1577168160,+3.36, +3.688, +0.158,+0.959
1577168220,+3.36, +3.708, +0.159,+0.959
1577168280,+3.36, +3.698, +0.159,+0.959
1577168340,+3.36, +3.698, +0.157,+0.959
1577168400,+3.36, +3.688, +0.157,+0.959
1577168460,+3.36, +3.667, +0.159,+0.959
1577168520,+3.36, +3.688, +0.158,+0.959
1577168580,+3.36, +3.677, +0.159,+0.959
1577168640,+3.36, +3.667, +0.157,+0.959
1577168700,+3.36, +3.688, +0.159,+0.960
1577168760,+3.36, +3.698, +0.159,+0.959
1577168820,+3.36, +3.667, +0.157,+0.959
1577168880,+3.36, +3.708, +0.156,+0.959
1577168940,+3.36, +3.688, +0.158,+0.959
1577169000,+3.36, +3.698, +0.157,+0.959
1577169060,+3.36, +3.708, +0.158,+0.959
1577169120,+3.36, +3.677, +0.159,+0.959
1577169180,+3.36, +3.677, +0.158,+0.959
1577169240,+3.36, +3.698, +0.158,+0.960
1577169300,+3.36, +3.688, +0.159,+0.960
1577169360,+3.36, +3.688, +0.157,+0.959
1577169420,+3.36, +3.677, +0.160,+0.960
1577169480,+3.36, +3.698, +0.156,+0.959
1577169540,+3.36, +3.698, +0.156,+0.959
1577169600,+3.36, +3.698, +0.158,+0.959
1577169660,+3.36, +3.688, +0.160,+0.959
1577169720,+3.36, +3.698, +0.158,+0.960
1577169780,+3.36, +3.719, +0.157,+0.959
1577169840,+3.36, +3.708, +0.157,+0.959
1577169900,+3.36, +3.698, +0.157,+0.959
1577169960,+3.36, +3.698, +0.157,+0.959
1577170020,+3.36, +3.667, +0.158,+0.959
1577170080,+3.36, +3.719, +0.158,+0.959
1577170140,+3.36, +3.708, +0.158,+0.960
1577170200,+3.36, +3.698, +0.157,+0.959
1577170260,+3.36, +3.677, +0.156,+0.959
1577170320,+3.36, +3.698, +0.155,+0.959
1577170380,+3.36, +3.698, +0.158,+0.959
1577170440,+3.36, +3.677, +0.157,+0.959
1577170500,+3.36, +3.677, +0.158,+0.959
1577170560,+3.36, +3.698, +0.157,+0.959
1577170620,+3.36, +3.677, +0.157,+0.959
1577170680,+3.36, +3.688, +0.157,+0.959
1577170740,+3.36, +3.708, +0.157,+0.959
1577170800,+3.36, +3.677, +0.158,+0.959
1577170860,+3.36, +3.708, +0.158,+0.960
1577170920,+3.36, +3.698, +0.157,+0.960
1577170980,+3.36, +3.688, +0.157,+0.959
1577171040,+3.36, +3.698, +0.157,+0.959
1577171100,+3.36, +3.688, +0.157,+0.959
1577171160,+3.36, +3.698, +0.158,+0.959
1577171220,+3.36, +3.688, +0.158,+0.959
1577171280,+3.36, +3.698, +0.158,+0.959
1577171340,+3.36, +3.688, +0.158,+0.959
1577171400,+3.36, +3.698, +0.158,+0.960
1577171460,+3.36, +3.688, +0.157,+0.959
1577171520,+3.36, +3.698, +0.157,+0.959
1577171580,+3.36, +3.698, +0.158,+0.959
1577171640,+3.36, +3.688, +0.158,+0.960
1577171700,+3.36, +3.688, +0.157,+0.959
1577171760,+3.36, +3.667, +0.157,+0.959
1577171820,+3.36, +3.698, +0.157,+0.959
1577171880,+3.36, +3.708, +0.157,+0.959
1577171940,+3.36, +3.708, +0.158,+0.960
1577172000,+3.36, +3.698, +0.157,+0.959
1577172060,+3.36, +3.656, +0.158,+0.959
1577172120,+3.36, +3.698, +0.157,+0.960
1577172180,+3.36, +3.677, +0.159,+0.960
1577172240,+3.36, +3.708, +0.156,+0.959
1577172300,+3.36, +3.708, +0.159,+0.959
1577172360,+3.36, +3.646, +0.158,+0.959
1577172420,+3.36, +3.708, +0.157,+0.960
1577172480,+3.36, +3.698, +0.157,+0.959
1577172540,+3.36, +3.688, +0.157,+0.959
1577172600,+3.36, +3.688, +0.158,+0.959
1577172660,+3.36, +3.688, +0.157,+0.959
1577172720,+3.36, +3.677, +0.160,+0.959
1577172780,+3.36, +3.708, +0.157,+0.959
1577172840,+3.36, +3.667, +0.159,+0.959
1577172900,+3.36, +3.688, +0.157,+0.959
1577172960,+3.36, +3.677, +0.159,+0.959
1577173020,+3.36, +3.677, +0.159,+0.959
1577173080,+3.36, +3.698, +0.158,+0.960
1577173140,+3.36, +3.698, +0.158,+0.959
1577173200,+3.36, +3.729, +0.157,+0.959
1577173260,+3.36, +3.677, +0.157,+0.959
1577173320,+3.36, +3.688, +0.159,+0.959
1577173380,+3.36, +3.719, +0.157,+0.959
1577173440,+3.36, +3.708, +0.156,+0.959
1577173500,+3.36, +3.677, +0.157,+0.959
1577173560,+3.36, +3.677, +0.158,+0.959
1577173620,+3.36, +3.698, +0.159,+0.960
1577173680,+3.36, +3.708, +0.159,+0.959
1577173740,+3.36, +3.698, +0.157,+0.960
1577173800,+3.36, +3.667, +0.158,+0.960
1577173860,+3.36, +3.677, +0.158,+0.959
1577173920,+3.36, +3.708, +0.158,+0.959
1577173980,+3.36, +3.698, +0.158,+0.960
1577174040,+3.36, +3.708, +0.156,+0.959
1577174100,+3.36, +3.708, +0.158,+0.960
1577174160,+3.36, +3.688, +0.158,+0.960
1577174220,+3.36, +3.677, +0.156,+0.959
1577174280,+3.36, +3.688, +0.158,+0.959
1577174340,+3.36, +3.698, +0.158,+0.959
1577174400,+3.36, +3.688, +0.159,+0.959
1577174460,+3.36, +3.688, +0.159,+0.959
1577174520,+3.36, +3.677, +0.157,+0.959
1577174580,+3.36, +3.677, +0.157,+0.959
1577174640,+3.36, +3.698, +0.156,+0.959
1577174700,+3.36, +3.708, +0.159,+0.960
1577174760,+3.36, +3.708, +0.157,+0.959
1577174820,+3.36, +3.688, +0.158,+0.960
1577174880,+3.36, +3.688, +0.156,+0.959
1577174940,+3.36, +3.667, +0.159,+0.959
1577175000,+3.36, +3.698, +0.158,+0.959
1577175060,+3.36, +3.688, +0.159,+0.959
1577175120,+3.36, +3.698, +0.158,+0.960
1577175180,+3.36, +3.677, +0.159,+0.960
1577175240,+3.36, +3.677, +0.158,+0.959
1577175300,+3.36, +3.688, +0.157,+0.959
1577175360,+3.36, +3.677, +0.158,+0.959
1577175420,+3.36, +3.698, +0.158,+0.959
1577175480,+3.36, +3.698, +0.157,+0.959
1577175540,+3.36, +3.688, +0.157,+0.959
1577175600,+3.36, +3.688, +0.157,+0.959
1577175660,+3.36, +3.688, +0.157,+0.959
1577175720,+3.36, +3.698, +0.158,+0.959
1577175780,+3.36, +3.677, +0.159,+0.960
1577175840,+3.36, +3.698, +0.159,+0.959
1577175900,+3.36, +3.688, +0.156,+0.959
1577175960,+3.36, +3.698, +0.159,+0.959
1577176020,+3.36, +3.677, +0.159,+0.960
1577176080,+3.36, +3.656, +0.158,+0.959
1577176140,+3.36, +3.698, +0.157,+0.959
1577176200,+3.36, +3.667, +0.156,+0.959
1577176260,+3.36, +3.688, +0.158,+0.959
1577176320,+3.36, +3.688, +0.158,+0.960
1577176380,+3.36, +3.677, +0.157,+0.959
1577176440,+3.36, +3.646, +0.157,+0.959
1577176500,+3.36, +3.677, +0.157,+0.959
1577176560,+3.36, +3.708, +0.156,+0.959
1577176620,+3.36, +3.677, +0.156,+0.959
1577176680,+3.36, +3.688, +0.158,+0.959
1577176740,+3.36, +3.698, +0.158,+0.959
1577176800,+3.36, +3.708, +0.159,+0.960
1577176860,+3.36, +3.688, +0.158,+0.959
1577176920,+3.36, +3.698, +0.158,+0.960
1577176980,+3.36, +3.698, +0.156,+0.959
1577177040,+3.36, +3.688, +0.156,+0.959
1577177100,+3.36, +3.698, +0.157,+0.959
1577177160,+3.36, +3.688, +0.157,+0.959
1577177220,+3.36, +3.708, +0.156,+0.960
1577177280,+3.36, +3.708, +0.158,+0.960
1577177340,+3.36, +3.708, +0.156,+0.959
1577177400,+3.36, +3.688, +0.157,+0.959
1577177460,+3.36, +3.698, +0.157,+0.959
1577177520,+3.36, +3.688, +0.158,+0.959
1577177580,+3.36, +3.698, +0.158,+0.959
1577177640,+3.36, +3.708, +0.157,+0.959
1577177700,+3.36, +3.698, +0.159,+0.960
1577177760,+3.36, +3.708, +0.158,+0.960
1577177820,+3.36, +3.688, +0.157,+0.960
1577177880,+3.36, +3.719, +0.155,+0.959
1577177940,+3.36, +3.698, +0.158,+0.959
1577178000,+3.36, +3.708, +0.159,+0.959
1577178060,+3.36, +3.708, +0.158,+0.959
1577178120,+3.36, +3.698, +0.158,+0.959
1577178180,+3.36, +3.698, +0.157,+0.959
1577178240,+3.36, +3.698, +0.157,+0.959
1577178300,+3.36, +3.729, +0.158,+0.959
1577178360,+3.36, +3.688, +0.158,+0.960
1577178420,+3.36, +3.667, +0.159,+0.959
1577178480,+3.36, +3.719, +0.157,+0.960
1577178540,+3.36, +3.698, +0.159,+0.959
1577178600,+3.36, +3.719, +0.157,+0.959
1577178660,+3.36, +3.677, +0.158,+0.960
1577178720,+3.36, +3.708, +0.158,+0.959
1577178780,+3.36, +3.698, +0.156,+0.959
1577178840,+3.36, +3.688, +0.159,+0.959
1577178900,+3.36, +3.698, +0.159,+0.959
1577178960,+3.36, +3.688, +0.158,+0.959
1577179020,+3.36, +3.698, +0.157,+0.959
1577179080,+3.36, +3.688, +0.158,+0.960
1577179140,+3.36, +3.688, +0.157,+0.959
1577179200,+3.36, +3.677, +0.158,+0.959
1577179260,+3.36, +3.688, +0.159,+0.960
1577179320,+3.36, +3.708, +0.156,+0.959
1577179380,+3.36, +3.688, +0.156,+0.959
1577179440,+3.36, +3.698, +0.158,+0.959
1577179500,+3.36, +3.677, +0.159,+0.959
1577179560,+3.36, +3.719, +0.156,+0.959
1577179620,+3.36, +3.688, +0.157,+0.959
1577179680,+3.36, +3.698, +0.159,+0.960
1577179740,+3.36, +3.677, +0.158,+0.959
1577179800,+3.36, +3.688, +0.159,+0.959
1577179860,+3.36, +3.688, +0.158,+0.959
1577179920,+3.36, +3.708, +0.159,+0.959
1577179980,+3.36, +3.688, +0.158,+0.959
1577180040,+3.36, +3.698, +0.157,+0.959
1577180100,+3.36, +3.708, +0.156,+0.959
1577180160,+3.36, +3.698, +0.158,+0.959
1577180220,+3.36, +3.688, +0.158,+0.959
1577180280,+3.36, +3.677, +0.157,+0.959
1577180340,+3.36, +3.667, +0.157,+0.959
1577180400,+3.36, +3.688, +0.158,+0.959
1577180460,+3.36, +3.698, +0.159,+0.960
1577180520,+3.36, +3.688, +0.157,+0.959
1577180580,+3.36, +3.688, +0.157,+0.960
1577180640,+3.36, +3.677, +0.157,+0.959
1577180700,+3.36, +3.688, +0.158,+0.959
1577180760,+3.36, +3.677, +0.157,+0.959
1577180820,+3.36, +3.688, +0.158,+0.959
1577180880,+3.36, +3.698, +0.157,+0.959
1577180940,+3.36, +3.667, +0.158,+0.959
1577181000,+3.36, +3.698, +0.159,+0.959
1577181060,+3.36, +3.688, +0.157,+0.959
1577181120,+3.36, +3.698, +0.157,+0.959
1577181180,+3.36, +3.719, +0.157,+0.960
1577181240,+3.36, +3.667, +0.158,+0.959
1577181300,+3.36, +3.729, +0.156,+0.959
1577181360,+3.36, +3.667, +0.159,+0.959
1577181420,+3.36, +3.688, +0.157,+0.959
1577181480,+3.36, +3.698, +0.159,+0.960
1577181540,+3.36, +3.667, +0.159,+0.959
1577181600,+3.36, +3.688, +0.158,+0.959
1577181660,+3.36, +3.688, +0.158,+0.959
1577181720,+3.36, +3.667, +0.158,+0.959
1577181780,+3.36, +3.688, +0.159,+0.959
1577181840,+3.36, +3.667, +0.158,+0.959
1577181900,+3.36, +3.677, +0.159,+0.960
1577181960,+3.36, +3.708, +0.158,+0.959
1577182020,+3.36, +3.729, +0.157,+0.960
1577182080,+3.36, +3.677, +0.157,+0.959
1577182140,+3.36, +3.698, +0.157,+0.959
1577182200,+3.36, +3.698, +0.158,+0.959
1577182260,+3.36, +3.698, +0.159,+0.960
1577182320,+3.36, +3.656, +0.161,+0.959
1577182380,+3.36, +3.677, +0.158,+0.959
1577182440,+3.36, +3.688, +0.158,+0.959
1577182500,+3.36, +3.698, +0.159,+0.960
1577182560,+3.36, +3.698, +0.157,+0.960
1577182620,+3.36, +3.688, +0.156,+0.959
1577182680,+3.36, +3.688, +0.158,+0.959
1577182740,+3.36, +3.688, +0.157,+0.959
1577182800,+3.36, +3.719, +0.158,+0.960
1577182860,+3.36, +3.688, +0.159,+0.960
1577182920,+3.36, +3.719, +0.158,+0.959
1577182980,+3.36, +3.688, +0.158,+0.959
1577183040,+3.36, +3.698, +0.159,+0.960
1577183100,+3.36, +3.677, +0.157,+0.959
1577183160,+3.36, +3.698, +0.158,+0.959
1577183220,+3.36, +3.688, +0.157,+0.959
1577183280,+3.36, +3.667, +0.158,+0.959
1577183340,+3.36, +3.698, +0.158,+0.959
1577183400,+3.36, +3.708, +0.156,+0.959
1577183460,+3.36, +3.635, +0.160,+0.959
1577183520,+3.36, +3.698, +0.157,+0.960
1577183580,+3.36, +3.688, +0.157,+0.959
1577183640,+3.36, +3.677, +0.158,+0.959
1577183700,+3.36, +3.708, +0.156,+0.959
1577183760,+3.36, +3.698, +0.158,+0.960
1577183820,+3.36, +3.698, +0.158,+0.959
1577183880,+3.36, +3.729, +0.157,+0.959
1577183940,+3.36, +3.698, +0.157,+0.959
1577184000,+3.36, +3.688, +0.157,+0.959
1577184060,+3.36, +3.688, +0.158,+0.959
1577184120,+3.36, +3.677, +0.159,+0.959
1577184180,+3.36, +3.719, +0.158,+0.959
1577184240,+3.36, +3.688, +0.157,+0.959
1577184300,+3.36, +3.698, +0.157,+0.960
1577184360,+3.36, +3.688, +0.156,+0.959
1577184420,+3.36, +3.698, +0.157,+0.959
1577184480,+3.36, +3.667, +0.157,+0.959
1577184540,+3.36, +3.688, +0.158,+0.959
1577184600,+3.36, +3.688, +0.158,+0.959
1577184660,+3.36, +3.688, +0.157,+0.959
1577184720,+3.36, +3.677, +0.159,+0.960
1577184780,+3.36, +3.708, +0.157,+0.959
1577184840,+3.36, +3.708, +0.158,+0.959
1577184900,+3.36, +3.719, +0.157,+0.959
1577184960,+3.36, +3.688, +0.157,+0.959
1577185020,+3.36, +3.708, +0.157,+0.959
1577185080,+3.36, +3.677, +0.158,+0.960
1577185140,+3.36, +3.688, +0.158,+0.959
1577185200,+3.36, +3.688, +0.158,+0.959
1577185260,+3.36, +3.698, +0.158,+0.959
1577185320,+3.36, +3.698, +0.156,+0.959
1577185380,+3.36, +3.719, +0.157,+0.960
1577185440,+3.36, +3.698, +0.157,+0.959
1577185500,+3.36, +3.688, +0.157,+0.959
1577185560,+3.36, +3.646, +0.158,+0.959
1577185620,+3.36, +3.677, +0.157,+0.959
1577185680,+3.36, +3.677, +0.158,+0.959
1577185740,+3.36, +3.688, +0.158,+0.959
1577185800,+3.36, +3.719, +0.157,+0.959
1577185860,+3.36, +3.688, +0.158,+0.959
1577185920,+3.36, +3.688, +0.158,+0.959
1577185980,+3.36, +3.698, +0.157,+0.959
1577186040,+3.36, +3.698, +0.157,+0.959
1577186100,+3.36, +3.688, +0.158,+0.959
1577186160,+3.36, +3.698, +0.156,+0.959
1577186220,+3.36, +3.688, +0.158,+0.959
1577186280,+3.36, +3.708, +0.157,+0.959
1577186340,+3.36, +3.719, +0.157,+0.960
1577186400,+3.36, +3.698, +0.158,+0.960
1577186460,+3.36, +3.688, +0.157,+0.959
1577186520,+3.36, +3.677, +0.158,+0.959
1577186580,+3.36, +3.698, +0.157,+0.959
1577186640,+3.36, +3.677, +0.158,+0.959
1577186700,+3.36, +3.698, +0.156,+0.959
1577186760,+3.36, +3.708, +0.158,+0.959
1577186820,+3.36, +3.698, +0.158,+0.959
1577186880,+3.36, +3.688, +0.157,+0.959
1577186940,+3.36, +3.677, +0.157,+0.959
1577187000,+3.36, +3.677, +0.158,+0.959
1577187060,+3.36, +3.688, +0.160,+0.959
1577187120,+3.36, +3.688, +0.157,+0.959
1577187180,+3.36, +3.698, +0.157,+0.959
1577187240,+3.36, +3.688, +0.156,+0.959
1577187300,+3.36, +3.698, +0.158,+0.959
1577187360,+3.36, +3.688, +0.157,+0.959
1577187420,+3.36, +3.688, +0.157,+0.959
1577187480,+3.36, +3.708, +0.157,+0.959
1577187540,+3.36, +3.698, +0.157,+0.959
1577187600,+3.36, +3.656, +0.159,+0.959
1577187660,+3.36, +3.688, +0.158,+0.959
1577187720,+3.36, +3.698, +0.158,+0.959
1577187780,+3.36, +3.688, +0.158,+0.959
1577187840,+3.36, +3.708, +0.158,+0.959
1577187900,+3.36, +3.688, +0.157,+0.959
1577187960,+3.36, +3.677, +0.158,+0.959
1577188020,+3.36, +3.688, +0.158,+0.959
1577188080,+3.36, +3.688, +0.159,+0.959
1577188140,+3.36, +3.698, +0.157,+0.959
1577188200,+3.36, +3.698, +0.157,+0.959
1577188260,+3.36, +3.698, +0.157,+0.959
1577188320,+3.36, +3.667, +0.157,+0.959
1577188380,+3.36, +3.708, +0.159,+0.960
1577188440,+3.36, +3.698, +0.157,+0.959
1577188500,+3.36, +3.688, +0.156,+0.959
1577188560,+3.36, +3.698, +0.158,+0.959
1577188620,+3.36, +3.698, +0.157,+0.959
1577188680,+3.36, +3.688, +0.159,+0.959
1577188740,+3.36, +3.677, +0.158,+0.959
1577188800,+3.36, +3.698, +0.157,+0.959
1577188860,+3.36, +3.688, +0.157,+0.959
1577188920,+3.36, +3.688, +0.157,+0.959
1577188980,+3.36, +3.698, +0.158,+0.960
1577189040,+3.36, +3.708, +0.159,+0.960
1577189100,+3.36, +3.688, +0.156,+0.959
1577189160,+3.36, +3.667, +0.159,+0.959
1577189220,+3.36, +3.667, +0.158,+0.959
1577189280,+3.36, +3.688, +0.157,+0.959
1577189340,+3.36, +3.688, +0.157,+0.959
1577189400,+3.36, +3.688, +0.158,+0.959
1577189460,+3.36, +3.667, +0.157,+0.959
1577189520,+3.36, +3.677, +0.159,+0.960
1577189580,+3.36, +3.698, +0.158,+0.959
1577189640,+3.36, +3.708, +0.156,+0.959
1577189700,+3.36, +3.677, +0.157,+0.959
1577189760,+3.36, +3.688, +0.159,+0.960
1577189820,+3.36, +3.688, +0.157,+0.959
1577189880,+3.36, +3.677, +0.158,+0.959
1577189940,+3.36, +3.708, +0.157,+0.959
1577190000,+3.36, +3.698, +0.160,+0.960
1577190060,+3.36, +3.698, +0.157,+0.960
1577190120,+3.36, +3.646, +0.157,+0.959
1577190180,+3.36, +3.667, +0.159,+0.959
1577190240,+3.36, +3.698, +0.155,+0.959
1577190300,+3.36, +3.698, +0.156,+0.959
1577190360,+3.36, +3.677, +0.157,+0.959
1577190420,+3.36, +3.698, +0.159,+0.960
1577190480,+3.36, +3.708, +0.159,+0.960
1577190540,+3.36, +3.677, +0.159,+0.959
1577190600,+3.36, +3.667, +0.158,+0.959
1577190660,+3.36, +3.677, +0.157,+0.959
1577190720,+3.36, +3.698, +0.158,+0.960
1577190780,+3.36, +3.708, +0.160,+0.960
1577190840,+3.36, +3.698, +0.159,+0.959
1577190900,+3.36, +3.688, +0.157,+0.959
1577190960,+3.36, +3.677, +0.158,+0.959
1577191020,+3.36, +3.688, +0.159,+0.959
1577191080,+3.36, +3.708, +0.156,+0.959
1577191140,+3.36, +3.688, +0.157,+0.959
1577191200,+3.36, +3.677, +0.158,+0.959
1577191260,+3.36, +3.677, +0.158,+0.959
1577191320,+3.36, +3.698, +0.157,+0.959
1577191380,+3.36, +3.688, +0.158,+0.959
1577191440,+3.36, +3.688, +0.157,+0.959
1577191500,+3.36, +3.688, +0.158,+0.959
1577191560,+3.36, +3.698, +0.157,+0.959
1577191620,+3.36, +3.667, +0.158,+0.959
1577191680,+3.36, +3.688, +0.156,+0.959
1577191740,+3.36, +3.698, +0.158,+0.960
1577191800,+3.36, +3.708, +0.157,+0.960
1577191860,+3.36, +3.688, +0.157,+0.959
1577191920,+3.36, +3.667, +0.156,+0.959
1577191980,+3.36, +3.688, +0.157,+0.959
1577192040,+3.36, +3.677, +0.156,+0.959
1577192100,+3.36, +3.656, +0.157,+0.959
1577192160,+3.36, +3.698, +0.158,+0.959
1577192220,+3.36, +3.688, +0.157,+0.959
1577192280,+3.36, +3.677, +0.159,+0.959
1577192340,+3.36, +3.656, +0.158,+0.960
1577192400,+3.36, +3.698, +0.158,+0.959
1577192460,+3.36, +3.667, +0.156,+0.959
1577192520,+3.36, +3.688, +0.156,+0.959
1577192580,+3.36, +3.708, +0.156,+0.959
1577192640,+3.36, +3.698, +0.158,+0.960
1577192700,+3.36, +3.667, +0.158,+0.959
1577192760,+3.36, +3.719, +0.157,+0.959
1577192820,+3.36, +3.698, +0.157,+0.959
1577192880,+3.36, +3.677, +0.158,+0.959
1577192940,+3.36, +3.667, +0.158,+0.959
1577193000,+3.36, +3.698, +0.156,+0.959
1577193060,+3.36, +3.688, +0.159,+0.960
1577193120,+3.36, +3.688, +0.158,+0.960
1577193180,+3.36, +3.688, +0.158,+0.959
1577193240,+3.36, +3.667, +0.158,+0.959
1577193300,+3.36, +3.667, +0.158,+0.959
1577193360,+3.36, +3.688, +0.158,+0.959
1577193420,+3.36, +3.656, +0.159,+0.959
1577193480,+3.36, +3.688, +0.158,+0.960
1577193540,+3.36, +3.688, +0.156,+0.959
1577193600,+3.36, +3.688, +0.157,+0.959
1577193660,+3.36, +3.688, +0.157,+0.959
1577193720,+3.36, +3.688, +0.157,+0.960
1577193780,+3.36, +3.677, +0.158,+0.959
1577193840,+3.36, +3.688, +0.159,+0.960
1577193900,+3.36, +3.688, +0.157,+0.959
1577193960,+3.36, +3.688, +0.158,+0.959
1577194020,+3.36, +3.688, +0.156,+0.959
1577194080,+3.36, +3.667, +0.158,+0.959
1577194140,+3.36, +3.677, +0.157,+0.959
1577194200,+3.36, +3.688, +0.158,+0.959
1577194260,+3.36, +3.698, +0.158,+0.959
1577194320,+3.36, +3.688, +0.155,+0.959
1577194380,+3.36, +3.698, +0.157,+0.959
1577194440,+3.36, +3.688, +0.157,+0.959
1577194500,+3.36, +3.688, +0.159,+0.960
1577194560,+3.36, +3.708, +0.157,+0.959
1577194620,+3.36, +3.677, +0.158,+0.959
1577194680,+3.36, +3.698, +0.157,+0.959
1577194740,+3.36, +3.677, +0.159,+0.959
1577194800,+3.36, +3.677, +0.155,+0.959
1577194860,+3.36, +3.688, +0.158,+0.959
1577194920,+3.36, +3.688, +0.158,+0.959
1577194980,+3.36, +3.677, +0.158,+0.959
1577195040,+3.36, +3.677, +0.158,+0.959
1577195100,+3.36, +3.719, +0.157,+0.959
1577195160,+3.36, +3.688, +0.158,+0.959
1577195220,+3.36, +3.688, +0.158,+0.960
1577195280,+3.36, +3.698, +0.158,+0.959
1577195340,+3.36, +3.667, +0.158,+0.959
1577195400,+3.36, +3.688, +0.157,+0.959
1577195460,+3.36, +3.688, +0.156,+0.959
1577195520,+3.36, +3.677, +0.159,+0.959
1577195580,+3.36, +3.688, +0.157,+0.959
1577195640,+3.36, +3.688, +0.158,+0.959
1577195700,+3.36, +3.688, +0.160,+0.959
1577195760,+3.36, +3.698, +0.158,+0.960
1577195820,+3.36, +3.667, +0.158,+0.959
1577195880,+3.36, +3.688, +0.158,+0.959
1577195940,+3.36, +3.667, +0.158,+0.959
1577196000,+3.36, +3.688, +0.159,+0.959
1577196060,+3.36, +3.698, +0.157,+0.959
1577196120,+3.36, +3.667, +0.159,+0.960
1577196180,+3.36, +3.677, +0.158,+0.959
1577196240,+3.36, +3.667, +0.157,+0.959
1577196300,+3.36, +3.688, +0.155,+0.959
1577196360,+3.36, +3.698, +0.159,+0.960
1577196420,+3.36, +3.656, +0.158,+0.959
1577196480,+3.36, +3.667, +0.156,+0.959
1577196540,+3.36, +3.667, +0.159,+0.959
1577196600,+3.36, +3.667, +0.158,+0.959
1577196660,+3.36, +3.698, +0.157,+0.959
1577196720,+3.36, +3.698, +0.157,+0.959
1577196780,+3.36, +3.667, +0.158,+0.959
1577196840,+3.36, +3.708, +0.157,+0.959
1577196900,+3.36, +3.677, +0.159,+0.960
1577196960,+3.36, +3.698, +0.157,+0.959
1577197020,+3.36, +3.688, +0.157,+0.959
1577197080,+3.36, +3.677, +0.157,+0.959
1577197140,+3.36, +3.708, +0.156,+0.959
1577197200,+3.36, +3.677, +0.158,+0.959
1577197260,+3.36, +3.667, +0.158,+0.959
1577197320,+3.36, +3.677, +0.157,+0.959
1577197380,+3.36, +3.667, +0.158,+0.959
1577197440,+3.36, +3.677, +0.157,+0.959
1577197500,+3.36, +3.708, +0.158,+0.959
1577197560,+3.36, +3.698, +0.157,+0.959
1577197620,+3.36, +3.677, +0.157,+0.959
1577197680,+3.36, +3.698, +0.156,+0.959
1577197740,+3.36, +3.688, +0.158,+0.959
1577197800,+3.36, +3.677, +0.158,+0.959
1577197860,+3.36, +3.688, +0.157,+0.959
1577197920,+3.36, +3.656, +0.159,+0.959
1577197980,+3.36, +3.698, +0.157,+0.959
1577198040,+3.36, +3.698, +0.158,+0.960
1577198100,+3.36, +3.688, +0.157,+0.959
1577198160,+3.36, +3.688, +0.160,+0.960
1577198220,+3.36, +3.667, +0.158,+0.960
1577198280,+3.36, +3.656, +0.157,+0.959
1577198340,+3.36, +3.698, +0.157,+0.959
1577198400,+3.36, +3.677, +0.158,+0.960
1577198460,+3.36, +3.688, +0.159,+0.960
1577198520,+3.36, +3.667, +0.157,+0.959
1577198580,+3.36, +3.667, +0.158,+0.959
1577198640,+3.36, +3.677, +0.158,+0.959
1577198700,+3.36, +3.677, +0.157,+0.959
1577198760,+3.36, +3.667, +0.157,+0.959
1577198820,+3.36, +3.667, +0.160,+0.959
1577198880,+3.36, +3.677, +0.158,+0.959
1577198940,+3.36, +3.677, +0.159,+0.959
1577199000,+3.36, +3.698, +0.159,+0.960
1577199060,+3.36, +3.698, +0.158,+0.959
1577199120,+3.36, +3.677, +0.158,+0.959
1577199180,+3.36, +3.688, +0.157,+0.959
1577199240,+3.36, +3.688, +0.158,+0.960
1577199300,+3.36, +3.688, +0.157,+0.959
1577199360,+3.36, +3.688, +0.158,+0.959
1577199420,+3.36, +3.688, +0.158,+0.960
1577199480,+3.36, +3.698, +0.157,+0.959
1577199540,+3.36, +3.677, +0.158,+0.959
1577199600,+3.36, +3.688, +0.158,+0.960
1577199660,+3.36, +3.677, +0.157,+0.959
1577199720,+3.36, +3.719, +0.156,+0.959
1577199780,+3.36, +3.698, +0.157,+0.959
1577199840,+3.36, +3.698, +0.158,+0.959
1577199900,+3.36, +3.719, +0.157,+0.960
1577199960,+3.36, +3.688, +0.158,+0.959
1577200020,+3.36, +3.698, +0.157,+0.960
1577200080,+3.36, +3.677, +0.159,+0.960
1577200140,+3.36, +3.698, +0.156,+0.959
1577200200,+3.36, +3.677, +0.159,+0.960
1577200260,+3.36, +3.698, +0.157,+0.959
1577200320,+3.36, +3.698, +0.159,+0.960
1577200380,+3.36, +3.667, +0.158,+0.959
1577200440,+3.36, +3.656, +0.158,+0.959
1577200500,+3.36, +3.698, +0.158,+0.959
1577200560,+3.36, +3.688, +0.156,+0.959
1577200620,+3.36, +3.719, +0.157,+0.959
1577200680,+3.36, +3.677, +0.158,+0.959
1577200740,+3.36, +3.698, +0.158,+0.959
1577200800,+3.36, +3.688, +0.158,+0.959
1577200860,+3.36, +3.688, +0.157,+0.959
1577200920,+3.36, +3.688, +0.159,+0.960
1577200980,+3.36, +3.688, +0.156,+0.959
1577201040,+3.36, +3.688, +0.158,+0.959
1577201100,+3.36, +3.677, +0.159,+0.959
1577201160,+3.36, +3.688, +0.158,+0.960
1577201220,+3.36, +3.677, +0.159,+0.959
1577201280,+3.36, +3.667, +0.159,+0.959
1577201340,+3.36, +3.688, +0.158,+0.960
1577201400,+3.36, +3.708, +0.156,+0.959
1577201460,+3.36, +3.698, +0.158,+0.960
1577201520,+3.36, +3.667, +0.159,+0.959
1577201580,+3.36, +3.688, +0.156,+0.959
1577201640,+3.36, +3.677, +0.156,+0.959
1577201700,+3.36, +3.698, +0.158,+0.960
1577201760,+3.36, +3.667, +0.157,+0.959
1577201820,+3.36, +3.646, +0.160,+0.959
1577201880,+3.36, +3.688, +0.158,+0.959
1577201940,+3.36, +3.698, +0.159,+0.960
1577202000,+3.36, +3.667, +0.159,+0.959
1577202060,+3.36, +3.688, +0.156,+0.959
1577202120,+3.36, +3.708, +0.156,+0.959
1577202180,+3.36, +3.688, +0.157,+0.960
1577202240,+3.36, +3.677, +0.157,+0.959
1577202300,+3.36, +3.688, +0.158,+0.959
1577202360,+3.36, +3.667, +0.157,+0.959
1577202420,+3.36, +3.688, +0.158,+0.960
1577202480,+3.36, +3.656, +0.159,+0.959
1577202540,+3.36, +3.677, +0.158,+0.959
1577202600,+3.36, +3.677, +0.157,+0.959
1577202660,+3.36, +3.688, +0.157,+0.959
1577202720,+3.36, +3.677, +0.157,+0.959
1577202780,+3.36, +3.677, +0.156,+0.959
1577202840,+3.36, +3.698, +0.156,+0.959
1577202900,+3.36, +3.667, +0.158,+0.959
1577202960,+3.36, +3.667, +0.159,+0.959
1577203020,+3.36, +3.677, +0.159,+0.959
1577203080,+3.36, +3.656, +0.158,+0.959
1577203140,+3.36, +3.667, +0.158,+0.959
1577203200,+3.36, +3.698, +0.156,+0.959
1577203260,+3.36, +3.656, +0.157,+0.959
1577203320,+3.36, +3.677, +0.158,+0.959
1577203380,+3.36, +3.698, +0.156,+0.959
1577203440,+3.36, +3.656, +0.158,+0.959
1577203500,+3.36, +3.656, +0.157,+0.959
1577203560,+3.36, +3.688, +0.159,+0.959
1577203620,+3.36, +3.708, +0.155,+0.959
1577203680,+3.36, +3.667, +0.158,+0.960
1577203740,+3.36, +3.677, +0.158,+0.959
1577203800,+3.36, +3.688, +0.157,+0.959
1577203860,+3.36, +3.677, +0.156,+0.959
1577203920,+3.36, +3.708, +0.158,+0.960
1577203980,+3.36, +3.688, +0.156,+0.959
1577204040,+3.36, +3.677, +0.157,+0.959
1577204100,+3.36, +3.698, +0.158,+0.960
1577204160,+3.36, +3.656, +0.160,+0.960
1577204220,+3.36, +3.677, +0.157,+0.959
1577204280,+3.36, +3.667, +0.159,+0.959
1577204340,+3.36, +3.677, +0.158,+0.959
1577204400,+3.36, +3.688, +0.158,+0.959
1577204460,+3.36, +3.677, +0.157,+0.959
1577204520,+3.36, +3.677, +0.157,+0.959
1577204580,+3.36, +3.677, +0.159,+0.959
1577204640,+3.36, +3.667, +0.158,+0.960
1577204700,+3.36, +3.667, +0.158,+0.959
1577204760,+3.36, +3.688, +0.157,+0.959
1577204820,+3.36, +3.667, +0.156,+0.959
1577204880,+3.36, +3.708, +0.158,+0.959
1577204940,+3.36, +3.667, +0.158,+0.959
1577205000,+3.36, +3.677, +0.157,+0.959
1577205060,+3.35, +3.667, +0.157,+0.959
1577205120,+3.36, +3.635, +0.160,+0.959
1577205180,+3.36, +3.646, +0.159,+0.959
1577205240,+3.36, +3.688, +0.157,+0.959
1577205300,+3.36, +3.677, +0.157,+0.959
1577205360,+3.36, +3.667, +0.158,+0.960
1577205420,+3.36, +3.677, +0.157,+0.959
1577205480,+3.36, +3.688, +0.156,+0.959
1577205540,+3.36, +3.688, +0.158,+0.959
1577205600,+3.36, +3.667, +0.159,+0.960
1577205660,+3.36, +3.656, +0.158,+0.959
1577205720,+3.36, +3.667, +0.157,+0.959
1577205780,+3.36, +3.677, +0.159,+0.960
1577205840,+3.36, +3.667, +0.159,+0.959
1577205900,+3.36, +3.677, +0.157,+0.959
1577205960,+3.36, +3.635, +0.159,+0.959
1577206020,+3.36, +3.667, +0.157,+0.959
1577206080,+3.36, +3.677, +0.157,+0.959
1577206140,+3.36, +3.677, +0.158,+0.959
1577206200,+3.36, +3.698, +0.158,+0.959
1577206260,+3.35, +3.677, +0.158,+0.959
1577206320,+3.36, +3.677, +0.157,+0.960
1577206380,+3.36, +3.698, +0.156,+0.959
1577206440,+3.35, +3.688, +0.160,+0.960
1577206500,+3.36, +3.708, +0.158,+0.959
1577206560,+3.36, +3.677, +0.158,+0.959
1577206620,+3.36, +3.667, +0.158,+0.959
1577206680,+3.36, +3.698, +0.158,+0.960
1577206740,+3.36, +3.656, +0.157,+0.959
1577206800,+3.36, +3.667, +0.157,+0.959
1577206860,+3.36, +3.667, +0.158,+0.959
1577206920,+3.36, +3.677, +0.158,+0.959
1577206980,+3.36, +3.677, +0.157,+0.959
1577207040,+3.36, +3.708, +0.157,+0.959
1577207100,+3.36, +3.688, +0.156,+0.959
1577207160,+3.36, +3.677, +0.159,+0.960
1577207220,+3.36, +3.656, +0.156,+0.959
1577207280,+3.36, +3.667, +0.158,+0.959
1577207340,+3.36, +3.667, +0.157,+0.959
1577207400,+3.36, +3.667, +0.157,+0.960
1577207460,+3.36, +3.677, +0.157,+0.959
1577207520,+3.35, +3.667, +0.158,+0.959
1577207580,+3.36, +3.656, +0.159,+0.959
1577207640,+3.36, +3.677, +0.158,+0.959
1577207700,+3.36, +3.667, +0.158,+0.959
1577207760,+3.36, +3.667, +0.158,+0.959
1577207820,+3.36, +3.688, +0.155,+0.959
1577207880,+3.36, +3.667, +0.157,+0.960
1577207940,+3.36, +3.656, +0.157,+0.959
1577208000,+3.36, +3.677, +0.159,+0.959
1577208060,+3.36, +3.677, +0.157,+0.959
1577208120,+3.36, +3.677, +0.157,+0.959
1577208180,+3.36, +3.677, +0.157,+0.959
1577208240,+3.36, +3.698, +0.158,+0.960
1577208300,+3.36, +3.677, +0.159,+0.959
1577208360,+3.36, +3.677, +0.158,+0.959
1577208420,+3.36, +3.688, +0.158,+0.960
1577208480,+3.36, +3.677, +0.158,+0.960
1577208540,+3.36, +3.656, +0.159,+0.959
1577208600,+3.36, +3.667, +0.158,+0.959
1577208660,+3.36, +3.667, +0.156,+0.959
1577208720,+3.36, +3.677, +0.157,+0.960
1577208780,+3.36, +3.677, +0.157,+0.959
1577208840,+3.36, +3.677, +0.157,+0.959
1577208900,+3.36, +3.677, +0.157,+0.959
1577208960,+3.36, +3.656, +0.158,+0.960
1577209020,+3.36, +3.646, +0.159,+0.959
1577209080,+3.36, +3.667, +0.157,+0.959
1577209140,+3.36, +3.625, +0.158,+0.959
1577209200,+3.36, +3.688, +0.158,+0.960
1577209260,+3.36, +3.667, +0.159,+0.959
1577209320,+3.36, +3.635, +0.157,+0.959
1577209380,+3.36, +3.667, +0.159,+0.959
1577209440,+3.36, +3.667, +0.157,+0.959
1577209500,+3.36, +3.646, +0.158,+0.959
1577209560,+3.36, +3.677, +0.157,+0.959
1577209620,+3.36, +3.667, +0.158,+0.960
1577209680,+3.36, +3.656, +0.156,+0.959
1577209740,+3.36, +3.698, +0.157,+0.960
1577209800,+3.36, +3.688, +0.158,+0.960
1577209860,+3.36, +3.688, +0.156,+0.959
1577209920,+3.36, +3.688, +0.157,+0.959
1577209980,+3.36, +3.656, +0.157,+0.959
1577210040,+3.36, +3.677, +0.157,+0.959
1577210100,+3.36, +3.677, +0.157,+0.959
1577210160,+3.36, +3.667, +0.157,+0.959
1577210220,+3.36, +3.677, +0.159,+0.960
1577210280,+3.36, +3.667, +0.159,+0.960
1577210340,+3.36, +3.656, +0.160,+0.960
1577210400,+3.36, +3.667, +0.156,+0.959
1577210460,+3.36, +3.667, +0.159,+0.959
1577210520,+3.36, +3.656, +0.159,+0.960
1577210580,+3.36, +3.667, +0.156,+0.959
1577210640,+3.36, +3.667, +0.156,+0.959
1577210700,+3.36, +3.656, +0.157,+0.959
1577210760,+3.36, +3.667, +0.159,+0.960
1577210820,+3.36, +3.667, +0.156,+0.959
1577210880,+3.36, +3.656, +0.158,+0.959
1577210940,+3.36, +3.677, +0.155,+0.959
1577211000,+3.36, +3.646, +0.159,+0.959
1577211060,+3.36, +3.646, +0.159,+0.960
1577211120,+3.36, +3.698, +0.157,+0.960
1577211180,+3.36, +3.656, +0.157,+0.959
1577211240,+3.36, +3.667, +0.157,+0.959
1577211300,+3.36, +3.677, +0.159,+0.960
1577211360,+3.36, +3.677, +0.158,+0.959
1577211420,+3.36, +3.667, +0.157,+0.959
1577211480,+3.36, +3.688, +0.157,+0.960
1577211540,+3.36, +3.656, +0.158,+0.959
1577211600,+3.36, +3.688, +0.157,+0.960
1577211660,+3.36, +3.656, +0.157,+0.959
1577211720,+3.36, +3.614, +0.159,+0.959
1577211780,+3.36, +3.677, +0.159,+0.960
1577211840,+3.36, +3.646, +0.159,+0.959
1577211900,+3.36, +3.677, +0.159,+0.960
1577211960,+3.36, +3.667, +0.159,+0.960
1577212020,+3.36, +3.677, +0.158,+0.959
1577212080,+3.36, +3.688, +0.158,+0.959
1577212140,+3.36, +3.667, +0.156,+0.959
1577212200,+3.36, +3.625, +0.157,+0.959
1577212260,+3.36, +3.677, +0.159,+0.960
1577212320,+3.36, +3.688, +0.157,+0.959
1577212380,+3.36, +3.656, +0.159,+0.959
1577212440,+3.36, +3.677, +0.156,+0.959
1577212500,+3.36, +3.667, +0.158,+0.959
1577212560,+3.36, +3.667, +0.157,+0.960
1577212620,+3.36, +3.667, +0.158,+0.959
1577212680,+3.36, +3.635, +0.159,+0.959
1577212740,+3.36, +3.667, +0.158,+0.959
1577212800,+3.36, +3.677, +0.159,+0.960
1577212860,+3.36, +3.677, +0.157,+0.959
1577212920,+3.36, +3.688, +0.158,+0.960
1577212980,+3.35, +3.688, +0.157,+0.959
1577213040,+3.36, +3.667, +0.160,+0.959
1577213100,+3.36, +3.667, +0.158,+0.960
1577213160,+3.36, +3.656, +0.159,+0.959
1577213220,+3.36, +3.667, +0.158,+0.959
1577213280,+3.36, +3.677, +0.158,+0.959
1577213340,+3.36, +3.646, +0.158,+0.959
1577213400,+3.36, +3.667, +0.158,+0.959
1577213460,+3.36, +3.646, +0.158,+0.960
1577213520,+3.36, +3.677, +0.158,+0.959
1577213580,+3.36, +3.667, +0.156,+0.959
1577213640,+3.36, +3.688, +0.157,+0.959
1577213700,+3.36, +3.667, +0.158,+0.959
1577213760,+3.36, +3.646, +0.158,+0.959
1577213820,+3.36, +3.646, +0.159,+0.959
1577213880,+3.36, +3.656, +0.157,+0.959
1577213940,+3.36, +3.677, +0.157,+0.959
1577214000,+3.36, +3.635, +0.158,+0.959
1577214060,+3.36, +3.646, +0.157,+0.959
1577214120,+3.36, +3.677, +0.157,+0.959
1577214180,+3.36, +3.688, +0.158,+0.959
1577214240,+3.36, +3.656, +0.159,+0.959
1577214300,+3.36, +3.667, +0.158,+0.959
1577214360,+3.36, +3.656, +0.159,+0.960
1577214420,+3.36, +3.667, +0.159,+0.959
1577214480,+3.36, +3.667, +0.158,+0.959
1577214540,+3.36, +3.698, +0.158,+0.960
1577214600,+3.36, +3.646, +0.158,+0.959
1577214660,+3.36, +3.688, +0.156,+0.959
1577214720,+3.36, +3.667, +0.157,+0.959
1577214780,+3.36, +3.698, +0.156,+0.959
1577214840,+3.36, +3.677, +0.157,+0.959
1577214900,+3.36, +3.656, +0.159,+0.959
1577214960,+3.36, +3.677, +0.157,+0.959
1577215020,+3.36, +3.656, +0.158,+0.959
1577215080,+3.36, +3.667, +0.156,+0.959
1577215140,+3.36, +3.646, +0.156,+0.959
1577215200,+3.36, +3.656, +0.159,+0.959
1577215260,+3.36, +3.656, +0.157,+0.959
1577215320,+3.36, +3.656, +0.158,+0.959
1577215380,+3.36, +3.667, +0.157,+0.959
1577215440,+3.36, +3.677, +0.156,+0.959
1577215500,+3.36, +3.646, +0.156,+0.959
1577215560,+3.36, +3.688, +0.158,+0.960
1577215620,+3.36, +3.656, +0.157,+0.959
1577215680,+3.36, +3.677, +0.158,+0.960
1577215740,+3.36, +3.656, +0.158,+0.959
1577215800,+3.36, +3.656, +0.159,+0.960
1577215860,+3.36, +3.656, +0.157,+0.959
1577215920,+3.36, +3.656, +0.158,+0.959
1577215980,+3.36, +3.677, +0.157,+0.959
1577216040,+3.36, +3.677, +0.157,+0.959
1577216100,+3.36, +3.688, +0.158,+0.960
1577216160,+3.36, +3.667, +0.158,+0.959
1577216220,+3.36, +3.677, +0.157,+0.959
1577216280,+3.36, +3.667, +0.157,+0.959
1577216340,+3.36, +3.677, +0.157,+0.959
1577216400,+3.36, +3.688, +0.157,+0.959
1577216460,+3.36, +3.667, +0.158,+0.959
1577216520,+3.36, +3.635, +0.158,+0.959
1577216580,+3.36, +3.635, +0.159,+0.959
1577216640,+3.36, +3.667, +0.158,+0.959
1577216700,+3.36, +3.646, +0.157,+0.959
1577216760,+3.36, +3.677, +0.158,+0.959
1577216820,+3.36, +3.656, +0.158,+0.959
1577216880,+3.36, +3.667, +0.159,+0.959
1577216940,+3.36, +3.667, +0.157,+0.959
1577217000,+3.36, +3.656, +0.159,+0.960
1577217060,+3.36, +3.646, +0.158,+0.959
1577217120,+3.36, +3.604, +0.159,+0.959
1577217180,+3.36, +3.656, +0.159,+0.960
1577217240,+3.36, +3.667, +0.160,+0.960
1577217300,+3.36, +3.667, +0.158,+0.959
1577217360,+3.36, +3.677, +0.157,+0.959
1577217420,+3.36, +3.667, +0.158,+0.959
1577217480,+3.36, +3.656, +0.158,+0.959
1577217540,+3.36, +3.667, +0.158,+0.959
1577217600,+3.36, +3.688, +0.157,+0.959
1577217660,+3.36, +3.656, +0.157,+0.959
1577217720,+3.36, +3.656, +0.159,+0.960
1577217780,+3.36, +3.635, +0.158,+0.959
1577217840,+3.36, +3.667, +0.159,+0.960
1577217900,+3.36, +3.656, +0.157,+0.959
1577217960,+3.36, +3.667, +0.157,+0.959
1577218020,+3.36, +3.677, +0.158,+0.959
1577218080,+3.36, +3.688, +0.158,+0.960
1577218140,+3.36, +3.646, +0.159,+0.959
1577218200,+3.36, +3.667, +0.157,+0.959
1577218260,+3.36, +3.688, +0.157,+0.959
1577218320,+3.36, +3.635, +0.159,+0.959
1577218380,+3.36, +3.677, +0.157,+0.959
1577218440,+3.36, +3.667, +0.157,+0.959
1577218500,+3.36, +3.688, +0.158,+0.959
1577218560,+3.36, +3.656, +0.158,+0.959
1577218620,+3.36, +3.677, +0.158,+0.960
1577218680,+3.36, +3.656, +0.156,+0.959
1577218740,+3.36, +3.635, +0.158,+0.959
1577218800,+3.36, +3.667, +0.158,+0.959
1577218860,+3.36, +3.667, +0.158,+0.959
1577218920,+3.36, +3.667, +0.158,+0.959
1577218980,+3.36, +3.667, +0.157,+0.959
1577219040,+3.36, +3.646, +0.158,+0.959
1577219100,+3.36, +3.677, +0.158,+0.959
1577219160,+3.36, +3.646, +0.158,+0.959
1577219220,+3.36, +3.656, +0.158,+0.960
1577219280,+3.36, +3.646, +0.158,+0.960
1577219340,+3.36, +3.646, +0.157,+0.959
1577219400,+3.36, +3.667, +0.158,+0.959
1577219460,+3.36, +3.646, +0.159,+0.960
1577219520,+3.36, +3.667, +0.159,+0.960
1577219580,+3.36, +3.677, +0.157,+0.959
1577219640,+3.36, +3.656, +0.159,+0.959
1577219700,+3.36, +3.667, +0.157,+0.959
1577219760,+3.36, +3.667, +0.158,+0.960
1577219820,+3.36, +3.656, +0.158,+0.959
1577219880,+3.36, +3.667, +0.157,+0.959
1577219940,+3.36, +3.677, +0.157,+0.959
1577220000,+3.36, +3.677, +0.158,+0.959
1577220060,+3.36, +3.688, +0.158,+0.959
1577220120,+3.36, +3.656, +0.156,+0.959
1577220180,+3.36, +3.656, +0.158,+0.959
1577220240,+3.36, +3.656, +0.158,+0.959
1577220300,+3.36, +3.656, +0.158,+0.959
1577220360,+3.36, +3.698, +0.157,+0.959
1577220420,+3.36, +3.698, +0.159,+0.959
1577220480,+3.36, +3.635, +0.158,+0.959
1577220540,+3.36, +3.667, +0.159,+0.960
1577220600,+3.36, +3.677, +0.159,+0.960
