7392-570653
OS REV: 1.11 Sensor Cal: 1428445788
Time (sec),  BV (Volts),  T (deg C),  DO (mg/l),  Q ()
1577739060,+3.35, +3.499, +0.158,+0.960
1577739120,+3.35, +3.457, +0.161,+0.960
1577739180,+3.35, +3.478, +0.159,+0.960
1577739240,+3.35, +3.447, +0.160,+0.960
1577739300,+3.35, +3.489, +0.160,+0.960
1577739360,+3.35, +3.478, +0.159,+0.960
1577739420,+3.35, +3.489, +0.159,+0.959
1577739480,+3.35, +3.468, +0.158,+0.959
1577739540,+3.35, +3.489, +0.158,+0.959
1577739600,+3.35, +3.499, +0.159,+0.960
1577739660,+3.35, +3.468, +0.159,+0.959
1577739720,+3.35, +3.489, +0.159,+0.959
1577739780,+3.35, +3.478, +0.158,+0.959
1577739840,+3.35, +3.457, +0.161,+0.959
1577739900,+3.35, +3.489, +0.159,+0.960
1577739960,+3.35, +3.478, +0.158,+0.960
1577740020,+3.35, +3.489, +0.160,+0.959
1577740080,+3.35, +3.499, +0.159,+0.960
1577740140,+3.35, +3.478, +0.160,+0.959
1577740200,+3.35, +3.468, +0.159,+0.959
1577740260,+3.35, +3.489, +0.162,+0.960
1577740320,+3.35, +3.468, +0.160,+0.959
1577740380,+3.35, +3.489, +0.159,+0.960
1577740440,+3.35, +3.478, +0.161,+0.960
1577740500,+3.35, +3.499, +0.157,+0.960
1577740560,+3.35, +3.478, +0.159,+0.960
1577740620,+3.35, +3.478, +0.160,+0.959
1577740680,+3.35, +3.499, +0.159,+0.960
1577740740,+3.35, +3.478, +0.159,+0.960
1577740800,+3.35, +3.489, +0.159,+0.959
1577740860,+3.35, +3.499, +0.158,+0.959
1577740920,+3.35, +3.499, +0.158,+0.959
1577740980,+3.35, +3.478, +0.158,+0.960
1577741040,+3.35, +3.499, +0.160,+0.960
1577741100,+3.35, +3.499, +0.159,+0.960
1577741160,+3.35, +3.468, +0.160,+0.959
1577741220,+3.35, +3.489, +0.161,+0.960
1577741280,+3.35, +3.447, +0.160,+0.960
1577741340,+3.35, +3.489, +0.159,+0.960
1577741400,+3.35, +3.489, +0.159,+0.960
1577741460,+3.35, +3.489, +0.160,+0.960
1577741520,+3.35, +3.510, +0.158,+0.960
1577741580,+3.35, +3.510, +0.158,+0.960
1577741640,+3.35, +3.478, +0.158,+0.959
1577741700,+3.35, +3.478, +0.158,+0.959
1577741760,+3.35, +3.499, +0.160,+0.960
1577741820,+3.35, +3.468, +0.158,+0.959
1577741880,+3.35, +3.447, +0.158,+0.959
1577741940,+3.35, +3.489, +0.159,+0.959
1577742000,+3.35, +3.499, +0.159,+0.960
1577742060,+3.35, +3.499, +0.158,+0.959
1577742120,+3.35, +3.468, +0.157,+0.959
1577742180,+3.35, +3.489, +0.158,+0.959
1577742240,+3.35, +3.489, +0.159,+0.960
1577742300,+3.35, +3.510, +0.158,+0.960
1577742360,+3.35, +3.478, +0.159,+0.960
1577742420,+3.35, +3.457, +0.159,+0.960
1577742480,+3.35, +3.489, +0.159,+0.959
1577742540,+3.35, +3.499, +0.159,+0.960
1577742600,+3.35, +3.499, +0.159,+0.959
1577742660,+3.35, +3.478, +0.159,+0.960
1577742720,+3.35, +3.510, +0.159,+0.960
1577742780,+3.35, +3.489, +0.158,+0.960
1577742840,+3.35, +3.478, +0.157,+0.959
1577742900,+3.35, +3.531, +0.157,+0.960
1577742960,+3.35, +3.478, +0.160,+0.960
1577743020,+3.35, +3.489, +0.159,+0.959
1577743080,+3.35, +3.489, +0.157,+0.959
1577743140,+3.35, +3.510, +0.161,+0.960
1577743200,+3.35, +3.478, +0.160,+0.960
1577743260,+3.35, +3.478, +0.158,+0.959
1577743320,+3.35, +3.499, +0.159,+0.960
1577743380,+3.35, +3.489, +0.161,+0.960
1577743440,+3.35, +3.478, +0.159,+0.959
1577743500,+3.35, +3.478, +0.159,+0.959
1577743560,+3.35, +3.489, +0.160,+0.960
1577743620,+3.35, +3.510, +0.159,+0.960
1577743680,+3.35, +3.478, +0.159,+0.960
1577743740,+3.35, +3.499, +0.159,+0.960
1577743800,+3.35, +3.499, +0.160,+0.960
1577743860,+3.35, +3.499, +0.160,+0.960
1577743920,+3.35, +3.499, +0.160,+0.960
1577743980,+3.35, +3.478, +0.158,+0.959
1577744040,+3.35, +3.478, +0.158,+0.959
1577744100,+3.35, +3.510, +0.160,+0.960
1577744160,+3.35, +3.468, +0.160,+0.960
1577744220,+3.35, +3.489, +0.157,+0.959
1577744280,+3.35, +3.510, +0.158,+0.959
1577744340,+3.35, +3.489, +0.158,+0.959
1577744400,+3.35, +3.489, +0.160,+0.960
1577744460,+3.35, +3.499, +0.161,+0.960
1577744520,+3.35, +3.499, +0.160,+0.960
1577744580,+3.35, +3.447, +0.160,+0.959
1577744640,+3.35, +3.457, +0.160,+0.959
1577744700,+3.36, +3.489, +0.159,+0.960
1577744760,+3.35, +3.457, +0.161,+0.959
1577744820,+3.35, +3.478, +0.159,+0.959
1577744880,+3.35, +3.489, +0.159,+0.960
1577744940,+3.35, +3.478, +0.159,+0.959
1577745000,+3.35, +3.457, +0.160,+0.959
1577745060,+3.35, +3.468, +0.159,+0.959
1577745120,+3.35, +3.478, +0.160,+0.960
1577745180,+3.35, +3.457, +0.160,+0.959
1577745240,+3.35, +3.478, +0.160,+0.960
1577745300,+3.35, +3.489, +0.160,+0.960
1577745360,+3.35, +3.468, +0.159,+0.959
1577745420,+3.35, +3.499, +0.160,+0.960
1577745480,+3.35, +3.489, +0.158,+0.959
1577745540,+3.35, +3.478, +0.158,+0.959
1577745600,+3.36, +3.478, +0.159,+0.959
1577745660,+3.35, +3.489, +0.159,+0.960
1577745720,+3.35, +3.541, +0.156,+0.960
1577745780,+3.35, +3.489, +0.159,+0.960
1577745840,+3.35, +3.510, +0.158,+0.960
1577745900,+3.35, +3.478, +0.161,+0.960
1577745960,+3.35, +3.499, +0.159,+0.960
1577746020,+3.35, +3.489, +0.161,+0.960
1577746080,+3.35, +3.510, +0.159,+0.959
1577746140,+3.35, +3.478, +0.159,+0.959
1577746200,+3.35, +3.478, +0.160,+0.960
1577746260,+3.35, +3.478, +0.160,+0.959
1577746320,+3.35, +3.499, +0.158,+0.959
1577746380,+3.35, +3.478, +0.160,+0.960
1577746440,+3.35, +3.468, +0.162,+0.960
1577746500,+3.35, +3.489, +0.159,+0.960
1577746560,+3.35, +3.468, +0.160,+0.960
1577746620,+3.35, +3.468, +0.158,+0.959
1577746680,+3.35, +3.447, +0.161,+0.959
1577746740,+3.35, +3.478, +0.160,+0.959
1577746800,+3.35, +3.468, +0.161,+0.959
1577746860,+3.35, +3.478, +0.158,+0.960
1577746920,+3.35, +3.468, +0.160,+0.960
1577746980,+3.35, +3.489, +0.158,+0.959
1577747040,+3.35, +3.447, +0.160,+0.959
1577747100,+3.35, +3.541, +0.160,+0.960
1577747160,+3.35, +3.510, +0.158,+0.960
1577747220,+3.35, +3.478, +0.159,+0.959
1577747280,+3.35, +3.510, +0.158,+0.960
1577747340,+3.35, +3.478, +0.160,+0.959
1577747400,+3.35, +3.478, +0.158,+0.959
1577747460,+3.35, +3.510, +0.158,+0.959
1577747520,+3.35, +3.468, +0.159,+0.960
1577747580,+3.35, +3.478, +0.158,+0.959
1577747640,+3.35, +3.457, +0.160,+0.959
1577747700,+3.35, +3.468, +0.159,+0.960
1577747760,+3.35, +3.499, +0.158,+0.959
1577747820,+3.35, +3.489, +0.160,+0.960
1577747880,+3.35, +3.510, +0.158,+0.960
1577747940,+3.35, +3.478, +0.159,+0.960
1577748000,+3.35, +3.489, +0.158,+0.959
1577748060,+3.35, +3.457, +0.160,+0.960
1577748120,+3.35, +3.478, +0.160,+0.960
1577748180,+3.35, +3.499, +0.158,+0.959
1577748240,+3.35, +3.499, +0.158,+0.960
1577748300,+3.35, +3.468, +0.158,+0.959
1577748360,+3.35, +3.489, +0.160,+0.959
1577748420,+3.35, +3.489, +0.158,+0.959
1577748480,+3.35, +3.447, +0.159,+0.959
1577748540,+3.35, +3.499, +0.159,+0.959
1577748600,+3.35, +3.510, +0.160,+0.960
1577748660,+3.35, +3.520, +0.158,+0.959
1577748720,+3.35, +3.489, +0.160,+0.959
1577748780,+3.35, +3.468, +0.161,+0.960
1577748840,+3.35, +3.499, +0.160,+0.960
1577748900,+3.35, +3.499, +0.159,+0.959
1577748960,+3.35, +3.499, +0.159,+0.959
1577749020,+3.35, +3.457, +0.160,+0.959
1577749080,+3.35, +3.499, +0.159,+0.960
1577749140,+3.35, +3.457, +0.160,+0.960
1577749200,+3.35, +3.489, +0.159,+0.960
1577749260,+3.35, +3.499, +0.161,+0.960
1577749320,+3.35, +3.457, +0.160,+0.960
1577749380,+3.35, +3.499, +0.157,+0.959
1577749440,+3.35, +3.510, +0.158,+0.959
1577749500,+3.35, +3.499, +0.159,+0.960
1577749560,+3.35, +3.489, +0.158,+0.959
1577749620,+3.35, +3.489, +0.161,+0.960
1577749680,+3.35, +3.510, +0.157,+0.960
1577749740,+3.35, +3.489, +0.160,+0.960
1577749800,+3.35, +3.499, +0.161,+0.960
1577749860,+3.35, +3.510, +0.160,+0.960
1577749920,+3.35, +3.478, +0.160,+0.960
1577749980,+3.35, +3.489, +0.158,+0.959
1577750040,+3.35, +3.478, +0.161,+0.960
1577750100,+3.35, +3.499, +0.160,+0.960
1577750160,+3.35, +3.510, +0.160,+0.960
1577750220,+3.35, +3.468, +0.160,+0.960
1577750280,+3.35, +3.499, +0.160,+0.960
1577750340,+3.36, +3.478, +0.159,+0.959
1577750400,+3.35, +3.489, +0.160,+0.960
1577750460,+3.35, +3.468, +0.159,+0.960
1577750520,+3.35, +3.531, +0.161,+0.960
1577750580,+3.35, +3.489, +0.160,+0.960
1577750640,+3.35, +3.499, +0.159,+0.960
1577750700,+3.35, +3.499, +0.159,+0.959
1577750760,+3.35, +3.499, +0.159,+0.960
1577750820,+3.35, +3.478, +0.160,+0.960
1577750880,+3.35, +3.499, +0.158,+0.959
1577750940,+3.35, +3.499, +0.158,+0.960
1577751000,+3.35, +3.489, +0.160,+0.960
1577751060,+3.35, +3.468, +0.159,+0.959
1577751120,+3.35, +3.478, +0.157,+0.959
1577751180,+3.35, +3.478, +0.159,+0.959
1577751240,+3.35, +3.468, +0.159,+0.959
1577751300,+3.35, +3.478, +0.161,+0.960
1577751360,+3.35, +3.468, +0.158,+0.959
1577751420,+3.35, +3.468, +0.159,+0.960
1577751480,+3.35, +3.510, +0.158,+0.960
1577751540,+3.35, +3.489, +0.158,+0.960
1577751600,+3.35, +3.489, +0.158,+0.959
1577751660,+3.35, +3.489, +0.157,+0.960
1577751720,+3.35, +3.489, +0.159,+0.960
1577751780,+3.35, +3.489, +0.160,+0.960
1577751840,+3.35, +3.468, +0.159,+0.959
1577751900,+3.35, +3.468, +0.158,+0.960
1577751960,+3.35, +3.468, +0.159,+0.959
1577752020,+3.35, +3.468, +0.158,+0.959
1577752080,+3.35, +3.489, +0.161,+0.959
1577752140,+3.35, +3.457, +0.159,+0.959
1577752200,+3.35, +3.447, +0.159,+0.959
1577752260,+3.35, +3.489, +0.159,+0.959
1577752320,+3.35, +3.457, +0.160,+0.960
1577752380,+3.35, +3.478, +0.160,+0.959
1577752440,+3.35, +3.478, +0.159,+0.960
1577752500,+3.35, +3.489, +0.157,+0.959
1577752560,+3.35, +3.489, +0.159,+0.959
1577752620,+3.35, +3.468, +0.160,+0.959
1577752680,+3.35, +3.478, +0.160,+0.960
1577752740,+3.36, +3.499, +0.159,+0.960
1577752800,+3.35, +3.520, +0.159,+0.960
1577752860,+3.35, +3.510, +0.158,+0.960
1577752920,+3.36, +3.468, +0.160,+0.960
1577752980,+3.35, +3.478, +0.158,+0.959
1577753040,+3.35, +3.489, +0.160,+0.960
1577753100,+3.35, +3.478, +0.159,+0.959
1577753160,+3.35, +3.489, +0.158,+0.960
1577753220,+3.35, +3.457, +0.159,+0.959
1577753280,+3.35, +3.468, +0.159,+0.959
1577753340,+3.35, +3.489, +0.158,+0.959
1577753400,+3.35, +3.478, +0.159,+0.959
1577753460,+3.35, +3.478, +0.160,+0.959
1577753520,+3.35, +3.489, +0.159,+0.960
1577753580,+3.35, +3.468, +0.159,+0.959
1577753640,+3.35, +3.499, +0.159,+0.960
1577753700,+3.35, +3.499, +0.159,+0.960
1577753760,+3.35, +3.468, +0.159,+0.960
1577753820,+3.35, +3.489, +0.160,+0.960
1577753880,+3.35, +3.478, +0.159,+0.960
1577753940,+3.35, +3.478, +0.159,+0.959
1577754000,+3.35, +3.489, +0.159,+0.959
1577754060,+3.35, +3.436, +0.160,+0.959
1577754120,+3.35, +3.499, +0.159,+0.959
1577754180,+3.35, +3.468, +0.160,+0.959
1577754240,+3.35, +3.489, +0.159,+0.960
1577754300,+3.35, +3.489, +0.159,+0.960
1577754360,+3.35, +3.468, +0.158,+0.959
1577754420,+3.35, +3.478, +0.159,+0.960
1577754480,+3.35, +3.478, +0.158,+0.960
1577754540,+3.35, +3.478, +0.159,+0.960
1577754600,+3.35, +3.478, +0.159,+0.960
1577754660,+3.35, +3.478, +0.157,+0.959
1577754720,+3.35, +3.499, +0.159,+0.959
1577754780,+3.35, +3.457, +0.160,+0.960
1577754840,+3.35, +3.468, +0.160,+0.959
1577754900,+3.35, +3.489, +0.158,+0.959
1577754960,+3.35, +3.499, +0.159,+0.960
1577755020,+3.35, +3.489, +0.159,+0.959
1577755080,+3.35, +3.478, +0.159,+0.960
1577755140,+3.35, +3.520, +0.158,+0.959
1577755200,+3.35, +3.478, +0.159,+0.959
1577755260,+3.35, +3.520, +0.158,+0.960
1577755320,+3.35, +3.499, +0.158,+0.960
1577755380,+3.35, +3.489, +0.158,+0.959
1577755440,+3.35, +3.489, +0.160,+0.960
1577755500,+3.35, +3.478, +0.159,+0.960
1577755560,+3.35, +3.468, +0.159,+0.959
1577755620,+3.35, +3.478, +0.160,+0.960
1577755680,+3.35, +3.478, +0.159,+0.959
1577755740,+3.35, +3.499, +0.159,+0.960
1577755800,+3.35, +3.489, +0.158,+0.959
1577755860,+3.35, +3.489, +0.159,+0.959
1577755920,+3.36, +3.499, +0.158,+0.959
1577755980,+3.35, +3.468, +0.158,+0.959
1577756040,+3.35, +3.489, +0.159,+0.960
1577756100,+3.35, +3.499, +0.159,+0.960
1577756160,+3.35, +3.489, +0.160,+0.960
1577756220,+3.35, +3.489, +0.158,+0.959
1577756280,+3.35, +3.499, +0.160,+0.960
1577756340,+3.35, +3.468, +0.160,+0.960
1577756400,+3.35, +3.489, +0.158,+0.959
1577756460,+3.35, +3.478, +0.161,+0.960
1577756520,+3.35, +3.468, +0.161,+0.960
1577756580,+3.35, +3.468, +0.160,+0.959
1577756640,+3.35, +3.489, +0.159,+0.960
1577756700,+3.35, +3.478, +0.159,+0.960
1577756760,+3.35, +3.468, +0.160,+0.960
1577756820,+3.35, +3.499, +0.157,+0.960
1577756880,+3.35, +3.489, +0.158,+0.959
1577756940,+3.35, +3.499, +0.158,+0.959
1577757000,+3.35, +3.468, +0.161,+0.960
1577757060,+3.35, +3.489, +0.160,+0.960
1577757120,+3.35, +3.499, +0.159,+0.960
1577757180,+3.35, +3.478, +0.159,+0.959
1577757240,+3.35, +3.478, +0.160,+0.960
1577757300,+3.35, +3.468, +0.158,+0.959
1577757360,+3.35, +3.489, +0.159,+0.960
1577757420,+3.35, +3.489, +0.158,+0.959
1577757480,+3.35, +3.499, +0.159,+0.960
1577757540,+3.35, +3.499, +0.160,+0.960
1577757600,+3.35, +3.478, +0.159,+0.960
1577757660,+3.35, +3.489, +0.158,+0.959
1577757720,+3.35, +3.468, +0.158,+0.960
1577757780,+3.35, +3.489, +0.159,+0.960
1577757840,+3.35, +3.499, +0.158,+0.960
1577757900,+3.35, +3.468, +0.160,+0.960
1577757960,+3.35, +3.489, +0.158,+0.959
1577758020,+3.35, +3.499, +0.158,+0.959
1577758080,+3.35, +3.510, +0.160,+0.960
1577758140,+3.35, +3.541, +0.156,+0.960
1577758200,+3.35, +3.489, +0.158,+0.960
1577758260,+3.35, +3.489, +0.159,+0.960
1577758320,+3.35, +3.499, +0.157,+0.959
1577758380,+3.35, +3.468, +0.158,+0.959
1577758440,+3.35, +3.531, +0.159,+0.960
1577758500,+3.35, +3.478, +0.159,+0.959
1577758560,+3.35, +3.489, +0.158,+0.959
1577758620,+3.35, +3.520, +0.161,+0.960
1577758680,+3.35, +3.499, +0.159,+0.960
1577758740,+3.35, +3.478, +0.160,+0.960
1577758800,+3.35, +3.478, +0.158,+0.959
1577758860,+3.35, +3.499, +0.159,+0.960
1577758920,+3.35, +3.499, +0.161,+0.960
1577758980,+3.35, +3.510, +0.158,+0.959
1577759040,+3.35, +3.510, +0.159,+0.960
1577759100,+3.35, +3.478, +0.159,+0.960
1577759160,+3.35, +3.489, +0.158,+0.960
1577759220,+3.35, +3.478, +0.159,+0.959
1577759280,+3.35, +3.478, +0.161,+0.960
1577759340,+3.35, +3.447, +0.159,+0.959
1577759400,+3.35, +3.478, +0.160,+0.959
1577759460,+3.35, +3.489, +0.158,+0.960
1577759520,+3.35, +3.499, +0.159,+0.960
1577759580,+3.35, +3.489, +0.158,+0.960
1577759640,+3.35, +3.478, +0.159,+0.960
1577759700,+3.35, +3.531, +0.158,+0.960
1577759760,+3.35, +3.478, +0.158,+0.960
1577759820,+3.35, +3.468, +0.160,+0.960
1577759880,+3.35, +3.478, +0.159,+0.960
1577759940,+3.35, +3.478, +0.159,+0.960
1577760000,+3.35, +3.478, +0.159,+0.959
1577760060,+3.35, +3.489, +0.160,+0.960
1577760120,+3.35, +3.489, +0.159,+0.960
1577760180,+3.35, +3.489, +0.161,+0.960
1577760240,+3.35, +3.457, +0.161,+0.960
1577760300,+3.35, +3.478, +0.159,+0.959
1577760360,+3.35, +3.478, +0.159,+0.960
1577760420,+3.35, +3.510, +0.158,+0.960
1577760480,+3.35, +3.520, +0.158,+0.960
1577760540,+3.35, +3.457, +0.161,+0.959
1577760600,+3.35, +3.468, +0.160,+0.960
1577760660,+3.35, +3.499, +0.158,+0.959
1577760720,+3.35, +3.457, +0.159,+0.959
1577760780,+3.35, +3.478, +0.159,+0.960
1577760840,+3.35, +3.499, +0.159,+0.960
1577760900,+3.35, +3.489, +0.160,+0.960
1577760960,+3.35, +3.468, +0.161,+0.960
1577761020,+3.35, +3.489, +0.157,+0.959
1577761080,+3.35, +3.489, +0.159,+0.960
1577761140,+3.36, +3.478, +0.159,+0.959
1577761200,+3.35, +3.489, +0.158,+0.959
1577761260,+3.35, +3.478, +0.158,+0.959
1577761320,+3.35, +3.520, +0.159,+0.960
1577761380,+3.35, +3.499, +0.160,+0.960
1577761440,+3.35, +3.478, +0.159,+0.959
1577761500,+3.35, +3.478, +0.157,+0.959
1577761560,+3.35, +3.489, +0.160,+0.960
1577761620,+3.35, +3.489, +0.158,+0.959
1577761680,+3.35, +3.478, +0.160,+0.960
1577761740,+3.35, +3.468, +0.159,+0.959
1577761800,+3.35, +3.489, +0.161,+0.960
1577761860,+3.35, +3.510, +0.158,+0.960
1577761920,+3.35, +3.478, +0.160,+0.960
1577761980,+3.35, +3.499, +0.159,+0.960
1577762040,+3.35, +3.499, +0.159,+0.960
1577762100,+3.35, +3.457, +0.158,+0.959
1577762160,+3.35, +3.499, +0.159,+0.960
1577762220,+3.35, +3.468, +0.159,+0.960
1577762280,+3.35, +3.468, +0.158,+0.959
1577762340,+3.35, +3.468, +0.161,+0.960
1577762400,+3.35, +3.468, +0.157,+0.959
1577762460,+3.35, +3.499, +0.159,+0.960
1577762520,+3.35, +3.457, +0.159,+0.959
1577762580,+3.35, +3.478, +0.161,+0.960
1577762640,+3.35, +3.489, +0.159,+0.959
1577762700,+3.35, +3.489, +0.158,+0.960
1577762760,+3.35, +3.499, +0.158,+0.959
1577762820,+3.35, +3.489, +0.160,+0.960
1577762880,+3.35, +3.489, +0.159,+0.960
1577762940,+3.35, +3.499, +0.158,+0.960
1577763000,+3.35, +3.478, +0.159,+0.959
1577763060,+3.35, +3.499, +0.158,+0.960
1577763120,+3.35, +3.510, +0.159,+0.960
1577763180,+3.36, +3.478, +0.159,+0.960
1577763240,+3.35, +3.478, +0.159,+0.960
1577763300,+3.35, +3.478, +0.159,+0.960
1577763360,+3.35, +3.489, +0.159,+0.960
1577763420,+3.35, +3.499, +0.159,+0.960
1577763480,+3.35, +3.468, +0.159,+0.959
1577763540,+3.35, +3.499, +0.159,+0.960
1577763600,+3.35, +3.499, +0.160,+0.960
1577763660,+3.35, +3.499, +0.157,+0.959
1577763720,+3.35, +3.489, +0.160,+0.960
1577763780,+3.35, +3.499, +0.159,+0.960
1577763840,+3.35, +3.489, +0.160,+0.960
1577763900,+3.35, +3.499, +0.159,+0.959
1577763960,+3.35, +3.499, +0.159,+0.960
1577764020,+3.35, +3.489, +0.159,+0.960
1577764080,+3.35, +3.489, +0.159,+0.960
1577764140,+3.35, +3.457, +0.158,+0.959
1577764200,+3.35, +3.468, +0.161,+0.959
1577764260,+3.35, +3.510, +0.158,+0.959
1577764320,+3.35, +3.468, +0.160,+0.960
1577764380,+3.35, +3.489, +0.158,+0.959
1577764440,+3.35, +3.489, +0.159,+0.959
1577764500,+3.35, +3.489, +0.158,+0.959
1577764560,+3.35, +3.478, +0.158,+0.959
1577764620,+3.35, +3.478, +0.159,+0.960
1577764680,+3.35, +3.457, +0.159,+0.959
1577764740,+3.35, +3.499, +0.160,+0.960
1577764800,+3.35, +3.531, +0.157,+0.959
1577764860,+3.35, +3.510, +0.160,+0.960
1577764920,+3.35, +3.447, +0.160,+0.959
1577764980,+3.35, +3.489, +0.157,+0.959
1577765040,+3.35, +3.478, +0.160,+0.959
1577765100,+3.35, +3.468, +0.159,+0.960
1577765160,+3.35, +3.468, +0.160,+0.960
1577765220,+3.35, +3.478, +0.159,+0.960
1577765280,+3.35, +3.468, +0.159,+0.959
1577765340,+3.35, +3.447, +0.159,+0.959
1577765400,+3.35, +3.457, +0.158,+0.959
1577765460,+3.35, +3.489, +0.159,+0.960
1577765520,+3.35, +3.468, +0.159,+0.959
1577765580,+3.35, +3.468, +0.161,+0.960
1577765640,+3.35, +3.489, +0.158,+0.960
1577765700,+3.35, +3.478, +0.160,+0.960
1577765760,+3.35, +3.499, +0.159,+0.960
1577765820,+3.35, +3.499, +0.160,+0.960
1577765880,+3.35, +3.468, +0.161,+0.960
1577765940,+3.36, +3.457, +0.159,+0.959
1577766000,+3.35, +3.478, +0.159,+0.959
1577766060,+3.35, +3.478, +0.159,+0.959
1577766120,+3.35, +3.468, +0.160,+0.959
1577766180,+3.35, +3.478, +0.159,+0.960
1577766240,+3.35, +3.489, +0.158,+0.959
1577766300,+3.35, +3.478, +0.160,+0.959
1577766360,+3.35, +3.489, +0.159,+0.960
1577766420,+3.35, +3.510, +0.159,+0.959
1577766480,+3.35, +3.499, +0.158,+0.960
1577766540,+3.36, +3.457, +0.160,+0.960
1577766600,+3.35, +3.489, +0.161,+0.960
1577766660,+3.35, +3.478, +0.158,+0.960
1577766720,+3.35, +3.478, +0.158,+0.960
1577766780,+3.35, +3.468, +0.159,+0.959
1577766840,+3.35, +3.468, +0.158,+0.959
1577766900,+3.35, +3.468, +0.159,+0.959
1577766960,+3.35, +3.499, +0.159,+0.960
1577767020,+3.35, +3.510, +0.159,+0.960
1577767080,+3.35, +3.499, +0.158,+0.960
1577767140,+3.35, +3.457, +0.161,+0.960
1577767200,+3.35, +3.468, +0.159,+0.959
1577767260,+3.35, +3.468, +0.158,+0.959
1577767320,+3.35, +3.468, +0.158,+0.959
1577767380,+3.35, +3.489, +0.159,+0.960
1577767440,+3.35, +3.468, +0.156,+0.959
1577767500,+3.35, +3.510, +0.161,+0.960
1577767560,+3.35, +3.489, +0.159,+0.959
1577767620,+3.35, +3.478, +0.159,+0.959
1577767680,+3.35, +3.478, +0.159,+0.959
1577767740,+3.35, +3.489, +0.159,+0.960
1577767800,+3.35, +3.457, +0.160,+0.960
1577767860,+3.35, +3.489, +0.160,+0.960
1577767920,+3.35, +3.468, +0.160,+0.960
1577767980,+3.35, +3.510, +0.159,+0.959
1577768040,+3.35, +3.447, +0.161,+0.959
1577768100,+3.35, +3.478, +0.159,+0.960
1577768160,+3.35, +3.468, +0.159,+0.960
1577768220,+3.35, +3.489, +0.159,+0.960
1577768280,+3.35, +3.478, +0.159,+0.960
1577768340,+3.35, +3.468, +0.159,+0.959
1577768400,+3.35, +3.468, +0.160,+0.959
1577768460,+3.35, +3.468, +0.159,+0.960
1577768520,+3.35, +3.478, +0.159,+0.960
1577768580,+3.35, +3.478, +0.159,+0.960
1577768640,+3.35, +3.468, +0.159,+0.959
1577768700,+3.35, +3.499, +0.159,+0.960
1577768760,+3.35, +3.489, +0.160,+0.960
1577768820,+3.35, +3.468, +0.159,+0.959
1577768880,+3.35, +3.489, +0.159,+0.960
1577768940,+3.35, +3.489, +0.161,+0.960
1577769000,+3.35, +3.489, +0.159,+0.960
1577769060,+3.35, +3.478, +0.158,+0.960
1577769120,+3.35, +3.478, +0.160,+0.959
1577769180,+3.36, +3.478, +0.160,+0.960
1577769240,+3.35, +3.499, +0.159,+0.960
1577769300,+3.35, +3.478, +0.160,+0.960
1577769360,+3.35, +3.478, +0.160,+0.960
1577769420,+3.35, +3.489, +0.159,+0.959
1577769480,+3.35, +3.426, +0.158,+0.959
1577769540,+3.35, +3.478, +0.159,+0.960
1577769600,+3.35, +3.447, +0.159,+0.959
1577769660,+3.35, +3.478, +0.159,+0.960
1577769720,+3.35, +3.489, +0.159,+0.960
1577769780,+3.35, +3.478, +0.159,+0.960
1577769840,+3.35, +3.478, +0.160,+0.960
1577769900,+3.35, +3.489, +0.157,+0.960
1577769960,+3.35, +3.489, +0.160,+0.960
1577770020,+3.35, +3.478, +0.159,+0.960
1577770080,+3.35, +3.478, +0.160,+0.959
1577770140,+3.35, +3.489, +0.160,+0.960
1577770200,+3.35, +3.520, +0.160,+0.960
1577770260,+3.35, +3.457, +0.160,+0.960
1577770320,+3.35, +3.510, +0.160,+0.960
1577770380,+3.35, +3.436, +0.159,+0.959
1577770440,+3.35, +3.447, +0.159,+0.959
1577770500,+3.35, +3.468, +0.159,+0.959
1577770560,+3.35, +3.468, +0.159,+0.959
1577770620,+3.35, +3.436, +0.160,+0.959
1577770680,+3.35, +3.499, +0.159,+0.960
1577770740,+3.35, +3.478, +0.159,+0.960
1577770800,+3.35, +3.478, +0.158,+0.959
1577770860,+3.35, +3.468, +0.159,+0.959
1577770920,+3.35, +3.489, +0.157,+0.959
1577770980,+3.35, +3.468, +0.157,+0.959
1577771040,+3.35, +3.468, +0.159,+0.959
1577771100,+3.35, +3.489, +0.160,+0.960
1577771160,+3.35, +3.489, +0.159,+0.959
1577771220,+3.35, +3.489, +0.159,+0.959
1577771280,+3.35, +3.499, +0.159,+0.960
1577771340,+3.35, +3.499, +0.159,+0.960
1577771400,+3.35, +3.478, +0.158,+0.959
1577771460,+3.35, +3.478, +0.161,+0.960
1577771520,+3.35, +3.468, +0.159,+0.960
1577771580,+3.35, +3.499, +0.158,+0.959
1577771640,+3.35, +3.478, +0.160,+0.960
1577771700,+3.35, +3.499, +0.159,+0.960
1577771760,+3.35, +3.468, +0.160,+0.960
1577771820,+3.35, +3.478, +0.160,+0.960
1577771880,+3.35, +3.468, +0.159,+0.960
1577771940,+3.35, +3.489, +0.160,+0.959
1577772000,+3.35, +3.478, +0.160,+0.960
1577772060,+3.35, +3.499, +0.158,+0.960
1577772120,+3.35, +3.457, +0.159,+0.959
1577772180,+3.35, +3.489, +0.160,+0.959
1577772240,+3.35, +3.468, +0.158,+0.959
1577772300,+3.35, +3.457, +0.159,+0.960
1577772360,+3.35, +3.489, +0.158,+0.959
1577772420,+3.35, +3.489, +0.158,+0.959
1577772480,+3.35, +3.478, +0.160,+0.960
1577772540,+3.35, +3.468, +0.159,+0.960
1577772600,+3.35, +3.489, +0.159,+0.960
1577772660,+3.35, +3.468, +0.159,+0.959
1577772720,+3.35, +3.478, +0.160,+0.960
1577772780,+3.35, +3.510, +0.158,+0.959
1577772840,+3.35, +3.468, +0.159,+0.959
1577772900,+3.35, +3.489, +0.160,+0.959
1577772960,+3.35, +3.489, +0.158,+0.959
1577773020,+3.35, +3.478, +0.160,+0.960
1577773080,+3.35, +3.478, +0.158,+0.959
1577773140,+3.35, +3.478, +0.158,+0.959
1577773200,+3.35, +3.457, +0.161,+0.960
1577773260,+3.35, +3.499, +0.159,+0.960
1577773320,+3.35, +3.468, +0.158,+0.960
1577773380,+3.35, +3.489, +0.159,+0.960
1577773440,+3.35, +3.478, +0.160,+0.959
1577773500,+3.35, +3.468, +0.161,+0.960
1577773560,+3.36, +3.489, +0.160,+0.960
1577773620,+3.35, +3.468, +0.160,+0.960
1577773680,+3.35, +3.520, +0.158,+0.960
1577773740,+3.35, +3.489, +0.160,+0.959
1577773800,+3.35, +3.478, +0.158,+0.959
1577773860,+3.35, +3.478, +0.158,+0.959
1577773920,+3.35, +3.478, +0.159,+0.960
1577773980,+3.35, +3.457, +0.159,+0.960
1577774040,+3.35, +3.510, +0.159,+0.959
1577774100,+3.35, +3.478, +0.159,+0.960
1577774160,+3.35, +3.489, +0.158,+0.959
1577774220,+3.35, +3.499, +0.158,+0.960
1577774280,+3.35, +3.478, +0.158,+0.960
1577774340,+3.35, +3.499, +0.160,+0.960
1577774400,+3.35, +3.489, +0.160,+0.960
1577774460,+3.35, +3.489, +0.159,+0.960
1577774520,+3.35, +3.510, +0.160,+0.960
1577774580,+3.35, +3.457, +0.159,+0.960
1577774640,+3.35, +3.489, +0.158,+0.959
1577774700,+3.35, +3.468, +0.158,+0.959
1577774760,+3.35, +3.457, +0.158,+0.959
1577774820,+3.35, +3.468, +0.159,+0.959
1577774880,+3.35, +3.478, +0.158,+0.960
1577774940,+3.35, +3.489, +0.159,+0.959
1577775000,+3.35, +3.478, +0.158,+0.959
1577775060,+3.35, +3.489, +0.159,+0.960
1577775120,+3.35, +3.478, +0.159,+0.959
1577775180,+3.35, +3.489, +0.158,+0.959
1577775240,+3.35, +3.478, +0.160,+0.960
1577775300,+3.35, +3.499, +0.158,+0.959
1577775360,+3.35, +3.489, +0.158,+0.959
1577775420,+3.35, +3.510, +0.159,+0.960
1577775480,+3.35, +3.478, +0.160,+0.959
1577775540,+3.35, +3.478, +0.159,+0.960
1577775600,+3.35, +3.489, +0.158,+0.960
1577775660,+3.35, +3.510, +0.159,+0.960
1577775720,+3.35, +3.436, +0.158,+0.959
1577775780,+3.35, +3.478, +0.160,+0.960
1577775840,+3.35, +3.489, +0.159,+0.960
1577775900,+3.35, +3.478, +0.160,+0.959
1577775960,+3.35, +3.489, +0.158,+0.959
1577776020,+3.35, +3.478, +0.158,+0.959
1577776080,+3.35, +3.468, +0.158,+0.959
1577776140,+3.35, +3.468, +0.160,+0.960
1577776200,+3.35, +3.457, +0.159,+0.959
1577776260,+3.35, +3.478, +0.159,+0.959
1577776320,+3.35, +3.457, +0.158,+0.959
1577776380,+3.35, +3.468, +0.158,+0.959
1577776440,+3.35, +3.478, +0.159,+0.960
1577776500,+3.35, +3.510, +0.158,+0.960
1577776560,+3.35, +3.510, +0.159,+0.960
1577776620,+3.35, +3.499, +0.159,+0.959
1577776680,+3.35, +3.478, +0.159,+0.960
1577776740,+3.35, +3.489, +0.159,+0.959
1577776800,+3.35, +3.468, +0.159,+0.959
1577776860,+3.35, +3.478, +0.160,+0.960
1577776920,+3.35, +3.468, +0.159,+0.960
1577776980,+3.35, +3.499, +0.158,+0.959
1577777040,+3.35, +3.478, +0.160,+0.960
1577777100,+3.35, +3.478, +0.160,+0.960
1577777160,+3.35, +3.468, +0.158,+0.959
1577777220,+3.35, +3.436, +0.158,+0.959
1577777280,+3.35, +3.468, +0.159,+0.959
1577777340,+3.35, +3.468, +0.159,+0.960
1577777400,+3.35, +3.478, +0.159,+0.959
1577777460,+3.35, +3.478, +0.159,+0.959
1577777520,+3.35, +3.489, +0.159,+0.960
1577777580,+3.35, +3.510, +0.159,+0.960
1577777640,+3.35, +3.468, +0.159,+0.959
1577777700,+3.35, +3.468, +0.159,+0.960
1577777760,+3.35, +3.478, +0.159,+0.959
1577777820,+3.35, +3.478, +0.159,+0.959
1577777880,+3.35, +3.510, +0.159,+0.960
1577777940,+3.35, +3.489, +0.161,+0.960
1577778000,+3.35, +3.478, +0.159,+0.959
1577778060,+3.35, +3.447, +0.162,+0.960
1577778120,+3.35, +3.499, +0.157,+0.960
1577778180,+3.35, +3.489, +0.158,+0.960
1577778240,+3.35, +3.468, +0.161,+0.960
1577778300,+3.35, +3.520, +0.159,+0.960
1577778360,+3.35, +3.489, +0.160,+0.959
1577778420,+3.35, +3.478, +0.158,+0.960
1577778480,+3.35, +3.489, +0.159,+0.959
1577778540,+3.35, +3.478, +0.160,+0.959
1577778600,+3.35, +3.478, +0.161,+0.960
1577778660,+3.35, +3.457, +0.160,+0.959
1577778720,+3.35, +3.457, +0.158,+0.959
1577778780,+3.35, +3.489, +0.159,+0.960
1577778840,+3.35, +3.478, +0.159,+0.959
1577778900,+3.35, +3.489, +0.158,+0.959
1577778960,+3.35, +3.478, +0.159,+0.959
1577779020,+3.35, +3.510, +0.158,+0.960
1577779080,+3.35, +3.489, +0.159,+0.959
1577779140,+3.35, +3.457, +0.160,+0.960
1577779200,+3.35, +3.478, +0.160,+0.960
1577779260,+3.35, +3.499, +0.159,+0.960
1577779320,+3.35, +3.478, +0.160,+0.959
1577779380,+3.35, +3.489, +0.161,+0.960
1577779440,+3.35, +3.478, +0.159,+0.960
1577779500,+3.35, +3.478, +0.159,+0.959
1577779560,+3.35, +3.468, +0.157,+0.959
1577779620,+3.35, +3.478, +0.159,+0.960
1577779680,+3.35, +3.489, +0.158,+0.960
1577779740,+3.35, +3.468, +0.158,+0.959
1577779800,+3.35, +3.489, +0.158,+0.959
1577779860,+3.35, +3.510, +0.159,+0.959
1577779920,+3.35, +3.489, +0.159,+0.959
1577779980,+3.35, +3.520, +0.158,+0.959
1577780040,+3.35, +3.510, +0.157,+0.959
1577780100,+3.35, +3.541, +0.158,+0.960
1577780160,+3.35, +3.510, +0.158,+0.959
1577780220,+3.35, +3.489, +0.158,+0.959
1577780280,+3.35, +3.499, +0.159,+0.959
1577780340,+3.35, +3.489, +0.161,+0.959
1577780400,+3.35, +3.489, +0.159,+0.960
1577780460,+3.35, +3.489, +0.160,+0.960
1577780520,+3.35, +3.457, +0.159,+0.959
1577780580,+3.35, +3.478, +0.160,+0.960
1577780640,+3.35, +3.457, +0.160,+0.959
1577780700,+3.35, +3.457, +0.159,+0.959
1577780760,+3.35, +3.489, +0.160,+0.960
1577780820,+3.35, +3.468, +0.159,+0.959
1577780880,+3.35, +3.478, +0.158,+0.959
1577780940,+3.35, +3.478, +0.160,+0.960
1577781000,+3.35, +3.499, +0.159,+0.960
1577781060,+3.35, +3.447, +0.158,+0.960
1577781120,+3.35, +3.489, +0.157,+0.959
1577781180,+3.35, +3.478, +0.160,+0.960
1577781240,+3.35, +3.478, +0.159,+0.960
1577781300,+3.35, +3.531, +0.159,+0.960
1577781360,+3.35, +3.478, +0.160,+0.959
1577781420,+3.35, +3.531, +0.158,+0.960
1577781480,+3.35, +3.457, +0.160,+0.960
1577781540,+3.35, +3.457, +0.160,+0.959
1577781600,+3.35, +3.489, +0.159,+0.960
1577781660,+3.35, +3.468, +0.160,+0.959
1577781720,+3.35, +3.457, +0.160,+0.959
1577781780,+3.35, +3.489, +0.160,+0.960
1577781840,+3.35, +3.489, +0.159,+0.960
1577781900,+3.35, +3.489, +0.159,+0.960
1577781960,+3.35, +3.499, +0.159,+0.960
1577782020,+3.35, +3.478, +0.159,+0.959
1577782080,+3.35, +3.489, +0.159,+0.960
1577782140,+3.35, +3.489, +0.161,+0.960
1577782200,+3.35, +3.489, +0.161,+0.960
1577782260,+3.35, +3.489, +0.159,+0.960
1577782320,+3.35, +3.489, +0.157,+0.959
1577782380,+3.35, +3.489, +0.159,+0.959
1577782440,+3.35, +3.489, +0.160,+0.959
1577782500,+3.35, +3.489, +0.159,+0.960
1577782560,+3.35, +3.489, +0.158,+0.959
1577782620,+3.35, +3.478, +0.159,+0.959
1577782680,+3.35, +3.489, +0.157,+0.960
1577782740,+3.35, +3.478, +0.158,+0.960
1577782800,+3.35, +3.510, +0.159,+0.960
1577782860,+3.35, +3.499, +0.158,+0.960
1577782920,+3.35, +3.468, +0.160,+0.960
1577782980,+3.35, +3.520, +0.159,+0.960
1577783040,+3.35, +3.489, +0.158,+0.959
1577783100,+3.35, +3.489, +0.158,+0.960
1577783160,+3.35, +3.499, +0.159,+0.959
1577783220,+3.35, +3.510, +0.159,+0.960
1577783280,+3.35, +3.478, +0.160,+0.960
1577783340,+3.35, +3.489, +0.160,+0.960
1577783400,+3.35, +3.499, +0.159,+0.960
1577783460,+3.35, +3.478, +0.159,+0.960
1577783520,+3.35, +3.499, +0.158,+0.960
1577783580,+3.35, +3.478, +0.159,+0.959
1577783640,+3.35, +3.499, +0.158,+0.959
1577783700,+3.35, +3.489, +0.159,+0.959
1577783760,+3.35, +3.499, +0.158,+0.960
1577783820,+3.35, +3.478, +0.160,+0.960
1577783880,+3.35, +3.499, +0.158,+0.960
1577783940,+3.35, +3.531, +0.158,+0.960
1577784000,+3.35, +3.468, +0.159,+0.960
1577784060,+3.35, +3.489, +0.159,+0.960
1577784120,+3.35, +3.478, +0.159,+0.960
1577784180,+3.35, +3.489, +0.159,+0.960
1577784240,+3.35, +3.489, +0.157,+0.959
1577784300,+3.35, +3.478, +0.158,+0.959
1577784360,+3.35, +3.499, +0.158,+0.959
1577784420,+3.35, +3.468, +0.159,+0.959
1577784480,+3.35, +3.457, +0.160,+0.960
1577784540,+3.35, +3.478, +0.159,+0.959
1577784600,+3.35, +3.489, +0.159,+0.959
1577784660,+3.35, +3.457, +0.160,+0.960
1577784720,+3.35, +3.489, +0.160,+0.960
1577784780,+3.35, +3.499, +0.158,+0.960
1577784840,+3.35, +3.489, +0.158,+0.960
1577784900,+3.35, +3.478, +0.160,+0.960
1577784960,+3.35, +3.499, +0.160,+0.960
1577785020,+3.35, +3.478, +0.158,+0.959
1577785080,+3.35, +3.468, +0.160,+0.960
1577785140,+3.35, +3.478, +0.159,+0.960
1577785200,+3.35, +3.478, +0.158,+0.960
1577785260,+3.35, +3.457, +0.160,+0.959
1577785320,+3.35, +3.478, +0.159,+0.959
1577785380,+3.35, +3.499, +0.159,+0.960
1577785440,+3.35, +3.499, +0.160,+0.960
1577785500,+3.35, +3.478, +0.159,+0.959
1577785560,+3.35, +3.468, +0.159,+0.959
1577785620,+3.35, +3.499, +0.158,+0.959
1577785680,+3.35, +3.457, +0.161,+0.959
1577785740,+3.35, +3.489, +0.161,+0.960
1577785800,+3.35, +3.478, +0.159,+0.959
1577785860,+3.35, +3.436, +0.160,+0.960
1577785920,+3.35, +3.489, +0.159,+0.960
1577785980,+3.35, +3.489, +0.159,+0.959
1577786040,+3.35, +3.489, +0.158,+0.960
1577786100,+3.35, +3.447, +0.160,+0.959
1577786160,+3.35, +3.489, +0.160,+0.960
1577786220,+3.35, +3.489, +0.160,+0.960
1577786280,+3.35, +3.436, +0.161,+0.959
1577786340,+3.35, +3.447, +0.160,+0.959
1577786400,+3.35, +3.489, +0.158,+0.960
1577786460,+3.35, +3.478, +0.160,+0.960
1577786520,+3.35, +3.489, +0.157,+0.959
1577786580,+3.35, +3.468, +0.158,+0.959
1577786640,+3.36, +3.478, +0.160,+0.960
1577786700,+3.35, +3.478, +0.159,+0.959
1577786760,+3.35, +3.468, +0.160,+0.960
1577786820,+3.35, +3.457, +0.160,+0.960
1577786880,+3.35, +3.478, +0.157,+0.959
1577786940,+3.35, +3.478, +0.159,+0.960
1577787000,+3.35, +3.489, +0.158,+0.959
1577787060,+3.35, +3.489, +0.159,+0.960
1577787120,+3.35, +3.478, +0.159,+0.960
1577787180,+3.36, +3.510, +0.158,+0.960
1577787240,+3.35, +3.468, +0.160,+0.960
1577787300,+3.35, +3.478, +0.159,+0.959
1577787360,+3.35, +3.489, +0.159,+0.960
1577787420,+3.35, +3.531, +0.158,+0.960
1577787480,+3.35, +3.468, +0.160,+0.960
1577787540,+3.35, +3.510, +0.158,+0.960
1577787600,+3.35, +3.468, +0.160,+0.959
1577787660,+3.35, +3.478, +0.160,+0.959
1577787720,+3.35, +3.489, +0.159,+0.959
1577787780,+3.35, +3.468, +0.159,+0.959
1577787840,+3.35, +3.468, +0.160,+0.960
1577787900,+3.35, +3.468, +0.160,+0.960
1577787960,+3.35, +3.457, +0.158,+0.959
1577788020,+3.35, +3.457, +0.161,+0.960
1577788080,+3.35, +3.468, +0.160,+0.959
1577788140,+3.35, +3.478, +0.158,+0.959
1577788200,+3.35, +3.478, +0.161,+0.960
1577788260,+3.35, +3.499, +0.159,+0.960
1577788320,+3.35, +3.478, +0.161,+0.960
1577788380,+3.35, +3.499, +0.159,+0.960
1577788440,+3.35, +3.478, +0.160,+0.960
1577788500,+3.35, +3.468, +0.162,+0.960
1577788560,+3.35, +3.457, +0.159,+0.959
1577788620,+3.35, +3.468, +0.159,+0.960
1577788680,+3.35, +3.457, +0.159,+0.959
1577788740,+3.35, +3.499, +0.159,+0.960
1577788800,+3.35, +3.478, +0.160,+0.960
1577788860,+3.35, +3.499, +0.158,+0.959
1577788920,+3.35, +3.457, +0.160,+0.959
1577788980,+3.35, +3.478, +0.161,+0.960
1577789040,+3.35, +3.510, +0.158,+0.959
1577789100,+3.35, +3.468, +0.159,+0.959
1577789160,+3.35, +3.489, +0.159,+0.960
1577789220,+3.35, +3.468, +0.159,+0.959
1577789280,+3.35, +3.468, +0.158,+0.959
1577789340,+3.35, +3.468, +0.158,+0.959
1577789400,+3.35, +3.468, +0.159,+0.960
1577789460,+3.35, +3.478, +0.159,+0.960
1577789520,+3.35, +3.489, +0.159,+0.960
1577789580,+3.35, +3.499, +0.159,+0.959
1577789640,+3.35, +3.468, +0.158,+0.959
1577789700,+3.35, +3.489, +0.158,+0.959
1577789760,+3.35, +3.478, +0.159,+0.960
1577789820,+3.35, +3.489, +0.159,+0.960
1577789880,+3.35, +3.478, +0.159,+0.959
1577789940,+3.36, +3.489, +0.159,+0.960
1577790000,+3.35, +3.489, +0.159,+0.960
1577790060,+3.35, +3.489, +0.159,+0.960
1577790120,+3.35, +3.510, +0.158,+0.960
1577790180,+3.35, +3.468, +0.160,+0.959
1577790240,+3.35, +3.478, +0.158,+0.959
1577790300,+3.35, +3.478, +0.159,+0.959
1577790360,+3.36, +3.468, +0.160,+0.960
1577790420,+3.35, +3.478, +0.159,+0.959
1577790480,+3.35, +3.489, +0.158,+0.959
1577790540,+3.35, +3.468, +0.159,+0.960
1577790600,+3.35, +3.489, +0.159,+0.959
1577790660,+3.35, +3.478, +0.159,+0.959
1577790720,+3.35, +3.489, +0.160,+0.959
1577790780,+3.35, +3.478, +0.159,+0.959
1577790840,+3.35, +3.489, +0.158,+0.959
1577790900,+3.35, +3.457, +0.160,+0.959
1577790960,+3.35, +3.468, +0.159,+0.959
1577791020,+3.35, +3.468, +0.161,+0.960
1577791080,+3.35, +3.489, +0.159,+0.959
1577791140,+3.35, +3.478, +0.159,+0.959
1577791200,+3.35, +3.447, +0.159,+0.959
1577791260,+3.35, +3.447, +0.161,+0.960
1577791320,+3.35, +3.478, +0.159,+0.960
1577791380,+3.35, +3.468, +0.158,+0.959
1577791440,+3.35, +3.468, +0.158,+0.959
1577791500,+3.35, +3.468, +0.157,+0.959
1577791560,+3.35, +3.468, +0.159,+0.960
1577791620,+3.35, +3.468, +0.158,+0.959
1577791680,+3.35, +3.447, +0.156,+0.959
1577791740,+3.35, +3.478, +0.159,+0.959
1577791800,+3.35, +3.489, +0.159,+0.959
1577791860,+3.35, +3.489, +0.160,+0.960
1577791920,+3.35, +3.457, +0.160,+0.960
1577791980,+3.35, +3.478, +0.159,+0.959
1577792040,+3.35, +3.468, +0.158,+0.959
1577792100,+3.35, +3.468, +0.160,+0.960
1577792160,+3.35, +3.489, +0.159,+0.960
1577792220,+3.35, +3.489, +0.156,+0.959
1577792280,+3.35, +3.478, +0.160,+0.960
1577792340,+3.35, +3.478, +0.162,+0.960
1577792400,+3.35, +3.478, +0.158,+0.960
1577792460,+3.35, +3.499, +0.158,+0.959
1577792520,+3.35, +3.468, +0.159,+0.959
1577792580,+3.35, +3.478, +0.159,+0.959
1577792640,+3.35, +3.415, +0.159,+0.959
1577792700,+3.35, +3.457, +0.158,+0.959
1577792760,+3.35, +3.478, +0.159,+0.959
1577792820,+3.35, +3.499, +0.158,+0.960
1577792880,+3.35, +3.478, +0.159,+0.959
1577792940,+3.35, +3.478, +0.159,+0.960
1577793000,+3.35, +3.499, +0.158,+0.960
1577793060,+3.36, +3.457, +0.161,+0.960
1577793120,+3.35, +3.489, +0.158,+0.960
1577793180,+3.35, +3.457, +0.159,+0.959
1577793240,+3.35, +3.468, +0.159,+0.960
1577793300,+3.35, +3.489, +0.159,+0.960
1577793360,+3.35, +3.447, +0.159,+0.959
1577793420,+3.35, +3.468, +0.158,+0.959
1577793480,+3.35, +3.478, +0.159,+0.960
1577793540,+3.35, +3.468, +0.160,+0.960
1577793600,+3.35, +3.468, +0.158,+0.959
1577793660,+3.35, +3.457, +0.159,+0.960
1577793720,+3.35, +3.510, +0.158,+0.959
1577793780,+3.35, +3.478, +0.160,+0.960
1577793840,+3.35, +3.447, +0.159,+0.960
1577793900,+3.35, +3.457, +0.159,+0.959
1577793960,+3.35, +3.468, +0.158,+0.960
1577794020,+3.35, +3.468, +0.159,+0.959
1577794080,+3.35, +3.478, +0.159,+0.960
1577794140,+3.35, +3.489, +0.159,+0.960
1577794200,+3.35, +3.468, +0.159,+0.959
1577794260,+3.36, +3.457, +0.159,+0.959
1577794320,+3.35, +3.510, +0.157,+0.960
1577794380,+3.35, +3.457, +0.161,+0.960
1577794440,+3.35, +3.478, +0.159,+0.960
1577794500,+3.35, +3.478, +0.159,+0.960
1577794560,+3.35, +3.457, +0.159,+0.959
1577794620,+3.35, +3.489, +0.159,+0.960
1577794680,+3.35, +3.478, +0.156,+0.959
1577794740,+3.35, +3.478, +0.158,+0.959
1577794800,+3.35, +3.457, +0.160,+0.960
1577794860,+3.35, +3.489, +0.160,+0.960
1577794920,+3.35, +3.489, +0.158,+0.959
1577794980,+3.35, +3.426, +0.161,+0.960
1577795040,+3.35, +3.478, +0.160,+0.960
1577795100,+3.35, +3.468, +0.160,+0.960
1577795160,+3.35, +3.468, +0.159,+0.959
1577795220,+3.35, +3.489, +0.161,+0.960
1577795280,+3.35, +3.457, +0.160,+0.959
1577795340,+3.35, +3.468, +0.159,+0.959
1577795400,+3.35, +3.457, +0.159,+0.959
1577795460,+3.35, +3.468, +0.160,+0.960
1577795520,+3.35, +3.478, +0.159,+0.959
1577795580,+3.35, +3.478, +0.158,+0.960
1577795640,+3.35, +3.457, +0.159,+0.959
1577795700,+3.35, +3.499, +0.158,+0.959
1577795760,+3.35, +3.478, +0.160,+0.960
1577795820,+3.35, +3.478, +0.159,+0.959
1577795880,+3.35, +3.499, +0.159,+0.960
1577795940,+3.35, +3.489, +0.160,+0.960
1577796000,+3.35, +3.489, +0.160,+0.960
1577796060,+3.35, +3.468, +0.159,+0.959
1577796120,+3.35, +3.478, +0.157,+0.959
1577796180,+3.35, +3.478, +0.158,+0.960
1577796240,+3.35, +3.499, +0.158,+0.959
1577796300,+3.35, +3.468, +0.158,+0.959
1577796360,+3.35, +3.499, +0.160,+0.960
1577796420,+3.35, +3.489, +0.160,+0.960
1577796480,+3.35, +3.489, +0.160,+0.960
1577796540,+3.35, +3.478, +0.159,+0.959
1577796600,+3.35, +3.468, +0.160,+0.960
1577796660,+3.35, +3.499, +0.160,+0.960
1577796720,+3.35, +3.489, +0.159,+0.959
1577796780,+3.35, +3.468, +0.160,+0.959
1577796840,+3.35, +3.573, +0.158,+0.960
1577796900,+3.35, +3.436, +0.160,+0.960
1577796960,+3.35, +3.489, +0.158,+0.959
1577797020,+3.35, +3.478, +0.158,+0.959
1577797080,+3.35, +3.457, +0.159,+0.960
1577797140,+3.35, +3.468, +0.158,+0.959
1577797200,+3.36, +3.468, +0.159,+0.959
1577797260,+3.36, +3.478, +0.161,+0.960
1577797320,+3.35, +3.468, +0.159,+0.959
1577797380,+3.35, +3.489, +0.160,+0.960
1577797440,+3.35, +3.489, +0.159,+0.959
1577797500,+3.36, +3.499, +0.160,+0.960
1577797560,+3.35, +3.489, +0.161,+0.960
1577797620,+3.35, +3.478, +0.160,+0.960
1577797680,+3.35, +3.499, +0.159,+0.960
1577797740,+3.35, +3.468, +0.158,+0.959
1577797800,+3.35, +3.478, +0.159,+0.960
1577797860,+3.35, +3.478, +0.159,+0.959
1577797920,+3.35, +3.478, +0.158,+0.960
1577797980,+3.35, +3.478, +0.160,+0.960
1577798040,+3.35, +3.510, +0.160,+0.960
1577798100,+3.35, +3.478, +0.161,+0.959
1577798160,+3.35, +3.499, +0.160,+0.960
1577798220,+3.35, +3.478, +0.158,+0.959
1577798280,+3.35, +3.489, +0.158,+0.960
1577798340,+3.35, +3.489, +0.158,+0.960
1577798400,+3.35, +3.478, +0.159,+0.960
1577798460,+3.35, +3.489, +0.159,+0.960
1577798520,+3.35, +3.478, +0.160,+0.960
1577798580,+3.35, +3.499, +0.159,+0.960
1577798640,+3.35, +3.478, +0.160,+0.960
1577798700,+3.35, +3.478, +0.159,+0.960
1577798760,+3.35, +3.468, +0.159,+0.959
1577798820,+3.35, +3.468, +0.160,+0.959
1577798880,+3.35, +3.468, +0.158,+0.959
1577798940,+3.35, +3.499, +0.158,+0.959
1577799000,+3.35, +3.489, +0.158,+0.959
1577799060,+3.35, +3.510, +0.159,+0.960
1577799120,+3.35, +3.457, +0.158,+0.959
1577799180,+3.35, +3.489, +0.157,+0.959
1577799240,+3.35, +3.489, +0.159,+0.959
1577799300,+3.35, +3.489, +0.159,+0.960
1577799360,+3.35, +3.489, +0.159,+0.960
1577799420,+3.35, +3.478, +0.159,+0.960
1577799480,+3.35, +3.457, +0.160,+0.960
1577799540,+3.35, +3.468, +0.158,+0.959
1577799600,+3.35, +3.468, +0.159,+0.959
1577799660,+3.35, +3.478, +0.159,+0.959
1577799720,+3.35, +3.478, +0.158,+0.959
1577799780,+3.35, +3.478, +0.159,+0.960
1577799840,+3.35, +3.447, +0.159,+0.960
1577799900,+3.35, +3.478, +0.159,+0.960
1577799960,+3.35, +3.478, +0.158,+0.959
1577800020,+3.35, +3.478, +0.159,+0.959
1577800080,+3.35, +3.447, +0.160,+0.960
1577800140,+3.35, +3.447, +0.160,+0.959
1577800200,+3.35, +3.478, +0.158,+0.960
1577800260,+3.35, +3.457, +0.160,+0.959
1577800320,+3.35, +3.468, +0.159,+0.960
1577800380,+3.35, +3.478, +0.158,+0.959
1577800440,+3.35, +3.478, +0.158,+0.959
1577800500,+3.35, +3.510, +0.158,+0.960
1577800560,+3.35, +3.541, +0.158,+0.960
1577800620,+3.35, +3.489, +0.160,+0.960
1577800680,+3.35, +3.468, +0.158,+0.960
1577800740,+3.35, +3.468, +0.158,+0.959
1577800800,+3.35, +3.478, +0.161,+0.960
1577800860,+3.35, +3.457, +0.157,+0.959
1577800920,+3.35, +3.478, +0.160,+0.960
1577800980,+3.35, +3.499, +0.160,+0.960
1577801040,+3.35, +3.478, +0.159,+0.960
1577801100,+3.35, +3.478, +0.159,+0.959
1577801160,+3.35, +3.468, +0.161,+0.960
1577801220,+3.35, +3.457, +0.159,+0.959
1577801280,+3.35, +3.457, +0.158,+0.959
1577801340,+3.35, +3.468, +0.159,+0.960
1577801400,+3.35, +3.457, +0.160,+0.960
1577801460,+3.35, +3.478, +0.159,+0.959
1577801520,+3.35, +3.478, +0.160,+0.959
1577801580,+3.35, +3.499, +0.159,+0.960
1577801640,+3.35, +3.489, +0.158,+0.959
1577801700,+3.35, +3.489, +0.161,+0.960
1577801760,+3.35, +3.468, +0.161,+0.960
1577801820,+3.35, +3.520, +0.158,+0.960
1577801880,+3.35, +3.520, +0.159,+0.960
1577801940,+3.35, +3.468, +0.159,+0.960
1577802000,+3.35, +3.468, +0.161,+0.960
1577802060,+3.35, +3.468, +0.159,+0.959
1577802120,+3.35, +3.489, +0.158,+0.959
1577802180,+3.35, +3.499, +0.159,+0.959
1577802240,+3.35, +3.468, +0.158,+0.959
1577802300,+3.35, +3.520, +0.158,+0.960
1577802360,+3.35, +3.468, +0.159,+0.959
1577802420,+3.35, +3.468, +0.159,+0.960
1577802480,+3.35, +3.468, +0.160,+0.959
1577802540,+3.35, +3.499, +0.157,+0.960
1577802600,+3.35, +3.489, +0.158,+0.960
1577802660,+3.35, +3.489, +0.159,+0.960
1577802720,+3.35, +3.489, +0.157,+0.960
1577802780,+3.35, +3.499, +0.159,+0.960
1577802840,+3.35, +3.478, +0.159,+0.960
1577802900,+3.35, +3.489, +0.158,+0.959
1577802960,+3.35, +3.478, +0.159,+0.960
1577803020,+3.35, +3.468, +0.160,+0.960
1577803080,+3.35, +3.478, +0.159,+0.959
1577803140,+3.35, +3.478, +0.158,+0.959
1577803200,+3.35, +3.468, +0.159,+0.959
1577803260,+3.35, +3.478, +0.160,+0.959
1577803320,+3.35, +3.478, +0.158,+0.959
1577803380,+3.35, +3.489, +0.160,+0.960
1577803440,+3.35, +3.499, +0.159,+0.960
1577803500,+3.35, +3.478, +0.160,+0.959
1577803560,+3.35, +3.468, +0.158,+0.959
1577803620,+3.35, +3.457, +0.161,+0.960
1577803680,+3.35, +3.499, +0.159,+0.960
1577803740,+3.35, +3.447, +0.158,+0.959
1577803800,+3.35, +3.457, +0.157,+0.959
1577803860,+3.35, +3.489, +0.158,+0.960
1577803920,+3.35, +3.489, +0.159,+0.960
1577803980,+3.35, +3.468, +0.159,+0.960
1577804040,+3.35, +3.489, +0.157,+0.959
1577804100,+3.35, +3.489, +0.158,+0.960
1577804160,+3.35, +3.457, +0.159,+0.959
1577804220,+3.35, +3.478, +0.160,+0.959
1577804280,+3.35, +3.447, +0.159,+0.959
1577804340,+3.35, +3.531, +0.158,+0.960
1577804400,+3.35, +3.499, +0.158,+0.959
1577804460,+3.35, +3.468, +0.160,+0.960
1577804520,+3.35, +3.531, +0.160,+0.960
1577804580,+3.35, +3.478, +0.158,+0.960
1577804640,+3.35, +3.468, +0.159,+0.959
1577804700,+3.35, +3.468, +0.159,+0.959
1577804760,+3.35, +3.478, +0.159,+0.960
1577804820,+3.35, +3.489, +0.160,+0.960
1577804880,+3.35, +3.468, +0.159,+0.960
1577804940,+3.35, +3.510, +0.158,+0.959
1577805000,+3.35, +3.489, +0.159,+0.960
1577805060,+3.35, +3.489, +0.159,+0.960
1577805120,+3.35, +3.468, +0.159,+0.959
1577805180,+3.35, +3.478, +0.159,+0.960
1577805240,+3.35, +3.478, +0.159,+0.959
1577805300,+3.35, +3.489, +0.158,+0.960
1577805360,+3.35, +3.478, +0.158,+0.959
1577805420,+3.35, +3.489, +0.157,+0.960
1577805480,+3.35, +3.478, +0.157,+0.959
1577805540,+3.35, +3.499, +0.160,+0.960
1577805600,+3.35, +3.489, +0.161,+0.960
1577805660,+3.35, +3.489, +0.160,+0.960
1577805720,+3.35, +3.499, +0.158,+0.960
1577805780,+3.35, +3.457, +0.158,+0.960
1577805840,+3.36, +3.520, +0.156,+0.960
1577805900,+3.35, +3.478, +0.159,+0.960
1577805960,+3.35, +3.489, +0.158,+0.960
1577806020,+3.35, +3.489, +0.161,+0.960
1577806080,+3.35, +3.468, +0.159,+0.960
1577806140,+3.35, +3.489, +0.158,+0.959
1577806200,+3.35, +3.478, +0.160,+0.960
1577806260,+3.35, +3.510, +0.160,+0.960
1577806320,+3.35, +3.478, +0.160,+0.959
1577806380,+3.35, +3.468, +0.158,+0.959
1577806440,+3.35, +3.468, +0.159,+0.959
1577806500,+3.35, +3.457, +0.159,+0.960
1577806560,+3.35, +3.478, +0.161,+0.960
1577806620,+3.35, +3.489, +0.158,+0.960
1577806680,+3.35, +3.478, +0.160,+0.960
1577806740,+3.35, +3.457, +0.159,+0.959
1577806800,+3.35, +3.447, +0.161,+0.960
1577806860,+3.35, +3.478, +0.160,+0.960
1577806920,+3.35, +3.489, +0.160,+0.960
1577806980,+3.35, +3.457, +0.158,+0.959
1577807040,+3.35, +3.489, +0.159,+0.960
1577807100,+3.35, +3.499, +0.158,+0.960
1577807160,+3.35, +3.489, +0.158,+0.960
1577807220,+3.35, +3.489, +0.157,+0.959
1577807280,+3.35, +3.489, +0.159,+0.960
1577807340,+3.35, +3.468, +0.159,+0.960
1577807400,+3.35, +3.468, +0.160,+0.960
1577807460,+3.35, +3.489, +0.158,+0.960
1577807520,+3.35, +3.457, +0.159,+0.959
1577807580,+3.35, +3.478, +0.160,+0.960
1577807640,+3.35, +3.489, +0.159,+0.960
1577807700,+3.35, +3.447, +0.161,+0.960
1577807760,+3.35, +3.468, +0.160,+0.959
1577807820,+3.36, +3.468, +0.158,+0.959
1577807880,+3.35, +3.478, +0.160,+0.960
1577807940,+3.35, +3.489, +0.160,+0.960
1577808000,+3.35, +3.468, +0.159,+0.959
1577808060,+3.35, +3.457, +0.161,+0.960
1577808120,+3.35, +3.489, +0.160,+0.960
1577808180,+3.35, +3.489, +0.159,+0.960
1577808240,+3.35, +3.478, +0.159,+0.959
1577808300,+3.35, +3.510, +0.158,+0.960
1577808360,+3.35, +3.489, +0.160,+0.960
1577808420,+3.35, +3.489, +0.158,+0.959
1577808480,+3.35, +3.489, +0.159,+0.960
1577808540,+3.35, +3.489, +0.162,+0.960
1577808600,+3.35, +3.489, +0.158,+0.959
1577808660,+3.35, +3.478, +0.158,+0.959
1577808720,+3.35, +3.457, +0.160,+0.960
1577808780,+3.35, +3.468, +0.160,+0.959
1577808840,+3.35, +3.478, +0.159,+0.960
1577808900,+3.35, +3.468, +0.160,+0.959
1577808960,+3.35, +3.478, +0.158,+0.959
1577809020,+3.35, +3.468, +0.161,+0.960
1577809080,+3.35, +3.468, +0.160,+0.960
1577809140,+3.35, +3.489, +0.158,+0.960
1577809200,+3.35, +3.510, +0.160,+0.960
1577809260,+3.35, +3.478, +0.162,+0.960
1577809320,+3.35, +3.468, +0.159,+0.960
1577809380,+3.35, +3.447, +0.158,+0.959
1577809440,+3.35, +3.468, +0.160,+0.960
1577809500,+3.35, +3.478, +0.159,+0.960
1577809560,+3.35, +3.468, +0.159,+0.959
1577809620,+3.35, +3.499, +0.158,+0.959
1577809680,+3.35, +3.489, +0.158,+0.959
1577809740,+3.35, +3.478, +0.160,+0.960
1577809800,+3.35, +3.489, +0.159,+0.960
1577809860,+3.35, +3.489, +0.157,+0.959
1577809920,+3.35, +3.468, +0.158,+0.959
1577809980,+3.35, +3.478, +0.159,+0.960
1577810040,+3.36, +3.478, +0.159,+0.960
1577810100,+3.35, +3.489, +0.159,+0.960
1577810160,+3.35, +3.478, +0.160,+0.959
1577810220,+3.35, +3.468, +0.158,+0.959
1577810280,+3.35, +3.447, +0.159,+0.959
1577810340,+3.35, +3.478, +0.158,+0.959
1577810400,+3.35, +3.468, +0.160,+0.960
1577810460,+3.35, +3.489, +0.157,+0.960
1577810520,+3.35, +3.499, +0.159,+0.959
1577810580,+3.35, +3.468, +0.158,+0.959
1577810640,+3.35, +3.457, +0.159,+0.959
1577810700,+3.35, +3.478, +0.159,+0.960
1577810760,+3.35, +3.447, +0.159,+0.959
1577810820,+3.35, +3.468, +0.158,+0.959
1577810880,+3.35, +3.468, +0.158,+0.960
1577810940,+3.35, +3.457, +0.159,+0.959
1577811000,+3.35, +3.468, +0.158,+0.960
1577811060,+3.35, +3.457, +0.161,+0.960
1577811120,+3.35, +3.489, +0.159,+0.959
1577811180,+3.35, +3.478, +0.160,+0.960
1577811240,+3.35, +3.468, +0.160,+0.960
1577811300,+3.35, +3.468, +0.160,+0.959
1577811360,+3.35, +3.489, +0.159,+0.960
1577811420,+3.35, +3.499, +0.159,+0.960
1577811480,+3.35, +3.489, +0.159,+0.960
1577811540,+3.35, +3.468, +0.159,+0.960
1577811600,+3.35, +3.510, +0.161,+0.960
1577811660,+3.35, +3.447, +0.161,+0.960
1577811720,+3.35, +3.468, +0.159,+0.960
1577811780,+3.35, +3.478, +0.161,+0.960
1577811840,+3.35, +3.489, +0.158,+0.960
1577811900,+3.35, +3.457, +0.160,+0.960
1577811960,+3.35, +3.436, +0.161,+0.960
1577812020,+3.35, +3.478, +0.159,+0.960
1577812080,+3.35, +3.468, +0.158,+0.959
1577812140,+3.35, +3.478, +0.158,+0.959
1577812200,+3.35, +3.468, +0.159,+0.960
1577812260,+3.35, +3.478, +0.159,+0.959
1577812320,+3.35, +3.489, +0.158,+0.959
1577812380,+3.35, +3.499, +0.159,+0.960
1577812440,+3.35, +3.499, +0.160,+0.960
1577812500,+3.35, +3.468, +0.160,+0.960
1577812560,+3.35, +3.468, +0.159,+0.960
1577812620,+3.35, +3.457, +0.159,+0.959
1577812680,+3.35, +3.478, +0.158,+0.959
1577812740,+3.35, +3.468, +0.160,+0.959
1577812800,+3.35, +3.478, +0.159,+0.960
1577812860,+3.35, +3.478, +0.159,+0.960
1577812920,+3.35, +3.468, +0.159,+0.960
1577812980,+3.35, +3.489, +0.158,+0.960
1577813040,+3.35, +3.478, +0.159,+0.960
1577813100,+3.35, +3.478, +0.160,+0.960
1577813160,+3.35, +3.478, +0.157,+0.959
1577813220,+3.35, +3.457, +0.160,+0.960
1577813280,+3.35, +3.468, +0.160,+0.959
1577813340,+3.35, +3.457, +0.160,+0.959
1577813400,+3.35, +3.447, +0.160,+0.959
1577813460,+3.35, +3.468, +0.160,+0.960
1577813520,+3.35, +3.457, +0.160,+0.959
1577813580,+3.35, +3.468, +0.160,+0.960
1577813640,+3.35, +3.499, +0.158,+0.959
1577813700,+3.35, +3.478, +0.158,+0.960
1577813760,+3.35, +3.468, +0.160,+0.960
1577813820,+3.35, +3.468, +0.160,+0.960
1577813880,+3.35, +3.489, +0.159,+0.960
1577813940,+3.35, +3.457, +0.160,+0.960
1577814000,+3.35, +3.468, +0.159,+0.960
1577814060,+3.35, +3.457, +0.159,+0.960
1577814120,+3.35, +3.489, +0.161,+0.960
1577814180,+3.35, +3.478, +0.158,+0.959
1577814240,+3.35, +3.468, +0.159,+0.960
1577814300,+3.35, +3.457, +0.157,+0.959
1577814360,+3.35, +3.468, +0.160,+0.960
1577814420,+3.35, +3.478, +0.159,+0.960
1577814480,+3.35, +3.478, +0.158,+0.960
1577814540,+3.35, +3.468, +0.161,+0.960
1577814600,+3.35, +3.457, +0.159,+0.960
1577814660,+3.35, +3.457, +0.158,+0.959
1577814720,+3.35, +3.468, +0.159,+0.960
1577814780,+3.35, +3.478, +0.158,+0.960
1577814840,+3.35, +3.468, +0.161,+0.960
1577814900,+3.35, +3.436, +0.159,+0.960
1577814960,+3.35, +3.478, +0.159,+0.960
1577815020,+3.35, +3.436, +0.160,+0.960
1577815080,+3.35, +3.468, +0.158,+0.960
1577815140,+3.35, +3.478, +0.160,+0.960
1577815200,+3.35, +3.468, +0.159,+0.960
1577815260,+3.35, +3.468, +0.158,+0.959
1577815320,+3.35, +3.457, +0.157,+0.959
1577815380,+3.35, +3.468, +0.160,+0.960
1577815440,+3.35, +3.447, +0.160,+0.960
1577815500,+3.35, +3.520, +0.158,+0.960
1577815560,+3.35, +3.468, +0.157,+0.959
1577815620,+3.35, +3.447, +0.160,+0.960
1577815680,+3.35, +3.489, +0.159,+0.960
1577815740,+3.35, +3.489, +0.158,+0.960
1577815800,+3.35, +3.426, +0.160,+0.960
1577815860,+3.35, +3.478, +0.159,+0.960
1577815920,+3.35, +3.468, +0.159,+0.960
1577815980,+3.35, +3.489, +0.159,+0.960
1577816040,+3.36, +3.457, +0.160,+0.960
1577816100,+3.35, +3.541, +0.158,+0.960
1577816160,+3.35, +3.499, +0.158,+0.960
1577816220,+3.35, +3.457, +0.160,+0.960
1577816280,+3.36, +3.457, +0.158,+0.959
1577816340,+3.35, +3.468, +0.158,+0.959
1577816400,+3.35, +3.447, +0.160,+0.960
1577816460,+3.35, +3.468, +0.160,+0.960
1577816520,+3.35, +3.447, +0.160,+0.960
1577816580,+3.35, +3.478, +0.158,+0.959
1577816640,+3.35, +3.468, +0.159,+0.960
1577816700,+3.35, +3.436, +0.159,+0.959
1577816760,+3.35, +3.478, +0.160,+0.960
1577816820,+3.35, +3.489, +0.159,+0.960
1577816880,+3.35, +3.478, +0.158,+0.959
1577816940,+3.35, +3.468, +0.159,+0.959
1577817000,+3.35, +3.457, +0.158,+0.959
1577817060,+3.35, +3.489, +0.159,+0.960
1577817120,+3.35, +3.447, +0.160,+0.960
1577817180,+3.35, +3.468, +0.161,+0.960
1577817240,+3.35, +3.468, +0.159,+0.960
1577817300,+3.35, +3.478, +0.160,+0.960
1577817360,+3.35, +3.436, +0.159,+0.960
1577817420,+3.35, +3.478, +0.159,+0.960
1577817480,+3.35, +3.457, +0.158,+0.959
1577817540,+3.35, +3.468, +0.160,+0.960
1577817600,+3.35, +3.468, +0.160,+0.960
1577817660,+3.35, +3.489, +0.158,+0.960
1577817720,+3.35, +3.468, +0.159,+0.960
1577817780,+3.35, +3.457, +0.159,+0.959
1577817840,+3.35, +3.499, +0.159,+0.960
1577817900,+3.35, +3.478, +0.159,+0.960
1577817960,+3.35, +3.499, +0.158,+0.960
1577818020,+3.35, +3.468, +0.159,+0.960
1577818080,+3.35, +3.468, +0.160,+0.959
1577818140,+3.35, +3.468, +0.159,+0.960
1577818200,+3.35, +3.468, +0.160,+0.960
1577818260,+3.35, +3.489, +0.159,+0.960
1577818320,+3.35, +3.499, +0.160,+0.960
1577818380,+3.35, +3.457, +0.161,+0.960
1577818440,+3.35, +3.468, +0.160,+0.959
1577818500,+3.35, +3.468, +0.159,+0.960
1577818560,+3.35, +3.457, +0.159,+0.959
1577818620,+3.35, +3.468, +0.162,+0.960
1577818680,+3.35, +3.457, +0.159,+0.960
1577818740,+3.35, +3.447, +0.160,+0.959
1577818800,+3.35, +3.468, +0.159,+0.960
1577818860,+3.35, +3.468, +0.160,+0.960
1577818920,+3.35, +3.468, +0.159,+0.960
1577818980,+3.35, +3.468, +0.160,+0.959
1577819040,+3.35, +3.489, +0.159,+0.960
1577819100,+3.35, +3.478, +0.158,+0.959
1577819160,+3.35, +3.468, +0.161,+0.960
1577819220,+3.35, +3.447, +0.158,+0.959
1577819280,+3.35, +3.457, +0.158,+0.959
1577819340,+3.35, +3.468, +0.160,+0.960
1577819400,+3.35, +3.468, +0.160,+0.960
1577819460,+3.35, +3.457, +0.159,+0.960
1577819520,+3.35, +3.468, +0.158,+0.959
1577819580,+3.35, +3.478, +0.160,+0.960
1577819640,+3.35, +3.478, +0.158,+0.959
1577819700,+3.35, +3.478, +0.159,+0.960
1577819760,+3.35, +3.478, +0.158,+0.960
1577819820,+3.35, +3.457, +0.160,+0.960
1577819880,+3.35, +3.457, +0.160,+0.960
1577819940,+3.35, +3.478, +0.158,+0.959
1577820000,+3.35, +3.478, +0.158,+0.959
1577820060,+3.35, +3.447, +0.160,+0.960
1577820120,+3.35, +3.457, +0.160,+0.959
1577820180,+3.35, +3.457, +0.160,+0.960
1577820240,+3.35, +3.478, +0.160,+0.960
1577820300,+3.35, +3.447, +0.159,+0.959
1577820360,+3.35, +3.489, +0.158,+0.959
1577820420,+3.35, +3.478, +0.158,+0.960
1577820480,+3.35, +3.478, +0.159,+0.960
1577820540,+3.35, +3.468, +0.158,+0.960
1577820600,+3.35, +3.468, +0.159,+0.960
1577820660,+3.35, +3.478, +0.158,+0.960
1577820720,+3.35, +3.478, +0.159,+0.960
1577820780,+3.35, +3.489, +0.159,+0.960
1577820840,+3.35, +3.436, +0.161,+0.960
1577820900,+3.35, +3.478, +0.157,+0.960
1577820960,+3.35, +3.489, +0.158,+0.960
1577821020,+3.35, +3.468, +0.159,+0.959
1577821080,+3.35, +3.489, +0.159,+0.960
1577821140,+3.35, +3.447, +0.160,+0.959
1577821200,+3.35, +3.457, +0.161,+0.960
1577821260,+3.35, +3.447, +0.158,+0.959
1577821320,+3.35, +3.478, +0.160,+0.960
1577821380,+3.35, +3.489, +0.159,+0.960
1577821440,+3.35, +3.489, +0.160,+0.960
1577821500,+3.35, +3.478, +0.158,+0.960
1577821560,+3.35, +3.478, +0.158,+0.960
1577821620,+3.35, +3.457, +0.158,+0.959
1577821680,+3.35, +3.468, +0.159,+0.960
1577821740,+3.35, +3.489, +0.158,+0.960
1577821800,+3.35, +3.447, +0.159,+0.959
1577821860,+3.35, +3.478, +0.158,+0.960
1577821920,+3.35, +3.499, +0.160,+0.960
1577821980,+3.35, +3.457, +0.160,+0.960
1577822040,+3.35, +3.468, +0.158,+0.960
1577822100,+3.35, +3.478, +0.158,+0.959
1577822160,+3.35, +3.468, +0.159,+0.959
1577822220,+3.35, +3.468, +0.159,+0.959
1577822280,+3.35, +3.457, +0.160,+0.960
1577822340,+3.35, +3.510, +0.159,+0.959
1577822400,+3.35, +3.468, +0.159,+0.960
1577822460,+3.35, +3.405, +0.161,+0.959
1577822520,+3.35, +3.447, +0.158,+0.959
1577822580,+3.35, +3.457, +0.159,+0.960
1577822640,+3.35, +3.457, +0.161,+0.960
1577822700,+3.35, +3.478, +0.158,+0.959
1577822760,+3.35, +3.468, +0.159,+0.960
1577822820,+3.35, +3.489, +0.159,+0.959
1577822880,+3.35, +3.468, +0.159,+0.960
1577822940,+3.35, +3.468, +0.159,+0.960
1577823000,+3.35, +3.468, +0.159,+0.959
1577823060,+3.35, +3.468, +0.159,+0.960
1577823120,+3.35, +3.457, +0.157,+0.959
1577823180,+3.35, +3.468, +0.158,+0.960
1577823240,+3.35, +3.468, +0.160,+0.960
1577823300,+3.35, +3.478, +0.160,+0.959
1577823360,+3.35, +3.426, +0.159,+0.959
1577823420,+3.35, +3.468, +0.159,+0.960
1577823480,+3.35, +3.468, +0.160,+0.960
1577823540,+3.35, +3.478, +0.159,+0.960
1577823600,+3.35, +3.499, +0.158,+0.960
1577823660,+3.35, +3.468, +0.160,+0.960
1577823720,+3.35, +3.447, +0.160,+0.960
1577823780,+3.35, +3.468, +0.158,+0.959
1577823840,+3.35, +3.468, +0.159,+0.959
1577823900,+3.35, +3.468, +0.160,+0.960
1577823960,+3.35, +3.468, +0.161,+0.960
1577824020,+3.35, +3.457, +0.159,+0.960
1577824080,+3.35, +3.457, +0.158,+0.959
1577824140,+3.35, +3.468, +0.159,+0.960
1577824200,+3.35, +3.489, +0.157,+0.959
1577824260,+3.35, +3.447, +0.159,+0.959
1577824320,+3.35, +3.457, +0.160,+0.960
1577824380,+3.35, +3.478, +0.159,+0.960
1577824440,+3.35, +3.468, +0.159,+0.959
1577824500,+3.35, +3.447, +0.159,+0.959
1577824560,+3.35, +3.468, +0.160,+0.960
1577824620,+3.35, +3.499, +0.159,+0.960
1577824680,+3.35, +3.457, +0.160,+0.960
1577824740,+3.35, +3.447, +0.159,+0.959
1577824800,+3.35, +3.457, +0.159,+0.960
1577824860,+3.35, +3.457, +0.159,+0.959
1577824920,+3.35, +3.468, +0.158,+0.959
1577824980,+3.35, +3.436, +0.162,+0.960
1577825040,+3.35, +3.447, +0.160,+0.960
1577825100,+3.35, +3.468, +0.159,+0.960
1577825160,+3.35, +3.457, +0.159,+0.959
1577825220,+3.35, +3.457, +0.160,+0.959
1577825280,+3.35, +3.489, +0.160,+0.960
1577825340,+3.35, +3.457, +0.159,+0.960
1577825400,+3.35, +3.457, +0.158,+0.959
