7392-570653
OS REV: 1.11 Sensor Cal: 1428445788
Time (sec),  BV (Volts),  T (deg C),  DO (mg/l),  Q ()
1579726260,+3.34, +2.960, +0.162,+0.960
1579726320,+3.34, +2.992, +0.164,+0.960
1579726380,+3.34, +2.971, +0.163,+0.960
1579726440,+3.34, +2.992, +0.163,+0.960
1579726500,+3.34, +2.992, +0.161,+0.960
1579726560,+3.34, +3.003, +0.162,+0.960
1579726620,+3.34, +2.992, +0.164,+0.960
1579726680,+3.34, +2.982, +0.164,+0.960
1579726740,+3.34, +2.971, +0.163,+0.960
1579726800,+3.34, +3.003, +0.161,+0.960
1579726860,+3.34, +2.992, +0.163,+0.960
1579726920,+3.34, +2.992, +0.163,+0.960
1579726980,+3.34, +2.992, +0.162,+0.960
1579727040,+3.34, +3.014, +0.164,+0.960
1579727100,+3.34, +3.003, +0.164,+0.960
1579727160,+3.34, +2.982, +0.164,+0.960
1579727220,+3.33, +3.014, +0.162,+0.960
1579727280,+3.34, +3.003, +0.163,+0.960
1579727340,+3.34, +3.003, +0.162,+0.960
1579727400,+3.34, +3.014, +0.163,+0.960
1579727460,+3.34, +3.014, +0.161,+0.960
1579727520,+3.34, +3.003, +0.163,+0.960
1579727580,+3.34, +2.982, +0.163,+0.960
1579727640,+3.34, +2.992, +0.163,+0.960
1579727700,+3.34, +2.960, +0.165,+0.960
1579727760,+3.34, +2.971, +0.164,+0.960
1579727820,+3.34, +2.982, +0.163,+0.960
1579727880,+3.34, +3.003, +0.163,+0.960
1579727940,+3.34, +2.982, +0.163,+0.960
1579728000,+3.34, +3.003, +0.164,+0.960
1579728060,+3.34, +2.971, +0.164,+0.960
1579728120,+3.34, +2.992, +0.162,+0.960
1579728180,+3.34, +3.003, +0.164,+0.960
1579728240,+3.34, +3.003, +0.162,+0.960
1579728300,+3.34, +2.971, +0.163,+0.960
1579728360,+3.34, +2.971, +0.163,+0.960
1579728420,+3.34, +3.014, +0.162,+0.960
1579728480,+3.34, +3.003, +0.163,+0.960
1579728540,+3.34, +2.960, +0.162,+0.960
1579728600,+3.34, +2.982, +0.164,+0.960
1579728660,+3.34, +2.992, +0.163,+0.960
1579728720,+3.34, +2.992, +0.161,+0.960
1579728780,+3.34, +2.992, +0.164,+0.960
1579728840,+3.34, +2.982, +0.162,+0.960
1579728900,+3.34, +2.971, +0.162,+0.960
1579728960,+3.34, +2.992, +0.162,+0.960
1579729020,+3.34, +2.992, +0.162,+0.960
1579729080,+3.34, +2.971, +0.162,+0.959
1579729140,+3.34, +3.014, +0.162,+0.960
1579729200,+3.34, +2.992, +0.163,+0.960
1579729260,+3.34, +2.982, +0.162,+0.960
1579729320,+3.34, +2.982, +0.162,+0.960
1579729380,+3.34, +2.992, +0.164,+0.960
1579729440,+3.34, +2.982, +0.163,+0.960
1579729500,+3.34, +2.982, +0.163,+0.960
1579729560,+3.34, +2.982, +0.162,+0.960
1579729620,+3.34, +2.960, +0.163,+0.960
1579729680,+3.34, +2.992, +0.162,+0.960
1579729740,+3.34, +2.982, +0.162,+0.960
1579729800,+3.34, +2.982, +0.163,+0.960
1579729860,+3.34, +2.992, +0.164,+0.960
1579729920,+3.34, +2.971, +0.162,+0.960
1579729980,+3.34, +2.971, +0.162,+0.960
1579730040,+3.34, +2.982, +0.164,+0.960
1579730100,+3.34, +2.971, +0.165,+0.960
1579730160,+3.34, +2.939, +0.163,+0.960
1579730220,+3.34, +2.992, +0.164,+0.960
1579730280,+3.34, +3.003, +0.163,+0.960
1579730340,+3.34, +2.960, +0.162,+0.960
1579730400,+3.34, +3.014, +0.162,+0.960
1579730460,+3.34, +3.024, +0.163,+0.960
1579730520,+3.34, +2.982, +0.163,+0.960
1579730580,+3.34, +2.971, +0.163,+0.960
1579730640,+3.34, +2.982, +0.164,+0.960
1579730700,+3.34, +2.982, +0.164,+0.960
1579730760,+3.34, +2.992, +0.161,+0.960
1579730820,+3.34, +3.003, +0.162,+0.960
1579730880,+3.34, +2.939, +0.165,+0.960
1579730940,+3.34, +2.982, +0.165,+0.960
1579731000,+3.34, +2.960, +0.162,+0.960
1579731060,+3.34, +2.992, +0.164,+0.960
1579731120,+3.34, +2.992, +0.162,+0.960
1579731180,+3.34, +3.003, +0.163,+0.960
1579731240,+3.34, +2.982, +0.162,+0.960
1579731300,+3.34, +2.971, +0.164,+0.960
1579731360,+3.34, +2.971, +0.164,+0.960
1579731420,+3.34, +2.960, +0.163,+0.959
1579731480,+3.34, +2.992, +0.162,+0.960
1579731540,+3.34, +2.971, +0.163,+0.960
1579731600,+3.34, +2.971, +0.163,+0.960
1579731660,+3.34, +2.992, +0.162,+0.960
1579731720,+3.34, +2.982, +0.165,+0.960
1579731780,+3.34, +2.992, +0.163,+0.960
1579731840,+3.34, +2.992, +0.162,+0.960
1579731900,+3.34, +2.971, +0.162,+0.959
1579731960,+3.34, +2.982, +0.162,+0.960
1579732020,+3.34, +3.014, +0.162,+0.960
1579732080,+3.34, +2.992, +0.163,+0.960
1579732140,+3.34, +2.960, +0.165,+0.960
1579732200,+3.34, +2.971, +0.162,+0.960
1579732260,+3.34, +2.960, +0.162,+0.960
1579732320,+3.34, +2.971, +0.163,+0.960
1579732380,+3.34, +2.982, +0.162,+0.960
1579732440,+3.34, +2.982, +0.163,+0.960
1579732500,+3.34, +2.992, +0.163,+0.960
1579732560,+3.34, +2.982, +0.163,+0.960
1579732620,+3.34, +2.992, +0.162,+0.960
1579732680,+3.34, +2.992, +0.162,+0.960
1579732740,+3.34, +2.960, +0.163,+0.960
1579732800,+3.34, +2.982, +0.162,+0.960
1579732860,+3.34, +2.950, +0.163,+0.960
1579732920,+3.34, +2.971, +0.164,+0.960
1579732980,+3.34, +2.982, +0.162,+0.960
1579733040,+3.34, +2.971, +0.163,+0.960
1579733100,+3.34, +2.950, +0.165,+0.960
1579733160,+3.34, +3.003, +0.163,+0.960
1579733220,+3.34, +2.992, +0.163,+0.960
1579733280,+3.34, +2.971, +0.162,+0.960
1579733340,+3.34, +2.982, +0.164,+0.960
1579733400,+3.34, +2.992, +0.163,+0.960
1579733460,+3.34, +2.992, +0.163,+0.960
1579733520,+3.34, +2.971, +0.163,+0.960
1579733580,+3.34, +2.992, +0.162,+0.960
1579733640,+3.34, +2.971, +0.162,+0.960
1579733700,+3.34, +3.003, +0.162,+0.960
1579733760,+3.34, +3.014, +0.162,+0.960
1579733820,+3.34, +2.950, +0.162,+0.960
1579733880,+3.34, +2.971, +0.162,+0.960
1579733940,+3.34, +2.982, +0.162,+0.960
1579734000,+3.34, +2.992, +0.162,+0.960
1579734060,+3.34, +2.960, +0.163,+0.960
1579734120,+3.34, +3.003, +0.162,+0.960
1579734180,+3.34, +3.003, +0.161,+0.960
1579734240,+3.34, +2.982, +0.162,+0.960
1579734300,+3.34, +3.003, +0.161,+0.960
1579734360,+3.34, +2.960, +0.162,+0.960
1579734420,+3.34, +2.992, +0.163,+0.960
1579734480,+3.34, +2.982, +0.165,+0.960
1579734540,+3.34, +3.003, +0.163,+0.960
1579734600,+3.34, +3.003, +0.161,+0.960
1579734660,+3.34, +2.992, +0.163,+0.960
1579734720,+3.34, +2.982, +0.161,+0.960
1579734780,+3.34, +3.003, +0.162,+0.960
1579734840,+3.34, +2.982, +0.163,+0.960
1579734900,+3.34, +2.960, +0.162,+0.960
1579734960,+3.34, +2.971, +0.164,+0.960
1579735020,+3.34, +2.992, +0.162,+0.960
1579735080,+3.34, +2.971, +0.162,+0.960
1579735140,+3.34, +2.960, +0.162,+0.960
1579735200,+3.34, +2.971, +0.164,+0.960
1579735260,+3.34, +2.992, +0.162,+0.960
1579735320,+3.34, +2.982, +0.164,+0.960
1579735380,+3.34, +2.982, +0.162,+0.960
1579735440,+3.34, +2.992, +0.164,+0.960
1579735500,+3.34, +2.992, +0.164,+0.960
1579735560,+3.34, +2.971, +0.163,+0.960
1579735620,+3.34, +2.992, +0.162,+0.960
1579735680,+3.34, +2.992, +0.164,+0.960
1579735740,+3.34, +2.971, +0.164,+0.960
1579735800,+3.34, +2.982, +0.163,+0.960
1579735860,+3.33, +2.982, +0.161,+0.960
1579735920,+3.34, +2.982, +0.163,+0.960
1579735980,+3.34, +2.971, +0.162,+0.959
1579736040,+3.34, +2.971, +0.164,+0.960
1579736100,+3.34, +2.982, +0.161,+0.960
1579736160,+3.34, +2.982, +0.163,+0.960
1579736220,+3.34, +2.971, +0.162,+0.960
1579736280,+3.34, +2.960, +0.162,+0.960
1579736340,+3.34, +2.982, +0.163,+0.960
1579736400,+3.34, +3.003, +0.164,+0.960
1579736460,+3.34, +2.992, +0.164,+0.960
1579736520,+3.34, +2.950, +0.163,+0.960
1579736580,+3.34, +2.950, +0.163,+0.960
1579736640,+3.34, +2.982, +0.164,+0.960
1579736700,+3.34, +2.982, +0.164,+0.960
1579736760,+3.34, +2.971, +0.162,+0.960
1579736820,+3.34, +2.992, +0.163,+0.960
1579736880,+3.34, +2.971, +0.163,+0.960
1579736940,+3.34, +2.982, +0.162,+0.959
1579737000,+3.34, +2.992, +0.163,+0.960
1579737060,+3.34, +2.960, +0.163,+0.960
1579737120,+3.34, +2.982, +0.163,+0.960
1579737180,+3.34, +2.982, +0.163,+0.960
1579737240,+3.34, +2.971, +0.163,+0.960
1579737300,+3.34, +2.971, +0.163,+0.960
1579737360,+3.34, +2.971, +0.163,+0.960
1579737420,+3.34, +2.982, +0.163,+0.960
1579737480,+3.34, +2.971, +0.164,+0.960
1579737540,+3.34, +3.003, +0.163,+0.960
1579737600,+3.34, +2.960, +0.163,+0.960
1579737660,+3.34, +2.971, +0.164,+0.960
1579737720,+3.34, +2.992, +0.163,+0.960
1579737780,+3.34, +2.960, +0.163,+0.959
1579737840,+3.34, +2.960, +0.163,+0.960
1579737900,+3.34, +2.971, +0.163,+0.960
1579737960,+3.34, +2.992, +0.164,+0.960
1579738020,+3.34, +2.992, +0.161,+0.960
1579738080,+3.34, +2.992, +0.162,+0.960
1579738140,+3.34, +2.971, +0.162,+0.960
1579738200,+3.33, +3.014, +0.163,+0.960
1579738260,+3.34, +2.982, +0.163,+0.960
1579738320,+3.34, +2.992, +0.161,+0.960
1579738380,+3.34, +2.971, +0.163,+0.960
1579738440,+3.34, +2.939, +0.165,+0.960
1579738500,+3.33, +2.950, +0.164,+0.960
1579738560,+3.34, +2.971, +0.163,+0.960
1579738620,+3.34, +2.992, +0.163,+0.960
1579738680,+3.34, +2.992, +0.164,+0.960
1579738740,+3.34, +2.971, +0.164,+0.960
1579738800,+3.34, +3.003, +0.161,+0.960
1579738860,+3.34, +2.982, +0.164,+0.960
1579738920,+3.34, +2.982, +0.163,+0.960
1579738980,+3.34, +2.971, +0.162,+0.960
1579739040,+3.34, +2.992, +0.162,+0.960
1579739100,+3.34, +2.971, +0.164,+0.960
1579739160,+3.34, +2.982, +0.161,+0.960
1579739220,+3.34, +2.960, +0.162,+0.960
1579739280,+3.34, +2.992, +0.163,+0.960
1579739340,+3.34, +3.003, +0.161,+0.960
1579739400,+3.34, +2.992, +0.165,+0.960
1579739460,+3.34, +2.982, +0.163,+0.960
1579739520,+3.34, +2.982, +0.163,+0.960
1579739580,+3.34, +2.971, +0.162,+0.960
1579739640,+3.34, +2.992, +0.163,+0.960
1579739700,+3.34, +2.971, +0.162,+0.960
1579739760,+3.34, +2.971, +0.163,+0.960
1579739820,+3.34, +2.982, +0.163,+0.960
1579739880,+3.34, +2.982, +0.162,+0.960
1579739940,+3.34, +2.982, +0.162,+0.960
1579740000,+3.34, +2.971, +0.163,+0.960
1579740060,+3.34, +2.992, +0.163,+0.960
1579740120,+3.34, +2.982, +0.162,+0.960
1579740180,+3.34, +2.982, +0.161,+0.960
1579740240,+3.34, +2.992, +0.162,+0.960
1579740300,+3.34, +2.971, +0.161,+0.960
1579740360,+3.34, +2.939, +0.163,+0.960
1579740420,+3.34, +2.971, +0.163,+0.960
1579740480,+3.34, +2.992, +0.163,+0.960
1579740540,+3.34, +2.982, +0.163,+0.960
1579740600,+3.34, +3.003, +0.163,+0.960
1579740660,+3.34, +2.950, +0.164,+0.960
1579740720,+3.34, +2.982, +0.163,+0.960
1579740780,+3.34, +2.971, +0.165,+0.960
1579740840,+3.34, +2.982, +0.161,+0.960
1579740900,+3.34, +2.960, +0.163,+0.960
1579740960,+3.33, +2.992, +0.161,+0.960
1579741020,+3.34, +2.960, +0.163,+0.960
1579741080,+3.34, +2.971, +0.163,+0.960
1579741140,+3.34, +2.971, +0.165,+0.960
1579741200,+3.34, +3.003, +0.162,+0.960
1579741260,+3.34, +2.982, +0.163,+0.960
1579741320,+3.34, +3.003, +0.163,+0.960
1579741380,+3.34, +3.003, +0.164,+0.960
1579741440,+3.34, +2.971, +0.164,+0.960
1579741500,+3.34, +2.982, +0.163,+0.960
1579741560,+3.34, +2.992, +0.164,+0.960
1579741620,+3.34, +2.960, +0.163,+0.960
1579741680,+3.34, +2.939, +0.165,+0.960
1579741740,+3.34, +2.971, +0.162,+0.960
1579741800,+3.34, +2.992, +0.162,+0.960
1579741860,+3.34, +3.014, +0.161,+0.960
1579741920,+3.34, +2.960, +0.163,+0.960
1579741980,+3.34, +3.003, +0.161,+0.960
1579742040,+3.34, +3.003, +0.162,+0.960
1579742100,+3.34, +2.992, +0.163,+0.960
1579742160,+3.34, +2.992, +0.163,+0.960
1579742220,+3.34, +2.992, +0.161,+0.960
1579742280,+3.34, +2.939, +0.164,+0.960
1579742340,+3.34, +3.003, +0.162,+0.960
1579742400,+3.34, +2.982, +0.162,+0.960
1579742460,+3.34, +2.939, +0.164,+0.960
1579742520,+3.34, +2.992, +0.162,+0.960
1579742580,+3.34, +2.982, +0.163,+0.960
1579742640,+3.34, +3.003, +0.161,+0.960
1579742700,+3.34, +2.982, +0.162,+0.960
1579742760,+3.34, +2.971, +0.163,+0.960
1579742820,+3.34, +2.992, +0.163,+0.960
1579742880,+3.34, +2.971, +0.162,+0.960
1579742940,+3.34, +2.971, +0.163,+0.960
1579743000,+3.34, +2.992, +0.163,+0.960
1579743060,+3.34, +2.982, +0.164,+0.960
1579743120,+3.34, +2.982, +0.163,+0.960
1579743180,+3.34, +2.992, +0.163,+0.960
1579743240,+3.34, +2.982, +0.162,+0.960
1579743300,+3.34, +2.960, +0.164,+0.960
1579743360,+3.34, +2.992, +0.162,+0.960
1579743420,+3.34, +2.992, +0.163,+0.960
1579743480,+3.34, +2.982, +0.162,+0.960
1579743540,+3.33, +2.982, +0.163,+0.960
1579743600,+3.34, +2.971, +0.164,+0.960
1579743660,+3.34, +2.982, +0.163,+0.960
1579743720,+3.34, +2.982, +0.163,+0.960
1579743780,+3.34, +2.971, +0.164,+0.960
1579743840,+3.34, +2.982, +0.164,+0.960
1579743900,+3.34, +2.982, +0.162,+0.960
1579743960,+3.34, +2.982, +0.161,+0.960
1579744020,+3.34, +2.982, +0.162,+0.960
1579744080,+3.34, +2.960, +0.162,+0.960
1579744140,+3.34, +2.992, +0.162,+0.960
1579744200,+3.34, +2.960, +0.164,+0.960
1579744260,+3.34, +2.982, +0.162,+0.960
1579744320,+3.34, +2.992, +0.163,+0.960
1579744380,+3.34, +2.971, +0.162,+0.960
1579744440,+3.34, +2.992, +0.162,+0.960
1579744500,+3.34, +2.982, +0.163,+0.960
1579744560,+3.34, +2.971, +0.163,+0.960
1579744620,+3.34, +2.960, +0.164,+0.960
1579744680,+3.34, +2.982, +0.163,+0.960
1579744740,+3.34, +2.982, +0.163,+0.960
1579744800,+3.34, +2.992, +0.162,+0.960
1579744860,+3.34, +2.971, +0.163,+0.960
1579744920,+3.34, +2.971, +0.162,+0.960
1579744980,+3.34, +2.982, +0.162,+0.960
1579745040,+3.34, +2.950, +0.162,+0.959
1579745100,+3.34, +2.982, +0.164,+0.960
1579745160,+3.34, +2.982, +0.162,+0.960
1579745220,+3.34, +2.992, +0.163,+0.960
1579745280,+3.34, +2.971, +0.165,+0.960
1579745340,+3.34, +2.982, +0.163,+0.960
1579745400,+3.34, +2.971, +0.163,+0.960
1579745460,+3.34, +2.992, +0.162,+0.960
1579745520,+3.34, +2.950, +0.166,+0.960
1579745580,+3.34, +2.982, +0.163,+0.960
1579745640,+3.34, +2.992, +0.162,+0.960
1579745700,+3.34, +2.992, +0.161,+0.960
1579745760,+3.34, +2.982, +0.163,+0.960
1579745820,+3.34, +2.982, +0.162,+0.960
1579745880,+3.34, +3.003, +0.164,+0.960
1579745940,+3.34, +2.992, +0.162,+0.960
1579746000,+3.34, +2.971, +0.164,+0.960
1579746060,+3.34, +2.982, +0.162,+0.960
1579746120,+3.34, +2.992, +0.164,+0.960
1579746180,+3.34, +2.960, +0.165,+0.960
1579746240,+3.34, +2.982, +0.164,+0.960
1579746300,+3.34, +2.982, +0.162,+0.960
1579746360,+3.34, +2.992, +0.163,+0.960
1579746420,+3.34, +2.992, +0.162,+0.960
1579746480,+3.34, +2.982, +0.163,+0.960
1579746540,+3.34, +2.982, +0.162,+0.960
1579746600,+3.34, +2.982, +0.162,+0.960
1579746660,+3.34, +2.992, +0.163,+0.960
1579746720,+3.34, +3.014, +0.160,+0.960
1579746780,+3.34, +2.982, +0.162,+0.960
1579746840,+3.34, +3.014, +0.162,+0.960
1579746900,+3.34, +2.982, +0.164,+0.960
1579746960,+3.34, +2.982, +0.165,+0.960
1579747020,+3.34, +2.982, +0.164,+0.960
1579747080,+3.34, +2.982, +0.164,+0.960
1579747140,+3.34, +3.003, +0.162,+0.960
1579747200,+3.34, +2.982, +0.162,+0.960
1579747260,+3.34, +2.982, +0.162,+0.960
1579747320,+3.34, +2.971, +0.161,+0.960
1579747380,+3.34, +2.960, +0.163,+0.960
1579747440,+3.34, +2.971, +0.162,+0.960
1579747500,+3.34, +2.992, +0.164,+0.960
1579747560,+3.34, +2.960, +0.163,+0.960
1579747620,+3.34, +2.992, +0.163,+0.960
1579747680,+3.34, +3.003, +0.162,+0.960
1579747740,+3.34, +2.982, +0.163,+0.960
1579747800,+3.34, +2.971, +0.163,+0.960
1579747860,+3.34, +2.950, +0.164,+0.960
1579747920,+3.34, +2.992, +0.163,+0.960
1579747980,+3.34, +2.971, +0.163,+0.960
1579748040,+3.34, +2.992, +0.163,+0.960
1579748100,+3.34, +2.971, +0.163,+0.960
1579748160,+3.34, +2.992, +0.162,+0.960
1579748220,+3.34, +2.971, +0.163,+0.960
1579748280,+3.34, +2.971, +0.164,+0.959
1579748340,+3.34, +3.003, +0.163,+0.960
1579748400,+3.34, +2.982, +0.162,+0.960
1579748460,+3.34, +2.960, +0.164,+0.960
1579748520,+3.34, +2.982, +0.164,+0.960
1579748580,+3.34, +2.992, +0.161,+0.960
1579748640,+3.33, +2.992, +0.163,+0.960
1579748700,+3.34, +3.045, +0.162,+0.960
1579748760,+3.34, +2.971, +0.163,+0.960
1579748820,+3.34, +3.014, +0.163,+0.960
1579748880,+3.34, +3.003, +0.162,+0.960
1579748940,+3.34, +2.971, +0.162,+0.960
1579749000,+3.33, +2.982, +0.162,+0.960
1579749060,+3.34, +2.992, +0.163,+0.960
1579749120,+3.34, +2.992, +0.161,+0.959
1579749180,+3.34, +3.003, +0.162,+0.960
1579749240,+3.34, +2.971, +0.163,+0.960
1579749300,+3.34, +3.003, +0.163,+0.960
1579749360,+3.34, +2.960, +0.162,+0.959
1579749420,+3.34, +2.971, +0.163,+0.960
1579749480,+3.34, +2.971, +0.164,+0.960
1579749540,+3.34, +2.982, +0.164,+0.960
1579749600,+3.34, +2.982, +0.163,+0.960
1579749660,+3.34, +2.982, +0.163,+0.960
1579749720,+3.34, +2.971, +0.164,+0.960
1579749780,+3.34, +2.960, +0.165,+0.960
1579749840,+3.34, +3.003, +0.163,+0.960
1579749900,+3.34, +2.960, +0.165,+0.960
1579749960,+3.34, +3.014, +0.163,+0.960
1579750020,+3.34, +2.982, +0.162,+0.960
1579750080,+3.34, +2.992, +0.163,+0.960
1579750140,+3.34, +3.003, +0.162,+0.960
1579750200,+3.34, +2.960, +0.164,+0.960
1579750260,+3.34, +2.982, +0.163,+0.960
1579750320,+3.34, +2.992, +0.164,+0.960
1579750380,+3.34, +3.003, +0.164,+0.960
1579750440,+3.34, +2.971, +0.163,+0.960
1579750500,+3.34, +3.014, +0.164,+0.960
1579750560,+3.34, +2.992, +0.163,+0.960
1579750620,+3.34, +2.992, +0.162,+0.960
1579750680,+3.34, +2.982, +0.163,+0.960
1579750740,+3.34, +2.992, +0.165,+0.960
1579750800,+3.34, +2.982, +0.162,+0.960
1579750860,+3.34, +3.045, +0.163,+0.960
1579750920,+3.34, +2.982, +0.162,+0.960
1579750980,+3.34, +2.950, +0.163,+0.960
1579751040,+3.34, +2.971, +0.162,+0.959
1579751100,+3.34, +2.982, +0.164,+0.960
1579751160,+3.34, +2.982, +0.163,+0.960
1579751220,+3.34, +2.992, +0.162,+0.960
1579751280,+3.34, +2.960, +0.164,+0.960
1579751340,+3.34, +2.950, +0.163,+0.960
1579751400,+3.34, +2.982, +0.164,+0.960
1579751460,+3.34, +2.992, +0.164,+0.960
1579751520,+3.34, +2.982, +0.164,+0.960
1579751580,+3.34, +2.992, +0.165,+0.960
1579751640,+3.34, +3.003, +0.162,+0.960
1579751700,+3.34, +2.971, +0.163,+0.960
1579751760,+3.34, +2.982, +0.161,+0.960
1579751820,+3.34, +2.971, +0.162,+0.960
1579751880,+3.34, +2.982, +0.163,+0.960
1579751940,+3.34, +2.992, +0.163,+0.960
1579752000,+3.34, +2.971, +0.164,+0.960
1579752060,+3.34, +2.971, +0.163,+0.960
1579752120,+3.34, +2.982, +0.163,+0.960
1579752180,+3.34, +2.960, +0.163,+0.960
1579752240,+3.34, +2.982, +0.163,+0.960
1579752300,+3.34, +2.960, +0.162,+0.960
1579752360,+3.34, +2.982, +0.163,+0.960
1579752420,+3.34, +2.992, +0.162,+0.960
1579752480,+3.34, +2.950, +0.165,+0.960
1579752540,+3.34, +2.960, +0.162,+0.960
1579752600,+3.34, +2.982, +0.163,+0.960
1579752660,+3.34, +2.960, +0.163,+0.960
1579752720,+3.34, +2.960, +0.163,+0.960
1579752780,+3.34, +2.992, +0.163,+0.960
1579752840,+3.34, +3.014, +0.163,+0.960
1579752900,+3.34, +2.982, +0.162,+0.960
1579752960,+3.34, +2.992, +0.162,+0.960
1579753020,+3.34, +2.971, +0.163,+0.960
1579753080,+3.34, +2.992, +0.162,+0.960
1579753140,+3.34, +2.960, +0.165,+0.960
1579753200,+3.34, +2.992, +0.164,+0.960
1579753260,+3.34, +2.982, +0.163,+0.960
1579753320,+3.34, +2.982, +0.164,+0.960
1579753380,+3.34, +3.003, +0.163,+0.960
1579753440,+3.34, +2.992, +0.163,+0.960
1579753500,+3.34, +2.971, +0.164,+0.960
1579753560,+3.34, +2.928, +0.163,+0.959
1579753620,+3.34, +2.897, +0.163,+0.959
1579753680,+3.34, +2.971, +0.162,+0.960
1579753740,+3.34, +2.982, +0.163,+0.960
1579753800,+3.34, +2.960, +0.163,+0.960
1579753860,+3.34, +2.982, +0.163,+0.960
1579753920,+3.34, +2.960, +0.163,+0.960
1579753980,+3.34, +2.982, +0.164,+0.960
1579754040,+3.34, +2.992, +0.162,+0.959
1579754100,+3.34, +2.982, +0.164,+0.960
1579754160,+3.34, +2.992, +0.164,+0.960
1579754220,+3.34, +2.971, +0.163,+0.960
1579754280,+3.34, +2.982, +0.161,+0.960
1579754340,+3.34, +2.982, +0.164,+0.960
1579754400,+3.34, +2.971, +0.162,+0.960
1579754460,+3.34, +2.950, +0.163,+0.960
1579754520,+3.34, +2.950, +0.163,+0.960
1579754580,+3.34, +2.982, +0.163,+0.960
1579754640,+3.34, +2.982, +0.164,+0.960
1579754700,+3.34, +2.971, +0.163,+0.960
1579754760,+3.34, +2.992, +0.162,+0.960
1579754820,+3.34, +3.003, +0.162,+0.960
1579754880,+3.34, +2.960, +0.163,+0.960
1579754940,+3.34, +2.971, +0.163,+0.960
1579755000,+3.34, +2.960, +0.163,+0.960
1579755060,+3.34, +2.982, +0.164,+0.960
1579755120,+3.34, +2.960, +0.165,+0.960
1579755180,+3.34, +2.971, +0.164,+0.960
1579755240,+3.34, +2.971, +0.162,+0.960
1579755300,+3.34, +2.960, +0.164,+0.960
1579755360,+3.34, +2.982, +0.162,+0.960
1579755420,+3.34, +2.992, +0.162,+0.960
1579755480,+3.34, +2.971, +0.163,+0.960
1579755540,+3.33, +2.992, +0.162,+0.960
1579755600,+3.34, +2.971, +0.164,+0.960
1579755660,+3.34, +2.992, +0.164,+0.960
1579755720,+3.34, +2.992, +0.162,+0.960
1579755780,+3.34, +3.003, +0.163,+0.960
1579755840,+3.34, +2.992, +0.161,+0.960
1579755900,+3.34, +2.960, +0.164,+0.960
1579755960,+3.34, +2.982, +0.163,+0.960
1579756020,+3.34, +2.992, +0.162,+0.960
1579756080,+3.34, +2.971, +0.163,+0.960
1579756140,+3.34, +3.003, +0.161,+0.960
1579756200,+3.34, +2.971, +0.164,+0.960
1579756260,+3.33, +2.982, +0.164,+0.960
1579756320,+3.34, +2.971, +0.164,+0.960
1579756380,+3.34, +2.982, +0.161,+0.959
1579756440,+3.34, +2.971, +0.162,+0.960
1579756500,+3.34, +2.971, +0.163,+0.960
1579756560,+3.34, +2.971, +0.163,+0.960
1579756620,+3.34, +2.992, +0.162,+0.960
1579756680,+3.34, +2.982, +0.161,+0.960
1579756740,+3.34, +2.950, +0.162,+0.960
1579756800,+3.34, +2.971, +0.164,+0.960
1579756860,+3.34, +2.960, +0.163,+0.960
1579756920,+3.34, +2.960, +0.162,+0.960
1579756980,+3.34, +2.960, +0.163,+0.960
1579757040,+3.34, +2.971, +0.163,+0.960
1579757100,+3.34, +2.971, +0.162,+0.960
1579757160,+3.34, +3.003, +0.163,+0.960
1579757220,+3.34, +2.960, +0.164,+0.960
1579757280,+3.34, +2.992, +0.162,+0.960
1579757340,+3.34, +2.982, +0.163,+0.960
1579757400,+3.34, +2.992, +0.163,+0.960
1579757460,+3.34, +2.960, +0.165,+0.960
1579757520,+3.34, +2.982, +0.163,+0.960
1579757580,+3.34, +2.982, +0.163,+0.960
1579757640,+3.34, +2.992, +0.164,+0.960
1579757700,+3.34, +2.982, +0.161,+0.960
1579757760,+3.34, +2.992, +0.163,+0.960
1579757820,+3.34, +2.982, +0.162,+0.960
1579757880,+3.34, +3.003, +0.164,+0.960
1579757940,+3.33, +2.971, +0.163,+0.960
1579758000,+3.34, +2.960, +0.162,+0.960
1579758060,+3.34, +3.014, +0.164,+0.960
1579758120,+3.34, +2.982, +0.163,+0.960
1579758180,+3.34, +2.950, +0.162,+0.960
1579758240,+3.34, +2.982, +0.162,+0.959
1579758300,+3.34, +2.982, +0.163,+0.960
1579758360,+3.34, +2.992, +0.164,+0.960
1579758420,+3.34, +2.982, +0.163,+0.960
1579758480,+3.34, +2.971, +0.163,+0.960
1579758540,+3.34, +2.982, +0.163,+0.960
1579758600,+3.34, +2.971, +0.162,+0.960
1579758660,+3.34, +2.971, +0.162,+0.960
1579758720,+3.34, +3.003, +0.163,+0.960
1579758780,+3.34, +3.003, +0.163,+0.960
1579758840,+3.34, +2.971, +0.162,+0.960
1579758900,+3.34, +2.982, +0.163,+0.960
1579758960,+3.34, +2.971, +0.163,+0.960
1579759020,+3.34, +2.992, +0.163,+0.960
1579759080,+3.34, +3.003, +0.162,+0.960
1579759140,+3.34, +2.971, +0.163,+0.960
1579759200,+3.34, +3.003, +0.161,+0.960
1579759260,+3.34, +2.960, +0.164,+0.960
1579759320,+3.34, +2.982, +0.162,+0.960
1579759380,+3.34, +2.982, +0.163,+0.960
1579759440,+3.34, +2.982, +0.162,+0.960
1579759500,+3.34, +2.992, +0.161,+0.959
1579759560,+3.34, +2.971, +0.162,+0.960
1579759620,+3.34, +2.950, +0.161,+0.960
1579759680,+3.34, +2.971, +0.164,+0.960
1579759740,+3.34, +2.982, +0.163,+0.960
1579759800,+3.34, +2.971, +0.162,+0.960
1579759860,+3.34, +2.982, +0.163,+0.960
1579759920,+3.34, +2.982, +0.163,+0.960
1579759980,+3.34, +2.992, +0.163,+0.960
1579760040,+3.34, +2.960, +0.163,+0.960
1579760100,+3.34, +2.982, +0.161,+0.960
1579760160,+3.34, +2.971, +0.162,+0.960
1579760220,+3.34, +2.971, +0.162,+0.960
1579760280,+3.34, +2.992, +0.163,+0.960
1579760340,+3.34, +2.992, +0.161,+0.960
1579760400,+3.34, +2.982, +0.161,+0.960
1579760460,+3.34, +2.982, +0.163,+0.960
1579760520,+3.34, +2.992, +0.163,+0.960
1579760580,+3.33, +2.982, +0.162,+0.960
1579760640,+3.34, +2.971, +0.164,+0.960
1579760700,+3.34, +2.971, +0.163,+0.960
1579760760,+3.34, +2.971, +0.163,+0.960
1579760820,+3.34, +2.982, +0.166,+0.960
1579760880,+3.34, +2.992, +0.163,+0.960
1579760940,+3.34, +2.971, +0.162,+0.960
1579761000,+3.34, +2.992, +0.163,+0.960
1579761060,+3.34, +2.960, +0.162,+0.960
1579761120,+3.34, +2.854, +0.163,+0.959
1579761180,+3.34, +2.982, +0.163,+0.960
1579761240,+3.34, +2.950, +0.165,+0.960
1579761300,+3.34, +2.992, +0.164,+0.960
1579761360,+3.34, +3.003, +0.163,+0.960
1579761420,+3.34, +2.960, +0.164,+0.960
1579761480,+3.34, +2.971, +0.162,+0.960
1579761540,+3.34, +2.982, +0.163,+0.960
1579761600,+3.34, +2.982, +0.161,+0.959
1579761660,+3.34, +2.982, +0.163,+0.960
1579761720,+3.34, +2.971, +0.163,+0.960
1579761780,+3.34, +2.960, +0.165,+0.960
1579761840,+3.34, +2.971, +0.163,+0.960
1579761900,+3.34, +2.971, +0.163,+0.960
1579761960,+3.34, +2.982, +0.163,+0.960
1579762020,+3.34, +2.982, +0.162,+0.960
1579762080,+3.34, +2.950, +0.163,+0.960
1579762140,+3.34, +2.971, +0.163,+0.960
1579762200,+3.34, +2.960, +0.163,+0.960
1579762260,+3.34, +2.971, +0.162,+0.960
1579762320,+3.34, +2.971, +0.163,+0.960
1579762380,+3.34, +2.992, +0.160,+0.960
1579762440,+3.34, +2.960, +0.162,+0.960
1579762500,+3.34, +3.003, +0.161,+0.960
1579762560,+3.34, +2.982, +0.162,+0.960
1579762620,+3.34, +2.960, +0.164,+0.960
1579762680,+3.34, +2.960, +0.163,+0.960
1579762740,+3.34, +2.992, +0.161,+0.960
1579762800,+3.34, +2.939, +0.163,+0.960
1579762860,+3.34, +2.960, +0.161,+0.960
1579762920,+3.34, +2.971, +0.164,+0.960
1579762980,+3.34, +2.982, +0.163,+0.960
1579763040,+3.34, +2.992, +0.163,+0.960
1579763100,+3.34, +3.003, +0.161,+0.960
1579763160,+3.34, +2.960, +0.164,+0.960
1579763220,+3.34, +2.960, +0.162,+0.960
1579763280,+3.34, +2.950, +0.162,+0.960
1579763340,+3.34, +2.950, +0.164,+0.960
1579763400,+3.34, +2.950, +0.164,+0.960
1579763460,+3.34, +2.982, +0.163,+0.960
1579763520,+3.34, +2.982, +0.162,+0.960
1579763580,+3.34, +2.950, +0.164,+0.960
1579763640,+3.34, +3.003, +0.161,+0.960
1579763700,+3.34, +2.971, +0.164,+0.960
1579763760,+3.34, +2.971, +0.164,+0.960
1579763820,+3.34, +2.982, +0.163,+0.960
1579763880,+3.34, +2.971, +0.163,+0.960
1579763940,+3.34, +2.960, +0.162,+0.960
1579764000,+3.34, +2.982, +0.161,+0.960
1579764060,+3.34, +2.982, +0.163,+0.960
1579764120,+3.34, +2.960, +0.164,+0.960
1579764180,+3.34, +2.971, +0.162,+0.960
1579764240,+3.34, +2.960, +0.163,+0.960
1579764300,+3.34, +2.971, +0.163,+0.960
1579764360,+3.34, +2.982, +0.163,+0.960
1579764420,+3.34, +2.971, +0.163,+0.960
1579764480,+3.34, +2.971, +0.162,+0.960
1579764540,+3.34, +2.982, +0.163,+0.960
1579764600,+3.34, +2.971, +0.163,+0.960
1579764660,+3.34, +2.971, +0.162,+0.960
1579764720,+3.34, +2.982, +0.162,+0.960
1579764780,+3.34, +2.982, +0.163,+0.960
1579764840,+3.34, +2.992, +0.163,+0.960
1579764900,+3.34, +2.982, +0.164,+0.960
1579764960,+3.34, +2.971, +0.162,+0.960
1579765020,+3.34, +2.971, +0.162,+0.960
1579765080,+3.34, +2.971, +0.163,+0.960
1579765140,+3.34, +2.971, +0.164,+0.960
1579765200,+3.34, +2.992, +0.162,+0.960
1579765260,+3.34, +2.939, +0.164,+0.960
1579765320,+3.34, +2.982, +0.163,+0.960
1579765380,+3.34, +2.960, +0.163,+0.960
1579765440,+3.34, +2.992, +0.163,+0.960
1579765500,+3.34, +2.971, +0.163,+0.960
1579765560,+3.34, +2.992, +0.164,+0.960
1579765620,+3.34, +2.992, +0.161,+0.960
1579765680,+3.34, +2.960, +0.162,+0.960
1579765740,+3.34, +2.982, +0.159,+0.959
1579765800,+3.34, +2.971, +0.162,+0.960
1579765860,+3.34, +2.992, +0.162,+0.960
1579765920,+3.34, +2.982, +0.163,+0.960
1579765980,+3.34, +2.971, +0.163,+0.960
1579766040,+3.34, +2.971, +0.164,+0.960
1579766100,+3.34, +2.960, +0.162,+0.960
1579766160,+3.34, +2.992, +0.163,+0.960
1579766220,+3.34, +2.960, +0.162,+0.960
1579766280,+3.34, +2.971, +0.162,+0.960
1579766340,+3.33, +2.960, +0.163,+0.960
1579766400,+3.34, +2.971, +0.163,+0.960
1579766460,+3.34, +2.960, +0.164,+0.960
1579766520,+3.34, +2.971, +0.163,+0.960
1579766580,+3.34, +2.971, +0.161,+0.960
1579766640,+3.34, +2.950, +0.162,+0.960
1579766700,+3.34, +2.971, +0.164,+0.960
1579766760,+3.34, +2.960, +0.162,+0.960
1579766820,+3.34, +2.950, +0.164,+0.960
1579766880,+3.33, +2.982, +0.162,+0.960
1579766940,+3.34, +2.982, +0.164,+0.960
1579767000,+3.34, +3.003, +0.162,+0.960
1579767060,+3.34, +2.992, +0.161,+0.960
1579767120,+3.34, +2.982, +0.163,+0.960
1579767180,+3.34, +2.960, +0.163,+0.960
1579767240,+3.34, +2.971, +0.162,+0.960
1579767300,+3.34, +2.982, +0.165,+0.960
1579767360,+3.34, +2.982, +0.163,+0.960
1579767420,+3.34, +2.971, +0.163,+0.960
1579767480,+3.34, +2.971, +0.164,+0.960
1579767540,+3.34, +2.960, +0.161,+0.960
1579767600,+3.34, +2.971, +0.164,+0.960
1579767660,+3.34, +2.982, +0.163,+0.960
1579767720,+3.34, +2.982, +0.161,+0.960
1579767780,+3.34, +2.992, +0.163,+0.960
1579767840,+3.34, +2.982, +0.161,+0.960
1579767900,+3.34, +2.992, +0.164,+0.960
1579767960,+3.34, +2.950, +0.164,+0.960
1579768020,+3.34, +2.982, +0.163,+0.960
1579768080,+3.34, +2.960, +0.163,+0.960
1579768140,+3.34, +2.982, +0.162,+0.960
1579768200,+3.34, +2.971, +0.162,+0.960
1579768260,+3.34, +2.971, +0.163,+0.960
1579768320,+3.34, +2.971, +0.162,+0.960
1579768380,+3.34, +2.982, +0.164,+0.960
1579768440,+3.34, +2.950, +0.163,+0.960
1579768500,+3.34, +2.907, +0.164,+0.960
1579768560,+3.34, +3.003, +0.162,+0.960
1579768620,+3.34, +2.950, +0.163,+0.960
1579768680,+3.34, +2.982, +0.162,+0.960
1579768740,+3.34, +2.982, +0.163,+0.960
1579768800,+3.34, +2.950, +0.164,+0.960
1579768860,+3.34, +2.971, +0.164,+0.960
1579768920,+3.34, +2.982, +0.164,+0.960
1579768980,+3.34, +2.982, +0.161,+0.960
1579769040,+3.34, +2.950, +0.164,+0.960
1579769100,+3.34, +2.971, +0.164,+0.960
1579769160,+3.34, +2.982, +0.162,+0.960
1579769220,+3.34, +2.960, +0.161,+0.960
1579769280,+3.34, +2.971, +0.163,+0.960
1579769340,+3.34, +2.982, +0.163,+0.960
1579769400,+3.34, +2.960, +0.163,+0.960
1579769460,+3.34, +2.982, +0.164,+0.960
1579769520,+3.34, +2.971, +0.163,+0.960
1579769580,+3.34, +2.982, +0.163,+0.960
1579769640,+3.34, +2.971, +0.161,+0.960
1579769700,+3.34, +2.971, +0.162,+0.960
1579769760,+3.34, +2.960, +0.163,+0.960
1579769820,+3.34, +2.971, +0.163,+0.960
1579769880,+3.34, +2.982, +0.162,+0.960
1579769940,+3.34, +2.982, +0.163,+0.960
1579770000,+3.34, +2.982, +0.163,+0.960
1579770060,+3.34, +2.971, +0.164,+0.960
1579770120,+3.34, +2.971, +0.164,+0.960
1579770180,+3.34, +2.992, +0.163,+0.960
1579770240,+3.34, +2.982, +0.164,+0.960
1579770300,+3.34, +2.992, +0.163,+0.960
1579770360,+3.34, +2.992, +0.164,+0.960
1579770420,+3.34, +3.003, +0.164,+0.960
1579770480,+3.34, +2.982, +0.164,+0.960
1579770540,+3.34, +2.992, +0.162,+0.960
1579770600,+3.34, +2.992, +0.163,+0.960
1579770660,+3.34, +2.992, +0.162,+0.960
1579770720,+3.34, +2.971, +0.163,+0.960
1579770780,+3.34, +3.003, +0.163,+0.960
1579770840,+3.34, +2.992, +0.162,+0.960
1579770900,+3.34, +2.982, +0.164,+0.960
1579770960,+3.34, +2.971, +0.163,+0.960
1579771020,+3.34, +2.960, +0.164,+0.960
1579771080,+3.34, +2.971, +0.163,+0.960
1579771140,+3.34, +2.982, +0.163,+0.960
1579771200,+3.34, +2.982, +0.161,+0.960
1579771260,+3.34, +2.971, +0.163,+0.960
1579771320,+3.33, +2.982, +0.163,+0.960
1579771380,+3.34, +2.960, +0.161,+0.959
1579771440,+3.34, +2.982, +0.162,+0.960
1579771500,+3.34, +2.960, +0.164,+0.960
1579771560,+3.34, +3.003, +0.163,+0.960
1579771620,+3.34, +2.950, +0.164,+0.960
1579771680,+3.34, +2.992, +0.162,+0.960
1579771740,+3.34, +2.971, +0.164,+0.960
1579771800,+3.34, +2.950, +0.163,+0.960
1579771860,+3.34, +2.982, +0.162,+0.960
1579771920,+3.34, +3.035, +0.164,+0.960
1579771980,+3.34, +2.960, +0.164,+0.960
1579772040,+3.34, +2.982, +0.164,+0.960
1579772100,+3.34, +2.992, +0.162,+0.960
1579772160,+3.34, +3.003, +0.162,+0.960
1579772220,+3.34, +2.971, +0.163,+0.960
1579772280,+3.34, +2.971, +0.162,+0.960
1579772340,+3.34, +2.971, +0.163,+0.960
1579772400,+3.34, +2.971, +0.164,+0.960
1579772460,+3.34, +2.971, +0.161,+0.960
1579772520,+3.34, +3.003, +0.164,+0.960
1579772580,+3.34, +2.992, +0.163,+0.960
1579772640,+3.34, +2.928, +0.164,+0.960
1579772700,+3.34, +2.971, +0.163,+0.960
1579772760,+3.34, +2.971, +0.163,+0.960
1579772820,+3.34, +2.960, +0.163,+0.960
1579772880,+3.34, +2.960, +0.161,+0.959
1579772940,+3.34, +2.960, +0.162,+0.960
1579773000,+3.34, +2.982, +0.161,+0.960
1579773060,+3.34, +2.960, +0.165,+0.960
1579773120,+3.34, +2.971, +0.164,+0.960
1579773180,+3.34, +2.982, +0.163,+0.960
1579773240,+3.34, +2.982, +0.161,+0.960
1579773300,+3.34, +2.982, +0.163,+0.960
1579773360,+3.34, +2.982, +0.162,+0.960
1579773420,+3.34, +2.992, +0.164,+0.960
1579773480,+3.34, +2.960, +0.162,+0.960
1579773540,+3.34, +2.971, +0.163,+0.960
1579773600,+3.34, +2.971, +0.163,+0.960
1579773660,+3.34, +3.003, +0.163,+0.960
1579773720,+3.34, +2.992, +0.163,+0.960
1579773780,+3.34, +2.950, +0.163,+0.960
1579773840,+3.34, +2.982, +0.162,+0.960
1579773900,+3.34, +2.992, +0.162,+0.960
1579773960,+3.34, +2.992, +0.163,+0.960
1579774020,+3.34, +2.971, +0.163,+0.960
1579774080,+3.34, +2.982, +0.163,+0.960
1579774140,+3.34, +2.928, +0.163,+0.959
1579774200,+3.34, +2.982, +0.163,+0.960
1579774260,+3.34, +3.003, +0.163,+0.960
1579774320,+3.34, +2.982, +0.163,+0.960
1579774380,+3.34, +3.003, +0.164,+0.960
1579774440,+3.34, +2.992, +0.162,+0.960
1579774500,+3.34, +2.992, +0.164,+0.960
1579774560,+3.34, +3.003, +0.163,+0.960
1579774620,+3.34, +2.971, +0.163,+0.960
1579774680,+3.34, +2.971, +0.163,+0.960
1579774740,+3.34, +2.982, +0.163,+0.960
1579774800,+3.34, +2.971, +0.163,+0.960
1579774860,+3.34, +3.003, +0.163,+0.960
1579774920,+3.34, +2.982, +0.161,+0.960
1579774980,+3.34, +2.971, +0.163,+0.960
1579775040,+3.34, +2.971, +0.165,+0.960
1579775100,+3.34, +2.992, +0.163,+0.960
1579775160,+3.34, +2.950, +0.161,+0.959
1579775220,+3.34, +2.982, +0.163,+0.960
1579775280,+3.34, +2.971, +0.163,+0.960
1579775340,+3.34, +2.971, +0.164,+0.960
1579775400,+3.34, +2.982, +0.162,+0.960
1579775460,+3.34, +2.960, +0.163,+0.960
1579775520,+3.34, +2.960, +0.163,+0.960
1579775580,+3.34, +2.982, +0.162,+0.960
1579775640,+3.34, +2.982, +0.163,+0.960
1579775700,+3.34, +2.982, +0.162,+0.960
1579775760,+3.34, +2.982, +0.163,+0.960
1579775820,+3.34, +2.950, +0.162,+0.960
1579775880,+3.34, +2.992, +0.164,+0.960
1579775940,+3.34, +2.982, +0.163,+0.960
1579776000,+3.34, +2.971, +0.161,+0.960
1579776060,+3.34, +3.014, +0.163,+0.960
1579776120,+3.34, +2.982, +0.161,+0.960
1579776180,+3.34, +2.982, +0.163,+0.960
1579776240,+3.34, +2.992, +0.163,+0.960
1579776300,+3.34, +2.960, +0.164,+0.960
1579776360,+3.34, +2.982, +0.163,+0.960
1579776420,+3.34, +2.992, +0.163,+0.960
1579776480,+3.34, +2.982, +0.163,+0.960
1579776540,+3.34, +2.992, +0.163,+0.960
1579776600,+3.34, +2.982, +0.163,+0.960
1579776660,+3.34, +2.982, +0.163,+0.960
1579776720,+3.34, +2.982, +0.163,+0.960
1579776780,+3.34, +2.982, +0.162,+0.960
1579776840,+3.34, +2.982, +0.162,+0.960
1579776900,+3.34, +2.971, +0.165,+0.960
1579776960,+3.34, +3.003, +0.163,+0.960
1579777020,+3.34, +3.003, +0.161,+0.960
1579777080,+3.34, +2.971, +0.162,+0.960
1579777140,+3.34, +2.982, +0.162,+0.960
1579777200,+3.34, +2.960, +0.163,+0.960
1579777260,+3.34, +2.971, +0.162,+0.960
1579777320,+3.34, +2.971, +0.161,+0.960
1579777380,+3.34, +2.992, +0.163,+0.960
1579777440,+3.34, +2.971, +0.163,+0.960
1579777500,+3.34, +2.982, +0.163,+0.960
1579777560,+3.34, +2.982, +0.165,+0.960
1579777620,+3.34, +3.003, +0.163,+0.960
1579777680,+3.34, +2.982, +0.162,+0.960
1579777740,+3.34, +2.982, +0.164,+0.960
1579777800,+3.34, +2.971, +0.163,+0.960
1579777860,+3.34, +2.992, +0.163,+0.960
1579777920,+3.34, +2.960, +0.163,+0.960
1579777980,+3.34, +2.950, +0.163,+0.960
1579778040,+3.34, +2.982, +0.163,+0.960
1579778100,+3.34, +2.992, +0.163,+0.960
1579778160,+3.34, +2.992, +0.164,+0.960
1579778220,+3.34, +2.982, +0.161,+0.960
1579778280,+3.34, +2.992, +0.164,+0.960
1579778340,+3.34, +2.971, +0.163,+0.960
1579778400,+3.34, +2.960, +0.163,+0.960
1579778460,+3.34, +2.982, +0.163,+0.960
1579778520,+3.34, +2.992, +0.163,+0.960
1579778580,+3.34, +2.971, +0.163,+0.960
1579778640,+3.34, +2.982, +0.163,+0.960
1579778700,+3.34, +2.971, +0.162,+0.960
1579778760,+3.34, +2.982, +0.162,+0.959
1579778820,+3.34, +2.971, +0.165,+0.960
1579778880,+3.34, +2.982, +0.162,+0.960
1579778940,+3.34, +2.982, +0.163,+0.960
1579779000,+3.34, +2.982, +0.163,+0.960
1579779060,+3.34, +2.960, +0.162,+0.960
1579779120,+3.34, +2.960, +0.165,+0.960
1579779180,+3.34, +2.928, +0.162,+0.960
1579779240,+3.34, +2.992, +0.162,+0.960
1579779300,+3.34, +2.960, +0.164,+0.960
1579779360,+3.34, +2.971, +0.164,+0.960
1579779420,+3.34, +2.992, +0.162,+0.960
1579779480,+3.34, +3.003, +0.162,+0.960
1579779540,+3.34, +3.003, +0.161,+0.960
1579779600,+3.34, +2.939, +0.163,+0.960
1579779660,+3.34, +2.982, +0.163,+0.960
1579779720,+3.34, +2.982, +0.163,+0.960
1579779780,+3.34, +2.992, +0.163,+0.960
1579779840,+3.34, +2.982, +0.162,+0.960
1579779900,+3.34, +2.982, +0.163,+0.960
1579779960,+3.34, +2.950, +0.164,+0.960
1579780020,+3.34, +2.950, +0.163,+0.960
1579780080,+3.34, +2.992, +0.162,+0.960
1579780140,+3.34, +2.971, +0.164,+0.960
1579780200,+3.34, +2.971, +0.161,+0.960
1579780260,+3.34, +2.992, +0.162,+0.960
1579780320,+3.34, +2.992, +0.163,+0.960
1579780380,+3.34, +2.971, +0.163,+0.960
1579780440,+3.34, +2.982, +0.163,+0.960
1579780500,+3.34, +2.982, +0.163,+0.960
1579780560,+3.34, +2.971, +0.163,+0.960
1579780620,+3.34, +2.992, +0.163,+0.960
1579780680,+3.34, +3.003, +0.162,+0.960
1579780740,+3.34, +2.982, +0.162,+0.960
1579780800,+3.34, +2.960, +0.163,+0.960
1579780860,+3.34, +2.971, +0.164,+0.960
1579780920,+3.34, +2.960, +0.163,+0.960
1579780980,+3.34, +2.982, +0.162,+0.960
1579781040,+3.34, +2.950, +0.163,+0.960
1579781100,+3.34, +2.960, +0.164,+0.960
1579781160,+3.34, +2.971, +0.163,+0.960
1579781220,+3.34, +2.950, +0.161,+0.960
1579781280,+3.34, +2.939, +0.163,+0.960
1579781340,+3.34, +2.960, +0.162,+0.960
1579781400,+3.34, +2.971, +0.162,+0.959
1579781460,+3.34, +2.971, +0.164,+0.960
1579781520,+3.34, +2.939, +0.162,+0.960
1579781580,+3.34, +2.971, +0.164,+0.960
1579781640,+3.34, +3.067, +0.161,+0.960
1579781700,+3.34, +2.960, +0.162,+0.960
1579781760,+3.34, +2.982, +0.162,+0.960
1579781820,+3.34, +2.982, +0.161,+0.960
1579781880,+3.34, +2.992, +0.161,+0.960
1579781940,+3.34, +2.982, +0.164,+0.960
1579782000,+3.34, +2.992, +0.163,+0.960
1579782060,+3.34, +3.003, +0.162,+0.960
1579782120,+3.34, +2.971, +0.163,+0.960
1579782180,+3.34, +2.971, +0.162,+0.960
1579782240,+3.34, +2.992, +0.161,+0.960
1579782300,+3.34, +2.960, +0.162,+0.960
1579782360,+3.34, +2.950, +0.164,+0.960
1579782420,+3.34, +2.982, +0.164,+0.960
1579782480,+3.34, +2.982, +0.164,+0.960
1579782540,+3.34, +2.982, +0.163,+0.960
1579782600,+3.34, +2.982, +0.164,+0.960
1579782660,+3.34, +3.003, +0.162,+0.960
1579782720,+3.34, +2.971, +0.163,+0.960
1579782780,+3.34, +2.960, +0.163,+0.960
1579782840,+3.34, +2.971, +0.161,+0.960
1579782900,+3.34, +2.971, +0.161,+0.959
1579782960,+3.34, +2.992, +0.162,+0.960
1579783020,+3.34, +2.982, +0.163,+0.960
1579783080,+3.34, +2.960, +0.163,+0.960
1579783140,+3.34, +2.992, +0.164,+0.960
1579783200,+3.34, +2.982, +0.163,+0.960
1579783260,+3.34, +2.971, +0.163,+0.960
1579783320,+3.34, +2.971, +0.163,+0.960
1579783380,+3.34, +2.982, +0.162,+0.960
1579783440,+3.34, +2.960, +0.162,+0.960
1579783500,+3.34, +2.982, +0.164,+0.960
1579783560,+3.34, +2.971, +0.162,+0.960
1579783620,+3.34, +2.960, +0.163,+0.960
1579783680,+3.34, +2.971, +0.161,+0.959
1579783740,+3.34, +2.982, +0.163,+0.960
1579783800,+3.34, +3.003, +0.163,+0.960
1579783860,+3.34, +2.960, +0.164,+0.960
1579783920,+3.34, +2.971, +0.162,+0.960
1579783980,+3.34, +2.960, +0.162,+0.960
1579784040,+3.34, +2.960, +0.162,+0.960
1579784100,+3.34, +2.960, +0.164,+0.960
1579784160,+3.34, +2.971, +0.162,+0.960
1579784220,+3.34, +2.971, +0.164,+0.960
1579784280,+3.34, +2.971, +0.164,+0.960
1579784340,+3.34, +2.992, +0.162,+0.960
1579784400,+3.34, +2.971, +0.163,+0.960
1579784460,+3.34, +2.960, +0.164,+0.960
1579784520,+3.34, +2.971, +0.162,+0.960
1579784580,+3.34, +2.960, +0.164,+0.960
1579784640,+3.34, +2.950, +0.163,+0.960
1579784700,+3.34, +2.982, +0.161,+0.959
1579784760,+3.34, +3.003, +0.164,+0.960
1579784820,+3.34, +2.950, +0.164,+0.960
1579784880,+3.34, +2.960, +0.163,+0.960
1579784940,+3.34, +2.992, +0.164,+0.960
1579785000,+3.34, +2.992, +0.164,+0.960
1579785060,+3.34, +2.992, +0.162,+0.960
1579785120,+3.34, +2.971, +0.163,+0.960
1579785180,+3.34, +2.982, +0.163,+0.960
1579785240,+3.34, +2.960, +0.163,+0.960
1579785300,+3.34, +2.992, +0.161,+0.960
1579785360,+3.34, +2.982, +0.163,+0.960
1579785420,+3.34, +2.982, +0.163,+0.960
1579785480,+3.34, +2.992, +0.163,+0.960
1579785540,+3.34, +2.982, +0.163,+0.960
1579785600,+3.34, +2.982, +0.164,+0.960
1579785660,+3.34, +2.971, +0.162,+0.960
1579785720,+3.34, +2.992, +0.161,+0.960
1579785780,+3.34, +2.982, +0.162,+0.960
1579785840,+3.34, +2.960, +0.162,+0.959
1579785900,+3.34, +2.982, +0.162,+0.960
1579785960,+3.34, +2.960, +0.164,+0.960
1579786020,+3.34, +2.971, +0.164,+0.960
1579786080,+3.34, +2.971, +0.164,+0.960
1579786140,+3.34, +2.992, +0.162,+0.960
1579786200,+3.34, +2.971, +0.163,+0.960
1579786260,+3.34, +2.960, +0.164,+0.960
1579786320,+3.34, +2.971, +0.163,+0.960
1579786380,+3.34, +2.971, +0.163,+0.960
1579786440,+3.34, +2.950, +0.164,+0.960
1579786500,+3.34, +2.982, +0.163,+0.960
1579786560,+3.34, +2.971, +0.165,+0.960
1579786620,+3.34, +2.950, +0.164,+0.960
1579786680,+3.34, +2.982, +0.163,+0.960
1579786740,+3.34, +2.950, +0.163,+0.960
1579786800,+3.34, +2.971, +0.162,+0.960
1579786860,+3.34, +2.971, +0.163,+0.960
1579786920,+3.34, +2.960, +0.163,+0.960
1579786980,+3.34, +2.982, +0.163,+0.960
1579787040,+3.34, +2.982, +0.162,+0.960
1579787100,+3.34, +2.971, +0.164,+0.960
1579787160,+3.34, +2.971, +0.164,+0.960
1579787220,+3.34, +2.982, +0.163,+0.960
1579787280,+3.34, +2.992, +0.164,+0.960
1579787340,+3.34, +2.971, +0.163,+0.960
1579787400,+3.34, +2.992, +0.162,+0.960
1579787460,+3.34, +2.950, +0.163,+0.960
1579787520,+3.34, +2.971, +0.162,+0.960
1579787580,+3.34, +2.971, +0.164,+0.960
1579787640,+3.34, +2.982, +0.164,+0.960
1579787700,+3.34, +2.971, +0.162,+0.960
1579787760,+3.34, +2.992, +0.163,+0.960
1579787820,+3.34, +3.003, +0.164,+0.960
1579787880,+3.34, +2.992, +0.161,+0.960
1579787940,+3.34, +2.971, +0.162,+0.960
1579788000,+3.34, +2.971, +0.162,+0.960
1579788060,+3.34, +2.971, +0.164,+0.960
1579788120,+3.34, +2.960, +0.163,+0.960
1579788180,+3.34, +2.982, +0.163,+0.960
1579788240,+3.34, +2.939, +0.162,+0.960
1579788300,+3.34, +2.971, +0.163,+0.960
1579788360,+3.34, +2.992, +0.162,+0.960
1579788420,+3.34, +2.971, +0.164,+0.960
1579788480,+3.34, +2.971, +0.163,+0.960
1579788540,+3.34, +2.960, +0.163,+0.960
1579788600,+3.34, +2.982, +0.163,+0.960
1579788660,+3.34, +2.992, +0.161,+0.960
1579788720,+3.34, +3.003, +0.162,+0.960
1579788780,+3.34, +2.971, +0.162,+0.960
1579788840,+3.34, +2.971, +0.163,+0.960
1579788900,+3.34, +2.992, +0.164,+0.960
1579788960,+3.33, +2.982, +0.164,+0.960
1579789020,+3.34, +2.971, +0.164,+0.960
1579789080,+3.34, +2.960, +0.163,+0.960
1579789140,+3.34, +2.960, +0.163,+0.960
1579789200,+3.34, +2.971, +0.163,+0.960
1579789260,+3.34, +2.950, +0.163,+0.960
1579789320,+3.34, +2.971, +0.163,+0.960
1579789380,+3.34, +2.960, +0.164,+0.960
1579789440,+3.34, +2.939, +0.165,+0.960
1579789500,+3.34, +3.014, +0.162,+0.960
1579789560,+3.34, +2.960, +0.163,+0.960
1579789620,+3.34, +2.960, +0.163,+0.960
1579789680,+3.34, +2.971, +0.163,+0.960
1579789740,+3.34, +2.960, +0.164,+0.960
1579789800,+3.34, +2.960, +0.163,+0.960
1579789860,+3.34, +2.971, +0.163,+0.960
1579789920,+3.33, +2.982, +0.163,+0.960
1579789980,+3.34, +2.982, +0.162,+0.960
1579790040,+3.34, +2.971, +0.163,+0.960
1579790100,+3.34, +2.982, +0.164,+0.960
1579790160,+3.34, +2.971, +0.162,+0.960
1579790220,+3.34, +2.992, +0.162,+0.960
1579790280,+3.34, +2.971, +0.162,+0.960
1579790340,+3.34, +2.992, +0.162,+0.960
1579790400,+3.34, +2.982, +0.163,+0.960
1579790460,+3.34, +2.950, +0.164,+0.960
1579790520,+3.34, +2.971, +0.163,+0.960
1579790580,+3.34, +2.982, +0.164,+0.960
1579790640,+3.34, +2.971, +0.164,+0.960
1579790700,+3.34, +3.003, +0.162,+0.960
1579790760,+3.34, +2.992, +0.161,+0.960
1579790820,+3.34, +2.960, +0.163,+0.960
1579790880,+3.34, +2.950, +0.163,+0.960
1579790940,+3.34, +2.992, +0.162,+0.960
1579791000,+3.34, +2.960, +0.163,+0.960
1579791060,+3.34, +2.971, +0.162,+0.960
1579791120,+3.34, +2.992, +0.163,+0.960
1579791180,+3.34, +2.971, +0.162,+0.960
1579791240,+3.34, +2.982, +0.163,+0.960
1579791300,+3.34, +2.992, +0.164,+0.960
1579791360,+3.34, +2.971, +0.165,+0.960
1579791420,+3.34, +3.014, +0.163,+0.960
1579791480,+3.34, +2.992, +0.163,+0.960
1579791540,+3.34, +2.950, +0.164,+0.960
1579791600,+3.34, +2.950, +0.163,+0.960
1579791660,+3.34, +2.971, +0.163,+0.960
1579791720,+3.34, +2.992, +0.162,+0.960
1579791780,+3.34, +3.003, +0.164,+0.960
1579791840,+3.34, +2.982, +0.163,+0.960
1579791900,+3.34, +2.971, +0.164,+0.960
1579791960,+3.34, +3.014, +0.162,+0.960
1579792020,+3.34, +3.003, +0.164,+0.960
1579792080,+3.34, +2.992, +0.162,+0.960
1579792140,+3.34, +2.971, +0.162,+0.960
1579792200,+3.34, +2.992, +0.162,+0.960
1579792260,+3.34, +2.982, +0.164,+0.960
1579792320,+3.34, +2.992, +0.163,+0.960
1579792380,+3.34, +3.014, +0.162,+0.960
1579792440,+3.34, +2.982, +0.163,+0.960
1579792500,+3.34, +2.950, +0.165,+0.960
1579792560,+3.34, +2.960, +0.163,+0.960
1579792620,+3.34, +2.982, +0.164,+0.960
1579792680,+3.34, +2.982, +0.163,+0.960
1579792740,+3.34, +2.971, +0.164,+0.960
1579792800,+3.34, +2.971, +0.163,+0.960
1579792860,+3.34, +2.982, +0.163,+0.960
1579792920,+3.34, +2.992, +0.163,+0.960
1579792980,+3.34, +2.992, +0.163,+0.960
1579793040,+3.34, +2.971, +0.160,+0.960
1579793100,+3.34, +2.982, +0.163,+0.960
1579793160,+3.34, +2.971, +0.163,+0.960
1579793220,+3.34, +2.971, +0.160,+0.959
1579793280,+3.34, +2.960, +0.162,+0.960
1579793340,+3.34, +2.992, +0.161,+0.960
1579793400,+3.34, +2.971, +0.165,+0.960
1579793460,+3.34, +3.014, +0.164,+0.960
1579793520,+3.34, +2.971, +0.161,+0.960
1579793580,+3.34, +2.907, +0.165,+0.960
1579793640,+3.34, +2.992, +0.163,+0.960
1579793700,+3.34, +2.982, +0.161,+0.960
1579793760,+3.34, +2.992, +0.162,+0.960
1579793820,+3.34, +2.950, +0.164,+0.960
1579793880,+3.34, +2.971, +0.162,+0.960
1579793940,+3.34, +2.971, +0.161,+0.960
1579794000,+3.34, +2.982, +0.163,+0.960
1579794060,+3.34, +2.992, +0.162,+0.960
1579794120,+3.34, +2.971, +0.164,+0.960
1579794180,+3.34, +2.971, +0.163,+0.960
1579794240,+3.34, +2.960, +0.164,+0.960
1579794300,+3.34, +2.971, +0.162,+0.960
1579794360,+3.34, +2.982, +0.162,+0.960
1579794420,+3.34, +2.982, +0.163,+0.960
1579794480,+3.34, +2.992, +0.163,+0.960
1579794540,+3.34, +2.992, +0.165,+0.960
1579794600,+3.34, +2.982, +0.163,+0.960
1579794660,+3.34, +2.950, +0.164,+0.960
1579794720,+3.34, +2.971, +0.163,+0.960
1579794780,+3.34, +2.950, +0.164,+0.960
1579794840,+3.34, +2.971, +0.162,+0.960
1579794900,+3.34, +2.982, +0.164,+0.960
1579794960,+3.34, +2.982, +0.163,+0.960
1579795020,+3.34, +2.971, +0.163,+0.960
1579795080,+3.34, +2.971, +0.164,+0.960
1579795140,+3.34, +2.960, +0.163,+0.960
1579795200,+3.34, +2.960, +0.163,+0.960
1579795260,+3.34, +2.960, +0.164,+0.960
1579795320,+3.34, +2.950, +0.162,+0.960
1579795380,+3.34, +2.960, +0.163,+0.960
1579795440,+3.34, +2.992, +0.163,+0.960
1579795500,+3.34, +2.971, +0.162,+0.960
1579795560,+3.34, +2.960, +0.163,+0.960
1579795620,+3.34, +2.950, +0.163,+0.960
1579795680,+3.34, +2.971, +0.163,+0.960
1579795740,+3.34, +3.003, +0.161,+0.960
1579795800,+3.34, +2.982, +0.162,+0.960
1579795860,+3.34, +2.971, +0.164,+0.960
1579795920,+3.34, +2.992, +0.163,+0.960
1579795980,+3.34, +2.971, +0.163,+0.960
1579796040,+3.34, +2.960, +0.164,+0.960
1579796100,+3.34, +2.950, +0.164,+0.960
1579796160,+3.34, +2.992, +0.163,+0.960
1579796220,+3.34, +2.971, +0.162,+0.960
1579796280,+3.34, +2.971, +0.161,+0.960
1579796340,+3.34, +2.960, +0.162,+0.960
1579796400,+3.34, +2.982, +0.164,+0.960
1579796460,+3.34, +2.960, +0.163,+0.960
1579796520,+3.34, +2.960, +0.163,+0.960
1579796580,+3.34, +2.971, +0.163,+0.960
1579796640,+3.34, +3.003, +0.163,+0.960
1579796700,+3.34, +2.982, +0.163,+0.960
1579796760,+3.34, +2.971, +0.164,+0.960
1579796820,+3.34, +2.971, +0.162,+0.960
1579796880,+3.34, +2.950, +0.163,+0.960
1579796940,+3.34, +2.971, +0.162,+0.960
1579797000,+3.34, +2.950, +0.162,+0.960
1579797060,+3.34, +2.971, +0.163,+0.960
1579797120,+3.34, +2.971, +0.165,+0.960
1579797180,+3.34, +2.960, +0.165,+0.960
1579797240,+3.34, +2.982, +0.164,+0.960
1579797300,+3.34, +2.950, +0.164,+0.960
1579797360,+3.34, +2.950, +0.162,+0.960
1579797420,+3.34, +2.960, +0.162,+0.960
1579797480,+3.34, +2.960, +0.162,+0.960
1579797540,+3.34, +2.971, +0.162,+0.960
1579797600,+3.34, +2.992, +0.161,+0.960
1579797660,+3.34, +2.960, +0.165,+0.960
1579797720,+3.34, +2.982, +0.163,+0.960
1579797780,+3.34, +2.960, +0.162,+0.960
1579797840,+3.34, +2.992, +0.164,+0.960
1579797900,+3.34, +2.950, +0.164,+0.960
1579797960,+3.34, +2.950, +0.163,+0.960
1579798020,+3.34, +2.960, +0.163,+0.960
1579798080,+3.33, +2.939, +0.164,+0.960
1579798140,+3.34, +2.971, +0.163,+0.960
1579798200,+3.33, +2.982, +0.164,+0.960
1579798260,+3.34, +2.982, +0.161,+0.960
1579798320,+3.34, +2.982, +0.163,+0.960
1579798380,+3.34, +2.992, +0.163,+0.960
1579798440,+3.34, +2.950, +0.164,+0.960
1579798500,+3.34, +2.960, +0.163,+0.960
1579798560,+3.34, +2.982, +0.162,+0.960
1579798620,+3.34, +2.960, +0.164,+0.960
1579798680,+3.34, +2.971, +0.164,+0.960
1579798740,+3.34, +2.971, +0.164,+0.960
1579798800,+3.34, +2.960, +0.164,+0.960
1579798860,+3.33, +2.971, +0.163,+0.959
1579798920,+3.34, +2.982, +0.163,+0.960
1579798980,+3.34, +2.982, +0.163,+0.960
1579799040,+3.34, +2.950, +0.164,+0.960
1579799100,+3.34, +2.971, +0.162,+0.960
1579799160,+3.34, +2.982, +0.161,+0.959
1579799220,+3.34, +2.982, +0.163,+0.960
1579799280,+3.34, +2.982, +0.163,+0.960
1579799340,+3.34, +2.982, +0.163,+0.960
1579799400,+3.34, +2.971, +0.163,+0.960
1579799460,+3.34, +2.971, +0.164,+0.960
1579799520,+3.34, +2.960, +0.163,+0.960
1579799580,+3.33, +2.971, +0.163,+0.960
1579799640,+3.34, +2.971, +0.162,+0.960
1579799700,+3.34, +2.939, +0.166,+0.960
1579799760,+3.34, +2.982, +0.164,+0.960
1579799820,+3.34, +2.971, +0.163,+0.960
1579799880,+3.34, +2.992, +0.161,+0.960
1579799940,+3.34, +2.960, +0.162,+0.960
1579800000,+3.34, +2.960, +0.162,+0.960
1579800060,+3.34, +2.971, +0.163,+0.960
1579800120,+3.34, +2.971, +0.163,+0.960
1579800180,+3.34, +2.992, +0.161,+0.960
1579800240,+3.34, +2.939, +0.163,+0.960
1579800300,+3.34, +2.939, +0.162,+0.960
1579800360,+3.34, +2.982, +0.162,+0.960
1579800420,+3.34, +2.971, +0.163,+0.960
1579800480,+3.34, +2.950, +0.164,+0.960
1579800540,+3.34, +2.950, +0.163,+0.960
1579800600,+3.34, +2.875, +0.164,+0.959
1579800660,+3.34, +2.971, +0.165,+0.960
1579800720,+3.34, +2.971, +0.163,+0.960
1579800780,+3.33, +2.939, +0.163,+0.960
1579800840,+3.33, +2.982, +0.163,+0.960
1579800900,+3.34, +2.950, +0.165,+0.960
1579800960,+3.34, +2.960, +0.164,+0.960
1579801020,+3.33, +2.950, +0.161,+0.959
1579801080,+3.33, +2.971, +0.162,+0.960
1579801140,+3.34, +2.939, +0.164,+0.960
1579801200,+3.34, +2.960, +0.161,+0.960
1579801260,+3.34, +2.971, +0.163,+0.960
1579801320,+3.34, +2.960, +0.161,+0.960
1579801380,+3.34, +2.960, +0.163,+0.960
1579801440,+3.34, +2.971, +0.163,+0.960
1579801500,+3.34, +2.971, +0.163,+0.960
1579801560,+3.34, +2.971, +0.165,+0.960
1579801620,+3.34, +2.971, +0.161,+0.960
1579801680,+3.34, +2.950, +0.164,+0.960
1579801740,+3.34, +2.960, +0.163,+0.960
1579801800,+3.33, +2.992, +0.162,+0.960
1579801860,+3.34, +2.992, +0.164,+0.960
1579801920,+3.34, +2.982, +0.163,+0.960
1579801980,+3.34, +2.960, +0.164,+0.960
1579802040,+3.33, +2.992, +0.164,+0.960
1579802100,+3.34, +2.992, +0.162,+0.960
1579802160,+3.34, +2.982, +0.162,+0.960
1579802220,+3.34, +2.960, +0.162,+0.960
1579802280,+3.34, +2.960, +0.163,+0.960
1579802340,+3.34, +2.982, +0.160,+0.960
1579802400,+3.34, +2.939, +0.163,+0.960
1579802460,+3.34, +2.960, +0.163,+0.960
1579802520,+3.33, +2.982, +0.163,+0.960
1579802580,+3.34, +2.960, +0.164,+0.960
1579802640,+3.34, +2.971, +0.163,+0.960
1579802700,+3.34, +2.971, +0.163,+0.960
1579802760,+3.34, +2.960, +0.163,+0.960
1579802820,+3.34, +2.960, +0.163,+0.960
1579802880,+3.34, +2.971, +0.163,+0.960
1579802940,+3.34, +2.982, +0.163,+0.960
1579803000,+3.34, +2.960, +0.165,+0.960
1579803060,+3.33, +2.939, +0.163,+0.960
1579803120,+3.34, +2.982, +0.163,+0.960
1579803180,+3.34, +2.971, +0.163,+0.960
1579803240,+3.34, +2.960, +0.163,+0.960
1579803300,+3.34, +2.960, +0.162,+0.960
1579803360,+3.34, +2.971, +0.163,+0.960
1579803420,+3.33, +2.971, +0.163,+0.960
1579803480,+3.34, +2.971, +0.162,+0.960
1579803540,+3.33, +2.992, +0.163,+0.960
1579803600,+3.34, +2.992, +0.162,+0.960
1579803660,+3.34, +2.982, +0.161,+0.960
1579803720,+3.33, +2.950, +0.163,+0.960
1579803780,+3.34, +2.950, +0.163,+0.960
1579803840,+3.34, +2.982, +0.162,+0.960
1579803900,+3.34, +2.982, +0.164,+0.960
1579803960,+3.34, +2.960, +0.162,+0.960
1579804020,+3.34, +2.982, +0.162,+0.960
1579804080,+3.34, +2.982, +0.163,+0.960
1579804140,+3.34, +2.971, +0.163,+0.960
1579804200,+3.34, +2.960, +0.163,+0.960
1579804260,+3.34, +2.982, +0.163,+0.960
1579804320,+3.34, +2.960, +0.163,+0.960
1579804380,+3.33, +2.982, +0.162,+0.960
1579804440,+3.34, +2.960, +0.163,+0.960
1579804500,+3.34, +2.960, +0.164,+0.960
1579804560,+3.34, +2.971, +0.162,+0.960
1579804620,+3.34, +2.992, +0.162,+0.960
1579804680,+3.34, +2.982, +0.163,+0.960
1579804740,+3.34, +2.960, +0.162,+0.960
1579804800,+3.34, +2.960, +0.162,+0.960
1579804860,+3.34, +2.950, +0.161,+0.959
1579804920,+3.34, +2.971, +0.163,+0.960
1579804980,+3.34, +2.971, +0.162,+0.960
1579805040,+3.34, +2.971, +0.161,+0.960
1579805100,+3.34, +2.992, +0.161,+0.960
1579805160,+3.34, +2.992, +0.161,+0.960
1579805220,+3.34, +2.971, +0.163,+0.960
1579805280,+3.34, +2.971, +0.162,+0.960
1579805340,+3.34, +2.971, +0.164,+0.960
1579805400,+3.33, +3.003, +0.161,+0.960
1579805460,+3.34, +2.992, +0.160,+0.960
1579805520,+3.34, +2.971, +0.163,+0.960
1579805580,+3.34, +2.971, +0.162,+0.960
1579805640,+3.34, +2.950, +0.164,+0.960
1579805700,+3.34, +2.950, +0.163,+0.960
1579805760,+3.33, +2.971, +0.164,+0.960
1579805820,+3.34, +2.960, +0.164,+0.960
1579805880,+3.34, +2.960, +0.162,+0.960
1579805940,+3.34, +2.992, +0.163,+0.960
1579806000,+3.34, +2.982, +0.163,+0.960
1579806060,+3.34, +2.960, +0.163,+0.960
1579806120,+3.34, +2.971, +0.163,+0.960
1579806180,+3.34, +2.982, +0.162,+0.960
1579806240,+3.34, +2.971, +0.164,+0.960
1579806300,+3.34, +2.982, +0.164,+0.960
1579806360,+3.34, +2.982, +0.162,+0.960
1579806420,+3.34, +2.960, +0.161,+0.960
1579806480,+3.34, +2.960, +0.163,+0.960
1579806540,+3.34, +2.982, +0.163,+0.960
1579806600,+3.34, +2.982, +0.164,+0.960
1579806660,+3.34, +2.960, +0.162,+0.960
1579806720,+3.34, +2.982, +0.161,+0.960
1579806780,+3.34, +2.950, +0.163,+0.960
1579806840,+3.34, +2.971, +0.162,+0.960
1579806900,+3.34, +3.003, +0.162,+0.960
1579806960,+3.34, +2.950, +0.162,+0.960
1579807020,+3.34, +2.982, +0.162,+0.960
1579807080,+3.34, +2.960, +0.163,+0.960
1579807140,+3.34, +2.982, +0.164,+0.960
1579807200,+3.34, +2.960, +0.163,+0.960
1579807260,+3.34, +2.971, +0.162,+0.960
1579807320,+3.34, +2.960, +0.164,+0.960
1579807380,+3.34, +2.971, +0.162,+0.960
1579807440,+3.34, +2.950, +0.162,+0.960
1579807500,+3.34, +2.971, +0.162,+0.960
1579807560,+3.34, +2.960, +0.162,+0.960
1579807620,+3.34, +2.960, +0.164,+0.960
1579807680,+3.34, +2.982, +0.162,+0.959
1579807740,+3.34, +2.950, +0.162,+0.960
1579807800,+3.34, +2.971, +0.162,+0.960
1579807860,+3.34, +2.971, +0.164,+0.960
1579807920,+3.34, +2.960, +0.164,+0.960
1579807980,+3.34, +2.950, +0.164,+0.960
1579808040,+3.34, +2.960, +0.163,+0.960
1579808100,+3.34, +2.971, +0.163,+0.960
1579808160,+3.34, +2.960, +0.163,+0.960
1579808220,+3.34, +2.971, +0.164,+0.960
1579808280,+3.34, +2.918, +0.163,+0.959
1579808340,+3.34, +3.003, +0.163,+0.960
1579808400,+3.34, +2.982, +0.162,+0.960
1579808460,+3.34, +2.971, +0.161,+0.960
1579808520,+3.34, +2.960, +0.164,+0.960
1579808580,+3.34, +2.971, +0.163,+0.960
1579808640,+3.34, +2.960, +0.163,+0.960
1579808700,+3.34, +2.971, +0.164,+0.960
1579808760,+3.34, +2.960, +0.164,+0.960
1579808820,+3.34, +2.971, +0.161,+0.960
1579808880,+3.34, +2.971, +0.163,+0.960
1579808940,+3.34, +2.971, +0.162,+0.960
1579809000,+3.34, +2.982, +0.162,+0.960
1579809060,+3.34, +2.960, +0.163,+0.960
1579809120,+3.34, +2.960, +0.163,+0.960
1579809180,+3.34, +2.960, +0.163,+0.960
1579809240,+3.34, +2.960, +0.163,+0.960
1579809300,+3.33, +2.971, +0.163,+0.960
1579809360,+3.34, +2.971, +0.160,+0.960
1579809420,+3.34, +2.960, +0.162,+0.960
1579809480,+3.34, +2.950, +0.162,+0.960
1579809540,+3.34, +2.960, +0.164,+0.960
1579809600,+3.34, +2.950, +0.164,+0.960
1579809660,+3.34, +2.971, +0.162,+0.960
1579809720,+3.34, +2.971, +0.163,+0.960
1579809780,+3.34, +2.950, +0.163,+0.960
1579809840,+3.34, +2.971, +0.162,+0.960
1579809900,+3.34, +2.982, +0.164,+0.960
1579809960,+3.34, +2.982, +0.163,+0.960
1579810020,+3.34, +2.950, +0.163,+0.960
1579810080,+3.34, +2.960, +0.163,+0.960
1579810140,+3.34, +2.971, +0.162,+0.960
1579810200,+3.34, +2.960, +0.162,+0.960
1579810260,+3.34, +3.003, +0.161,+0.960
1579810320,+3.34, +2.950, +0.165,+0.960
1579810380,+3.34, +2.982, +0.162,+0.960
1579810440,+3.34, +2.939, +0.164,+0.960
1579810500,+3.34, +2.971, +0.165,+0.960
1579810560,+3.34, +2.971, +0.163,+0.960
1579810620,+3.34, +2.960, +0.164,+0.960
1579810680,+3.34, +2.971, +0.163,+0.960
1579810740,+3.34, +2.971, +0.162,+0.960
1579810800,+3.34, +2.928, +0.163,+0.960
1579810860,+3.34, +2.950, +0.163,+0.960
1579810920,+3.34, +2.960, +0.163,+0.960
1579810980,+3.34, +2.971, +0.162,+0.960
1579811040,+3.34, +2.971, +0.164,+0.960
1579811100,+3.34, +2.971, +0.164,+0.960
1579811160,+3.34, +2.971, +0.163,+0.960
1579811220,+3.34, +2.982, +0.162,+0.960
1579811280,+3.34, +2.992, +0.163,+0.960
1579811340,+3.34, +2.939, +0.164,+0.960
1579811400,+3.34, +2.960, +0.162,+0.960
1579811460,+3.34, +2.992, +0.163,+0.960
1579811520,+3.34, +2.960, +0.164,+0.960
1579811580,+3.34, +2.950, +0.163,+0.960
1579811640,+3.34, +2.950, +0.163,+0.960
1579811700,+3.34, +2.897, +0.164,+0.960
1579811760,+3.34, +2.992, +0.162,+0.960
1579811820,+3.34, +2.960, +0.163,+0.960
1579811880,+3.34, +2.950, +0.162,+0.960
1579811940,+3.34, +2.982, +0.163,+0.960
1579812000,+3.33, +2.982, +0.162,+0.960
1579812060,+3.34, +2.950, +0.165,+0.960
1579812120,+3.34, +2.960, +0.161,+0.960
1579812180,+3.34, +2.960, +0.161,+0.960
1579812240,+3.34, +2.971, +0.164,+0.960
1579812300,+3.34, +2.971, +0.163,+0.960
1579812360,+3.34, +2.960, +0.164,+0.960
1579812420,+3.34, +2.971, +0.163,+0.960
1579812480,+3.34, +2.950, +0.163,+0.960
1579812540,+3.34, +2.960, +0.161,+0.960
1579812600,+3.34, +2.971, +0.160,+0.960
