7392-570653
OS REV: 1.11 Sensor Cal: 1428445788
Time (sec),  BV (Volts),  T (deg C),  DO (mg/l),  Q ()
1578171060,+3.35, +3.352, +0.160,+0.960
1578171120,+3.35, +3.373, +0.158,+0.959
1578171180,+3.35, +3.352, +0.158,+0.959
1578171240,+3.35, +3.426, +0.159,+0.960
1578171300,+3.35, +3.373, +0.160,+0.960
1578171360,+3.35, +3.363, +0.161,+0.960
1578171420,+3.35, +3.341, +0.160,+0.959
1578171480,+3.35, +3.331, +0.161,+0.960
1578171540,+3.35, +3.341, +0.161,+0.960
1578171600,+3.35, +3.341, +0.160,+0.959
1578171660,+3.35, +3.363, +0.163,+0.960
1578171720,+3.35, +3.363, +0.160,+0.960
1578171780,+3.35, +3.373, +0.159,+0.960
1578171840,+3.35, +3.384, +0.161,+0.960
1578171900,+3.35, +3.363, +0.159,+0.960
1578171960,+3.35, +3.373, +0.159,+0.960
1578172020,+3.35, +3.363, +0.160,+0.960
1578172080,+3.35, +3.341, +0.160,+0.959
1578172140,+3.35, +3.384, +0.159,+0.959
1578172200,+3.35, +3.352, +0.161,+0.960
1578172260,+3.35, +3.394, +0.160,+0.960
1578172320,+3.35, +3.363, +0.160,+0.959
1578172380,+3.35, +3.320, +0.160,+0.960
1578172440,+3.35, +3.384, +0.160,+0.960
1578172500,+3.35, +3.384, +0.162,+0.960
1578172560,+3.35, +3.363, +0.161,+0.960
1578172620,+3.35, +3.331, +0.159,+0.960
1578172680,+3.35, +3.373, +0.159,+0.960
1578172740,+3.35, +3.363, +0.159,+0.959
1578172800,+3.35, +3.373, +0.160,+0.960
1578172860,+3.35, +3.373, +0.160,+0.960
1578172920,+3.35, +3.352, +0.160,+0.960
1578172980,+3.35, +3.384, +0.159,+0.960
1578173040,+3.35, +3.331, +0.160,+0.959
1578173100,+3.35, +3.394, +0.157,+0.960
1578173160,+3.35, +3.363, +0.160,+0.960
1578173220,+3.35, +3.373, +0.160,+0.960
1578173280,+3.35, +3.363, +0.159,+0.959
1578173340,+3.35, +3.352, +0.161,+0.960
1578173400,+3.35, +3.352, +0.159,+0.960
1578173460,+3.35, +3.341, +0.159,+0.959
1578173520,+3.35, +3.352, +0.160,+0.960
1578173580,+3.35, +3.352, +0.158,+0.960
1578173640,+3.35, +3.363, +0.159,+0.960
1578173700,+3.35, +3.352, +0.159,+0.959
1578173760,+3.35, +3.394, +0.160,+0.960
1578173820,+3.35, +3.363, +0.161,+0.959
1578173880,+3.35, +3.352, +0.160,+0.959
1578173940,+3.35, +3.363, +0.160,+0.959
1578174000,+3.35, +3.373, +0.159,+0.960
1578174060,+3.35, +3.373, +0.161,+0.960
1578174120,+3.35, +3.363, +0.159,+0.960
1578174180,+3.35, +3.373, +0.160,+0.960
1578174240,+3.35, +3.384, +0.159,+0.960
1578174300,+3.35, +3.384, +0.161,+0.960
1578174360,+3.35, +3.363, +0.158,+0.959
1578174420,+3.35, +3.341, +0.162,+0.960
1578174480,+3.35, +3.363, +0.160,+0.960
1578174540,+3.35, +3.352, +0.160,+0.960
1578174600,+3.35, +3.373, +0.159,+0.959
1578174660,+3.35, +3.341, +0.159,+0.960
1578174720,+3.35, +3.363, +0.158,+0.959
1578174780,+3.35, +3.363, +0.160,+0.960
1578174840,+3.35, +3.363, +0.160,+0.960
1578174900,+3.35, +3.373, +0.160,+0.960
1578174960,+3.35, +3.373, +0.160,+0.960
1578175020,+3.35, +3.363, +0.161,+0.960
1578175080,+3.35, +3.373, +0.160,+0.960
1578175140,+3.35, +3.352, +0.161,+0.960
1578175200,+3.35, +3.373, +0.159,+0.960
1578175260,+3.35, +3.320, +0.162,+0.960
1578175320,+3.35, +3.384, +0.159,+0.960
1578175380,+3.35, +3.352, +0.159,+0.959
1578175440,+3.35, +3.352, +0.161,+0.960
1578175500,+3.35, +3.352, +0.159,+0.959
1578175560,+3.35, +3.363, +0.158,+0.960
1578175620,+3.35, +3.384, +0.160,+0.960
1578175680,+3.35, +3.373, +0.159,+0.959
1578175740,+3.35, +3.373, +0.159,+0.960
1578175800,+3.35, +3.331, +0.160,+0.959
1578175860,+3.35, +3.373, +0.160,+0.960
1578175920,+3.35, +3.373, +0.159,+0.959
1578175980,+3.35, +3.341, +0.161,+0.960
1578176040,+3.35, +3.363, +0.160,+0.960
1578176100,+3.35, +3.363, +0.159,+0.959
1578176160,+3.35, +3.363, +0.160,+0.960
1578176220,+3.35, +3.363, +0.159,+0.960
1578176280,+3.35, +3.384, +0.160,+0.960
1578176340,+3.35, +3.352, +0.159,+0.960
1578176400,+3.35, +3.373, +0.161,+0.960
1578176460,+3.35, +3.363, +0.159,+0.960
1578176520,+3.35, +3.363, +0.161,+0.960
1578176580,+3.35, +3.373, +0.160,+0.959
1578176640,+3.35, +3.341, +0.160,+0.959
1578176700,+3.35, +3.363, +0.159,+0.959
1578176760,+3.35, +3.352, +0.159,+0.959
1578176820,+3.35, +3.363, +0.161,+0.960
1578176880,+3.35, +3.363, +0.160,+0.960
1578176940,+3.35, +3.363, +0.159,+0.960
1578177000,+3.35, +3.352, +0.159,+0.960
1578177060,+3.35, +3.373, +0.161,+0.960
1578177120,+3.35, +3.373, +0.161,+0.960
1578177180,+3.35, +3.363, +0.159,+0.960
1578177240,+3.35, +3.363, +0.161,+0.960
1578177300,+3.35, +3.373, +0.160,+0.960
1578177360,+3.35, +3.341, +0.159,+0.960
1578177420,+3.35, +3.352, +0.161,+0.960
1578177480,+3.35, +3.384, +0.158,+0.960
1578177540,+3.35, +3.352, +0.159,+0.960
1578177600,+3.35, +3.352, +0.159,+0.959
1578177660,+3.35, +3.352, +0.160,+0.960
1578177720,+3.35, +3.373, +0.162,+0.960
1578177780,+3.35, +3.341, +0.161,+0.960
1578177840,+3.35, +3.363, +0.159,+0.959
1578177900,+3.35, +3.341, +0.161,+0.960
1578177960,+3.35, +3.384, +0.160,+0.960
1578178020,+3.35, +3.363, +0.160,+0.959
1578178080,+3.35, +3.341, +0.161,+0.960
1578178140,+3.35, +3.373, +0.160,+0.959
1578178200,+3.35, +3.352, +0.160,+0.960
1578178260,+3.35, +3.384, +0.160,+0.960
1578178320,+3.35, +3.341, +0.159,+0.959
1578178380,+3.35, +3.363, +0.160,+0.960
1578178440,+3.35, +3.384, +0.161,+0.960
1578178500,+3.35, +3.405, +0.160,+0.960
1578178560,+3.35, +3.352, +0.160,+0.960
1578178620,+3.35, +3.384, +0.159,+0.960
1578178680,+3.35, +3.341, +0.161,+0.960
1578178740,+3.35, +3.405, +0.158,+0.960
1578178800,+3.35, +3.352, +0.160,+0.959
1578178860,+3.35, +3.341, +0.159,+0.959
1578178920,+3.35, +3.341, +0.161,+0.960
1578178980,+3.35, +3.352, +0.159,+0.960
1578179040,+3.35, +3.363, +0.160,+0.960
1578179100,+3.35, +3.341, +0.160,+0.959
1578179160,+3.35, +3.352, +0.160,+0.960
1578179220,+3.35, +3.363, +0.161,+0.960
1578179280,+3.35, +3.331, +0.160,+0.959
1578179340,+3.35, +3.373, +0.160,+0.960
1578179400,+3.35, +3.352, +0.160,+0.959
1578179460,+3.35, +3.363, +0.161,+0.960
1578179520,+3.35, +3.373, +0.161,+0.960
1578179580,+3.35, +3.341, +0.160,+0.959
1578179640,+3.35, +3.363, +0.160,+0.960
1578179700,+3.35, +3.363, +0.160,+0.960
1578179760,+3.35, +3.373, +0.159,+0.960
1578179820,+3.35, +3.363, +0.160,+0.959
1578179880,+3.35, +3.363, +0.159,+0.959
1578179940,+3.35, +3.352, +0.160,+0.960
1578180000,+3.35, +3.352, +0.160,+0.960
1578180060,+3.35, +3.363, +0.160,+0.960
1578180120,+3.35, +3.341, +0.161,+0.960
1578180180,+3.35, +3.384, +0.160,+0.960
1578180240,+3.35, +3.341, +0.160,+0.960
1578180300,+3.35, +3.310, +0.162,+0.960
1578180360,+3.35, +3.373, +0.159,+0.960
1578180420,+3.35, +3.363, +0.160,+0.959
1578180480,+3.35, +3.352, +0.159,+0.960
1578180540,+3.35, +3.352, +0.161,+0.960
1578180600,+3.35, +3.352, +0.160,+0.960
1578180660,+3.35, +3.373, +0.160,+0.960
1578180720,+3.35, +3.373, +0.159,+0.960
1578180780,+3.35, +3.384, +0.159,+0.960
1578180840,+3.35, +3.363, +0.159,+0.959
1578180900,+3.35, +3.384, +0.159,+0.960
1578180960,+3.35, +3.352, +0.161,+0.960
1578181020,+3.35, +3.363, +0.161,+0.960
1578181080,+3.35, +3.331, +0.159,+0.959
1578181140,+3.35, +3.352, +0.159,+0.959
1578181200,+3.35, +3.341, +0.160,+0.960
1578181260,+3.35, +3.384, +0.159,+0.960
1578181320,+3.35, +3.352, +0.160,+0.960
1578181380,+3.35, +3.352, +0.160,+0.960
1578181440,+3.35, +3.373, +0.159,+0.960
1578181500,+3.35, +3.384, +0.159,+0.960
1578181560,+3.35, +3.352, +0.157,+0.959
1578181620,+3.35, +3.341, +0.161,+0.960
1578181680,+3.35, +3.384, +0.158,+0.959
1578181740,+3.35, +3.363, +0.159,+0.959
1578181800,+3.35, +3.384, +0.160,+0.960
1578181860,+3.35, +3.352, +0.161,+0.960
1578181920,+3.35, +3.363, +0.160,+0.960
1578181980,+3.35, +3.352, +0.160,+0.959
1578182040,+3.35, +3.363, +0.161,+0.960
1578182100,+3.35, +3.341, +0.161,+0.960
1578182160,+3.35, +3.373, +0.160,+0.960
1578182220,+3.35, +3.341, +0.159,+0.959
1578182280,+3.35, +3.384, +0.159,+0.959
1578182340,+3.35, +3.352, +0.162,+0.960
1578182400,+3.35, +3.373, +0.159,+0.960
1578182460,+3.35, +3.341, +0.159,+0.959
1578182520,+3.35, +3.363, +0.159,+0.959
1578182580,+3.35, +3.363, +0.161,+0.960
1578182640,+3.35, +3.373, +0.160,+0.960
1578182700,+3.35, +3.352, +0.160,+0.960
1578182760,+3.35, +3.373, +0.161,+0.960
1578182820,+3.35, +3.352, +0.162,+0.960
1578182880,+3.35, +3.363, +0.161,+0.960
1578182940,+3.35, +3.373, +0.160,+0.960
1578183000,+3.35, +3.363, +0.160,+0.960
1578183060,+3.35, +3.373, +0.160,+0.960
1578183120,+3.35, +3.373, +0.161,+0.960
1578183180,+3.35, +3.352, +0.160,+0.960
1578183240,+3.35, +3.341, +0.161,+0.960
1578183300,+3.35, +3.373, +0.161,+0.960
1578183360,+3.35, +3.352, +0.159,+0.959
1578183420,+3.35, +3.352, +0.158,+0.959
1578183480,+3.35, +3.352, +0.160,+0.960
1578183540,+3.35, +3.363, +0.160,+0.960
1578183600,+3.35, +3.384, +0.160,+0.960
1578183660,+3.35, +3.363, +0.160,+0.959
1578183720,+3.35, +3.352, +0.161,+0.960
1578183780,+3.35, +3.352, +0.159,+0.959
1578183840,+3.35, +3.363, +0.159,+0.960
1578183900,+3.35, +3.384, +0.158,+0.959
1578183960,+3.35, +3.352, +0.159,+0.959
1578184020,+3.35, +3.352, +0.160,+0.960
1578184080,+3.35, +3.331, +0.161,+0.960
1578184140,+3.35, +3.341, +0.161,+0.959
1578184200,+3.35, +3.352, +0.161,+0.960
1578184260,+3.35, +3.373, +0.159,+0.960
1578184320,+3.35, +3.384, +0.158,+0.960
1578184380,+3.35, +3.331, +0.162,+0.960
1578184440,+3.35, +3.363, +0.161,+0.960
1578184500,+3.35, +3.363, +0.160,+0.960
1578184560,+3.35, +3.331, +0.161,+0.960
1578184620,+3.35, +3.394, +0.159,+0.960
1578184680,+3.35, +3.341, +0.162,+0.960
1578184740,+3.35, +3.363, +0.159,+0.960
1578184800,+3.35, +3.352, +0.160,+0.960
1578184860,+3.35, +3.394, +0.159,+0.960
1578184920,+3.35, +3.363, +0.160,+0.960
1578184980,+3.35, +3.352, +0.160,+0.960
1578185040,+3.35, +3.352, +0.159,+0.960
1578185100,+3.35, +3.341, +0.160,+0.960
1578185160,+3.35, +3.363, +0.159,+0.960
1578185220,+3.35, +3.352, +0.159,+0.959
1578185280,+3.35, +3.331, +0.161,+0.960
1578185340,+3.35, +3.352, +0.163,+0.960
1578185400,+3.35, +3.341, +0.160,+0.960
1578185460,+3.35, +3.373, +0.160,+0.960
1578185520,+3.35, +3.352, +0.160,+0.959
1578185580,+3.35, +3.394, +0.160,+0.960
1578185640,+3.35, +3.352, +0.159,+0.959
1578185700,+3.35, +3.363, +0.161,+0.960
1578185760,+3.35, +3.352, +0.161,+0.960
1578185820,+3.35, +3.331, +0.159,+0.959
1578185880,+3.35, +3.363, +0.161,+0.960
1578185940,+3.35, +3.384, +0.159,+0.960
1578186000,+3.35, +3.363, +0.159,+0.959
1578186060,+3.35, +3.320, +0.161,+0.959
1578186120,+3.35, +3.352, +0.160,+0.960
1578186180,+3.35, +3.331, +0.161,+0.959
1578186240,+3.35, +3.394, +0.161,+0.960
1578186300,+3.35, +3.352, +0.159,+0.959
1578186360,+3.35, +3.352, +0.160,+0.960
1578186420,+3.35, +3.363, +0.161,+0.960
1578186480,+3.35, +3.373, +0.160,+0.960
1578186540,+3.35, +3.373, +0.159,+0.960
1578186600,+3.35, +3.352, +0.160,+0.960
1578186660,+3.35, +3.352, +0.160,+0.960
1578186720,+3.35, +3.341, +0.161,+0.960
1578186780,+3.35, +3.363, +0.160,+0.960
1578186840,+3.35, +3.341, +0.160,+0.959
1578186900,+3.35, +3.341, +0.161,+0.960
1578186960,+3.35, +3.331, +0.160,+0.959
1578187020,+3.35, +3.363, +0.161,+0.960
1578187080,+3.35, +3.363, +0.160,+0.960
1578187140,+3.35, +3.352, +0.160,+0.960
1578187200,+3.35, +3.373, +0.160,+0.959
1578187260,+3.35, +3.363, +0.159,+0.960
1578187320,+3.35, +3.373, +0.160,+0.960
1578187380,+3.35, +3.352, +0.159,+0.959
1578187440,+3.35, +3.341, +0.160,+0.959
1578187500,+3.35, +3.352, +0.161,+0.960
1578187560,+3.35, +3.384, +0.159,+0.960
1578187620,+3.35, +3.373, +0.160,+0.960
1578187680,+3.35, +3.363, +0.160,+0.960
1578187740,+3.35, +3.341, +0.159,+0.959
1578187800,+3.35, +3.363, +0.162,+0.960
1578187860,+3.35, +3.363, +0.160,+0.960
1578187920,+3.35, +3.352, +0.159,+0.960
1578187980,+3.35, +3.363, +0.161,+0.960
1578188040,+3.35, +3.394, +0.159,+0.960
1578188100,+3.35, +3.415, +0.160,+0.960
1578188160,+3.35, +3.341, +0.159,+0.959
1578188220,+3.35, +3.352, +0.160,+0.960
1578188280,+3.35, +3.352, +0.160,+0.959
1578188340,+3.35, +3.363, +0.161,+0.960
1578188400,+3.35, +3.352, +0.160,+0.960
1578188460,+3.35, +3.363, +0.161,+0.960
1578188520,+3.35, +3.363, +0.161,+0.960
1578188580,+3.35, +3.363, +0.160,+0.960
1578188640,+3.35, +3.363, +0.159,+0.960
1578188700,+3.35, +3.394, +0.160,+0.960
1578188760,+3.35, +3.363, +0.159,+0.960
1578188820,+3.35, +3.352, +0.161,+0.960
1578188880,+3.35, +3.373, +0.160,+0.960
1578188940,+3.35, +3.363, +0.160,+0.960
1578189000,+3.35, +3.363, +0.160,+0.960
1578189060,+3.35, +3.363, +0.160,+0.960
1578189120,+3.35, +3.373, +0.159,+0.959
1578189180,+3.35, +3.373, +0.160,+0.960
1578189240,+3.35, +3.373, +0.160,+0.960
1578189300,+3.35, +3.352, +0.159,+0.959
1578189360,+3.35, +3.363, +0.159,+0.959
1578189420,+3.35, +3.320, +0.162,+0.960
1578189480,+3.35, +3.352, +0.161,+0.960
1578189540,+3.35, +3.363, +0.160,+0.960
1578189600,+3.35, +3.363, +0.159,+0.960
1578189660,+3.35, +3.373, +0.160,+0.960
1578189720,+3.35, +3.384, +0.160,+0.960
1578189780,+3.35, +3.363, +0.159,+0.960
1578189840,+3.35, +3.363, +0.159,+0.960
1578189900,+3.35, +3.363, +0.160,+0.959
1578189960,+3.35, +3.373, +0.160,+0.960
1578190020,+3.35, +3.363, +0.161,+0.960
1578190080,+3.35, +3.363, +0.160,+0.960
1578190140,+3.35, +3.384, +0.159,+0.960
1578190200,+3.35, +3.341, +0.159,+0.959
1578190260,+3.35, +3.373, +0.160,+0.960
1578190320,+3.35, +3.363, +0.159,+0.959
1578190380,+3.35, +3.341, +0.162,+0.960
1578190440,+3.35, +3.373, +0.160,+0.960
1578190500,+3.35, +3.352, +0.161,+0.960
1578190560,+3.35, +3.384, +0.160,+0.960
1578190620,+3.35, +3.373, +0.159,+0.960
1578190680,+3.35, +3.363, +0.161,+0.960
1578190740,+3.35, +3.352, +0.160,+0.960
1578190800,+3.35, +3.373, +0.160,+0.960
1578190860,+3.35, +3.384, +0.160,+0.960
1578190920,+3.35, +3.352, +0.162,+0.960
1578190980,+3.35, +3.363, +0.160,+0.960
1578191040,+3.35, +3.373, +0.159,+0.960
1578191100,+3.35, +3.363, +0.160,+0.960
1578191160,+3.35, +3.363, +0.159,+0.960
1578191220,+3.35, +3.384, +0.158,+0.960
1578191280,+3.35, +3.384, +0.161,+0.960
1578191340,+3.35, +3.363, +0.159,+0.960
1578191400,+3.35, +3.352, +0.161,+0.960
1578191460,+3.35, +3.341, +0.160,+0.960
1578191520,+3.35, +3.373, +0.160,+0.960
1578191580,+3.35, +3.341, +0.160,+0.960
1578191640,+3.35, +3.341, +0.160,+0.960
1578191700,+3.35, +3.363, +0.160,+0.960
1578191760,+3.35, +3.363, +0.159,+0.959
1578191820,+3.35, +3.352, +0.162,+0.960
1578191880,+3.35, +3.352, +0.160,+0.960
1578191940,+3.35, +3.363, +0.159,+0.960
1578192000,+3.35, +3.373, +0.160,+0.959
1578192060,+3.35, +3.341, +0.160,+0.959
1578192120,+3.35, +3.352, +0.161,+0.960
1578192180,+3.35, +3.352, +0.160,+0.960
1578192240,+3.35, +3.352, +0.160,+0.960
1578192300,+3.35, +3.352, +0.160,+0.960
1578192360,+3.35, +3.352, +0.160,+0.960
1578192420,+3.35, +3.363, +0.160,+0.960
1578192480,+3.35, +3.373, +0.161,+0.960
1578192540,+3.35, +3.352, +0.160,+0.960
1578192600,+3.35, +3.363, +0.161,+0.960
1578192660,+3.35, +3.352, +0.160,+0.960
1578192720,+3.35, +3.363, +0.158,+0.960
1578192780,+3.35, +3.373, +0.159,+0.960
1578192840,+3.35, +3.352, +0.160,+0.960
1578192900,+3.35, +3.363, +0.159,+0.960
1578192960,+3.35, +3.394, +0.160,+0.960
1578193020,+3.35, +3.352, +0.162,+0.960
1578193080,+3.35, +3.373, +0.159,+0.960
1578193140,+3.35, +3.341, +0.160,+0.960
1578193200,+3.35, +3.363, +0.160,+0.960
1578193260,+3.35, +3.352, +0.159,+0.959
1578193320,+3.35, +3.363, +0.160,+0.960
1578193380,+3.35, +3.363, +0.161,+0.960
1578193440,+3.35, +3.363, +0.161,+0.960
1578193500,+3.35, +3.331, +0.162,+0.960
1578193560,+3.35, +3.363, +0.160,+0.959
1578193620,+3.35, +3.341, +0.161,+0.960
1578193680,+3.35, +3.331, +0.160,+0.959
1578193740,+3.35, +3.331, +0.162,+0.960
1578193800,+3.35, +3.384, +0.160,+0.960
1578193860,+3.35, +3.363, +0.161,+0.960
1578193920,+3.35, +3.331, +0.161,+0.960
1578193980,+3.35, +3.363, +0.159,+0.960
1578194040,+3.35, +3.384, +0.161,+0.960
1578194100,+3.35, +3.373, +0.159,+0.960
1578194160,+3.35, +3.352, +0.162,+0.960
1578194220,+3.35, +3.331, +0.160,+0.959
1578194280,+3.35, +3.373, +0.159,+0.960
1578194340,+3.35, +3.373, +0.160,+0.960
1578194400,+3.35, +3.373, +0.160,+0.960
1578194460,+3.35, +3.373, +0.159,+0.960
1578194520,+3.35, +3.373, +0.159,+0.960
1578194580,+3.35, +3.363, +0.161,+0.960
1578194640,+3.35, +3.352, +0.160,+0.960
1578194700,+3.35, +3.320, +0.160,+0.959
1578194760,+3.35, +3.363, +0.161,+0.960
1578194820,+3.35, +3.363, +0.162,+0.960
1578194880,+3.35, +3.352, +0.161,+0.960
1578194940,+3.35, +3.373, +0.160,+0.960
1578195000,+3.35, +3.363, +0.161,+0.960
1578195060,+3.35, +3.373, +0.161,+0.960
1578195120,+3.35, +3.373, +0.159,+0.959
1578195180,+3.35, +3.331, +0.160,+0.960
1578195240,+3.35, +3.352, +0.160,+0.959
1578195300,+3.35, +3.363, +0.159,+0.960
1578195360,+3.35, +3.341, +0.161,+0.960
1578195420,+3.35, +3.373, +0.160,+0.960
1578195480,+3.35, +3.352, +0.159,+0.959
1578195540,+3.35, +3.352, +0.159,+0.959
1578195600,+3.35, +3.363, +0.159,+0.959
1578195660,+3.35, +3.363, +0.159,+0.959
1578195720,+3.35, +3.373, +0.159,+0.960
1578195780,+3.35, +3.384, +0.159,+0.960
1578195840,+3.35, +3.384, +0.161,+0.960
1578195900,+3.35, +3.384, +0.161,+0.960
1578195960,+3.35, +3.320, +0.160,+0.959
1578196020,+3.35, +3.373, +0.160,+0.960
1578196080,+3.35, +3.363, +0.160,+0.960
1578196140,+3.35, +3.363, +0.159,+0.960
1578196200,+3.35, +3.363, +0.160,+0.960
1578196260,+3.35, +3.363, +0.160,+0.959
1578196320,+3.35, +3.373, +0.161,+0.960
1578196380,+3.35, +3.373, +0.160,+0.960
1578196440,+3.35, +3.352, +0.159,+0.960
1578196500,+3.35, +3.373, +0.160,+0.960
1578196560,+3.35, +3.363, +0.163,+0.960
1578196620,+3.35, +3.373, +0.161,+0.960
1578196680,+3.35, +3.363, +0.159,+0.960
1578196740,+3.35, +3.352, +0.160,+0.959
1578196800,+3.35, +3.373, +0.160,+0.960
1578196860,+3.35, +3.320, +0.160,+0.959
1578196920,+3.35, +3.373, +0.160,+0.959
1578196980,+3.35, +3.363, +0.159,+0.959
1578197040,+3.35, +3.373, +0.160,+0.960
1578197100,+3.35, +3.341, +0.160,+0.959
1578197160,+3.35, +3.363, +0.159,+0.959
1578197220,+3.35, +3.363, +0.159,+0.959
1578197280,+3.35, +3.341, +0.160,+0.960
1578197340,+3.35, +3.394, +0.161,+0.960
1578197400,+3.35, +3.352, +0.159,+0.959
1578197460,+3.35, +3.363, +0.160,+0.960
1578197520,+3.35, +3.384, +0.160,+0.960
1578197580,+3.35, +3.373, +0.159,+0.959
1578197640,+3.35, +3.363, +0.161,+0.960
1578197700,+3.35, +3.341, +0.161,+0.960
1578197760,+3.35, +3.341, +0.158,+0.959
1578197820,+3.35, +3.373, +0.160,+0.960
1578197880,+3.35, +3.363, +0.161,+0.960
1578197940,+3.35, +3.352, +0.161,+0.959
1578198000,+3.35, +3.363, +0.159,+0.959
1578198060,+3.35, +3.373, +0.161,+0.960
1578198120,+3.35, +3.373, +0.160,+0.960
1578198180,+3.35, +3.331, +0.161,+0.960
1578198240,+3.35, +3.363, +0.160,+0.960
1578198300,+3.35, +3.384, +0.158,+0.960
1578198360,+3.35, +3.363, +0.159,+0.960
1578198420,+3.35, +3.331, +0.159,+0.959
1578198480,+3.35, +3.373, +0.160,+0.959
1578198540,+3.35, +3.341, +0.161,+0.959
1578198600,+3.35, +3.352, +0.160,+0.960
1578198660,+3.35, +3.352, +0.158,+0.959
1578198720,+3.35, +3.331, +0.160,+0.960
1578198780,+3.35, +3.331, +0.160,+0.960
1578198840,+3.35, +3.352, +0.160,+0.959
1578198900,+3.35, +3.363, +0.161,+0.960
1578198960,+3.35, +3.341, +0.161,+0.959
1578199020,+3.35, +3.352, +0.161,+0.960
1578199080,+3.35, +3.363, +0.159,+0.960
1578199140,+3.35, +3.341, +0.159,+0.959
1578199200,+3.35, +3.341, +0.161,+0.960
1578199260,+3.35, +3.352, +0.160,+0.960
1578199320,+3.35, +3.341, +0.161,+0.960
1578199380,+3.35, +3.352, +0.158,+0.959
1578199440,+3.35, +3.363, +0.159,+0.960
1578199500,+3.35, +3.341, +0.162,+0.960
1578199560,+3.35, +3.320, +0.161,+0.959
1578199620,+3.35, +3.363, +0.160,+0.960
1578199680,+3.35, +3.310, +0.159,+0.959
1578199740,+3.35, +3.373, +0.159,+0.960
1578199800,+3.35, +3.373, +0.160,+0.960
1578199860,+3.35, +3.352, +0.160,+0.959
1578199920,+3.35, +3.320, +0.160,+0.960
1578199980,+3.35, +3.341, +0.161,+0.960
1578200040,+3.35, +3.363, +0.160,+0.960
1578200100,+3.35, +3.341, +0.161,+0.960
1578200160,+3.35, +3.352, +0.159,+0.960
1578200220,+3.35, +3.363, +0.159,+0.960
1578200280,+3.35, +3.373, +0.159,+0.960
1578200340,+3.35, +3.299, +0.161,+0.959
1578200400,+3.35, +3.363, +0.161,+0.960
1578200460,+3.35, +3.363, +0.161,+0.960
1578200520,+3.35, +3.363, +0.160,+0.960
1578200580,+3.35, +3.373, +0.160,+0.960
1578200640,+3.35, +3.363, +0.161,+0.960
1578200700,+3.35, +3.363, +0.160,+0.959
1578200760,+3.35, +3.352, +0.160,+0.960
1578200820,+3.35, +3.384, +0.160,+0.960
1578200880,+3.35, +3.363, +0.159,+0.960
1578200940,+3.35, +3.341, +0.162,+0.960
1578201000,+3.35, +3.352, +0.161,+0.960
1578201060,+3.35, +3.352, +0.161,+0.960
1578201120,+3.35, +3.352, +0.162,+0.960
1578201180,+3.35, +3.352, +0.158,+0.959
1578201240,+3.35, +3.341, +0.160,+0.959
1578201300,+3.35, +3.373, +0.160,+0.960
1578201360,+3.35, +3.352, +0.160,+0.960
1578201420,+3.35, +3.373, +0.162,+0.960
1578201480,+3.35, +3.352, +0.160,+0.960
1578201540,+3.35, +3.373, +0.160,+0.960
1578201600,+3.35, +3.341, +0.160,+0.959
1578201660,+3.35, +3.363, +0.159,+0.960
1578201720,+3.35, +3.373, +0.160,+0.959
1578201780,+3.35, +3.373, +0.159,+0.960
1578201840,+3.35, +3.352, +0.160,+0.960
1578201900,+3.35, +3.373, +0.161,+0.960
1578201960,+3.35, +3.373, +0.160,+0.960
1578202020,+3.35, +3.363, +0.160,+0.960
1578202080,+3.35, +3.363, +0.161,+0.960
1578202140,+3.35, +3.373, +0.159,+0.960
1578202200,+3.35, +3.352, +0.161,+0.960
1578202260,+3.35, +3.363, +0.160,+0.960
1578202320,+3.35, +3.352, +0.159,+0.960
1578202380,+3.35, +3.384, +0.159,+0.960
1578202440,+3.35, +3.352, +0.161,+0.960
1578202500,+3.35, +3.373, +0.159,+0.960
1578202560,+3.35, +3.415, +0.160,+0.960
1578202620,+3.35, +3.341, +0.159,+0.959
1578202680,+3.35, +3.373, +0.160,+0.960
1578202740,+3.35, +3.341, +0.160,+0.960
1578202800,+3.35, +3.373, +0.161,+0.960
1578202860,+3.35, +3.363, +0.159,+0.960
1578202920,+3.35, +3.373, +0.160,+0.960
1578202980,+3.35, +3.373, +0.159,+0.960
1578203040,+3.35, +3.373, +0.160,+0.960
1578203100,+3.35, +3.373, +0.159,+0.960
1578203160,+3.35, +3.331, +0.161,+0.960
1578203220,+3.35, +3.363, +0.159,+0.959
1578203280,+3.35, +3.363, +0.160,+0.959
1578203340,+3.35, +3.373, +0.159,+0.959
1578203400,+3.35, +3.363, +0.160,+0.960
1578203460,+3.35, +3.363, +0.161,+0.960
1578203520,+3.35, +3.352, +0.161,+0.960
1578203580,+3.35, +3.384, +0.159,+0.960
1578203640,+3.35, +3.363, +0.159,+0.959
1578203700,+3.35, +3.363, +0.162,+0.960
1578203760,+3.35, +3.331, +0.160,+0.960
1578203820,+3.35, +3.352, +0.161,+0.960
1578203880,+3.35, +3.363, +0.159,+0.959
1578203940,+3.35, +3.373, +0.160,+0.960
1578204000,+3.35, +3.352, +0.160,+0.959
1578204060,+3.35, +3.384, +0.159,+0.959
1578204120,+3.35, +3.341, +0.161,+0.960
1578204180,+3.35, +3.363, +0.159,+0.959
1578204240,+3.35, +3.341, +0.160,+0.960
1578204300,+3.35, +3.352, +0.160,+0.959
1578204360,+3.35, +3.363, +0.161,+0.960
1578204420,+3.35, +3.394, +0.160,+0.960
1578204480,+3.35, +3.352, +0.161,+0.960
1578204540,+3.35, +3.363, +0.160,+0.960
1578204600,+3.35, +3.373, +0.160,+0.960
1578204660,+3.35, +3.341, +0.161,+0.960
1578204720,+3.35, +3.373, +0.161,+0.960
1578204780,+3.35, +3.373, +0.158,+0.960
1578204840,+3.35, +3.341, +0.160,+0.960
1578204900,+3.35, +3.363, +0.160,+0.960
1578204960,+3.35, +3.384, +0.159,+0.960
1578205020,+3.35, +3.363, +0.159,+0.960
1578205080,+3.35, +3.341, +0.161,+0.960
1578205140,+3.35, +3.341, +0.160,+0.960
1578205200,+3.35, +3.363, +0.159,+0.959
1578205260,+3.35, +3.394, +0.160,+0.960
1578205320,+3.35, +3.352, +0.159,+0.959
1578205380,+3.35, +3.405, +0.158,+0.960
1578205440,+3.35, +3.320, +0.162,+0.960
1578205500,+3.35, +3.352, +0.160,+0.959
1578205560,+3.35, +3.341, +0.159,+0.959
1578205620,+3.35, +3.373, +0.159,+0.960
1578205680,+3.35, +3.363, +0.158,+0.959
1578205740,+3.35, +3.341, +0.160,+0.960
1578205800,+3.35, +3.373, +0.161,+0.960
1578205860,+3.35, +3.373, +0.160,+0.960
1578205920,+3.35, +3.384, +0.161,+0.960
1578205980,+3.35, +3.363, +0.159,+0.960
1578206040,+3.35, +3.352, +0.159,+0.959
1578206100,+3.35, +3.363, +0.161,+0.960
1578206160,+3.35, +3.373, +0.160,+0.960
1578206220,+3.35, +3.341, +0.158,+0.959
1578206280,+3.35, +3.341, +0.161,+0.960
1578206340,+3.35, +3.363, +0.159,+0.960
1578206400,+3.35, +3.341, +0.161,+0.959
1578206460,+3.35, +3.352, +0.160,+0.960
1578206520,+3.35, +3.373, +0.159,+0.960
1578206580,+3.35, +3.352, +0.158,+0.960
1578206640,+3.35, +3.331, +0.160,+0.959
1578206700,+3.35, +3.352, +0.162,+0.960
1578206760,+3.35, +3.352, +0.161,+0.960
1578206820,+3.35, +3.352, +0.159,+0.960
1578206880,+3.35, +3.341, +0.161,+0.960
1578206940,+3.35, +3.352, +0.161,+0.960
1578207000,+3.35, +3.352, +0.158,+0.959
1578207060,+3.35, +3.373, +0.159,+0.959
1578207120,+3.35, +3.352, +0.158,+0.960
1578207180,+3.35, +3.352, +0.159,+0.959
1578207240,+3.35, +3.384, +0.160,+0.960
1578207300,+3.35, +3.352, +0.161,+0.960
1578207360,+3.35, +3.373, +0.160,+0.960
1578207420,+3.35, +3.352, +0.163,+0.960
1578207480,+3.35, +3.352, +0.158,+0.959
1578207540,+3.35, +3.352, +0.160,+0.960
1578207600,+3.35, +3.331, +0.160,+0.960
1578207660,+3.35, +3.352, +0.160,+0.959
1578207720,+3.35, +3.363, +0.160,+0.960
1578207780,+3.35, +3.341, +0.160,+0.960
1578207840,+3.35, +3.352, +0.159,+0.960
1578207900,+3.35, +3.341, +0.160,+0.959
1578207960,+3.35, +3.363, +0.160,+0.960
1578208020,+3.35, +3.363, +0.161,+0.960
1578208080,+3.35, +3.341, +0.160,+0.960
1578208140,+3.35, +3.363, +0.160,+0.960
1578208200,+3.35, +3.352, +0.161,+0.960
1578208260,+3.35, +3.341, +0.161,+0.960
1578208320,+3.35, +3.341, +0.162,+0.960
1578208380,+3.35, +3.352, +0.159,+0.959
1578208440,+3.35, +3.352, +0.162,+0.960
1578208500,+3.35, +3.341, +0.160,+0.960
1578208560,+3.35, +3.341, +0.161,+0.960
1578208620,+3.35, +3.363, +0.162,+0.960
1578208680,+3.35, +3.363, +0.159,+0.959
1578208740,+3.35, +3.363, +0.160,+0.960
1578208800,+3.35, +3.384, +0.159,+0.960
1578208860,+3.35, +3.341, +0.161,+0.959
1578208920,+3.35, +3.363, +0.161,+0.960
1578208980,+3.35, +3.373, +0.159,+0.960
1578209040,+3.35, +3.373, +0.160,+0.960
1578209100,+3.35, +3.352, +0.160,+0.960
1578209160,+3.35, +3.352, +0.158,+0.959
1578209220,+3.35, +3.373, +0.161,+0.960
1578209280,+3.35, +3.373, +0.161,+0.960
1578209340,+3.35, +3.373, +0.159,+0.960
1578209400,+3.35, +3.352, +0.160,+0.959
1578209460,+3.35, +3.352, +0.160,+0.960
1578209520,+3.35, +3.341, +0.161,+0.960
1578209580,+3.35, +3.341, +0.160,+0.960
1578209640,+3.35, +3.341, +0.160,+0.960
1578209700,+3.35, +3.352, +0.158,+0.959
1578209760,+3.35, +3.341, +0.159,+0.959
1578209820,+3.35, +3.363, +0.160,+0.960
1578209880,+3.35, +3.352, +0.159,+0.960
1578209940,+3.35, +3.352, +0.160,+0.960
1578210000,+3.35, +3.363, +0.161,+0.960
1578210060,+3.35, +3.363, +0.160,+0.960
1578210120,+3.35, +3.341, +0.160,+0.959
1578210180,+3.35, +3.341, +0.160,+0.960
1578210240,+3.35, +3.352, +0.161,+0.960
1578210300,+3.35, +3.352, +0.159,+0.959
1578210360,+3.35, +3.363, +0.160,+0.960
1578210420,+3.35, +3.373, +0.159,+0.959
1578210480,+3.35, +3.373, +0.160,+0.960
1578210540,+3.35, +3.363, +0.161,+0.960
1578210600,+3.35, +3.352, +0.161,+0.960
1578210660,+3.35, +3.310, +0.163,+0.959
1578210720,+3.35, +3.352, +0.160,+0.960
1578210780,+3.35, +3.363, +0.161,+0.960
1578210840,+3.35, +3.363, +0.160,+0.960
1578210900,+3.35, +3.363, +0.162,+0.960
1578210960,+3.35, +3.352, +0.159,+0.960
1578211020,+3.35, +3.320, +0.159,+0.960
1578211080,+3.35, +3.341, +0.160,+0.959
1578211140,+3.35, +3.352, +0.158,+0.959
1578211200,+3.35, +3.363, +0.159,+0.960
1578211260,+3.35, +3.341, +0.160,+0.960
1578211320,+3.35, +3.352, +0.160,+0.960
1578211380,+3.35, +3.352, +0.160,+0.960
1578211440,+3.35, +3.331, +0.161,+0.960
1578211500,+3.35, +3.363, +0.161,+0.960
1578211560,+3.35, +3.320, +0.159,+0.959
1578211620,+3.35, +3.384, +0.159,+0.960
1578211680,+3.35, +3.363, +0.160,+0.959
1578211740,+3.35, +3.373, +0.160,+0.960
1578211800,+3.35, +3.341, +0.160,+0.960
1578211860,+3.35, +3.363, +0.160,+0.960
1578211920,+3.35, +3.331, +0.162,+0.960
1578211980,+3.35, +3.352, +0.159,+0.959
1578212040,+3.35, +3.331, +0.160,+0.959
1578212100,+3.35, +3.363, +0.160,+0.960
1578212160,+3.35, +3.341, +0.160,+0.959
1578212220,+3.35, +3.352, +0.159,+0.960
1578212280,+3.35, +3.363, +0.160,+0.960
1578212340,+3.35, +3.341, +0.160,+0.959
1578212400,+3.35, +3.363, +0.159,+0.960
1578212460,+3.35, +3.341, +0.161,+0.960
1578212520,+3.35, +3.363, +0.159,+0.959
1578212580,+3.35, +3.341, +0.161,+0.960
1578212640,+3.35, +3.352, +0.160,+0.960
1578212700,+3.35, +3.352, +0.161,+0.960
1578212760,+3.35, +3.320, +0.160,+0.959
1578212820,+3.35, +3.373, +0.160,+0.959
1578212880,+3.35, +3.352, +0.162,+0.960
1578212940,+3.35, +3.352, +0.161,+0.960
1578213000,+3.35, +3.373, +0.161,+0.960
1578213060,+3.35, +3.394, +0.160,+0.960
1578213120,+3.35, +3.363, +0.160,+0.960
1578213180,+3.35, +3.352, +0.160,+0.960
1578213240,+3.35, +3.320, +0.161,+0.960
1578213300,+3.35, +3.373, +0.161,+0.960
1578213360,+3.35, +3.341, +0.161,+0.960
1578213420,+3.35, +3.352, +0.160,+0.959
1578213480,+3.35, +3.363, +0.161,+0.960
1578213540,+3.35, +3.373, +0.161,+0.960
1578213600,+3.35, +3.363, +0.160,+0.960
1578213660,+3.35, +3.363, +0.160,+0.960
1578213720,+3.35, +3.341, +0.159,+0.959
1578213780,+3.35, +3.363, +0.162,+0.960
1578213840,+3.35, +3.373, +0.159,+0.960
1578213900,+3.35, +3.341, +0.159,+0.959
1578213960,+3.35, +3.341, +0.161,+0.960
1578214020,+3.35, +3.341, +0.161,+0.960
1578214080,+3.35, +3.341, +0.160,+0.960
1578214140,+3.35, +3.363, +0.159,+0.959
1578214200,+3.35, +3.363, +0.161,+0.960
1578214260,+3.35, +3.341, +0.160,+0.960
1578214320,+3.35, +3.363, +0.160,+0.959
1578214380,+3.35, +3.373, +0.160,+0.960
1578214440,+3.35, +3.341, +0.160,+0.959
1578214500,+3.35, +3.341, +0.160,+0.959
1578214560,+3.35, +3.352, +0.161,+0.960
1578214620,+3.35, +3.331, +0.160,+0.959
1578214680,+3.35, +3.363, +0.160,+0.960
1578214740,+3.35, +3.363, +0.160,+0.960
1578214800,+3.35, +3.352, +0.161,+0.960
1578214860,+3.35, +3.373, +0.159,+0.960
1578214920,+3.35, +3.331, +0.159,+0.959
1578214980,+3.35, +3.341, +0.159,+0.959
1578215040,+3.35, +3.373, +0.161,+0.959
1578215100,+3.35, +3.384, +0.159,+0.960
1578215160,+3.35, +3.405, +0.159,+0.960
1578215220,+3.35, +3.363, +0.159,+0.959
1578215280,+3.35, +3.363, +0.160,+0.959
1578215340,+3.35, +3.384, +0.160,+0.960
1578215400,+3.35, +3.394, +0.160,+0.960
1578215460,+3.35, +3.352, +0.162,+0.960
1578215520,+3.35, +3.373, +0.160,+0.959
1578215580,+3.35, +3.363, +0.161,+0.960
1578215640,+3.35, +3.373, +0.158,+0.960
1578215700,+3.35, +3.373, +0.159,+0.960
1578215760,+3.35, +3.384, +0.159,+0.960
1578215820,+3.35, +3.363, +0.160,+0.960
1578215880,+3.35, +3.341, +0.159,+0.959
1578215940,+3.35, +3.384, +0.159,+0.960
1578216000,+3.35, +3.384, +0.161,+0.960
1578216060,+3.35, +3.415, +0.161,+0.960
1578216120,+3.35, +3.373, +0.159,+0.960
1578216180,+3.35, +3.363, +0.160,+0.959
1578216240,+3.35, +3.394, +0.160,+0.960
1578216300,+3.35, +3.341, +0.160,+0.959
1578216360,+3.35, +3.373, +0.160,+0.960
1578216420,+3.35, +3.352, +0.162,+0.960
1578216480,+3.35, +3.363, +0.160,+0.960
1578216540,+3.35, +3.363, +0.160,+0.960
1578216600,+3.35, +3.373, +0.159,+0.960
1578216660,+3.35, +3.373, +0.161,+0.960
1578216720,+3.35, +3.384, +0.160,+0.960
1578216780,+3.35, +3.373, +0.159,+0.960
1578216840,+3.35, +3.384, +0.159,+0.960
1578216900,+3.35, +3.363, +0.161,+0.960
1578216960,+3.35, +3.363, +0.161,+0.960
1578217020,+3.35, +3.373, +0.160,+0.960
1578217080,+3.35, +3.352, +0.159,+0.960
1578217140,+3.35, +3.363, +0.160,+0.960
1578217200,+3.35, +3.363, +0.161,+0.960
1578217260,+3.35, +3.363, +0.160,+0.959
1578217320,+3.35, +3.363, +0.159,+0.960
1578217380,+3.35, +3.363, +0.160,+0.960
1578217440,+3.35, +3.352, +0.159,+0.960
1578217500,+3.35, +3.363, +0.159,+0.960
1578217560,+3.35, +3.363, +0.159,+0.960
1578217620,+3.35, +3.341, +0.158,+0.959
1578217680,+3.35, +3.331, +0.161,+0.960
1578217740,+3.35, +3.363, +0.159,+0.960
1578217800,+3.35, +3.341, +0.161,+0.960
1578217860,+3.35, +3.341, +0.160,+0.960
1578217920,+3.35, +3.384, +0.159,+0.960
1578217980,+3.35, +3.341, +0.160,+0.960
1578218040,+3.35, +3.363, +0.160,+0.960
1578218100,+3.35, +3.341, +0.159,+0.959
1578218160,+3.35, +3.363, +0.159,+0.960
1578218220,+3.35, +3.352, +0.161,+0.960
1578218280,+3.35, +3.352, +0.160,+0.960
1578218340,+3.35, +3.352, +0.161,+0.960
1578218400,+3.35, +3.363, +0.160,+0.960
1578218460,+3.35, +3.352, +0.159,+0.959
1578218520,+3.35, +3.363, +0.161,+0.960
1578218580,+3.35, +3.341, +0.161,+0.960
1578218640,+3.35, +3.363, +0.159,+0.960
1578218700,+3.35, +3.384, +0.159,+0.960
1578218760,+3.35, +3.373, +0.160,+0.960
1578218820,+3.35, +3.363, +0.159,+0.960
1578218880,+3.35, +3.363, +0.161,+0.960
1578218940,+3.35, +3.363, +0.160,+0.960
1578219000,+3.35, +3.352, +0.160,+0.960
1578219060,+3.35, +3.363, +0.159,+0.960
1578219120,+3.35, +3.373, +0.161,+0.960
1578219180,+3.35, +3.363, +0.160,+0.960
1578219240,+3.35, +3.352, +0.160,+0.960
1578219300,+3.35, +3.373, +0.160,+0.960
1578219360,+3.35, +3.341, +0.161,+0.960
1578219420,+3.35, +3.363, +0.160,+0.960
1578219480,+3.35, +3.352, +0.159,+0.960
1578219540,+3.35, +3.363, +0.159,+0.959
1578219600,+3.35, +3.352, +0.162,+0.960
1578219660,+3.35, +3.341, +0.159,+0.959
1578219720,+3.35, +3.373, +0.158,+0.960
1578219780,+3.35, +3.352, +0.160,+0.959
1578219840,+3.35, +3.331, +0.160,+0.960
1578219900,+3.35, +3.352, +0.159,+0.960
1578219960,+3.35, +3.341, +0.160,+0.960
1578220020,+3.35, +3.331, +0.161,+0.960
1578220080,+3.35, +3.363, +0.159,+0.960
1578220140,+3.35, +3.363, +0.161,+0.960
1578220200,+3.35, +3.373, +0.159,+0.960
1578220260,+3.35, +3.373, +0.161,+0.960
1578220320,+3.35, +3.341, +0.158,+0.959
1578220380,+3.35, +3.373, +0.159,+0.960
1578220440,+3.35, +3.341, +0.160,+0.960
1578220500,+3.35, +3.363, +0.161,+0.960
1578220560,+3.35, +3.363, +0.160,+0.960
1578220620,+3.35, +3.363, +0.159,+0.960
1578220680,+3.35, +3.341, +0.159,+0.959
1578220740,+3.35, +3.352, +0.160,+0.960
1578220800,+3.35, +3.341, +0.161,+0.960
1578220860,+3.35, +3.363, +0.159,+0.960
1578220920,+3.35, +3.352, +0.160,+0.960
1578220980,+3.35, +3.341, +0.159,+0.959
1578221040,+3.35, +3.363, +0.160,+0.960
1578221100,+3.35, +3.331, +0.162,+0.960
1578221160,+3.35, +3.341, +0.161,+0.960
1578221220,+3.35, +3.352, +0.160,+0.960
1578221280,+3.35, +3.363, +0.160,+0.960
1578221340,+3.35, +3.363, +0.163,+0.960
1578221400,+3.35, +3.363, +0.159,+0.960
1578221460,+3.35, +3.352, +0.160,+0.960
1578221520,+3.35, +3.363, +0.159,+0.960
1578221580,+3.35, +3.373, +0.160,+0.960
1578221640,+3.35, +3.363, +0.160,+0.959
1578221700,+3.35, +3.363, +0.159,+0.960
1578221760,+3.35, +3.341, +0.160,+0.960
1578221820,+3.35, +3.373, +0.160,+0.960
1578221880,+3.35, +3.341, +0.162,+0.960
1578221940,+3.35, +3.352, +0.161,+0.960
1578222000,+3.35, +3.363, +0.158,+0.960
1578222060,+3.35, +3.341, +0.161,+0.960
1578222120,+3.35, +3.352, +0.160,+0.960
1578222180,+3.35, +3.341, +0.159,+0.959
1578222240,+3.35, +3.341, +0.162,+0.959
1578222300,+3.35, +3.363, +0.160,+0.960
1578222360,+3.35, +3.373, +0.160,+0.960
1578222420,+3.35, +3.352, +0.159,+0.960
1578222480,+3.35, +3.363, +0.160,+0.960
1578222540,+3.35, +3.352, +0.160,+0.960
1578222600,+3.35, +3.331, +0.160,+0.960
1578222660,+3.35, +3.352, +0.160,+0.960
1578222720,+3.35, +3.331, +0.161,+0.959
1578222780,+3.35, +3.331, +0.158,+0.959
1578222840,+3.35, +3.352, +0.160,+0.960
1578222900,+3.35, +3.394, +0.159,+0.960
1578222960,+3.35, +3.352, +0.160,+0.960
1578223020,+3.35, +3.363, +0.160,+0.960
1578223080,+3.35, +3.363, +0.160,+0.960
1578223140,+3.35, +3.352, +0.160,+0.960
1578223200,+3.35, +3.341, +0.160,+0.960
1578223260,+3.35, +3.310, +0.160,+0.960
1578223320,+3.35, +3.352, +0.159,+0.959
1578223380,+3.35, +3.363, +0.160,+0.960
1578223440,+3.35, +3.363, +0.159,+0.960
1578223500,+3.35, +3.352, +0.160,+0.959
1578223560,+3.35, +3.363, +0.160,+0.959
1578223620,+3.35, +3.341, +0.160,+0.960
1578223680,+3.35, +3.352, +0.158,+0.960
1578223740,+3.35, +3.363, +0.160,+0.960
1578223800,+3.35, +3.363, +0.160,+0.960
1578223860,+3.35, +3.384, +0.158,+0.960
1578223920,+3.35, +3.341, +0.161,+0.960
1578223980,+3.35, +3.363, +0.160,+0.960
1578224040,+3.35, +3.352, +0.159,+0.960
1578224100,+3.35, +3.352, +0.160,+0.960
1578224160,+3.35, +3.373, +0.161,+0.960
1578224220,+3.35, +3.363, +0.160,+0.959
1578224280,+3.35, +3.341, +0.159,+0.960
1578224340,+3.35, +3.373, +0.159,+0.959
1578224400,+3.35, +3.341, +0.161,+0.960
1578224460,+3.35, +3.341, +0.160,+0.960
1578224520,+3.35, +3.352, +0.161,+0.960
1578224580,+3.35, +3.341, +0.161,+0.960
1578224640,+3.35, +3.352, +0.160,+0.960
1578224700,+3.35, +3.363, +0.159,+0.960
1578224760,+3.35, +3.331, +0.160,+0.959
1578224820,+3.35, +3.331, +0.160,+0.959
1578224880,+3.35, +3.384, +0.159,+0.960
1578224940,+3.35, +3.331, +0.161,+0.959
1578225000,+3.35, +3.373, +0.159,+0.960
1578225060,+3.35, +3.352, +0.160,+0.960
1578225120,+3.35, +3.352, +0.160,+0.959
1578225180,+3.35, +3.363, +0.159,+0.960
1578225240,+3.35, +3.363, +0.158,+0.960
1578225300,+3.35, +3.394, +0.160,+0.960
1578225360,+3.35, +3.341, +0.161,+0.960
1578225420,+3.35, +3.363, +0.160,+0.960
1578225480,+3.35, +3.373, +0.159,+0.960
1578225540,+3.35, +3.341, +0.160,+0.959
1578225600,+3.35, +3.363, +0.159,+0.960
1578225660,+3.35, +3.384, +0.159,+0.960
1578225720,+3.35, +3.363, +0.160,+0.960
1578225780,+3.35, +3.352, +0.160,+0.960
1578225840,+3.35, +3.341, +0.160,+0.960
1578225900,+3.35, +3.373, +0.162,+0.960
1578225960,+3.35, +3.363, +0.161,+0.960
1578226020,+3.35, +3.394, +0.159,+0.960
1578226080,+3.35, +3.352, +0.161,+0.960
1578226140,+3.35, +3.363, +0.160,+0.959
1578226200,+3.35, +3.352, +0.160,+0.960
1578226260,+3.35, +3.341, +0.160,+0.960
1578226320,+3.35, +3.352, +0.160,+0.960
1578226380,+3.35, +3.352, +0.161,+0.960
1578226440,+3.35, +3.341, +0.161,+0.960
1578226500,+3.35, +3.352, +0.162,+0.960
1578226560,+3.35, +3.352, +0.161,+0.960
1578226620,+3.35, +3.373, +0.160,+0.960
1578226680,+3.35, +3.373, +0.160,+0.960
1578226740,+3.35, +3.352, +0.160,+0.960
1578226800,+3.35, +3.352, +0.161,+0.960
1578226860,+3.35, +3.310, +0.160,+0.959
1578226920,+3.35, +3.352, +0.161,+0.960
1578226980,+3.35, +3.363, +0.161,+0.960
1578227040,+3.35, +3.352, +0.160,+0.960
1578227100,+3.35, +3.341, +0.160,+0.960
1578227160,+3.35, +3.341, +0.159,+0.960
1578227220,+3.35, +3.289, +0.162,+0.960
1578227280,+3.35, +3.373, +0.159,+0.959
1578227340,+3.35, +3.341, +0.160,+0.959
1578227400,+3.35, +3.331, +0.159,+0.959
1578227460,+3.35, +3.373, +0.161,+0.960
1578227520,+3.35, +3.352, +0.161,+0.960
1578227580,+3.35, +3.352, +0.160,+0.960
1578227640,+3.35, +3.352, +0.159,+0.959
1578227700,+3.35, +3.331, +0.160,+0.960
1578227760,+3.35, +3.363, +0.160,+0.960
1578227820,+3.35, +3.363, +0.160,+0.960
1578227880,+3.35, +3.352, +0.160,+0.960
1578227940,+3.35, +3.384, +0.160,+0.960
1578228000,+3.35, +3.352, +0.161,+0.960
1578228060,+3.35, +3.373, +0.159,+0.960
1578228120,+3.35, +3.363, +0.159,+0.959
1578228180,+3.35, +3.341, +0.161,+0.960
1578228240,+3.35, +3.352, +0.161,+0.960
1578228300,+3.35, +3.341, +0.160,+0.960
1578228360,+3.35, +3.341, +0.161,+0.960
1578228420,+3.35, +3.363, +0.160,+0.960
1578228480,+3.35, +3.352, +0.161,+0.960
1578228540,+3.35, +3.352, +0.160,+0.959
1578228600,+3.35, +3.352, +0.160,+0.960
1578228660,+3.35, +3.341, +0.160,+0.960
1578228720,+3.35, +3.363, +0.158,+0.959
1578228780,+3.35, +3.384, +0.160,+0.960
1578228840,+3.35, +3.363, +0.160,+0.959
1578228900,+3.35, +3.341, +0.162,+0.960
1578228960,+3.35, +3.363, +0.159,+0.959
1578229020,+3.35, +3.363, +0.161,+0.960
1578229080,+3.35, +3.341, +0.160,+0.959
1578229140,+3.35, +3.352, +0.160,+0.960
1578229200,+3.35, +3.352, +0.158,+0.959
1578229260,+3.35, +3.352, +0.159,+0.959
1578229320,+3.35, +3.363, +0.160,+0.960
1578229380,+3.35, +3.363, +0.160,+0.960
1578229440,+3.35, +3.320, +0.162,+0.960
1578229500,+3.35, +3.352, +0.159,+0.959
1578229560,+3.35, +3.373, +0.160,+0.960
1578229620,+3.35, +3.341, +0.162,+0.960
1578229680,+3.35, +3.341, +0.161,+0.960
1578229740,+3.35, +3.373, +0.160,+0.960
1578229800,+3.35, +3.341, +0.161,+0.960
1578229860,+3.35, +3.352, +0.160,+0.960
1578229920,+3.35, +3.384, +0.159,+0.960
1578229980,+3.35, +3.331, +0.160,+0.959
1578230040,+3.35, +3.363, +0.162,+0.960
1578230100,+3.35, +3.352, +0.161,+0.960
1578230160,+3.35, +3.352, +0.159,+0.960
1578230220,+3.35, +3.352, +0.161,+0.960
1578230280,+3.35, +3.352, +0.161,+0.960
1578230340,+3.35, +3.373, +0.160,+0.960
1578230400,+3.35, +3.363, +0.162,+0.960
1578230460,+3.35, +3.352, +0.160,+0.960
1578230520,+3.35, +3.331, +0.161,+0.960
1578230580,+3.35, +3.363, +0.159,+0.959
1578230640,+3.35, +3.352, +0.161,+0.960
1578230700,+3.35, +3.363, +0.162,+0.960
1578230760,+3.35, +3.352, +0.161,+0.960
1578230820,+3.35, +3.352, +0.160,+0.960
1578230880,+3.35, +3.384, +0.159,+0.960
1578230940,+3.35, +3.363, +0.162,+0.960
1578231000,+3.35, +3.363, +0.159,+0.959
1578231060,+3.35, +3.352, +0.161,+0.960
1578231120,+3.35, +3.373, +0.160,+0.960
1578231180,+3.35, +3.352, +0.161,+0.960
1578231240,+3.35, +3.363, +0.158,+0.960
1578231300,+3.35, +3.341, +0.160,+0.960
1578231360,+3.35, +3.310, +0.161,+0.959
1578231420,+3.35, +3.341, +0.161,+0.960
1578231480,+3.35, +3.341, +0.160,+0.960
1578231540,+3.35, +3.363, +0.159,+0.960
1578231600,+3.35, +3.331, +0.161,+0.960
1578231660,+3.35, +3.363, +0.160,+0.960
1578231720,+3.35, +3.352, +0.159,+0.959
1578231780,+3.35, +3.341, +0.160,+0.960
1578231840,+3.35, +3.352, +0.160,+0.960
1578231900,+3.35, +3.363, +0.161,+0.960
1578231960,+3.35, +3.341, +0.160,+0.960
1578232020,+3.35, +3.341, +0.161,+0.959
1578232080,+3.35, +3.373, +0.159,+0.960
1578232140,+3.35, +3.363, +0.160,+0.960
1578232200,+3.35, +3.363, +0.161,+0.960
1578232260,+3.35, +3.341, +0.161,+0.960
1578232320,+3.35, +3.341, +0.159,+0.959
1578232380,+3.35, +3.363, +0.159,+0.959
1578232440,+3.35, +3.373, +0.160,+0.960
1578232500,+3.35, +3.363, +0.161,+0.960
1578232560,+3.35, +3.352, +0.161,+0.960
1578232620,+3.35, +3.363, +0.160,+0.960
1578232680,+3.35, +3.341, +0.161,+0.960
1578232740,+3.35, +3.341, +0.161,+0.960
1578232800,+3.35, +3.341, +0.160,+0.960
1578232860,+3.35, +3.363, +0.161,+0.960
1578232920,+3.35, +3.352, +0.159,+0.960
1578232980,+3.35, +3.363, +0.160,+0.960
1578233040,+3.35, +3.352, +0.161,+0.960
1578233100,+3.35, +3.363, +0.160,+0.960
1578233160,+3.35, +3.363, +0.159,+0.960
1578233220,+3.35, +3.363, +0.160,+0.960
1578233280,+3.35, +3.341, +0.161,+0.960
1578233340,+3.35, +3.341, +0.161,+0.960
1578233400,+3.35, +3.363, +0.161,+0.960
1578233460,+3.35, +3.373, +0.161,+0.960
1578233520,+3.35, +3.341, +0.162,+0.960
1578233580,+3.35, +3.363, +0.159,+0.960
1578233640,+3.35, +3.341, +0.160,+0.960
1578233700,+3.35, +3.320, +0.161,+0.960
1578233760,+3.35, +3.373, +0.160,+0.960
1578233820,+3.35, +3.341, +0.160,+0.960
1578233880,+3.35, +3.352, +0.159,+0.960
1578233940,+3.35, +3.352, +0.161,+0.960
1578234000,+3.35, +3.341, +0.161,+0.960
1578234060,+3.35, +3.352, +0.160,+0.960
1578234120,+3.35, +3.373, +0.159,+0.960
1578234180,+3.35, +3.352, +0.160,+0.960
1578234240,+3.35, +3.352, +0.160,+0.960
1578234300,+3.35, +3.341, +0.161,+0.960
1578234360,+3.35, +3.320, +0.161,+0.960
1578234420,+3.35, +3.363, +0.160,+0.960
1578234480,+3.35, +3.341, +0.161,+0.960
1578234540,+3.35, +3.373, +0.160,+0.960
1578234600,+3.35, +3.341, +0.160,+0.960
1578234660,+3.35, +3.341, +0.161,+0.959
1578234720,+3.35, +3.373, +0.160,+0.960
1578234780,+3.35, +3.363, +0.161,+0.960
1578234840,+3.35, +3.384, +0.159,+0.960
1578234900,+3.35, +3.341, +0.161,+0.960
1578234960,+3.35, +3.352, +0.163,+0.960
1578235020,+3.35, +3.363, +0.160,+0.960
1578235080,+3.35, +3.331, +0.159,+0.959
1578235140,+3.35, +3.299, +0.162,+0.959
1578235200,+3.35, +3.331, +0.160,+0.960
1578235260,+3.35, +3.373, +0.159,+0.960
1578235320,+3.35, +3.384, +0.159,+0.959
1578235380,+3.35, +3.320, +0.158,+0.959
1578235440,+3.35, +3.341, +0.161,+0.959
1578235500,+3.35, +3.352, +0.159,+0.960
1578235560,+3.35, +3.331, +0.161,+0.960
1578235620,+3.35, +3.352, +0.160,+0.960
1578235680,+3.35, +3.310, +0.160,+0.959
1578235740,+3.35, +3.341, +0.161,+0.960
1578235800,+3.35, +3.363, +0.160,+0.960
1578235860,+3.35, +3.352, +0.162,+0.960
1578235920,+3.35, +3.352, +0.159,+0.959
1578235980,+3.35, +3.352, +0.158,+0.960
1578236040,+3.35, +3.352, +0.161,+0.960
1578236100,+3.35, +3.352, +0.161,+0.960
1578236160,+3.35, +3.352, +0.161,+0.959
1578236220,+3.35, +3.352, +0.161,+0.960
1578236280,+3.35, +3.331, +0.161,+0.960
1578236340,+3.35, +3.373, +0.159,+0.960
1578236400,+3.35, +3.352, +0.161,+0.960
1578236460,+3.35, +3.384, +0.159,+0.960
1578236520,+3.35, +3.373, +0.160,+0.960
1578236580,+3.35, +3.352, +0.161,+0.960
1578236640,+3.35, +3.373, +0.160,+0.960
1578236700,+3.35, +3.352, +0.160,+0.960
1578236760,+3.35, +3.341, +0.161,+0.959
1578236820,+3.35, +3.341, +0.160,+0.960
1578236880,+3.35, +3.310, +0.161,+0.960
1578236940,+3.35, +3.352, +0.160,+0.960
1578237000,+3.35, +3.341, +0.160,+0.960
1578237060,+3.35, +3.352, +0.158,+0.959
1578237120,+3.35, +3.341, +0.161,+0.960
1578237180,+3.35, +3.373, +0.158,+0.960
1578237240,+3.35, +3.363, +0.158,+0.960
1578237300,+3.35, +3.373, +0.159,+0.960
1578237360,+3.35, +3.363, +0.160,+0.960
1578237420,+3.35, +3.331, +0.160,+0.959
1578237480,+3.35, +3.341, +0.161,+0.960
1578237540,+3.35, +3.352, +0.160,+0.960
1578237600,+3.35, +3.341, +0.159,+0.960
1578237660,+3.35, +3.341, +0.159,+0.960
1578237720,+3.35, +3.363, +0.161,+0.960
1578237780,+3.35, +3.384, +0.161,+0.960
1578237840,+3.35, +3.352, +0.161,+0.960
1578237900,+3.35, +3.394, +0.159,+0.959
1578237960,+3.35, +3.373, +0.160,+0.960
1578238020,+3.35, +3.341, +0.159,+0.959
1578238080,+3.35, +3.363, +0.161,+0.960
1578238140,+3.35, +3.320, +0.161,+0.960
1578238200,+3.35, +3.363, +0.162,+0.960
1578238260,+3.35, +3.341, +0.162,+0.960
1578238320,+3.35, +3.373, +0.161,+0.960
1578238380,+3.35, +3.352, +0.162,+0.960
1578238440,+3.35, +3.341, +0.159,+0.960
1578238500,+3.35, +3.352, +0.161,+0.960
1578238560,+3.35, +3.341, +0.159,+0.959
1578238620,+3.35, +3.363, +0.161,+0.960
1578238680,+3.35, +3.363, +0.160,+0.960
1578238740,+3.35, +3.363, +0.161,+0.960
1578238800,+3.35, +3.341, +0.160,+0.960
1578238860,+3.35, +3.341, +0.161,+0.959
1578238920,+3.35, +3.363, +0.160,+0.960
1578238980,+3.35, +3.341, +0.160,+0.960
1578239040,+3.35, +3.352, +0.159,+0.959
1578239100,+3.35, +3.373, +0.161,+0.960
1578239160,+3.35, +3.363, +0.161,+0.960
1578239220,+3.35, +3.363, +0.159,+0.960
1578239280,+3.35, +3.331, +0.161,+0.960
1578239340,+3.35, +3.352, +0.160,+0.959
1578239400,+3.35, +3.341, +0.161,+0.960
1578239460,+3.35, +3.341, +0.159,+0.959
1578239520,+3.35, +3.331, +0.161,+0.960
1578239580,+3.35, +3.373, +0.159,+0.960
1578239640,+3.35, +3.352, +0.161,+0.960
1578239700,+3.35, +3.341, +0.158,+0.960
1578239760,+3.35, +3.352, +0.160,+0.959
1578239820,+3.35, +3.320, +0.160,+0.960
1578239880,+3.35, +3.363, +0.159,+0.960
1578239940,+3.35, +3.373, +0.161,+0.960
1578240000,+3.35, +3.352, +0.159,+0.960
1578240060,+3.35, +3.341, +0.159,+0.959
1578240120,+3.35, +3.363, +0.159,+0.960
1578240180,+3.35, +3.341, +0.160,+0.960
1578240240,+3.35, +3.341, +0.160,+0.960
1578240300,+3.35, +3.341, +0.159,+0.960
1578240360,+3.35, +3.363, +0.160,+0.959
1578240420,+3.35, +3.363, +0.161,+0.960
1578240480,+3.35, +3.384, +0.160,+0.960
1578240540,+3.35, +3.384, +0.159,+0.960
1578240600,+3.35, +3.363, +0.158,+0.960
1578240660,+3.35, +3.341, +0.160,+0.960
1578240720,+3.35, +3.341, +0.161,+0.960
1578240780,+3.35, +3.331, +0.163,+0.960
1578240840,+3.35, +3.320, +0.160,+0.960
1578240900,+3.35, +3.363, +0.159,+0.960
1578240960,+3.35, +3.352, +0.160,+0.960
1578241020,+3.35, +3.331, +0.161,+0.960
1578241080,+3.35, +3.320, +0.161,+0.960
1578241140,+3.35, +3.310, +0.161,+0.960
1578241200,+3.35, +3.341, +0.161,+0.960
1578241260,+3.35, +3.331, +0.160,+0.959
1578241320,+3.35, +3.341, +0.161,+0.960
1578241380,+3.35, +3.331, +0.160,+0.959
1578241440,+3.35, +3.341, +0.162,+0.960
1578241500,+3.35, +3.310, +0.162,+0.960
1578241560,+3.35, +3.352, +0.159,+0.959
1578241620,+3.35, +3.363, +0.159,+0.960
1578241680,+3.35, +3.363, +0.159,+0.960
1578241740,+3.35, +3.363, +0.161,+0.960
1578241800,+3.35, +3.352, +0.160,+0.960
1578241860,+3.35, +3.352, +0.161,+0.960
1578241920,+3.35, +3.363, +0.160,+0.960
1578241980,+3.35, +3.363, +0.158,+0.960
1578242040,+3.35, +3.352, +0.159,+0.959
1578242100,+3.35, +3.363, +0.161,+0.960
1578242160,+3.35, +3.341, +0.160,+0.960
1578242220,+3.35, +3.363, +0.160,+0.960
1578242280,+3.35, +3.352, +0.159,+0.960
1578242340,+3.35, +3.331, +0.159,+0.960
1578242400,+3.35, +3.352, +0.159,+0.960
1578242460,+3.35, +3.341, +0.160,+0.960
1578242520,+3.35, +3.331, +0.160,+0.960
1578242580,+3.35, +3.341, +0.158,+0.959
1578242640,+3.35, +3.310, +0.161,+0.960
1578242700,+3.35, +3.352, +0.160,+0.960
1578242760,+3.35, +3.341, +0.160,+0.960
1578242820,+3.35, +3.373, +0.161,+0.960
1578242880,+3.35, +3.352, +0.160,+0.960
1578242940,+3.35, +3.352, +0.159,+0.960
1578243000,+3.35, +3.352, +0.161,+0.960
1578243060,+3.35, +3.331, +0.161,+0.960
1578243120,+3.35, +3.341, +0.161,+0.960
1578243180,+3.35, +3.373, +0.160,+0.960
1578243240,+3.35, +3.352, +0.160,+0.960
1578243300,+3.35, +3.352, +0.159,+0.959
1578243360,+3.35, +3.341, +0.160,+0.960
1578243420,+3.35, +3.352, +0.160,+0.959
1578243480,+3.35, +3.352, +0.159,+0.960
1578243540,+3.35, +3.341, +0.159,+0.959
1578243600,+3.35, +3.341, +0.161,+0.960
1578243660,+3.35, +3.331, +0.159,+0.960
1578243720,+3.35, +3.331, +0.160,+0.960
1578243780,+3.35, +3.352, +0.159,+0.960
1578243840,+3.35, +3.352, +0.160,+0.960
1578243900,+3.35, +3.320, +0.160,+0.960
1578243960,+3.35, +3.352, +0.160,+0.960
1578244020,+3.35, +3.363, +0.161,+0.960
1578244080,+3.35, +3.352, +0.160,+0.960
1578244140,+3.35, +3.341, +0.159,+0.960
1578244200,+3.35, +3.331, +0.160,+0.960
1578244260,+3.35, +3.331, +0.161,+0.960
1578244320,+3.35, +3.341, +0.160,+0.960
1578244380,+3.35, +3.384, +0.159,+0.960
1578244440,+3.35, +3.352, +0.159,+0.959
1578244500,+3.35, +3.341, +0.159,+0.960
1578244560,+3.35, +3.341, +0.160,+0.960
1578244620,+3.35, +3.331, +0.161,+0.960
1578244680,+3.35, +3.320, +0.162,+0.960
1578244740,+3.35, +3.352, +0.161,+0.960
1578244800,+3.35, +3.384, +0.159,+0.960
1578244860,+3.35, +3.331, +0.159,+0.959
1578244920,+3.35, +3.320, +0.159,+0.959
1578244980,+3.35, +3.373, +0.159,+0.960
1578245040,+3.35, +3.331, +0.162,+0.960
1578245100,+3.35, +3.352, +0.159,+0.960
1578245160,+3.35, +3.363, +0.159,+0.960
1578245220,+3.35, +3.331, +0.159,+0.959
1578245280,+3.35, +3.331, +0.160,+0.960
1578245340,+3.35, +3.363, +0.159,+0.960
1578245400,+3.35, +3.320, +0.160,+0.959
1578245460,+3.35, +3.352, +0.160,+0.960
1578245520,+3.35, +3.384, +0.159,+0.960
1578245580,+3.35, +3.363, +0.161,+0.960
1578245640,+3.35, +3.331, +0.159,+0.960
1578245700,+3.35, +3.278, +0.163,+0.960
1578245760,+3.35, +3.352, +0.161,+0.960
1578245820,+3.35, +3.341, +0.161,+0.960
1578245880,+3.35, +3.310, +0.161,+0.960
1578245940,+3.35, +3.352, +0.162,+0.960
1578246000,+3.35, +3.352, +0.160,+0.960
1578246060,+3.35, +3.320, +0.159,+0.959
1578246120,+3.35, +3.341, +0.160,+0.959
1578246180,+3.35, +3.352, +0.161,+0.960
1578246240,+3.35, +3.352, +0.161,+0.960
1578246300,+3.35, +3.331, +0.161,+0.960
1578246360,+3.35, +3.331, +0.159,+0.959
1578246420,+3.35, +3.394, +0.159,+0.960
1578246480,+3.35, +3.341, +0.160,+0.960
1578246540,+3.35, +3.373, +0.161,+0.960
1578246600,+3.35, +3.352, +0.160,+0.960
1578246660,+3.35, +3.331, +0.160,+0.960
1578246720,+3.35, +3.352, +0.162,+0.960
1578246780,+3.35, +3.352, +0.160,+0.960
1578246840,+3.35, +3.363, +0.159,+0.960
1578246900,+3.35, +3.352, +0.160,+0.960
1578246960,+3.35, +3.352, +0.160,+0.960
1578247020,+3.35, +3.341, +0.159,+0.960
1578247080,+3.35, +3.331, +0.160,+0.960
1578247140,+3.35, +3.320, +0.160,+0.960
1578247200,+3.35, +3.352, +0.160,+0.960
1578247260,+3.35, +3.352, +0.160,+0.960
1578247320,+3.35, +3.331, +0.161,+0.959
1578247380,+3.35, +3.352, +0.159,+0.959
1578247440,+3.35, +3.341, +0.160,+0.960
1578247500,+3.35, +3.289, +0.160,+0.959
1578247560,+3.35, +3.341, +0.160,+0.959
1578247620,+3.35, +3.341, +0.160,+0.960
1578247680,+3.35, +3.341, +0.161,+0.960
1578247740,+3.35, +3.331, +0.160,+0.959
1578247800,+3.35, +3.363, +0.160,+0.960
1578247860,+3.35, +3.352, +0.161,+0.960
1578247920,+3.35, +3.341, +0.159,+0.959
1578247980,+3.35, +3.352, +0.160,+0.960
1578248040,+3.35, +3.341, +0.162,+0.960
1578248100,+3.35, +3.363, +0.159,+0.960
1578248160,+3.35, +3.363, +0.160,+0.960
1578248220,+3.35, +3.341, +0.158,+0.959
1578248280,+3.35, +3.320, +0.161,+0.960
1578248340,+3.35, +3.352, +0.160,+0.960
1578248400,+3.35, +3.331, +0.160,+0.960
1578248460,+3.35, +3.341, +0.160,+0.960
1578248520,+3.35, +3.352, +0.158,+0.960
1578248580,+3.35, +3.384, +0.158,+0.959
1578248640,+3.35, +3.363, +0.159,+0.960
1578248700,+3.35, +3.341, +0.160,+0.960
1578248760,+3.35, +3.363, +0.160,+0.960
1578248820,+3.35, +3.310, +0.161,+0.960
1578248880,+3.35, +3.363, +0.158,+0.959
1578248940,+3.35, +3.341, +0.159,+0.959
1578249000,+3.35, +3.352, +0.161,+0.960
1578249060,+3.35, +3.352, +0.160,+0.959
1578249120,+3.35, +3.352, +0.161,+0.960
1578249180,+3.35, +3.341, +0.161,+0.960
1578249240,+3.35, +3.341, +0.161,+0.960
1578249300,+3.35, +3.331, +0.159,+0.959
1578249360,+3.35, +3.331, +0.160,+0.959
1578249420,+3.35, +3.320, +0.160,+0.960
1578249480,+3.35, +3.341, +0.160,+0.960
1578249540,+3.35, +3.320, +0.161,+0.960
1578249600,+3.35, +3.331, +0.162,+0.960
1578249660,+3.35, +3.352, +0.160,+0.960
1578249720,+3.35, +3.341, +0.159,+0.960
1578249780,+3.35, +3.341, +0.160,+0.960
1578249840,+3.35, +3.331, +0.160,+0.960
1578249900,+3.35, +3.352, +0.160,+0.960
1578249960,+3.35, +3.341, +0.159,+0.959
1578250020,+3.35, +3.331, +0.160,+0.960
1578250080,+3.35, +3.331, +0.159,+0.959
1578250140,+3.35, +3.341, +0.159,+0.959
1578250200,+3.35, +3.320, +0.160,+0.960
1578250260,+3.35, +3.341, +0.161,+0.960
1578250320,+3.35, +3.352, +0.160,+0.960
1578250380,+3.35, +3.352, +0.159,+0.959
1578250440,+3.35, +3.341, +0.160,+0.960
1578250500,+3.35, +3.331, +0.161,+0.960
1578250560,+3.35, +3.341, +0.160,+0.960
1578250620,+3.35, +3.352, +0.159,+0.959
1578250680,+3.35, +3.299, +0.162,+0.960
1578250740,+3.35, +3.352, +0.160,+0.960
1578250800,+3.35, +3.352, +0.160,+0.960
1578250860,+3.35, +3.352, +0.160,+0.960
1578250920,+3.35, +3.363, +0.160,+0.960
1578250980,+3.35, +3.352, +0.159,+0.960
1578251040,+3.35, +3.268, +0.163,+0.959
1578251100,+3.35, +3.331, +0.162,+0.960
1578251160,+3.35, +3.341, +0.160,+0.959
1578251220,+3.35, +3.289, +0.161,+0.960
1578251280,+3.35, +3.352, +0.161,+0.960
1578251340,+3.35, +3.341, +0.159,+0.960
1578251400,+3.35, +3.331, +0.160,+0.959
1578251460,+3.35, +3.363, +0.159,+0.959
1578251520,+3.35, +3.341, +0.162,+0.960
1578251580,+3.35, +3.341, +0.160,+0.960
1578251640,+3.35, +3.331, +0.161,+0.960
1578251700,+3.35, +3.352, +0.161,+0.960
1578251760,+3.35, +3.331, +0.160,+0.960
1578251820,+3.35, +3.341, +0.161,+0.960
1578251880,+3.35, +3.341, +0.161,+0.960
1578251940,+3.35, +3.331, +0.162,+0.960
1578252000,+3.35, +3.352, +0.159,+0.959
1578252060,+3.35, +3.352, +0.161,+0.960
1578252120,+3.35, +3.373, +0.159,+0.960
1578252180,+3.35, +3.331, +0.161,+0.960
1578252240,+3.35, +3.331, +0.160,+0.959
1578252300,+3.35, +3.373, +0.161,+0.960
1578252360,+3.35, +3.341, +0.158,+0.959
1578252420,+3.35, +3.331, +0.159,+0.959
1578252480,+3.35, +3.352, +0.160,+0.960
1578252540,+3.35, +3.331, +0.160,+0.959
1578252600,+3.35, +3.331, +0.161,+0.960
1578252660,+3.35, +3.352, +0.161,+0.960
1578252720,+3.35, +3.341, +0.161,+0.959
1578252780,+3.35, +3.341, +0.160,+0.960
1578252840,+3.35, +3.363, +0.158,+0.959
1578252900,+3.35, +3.352, +0.160,+0.959
1578252960,+3.35, +3.352, +0.159,+0.960
1578253020,+3.35, +3.320, +0.159,+0.959
1578253080,+3.35, +3.320, +0.159,+0.959
1578253140,+3.35, +3.405, +0.159,+0.960
1578253200,+3.35, +3.341, +0.160,+0.960
1578253260,+3.35, +3.331, +0.159,+0.960
1578253320,+3.35, +3.331, +0.160,+0.959
1578253380,+3.35, +3.341, +0.160,+0.959
1578253440,+3.35, +3.331, +0.159,+0.959
1578253500,+3.35, +3.363, +0.160,+0.960
1578253560,+3.35, +3.352, +0.160,+0.960
1578253620,+3.35, +3.331, +0.160,+0.959
1578253680,+3.35, +3.352, +0.159,+0.959
1578253740,+3.35, +3.331, +0.160,+0.960
1578253800,+3.35, +3.331, +0.160,+0.960
1578253860,+3.35, +3.341, +0.161,+0.959
1578253920,+3.35, +3.320, +0.162,+0.960
1578253980,+3.35, +3.341, +0.158,+0.959
1578254040,+3.35, +3.341, +0.160,+0.960
1578254100,+3.35, +3.341, +0.159,+0.959
1578254160,+3.35, +3.363, +0.160,+0.960
1578254220,+3.35, +3.363, +0.158,+0.959
1578254280,+3.35, +3.341, +0.160,+0.960
1578254340,+3.35, +3.352, +0.160,+0.960
1578254400,+3.35, +3.341, +0.159,+0.959
1578254460,+3.35, +3.331, +0.159,+0.959
1578254520,+3.35, +3.341, +0.160,+0.960
1578254580,+3.35, +3.320, +0.161,+0.960
1578254640,+3.35, +3.320, +0.160,+0.959
1578254700,+3.35, +3.352, +0.158,+0.960
1578254760,+3.35, +3.341, +0.161,+0.960
1578254820,+3.35, +3.341, +0.160,+0.960
1578254880,+3.35, +3.341, +0.160,+0.960
1578254940,+3.35, +3.331, +0.160,+0.959
1578255000,+3.35, +3.341, +0.159,+0.960
1578255060,+3.35, +3.352, +0.159,+0.960
1578255120,+3.35, +3.331, +0.160,+0.959
1578255180,+3.35, +3.331, +0.159,+0.960
1578255240,+3.35, +3.331, +0.161,+0.960
1578255300,+3.35, +3.331, +0.159,+0.960
1578255360,+3.35, +3.352, +0.161,+0.960
1578255420,+3.35, +3.331, +0.160,+0.960
1578255480,+3.35, +3.341, +0.160,+0.960
1578255540,+3.35, +3.331, +0.160,+0.959
1578255600,+3.35, +3.341, +0.160,+0.960
1578255660,+3.35, +3.320, +0.159,+0.960
1578255720,+3.35, +3.384, +0.160,+0.960
1578255780,+3.35, +3.331, +0.163,+0.960
1578255840,+3.35, +3.320, +0.160,+0.959
1578255900,+3.35, +3.373, +0.159,+0.960
1578255960,+3.35, +3.363, +0.160,+0.960
1578256020,+3.35, +3.320, +0.159,+0.960
1578256080,+3.35, +3.341, +0.159,+0.960
1578256140,+3.35, +3.341, +0.160,+0.960
1578256200,+3.35, +3.341, +0.160,+0.960
1578256260,+3.35, +3.341, +0.158,+0.960
1578256320,+3.35, +3.331, +0.160,+0.960
1578256380,+3.35, +3.373, +0.159,+0.960
1578256440,+3.35, +3.341, +0.160,+0.960
1578256500,+3.35, +3.341, +0.160,+0.960
1578256560,+3.35, +3.341, +0.158,+0.960
1578256620,+3.35, +3.352, +0.159,+0.960
1578256680,+3.35, +3.341, +0.161,+0.960
1578256740,+3.35, +3.341, +0.161,+0.960
1578256800,+3.35, +3.331, +0.161,+0.960
1578256860,+3.35, +3.341, +0.159,+0.960
1578256920,+3.35, +3.341, +0.159,+0.959
1578256980,+3.35, +3.341, +0.160,+0.959
1578257040,+3.35, +3.394, +0.159,+0.960
1578257100,+3.35, +3.320, +0.160,+0.959
1578257160,+3.35, +3.363, +0.160,+0.960
1578257220,+3.35, +3.373, +0.161,+0.960
1578257280,+3.35, +3.363, +0.161,+0.960
1578257340,+3.35, +3.341, +0.160,+0.960
1578257400,+3.35, +3.363, +0.159,+0.960
