7392-570653
OS REV: 1.11 Sensor Cal: 1428445788
Time (sec),  BV (Volts),  T (deg C),  DO (mg/l),  Q ()
1584737460,+3.32, +2.067, +0.172,+0.960
1584737520,+3.32, +2.089, +0.171,+0.960
1584737580,+3.32, +2.100, +0.170,+0.960
1584737640,+3.32, +2.067, +0.171,+0.960
1584737700,+3.32, +2.100, +0.170,+0.960
1584737760,+3.32, +2.067, +0.171,+0.960
1584737820,+3.32, +2.078, +0.170,+0.960
1584737880,+3.32, +2.100, +0.171,+0.960
1584737940,+3.32, +2.122, +0.169,+0.960
1584738000,+3.32, +2.078, +0.171,+0.960
1584738060,+3.32, +2.089, +0.171,+0.960
1584738120,+3.32, +2.100, +0.170,+0.960
1584738180,+3.32, +2.089, +0.170,+0.960
1584738240,+3.32, +2.100, +0.169,+0.960
1584738300,+3.32, +2.100, +0.169,+0.960
1584738360,+3.32, +2.089, +0.170,+0.960
1584738420,+3.32, +2.078, +0.169,+0.960
1584738480,+3.32, +2.122, +0.170,+0.960
1584738540,+3.32, +2.089, +0.170,+0.960
1584738600,+3.32, +2.100, +0.169,+0.960
1584738660,+3.32, +2.089, +0.171,+0.960
1584738720,+3.32, +2.078, +0.169,+0.960
1584738780,+3.32, +2.078, +0.172,+0.960
1584738840,+3.32, +2.067, +0.170,+0.960
1584738900,+3.32, +2.100, +0.169,+0.960
1584738960,+3.32, +2.089, +0.171,+0.960
1584739020,+3.32, +2.089, +0.170,+0.960
1584739080,+3.32, +2.100, +0.171,+0.960
1584739140,+3.32, +2.078, +0.171,+0.960
1584739200,+3.32, +2.089, +0.169,+0.960
1584739260,+3.32, +2.100, +0.171,+0.960
1584739320,+3.32, +2.067, +0.170,+0.960
1584739380,+3.32, +2.067, +0.168,+0.960
1584739440,+3.32, +2.067, +0.172,+0.960
1584739500,+3.32, +2.111, +0.169,+0.960
1584739560,+3.32, +2.089, +0.169,+0.960
1584739620,+3.32, +2.089, +0.171,+0.960
1584739680,+3.32, +2.100, +0.170,+0.960
1584739740,+3.32, +2.100, +0.172,+0.960
1584739800,+3.32, +2.078, +0.171,+0.960
1584739860,+3.32, +2.067, +0.171,+0.960
1584739920,+3.32, +2.111, +0.170,+0.960
1584739980,+3.32, +2.089, +0.170,+0.960
1584740040,+3.32, +2.100, +0.170,+0.960
1584740100,+3.32, +2.100, +0.170,+0.960
1584740160,+3.32, +2.122, +0.169,+0.960
1584740220,+3.32, +2.078, +0.172,+0.960
1584740280,+3.32, +2.035, +0.171,+0.960
1584740340,+3.32, +2.100, +0.171,+0.960
1584740400,+3.32, +2.122, +0.169,+0.960
1584740460,+3.32, +2.089, +0.169,+0.960
1584740520,+3.32, +2.056, +0.169,+0.960
1584740580,+3.32, +2.067, +0.171,+0.960
1584740640,+3.32, +2.078, +0.170,+0.960
1584740700,+3.32, +2.089, +0.171,+0.960
1584740760,+3.32, +2.078, +0.171,+0.960
1584740820,+3.32, +2.078, +0.170,+0.960
1584740880,+3.32, +2.089, +0.170,+0.960
1584740940,+3.32, +2.111, +0.172,+0.960
1584741000,+3.32, +2.078, +0.172,+0.960
1584741060,+3.32, +2.078, +0.171,+0.960
1584741120,+3.32, +2.089, +0.173,+0.960
1584741180,+3.32, +2.089, +0.169,+0.960
1584741240,+3.32, +2.111, +0.170,+0.960
1584741300,+3.32, +2.100, +0.171,+0.960
1584741360,+3.32, +2.078, +0.169,+0.960
1584741420,+3.32, +2.067, +0.168,+0.960
1584741480,+3.32, +2.089, +0.171,+0.960
1584741540,+3.32, +2.089, +0.170,+0.960
1584741600,+3.32, +2.078, +0.170,+0.960
1584741660,+3.32, +2.078, +0.171,+0.960
1584741720,+3.32, +2.089, +0.169,+0.960
1584741780,+3.32, +2.111, +0.170,+0.960
1584741840,+3.32, +2.111, +0.169,+0.960
1584741900,+3.32, +2.078, +0.172,+0.960
1584741960,+3.32, +2.078, +0.170,+0.960
1584742020,+3.32, +2.078, +0.171,+0.960
1584742080,+3.32, +2.078, +0.171,+0.960
1584742140,+3.32, +2.089, +0.171,+0.960
1584742200,+3.32, +2.133, +0.169,+0.960
1584742260,+3.32, +2.100, +0.170,+0.960
1584742320,+3.32, +2.089, +0.169,+0.960
1584742380,+3.32, +2.089, +0.170,+0.960
1584742440,+3.32, +2.089, +0.170,+0.960
1584742500,+3.32, +2.056, +0.172,+0.960
1584742560,+3.32, +2.089, +0.172,+0.960
1584742620,+3.32, +2.100, +0.168,+0.960
1584742680,+3.32, +2.089, +0.169,+0.960
1584742740,+3.32, +2.078, +0.170,+0.960
1584742800,+3.32, +2.078, +0.170,+0.960
1584742860,+3.32, +2.078, +0.169,+0.960
1584742920,+3.32, +2.100, +0.170,+0.960
1584742980,+3.32, +2.056, +0.172,+0.960
1584743040,+3.32, +2.046, +0.170,+0.960
1584743100,+3.32, +2.100, +0.170,+0.960
1584743160,+3.32, +2.067, +0.171,+0.960
1584743220,+3.32, +2.078, +0.171,+0.960
1584743280,+3.32, +2.056, +0.171,+0.960
1584743340,+3.32, +2.089, +0.169,+0.960
1584743400,+3.32, +2.078, +0.170,+0.960
1584743460,+3.32, +2.089, +0.170,+0.960
1584743520,+3.32, +2.111, +0.171,+0.960
1584743580,+3.32, +2.100, +0.170,+0.960
1584743640,+3.32, +2.100, +0.169,+0.960
1584743700,+3.32, +2.067, +0.169,+0.960
1584743760,+3.32, +2.089, +0.171,+0.960
1584743820,+3.32, +2.100, +0.170,+0.960
1584743880,+3.32, +2.100, +0.171,+0.960
1584743940,+3.32, +2.100, +0.169,+0.960
1584744000,+3.32, +2.089, +0.170,+0.960
1584744060,+3.32, +2.100, +0.169,+0.960
1584744120,+3.32, +2.056, +0.171,+0.960
1584744180,+3.32, +2.089, +0.170,+0.960
1584744240,+3.32, +2.078, +0.170,+0.960
1584744300,+3.32, +2.100, +0.169,+0.960
1584744360,+3.32, +2.078, +0.171,+0.960
1584744420,+3.32, +2.067, +0.169,+0.960
1584744480,+3.32, +2.046, +0.171,+0.960
1584744540,+3.32, +2.078, +0.171,+0.960
1584744600,+3.32, +2.089, +0.170,+0.960
1584744660,+3.32, +2.089, +0.170,+0.960
1584744720,+3.32, +2.078, +0.171,+0.960
1584744780,+3.32, +2.078, +0.171,+0.960
1584744840,+3.32, +2.089, +0.171,+0.960
1584744900,+3.32, +2.078, +0.171,+0.960
1584744960,+3.32, +2.089, +0.170,+0.960
1584745020,+3.32, +2.100, +0.169,+0.960
1584745080,+3.32, +2.089, +0.170,+0.960
1584745140,+3.32, +2.089, +0.169,+0.960
1584745200,+3.32, +2.100, +0.169,+0.960
1584745260,+3.32, +2.089, +0.174,+0.960
1584745320,+3.32, +2.067, +0.170,+0.960
1584745380,+3.32, +2.056, +0.170,+0.960
1584745440,+3.32, +2.089, +0.170,+0.960
1584745500,+3.32, +2.089, +0.171,+0.960
1584745560,+3.32, +2.089, +0.169,+0.960
1584745620,+3.32, +2.078, +0.170,+0.960
1584745680,+3.32, +2.100, +0.169,+0.960
1584745740,+3.32, +2.100, +0.169,+0.960
1584745800,+3.32, +2.078, +0.169,+0.960
1584745860,+3.32, +2.089, +0.171,+0.960
1584745920,+3.32, +2.056, +0.173,+0.960
1584745980,+3.32, +2.067, +0.170,+0.960
1584746040,+3.32, +2.078, +0.170,+0.960
1584746100,+3.32, +2.067, +0.170,+0.960
1584746160,+3.32, +2.100, +0.170,+0.960
1584746220,+3.32, +2.133, +0.168,+0.960
1584746280,+3.32, +2.089, +0.170,+0.960
1584746340,+3.32, +2.067, +0.172,+0.960
1584746400,+3.32, +2.078, +0.168,+0.960
1584746460,+3.32, +2.100, +0.170,+0.960
1584746520,+3.32, +2.100, +0.169,+0.960
1584746580,+3.32, +2.089, +0.169,+0.960
1584746640,+3.32, +2.100, +0.169,+0.960
1584746700,+3.32, +2.078, +0.170,+0.960
1584746760,+3.32, +2.078, +0.173,+0.960
1584746820,+3.32, +2.046, +0.171,+0.960
1584746880,+3.32, +2.100, +0.171,+0.960
1584746940,+3.32, +2.100, +0.170,+0.960
1584747000,+3.32, +2.100, +0.170,+0.960
1584747060,+3.32, +2.078, +0.169,+0.960
1584747120,+3.32, +2.100, +0.169,+0.960
1584747180,+3.32, +2.089, +0.171,+0.960
1584747240,+3.32, +2.078, +0.170,+0.960
1584747300,+3.32, +2.078, +0.171,+0.960
1584747360,+3.32, +2.089, +0.170,+0.960
1584747420,+3.32, +2.089, +0.171,+0.960
1584747480,+3.32, +2.100, +0.168,+0.960
1584747540,+3.32, +2.067, +0.169,+0.960
1584747600,+3.32, +2.067, +0.171,+0.960
1584747660,+3.32, +2.100, +0.171,+0.960
1584747720,+3.32, +2.067, +0.170,+0.960
1584747780,+3.32, +2.100, +0.170,+0.960
1584747840,+3.32, +2.089, +0.171,+0.960
1584747900,+3.32, +2.089, +0.171,+0.960
1584747960,+3.32, +2.067, +0.170,+0.960
1584748020,+3.32, +2.122, +0.168,+0.960
1584748080,+3.32, +2.100, +0.170,+0.960
1584748140,+3.32, +2.133, +0.169,+0.960
1584748200,+3.32, +2.067, +0.171,+0.960
1584748260,+3.32, +2.078, +0.171,+0.960
1584748320,+3.32, +2.067, +0.170,+0.960
1584748380,+3.32, +2.111, +0.169,+0.960
1584748440,+3.32, +2.089, +0.169,+0.960
1584748500,+3.32, +2.089, +0.170,+0.960
1584748560,+3.32, +2.078, +0.170,+0.960
1584748620,+3.32, +2.111, +0.169,+0.960
1584748680,+3.32, +2.067, +0.170,+0.960
1584748740,+3.32, +2.111, +0.169,+0.960
1584748800,+3.32, +2.089, +0.169,+0.960
1584748860,+3.32, +2.078, +0.170,+0.960
1584748920,+3.32, +2.078, +0.170,+0.960
1584748980,+3.32, +2.089, +0.171,+0.960
1584749040,+3.32, +2.067, +0.170,+0.960
1584749100,+3.32, +2.089, +0.171,+0.960
1584749160,+3.32, +2.078, +0.170,+0.960
1584749220,+3.32, +2.056, +0.170,+0.960
1584749280,+3.32, +2.078, +0.168,+0.960
1584749340,+3.32, +2.078, +0.171,+0.960
1584749400,+3.32, +2.100, +0.170,+0.960
1584749460,+3.32, +2.078, +0.170,+0.960
1584749520,+3.32, +2.067, +0.171,+0.960
1584749580,+3.32, +2.122, +0.168,+0.960
1584749640,+3.32, +2.089, +0.170,+0.960
1584749700,+3.32, +2.067, +0.171,+0.960
1584749760,+3.32, +2.078, +0.170,+0.960
1584749820,+3.32, +2.089, +0.169,+0.960
1584749880,+3.32, +2.078, +0.171,+0.960
1584749940,+3.32, +2.078, +0.173,+0.960
1584750000,+3.32, +2.078, +0.170,+0.960
1584750060,+3.32, +2.056, +0.171,+0.960
1584750120,+3.32, +2.089, +0.170,+0.960
1584750180,+3.32, +2.078, +0.170,+0.960
1584750240,+3.32, +2.067, +0.171,+0.960
1584750300,+3.32, +2.078, +0.171,+0.960
1584750360,+3.32, +2.100, +0.172,+0.960
1584750420,+3.32, +2.089, +0.169,+0.960
1584750480,+3.32, +2.111, +0.168,+0.960
1584750540,+3.32, +2.100, +0.171,+0.960
1584750600,+3.32, +2.100, +0.171,+0.960
1584750660,+3.32, +2.111, +0.170,+0.960
1584750720,+3.32, +2.046, +0.169,+0.960
1584750780,+3.32, +2.100, +0.169,+0.960
1584750840,+3.32, +2.067, +0.171,+0.960
1584750900,+3.32, +2.100, +0.169,+0.960
1584750960,+3.32, +2.089, +0.171,+0.960
1584751020,+3.32, +2.089, +0.170,+0.960
1584751080,+3.32, +2.133, +0.169,+0.960
1584751140,+3.32, +2.056, +0.171,+0.960
1584751200,+3.32, +2.089, +0.170,+0.960
1584751260,+3.32, +2.089, +0.170,+0.960
1584751320,+3.32, +2.133, +0.171,+0.960
1584751380,+3.32, +2.111, +0.172,+0.960
1584751440,+3.32, +2.078, +0.170,+0.960
1584751500,+3.32, +2.078, +0.169,+0.960
1584751560,+3.32, +2.100, +0.169,+0.960
1584751620,+3.32, +2.089, +0.171,+0.960
1584751680,+3.32, +2.078, +0.170,+0.960
1584751740,+3.32, +2.122, +0.169,+0.960
1584751800,+3.32, +2.078, +0.170,+0.960
1584751860,+3.32, +2.089, +0.171,+0.960
1584751920,+3.32, +2.100, +0.170,+0.960
1584751980,+3.32, +2.078, +0.171,+0.960
1584752040,+3.32, +2.078, +0.168,+0.960
1584752100,+3.32, +2.100, +0.171,+0.960
1584752160,+3.32, +2.078, +0.169,+0.960
1584752220,+3.32, +2.111, +0.169,+0.960
1584752280,+3.32, +2.067, +0.171,+0.960
1584752340,+3.32, +2.067, +0.169,+0.960
1584752400,+3.32, +2.078, +0.168,+0.960
1584752460,+3.32, +2.111, +0.170,+0.960
1584752520,+3.32, +2.122, +0.170,+0.960
1584752580,+3.32, +2.067, +0.170,+0.960
1584752640,+3.32, +2.111, +0.170,+0.960
1584752700,+3.32, +2.100, +0.170,+0.960
1584752760,+3.32, +2.089, +0.169,+0.960
1584752820,+3.32, +2.078, +0.170,+0.960
1584752880,+3.32, +2.078, +0.171,+0.960
1584752940,+3.32, +2.089, +0.169,+0.960
1584753000,+3.32, +2.089, +0.168,+0.960
1584753060,+3.32, +2.111, +0.169,+0.960
1584753120,+3.32, +2.100, +0.170,+0.960
1584753180,+3.32, +2.078, +0.170,+0.960
1584753240,+3.32, +2.089, +0.171,+0.960
1584753300,+3.32, +2.100, +0.171,+0.960
1584753360,+3.32, +2.089, +0.171,+0.960
1584753420,+3.32, +2.089, +0.171,+0.960
1584753480,+3.32, +2.078, +0.170,+0.959
1584753540,+3.32, +2.089, +0.171,+0.960
1584753600,+3.32, +2.111, +0.171,+0.960
1584753660,+3.32, +2.089, +0.170,+0.960
1584753720,+3.32, +2.133, +0.168,+0.960
1584753780,+3.32, +2.067, +0.169,+0.960
1584753840,+3.32, +2.078, +0.171,+0.960
1584753900,+3.32, +2.078, +0.170,+0.960
1584753960,+3.32, +2.056, +0.171,+0.960
1584754020,+3.32, +2.078, +0.169,+0.960
1584754080,+3.32, +2.100, +0.170,+0.960
1584754140,+3.32, +2.056, +0.171,+0.960
1584754200,+3.32, +2.100, +0.170,+0.960
1584754260,+3.32, +2.100, +0.170,+0.960
1584754320,+3.32, +2.067, +0.171,+0.960
1584754380,+3.32, +2.111, +0.171,+0.960
1584754440,+3.32, +2.100, +0.169,+0.960
1584754500,+3.32, +2.024, +0.170,+0.960
1584754560,+3.32, +2.089, +0.170,+0.960
1584754620,+3.32, +2.078, +0.170,+0.960
1584754680,+3.32, +2.089, +0.171,+0.960
1584754740,+3.32, +2.111, +0.169,+0.960
1584754800,+3.32, +2.100, +0.171,+0.960
1584754860,+3.32, +2.078, +0.171,+0.960
1584754920,+3.32, +2.111, +0.170,+0.960
1584754980,+3.32, +2.078, +0.171,+0.960
1584755040,+3.32, +2.078, +0.170,+0.960
1584755100,+3.32, +2.089, +0.170,+0.960
1584755160,+3.32, +2.089, +0.170,+0.960
1584755220,+3.32, +2.067, +0.171,+0.960
1584755280,+3.32, +2.089, +0.170,+0.960
1584755340,+3.32, +2.078, +0.171,+0.960
1584755400,+3.32, +2.089, +0.169,+0.960
1584755460,+3.32, +2.100, +0.170,+0.960
1584755520,+3.32, +2.089, +0.171,+0.960
1584755580,+3.32, +2.067, +0.169,+0.960
1584755640,+3.32, +2.100, +0.169,+0.960
1584755700,+3.32, +2.111, +0.169,+0.960
1584755760,+3.32, +2.100, +0.172,+0.960
1584755820,+3.32, +2.089, +0.171,+0.960
1584755880,+3.32, +2.100, +0.172,+0.960
1584755940,+3.32, +2.089, +0.171,+0.960
1584756000,+3.32, +2.100, +0.170,+0.960
1584756060,+3.32, +2.056, +0.169,+0.960
1584756120,+3.32, +2.067, +0.170,+0.960
1584756180,+3.32, +2.100, +0.171,+0.960
1584756240,+3.32, +2.078, +0.169,+0.960
1584756300,+3.32, +2.100, +0.170,+0.960
1584756360,+3.32, +2.067, +0.170,+0.960
1584756420,+3.32, +2.078, +0.170,+0.960
1584756480,+3.32, +2.100, +0.170,+0.960
1584756540,+3.32, +2.078, +0.171,+0.960
1584756600,+3.32, +2.100, +0.169,+0.960
1584756660,+3.32, +2.078, +0.171,+0.960
1584756720,+3.32, +2.078, +0.170,+0.960
1584756780,+3.32, +2.100, +0.170,+0.960
1584756840,+3.32, +2.111, +0.170,+0.960
1584756900,+3.32, +2.067, +0.170,+0.960
1584756960,+3.32, +2.100, +0.170,+0.960
1584757020,+3.32, +2.089, +0.169,+0.960
1584757080,+3.32, +2.089, +0.169,+0.960
1584757140,+3.32, +2.056, +0.172,+0.960
1584757200,+3.32, +2.100, +0.170,+0.960
1584757260,+3.32, +2.100, +0.170,+0.960
1584757320,+3.32, +2.100, +0.171,+0.960
1584757380,+3.32, +2.100, +0.170,+0.960
1584757440,+3.32, +2.100, +0.171,+0.960
1584757500,+3.32, +2.089, +0.171,+0.960
1584757560,+3.32, +2.067, +0.172,+0.960
1584757620,+3.32, +2.089, +0.170,+0.960
1584757680,+3.32, +2.078, +0.170,+0.960
1584757740,+3.32, +2.078, +0.171,+0.960
1584757800,+3.32, +2.078, +0.170,+0.960
1584757860,+3.32, +2.078, +0.171,+0.960
1584757920,+3.32, +2.078, +0.169,+0.960
1584757980,+3.32, +2.111, +0.170,+0.960
1584758040,+3.31, +2.100, +0.170,+0.960
1584758100,+3.32, +2.089, +0.171,+0.960
1584758160,+3.32, +2.100, +0.171,+0.960
1584758220,+3.32, +2.078, +0.171,+0.960
1584758280,+3.32, +2.089, +0.170,+0.960
1584758340,+3.32, +2.089, +0.169,+0.960
1584758400,+3.32, +2.100, +0.171,+0.960
1584758460,+3.32, +2.122, +0.169,+0.960
1584758520,+3.32, +2.078, +0.171,+0.960
1584758580,+3.32, +2.100, +0.170,+0.960
1584758640,+3.32, +2.089, +0.170,+0.960
1584758700,+3.32, +2.089, +0.170,+0.960
1584758760,+3.32, +2.078, +0.171,+0.960
1584758820,+3.32, +2.089, +0.170,+0.960
1584758880,+3.32, +2.078, +0.170,+0.960
1584758940,+3.32, +2.111, +0.170,+0.960
1584759000,+3.32, +2.078, +0.169,+0.960
1584759060,+3.32, +2.078, +0.168,+0.960
1584759120,+3.32, +2.078, +0.170,+0.960
1584759180,+3.32, +2.111, +0.168,+0.960
1584759240,+3.32, +2.089, +0.171,+0.960
1584759300,+3.32, +2.089, +0.172,+0.960
1584759360,+3.32, +2.089, +0.170,+0.960
1584759420,+3.32, +2.067, +0.169,+0.960
1584759480,+3.32, +2.122, +0.172,+0.960
1584759540,+3.32, +2.078, +0.172,+0.960
1584759600,+3.32, +2.111, +0.171,+0.960
1584759660,+3.32, +2.100, +0.170,+0.960
1584759720,+3.32, +2.089, +0.170,+0.960
1584759780,+3.32, +2.111, +0.171,+0.960
1584759840,+3.32, +2.078, +0.171,+0.960
1584759900,+3.32, +2.111, +0.170,+0.960
1584759960,+3.32, +2.089, +0.170,+0.960
1584760020,+3.32, +2.089, +0.170,+0.960
1584760080,+3.32, +2.089, +0.170,+0.960
1584760140,+3.32, +2.078, +0.171,+0.960
1584760200,+3.32, +2.067, +0.170,+0.960
1584760260,+3.32, +2.078, +0.171,+0.960
1584760320,+3.32, +2.100, +0.169,+0.960
1584760380,+3.32, +2.089, +0.171,+0.960
1584760440,+3.32, +2.089, +0.169,+0.960
1584760500,+3.32, +2.089, +0.170,+0.960
1584760560,+3.32, +2.035, +0.172,+0.960
1584760620,+3.32, +2.089, +0.170,+0.960
1584760680,+3.32, +2.078, +0.170,+0.960
1584760740,+3.32, +2.100, +0.169,+0.960
1584760800,+3.32, +2.089, +0.172,+0.960
1584760860,+3.32, +2.078, +0.170,+0.960
1584760920,+3.32, +2.078, +0.172,+0.960
1584760980,+3.32, +2.089, +0.172,+0.960
1584761040,+3.32, +2.089, +0.169,+0.960
1584761100,+3.32, +2.100, +0.168,+0.960
1584761160,+3.32, +2.089, +0.170,+0.960
1584761220,+3.32, +2.100, +0.170,+0.960
1584761280,+3.32, +2.056, +0.169,+0.960
1584761340,+3.32, +2.089, +0.170,+0.960
1584761400,+3.32, +2.078, +0.170,+0.960
1584761460,+3.32, +2.089, +0.169,+0.960
1584761520,+3.32, +2.100, +0.169,+0.960
1584761580,+3.32, +2.100, +0.170,+0.960
1584761640,+3.32, +2.100, +0.170,+0.960
1584761700,+3.32, +2.056, +0.170,+0.960
1584761760,+3.32, +2.089, +0.169,+0.960
1584761820,+3.32, +2.078, +0.171,+0.960
1584761880,+3.32, +2.078, +0.171,+0.960
1584761940,+3.32, +2.067, +0.169,+0.960
1584762000,+3.32, +2.100, +0.171,+0.960
1584762060,+3.32, +2.089, +0.171,+0.960
1584762120,+3.32, +2.089, +0.169,+0.960
1584762180,+3.32, +2.067, +0.171,+0.960
1584762240,+3.32, +2.078, +0.171,+0.960
1584762300,+3.32, +2.089, +0.170,+0.960
1584762360,+3.32, +2.100, +0.169,+0.960
1584762420,+3.32, +2.089, +0.170,+0.960
1584762480,+3.32, +2.100, +0.170,+0.960
1584762540,+3.32, +2.067, +0.170,+0.960
1584762600,+3.32, +2.078, +0.170,+0.960
1584762660,+3.32, +2.089, +0.169,+0.960
1584762720,+3.32, +2.089, +0.170,+0.960
1584762780,+3.32, +2.100, +0.171,+0.960
1584762840,+3.32, +2.089, +0.170,+0.960
1584762900,+3.32, +2.089, +0.171,+0.960
1584762960,+3.32, +2.111, +0.170,+0.960
1584763020,+3.32, +2.089, +0.169,+0.960
1584763080,+3.32, +2.078, +0.169,+0.960
1584763140,+3.32, +2.078, +0.170,+0.960
1584763200,+3.32, +2.056, +0.170,+0.960
1584763260,+3.32, +2.100, +0.172,+0.960
1584763320,+3.32, +2.078, +0.172,+0.960
1584763380,+3.32, +2.089, +0.170,+0.960
1584763440,+3.32, +2.100, +0.169,+0.960
1584763500,+3.32, +2.078, +0.171,+0.960
1584763560,+3.32, +2.089, +0.170,+0.960
1584763620,+3.32, +2.078, +0.169,+0.960
1584763680,+3.32, +2.078, +0.169,+0.960
1584763740,+3.32, +2.067, +0.170,+0.960
1584763800,+3.32, +2.089, +0.170,+0.960
1584763860,+3.32, +2.035, +0.170,+0.960
1584763920,+3.32, +2.089, +0.171,+0.960
1584763980,+3.32, +2.067, +0.172,+0.960
1584764040,+3.32, +2.089, +0.169,+0.960
1584764100,+3.32, +2.078, +0.171,+0.960
1584764160,+3.32, +2.089, +0.171,+0.960
1584764220,+3.32, +2.056, +0.171,+0.960
1584764280,+3.32, +2.089, +0.170,+0.960
1584764340,+3.32, +2.078, +0.170,+0.960
1584764400,+3.32, +2.100, +0.170,+0.960
1584764460,+3.32, +2.067, +0.171,+0.960
1584764520,+3.32, +2.089, +0.171,+0.960
1584764580,+3.32, +2.078, +0.169,+0.960
1584764640,+3.32, +2.067, +0.170,+0.960
1584764700,+3.32, +2.089, +0.169,+0.960
1584764760,+3.32, +2.089, +0.170,+0.960
1584764820,+3.32, +2.100, +0.170,+0.960
1584764880,+3.32, +2.133, +0.171,+0.960
1584764940,+3.32, +2.100, +0.170,+0.960
1584765000,+3.32, +2.089, +0.171,+0.960
1584765060,+3.32, +2.100, +0.169,+0.960
1584765120,+3.32, +2.089, +0.170,+0.960
1584765180,+3.32, +2.089, +0.169,+0.960
1584765240,+3.32, +2.078, +0.171,+0.960
1584765300,+3.32, +2.078, +0.171,+0.960
1584765360,+3.32, +2.089, +0.170,+0.960
1584765420,+3.32, +2.122, +0.170,+0.960
1584765480,+3.32, +2.078, +0.171,+0.960
1584765540,+3.32, +2.089, +0.170,+0.960
1584765600,+3.32, +2.111, +0.171,+0.960
1584765660,+3.32, +2.089, +0.171,+0.960
1584765720,+3.32, +2.111, +0.170,+0.960
1584765780,+3.32, +2.089, +0.170,+0.960
1584765840,+3.32, +2.100, +0.170,+0.960
1584765900,+3.32, +2.078, +0.170,+0.960
1584765960,+3.32, +2.100, +0.170,+0.960
1584766020,+3.32, +2.100, +0.170,+0.960
1584766080,+3.32, +2.100, +0.170,+0.960
1584766140,+3.32, +2.078, +0.170,+0.960
1584766200,+3.32, +2.078, +0.170,+0.960
1584766260,+3.32, +2.111, +0.169,+0.960
1584766320,+3.32, +2.100, +0.171,+0.960
1584766380,+3.32, +2.078, +0.170,+0.960
1584766440,+3.32, +2.078, +0.169,+0.960
1584766500,+3.32, +2.111, +0.169,+0.960
1584766560,+3.32, +2.078, +0.170,+0.960
1584766620,+3.32, +2.067, +0.170,+0.960
1584766680,+3.32, +2.078, +0.171,+0.960
1584766740,+3.32, +2.100, +0.169,+0.960
1584766800,+3.32, +2.100, +0.170,+0.960
1584766860,+3.32, +2.078, +0.172,+0.960
1584766920,+3.32, +2.122, +0.169,+0.960
1584766980,+3.32, +2.100, +0.171,+0.960
1584767040,+3.32, +2.089, +0.170,+0.960
1584767100,+3.32, +2.100, +0.170,+0.960
1584767160,+3.32, +2.100, +0.168,+0.960
1584767220,+3.32, +2.046, +0.173,+0.960
1584767280,+3.32, +2.078, +0.170,+0.960
1584767340,+3.32, +2.111, +0.170,+0.960
1584767400,+3.32, +2.100, +0.169,+0.960
1584767460,+3.32, +2.089, +0.170,+0.960
1584767520,+3.32, +2.067, +0.170,+0.960
1584767580,+3.32, +2.089, +0.171,+0.960
1584767640,+3.32, +2.078, +0.171,+0.960
1584767700,+3.32, +2.111, +0.169,+0.960
1584767760,+3.32, +2.122, +0.170,+0.960
1584767820,+3.32, +2.078, +0.171,+0.960
1584767880,+3.32, +2.089, +0.170,+0.960
1584767940,+3.32, +2.078, +0.169,+0.960
1584768000,+3.32, +2.078, +0.170,+0.960
1584768060,+3.32, +2.078, +0.170,+0.960
1584768120,+3.32, +2.111, +0.170,+0.960
1584768180,+3.32, +2.100, +0.169,+0.960
1584768240,+3.32, +2.100, +0.169,+0.960
1584768300,+3.32, +2.100, +0.170,+0.960
1584768360,+3.32, +2.078, +0.169,+0.960
1584768420,+3.32, +2.067, +0.170,+0.960
1584768480,+3.32, +2.111, +0.170,+0.960
1584768540,+3.32, +2.089, +0.170,+0.960
1584768600,+3.32, +2.089, +0.169,+0.960
1584768660,+3.32, +2.078, +0.171,+0.960
1584768720,+3.32, +2.056, +0.170,+0.960
1584768780,+3.32, +2.100, +0.170,+0.960
1584768840,+3.32, +2.078, +0.171,+0.960
1584768900,+3.32, +2.089, +0.169,+0.960
1584768960,+3.32, +2.078, +0.170,+0.960
1584769020,+3.32, +2.089, +0.170,+0.960
1584769080,+3.32, +2.111, +0.171,+0.960
1584769140,+3.32, +2.100, +0.170,+0.960
1584769200,+3.32, +2.078, +0.173,+0.960
1584769260,+3.32, +2.111, +0.171,+0.960
1584769320,+3.32, +2.100, +0.169,+0.960
1584769380,+3.32, +2.067, +0.171,+0.960
1584769440,+3.32, +2.089, +0.169,+0.960
1584769500,+3.32, +2.100, +0.169,+0.960
1584769560,+3.32, +2.078, +0.171,+0.960
1584769620,+3.32, +2.078, +0.168,+0.960
1584769680,+3.32, +2.067, +0.172,+0.960
1584769740,+3.32, +2.078, +0.171,+0.960
1584769800,+3.32, +2.056, +0.170,+0.960
1584769860,+3.32, +2.078, +0.170,+0.960
1584769920,+3.32, +2.067, +0.171,+0.960
1584769980,+3.32, +2.089, +0.170,+0.960
1584770040,+3.32, +2.122, +0.169,+0.960
1584770100,+3.32, +2.100, +0.171,+0.960
1584770160,+3.32, +2.089, +0.170,+0.960
1584770220,+3.32, +2.100, +0.171,+0.960
1584770280,+3.32, +2.100, +0.169,+0.960
1584770340,+3.32, +2.111, +0.170,+0.960
1584770400,+3.32, +2.089, +0.170,+0.960
1584770460,+3.32, +2.078, +0.171,+0.960
1584770520,+3.32, +2.089, +0.170,+0.960
1584770580,+3.32, +2.100, +0.169,+0.960
1584770640,+3.32, +2.100, +0.170,+0.960
1584770700,+3.32, +2.089, +0.170,+0.960
1584770760,+3.32, +2.089, +0.169,+0.960
1584770820,+3.32, +2.100, +0.170,+0.960
1584770880,+3.32, +2.024, +0.171,+0.960
1584770940,+3.32, +2.089, +0.168,+0.960
1584771000,+3.32, +2.078, +0.170,+0.960
1584771060,+3.32, +2.078, +0.170,+0.960
1584771120,+3.32, +2.089, +0.170,+0.960
1584771180,+3.32, +2.133, +0.170,+0.960
1584771240,+3.32, +2.078, +0.171,+0.960
1584771300,+3.32, +2.089, +0.170,+0.960
1584771360,+3.32, +2.078, +0.171,+0.960
1584771420,+3.32, +2.056, +0.171,+0.960
1584771480,+3.32, +2.100, +0.170,+0.960
1584771540,+3.32, +2.100, +0.169,+0.960
1584771600,+3.32, +2.100, +0.171,+0.960
1584771660,+3.32, +2.078, +0.169,+0.960
1584771720,+3.32, +2.046, +0.172,+0.960
1584771780,+3.32, +2.078, +0.170,+0.960
1584771840,+3.32, +2.100, +0.171,+0.960
1584771900,+3.32, +2.100, +0.172,+0.960
1584771960,+3.32, +2.122, +0.170,+0.960
1584772020,+3.32, +2.078, +0.169,+0.960
1584772080,+3.32, +2.100, +0.170,+0.960
1584772140,+3.32, +2.111, +0.171,+0.960
1584772200,+3.32, +2.111, +0.170,+0.960
1584772260,+3.32, +2.067, +0.171,+0.960
1584772320,+3.32, +2.089, +0.172,+0.960
1584772380,+3.32, +2.078, +0.171,+0.960
1584772440,+3.32, +2.067, +0.169,+0.960
1584772500,+3.32, +2.089, +0.171,+0.960
1584772560,+3.32, +2.046, +0.170,+0.960
1584772620,+3.32, +2.100, +0.169,+0.960
1584772680,+3.32, +2.089, +0.171,+0.960
1584772740,+3.32, +2.100, +0.172,+0.960
1584772800,+3.32, +2.067, +0.170,+0.960
1584772860,+3.32, +2.100, +0.171,+0.960
1584772920,+3.32, +2.078, +0.170,+0.960
1584772980,+3.32, +2.078, +0.171,+0.960
1584773040,+3.32, +2.078, +0.171,+0.960
1584773100,+3.32, +2.133, +0.169,+0.960
1584773160,+3.32, +2.111, +0.170,+0.960
1584773220,+3.32, +2.089, +0.170,+0.960
1584773280,+3.32, +2.078, +0.172,+0.960
1584773340,+3.32, +2.078, +0.170,+0.960
1584773400,+3.32, +2.089, +0.169,+0.960
1584773460,+3.32, +2.089, +0.171,+0.960
1584773520,+3.32, +2.067, +0.170,+0.960
1584773580,+3.32, +2.067, +0.171,+0.960
1584773640,+3.32, +2.100, +0.171,+0.960
1584773700,+3.32, +2.067, +0.169,+0.960
1584773760,+3.32, +2.089, +0.171,+0.960
1584773820,+3.32, +2.111, +0.169,+0.960
1584773880,+3.32, +2.089, +0.170,+0.960
1584773940,+3.32, +2.078, +0.170,+0.960
1584774000,+3.32, +2.089, +0.170,+0.960
1584774060,+3.32, +2.067, +0.171,+0.960
1584774120,+3.32, +2.089, +0.169,+0.960
1584774180,+3.32, +2.067, +0.170,+0.960
1584774240,+3.32, +2.089, +0.168,+0.960
1584774300,+3.32, +2.089, +0.170,+0.960
1584774360,+3.32, +2.089, +0.171,+0.960
1584774420,+3.32, +2.078, +0.170,+0.960
1584774480,+3.32, +2.067, +0.171,+0.960
1584774540,+3.32, +2.078, +0.168,+0.960
1584774600,+3.32, +2.100, +0.170,+0.960
1584774660,+3.32, +2.089, +0.171,+0.960
1584774720,+3.32, +2.089, +0.172,+0.960
1584774780,+3.32, +2.078, +0.170,+0.960
1584774840,+3.32, +2.089, +0.170,+0.960
1584774900,+3.32, +2.078, +0.170,+0.960
1584774960,+3.32, +2.089, +0.168,+0.960
1584775020,+3.32, +2.089, +0.170,+0.960
1584775080,+3.32, +2.078, +0.171,+0.960
1584775140,+3.32, +2.100, +0.170,+0.960
1584775200,+3.32, +2.056, +0.171,+0.960
1584775260,+3.32, +2.067, +0.171,+0.960
1584775320,+3.32, +2.046, +0.171,+0.960
1584775380,+3.32, +2.078, +0.170,+0.960
1584775440,+3.32, +2.035, +0.171,+0.960
1584775500,+3.32, +2.056, +0.171,+0.960
1584775560,+3.32, +2.046, +0.171,+0.960
1584775620,+3.32, +2.078, +0.171,+0.960
1584775680,+3.32, +2.122, +0.169,+0.960
1584775740,+3.32, +2.078, +0.169,+0.960
1584775800,+3.32, +2.089, +0.170,+0.960
1584775860,+3.32, +2.067, +0.171,+0.960
1584775920,+3.32, +2.078, +0.172,+0.960
1584775980,+3.32, +2.067, +0.171,+0.960
1584776040,+3.32, +2.078, +0.170,+0.960
1584776100,+3.32, +2.078, +0.171,+0.960
1584776160,+3.32, +2.056, +0.171,+0.960
1584776220,+3.32, +2.078, +0.170,+0.960
1584776280,+3.32, +2.111, +0.169,+0.960
1584776340,+3.32, +2.056, +0.171,+0.960
1584776400,+3.32, +2.100, +0.170,+0.960
1584776460,+3.32, +2.056, +0.170,+0.960
1584776520,+3.32, +2.067, +0.168,+0.960
1584776580,+3.32, +2.078, +0.171,+0.960
1584776640,+3.32, +2.067, +0.170,+0.960
1584776700,+3.32, +2.067, +0.170,+0.960
1584776760,+3.32, +2.078, +0.170,+0.960
1584776820,+3.32, +2.078, +0.171,+0.960
1584776880,+3.32, +2.067, +0.171,+0.960
1584776940,+3.32, +2.089, +0.169,+0.960
1584777000,+3.32, +2.056, +0.170,+0.960
1584777060,+3.32, +2.078, +0.170,+0.960
1584777120,+3.32, +2.100, +0.172,+0.960
1584777180,+3.32, +2.078, +0.171,+0.960
1584777240,+3.32, +2.089, +0.171,+0.960
1584777300,+3.32, +2.078, +0.170,+0.960
1584777360,+3.32, +2.067, +0.171,+0.960
1584777420,+3.32, +2.089, +0.169,+0.960
1584777480,+3.32, +2.089, +0.171,+0.960
1584777540,+3.32, +2.078, +0.170,+0.960
1584777600,+3.32, +2.046, +0.170,+0.960
1584777660,+3.32, +2.078, +0.170,+0.960
1584777720,+3.32, +2.067, +0.170,+0.960
1584777780,+3.32, +2.067, +0.170,+0.960
1584777840,+3.32, +2.078, +0.171,+0.960
1584777900,+3.32, +2.100, +0.169,+0.960
1584777960,+3.32, +2.067, +0.171,+0.960
1584778020,+3.32, +2.056, +0.171,+0.960
1584778080,+3.32, +2.035, +0.169,+0.960
1584778140,+3.32, +2.078, +0.170,+0.960
1584778200,+3.32, +2.078, +0.170,+0.960
1584778260,+3.32, +2.067, +0.171,+0.960
1584778320,+3.32, +2.056, +0.170,+0.960
1584778380,+3.32, +2.111, +0.169,+0.960
1584778440,+3.32, +2.067, +0.169,+0.960
1584778500,+3.32, +2.089, +0.170,+0.960
1584778560,+3.32, +2.078, +0.172,+0.960
1584778620,+3.32, +2.067, +0.169,+0.960
1584778680,+3.32, +2.078, +0.171,+0.960
1584778740,+3.32, +2.078, +0.170,+0.960
1584778800,+3.32, +2.078, +0.171,+0.960
1584778860,+3.32, +2.067, +0.171,+0.960
1584778920,+3.32, +2.089, +0.170,+0.960
1584778980,+3.32, +2.089, +0.171,+0.960
1584779040,+3.32, +2.078, +0.168,+0.960
1584779100,+3.32, +2.089, +0.169,+0.960
1584779160,+3.32, +2.067, +0.171,+0.960
1584779220,+3.32, +2.078, +0.171,+0.960
1584779280,+3.32, +2.089, +0.170,+0.960
1584779340,+3.32, +2.089, +0.170,+0.960
1584779400,+3.32, +2.067, +0.170,+0.960
1584779460,+3.32, +2.078, +0.169,+0.960
1584779520,+3.32, +2.078, +0.169,+0.960
1584779580,+3.32, +2.067, +0.170,+0.960
1584779640,+3.32, +2.078, +0.170,+0.960
1584779700,+3.32, +2.046, +0.170,+0.960
1584779760,+3.32, +2.100, +0.171,+0.960
1584779820,+3.32, +2.089, +0.169,+0.960
1584779880,+3.32, +2.100, +0.169,+0.960
1584779940,+3.32, +2.089, +0.169,+0.960
1584780000,+3.32, +2.078, +0.170,+0.960
1584780060,+3.32, +2.100, +0.169,+0.960
1584780120,+3.32, +2.078, +0.171,+0.960
1584780180,+3.32, +2.078, +0.170,+0.960
1584780240,+3.32, +2.078, +0.170,+0.960
1584780300,+3.32, +2.046, +0.172,+0.960
1584780360,+3.32, +2.089, +0.169,+0.960
1584780420,+3.32, +2.100, +0.170,+0.960
1584780480,+3.32, +2.089, +0.170,+0.960
1584780540,+3.32, +2.078, +0.169,+0.960
1584780600,+3.32, +2.035, +0.170,+0.960
1584780660,+3.32, +2.078, +0.170,+0.960
1584780720,+3.32, +2.056, +0.171,+0.960
1584780780,+3.32, +2.089, +0.170,+0.960
1584780840,+3.32, +2.111, +0.170,+0.960
1584780900,+3.32, +2.035, +0.170,+0.960
1584780960,+3.32, +2.078, +0.169,+0.960
1584781020,+3.32, +2.035, +0.171,+0.960
1584781080,+3.32, +2.089, +0.171,+0.960
1584781140,+3.32, +2.078, +0.171,+0.960
1584781200,+3.32, +2.122, +0.170,+0.960
1584781260,+3.32, +2.100, +0.170,+0.960
1584781320,+3.32, +2.122, +0.171,+0.960
1584781380,+3.32, +2.089, +0.170,+0.960
1584781440,+3.32, +2.089, +0.171,+0.960
1584781500,+3.32, +2.067, +0.170,+0.960
1584781560,+3.32, +2.067, +0.170,+0.960
1584781620,+3.32, +2.056, +0.173,+0.960
1584781680,+3.32, +2.078, +0.170,+0.960
1584781740,+3.32, +2.056, +0.171,+0.960
1584781800,+3.32, +2.067, +0.171,+0.960
1584781860,+3.32, +2.078, +0.170,+0.960
1584781920,+3.32, +2.078, +0.170,+0.960
1584781980,+3.32, +2.067, +0.170,+0.960
1584782040,+3.32, +2.089, +0.170,+0.960
1584782100,+3.32, +2.056, +0.170,+0.960
1584782160,+3.32, +2.067, +0.171,+0.960
1584782220,+3.32, +2.035, +0.170,+0.960
1584782280,+3.32, +2.067, +0.169,+0.960
1584782340,+3.32, +2.078, +0.171,+0.960
1584782400,+3.32, +2.089, +0.168,+0.960
1584782460,+3.32, +2.067, +0.170,+0.960
1584782520,+3.32, +2.100, +0.170,+0.960
1584782580,+3.32, +2.078, +0.171,+0.960
1584782640,+3.32, +2.078, +0.169,+0.960
1584782700,+3.32, +2.056, +0.171,+0.960
1584782760,+3.32, +2.100, +0.168,+0.960
1584782820,+3.32, +2.067, +0.169,+0.960
1584782880,+3.32, +2.056, +0.170,+0.960
1584782940,+3.32, +2.078, +0.170,+0.960
1584783000,+3.32, +2.056, +0.171,+0.960
1584783060,+3.32, +2.056, +0.171,+0.960
1584783120,+3.32, +2.089, +0.170,+0.960
1584783180,+3.32, +2.067, +0.171,+0.960
1584783240,+3.32, +2.089, +0.172,+0.960
1584783300,+3.32, +2.111, +0.168,+0.960
1584783360,+3.32, +2.078, +0.171,+0.960
1584783420,+3.32, +2.067, +0.170,+0.960
1584783480,+3.32, +2.067, +0.172,+0.960
1584783540,+3.32, +2.078, +0.171,+0.960
1584783600,+3.32, +2.078, +0.169,+0.960
1584783660,+3.32, +2.067, +0.172,+0.960
1584783720,+3.32, +2.056, +0.172,+0.960
1584783780,+3.32, +2.089, +0.169,+0.960
1584783840,+3.32, +2.067, +0.172,+0.960
1584783900,+3.32, +2.078, +0.170,+0.960
1584783960,+3.32, +2.067, +0.170,+0.960
1584784020,+3.32, +2.067, +0.170,+0.960
1584784080,+3.32, +2.046, +0.171,+0.960
1584784140,+3.32, +2.046, +0.171,+0.960
1584784200,+3.32, +2.067, +0.171,+0.960
1584784260,+3.32, +2.067, +0.171,+0.960
1584784320,+3.32, +2.078, +0.171,+0.960
1584784380,+3.32, +2.056, +0.172,+0.960
1584784440,+3.32, +2.046, +0.170,+0.960
1584784500,+3.32, +2.067, +0.171,+0.960
1584784560,+3.32, +2.067, +0.170,+0.960
1584784620,+3.32, +2.067, +0.171,+0.960
1584784680,+3.32, +2.067, +0.168,+0.960
1584784740,+3.32, +2.056, +0.171,+0.960
1584784800,+3.32, +2.046, +0.171,+0.960
1584784860,+3.32, +2.067, +0.171,+0.960
1584784920,+3.32, +2.056, +0.171,+0.960
1584784980,+3.32, +2.056, +0.169,+0.959
1584785040,+3.32, +2.056, +0.172,+0.960
1584785100,+3.32, +2.078, +0.170,+0.960
1584785160,+3.32, +2.078, +0.169,+0.960
1584785220,+3.32, +2.056, +0.170,+0.960
1584785280,+3.32, +2.067, +0.172,+0.960
1584785340,+3.32, +2.067, +0.170,+0.960
1584785400,+3.32, +2.067, +0.170,+0.960
1584785460,+3.32, +2.056, +0.170,+0.960
1584785520,+3.32, +2.056, +0.170,+0.960
1584785580,+3.32, +2.078, +0.169,+0.960
1584785640,+3.32, +2.067, +0.171,+0.960
1584785700,+3.32, +2.078, +0.171,+0.960
1584785760,+3.32, +2.067, +0.171,+0.960
1584785820,+3.32, +2.089, +0.171,+0.960
1584785880,+3.32, +2.067, +0.168,+0.960
1584785940,+3.32, +2.067, +0.169,+0.960
1584786000,+3.32, +2.067, +0.169,+0.960
1584786060,+3.32, +2.078, +0.170,+0.960
1584786120,+3.32, +2.089, +0.169,+0.960
1584786180,+3.32, +2.056, +0.171,+0.960
1584786240,+3.32, +2.078, +0.170,+0.960
1584786300,+3.32, +2.067, +0.171,+0.960
1584786360,+3.32, +2.089, +0.170,+0.960
1584786420,+3.32, +2.046, +0.171,+0.960
1584786480,+3.32, +2.067, +0.172,+0.960
1584786540,+3.32, +2.067, +0.170,+0.960
1584786600,+3.32, +2.067, +0.172,+0.960
1584786660,+3.32, +2.067, +0.172,+0.960
1584786720,+3.32, +2.067, +0.171,+0.960
1584786780,+3.32, +2.078, +0.171,+0.960
1584786840,+3.32, +2.067, +0.171,+0.960
1584786900,+3.32, +2.056, +0.170,+0.960
1584786960,+3.32, +2.100, +0.171,+0.960
1584787020,+3.32, +2.122, +0.170,+0.960
1584787080,+3.32, +2.067, +0.169,+0.960
1584787140,+3.32, +2.067, +0.170,+0.960
1584787200,+3.32, +2.067, +0.170,+0.960
1584787260,+3.32, +2.056, +0.171,+0.960
1584787320,+3.32, +2.078, +0.171,+0.960
1584787380,+3.32, +2.067, +0.170,+0.960
1584787440,+3.32, +2.067, +0.170,+0.960
1584787500,+3.32, +2.056, +0.171,+0.960
1584787560,+3.32, +2.067, +0.170,+0.960
1584787620,+3.32, +2.089, +0.170,+0.960
1584787680,+3.32, +2.056, +0.170,+0.960
1584787740,+3.32, +2.100, +0.170,+0.960
1584787800,+3.32, +2.078, +0.170,+0.960
1584787860,+3.32, +2.089, +0.171,+0.960
1584787920,+3.32, +2.067, +0.170,+0.960
1584787980,+3.32, +2.122, +0.168,+0.960
1584788040,+3.32, +2.056, +0.170,+0.960
1584788100,+3.32, +2.056, +0.170,+0.960
1584788160,+3.32, +2.089, +0.170,+0.960
1584788220,+3.32, +2.056, +0.170,+0.960
1584788280,+3.32, +2.089, +0.169,+0.960
1584788340,+3.32, +2.165, +0.167,+0.960
1584788400,+3.32, +2.089, +0.169,+0.960
1584788460,+3.32, +2.067, +0.171,+0.960
1584788520,+3.32, +2.067, +0.170,+0.960
1584788580,+3.32, +2.089, +0.170,+0.960
1584788640,+3.32, +2.067, +0.171,+0.960
1584788700,+3.32, +2.089, +0.170,+0.960
1584788760,+3.32, +2.078, +0.171,+0.960
1584788820,+3.32, +2.067, +0.171,+0.960
1584788880,+3.32, +2.078, +0.170,+0.960
1584788940,+3.32, +2.067, +0.171,+0.960
1584789000,+3.32, +2.089, +0.171,+0.960
1584789060,+3.32, +2.078, +0.170,+0.960
1584789120,+3.32, +2.056, +0.170,+0.960
1584789180,+3.32, +2.056, +0.170,+0.960
1584789240,+3.32, +2.078, +0.169,+0.960
1584789300,+3.32, +2.067, +0.169,+0.960
1584789360,+3.32, +2.056, +0.170,+0.960
1584789420,+3.32, +2.078, +0.170,+0.960
1584789480,+3.32, +2.067, +0.171,+0.960
1584789540,+3.32, +2.067, +0.170,+0.960
1584789600,+3.32, +2.067, +0.172,+0.960
1584789660,+3.32, +2.067, +0.169,+0.960
1584789720,+3.32, +2.078, +0.170,+0.960
1584789780,+3.32, +2.089, +0.170,+0.960
1584789840,+3.32, +2.067, +0.171,+0.960
1584789900,+3.32, +2.089, +0.169,+0.960
1584789960,+3.32, +2.089, +0.172,+0.960
1584790020,+3.32, +2.100, +0.169,+0.960
1584790080,+3.32, +2.078, +0.172,+0.960
1584790140,+3.32, +2.013, +0.171,+0.960
1584790200,+3.32, +2.056, +0.170,+0.960
1584790260,+3.32, +2.089, +0.170,+0.960
1584790320,+3.32, +2.067, +0.170,+0.960
1584790380,+3.32, +2.078, +0.171,+0.960
1584790440,+3.32, +2.067, +0.171,+0.960
1584790500,+3.32, +2.078, +0.171,+0.960
1584790560,+3.32, +2.089, +0.171,+0.960
1584790620,+3.32, +2.089, +0.169,+0.960
1584790680,+3.32, +2.067, +0.170,+0.960
1584790740,+3.32, +2.089, +0.171,+0.960
1584790800,+3.32, +2.100, +0.171,+0.960
1584790860,+3.32, +2.089, +0.170,+0.960
1584790920,+3.32, +2.067, +0.172,+0.960
1584790980,+3.32, +2.046, +0.171,+0.960
1584791040,+3.32, +2.078, +0.169,+0.960
1584791100,+3.32, +2.067, +0.171,+0.960
1584791160,+3.32, +2.067, +0.170,+0.960
1584791220,+3.32, +2.078, +0.170,+0.960
1584791280,+3.32, +2.067, +0.170,+0.960
1584791340,+3.32, +2.089, +0.171,+0.960
1584791400,+3.32, +2.046, +0.171,+0.960
1584791460,+3.32, +2.078, +0.171,+0.960
1584791520,+3.32, +2.067, +0.172,+0.960
1584791580,+3.32, +2.089, +0.170,+0.960
1584791640,+3.32, +2.078, +0.171,+0.960
1584791700,+3.32, +2.056, +0.170,+0.960
1584791760,+3.32, +2.046, +0.170,+0.960
1584791820,+3.32, +2.067, +0.169,+0.960
1584791880,+3.32, +2.089, +0.170,+0.960
1584791940,+3.32, +2.056, +0.170,+0.960
1584792000,+3.32, +2.078, +0.171,+0.960
1584792060,+3.32, +2.046, +0.171,+0.960
1584792120,+3.32, +2.067, +0.171,+0.960
1584792180,+3.32, +2.078, +0.170,+0.960
1584792240,+3.32, +2.089, +0.170,+0.960
1584792300,+3.32, +2.078, +0.170,+0.960
1584792360,+3.32, +2.067, +0.169,+0.960
1584792420,+3.32, +2.078, +0.171,+0.960
1584792480,+3.32, +2.089, +0.170,+0.960
1584792540,+3.32, +2.078, +0.170,+0.960
1584792600,+3.32, +2.078, +0.171,+0.960
1584792660,+3.32, +2.067, +0.170,+0.960
1584792720,+3.32, +2.122, +0.168,+0.960
1584792780,+3.32, +2.078, +0.170,+0.960
1584792840,+3.32, +2.056, +0.171,+0.960
1584792900,+3.32, +2.056, +0.171,+0.960
1584792960,+3.32, +2.078, +0.169,+0.960
1584793020,+3.32, +2.067, +0.171,+0.960
1584793080,+3.32, +2.100, +0.171,+0.960
1584793140,+3.32, +2.100, +0.169,+0.960
1584793200,+3.32, +2.078, +0.171,+0.960
1584793260,+3.32, +2.089, +0.170,+0.960
1584793320,+3.32, +2.089, +0.170,+0.960
1584793380,+3.32, +2.089, +0.169,+0.960
1584793440,+3.32, +2.067, +0.172,+0.960
1584793500,+3.32, +2.046, +0.169,+0.960
1584793560,+3.32, +2.078, +0.169,+0.960
1584793620,+3.32, +2.111, +0.169,+0.960
1584793680,+3.32, +2.067, +0.171,+0.960
1584793740,+3.32, +2.111, +0.169,+0.960
1584793800,+3.32, +2.078, +0.170,+0.960
1584793860,+3.32, +2.100, +0.170,+0.960
1584793920,+3.32, +2.078, +0.171,+0.960
1584793980,+3.32, +2.067, +0.170,+0.960
1584794040,+3.32, +2.089, +0.171,+0.960
1584794100,+3.32, +2.089, +0.171,+0.960
1584794160,+3.32, +2.078, +0.170,+0.960
1584794220,+3.32, +2.078, +0.169,+0.960
1584794280,+3.32, +2.089, +0.171,+0.960
1584794340,+3.32, +2.089, +0.170,+0.960
1584794400,+3.32, +2.100, +0.172,+0.960
1584794460,+3.32, +2.078, +0.170,+0.960
1584794520,+3.32, +2.078, +0.170,+0.960
1584794580,+3.32, +2.089, +0.170,+0.960
1584794640,+3.32, +2.089, +0.171,+0.960
1584794700,+3.32, +2.067, +0.169,+0.960
1584794760,+3.32, +2.067, +0.172,+0.960
1584794820,+3.32, +2.089, +0.169,+0.960
1584794880,+3.32, +2.056, +0.170,+0.960
1584794940,+3.32, +2.078, +0.170,+0.960
1584795000,+3.32, +2.067, +0.170,+0.960
1584795060,+3.32, +2.089, +0.169,+0.960
1584795120,+3.32, +2.035, +0.172,+0.960
1584795180,+3.32, +2.089, +0.171,+0.960
1584795240,+3.32, +2.078, +0.169,+0.960
1584795300,+3.32, +2.078, +0.170,+0.960
1584795360,+3.32, +2.067, +0.171,+0.960
1584795420,+3.32, +2.089, +0.169,+0.960
1584795480,+3.32, +2.067, +0.171,+0.960
1584795540,+3.32, +2.056, +0.171,+0.960
1584795600,+3.32, +2.056, +0.171,+0.960
1584795660,+3.32, +2.089, +0.169,+0.960
1584795720,+3.32, +2.067, +0.170,+0.960
1584795780,+3.32, +2.100, +0.171,+0.960
1584795840,+3.32, +2.100, +0.172,+0.960
1584795900,+3.32, +2.122, +0.169,+0.960
1584795960,+3.32, +2.143, +0.169,+0.960
1584796020,+3.32, +2.089, +0.170,+0.960
1584796080,+3.32, +2.067, +0.167,+0.959
1584796140,+3.32, +2.089, +0.169,+0.960
1584796200,+3.32, +2.056, +0.172,+0.960
1584796260,+3.32, +2.111, +0.168,+0.960
1584796320,+3.32, +2.089, +0.171,+0.960
1584796380,+3.32, +2.122, +0.170,+0.960
1584796440,+3.32, +2.078, +0.169,+0.960
1584796500,+3.32, +2.078, +0.171,+0.960
1584796560,+3.32, +2.100, +0.168,+0.960
1584796620,+3.32, +2.089, +0.171,+0.960
1584796680,+3.32, +2.100, +0.171,+0.960
1584796740,+3.32, +2.122, +0.170,+0.960
1584796800,+3.32, +2.089, +0.170,+0.960
1584796860,+3.32, +2.089, +0.171,+0.960
1584796920,+3.32, +2.078, +0.168,+0.960
1584796980,+3.32, +2.078, +0.172,+0.960
1584797040,+3.32, +2.100, +0.170,+0.960
1584797100,+3.32, +2.100, +0.170,+0.960
1584797160,+3.32, +2.100, +0.170,+0.960
1584797220,+3.32, +2.078, +0.171,+0.960
1584797280,+3.32, +2.067, +0.170,+0.960
1584797340,+3.32, +2.100, +0.169,+0.960
1584797400,+3.32, +2.122, +0.169,+0.960
1584797460,+3.32, +2.111, +0.169,+0.960
1584797520,+3.32, +2.100, +0.169,+0.960
1584797580,+3.32, +2.078, +0.170,+0.960
1584797640,+3.32, +2.078, +0.172,+0.960
1584797700,+3.32, +2.067, +0.170,+0.960
1584797760,+3.32, +2.111, +0.171,+0.960
1584797820,+3.32, +2.078, +0.170,+0.960
1584797880,+3.32, +2.089, +0.170,+0.960
1584797940,+3.32, +2.089, +0.170,+0.960
1584798000,+3.32, +2.089, +0.170,+0.960
1584798060,+3.32, +2.067, +0.172,+0.960
1584798120,+3.32, +2.089, +0.170,+0.960
1584798180,+3.32, +2.089, +0.169,+0.960
1584798240,+3.32, +2.122, +0.171,+0.960
1584798300,+3.32, +2.111, +0.170,+0.960
1584798360,+3.32, +2.078, +0.172,+0.960
1584798420,+3.32, +2.078, +0.171,+0.960
1584798480,+3.32, +2.111, +0.170,+0.960
1584798540,+3.32, +2.089, +0.169,+0.960
1584798600,+3.32, +2.089, +0.170,+0.960
1584798660,+3.32, +2.089, +0.169,+0.960
1584798720,+3.32, +2.089, +0.170,+0.960
1584798780,+3.32, +2.089, +0.169,+0.960
1584798840,+3.32, +2.078, +0.171,+0.960
1584798900,+3.32, +2.089, +0.169,+0.960
1584798960,+3.32, +2.111, +0.170,+0.960
1584799020,+3.31, +2.100, +0.170,+0.960
1584799080,+3.32, +2.100, +0.170,+0.960
1584799140,+3.32, +2.089, +0.170,+0.960
1584799200,+3.32, +2.089, +0.171,+0.960
1584799260,+3.32, +2.078, +0.171,+0.960
1584799320,+3.32, +2.067, +0.169,+0.960
1584799380,+3.32, +2.067, +0.170,+0.960
1584799440,+3.32, +2.078, +0.170,+0.960
1584799500,+3.32, +2.100, +0.169,+0.960
1584799560,+3.32, +2.067, +0.170,+0.960
1584799620,+3.32, +2.133, +0.171,+0.960
1584799680,+3.32, +2.100, +0.170,+0.960
1584799740,+3.32, +2.089, +0.170,+0.960
1584799800,+3.32, +2.100, +0.169,+0.960
1584799860,+3.32, +2.100, +0.172,+0.960
1584799920,+3.32, +2.100, +0.168,+0.960
1584799980,+3.32, +2.089, +0.170,+0.960
1584800040,+3.32, +2.089, +0.170,+0.960
1584800100,+3.32, +2.078, +0.170,+0.960
1584800160,+3.32, +2.100, +0.169,+0.960
1584800220,+3.32, +2.100, +0.169,+0.960
1584800280,+3.32, +2.111, +0.171,+0.960
1584800340,+3.32, +2.089, +0.171,+0.960
1584800400,+3.32, +2.100, +0.169,+0.960
1584800460,+3.32, +2.067, +0.171,+0.960
1584800520,+3.32, +2.089, +0.170,+0.960
1584800580,+3.32, +2.078, +0.171,+0.960
1584800640,+3.32, +2.089, +0.169,+0.960
1584800700,+3.32, +2.078, +0.171,+0.960
1584800760,+3.32, +2.111, +0.169,+0.960
1584800820,+3.32, +2.111, +0.169,+0.960
1584800880,+3.32, +2.067, +0.172,+0.960
1584800940,+3.32, +2.100, +0.170,+0.960
1584801000,+3.32, +2.089, +0.169,+0.960
1584801060,+3.32, +2.089, +0.171,+0.960
1584801120,+3.32, +2.100, +0.170,+0.960
1584801180,+3.32, +2.089, +0.172,+0.960
1584801240,+3.32, +2.100, +0.169,+0.960
1584801300,+3.32, +2.100, +0.171,+0.960
1584801360,+3.32, +2.089, +0.171,+0.960
1584801420,+3.32, +2.046, +0.173,+0.960
1584801480,+3.32, +2.078, +0.170,+0.960
1584801540,+3.32, +2.133, +0.169,+0.960
1584801600,+3.32, +2.078, +0.171,+0.960
1584801660,+3.32, +2.089, +0.171,+0.960
1584801720,+3.32, +2.089, +0.170,+0.960
1584801780,+3.32, +2.089, +0.169,+0.960
1584801840,+3.32, +2.111, +0.170,+0.960
1584801900,+3.32, +2.089, +0.171,+0.960
1584801960,+3.32, +2.078, +0.171,+0.960
1584802020,+3.32, +2.089, +0.169,+0.960
1584802080,+3.32, +2.100, +0.168,+0.960
1584802140,+3.32, +2.089, +0.170,+0.960
1584802200,+3.32, +2.089, +0.169,+0.959
1584802260,+3.32, +2.089, +0.171,+0.960
1584802320,+3.32, +2.056, +0.169,+0.960
1584802380,+3.32, +2.154, +0.171,+0.960
1584802440,+3.32, +2.100, +0.169,+0.960
1584802500,+3.32, +2.100, +0.170,+0.960
1584802560,+3.32, +2.122, +0.171,+0.960
1584802620,+3.32, +2.078, +0.172,+0.960
1584802680,+3.32, +2.067, +0.171,+0.960
1584802740,+3.32, +2.078, +0.170,+0.960
1584802800,+3.32, +2.067, +0.172,+0.960
1584802860,+3.32, +2.143, +0.171,+0.960
1584802920,+3.32, +2.078, +0.171,+0.960
1584802980,+3.32, +2.122, +0.169,+0.960
1584803040,+3.32, +2.089, +0.172,+0.960
1584803100,+3.32, +2.089, +0.171,+0.960
1584803160,+3.32, +2.089, +0.168,+0.960
1584803220,+3.32, +2.143, +0.169,+0.960
1584803280,+3.32, +2.111, +0.170,+0.960
1584803340,+3.32, +2.100, +0.170,+0.960
1584803400,+3.32, +2.111, +0.169,+0.960
1584803460,+3.32, +2.100, +0.170,+0.960
1584803520,+3.32, +2.111, +0.170,+0.960
1584803580,+3.32, +2.111, +0.169,+0.960
1584803640,+3.32, +2.089, +0.171,+0.960
1584803700,+3.32, +2.100, +0.168,+0.960
1584803760,+3.32, +2.100, +0.170,+0.960
1584803820,+3.32, +2.089, +0.171,+0.960
1584803880,+3.32, +2.111, +0.169,+0.960
1584803940,+3.32, +2.100, +0.169,+0.960
1584804000,+3.32, +2.111, +0.168,+0.960
1584804060,+3.32, +2.089, +0.171,+0.960
1584804120,+3.32, +2.100, +0.169,+0.960
1584804180,+3.32, +2.100, +0.170,+0.960
1584804240,+3.32, +2.089, +0.170,+0.960
1584804300,+3.32, +2.067, +0.170,+0.960
1584804360,+3.32, +2.089, +0.170,+0.960
1584804420,+3.32, +2.100, +0.169,+0.960
1584804480,+3.32, +2.067, +0.171,+0.960
1584804540,+3.32, +2.100, +0.172,+0.960
1584804600,+3.32, +2.089, +0.170,+0.960
1584804660,+3.32, +2.078, +0.170,+0.960
1584804720,+3.32, +2.089, +0.170,+0.960
1584804780,+3.32, +2.100, +0.170,+0.960
1584804840,+3.32, +2.078, +0.170,+0.960
1584804900,+3.32, +2.100, +0.171,+0.960
1584804960,+3.32, +2.056, +0.172,+0.960
1584805020,+3.32, +2.067, +0.171,+0.960
1584805080,+3.32, +2.089, +0.170,+0.960
1584805140,+3.31, +2.089, +0.171,+0.960
1584805200,+3.32, +2.089, +0.170,+0.960
1584805260,+3.32, +2.100, +0.170,+0.960
1584805320,+3.32, +2.078, +0.170,+0.960
1584805380,+3.32, +2.089, +0.170,+0.960
1584805440,+3.32, +2.078, +0.173,+0.960
1584805500,+3.32, +2.100, +0.168,+0.960
1584805560,+3.32, +2.078, +0.170,+0.960
1584805620,+3.32, +2.089, +0.170,+0.960
1584805680,+3.32, +2.100, +0.170,+0.960
1584805740,+3.32, +2.089, +0.170,+0.960
1584805800,+3.32, +2.089, +0.169,+0.960
1584805860,+3.32, +2.078, +0.171,+0.960
1584805920,+3.32, +2.089, +0.171,+0.960
1584805980,+3.32, +2.078, +0.171,+0.960
1584806040,+3.32, +2.100, +0.169,+0.960
1584806100,+3.32, +2.089, +0.170,+0.960
1584806160,+3.31, +2.089, +0.170,+0.960
1584806220,+3.32, +2.100, +0.170,+0.960
1584806280,+3.32, +2.100, +0.172,+0.960
1584806340,+3.32, +2.100, +0.168,+0.960
1584806400,+3.32, +2.078, +0.171,+0.960
1584806460,+3.32, +2.089, +0.170,+0.960
1584806520,+3.32, +2.089, +0.169,+0.960
1584806580,+3.32, +2.089, +0.169,+0.960
1584806640,+3.32, +2.111, +0.171,+0.960
1584806700,+3.32, +2.089, +0.170,+0.960
1584806760,+3.32, +2.111, +0.168,+0.960
1584806820,+3.32, +2.067, +0.172,+0.960
1584806880,+3.32, +2.100, +0.171,+0.960
1584806940,+3.32, +2.067, +0.171,+0.960
1584807000,+3.32, +2.089, +0.170,+0.960
1584807060,+3.32, +2.111, +0.170,+0.960
1584807120,+3.32, +2.078, +0.170,+0.960
1584807180,+3.32, +2.100, +0.170,+0.960
1584807240,+3.32, +2.089, +0.169,+0.960
1584807300,+3.32, +2.100, +0.169,+0.960
1584807360,+3.32, +2.111, +0.171,+0.960
1584807420,+3.32, +2.078, +0.171,+0.960
1584807480,+3.32, +2.078, +0.171,+0.960
1584807540,+3.32, +2.100, +0.172,+0.960
1584807600,+3.32, +2.089, +0.171,+0.960
1584807660,+3.32, +2.089, +0.169,+0.960
1584807720,+3.32, +2.089, +0.170,+0.960
1584807780,+3.32, +2.067, +0.172,+0.960
1584807840,+3.32, +2.100, +0.171,+0.960
1584807900,+3.32, +2.100, +0.169,+0.960
1584807960,+3.32, +2.089, +0.171,+0.960
1584808020,+3.32, +2.111, +0.171,+0.960
1584808080,+3.32, +2.078, +0.172,+0.960
1584808140,+3.32, +2.078, +0.170,+0.960
1584808200,+3.32, +2.078, +0.170,+0.960
1584808260,+3.32, +2.100, +0.170,+0.960
1584808320,+3.32, +2.078, +0.171,+0.960
1584808380,+3.32, +2.100, +0.170,+0.960
1584808440,+3.32, +2.111, +0.168,+0.960
1584808500,+3.32, +2.089, +0.169,+0.960
1584808560,+3.32, +2.078, +0.171,+0.960
1584808620,+3.32, +2.100, +0.171,+0.960
1584808680,+3.32, +2.089, +0.171,+0.960
1584808740,+3.32, +2.111, +0.169,+0.960
1584808800,+3.32, +2.100, +0.171,+0.960
1584808860,+3.32, +2.122, +0.170,+0.960
1584808920,+3.32, +2.089, +0.170,+0.960
1584808980,+3.32, +2.089, +0.170,+0.960
1584809040,+3.32, +2.100, +0.170,+0.960
1584809100,+3.32, +2.111, +0.170,+0.960
1584809160,+3.32, +2.089, +0.171,+0.960
1584809220,+3.32, +2.078, +0.171,+0.960
1584809280,+3.32, +2.078, +0.171,+0.960
1584809340,+3.32, +2.078, +0.170,+0.960
1584809400,+3.32, +2.111, +0.170,+0.960
1584809460,+3.32, +2.111, +0.169,+0.960
1584809520,+3.32, +2.089, +0.172,+0.960
1584809580,+3.32, +2.067, +0.170,+0.960
1584809640,+3.32, +2.078, +0.170,+0.960
1584809700,+3.32, +2.067, +0.171,+0.960
1584809760,+3.32, +2.089, +0.172,+0.960
1584809820,+3.32, +2.089, +0.170,+0.960
1584809880,+3.32, +2.100, +0.170,+0.960
1584809940,+3.32, +2.089, +0.171,+0.960
1584810000,+3.32, +2.100, +0.170,+0.960
1584810060,+3.32, +2.100, +0.170,+0.960
1584810120,+3.32, +2.100, +0.170,+0.960
1584810180,+3.32, +2.089, +0.170,+0.960
1584810240,+3.32, +2.089, +0.171,+0.960
1584810300,+3.32, +2.100, +0.170,+0.960
1584810360,+3.32, +2.078, +0.170,+0.960
1584810420,+3.32, +2.089, +0.170,+0.960
1584810480,+3.32, +2.046, +0.171,+0.960
1584810540,+3.32, +2.035, +0.172,+0.960
1584810600,+3.32, +2.122, +0.171,+0.960
1584810660,+3.32, +2.111, +0.170,+0.960
1584810720,+3.32, +2.089, +0.169,+0.960
1584810780,+3.32, +2.089, +0.171,+0.960
1584810840,+3.32, +2.154, +0.170,+0.960
1584810900,+3.32, +2.089, +0.170,+0.960
1584810960,+3.32, +2.078, +0.169,+0.960
1584811020,+3.32, +2.078, +0.170,+0.960
1584811080,+3.32, +2.100, +0.171,+0.960
1584811140,+3.32, +2.100, +0.172,+0.960
1584811200,+3.32, +2.089, +0.171,+0.960
1584811260,+3.32, +2.100, +0.170,+0.960
1584811320,+3.32, +2.089, +0.171,+0.960
1584811380,+3.32, +2.100, +0.170,+0.960
1584811440,+3.32, +2.100, +0.169,+0.960
1584811500,+3.32, +2.100, +0.170,+0.960
1584811560,+3.32, +2.067, +0.170,+0.960
1584811620,+3.32, +2.089, +0.171,+0.960
1584811680,+3.32, +2.122, +0.171,+0.960
1584811740,+3.32, +2.089, +0.171,+0.960
1584811800,+3.32, +2.067, +0.171,+0.960
1584811860,+3.32, +2.089, +0.169,+0.960
1584811920,+3.32, +2.078, +0.169,+0.960
1584811980,+3.32, +2.078, +0.171,+0.960
1584812040,+3.32, +2.100, +0.171,+0.960
1584812100,+3.32, +2.067, +0.170,+0.960
1584812160,+3.32, +2.078, +0.170,+0.960
1584812220,+3.32, +2.089, +0.171,+0.960
1584812280,+3.32, +2.111, +0.171,+0.960
1584812340,+3.32, +2.078, +0.170,+0.960
1584812400,+3.32, +2.100, +0.170,+0.960
1584812460,+3.32, +2.089, +0.169,+0.960
1584812520,+3.32, +2.100, +0.170,+0.960
1584812580,+3.32, +2.078, +0.170,+0.960
1584812640,+3.32, +2.089, +0.170,+0.960
1584812700,+3.32, +2.089, +0.171,+0.960
1584812760,+3.32, +2.078, +0.172,+0.960
1584812820,+3.32, +2.111, +0.169,+0.960
1584812880,+3.32, +2.100, +0.169,+0.960
1584812940,+3.32, +2.111, +0.169,+0.960
1584813000,+3.32, +2.089, +0.170,+0.960
1584813060,+3.32, +2.078, +0.170,+0.960
1584813120,+3.32, +2.078, +0.170,+0.960
1584813180,+3.32, +2.078, +0.171,+0.960
1584813240,+3.32, +2.100, +0.169,+0.960
1584813300,+3.32, +2.078, +0.171,+0.960
1584813360,+3.32, +2.089, +0.169,+0.960
1584813420,+3.32, +2.089, +0.169,+0.959
1584813480,+3.32, +2.089, +0.171,+0.960
1584813540,+3.32, +2.133, +0.171,+0.960
1584813600,+3.32, +2.078, +0.170,+0.960
1584813660,+3.32, +2.089, +0.169,+0.960
1584813720,+3.32, +2.089, +0.172,+0.960
1584813780,+3.32, +2.067, +0.169,+0.960
1584813840,+3.32, +2.089, +0.169,+0.960
1584813900,+3.32, +2.056, +0.171,+0.960
1584813960,+3.32, +2.067, +0.171,+0.960
1584814020,+3.32, +2.089, +0.172,+0.960
1584814080,+3.32, +2.122, +0.171,+0.960
1584814140,+3.32, +2.089, +0.171,+0.960
1584814200,+3.32, +2.089, +0.170,+0.960
1584814260,+3.32, +2.089, +0.169,+0.960
1584814320,+3.32, +2.111, +0.169,+0.960
1584814380,+3.32, +2.067, +0.171,+0.960
1584814440,+3.32, +2.111, +0.170,+0.960
1584814500,+3.32, +2.089, +0.171,+0.960
1584814560,+3.32, +2.067, +0.169,+0.960
1584814620,+3.32, +2.100, +0.169,+0.960
1584814680,+3.32, +2.111, +0.170,+0.960
1584814740,+3.32, +2.067, +0.172,+0.960
1584814800,+3.32, +2.089, +0.171,+0.960
1584814860,+3.32, +2.089, +0.171,+0.960
1584814920,+3.32, +2.122, +0.169,+0.960
1584814980,+3.32, +2.067, +0.172,+0.960
1584815040,+3.32, +2.089, +0.171,+0.960
1584815100,+3.32, +2.067, +0.170,+0.960
1584815160,+3.32, +2.089, +0.171,+0.960
1584815220,+3.32, +2.111, +0.171,+0.960
1584815280,+3.32, +2.100, +0.171,+0.960
1584815340,+3.32, +2.078, +0.169,+0.960
1584815400,+3.32, +2.089, +0.171,+0.960
1584815460,+3.32, +2.089, +0.170,+0.960
1584815520,+3.32, +2.089, +0.170,+0.960
1584815580,+3.32, +2.089, +0.170,+0.960
1584815640,+3.32, +2.078, +0.170,+0.960
1584815700,+3.32, +2.100, +0.172,+0.960
1584815760,+3.32, +2.056, +0.171,+0.960
1584815820,+3.32, +2.078, +0.170,+0.960
1584815880,+3.32, +2.046, +0.171,+0.960
1584815940,+3.32, +2.089, +0.171,+0.960
1584816000,+3.32, +2.100, +0.170,+0.960
1584816060,+3.32, +2.078, +0.170,+0.960
1584816120,+3.32, +2.078, +0.172,+0.960
1584816180,+3.32, +2.078, +0.170,+0.960
1584816240,+3.32, +2.100, +0.169,+0.960
1584816300,+3.32, +2.089, +0.169,+0.960
1584816360,+3.32, +2.089, +0.168,+0.960
1584816420,+3.32, +2.078, +0.171,+0.960
1584816480,+3.32, +2.089, +0.170,+0.960
1584816540,+3.32, +2.100, +0.170,+0.960
1584816600,+3.32, +2.089, +0.171,+0.960
1584816660,+3.32, +2.056, +0.170,+0.960
1584816720,+3.32, +2.100, +0.170,+0.960
1584816780,+3.32, +2.111, +0.169,+0.960
1584816840,+3.32, +2.089, +0.169,+0.960
1584816900,+3.32, +2.111, +0.171,+0.960
1584816960,+3.32, +2.089, +0.170,+0.960
1584817020,+3.32, +2.100, +0.169,+0.960
1584817080,+3.32, +2.089, +0.169,+0.960
1584817140,+3.32, +2.078, +0.170,+0.960
1584817200,+3.32, +2.089, +0.171,+0.960
1584817260,+3.32, +2.078, +0.171,+0.960
1584817320,+3.32, +2.089, +0.170,+0.960
1584817380,+3.32, +2.089, +0.171,+0.960
1584817440,+3.32, +2.089, +0.169,+0.960
1584817500,+3.32, +2.089, +0.171,+0.960
1584817560,+3.32, +2.100, +0.172,+0.960
1584817620,+3.32, +2.100, +0.170,+0.960
1584817680,+3.32, +2.078, +0.170,+0.960
1584817740,+3.32, +2.056, +0.169,+0.960
1584817800,+3.32, +2.078, +0.171,+0.960
1584817860,+3.32, +2.100, +0.169,+0.960
1584817920,+3.32, +2.078, +0.170,+0.960
1584817980,+3.32, +2.100, +0.171,+0.960
1584818040,+3.32, +2.078, +0.169,+0.960
1584818100,+3.32, +2.089, +0.170,+0.960
1584818160,+3.32, +2.078, +0.169,+0.960
1584818220,+3.32, +2.089, +0.169,+0.960
1584818280,+3.32, +2.089, +0.170,+0.960
1584818340,+3.32, +2.067, +0.169,+0.960
1584818400,+3.32, +2.067, +0.170,+0.960
1584818460,+3.32, +2.089, +0.170,+0.960
1584818520,+3.32, +2.078, +0.170,+0.960
1584818580,+3.32, +2.089, +0.170,+0.960
1584818640,+3.32, +2.122, +0.170,+0.960
1584818700,+3.32, +2.111, +0.171,+0.960
1584818760,+3.32, +2.078, +0.171,+0.960
1584818820,+3.32, +2.100, +0.170,+0.960
1584818880,+3.32, +2.100, +0.170,+0.960
1584818940,+3.32, +2.100, +0.171,+0.960
1584819000,+3.32, +2.100, +0.171,+0.960
1584819060,+3.32, +2.100, +0.169,+0.960
1584819120,+3.32, +2.078, +0.170,+0.960
1584819180,+3.32, +2.111, +0.168,+0.960
1584819240,+3.32, +2.089, +0.171,+0.960
1584819300,+3.32, +2.100, +0.170,+0.960
1584819360,+3.32, +2.067, +0.168,+0.960
1584819420,+3.32, +2.100, +0.170,+0.960
1584819480,+3.32, +2.089, +0.170,+0.960
1584819540,+3.32, +2.100, +0.171,+0.960
1584819600,+3.32, +2.100, +0.169,+0.960
1584819660,+3.32, +2.111, +0.169,+0.960
1584819720,+3.32, +2.089, +0.172,+0.960
1584819780,+3.32, +2.111, +0.170,+0.960
1584819840,+3.32, +2.089, +0.170,+0.960
1584819900,+3.32, +2.067, +0.170,+0.960
1584819960,+3.32, +2.100, +0.170,+0.960
1584820020,+3.32, +2.089, +0.171,+0.960
1584820080,+3.32, +2.089, +0.171,+0.960
1584820140,+3.32, +2.078, +0.170,+0.960
1584820200,+3.32, +2.089, +0.170,+0.960
1584820260,+3.32, +2.067, +0.171,+0.960
1584820320,+3.32, +2.056, +0.172,+0.960
1584820380,+3.32, +2.078, +0.169,+0.960
1584820440,+3.32, +2.100, +0.169,+0.960
1584820500,+3.32, +2.089, +0.170,+0.960
1584820560,+3.32, +2.111, +0.170,+0.960
1584820620,+3.32, +2.078, +0.170,+0.960
1584820680,+3.32, +2.056, +0.171,+0.960
1584820740,+3.32, +2.100, +0.169,+0.960
1584820800,+3.32, +2.067, +0.172,+0.960
1584820860,+3.32, +2.089, +0.167,+0.960
1584820920,+3.32, +2.100, +0.170,+0.960
1584820980,+3.32, +2.089, +0.170,+0.960
1584821040,+3.32, +2.100, +0.171,+0.960
1584821100,+3.32, +2.089, +0.170,+0.960
1584821160,+3.32, +2.089, +0.170,+0.960
1584821220,+3.32, +2.089, +0.170,+0.960
1584821280,+3.32, +2.089, +0.168,+0.960
1584821340,+3.32, +2.100, +0.171,+0.960
1584821400,+3.32, +2.089, +0.171,+0.960
1584821460,+3.32, +2.089, +0.171,+0.960
1584821520,+3.32, +2.089, +0.169,+0.960
1584821580,+3.32, +2.078, +0.170,+0.960
1584821640,+3.32, +2.067, +0.171,+0.960
1584821700,+3.32, +2.078, +0.171,+0.960
1584821760,+3.32, +2.078, +0.170,+0.960
1584821820,+3.32, +2.100, +0.171,+0.960
1584821880,+3.32, +2.078, +0.169,+0.960
1584821940,+3.32, +2.100, +0.170,+0.960
1584822000,+3.32, +2.111, +0.171,+0.960
1584822060,+3.32, +2.100, +0.170,+0.960
1584822120,+3.32, +2.067, +0.170,+0.960
1584822180,+3.32, +2.100, +0.170,+0.960
1584822240,+3.32, +2.067, +0.171,+0.960
1584822300,+3.32, +2.056, +0.170,+0.960
1584822360,+3.32, +2.067, +0.170,+0.960
1584822420,+3.32, +2.100, +0.168,+0.960
1584822480,+3.32, +2.078, +0.168,+0.960
1584822540,+3.32, +2.111, +0.170,+0.960
1584822600,+3.32, +2.067, +0.172,+0.960
1584822660,+3.32, +2.100, +0.172,+0.960
1584822720,+3.32, +2.078, +0.171,+0.960
1584822780,+3.32, +2.111, +0.168,+0.960
1584822840,+3.32, +2.078, +0.170,+0.960
1584822900,+3.32, +2.067, +0.172,+0.960
1584822960,+3.32, +2.078, +0.171,+0.960
1584823020,+3.32, +2.111, +0.168,+0.960
1584823080,+3.32, +2.078, +0.170,+0.960
1584823140,+3.32, +2.067, +0.170,+0.960
1584823200,+3.32, +2.089, +0.171,+0.960
1584823260,+3.32, +2.100, +0.172,+0.960
1584823320,+3.32, +2.089, +0.171,+0.960
1584823380,+3.32, +2.067, +0.170,+0.960
1584823440,+3.32, +2.078, +0.171,+0.960
1584823500,+3.32, +2.100, +0.170,+0.960
1584823560,+3.32, +2.100, +0.170,+0.960
1584823620,+3.32, +2.067, +0.170,+0.960
1584823680,+3.32, +2.056, +0.170,+0.960
1584823740,+3.32, +2.111, +0.170,+0.960
1584823800,+3.32, +2.078, +0.172,+0.960
