7392-570653
OS REV: 1.11 Sensor Cal: 1428445788
Time (sec),  BV (Volts),  T (deg C),  DO (mg/l),  Q ()
1588711860,+3.33, +5.043, +1.904,+0.980
1588711920,+3.33, +5.003, +1.913,+0.980
1588711980,+3.33, +4.973, +1.753,+0.979
1588712040,+3.33, +4.932, +1.589,+0.978
1588712100,+3.33, +4.932, +1.486,+0.978
1588712160,+3.33, +4.912, +1.448,+0.978
1588712220,+3.33, +4.952, +1.461,+0.978
1588712280,+3.33, +5.003, +1.546,+0.979
1588712340,+3.33, +5.054, +1.762,+0.980
1588712400,+3.33, +5.054, +1.879,+0.981
1588712460,+3.33, +5.074, +1.907,+0.981
1588712520,+3.33, +5.033, +1.902,+0.980
1588712580,+3.33, +4.993, +1.774,+0.980
1588712640,+3.33, +4.942, +1.659,+0.979
1588712700,+3.33, +4.902, +1.533,+0.978
1588712760,+3.33, +4.871, +1.390,+0.977
1588712820,+3.33, +4.851, +1.212,+0.975
1588712880,+3.33, +4.821, +1.131,+0.974
1588712940,+3.33, +4.821, +1.064,+0.973
1588713000,+3.33, +4.800, +0.997,+0.973
1588713060,+3.33, +4.810, +0.939,+0.972
1588713120,+3.33, +4.861, +0.961,+0.973
1588713180,+3.33, +4.871, +1.078,+0.974
1588713240,+3.33, +4.912, +1.266,+0.976
1588713300,+3.33, +4.973, +1.423,+0.978
1588713360,+3.33, +5.033, +1.595,+0.979
1588713420,+3.33, +5.094, +1.721,+0.980
1588713480,+3.33, +5.114, +1.851,+0.981
1588713540,+3.33, +5.154, +2.017,+0.982
1588713600,+3.33, +5.154, +2.207,+0.983
1588713660,+3.33, +5.144, +2.343,+0.983
1588713720,+3.33, +5.144, +2.263,+0.982
1588713780,+3.33, +5.124, +2.242,+0.982
1588713840,+3.33, +5.064, +2.155,+0.982
1588713900,+3.33, +4.993, +1.918,+0.981
1588713960,+3.33, +4.912, +1.587,+0.978
1588714020,+3.33, +4.851, +1.285,+0.976
1588714080,+3.33, +4.780, +1.048,+0.973
1588714140,+3.33, +4.719, +0.903,+0.971
1588714200,+3.33, +4.709, +0.794,+0.970
1588714260,+3.33, +4.698, +0.708,+0.969
1588714320,+3.33, +4.678, +0.618,+0.967
1588714380,+3.33, +4.729, +0.529,+0.966
1588714440,+3.33, +4.739, +0.561,+0.967
1588714500,+3.33, +4.790, +0.640,+0.968
1588714560,+3.33, +4.851, +0.890,+0.972
1588714620,+3.33, +4.922, +1.225,+0.976
1588714680,+3.33, +4.973, +1.406,+0.978
1588714740,+3.33, +4.993, +1.577,+0.979
1588714800,+3.33, +5.064, +1.781,+0.981
1588714860,+3.33, +5.104, +1.945,+0.982
1588714920,+3.33, +5.074, +2.047,+0.982
1588714980,+3.33, +5.134, +2.121,+0.982
1588715040,+3.33, +5.094, +2.204,+0.982
1588715100,+3.33, +5.114, +2.200,+0.982
1588715160,+3.33, +5.154, +2.259,+0.982
1588715220,+3.33, +5.165, +2.393,+0.983
1588715280,+3.33, +5.175, +2.422,+0.984
1588715340,+3.33, +5.165, +2.416,+0.983
1588715400,+3.33, +5.175, +2.401,+0.983
1588715460,+3.33, +5.175, +2.420,+0.983
1588715520,+3.33, +5.124, +2.440,+0.983
1588715580,+3.33, +5.144, +2.434,+0.983
1588715640,+3.33, +5.104, +2.337,+0.983
1588715700,+3.33, +5.064, +2.195,+0.982
1588715760,+3.33, +5.043, +2.039,+0.981
1588715820,+3.33, +4.983, +1.830,+0.980
1588715880,+3.33, +4.932, +1.547,+0.978
1588715940,+3.33, +4.881, +1.370,+0.977
1588716000,+3.33, +4.821, +1.242,+0.975
1588716060,+3.33, +4.790, +1.075,+0.973
1588716120,+3.33, +4.749, +0.950,+0.972
1588716180,+3.33, +4.729, +0.843,+0.970
1588716240,+3.33, +4.698, +0.771,+0.969
1588716300,+3.33, +4.739, +0.719,+0.969
1588716360,+3.33, +4.739, +0.665,+0.968
1588716420,+3.33, +4.780, +0.619,+0.968
1588716480,+3.33, +4.851, +0.628,+0.968
1588716540,+3.33, +4.881, +0.739,+0.970
1588716600,+3.33, +4.932, +0.903,+0.972
1588716660,+3.33, +4.973, +1.007,+0.973
1588716720,+3.33, +4.942, +1.089,+0.974
1588716780,+3.32, +4.973, +1.158,+0.975
1588716840,+3.33, +5.013, +1.252,+0.976
1588716900,+3.33, +5.054, +1.389,+0.977
1588716960,+3.33, +5.003, +1.471,+0.978
1588717020,+3.33, +4.993, +1.479,+0.978
1588717080,+3.33, +4.942, +1.379,+0.977
1588717140,+3.33, +4.942, +1.267,+0.976
1588717200,+3.33, +4.912, +1.205,+0.975
1588717260,+3.33, +4.902, +1.154,+0.975
1588717320,+3.33, +4.851, +1.112,+0.974
1588717380,+3.33, +4.881, +1.040,+0.973
1588717440,+3.33, +4.881, +0.985,+0.973
1588717500,+3.33, +4.871, +0.918,+0.972
1588717560,+3.33, +4.902, +0.831,+0.971
1588717620,+3.33, +4.871, +0.788,+0.970
1588717680,+3.33, +4.841, +0.769,+0.970
1588717740,+3.33, +4.861, +0.778,+0.970
1588717800,+3.33, +4.902, +0.790,+0.970
1588717860,+3.33, +4.871, +0.800,+0.970
1588717920,+3.33, +4.932, +0.820,+0.971
1588717980,+3.33, +4.942, +0.860,+0.971
1588718040,+3.33, +4.963, +0.940,+0.972
1588718100,+3.33, +5.003, +1.100,+0.974
1588718160,+3.33, +5.013, +1.231,+0.976
1588718220,+3.33, +5.033, +1.333,+0.977
1588718280,+3.33, +5.033, +1.407,+0.977
1588718340,+3.33, +5.043, +1.475,+0.978
1588718400,+3.33, +5.074, +1.535,+0.978
1588718460,+3.33, +5.134, +1.610,+0.979
1588718520,+3.33, +5.134, +1.675,+0.980
1588718580,+3.33, +5.154, +1.732,+0.980
1588718640,+3.33, +5.175, +1.822,+0.980
1588718700,+3.33, +5.165, +1.903,+0.981
1588718760,+3.33, +5.134, +1.979,+0.981
1588718820,+3.33, +5.124, +2.018,+0.981
1588718880,+3.33, +5.134, +2.055,+0.982
1588718940,+3.33, +5.144, +2.068,+0.982
1588719000,+3.33, +5.175, +2.084,+0.982
1588719060,+3.33, +5.215, +2.163,+0.982
1588719120,+3.33, +5.235, +2.325,+0.983
1588719180,+3.33, +5.275, +2.446,+0.983
1588719240,+3.33, +5.315, +2.561,+0.984
1588719300,+3.33, +5.315, +2.725,+0.984
1588719360,+3.33, +5.295, +2.848,+0.984
1588719420,+3.33, +5.295, +2.893,+0.985
1588719480,+3.33, +5.275, +2.856,+0.984
1588719540,+3.33, +5.275, +2.836,+0.984
1588719600,+3.33, +5.265, +2.813,+0.984
1588719660,+3.33, +5.255, +2.756,+0.984
1588719720,+3.33, +5.195, +2.671,+0.984
1588719780,+3.33, +5.175, +2.600,+0.983
1588719840,+3.33, +5.114, +2.541,+0.983
1588719900,+3.33, +5.104, +2.490,+0.983
1588719960,+3.33, +5.084, +2.438,+0.983
1588720020,+3.33, +5.084, +2.390,+0.982
1588720080,+3.33, +5.064, +2.341,+0.982
1588720140,+3.33, +5.033, +2.284,+0.982
1588720200,+3.33, +5.033, +2.209,+0.982
1588720260,+3.33, +5.013, +2.138,+0.982
1588720320,+3.33, +5.003, +2.080,+0.982
1588720380,+3.33, +4.993, +2.023,+0.981
1588720440,+3.33, +4.973, +1.884,+0.980
1588720500,+3.33, +4.963, +1.747,+0.980
1588720560,+3.33, +4.963, +1.619,+0.979
1588720620,+3.33, +4.942, +1.528,+0.978
1588720680,+3.33, +4.922, +1.456,+0.977
1588720740,+3.33, +4.922, +1.402,+0.977
1588720800,+3.33, +4.952, +1.361,+0.976
1588720860,+3.33, +4.912, +1.339,+0.977
1588720920,+3.33, +4.881, +1.313,+0.976
1588720980,+3.33, +4.932, +1.288,+0.976
1588721040,+3.33, +4.912, +1.253,+0.976
1588721100,+3.33, +4.912, +1.197,+0.975
1588721160,+3.33, +4.912, +1.160,+0.975
1588721220,+3.33, +4.902, +1.126,+0.974
1588721280,+3.33, +4.871, +1.101,+0.974
1588721340,+3.32, +4.892, +1.068,+0.974
1588721400,+3.33, +4.881, +1.041,+0.973
1588721460,+3.33, +4.871, +1.015,+0.973
1588721520,+3.33, +4.841, +0.990,+0.973
1588721580,+3.33, +4.861, +0.967,+0.973
1588721640,+3.33, +4.851, +0.946,+0.972
1588721700,+3.33, +4.821, +0.930,+0.972
1588721760,+3.33, +4.810, +0.908,+0.972
1588721820,+3.33, +4.790, +0.872,+0.971
1588721880,+3.33, +4.770, +0.834,+0.971
1588721940,+3.33, +4.760, +0.800,+0.970
1588722000,+3.33, +4.678, +0.755,+0.969
1588722060,+3.33, +4.739, +0.688,+0.969
1588722120,+3.33, +4.709, +0.637,+0.968
1588722180,+3.33, +4.688, +0.591,+0.967
1588722240,+3.33, +4.729, +0.552,+0.967
1588722300,+3.33, +4.729, +0.529,+0.966
1588722360,+3.33, +4.719, +0.512,+0.966
1588722420,+3.33, +4.719, +0.502,+0.966
1588722480,+3.33, +4.739, +0.495,+0.966
1588722540,+3.33, +4.810, +0.489,+0.966
1588722600,+3.33, +4.821, +0.487,+0.966
1588722660,+3.33, +4.851, +0.482,+0.966
1588722720,+3.33, +4.871, +0.477,+0.966
1588722780,+3.33, +4.892, +0.471,+0.966
1588722840,+3.33, +4.892, +0.467,+0.966
1588722900,+3.33, +4.902, +0.459,+0.965
1588722960,+3.33, +4.963, +0.455,+0.966
1588723020,+3.33, +4.912, +0.449,+0.965
1588723080,+3.33, +4.922, +0.444,+0.965
1588723140,+3.33, +4.942, +0.441,+0.965
1588723200,+3.33, +4.942, +0.434,+0.965
1588723260,+3.33, +4.963, +0.427,+0.965
1588723320,+3.33, +4.973, +0.418,+0.965
1588723380,+3.33, +4.963, +0.417,+0.965
1588723440,+3.33, +4.952, +0.420,+0.965
1588723500,+3.33, +5.023, +0.428,+0.965
1588723560,+3.33, +5.013, +0.440,+0.966
1588723620,+3.33, +5.013, +0.449,+0.966
1588723680,+3.33, +5.084, +0.454,+0.966
1588723740,+3.33, +5.124, +0.463,+0.966
1588723800,+3.32, +5.114, +0.483,+0.966
1588723860,+3.32, +5.144, +0.516,+0.967
1588723920,+3.33, +5.185, +0.565,+0.967
1588723980,+3.33, +5.205, +0.622,+0.968
1588724040,+3.33, +5.205, +0.687,+0.969
1588724100,+3.33, +5.185, +0.753,+0.970
1588724160,+3.33, +5.154, +0.815,+0.971
1588724220,+3.33, +5.195, +0.877,+0.972
1588724280,+3.33, +5.165, +0.949,+0.972
1588724340,+3.33, +5.154, +1.027,+0.974
1588724400,+3.33, +5.144, +1.098,+0.974
1588724460,+3.33, +5.114, +1.165,+0.975
1588724520,+3.33, +5.124, +1.228,+0.976
1588724580,+3.33, +5.104, +1.280,+0.976
1588724640,+3.33, +5.054, +1.326,+0.976
1588724700,+3.33, +5.114, +1.357,+0.977
1588724760,+3.33, +5.084, +1.385,+0.977
1588724820,+3.33, +5.084, +1.414,+0.977
1588724880,+3.33, +5.033, +1.438,+0.977
1588724940,+3.33, +5.074, +1.447,+0.977
1588725000,+3.33, +5.054, +1.466,+0.978
1588725060,+3.33, +5.054, +1.479,+0.978
1588725120,+3.33, +5.023, +1.488,+0.978
1588725180,+3.33, +5.033, +1.496,+0.978
1588725240,+3.33, +5.003, +1.504,+0.978
1588725300,+3.33, +5.043, +1.502,+0.978
1588725360,+3.33, +5.013, +1.506,+0.978
1588725420,+3.33, +5.003, +1.509,+0.978
1588725480,+3.33, +5.043, +1.506,+0.978
1588725540,+3.33, +5.043, +1.508,+0.978
1588725600,+3.33, +5.084, +1.507,+0.978
1588725660,+3.33, +5.013, +1.512,+0.978
1588725720,+3.33, +5.033, +1.510,+0.978
1588725780,+3.33, +5.033, +1.514,+0.978
1588725840,+3.33, +5.033, +1.512,+0.978
1588725900,+3.33, +5.023, +1.517,+0.978
1588725960,+3.33, +5.064, +1.514,+0.978
1588726020,+3.33, +4.993, +1.521,+0.978
1588726080,+3.33, +5.033, +1.518,+0.978
1588726140,+3.33, +4.993, +1.520,+0.978
1588726200,+3.32, +4.993, +1.519,+0.978
1588726260,+3.33, +4.983, +1.518,+0.978
1588726320,+3.33, +4.973, +1.519,+0.978
1588726380,+3.33, +4.973, +1.512,+0.978
1588726440,+3.33, +4.952, +1.508,+0.978
1588726500,+3.33, +4.942, +1.501,+0.978
1588726560,+3.33, +4.952, +1.496,+0.978
1588726620,+3.33, +4.942, +1.489,+0.978
1588726680,+3.33, +4.932, +1.482,+0.978
1588726740,+3.33, +4.922, +1.474,+0.977
1588726800,+3.33, +4.932, +1.462,+0.977
1588726860,+3.33, +4.922, +1.460,+0.978
1588726920,+3.33, +4.932, +1.446,+0.977
1588726980,+3.33, +4.922, +1.435,+0.977
1588727040,+3.33, +4.932, +1.424,+0.977
1588727100,+3.33, +4.912, +1.414,+0.977
1588727160,+3.33, +4.922, +1.397,+0.977
1588727220,+3.33, +4.912, +1.381,+0.977
1588727280,+3.33, +4.892, +1.362,+0.977
1588727340,+3.33, +4.952, +1.334,+0.977
1588727400,+3.33, +4.912, +1.316,+0.976
1588727460,+3.33, +4.942, +1.289,+0.976
1588727520,+3.33, +4.942, +1.265,+0.976
1588727580,+3.33, +4.952, +1.239,+0.975
1588727640,+3.33, +4.963, +1.210,+0.975
1588727700,+3.33, +4.963, +1.180,+0.975
1588727760,+3.33, +4.983, +1.149,+0.975
1588727820,+3.33, +4.973, +1.122,+0.975
1588727880,+3.33, +5.003, +1.091,+0.974
1588727940,+3.33, +5.003, +1.067,+0.974
1588728000,+3.33, +4.993, +1.043,+0.973
1588728060,+3.33, +5.023, +1.018,+0.973
1588728120,+3.33, +5.023, +0.997,+0.973
1588728180,+3.33, +5.054, +0.977,+0.973
1588728240,+3.33, +5.074, +0.984,+0.973
1588728300,+3.33, +5.043, +0.994,+0.973
1588728360,+3.33, +5.084, +1.006,+0.973
1588728420,+3.33, +5.114, +1.047,+0.974
1588728480,+3.33, +5.104, +1.121,+0.975
1588728540,+3.33, +5.144, +1.193,+0.976
1588728600,+3.33, +5.154, +1.254,+0.976
1588728660,+3.33, +5.154, +1.315,+0.977
1588728720,+3.33, +5.144, +1.380,+0.977
1588728780,+3.33, +5.185, +1.450,+0.978
1588728840,+3.33, +5.165, +1.517,+0.978
1588728900,+3.33, +5.185, +1.563,+0.978
1588728960,+3.33, +5.175, +1.652,+0.979
1588729020,+3.33, +5.165, +1.753,+0.980
1588729080,+3.33, +5.185, +1.818,+0.980
1588729140,+3.33, +5.154, +1.811,+0.980
1588729200,+3.33, +5.154, +1.782,+0.980
1588729260,+3.33, +5.124, +1.768,+0.980
1588729320,+3.33, +5.104, +1.742,+0.979
1588729380,+3.33, +5.134, +1.709,+0.980
1588729440,+3.33, +5.074, +1.683,+0.979
1588729500,+3.33, +5.074, +1.656,+0.979
1588729560,+3.33, +5.033, +1.609,+0.979
1588729620,+3.32, +5.003, +1.566,+0.978
1588729680,+3.33, +4.963, +1.513,+0.978
1588729740,+3.33, +4.942, +1.302,+0.976
1588729800,+3.33, +4.932, +1.137,+0.975
1588729860,+3.33, +4.892, +1.009,+0.973
1588729920,+3.33, +4.892, +0.864,+0.971
1588729980,+3.33, +4.800, +0.730,+0.969
1588730040,+3.33, +4.821, +0.631,+0.968
1588730100,+3.33, +4.780, +0.553,+0.966
1588730160,+3.33, +4.780, +0.486,+0.966
1588730220,+3.33, +4.760, +0.440,+0.965
1588730280,+3.33, +4.780, +0.405,+0.965
1588730340,+3.33, +4.749, +0.376,+0.964
1588730400,+3.33, +4.780, +0.339,+0.964
1588730460,+3.33, +4.780, +0.318,+0.963
1588730520,+3.33, +4.760, +0.311,+0.963
1588730580,+3.33, +4.800, +0.300,+0.963
1588730640,+3.33, +4.790, +0.294,+0.963
1588730700,+3.33, +4.790, +0.294,+0.963
1588730760,+3.33, +4.770, +0.297,+0.963
1588730820,+3.33, +4.770, +0.303,+0.963
1588730880,+3.33, +4.770, +0.308,+0.963
1588730940,+3.33, +4.760, +0.308,+0.963
1588731000,+3.33, +4.770, +0.304,+0.963
1588731060,+3.33, +4.800, +0.297,+0.963
1588731120,+3.33, +4.790, +0.298,+0.963
1588731180,+3.33, +4.770, +0.327,+0.963
1588731240,+3.33, +4.831, +0.414,+0.965
1588731300,+3.33, +4.831, +0.470,+0.966
1588731360,+3.33, +4.821, +0.488,+0.966
1588731420,+3.33, +4.871, +0.489,+0.966
1588731480,+3.33, +4.881, +0.489,+0.966
1588731540,+3.33, +4.851, +0.499,+0.966
1588731600,+3.33, +4.871, +0.501,+0.966
1588731660,+3.33, +4.841, +0.506,+0.966
1588731720,+3.33, +4.881, +0.509,+0.966
1588731780,+3.33, +4.810, +0.519,+0.966
1588731840,+3.33, +4.831, +0.524,+0.966
1588731900,+3.33, +4.861, +0.527,+0.967
1588731960,+3.33, +4.831, +0.534,+0.967
1588732020,+3.33, +4.871, +0.535,+0.967
1588732080,+3.33, +4.841, +0.532,+0.967
1588732140,+3.33, +4.831, +0.521,+0.966
1588732200,+3.33, +4.861, +0.508,+0.967
1588732260,+3.33, +4.831, +0.497,+0.966
1588732320,+3.33, +4.851, +0.485,+0.966
1588732380,+3.33, +4.851, +0.476,+0.966
1588732440,+3.32, +4.841, +0.471,+0.966
1588732500,+3.33, +4.871, +0.464,+0.966
1588732560,+3.33, +4.871, +0.462,+0.965
1588732620,+3.33, +4.902, +0.457,+0.966
1588732680,+3.33, +4.892, +0.455,+0.965
1588732740,+3.33, +4.932, +0.450,+0.966
1588732800,+3.33, +4.922, +0.448,+0.965
1588732860,+3.33, +4.973, +0.443,+0.966
1588732920,+3.33, +4.983, +0.439,+0.966
1588732980,+3.33, +5.003, +0.438,+0.965
1588733040,+3.33, +5.013, +0.447,+0.966
1588733100,+3.33, +4.993, +0.459,+0.966
1588733160,+3.33, +5.023, +0.479,+0.966
1588733220,+3.33, +5.064, +0.507,+0.966
1588733280,+3.33, +5.054, +0.535,+0.967
1588733340,+3.33, +5.064, +0.568,+0.968
1588733400,+3.33, +5.084, +0.594,+0.968
1588733460,+3.33, +5.094, +0.617,+0.968
1588733520,+3.33, +5.104, +0.638,+0.968
1588733580,+3.33, +5.094, +0.658,+0.969
1588733640,+3.33, +5.104, +0.675,+0.969
1588733700,+3.33, +5.094, +0.692,+0.969
1588733760,+3.33, +5.134, +0.705,+0.969
1588733820,+3.33, +5.134, +0.718,+0.969
1588733880,+3.33, +5.134, +0.737,+0.970
1588733940,+3.33, +5.134, +0.757,+0.970
1588734000,+3.33, +5.154, +1.213,+0.976
1588734060,+3.33, +5.124, +1.353,+0.977
1588734120,+3.33, +5.154, +1.433,+0.977
1588734180,+3.33, +5.144, +1.490,+0.978
1588734240,+3.33, +5.124, +1.531,+0.979
1588734300,+3.33, +5.114, +1.557,+0.978
1588734360,+3.33, +5.104, +1.577,+0.979
1588734420,+3.33, +5.114, +1.589,+0.979
1588734480,+3.33, +5.134, +1.600,+0.979
1588734540,+3.33, +5.114, +1.608,+0.979
1588734600,+3.33, +5.114, +1.615,+0.979
1588734660,+3.33, +5.124, +1.617,+0.979
1588734720,+3.33, +5.114, +1.620,+0.979
1588734780,+3.33, +5.104, +1.621,+0.979
1588734840,+3.33, +5.074, +1.624,+0.979
1588734900,+3.33, +5.104, +1.622,+0.979
1588734960,+3.33, +5.094, +1.622,+0.979
1588735020,+3.33, +5.104, +1.621,+0.979
1588735080,+3.32, +5.074, +1.620,+0.979
1588735140,+3.33, +5.064, +1.625,+0.979
1588735200,+3.33, +5.054, +1.625,+0.979
1588735260,+3.33, +5.084, +1.625,+0.979
1588735320,+3.33, +5.064, +1.621,+0.979
1588735380,+3.33, +5.064, +1.622,+0.979
1588735440,+3.33, +5.043, +1.621,+0.979
1588735500,+3.33, +5.043, +1.620,+0.979
1588735560,+3.33, +5.054, +1.614,+0.979
1588735620,+3.33, +5.043, +1.608,+0.979
1588735680,+3.33, +5.043, +1.607,+0.979
1588735740,+3.33, +5.064, +1.600,+0.979
1588735800,+3.33, +5.033, +1.596,+0.979
1588735860,+3.33, +5.003, +1.588,+0.978
1588735920,+3.33, +5.023, +1.583,+0.979
1588735980,+3.33, +4.993, +1.576,+0.978
1588736040,+3.33, +5.013, +1.567,+0.978
1588736100,+3.33, +5.003, +1.564,+0.978
1588736160,+3.33, +4.973, +1.557,+0.978
1588736220,+3.33, +4.983, +1.555,+0.979
1588736280,+3.33, +4.963, +1.546,+0.978
1588736340,+3.33, +4.973, +1.537,+0.978
1588736400,+3.33, +4.983, +1.527,+0.978
1588736460,+3.33, +4.952, +1.519,+0.978
1588736520,+3.33, +4.973, +1.509,+0.978
1588736580,+3.33, +4.942, +1.499,+0.978
1588736640,+3.33, +4.942, +1.490,+0.978
1588736700,+3.33, +4.932, +1.482,+0.978
1588736760,+3.33, +4.932, +1.469,+0.978
1588736820,+3.33, +4.942, +1.455,+0.977
1588736880,+3.33, +4.963, +1.442,+0.977
1588736940,+3.33, +4.932, +1.433,+0.978
1588737000,+3.33, +4.932, +1.416,+0.977
1588737060,+3.33, +4.932, +1.395,+0.977
1588737120,+3.33, +4.922, +1.378,+0.977
1588737180,+3.33, +4.922, +1.357,+0.976
1588737240,+3.33, +4.922, +1.339,+0.977
1588737300,+3.33, +4.902, +1.316,+0.976
1588737360,+3.33, +4.912, +1.292,+0.976
1588737420,+3.33, +4.881, +1.271,+0.976
1588737480,+3.33, +4.912, +1.251,+0.976
1588737540,+3.33, +4.912, +1.233,+0.976
1588737600,+3.33, +4.902, +1.212,+0.975
1588737660,+3.33, +4.881, +1.194,+0.975
1588737720,+3.33, +4.881, +1.173,+0.975
1588737780,+3.33, +4.881, +1.150,+0.974
1588737840,+3.33, +4.912, +1.128,+0.975
1588737900,+3.33, +4.912, +1.101,+0.974
1588737960,+3.33, +4.902, +1.077,+0.974
1588738020,+3.33, +4.932, +1.050,+0.973
1588738080,+3.33, +4.932, +1.025,+0.973
1588738140,+3.33, +4.942, +0.993,+0.973
1588738200,+3.33, +4.963, +0.962,+0.973
1588738260,+3.33, +4.932, +0.935,+0.972
1588738320,+3.33, +4.942, +0.908,+0.972
1588738380,+3.33, +4.952, +0.885,+0.972
1588738440,+3.33, +4.932, +0.860,+0.971
1588738500,+3.33, +4.942, +0.833,+0.971
1588738560,+3.33, +4.952, +0.809,+0.971
1588738620,+3.33, +4.973, +0.779,+0.970
1588738680,+3.33, +4.963, +0.752,+0.970
1588738740,+3.33, +4.952, +0.730,+0.969
1588738800,+3.33, +4.963, +0.707,+0.969
1588738860,+3.33, +4.963, +0.686,+0.969
1588738920,+3.33, +4.932, +0.671,+0.969
1588738980,+3.33, +4.973, +0.651,+0.968
1588739040,+3.33, +4.963, +0.636,+0.968
1588739100,+3.33, +4.963, +0.621,+0.968
1588739160,+3.33, +4.942, +0.611,+0.968
1588739220,+3.33, +4.963, +0.596,+0.967
1588739280,+3.33, +4.942, +0.586,+0.967
1588739340,+3.33, +4.963, +0.576,+0.967
1588739400,+3.33, +4.942, +0.568,+0.967
1588739460,+3.33, +4.973, +0.557,+0.967
1588739520,+3.33, +4.973, +0.546,+0.967
1588739580,+3.33, +5.003, +0.531,+0.967
1588739640,+3.33, +4.983, +0.522,+0.966
1588739700,+3.33, +4.993, +0.510,+0.966
1588739760,+3.33, +4.983, +0.502,+0.966
1588739820,+3.33, +4.983, +0.493,+0.966
1588739880,+3.33, +5.003, +0.482,+0.966
1588739940,+3.33, +4.952, +0.470,+0.965
1588740000,+3.33, +4.993, +0.462,+0.966
1588740060,+3.33, +5.013, +0.451,+0.965
1588740120,+3.33, +5.003, +0.446,+0.965
1588740180,+3.33, +5.003, +0.438,+0.965
1588740240,+3.33, +5.023, +0.434,+0.965
1588740300,+3.33, +5.003, +0.432,+0.965
1588740360,+3.33, +5.023, +0.426,+0.965
1588740420,+3.33, +5.003, +0.425,+0.965
1588740480,+3.33, +5.023, +0.422,+0.965
1588740540,+3.33, +5.003, +0.425,+0.965
1588740600,+3.33, +5.003, +0.430,+0.965
1588740660,+3.33, +5.033, +0.437,+0.965
1588740720,+3.33, +5.023, +0.450,+0.965
1588740780,+3.33, +5.023, +0.462,+0.966
1588740840,+3.33, +5.003, +0.478,+0.966
1588740900,+3.33, +5.023, +0.493,+0.966
1588740960,+3.33, +5.013, +0.513,+0.966
1588741020,+3.33, +5.013, +0.530,+0.966
1588741080,+3.33, +4.983, +0.553,+0.967
1588741140,+3.33, +4.993, +0.572,+0.967
1588741200,+3.33, +5.033, +0.591,+0.968
1588741260,+3.33, +5.043, +0.613,+0.968
1588741320,+3.33, +5.033, +0.638,+0.968
1588741380,+3.33, +5.023, +0.665,+0.969
1588741440,+3.33, +5.013, +0.687,+0.969
1588741500,+3.33, +5.043, +0.705,+0.969
1588741560,+3.33, +5.043, +0.720,+0.969
1588741620,+3.33, +5.043, +0.735,+0.970
1588741680,+3.33, +5.064, +0.748,+0.970
1588741740,+3.33, +5.064, +0.766,+0.970
1588741800,+3.33, +5.064, +0.782,+0.970
1588741860,+3.33, +5.074, +0.795,+0.970
1588741920,+3.33, +5.064, +0.809,+0.971
1588741980,+3.33, +5.054, +0.824,+0.971
1588742040,+3.33, +5.043, +0.833,+0.971
1588742100,+3.33, +5.074, +0.843,+0.971
1588742160,+3.33, +5.043, +0.852,+0.971
1588742220,+3.33, +5.013, +0.858,+0.971
1588742280,+3.33, +5.043, +0.863,+0.971
1588742340,+3.33, +5.033, +0.869,+0.971
1588742400,+3.33, +5.023, +0.878,+0.972
1588742460,+3.33, +5.023, +0.886,+0.971
1588742520,+3.33, +5.013, +0.894,+0.972
1588742580,+3.33, +5.043, +0.902,+0.972
1588742640,+3.33, +4.993, +0.914,+0.972
1588742700,+3.32, +4.983, +0.924,+0.972
1588742760,+3.33, +4.973, +0.932,+0.972
1588742820,+3.33, +4.942, +0.943,+0.972
1588742880,+3.33, +4.963, +0.951,+0.972
1588742940,+3.33, +4.973, +0.957,+0.972
1588743000,+3.33, +4.952, +0.965,+0.972
1588743060,+3.33, +4.942, +0.975,+0.973
1588743120,+3.33, +4.932, +0.982,+0.973
1588743180,+3.33, +4.932, +0.987,+0.973
1588743240,+3.33, +4.932, +0.988,+0.973
1588743300,+3.33, +4.942, +0.989,+0.973
1588743360,+3.33, +4.952, +0.987,+0.973
1588743420,+3.33, +4.922, +0.985,+0.973
1588743480,+3.33, +4.942, +0.975,+0.973
1588743540,+3.33, +4.952, +0.964,+0.972
1588743600,+3.32, +4.963, +0.956,+0.973
1588743660,+3.33, +4.942, +0.946,+0.972
1588743720,+3.33, +4.983, +0.933,+0.972
1588743780,+3.33, +4.983, +0.923,+0.972
1588743840,+3.33, +4.983, +0.914,+0.972
1588743900,+3.33, +4.973, +0.904,+0.972
1588743960,+3.33, +4.973, +0.890,+0.972
1588744020,+3.33, +4.963, +0.877,+0.972
1588744080,+3.33, +4.963, +0.863,+0.971
1588744140,+3.33, +4.952, +0.849,+0.971
1588744200,+3.33, +4.963, +0.833,+0.971
1588744260,+3.33, +4.963, +0.817,+0.971
1588744320,+3.33, +4.963, +0.801,+0.971
1588744380,+3.33, +4.932, +0.780,+0.970
1588744440,+3.33, +4.952, +0.758,+0.970
1588744500,+3.33, +4.942, +0.739,+0.970
1588744560,+3.33, +4.932, +0.726,+0.970
1588744620,+3.33, +4.932, +0.711,+0.969
1588744680,+3.33, +4.942, +0.701,+0.969
1588744740,+3.33, +4.952, +0.692,+0.969
1588744800,+3.33, +4.942, +0.680,+0.969
1588744860,+3.33, +4.952, +0.673,+0.969
1588744920,+3.33, +4.942, +0.668,+0.968
1588744980,+3.33, +4.932, +0.664,+0.969
1588745040,+3.33, +4.963, +0.657,+0.969
1588745100,+3.33, +4.952, +0.656,+0.969
1588745160,+3.33, +4.942, +0.647,+0.968
1588745220,+3.33, +4.942, +0.642,+0.968
1588745280,+3.33, +4.892, +0.643,+0.968
1588745340,+3.32, +4.952, +0.634,+0.968
1588745400,+3.33, +4.963, +0.633,+0.968
1588745460,+3.33, +4.952, +0.629,+0.968
1588745520,+3.33, +4.963, +0.624,+0.968
1588745580,+3.33, +4.973, +0.621,+0.968
1588745640,+3.33, +4.952, +0.616,+0.968
1588745700,+3.33, +4.952, +0.611,+0.968
1588745760,+3.33, +4.952, +0.604,+0.968
1588745820,+3.33, +4.973, +0.599,+0.968
1588745880,+3.33, +4.983, +0.591,+0.968
1588745940,+3.33, +4.973, +0.587,+0.967
1588746000,+3.33, +4.952, +0.579,+0.967
1588746060,+3.33, +4.973, +0.571,+0.967
1588746120,+3.33, +4.963, +0.564,+0.967
1588746180,+3.33, +4.983, +0.557,+0.967
1588746240,+3.33, +4.963, +0.549,+0.967
1588746300,+3.33, +4.993, +0.541,+0.967
1588746360,+3.33, +4.973, +0.537,+0.967
1588746420,+3.33, +4.963, +0.529,+0.966
1588746480,+3.33, +4.983, +0.522,+0.967
1588746540,+3.33, +4.993, +0.514,+0.966
1588746600,+3.33, +4.963, +0.508,+0.966
1588746660,+3.32, +4.952, +0.503,+0.966
1588746720,+3.33, +4.973, +0.495,+0.966
1588746780,+3.33, +4.892, +0.494,+0.966
1588746840,+3.33, +4.932, +0.486,+0.966
1588746900,+3.33, +4.952, +0.479,+0.966
1588746960,+3.33, +4.952, +0.476,+0.966
1588747020,+3.33, +4.983, +0.468,+0.966
1588747080,+3.33, +4.952, +0.465,+0.966
1588747140,+3.33, +4.973, +0.459,+0.966
1588747200,+3.33, +4.952, +0.456,+0.966
1588747260,+3.33, +4.952, +0.449,+0.965
1588747320,+3.33, +4.952, +0.445,+0.965
1588747380,+3.33, +4.963, +0.441,+0.965
1588747440,+3.33, +4.963, +0.436,+0.965
1588747500,+3.33, +4.973, +0.431,+0.965
1588747560,+3.33, +4.973, +0.427,+0.965
1588747620,+3.33, +4.993, +0.418,+0.965
1588747680,+3.33, +4.983, +0.414,+0.965
1588747740,+3.33, +5.013, +0.407,+0.965
1588747800,+3.33, +5.003, +0.403,+0.965
1588747860,+3.33, +4.983, +0.396,+0.965
1588747920,+3.33, +5.013, +0.389,+0.964
1588747980,+3.33, +5.033, +0.384,+0.965
1588748040,+3.33, +5.023, +0.383,+0.965
1588748100,+3.33, +5.013, +0.380,+0.965
1588748160,+3.33, +5.003, +0.382,+0.964
1588748220,+3.33, +5.033, +0.385,+0.964
1588748280,+3.33, +5.033, +0.398,+0.965
1588748340,+3.33, +5.043, +0.413,+0.965
1588748400,+3.33, +5.013, +0.433,+0.965
1588748460,+3.33, +5.023, +0.453,+0.966
1588748520,+3.33, +4.993, +0.470,+0.966
1588748580,+3.33, +4.973, +0.488,+0.966
1588748640,+3.33, +4.983, +0.505,+0.966
1588748700,+3.33, +4.983, +0.522,+0.967
1588748760,+3.33, +4.973, +0.539,+0.967
1588748820,+3.33, +4.922, +0.555,+0.967
1588748880,+3.33, +4.952, +0.574,+0.967
1588748940,+3.33, +4.942, +0.595,+0.968
1588749000,+3.33, +4.942, +0.614,+0.968
1588749060,+3.33, +4.942, +0.624,+0.968
1588749120,+3.33, +4.942, +0.637,+0.968
1588749180,+3.33, +4.912, +0.647,+0.968
1588749240,+3.33, +4.902, +0.653,+0.969
1588749300,+3.33, +4.932, +0.650,+0.968
1588749360,+3.33, +4.932, +0.643,+0.968
1588749420,+3.33, +4.942, +0.636,+0.968
1588749480,+3.33, +4.932, +0.627,+0.968
1588749540,+3.33, +4.912, +0.617,+0.968
1588749600,+3.33, +4.922, +0.601,+0.968
1588749660,+3.33, +4.922, +0.589,+0.967
1588749720,+3.33, +4.922, +0.580,+0.967
1588749780,+3.33, +4.932, +0.572,+0.968
1588749840,+3.33, +4.932, +0.559,+0.967
1588749900,+3.33, +4.902, +0.552,+0.967
1588749960,+3.33, +4.922, +0.541,+0.967
1588750020,+3.33, +4.892, +0.533,+0.967
1588750080,+3.33, +4.892, +0.523,+0.967
1588750140,+3.33, +4.902, +0.515,+0.966
1588750200,+3.33, +4.892, +0.502,+0.966
1588750260,+3.33, +4.932, +0.492,+0.966
1588750320,+3.33, +4.881, +0.482,+0.966
1588750380,+3.33, +4.922, +0.469,+0.966
1588750440,+3.33, +4.912, +0.458,+0.965
1588750500,+3.33, +4.912, +0.450,+0.966
1588750560,+3.33, +4.942, +0.440,+0.965
1588750620,+3.33, +4.932, +0.434,+0.965
1588750680,+3.33, +4.952, +0.424,+0.965
1588750740,+3.33, +4.942, +0.415,+0.965
1588750800,+3.33, +4.932, +0.409,+0.965
1588750860,+3.33, +4.932, +0.401,+0.965
1588750920,+3.32, +4.952, +0.393,+0.965
1588750980,+3.33, +4.932, +0.385,+0.964
1588751040,+3.33, +4.942, +0.378,+0.964
1588751100,+3.33, +4.952, +0.374,+0.964
1588751160,+3.33, +4.932, +0.367,+0.964
1588751220,+3.33, +4.973, +0.359,+0.964
1588751280,+3.33, +4.973, +0.354,+0.964
1588751340,+3.33, +4.932, +0.350,+0.964
1588751400,+3.33, +4.932, +0.347,+0.964
1588751460,+3.33, +4.973, +0.340,+0.964
1588751520,+3.33, +4.973, +0.335,+0.964
1588751580,+3.33, +5.003, +0.330,+0.964
1588751640,+3.33, +4.973, +0.328,+0.964
1588751700,+3.33, +4.952, +0.324,+0.964
1588751760,+3.33, +4.993, +0.320,+0.964
1588751820,+3.33, +4.973, +0.317,+0.963
1588751880,+3.33, +4.983, +0.313,+0.963
1588751940,+3.33, +5.003, +0.309,+0.963
1588752000,+3.33, +4.993, +0.307,+0.963
1588752060,+3.33, +4.973, +0.303,+0.963
1588752120,+3.32, +4.973, +0.301,+0.963
1588752180,+3.33, +5.003, +0.295,+0.963
1588752240,+3.33, +4.993, +0.294,+0.963
1588752300,+3.33, +5.013, +0.289,+0.963
1588752360,+3.32, +5.013, +0.289,+0.963
1588752420,+3.33, +4.973, +0.286,+0.963
1588752480,+3.33, +5.013, +0.288,+0.963
1588752540,+3.33, +4.983, +0.292,+0.963
1588752600,+3.33, +4.973, +0.301,+0.963
1588752660,+3.33, +5.033, +0.314,+0.963
1588752720,+3.33, +4.993, +0.338,+0.964
1588752780,+3.33, +4.973, +0.364,+0.964
1588752840,+3.33, +4.973, +0.394,+0.965
1588752900,+3.33, +4.973, +0.421,+0.965
1588752960,+3.33, +4.963, +0.447,+0.966
1588753020,+3.32, +4.963, +0.469,+0.966
1588753080,+3.33, +4.973, +0.486,+0.966
1588753140,+3.33, +4.973, +0.502,+0.966
1588753200,+3.33, +4.963, +0.516,+0.967
1588753260,+3.33, +4.963, +0.532,+0.967
1588753320,+3.33, +4.993, +0.541,+0.967
1588753380,+3.33, +4.973, +0.552,+0.967
1588753440,+3.33, +4.993, +0.560,+0.967
1588753500,+3.33, +4.952, +0.564,+0.967
1588753560,+3.33, +5.023, +0.557,+0.967
1588753620,+3.33, +4.993, +0.556,+0.967
1588753680,+3.33, +4.963, +0.550,+0.967
1588753740,+3.33, +4.973, +0.547,+0.967
1588753800,+3.33, +5.003, +0.542,+0.967
1588753860,+3.33, +5.003, +0.538,+0.967
1588753920,+3.33, +5.003, +0.534,+0.967
1588753980,+3.33, +4.963, +0.532,+0.966
1588754040,+3.33, +4.983, +0.530,+0.966
1588754100,+3.33, +5.003, +0.530,+0.967
1588754160,+3.33, +4.993, +0.532,+0.967
1588754220,+3.33, +4.993, +0.529,+0.967
1588754280,+3.33, +5.003, +0.529,+0.967
1588754340,+3.33, +4.983, +0.528,+0.967
1588754400,+3.33, +5.013, +0.529,+0.967
1588754460,+3.33, +5.003, +0.530,+0.967
1588754520,+3.33, +5.023, +0.535,+0.967
1588754580,+3.33, +5.003, +0.540,+0.967
1588754640,+3.33, +5.023, +0.548,+0.967
1588754700,+3.32, +5.003, +0.553,+0.967
1588754760,+3.33, +5.003, +0.559,+0.967
1588754820,+3.33, +4.993, +0.566,+0.967
1588754880,+3.33, +4.983, +0.572,+0.967
1588754940,+3.33, +4.983, +0.577,+0.968
1588755000,+3.33, +4.983, +0.583,+0.968
1588755060,+3.33, +4.983, +0.588,+0.967
1588755120,+3.33, +4.973, +0.595,+0.968
1588755180,+3.33, +4.973, +0.602,+0.968
1588755240,+3.33, +4.983, +0.607,+0.968
1588755300,+3.33, +4.963, +0.612,+0.968
1588755360,+3.33, +4.963, +0.615,+0.968
1588755420,+3.33, +4.973, +0.616,+0.968
1588755480,+3.33, +4.952, +0.623,+0.968
1588755540,+3.33, +4.952, +0.622,+0.968
1588755600,+3.33, +4.952, +0.504,+0.966
1588755660,+3.33, +4.942, +0.482,+0.966
1588755720,+3.33, +4.942, +0.474,+0.966
1588755780,+3.33, +4.952, +0.464,+0.966
1588755840,+3.33, +5.003, +0.457,+0.966
1588755900,+3.33, +4.952, +0.449,+0.965
1588755960,+3.33, +4.973, +0.440,+0.965
1588756020,+3.33, +4.963, +0.432,+0.965
1588756080,+3.33, +4.942, +0.421,+0.965
1588756140,+3.33, +4.963, +0.414,+0.965
1588756200,+3.33, +4.952, +0.408,+0.965
1588756260,+3.33, +4.963, +0.401,+0.965
1588756320,+3.33, +4.952, +0.395,+0.965
1588756380,+3.33, +4.963, +0.388,+0.965
1588756440,+3.33, +4.963, +0.383,+0.965
1588756500,+3.33, +4.963, +0.378,+0.964
1588756560,+3.33, +4.963, +0.372,+0.964
1588756620,+3.33, +4.922, +0.367,+0.964
1588756680,+3.33, +4.963, +0.362,+0.964
1588756740,+3.33, +4.963, +0.355,+0.964
1588756800,+3.33, +4.952, +0.352,+0.964
1588756860,+3.32, +4.942, +0.349,+0.964
1588756920,+3.33, +4.942, +0.342,+0.964
1588756980,+3.33, +4.932, +0.339,+0.964
1588757040,+3.33, +4.942, +0.334,+0.964
1588757100,+3.33, +4.932, +0.329,+0.964
1588757160,+3.33, +4.912, +0.324,+0.963
1588757220,+3.33, +4.922, +0.320,+0.963
1588757280,+3.33, +4.922, +0.315,+0.963
1588757340,+3.33, +4.912, +0.310,+0.963
1588757400,+3.33, +4.952, +0.304,+0.963
1588757460,+3.33, +4.942, +0.303,+0.963
1588757520,+3.33, +4.952, +0.297,+0.963
1588757580,+3.33, +4.881, +0.294,+0.963
1588757640,+3.33, +4.922, +0.292,+0.963
1588757700,+3.33, +4.952, +0.289,+0.963
1588757760,+3.33, +4.932, +0.288,+0.963
1588757820,+3.33, +4.942, +0.284,+0.963
1588757880,+3.33, +4.952, +0.279,+0.963
1588757940,+3.33, +4.952, +0.276,+0.963
1588758000,+3.33, +4.932, +0.274,+0.963
1588758060,+3.33, +4.942, +0.271,+0.963
1588758120,+3.33, +4.973, +0.264,+0.962
1588758180,+3.33, +4.952, +0.262,+0.963
1588758240,+3.33, +4.973, +0.258,+0.963
1588758300,+3.33, +4.963, +0.256,+0.962
1588758360,+3.33, +4.963, +0.253,+0.962
1588758420,+3.33, +4.983, +0.251,+0.962
1588758480,+3.33, +4.963, +0.250,+0.962
1588758540,+3.33, +4.963, +0.247,+0.962
1588758600,+3.33, +4.983, +0.246,+0.962
1588758660,+3.33, +4.993, +0.245,+0.962
1588758720,+3.33, +4.973, +0.243,+0.962
1588758780,+3.33, +4.973, +0.243,+0.962
1588758840,+3.33, +4.983, +0.240,+0.962
1588758900,+3.33, +4.952, +0.243,+0.962
1588758960,+3.33, +4.922, +0.242,+0.962
1588759020,+3.33, +4.952, +0.245,+0.962
1588759080,+3.33, +4.993, +0.245,+0.962
1588759140,+3.33, +4.942, +0.248,+0.962
1588759200,+3.33, +4.973, +0.250,+0.963
1588759260,+3.33, +4.993, +0.252,+0.962
1588759320,+3.33, +4.983, +0.254,+0.962
1588759380,+3.33, +4.973, +0.258,+0.962
1588759440,+3.33, +4.993, +0.262,+0.963
1588759500,+3.33, +4.983, +0.265,+0.963
1588759560,+3.33, +5.003, +0.271,+0.963
1588759620,+3.33, +5.013, +0.276,+0.963
1588759680,+3.33, +4.983, +0.281,+0.963
1588759740,+3.33, +4.973, +0.289,+0.963
1588759800,+3.33, +4.963, +0.296,+0.963
1588759860,+3.33, +5.003, +0.305,+0.963
1588759920,+3.33, +4.993, +0.315,+0.964
1588759980,+3.33, +4.973, +0.324,+0.963
1588760040,+3.33, +5.003, +0.334,+0.964
1588760100,+3.33, +4.993, +0.344,+0.964
1588760160,+3.33, +4.993, +0.357,+0.964
1588760220,+3.33, +4.993, +0.366,+0.964
1588760280,+3.33, +5.003, +0.374,+0.964
1588760340,+3.33, +4.993, +0.383,+0.965
1588760400,+3.33, +5.013, +0.391,+0.965
1588760460,+3.33, +5.043, +0.399,+0.965
1588760520,+3.33, +4.983, +0.406,+0.965
1588760580,+3.33, +4.993, +0.414,+0.965
1588760640,+3.33, +5.003, +0.419,+0.965
1588760700,+3.33, +5.003, +0.427,+0.965
1588760760,+3.33, +5.023, +0.434,+0.966
1588760820,+3.33, +5.033, +0.444,+0.965
1588760880,+3.33, +5.003, +0.459,+0.966
1588760940,+3.33, +4.993, +0.472,+0.966
1588761000,+3.33, +5.013, +0.487,+0.966
1588761060,+3.33, +5.013, +0.500,+0.966
1588761120,+3.33, +4.993, +0.510,+0.966
1588761180,+3.33, +4.983, +0.522,+0.967
1588761240,+3.33, +5.013, +0.528,+0.966
1588761300,+3.33, +5.003, +0.538,+0.967
1588761360,+3.33, +4.983, +0.553,+0.967
1588761420,+3.33, +4.993, +0.563,+0.967
1588761480,+3.33, +4.993, +0.576,+0.967
1588761540,+3.33, +5.023, +0.584,+0.968
1588761600,+3.33, +4.993, +0.597,+0.968
1588761660,+3.33, +4.983, +0.605,+0.968
1588761720,+3.33, +5.023, +0.616,+0.968
1588761780,+3.33, +5.003, +0.626,+0.968
1588761840,+3.33, +4.993, +0.632,+0.968
1588761900,+3.33, +5.003, +0.641,+0.969
1588761960,+3.33, +4.993, +0.645,+0.968
1588762020,+3.33, +4.983, +0.649,+0.968
1588762080,+3.33, +4.993, +0.651,+0.969
1588762140,+3.33, +4.993, +0.653,+0.969
1588762200,+3.33, +4.983, +0.656,+0.969
1588762260,+3.33, +4.983, +0.649,+0.968
1588762320,+3.33, +4.993, +0.645,+0.968
1588762380,+3.33, +4.993, +0.639,+0.969
1588762440,+3.33, +4.963, +0.632,+0.968
1588762500,+3.33, +4.983, +0.625,+0.968
1588762560,+3.33, +5.003, +0.616,+0.968
1588762620,+3.33, +4.983, +0.607,+0.968
1588762680,+3.33, +4.952, +0.599,+0.968
1588762740,+3.33, +4.983, +0.591,+0.968
1588762800,+3.33, +4.983, +0.585,+0.968
1588762860,+3.33, +5.003, +0.574,+0.967
1588762920,+3.33, +4.983, +0.569,+0.967
1588762980,+3.33, +4.983, +0.564,+0.967
1588763040,+3.33, +5.013, +0.555,+0.967
1588763100,+3.33, +4.973, +0.552,+0.967
1588763160,+3.33, +4.993, +0.547,+0.967
1588763220,+3.33, +4.983, +0.544,+0.967
1588763280,+3.33, +4.983, +0.537,+0.967
1588763340,+3.33, +4.963, +0.532,+0.967
1588763400,+3.33, +5.003, +0.525,+0.967
1588763460,+3.33, +5.043, +0.520,+0.966
1588763520,+3.33, +4.983, +0.520,+0.966
1588763580,+3.33, +4.983, +0.517,+0.966
1588763640,+3.33, +4.983, +0.515,+0.967
1588763700,+3.33, +5.013, +0.508,+0.967
1588763760,+3.33, +4.993, +0.505,+0.966
1588763820,+3.33, +5.013, +0.499,+0.966
1588763880,+3.33, +5.023, +0.494,+0.966
1588763940,+3.33, +4.993, +0.490,+0.966
1588764000,+3.33, +5.003, +0.486,+0.966
1588764060,+3.33, +5.023, +0.481,+0.966
1588764120,+3.33, +4.973, +0.476,+0.966
1588764180,+3.33, +5.023, +0.471,+0.966
1588764240,+3.33, +4.973, +0.466,+0.966
1588764300,+3.33, +5.013, +0.462,+0.966
1588764360,+3.33, +5.023, +0.458,+0.966
1588764420,+3.33, +5.003, +0.454,+0.966
1588764480,+3.33, +5.003, +0.446,+0.966
1588764540,+3.33, +4.993, +0.435,+0.965
1588764600,+3.33, +5.023, +0.426,+0.965
1588764660,+3.33, +5.003, +0.420,+0.965
1588764720,+3.33, +4.973, +0.417,+0.965
1588764780,+3.33, +5.013, +0.414,+0.965
1588764840,+3.33, +4.983, +0.414,+0.965
1588764900,+3.33, +4.973, +0.414,+0.965
1588764960,+3.33, +4.993, +0.414,+0.965
1588765020,+3.33, +4.993, +0.412,+0.965
1588765080,+3.33, +4.983, +0.408,+0.965
1588765140,+3.33, +4.963, +0.407,+0.965
1588765200,+3.33, +5.003, +0.402,+0.965
1588765260,+3.33, +5.013, +0.397,+0.965
1588765320,+3.33, +4.993, +0.394,+0.965
1588765380,+3.33, +4.983, +0.390,+0.964
1588765440,+3.33, +4.983, +0.384,+0.964
1588765500,+3.33, +4.993, +0.380,+0.965
1588765560,+3.33, +4.993, +0.377,+0.964
1588765620,+3.33, +5.003, +0.371,+0.964
1588765680,+3.33, +4.983, +0.369,+0.964
1588765740,+3.33, +4.973, +0.365,+0.964
1588765800,+3.33, +5.013, +0.363,+0.964
1588765860,+3.33, +5.013, +0.360,+0.964
1588765920,+3.33, +4.993, +0.360,+0.964
1588765980,+3.33, +4.983, +0.359,+0.964
1588766040,+3.33, +5.003, +0.356,+0.964
1588766100,+3.33, +5.023, +0.352,+0.964
1588766160,+3.33, +5.003, +0.353,+0.964
1588766220,+3.33, +5.023, +0.348,+0.964
1588766280,+3.32, +4.993, +0.345,+0.964
1588766340,+3.33, +5.003, +0.341,+0.964
1588766400,+3.33, +4.952, +0.340,+0.964
1588766460,+3.33, +4.983, +0.337,+0.964
1588766520,+3.33, +4.993, +0.331,+0.963
1588766580,+3.33, +4.983, +0.329,+0.964
1588766640,+3.33, +4.973, +0.329,+0.964
1588766700,+3.33, +4.993, +0.324,+0.964
1588766760,+3.33, +4.983, +0.322,+0.963
1588766820,+3.33, +4.973, +0.318,+0.963
1588766880,+3.33, +4.973, +0.316,+0.963
1588766940,+3.33, +4.973, +0.312,+0.963
1588767000,+3.33, +4.963, +0.310,+0.963
1588767060,+3.33, +4.973, +0.308,+0.963
1588767120,+3.33, +4.993, +0.304,+0.963
1588767180,+3.33, +4.973, +0.300,+0.963
1588767240,+3.33, +4.983, +0.298,+0.963
1588767300,+3.33, +4.942, +0.297,+0.963
1588767360,+3.33, +4.973, +0.291,+0.963
1588767420,+3.33, +4.963, +0.289,+0.963
1588767480,+3.33, +4.973, +0.287,+0.963
1588767540,+3.33, +4.983, +0.283,+0.963
1588767600,+3.33, +4.973, +0.280,+0.963
1588767660,+3.33, +4.973, +0.276,+0.963
1588767720,+3.33, +4.983, +0.270,+0.963
1588767780,+3.33, +4.993, +0.268,+0.963
1588767840,+3.33, +4.952, +0.265,+0.962
1588767900,+3.33, +4.973, +0.258,+0.962
1588767960,+3.33, +4.973, +0.254,+0.962
1588768020,+3.33, +4.993, +0.247,+0.962
1588768080,+3.33, +4.983, +0.241,+0.962
1588768140,+3.33, +4.983, +0.231,+0.962
1588768200,+3.33, +5.003, +0.226,+0.962
1588768260,+3.33, +4.942, +0.222,+0.962
1588768320,+3.33, +5.023, +0.214,+0.962
1588768380,+3.33, +4.973, +0.211,+0.961
1588768440,+3.33, +4.993, +0.210,+0.962
1588768500,+3.33, +5.003, +0.204,+0.962
1588768560,+3.33, +4.973, +0.203,+0.962
1588768620,+3.33, +4.993, +0.200,+0.962
1588768680,+3.33, +4.983, +0.196,+0.961
1588768740,+3.33, +4.973, +0.194,+0.961
1588768800,+3.33, +4.963, +0.189,+0.961
1588768860,+3.33, +4.983, +0.187,+0.961
1588768920,+3.33, +4.993, +0.185,+0.961
1588768980,+3.33, +5.003, +0.183,+0.961
1588769040,+3.33, +4.983, +0.181,+0.961
1588769100,+3.33, +5.003, +0.178,+0.961
1588769160,+3.33, +4.983, +0.175,+0.961
1588769220,+3.33, +5.003, +0.175,+0.961
1588769280,+3.33, +4.932, +0.174,+0.961
1588769340,+3.33, +4.983, +0.171,+0.961
1588769400,+3.33, +4.973, +0.174,+0.961
1588769460,+3.33, +4.993, +0.178,+0.961
1588769520,+3.33, +4.973, +0.179,+0.961
1588769580,+3.33, +4.952, +0.178,+0.961
1588769640,+3.33, +4.983, +0.180,+0.961
1588769700,+3.33, +4.983, +0.174,+0.961
1588769760,+3.33, +4.973, +0.174,+0.961
1588769820,+3.33, +4.983, +0.171,+0.961
1588769880,+3.33, +5.003, +0.169,+0.961
1588769940,+3.33, +4.993, +0.168,+0.961
1588770000,+3.33, +5.003, +0.169,+0.961
1588770060,+3.33, +5.003, +0.183,+0.961
1588770120,+3.33, +4.983, +0.195,+0.961
1588770180,+3.33, +4.993, +0.202,+0.961
1588770240,+3.33, +5.003, +0.211,+0.962
1588770300,+3.33, +5.003, +0.225,+0.962
1588770360,+3.33, +5.003, +0.240,+0.962
1588770420,+3.33, +4.973, +0.248,+0.962
1588770480,+3.33, +4.983, +0.255,+0.962
1588770540,+3.33, +4.973, +0.275,+0.963
1588770600,+3.33, +4.993, +0.306,+0.963
1588770660,+3.33, +5.023, +0.336,+0.964
1588770720,+3.33, +4.993, +0.350,+0.964
1588770780,+3.33, +5.003, +0.355,+0.964
1588770840,+3.33, +4.993, +0.358,+0.964
1588770900,+3.33, +4.952, +0.377,+0.964
1588770960,+3.33, +4.963, +0.359,+0.964
1588771020,+3.33, +4.973, +0.325,+0.964
1588771080,+3.33, +4.942, +0.310,+0.963
1588771140,+3.33, +4.932, +0.299,+0.963
1588771200,+3.33, +4.902, +0.290,+0.963
1588771260,+3.33, +4.942, +0.281,+0.963
1588771320,+3.33, +4.942, +0.306,+0.963
1588771380,+3.33, +4.952, +0.343,+0.964
1588771440,+3.33, +4.963, +0.357,+0.964
1588771500,+3.33, +4.952, +0.365,+0.964
1588771560,+3.33, +4.912, +0.372,+0.964
1588771620,+3.33, +4.952, +0.374,+0.964
1588771680,+3.33, +4.963, +0.366,+0.964
1588771740,+3.33, +4.983, +0.345,+0.964
1588771800,+3.33, +4.983, +0.333,+0.964
1588771860,+3.33, +4.952, +0.324,+0.964
1588771920,+3.33, +4.942, +0.305,+0.963
1588771980,+3.33, +4.952, +0.284,+0.963
1588772040,+3.33, +4.902, +0.269,+0.963
1588772100,+3.32, +4.922, +0.262,+0.963
1588772160,+3.33, +4.952, +0.274,+0.963
1588772220,+3.33, +4.922, +0.283,+0.963
1588772280,+3.33, +4.932, +0.297,+0.963
1588772340,+3.33, +4.932, +0.296,+0.963
1588772400,+3.33, +4.892, +0.274,+0.963
1588772460,+3.33, +4.881, +0.255,+0.962
1588772520,+3.33, +4.892, +0.240,+0.962
1588772580,+3.33, +4.902, +0.225,+0.962
1588772640,+3.33, +4.902, +0.217,+0.962
1588772700,+3.33, +4.881, +0.212,+0.962
1588772760,+3.33, +4.902, +0.207,+0.962
1588772820,+3.33, +4.922, +0.206,+0.962
1588772880,+3.33, +4.942, +0.208,+0.962
1588772940,+3.33, +4.952, +0.229,+0.962
1588773000,+3.33, +4.973, +0.284,+0.963
1588773060,+3.33, +4.973, +0.306,+0.963
1588773120,+3.33, +4.973, +0.321,+0.964
1588773180,+3.33, +4.963, +0.335,+0.964
1588773240,+3.33, +4.993, +0.333,+0.964
1588773300,+3.33, +4.952, +0.368,+0.964
1588773360,+3.33, +4.983, +0.389,+0.965
1588773420,+3.33, +5.013, +0.426,+0.965
1588773480,+3.33, +4.983, +0.439,+0.966
1588773540,+3.33, +4.983, +0.452,+0.966
1588773600,+3.33, +4.952, +0.441,+0.965
1588773660,+3.33, +4.983, +0.424,+0.965
1588773720,+3.33, +4.963, +0.392,+0.965
1588773780,+3.33, +4.952, +0.362,+0.964
1588773840,+3.33, +4.963, +0.342,+0.964
1588773900,+3.33, +4.963, +0.319,+0.964
1588773960,+3.33, +4.932, +0.301,+0.963
1588774020,+3.33, +4.952, +0.294,+0.963
1588774080,+3.33, +4.922, +0.287,+0.963
1588774140,+3.33, +4.902, +0.283,+0.963
1588774200,+3.33, +4.932, +0.276,+0.963
1588774260,+3.33, +4.932, +0.261,+0.963
1588774320,+3.33, +4.932, +0.252,+0.963
1588774380,+3.33, +4.942, +0.242,+0.963
1588774440,+3.33, +4.932, +0.249,+0.962
1588774500,+3.33, +4.963, +0.255,+0.963
1588774560,+3.33, +4.973, +0.271,+0.963
1588774620,+3.33, +4.963, +0.271,+0.963
1588774680,+3.33, +4.963, +0.286,+0.963
1588774740,+3.32, +4.922, +0.286,+0.963
1588774800,+3.33, +4.922, +0.264,+0.962
1588774860,+3.33, +4.902, +0.256,+0.962
1588774920,+3.33, +4.871, +0.250,+0.962
1588774980,+3.33, +4.881, +0.248,+0.962
1588775040,+3.33, +4.892, +0.267,+0.963
1588775100,+3.33, +4.922, +0.285,+0.963
1588775160,+3.33, +4.932, +0.394,+0.965
1588775220,+3.33, +4.963, +0.578,+0.968
1588775280,+3.33, +4.942, +0.578,+0.968
1588775340,+3.33, +4.932, +0.581,+0.968
1588775400,+3.33, +4.871, +0.534,+0.967
1588775460,+3.33, +4.851, +0.472,+0.966
1588775520,+3.33, +4.821, +0.440,+0.965
1588775580,+3.33, +4.800, +0.403,+0.965
1588775640,+3.33, +4.821, +0.378,+0.964
1588775700,+3.33, +4.841, +0.379,+0.964
1588775760,+3.33, +4.851, +0.390,+0.965
1588775820,+3.33, +4.810, +0.396,+0.965
1588775880,+3.33, +4.912, +0.396,+0.965
1588775940,+3.33, +4.851, +0.399,+0.965
1588776000,+3.33, +4.881, +0.393,+0.965
1588776060,+3.33, +4.922, +0.397,+0.965
1588776120,+3.33, +4.902, +0.420,+0.965
1588776180,+3.33, +4.952, +0.428,+0.965
1588776240,+3.33, +4.952, +0.430,+0.965
1588776300,+3.33, +4.952, +0.439,+0.966
1588776360,+3.33, +4.973, +0.434,+0.966
1588776420,+3.33, +4.973, +0.440,+0.966
1588776480,+3.33, +4.942, +0.468,+0.966
1588776540,+3.33, +4.932, +0.457,+0.966
1588776600,+3.33, +4.952, +0.400,+0.965
1588776660,+3.33, +4.922, +0.373,+0.964
1588776720,+3.33, +4.922, +0.353,+0.964
1588776780,+3.33, +4.871, +0.302,+0.963
1588776840,+3.33, +4.841, +0.288,+0.963
1588776900,+3.33, +4.821, +0.280,+0.963
1588776960,+3.33, +4.831, +0.281,+0.963
1588777020,+3.33, +4.841, +0.283,+0.963
1588777080,+3.33, +4.902, +0.372,+0.965
1588777140,+3.33, +4.912, +0.515,+0.967
1588777200,+3.33, +4.932, +0.558,+0.967
1588777260,+3.33, +4.932, +0.550,+0.967
1588777320,+3.33, +4.993, +0.590,+0.968
1588777380,+3.33, +5.013, +0.672,+0.969
1588777440,+3.33, +5.054, +0.787,+0.970
1588777500,+3.33, +5.104, +0.900,+0.972
1588777560,+3.33, +5.124, +1.026,+0.974
1588777620,+3.33, +5.114, +1.054,+0.974
1588777680,+3.33, +5.124, +1.066,+0.974
1588777740,+3.33, +5.084, +1.037,+0.974
1588777800,+3.33, +5.033, +1.007,+0.974
1588777860,+3.33, +5.003, +0.976,+0.973
1588777920,+3.33, +4.983, +0.937,+0.972
1588777980,+3.33, +4.983, +0.793,+0.970
1588778040,+3.33, +4.942, +0.656,+0.968
1588778100,+3.33, +4.902, +0.562,+0.967
1588778160,+3.33, +4.912, +0.478,+0.966
1588778220,+3.33, +4.861, +0.409,+0.965
1588778280,+3.33, +4.851, +0.404,+0.965
1588778340,+3.33, +4.841, +0.380,+0.964
1588778400,+3.33, +4.831, +0.412,+0.965
1588778460,+3.33, +4.871, +0.434,+0.965
1588778520,+3.33, +4.861, +0.493,+0.966
1588778580,+3.33, +4.932, +0.612,+0.968
1588778640,+3.33, +4.922, +0.675,+0.969
1588778700,+3.33, +4.973, +0.712,+0.970
1588778760,+3.33, +4.963, +0.734,+0.970
1588778820,+3.33, +4.942, +0.720,+0.970
1588778880,+3.33, +4.902, +0.652,+0.968
1588778940,+3.33, +4.902, +0.550,+0.967
1588779000,+3.33, +4.861, +0.549,+0.967
1588779060,+3.33, +4.912, +0.535,+0.967
1588779120,+3.33, +4.902, +0.558,+0.967
1588779180,+3.33, +4.912, +0.619,+0.968
1588779240,+3.33, +4.912, +0.652,+0.968
1588779300,+3.33, +5.033, +0.821,+0.971
1588779360,+3.33, +5.033, +1.079,+0.974
1588779420,+3.33, +4.983, +1.059,+0.974
1588779480,+3.33, +4.963, +1.037,+0.974
1588779540,+3.33, +4.952, +0.884,+0.972
1588779600,+3.33, +4.952, +0.862,+0.972
1588779660,+3.33, +4.922, +0.797,+0.970
1588779720,+3.33, +4.942, +0.746,+0.970
1588779780,+3.33, +4.952, +0.770,+0.970
1588779840,+3.33, +4.932, +0.752,+0.970
1588779900,+3.33, +4.973, +0.754,+0.970
1588779960,+3.33, +4.993, +0.849,+0.971
1588780020,+3.33, +4.963, +0.721,+0.969
1588780080,+3.33, +4.871, +0.541,+0.967
1588780140,+3.33, +4.831, +0.502,+0.966
1588780200,+3.33, +4.790, +0.517,+0.966
1588780260,+3.33, +4.739, +0.531,+0.966
1588780320,+3.33, +4.719, +0.528,+0.966
1588780380,+3.33, +4.800, +0.540,+0.967
1588780440,+3.33, +4.780, +0.608,+0.968
1588780500,+3.33, +4.780, +0.637,+0.968
1588780560,+3.33, +4.698, +0.588,+0.967
1588780620,+3.33, +4.678, +0.536,+0.966
1588780680,+3.33, +4.617, +0.409,+0.965
1588780740,+3.33, +4.647, +0.521,+0.966
1588780800,+3.33, +4.647, +0.607,+0.968
1588780860,+3.33, +4.637, +0.605,+0.968
1588780920,+3.33, +4.556, +0.553,+0.967
1588780980,+3.33, +4.545, +0.466,+0.965
1588781040,+3.33, +4.525, +0.452,+0.965
1588781100,+3.33, +4.525, +0.446,+0.965
1588781160,+3.33, +4.596, +0.490,+0.966
1588781220,+3.33, +4.760, +0.789,+0.971
1588781280,+3.33, +4.831, +1.012,+0.974
1588781340,+3.33, +4.922, +1.121,+0.975
1588781400,+3.33, +5.114, +1.563,+0.980
1588781460,+3.33, +5.023, +1.669,+0.980
1588781520,+3.33, +4.963, +1.446,+0.978
1588781580,+3.33, +5.013, +1.345,+0.977
1588781640,+3.33, +4.963, +1.215,+0.975
1588781700,+3.33, +4.973, +1.228,+0.976
1588781760,+3.33, +4.963, +1.204,+0.976
1588781820,+3.33, +5.064, +1.322,+0.977
1588781880,+3.33, +5.043, +1.489,+0.978
1588781940,+3.33, +4.963, +1.478,+0.978
1588782000,+3.33, +4.871, +1.106,+0.974
1588782060,+3.33, +4.821, +0.869,+0.971
1588782120,+3.33, +4.770, +0.809,+0.970
1588782180,+3.33, +4.770, +0.721,+0.969
1588782240,+3.33, +4.719, +0.629,+0.968
1588782300,+3.33, +4.658, +0.538,+0.966
1588782360,+3.33, +4.617, +0.472,+0.965
1588782420,+3.33, +4.647, +0.411,+0.965
1588782480,+3.33, +4.556, +0.352,+0.964
1588782540,+3.33, +4.607, +0.356,+0.964
1588782600,+3.33, +4.841, +0.898,+0.972
1588782660,+3.32, +5.185, +1.779,+0.982
1588782720,+3.33, +5.426, +2.788,+0.986
1588782780,+3.33, +5.376, +2.561,+0.984
1588782840,+3.33, +5.175, +1.849,+0.981
1588782900,+3.33, +5.074, +1.367,+0.977
1588782960,+3.33, +5.003, +1.056,+0.974
1588783020,+3.33, +4.892, +0.891,+0.971
1588783080,+3.33, +4.922, +0.754,+0.970
1588783140,+3.33, +4.912, +0.730,+0.969
1588783200,+3.33, +4.932, +0.695,+0.969
1588783260,+3.33, +4.952, +0.677,+0.969
1588783320,+3.33, +4.973, +0.668,+0.969
1588783380,+3.33, +5.074, +0.685,+0.969
1588783440,+3.33, +5.275, +1.217,+0.977
1588783500,+3.33, +5.695, +2.416,+0.985
1588783560,+3.33, +5.755, +3.344,+0.987
1588783620,+3.33, +5.735, +3.527,+0.987
1588783680,+3.33, +5.606, +3.121,+0.985
1588783740,+3.33, +5.406, +2.353,+0.982
1588783800,+3.33, +5.154, +1.726,+0.979
1588783860,+3.33, +4.942, +1.393,+0.976
1588783920,+3.33, +4.800, +1.088,+0.972
1588783980,+3.33, +4.739, +0.868,+0.970
1588784040,+3.33, +4.993, +1.009,+0.973
1588784100,+3.33, +5.265, +1.436,+0.978
1588784160,+3.33, +5.346, +1.964,+0.982
1588784220,+3.33, +5.456, +2.337,+0.983
1588784280,+3.33, +5.466, +2.540,+0.984
1588784340,+3.33, +5.486, +2.534,+0.984
1588784400,+3.33, +5.616, +2.771,+0.985
1588784460,+3.33, +5.496, +2.529,+0.984
1588784520,+3.33, +5.516, +2.483,+0.984
1588784580,+3.33, +5.536, +2.598,+0.984
1588784640,+3.33, +5.466, +2.336,+0.983
1588784700,+3.33, +5.466, +2.237,+0.982
1588784760,+3.33, +5.275, +1.995,+0.981
1588784820,+3.33, +5.195, +1.740,+0.979
1588784880,+3.33, +5.205, +1.488,+0.977
1588784940,+3.33, +5.245, +1.381,+0.977
1588785000,+3.33, +5.366, +1.685,+0.980
1588785060,+3.33, +5.396, +2.011,+0.982
1588785120,+3.33, +5.426, +2.040,+0.982
1588785180,+3.33, +5.586, +2.463,+0.984
1588785240,+3.33, +5.834, +3.524,+0.987
1588785300,+3.33, +6.062, +4.423,+0.988
1588785360,+3.33, +5.924, +4.622,+0.988
1588785420,+3.33, +5.675, +4.014,+0.986
1588785480,+3.33, +5.556, +3.267,+0.985
1588785540,+3.33, +5.506, +2.786,+0.984
1588785600,+3.33, +5.416, +2.277,+0.982
1588785660,+3.33, +5.346, +1.831,+0.980
1588785720,+3.33, +5.235, +1.664,+0.978
1588785780,+3.33, +5.084, +1.398,+0.976
1588785840,+3.33, +4.861, +1.099,+0.972
1588785900,+3.33, +4.770, +0.860,+0.970
1588785960,+3.33, +4.709, +0.683,+0.967
1588786020,+3.33, +4.627, +0.553,+0.966
1588786080,+3.33, +4.596, +0.467,+0.964
1588786140,+3.33, +4.545, +0.371,+0.963
1588786200,+3.33, +4.525, +0.351,+0.963
1588786260,+3.33, +4.515, +0.346,+0.963
1588786320,+3.33, +4.484, +0.330,+0.963
1588786380,+3.33, +4.433, +0.296,+0.962
1588786440,+3.33, +4.351, +0.259,+0.961
1588786500,+3.33, +4.402, +0.235,+0.961
1588786560,+3.33, +4.340, +0.225,+0.961
1588786620,+3.33, +4.392, +0.240,+0.962
1588786680,+3.33, +4.412, +0.248,+0.962
1588786740,+3.33, +4.453, +0.243,+0.962
1588786800,+3.33, +4.433, +0.244,+0.962
1588786860,+3.33, +4.494, +0.291,+0.963
1588786920,+3.33, +4.474, +0.380,+0.964
1588786980,+3.33, +4.494, +0.395,+0.965
1588787040,+3.33, +4.556, +0.378,+0.964
1588787100,+3.33, +4.637, +0.416,+0.965
1588787160,+3.33, +4.678, +0.480,+0.966
1588787220,+3.33, +4.790, +0.708,+0.970
1588787280,+3.33, +4.881, +0.917,+0.973
1588787340,+3.33, +4.861, +1.169,+0.975
1588787400,+3.33, +4.831, +1.083,+0.974
1588787460,+3.33, +4.831, +0.865,+0.972
1588787520,+3.33, +4.719, +0.648,+0.968
1588787580,+3.33, +4.678, +0.494,+0.966
1588787640,+3.33, +4.647, +0.495,+0.966
1588787700,+3.33, +4.647, +0.440,+0.965
1588787760,+3.33, +4.586, +0.389,+0.964
1588787820,+3.33, +4.545, +0.353,+0.964
1588787880,+3.33, +4.525, +0.326,+0.963
1588787940,+3.33, +4.525, +0.303,+0.963
1588788000,+3.33, +4.504, +0.282,+0.963
1588788060,+3.33, +4.494, +0.260,+0.962
1588788120,+3.33, +4.545, +0.263,+0.962
1588788180,+3.33, +4.607, +0.322,+0.963
1588788240,+3.33, +4.790, +0.678,+0.970
1588788300,+3.33, +5.023, +1.065,+0.975
1588788360,+3.33, +5.285, +1.513,+0.980
1588788420,+3.32, +5.416, +2.148,+0.983
1588788480,+3.33, +5.486, +2.431,+0.984
1588788540,+3.33, +5.636, +2.832,+0.986
1588788600,+3.33, +5.705, +3.219,+0.987
1588788660,+3.33, +5.745, +3.420,+0.987
1588788720,+3.33, +5.606, +3.328,+0.986
1588788780,+3.33, +5.536, +2.827,+0.984
1588788840,+3.33, +5.526, +2.641,+0.984
1588788900,+3.33, +5.526, +2.557,+0.984
1588788960,+3.33, +5.586, +2.632,+0.985
1588789020,+3.32, +5.775, +3.231,+0.987
1588789080,+3.33, +5.854, +3.629,+0.987
1588789140,+3.33, +5.765, +3.650,+0.986
1588789200,+3.33, +5.715, +3.479,+0.986
1588789260,+3.33, +5.725, +3.358,+0.986
1588789320,+3.33, +5.745, +3.374,+0.985
1588789380,+3.33, +5.695, +3.321,+0.986
1588789440,+3.33, +5.695, +3.278,+0.986
1588789500,+3.33, +5.566, +3.065,+0.984
1588789560,+3.33, +5.356, +2.301,+0.982
1588789620,+3.33, +5.114, +1.539,+0.977
1588789680,+3.33, +5.013, +1.142,+0.973
1588789740,+3.33, +4.902, +0.979,+0.972
1588789800,+3.33, +4.881, +0.878,+0.971
1588789860,+3.33, +4.831, +0.786,+0.969
1588789920,+3.33, +4.770, +0.736,+0.968
1588789980,+3.33, +4.770, +0.696,+0.968
1588790040,+3.33, +4.678, +0.661,+0.967
1588790100,+3.33, +4.749, +0.640,+0.967
1588790160,+3.33, +4.790, +0.667,+0.968
1588790220,+3.33, +4.790, +0.694,+0.969
1588790280,+3.33, +4.800, +0.704,+0.969
1588790340,+3.33, +4.881, +0.888,+0.972
1588790400,+3.33, +4.942, +1.060,+0.974
1588790460,+3.33, +4.902, +0.999,+0.973
1588790520,+3.33, +4.851, +0.828,+0.970
1588790580,+3.33, +4.821, +0.746,+0.969
1588790640,+3.33, +4.770, +0.681,+0.969
1588790700,+3.33, +4.760, +0.657,+0.968
1588790760,+3.33, +4.760, +0.656,+0.968
1588790820,+3.33, +4.688, +0.673,+0.968
1588790880,+3.33, +4.668, +0.626,+0.968
1588790940,+3.33, +4.637, +0.566,+0.967
1588791000,+3.33, +4.566, +0.494,+0.965
1588791060,+3.33, +4.596, +0.452,+0.965
1588791120,+3.33, +4.800, +0.680,+0.969
1588791180,+3.33, +4.861, +1.152,+0.975
1588791240,+3.33, +4.881, +1.222,+0.976
1588791300,+3.33, +4.912, +1.291,+0.976
1588791360,+3.33, +4.881, +1.282,+0.976
1588791420,+3.33, +4.851, +1.171,+0.975
1588791480,+3.33, +4.841, +1.031,+0.973
1588791540,+3.33, +4.719, +0.898,+0.971
1588791600,+3.33, +4.668, +0.676,+0.968
1588791660,+3.33, +4.678, +0.614,+0.968
1588791720,+3.33, +4.688, +0.628,+0.968
1588791780,+3.33, +4.780, +0.744,+0.970
1588791840,+3.33, +4.821, +0.872,+0.972
1588791900,+3.33, +4.952, +1.111,+0.975
1588791960,+3.33, +5.033, +1.492,+0.979
1588792020,+3.33, +5.134, +1.692,+0.980
1588792080,+3.33, +5.144, +1.847,+0.981
1588792140,+3.33, +5.165, +1.856,+0.981
1588792200,+3.33, +5.074, +1.753,+0.980
1588792260,+3.33, +5.003, +1.483,+0.978
1588792320,+3.33, +4.881, +1.165,+0.974
1588792380,+3.33, +4.729, +0.735,+0.969
1588792440,+3.33, +4.647, +0.572,+0.967
1588792500,+3.33, +4.576, +0.497,+0.965
1588792560,+3.33, +4.535, +0.419,+0.964
1588792620,+3.33, +4.484, +0.392,+0.964
1588792680,+3.33, +4.474, +0.369,+0.963
1588792740,+3.33, +4.494, +0.374,+0.964
1588792800,+3.33, +4.647, +0.428,+0.965
1588792860,+3.33, +4.902, +0.580,+0.968
1588792920,+3.33, +5.124, +1.092,+0.975
1588792980,+3.33, +5.285, +1.614,+0.980
1588793040,+3.33, +5.416, +1.977,+0.982
1588793100,+3.33, +5.436, +2.287,+0.984
1588793160,+3.33, +5.496, +2.448,+0.985
1588793220,+3.33, +5.536, +2.569,+0.985
1588793280,+3.33, +5.496, +2.491,+0.984
1588793340,+3.33, +5.416, +2.334,+0.983
1588793400,+3.33, +5.325, +2.123,+0.982
1588793460,+3.33, +5.305, +1.943,+0.981
1588793520,+3.33, +5.255, +1.611,+0.979
1588793580,+3.33, +5.205, +1.205,+0.975
1588793640,+3.33, +5.104, +0.873,+0.971
1588793700,+3.33, +5.084, +0.778,+0.970
1588793760,+3.33, +5.094, +0.710,+0.969
1588793820,+3.33, +5.154, +0.663,+0.968
1588793880,+3.33, +5.325, +0.838,+0.971
1588793940,+3.33, +5.406, +1.402,+0.978
1588794000,+3.33, +5.376, +1.586,+0.979
1588794060,+3.33, +5.346, +1.586,+0.979
1588794120,+3.33, +5.325, +1.466,+0.978
1588794180,+3.33, +5.305, +1.354,+0.977
1588794240,+3.33, +5.285, +1.280,+0.976
1588794300,+3.33, +5.165, +1.132,+0.974
1588794360,+3.33, +5.043, +0.912,+0.971
1588794420,+3.33, +4.963, +0.785,+0.970
1588794480,+3.33, +4.942, +0.750,+0.969
1588794540,+3.33, +4.942, +0.724,+0.969
1588794600,+3.33, +5.043, +0.724,+0.969
1588794660,+3.33, +5.225, +1.376,+0.977
1588794720,+3.33, +5.366, +1.847,+0.981
1588794780,+3.33, +5.466, +2.206,+0.983
1588794840,+3.33, +5.416, +2.145,+0.982
1588794900,+3.33, +5.446, +1.947,+0.981
1588794960,+3.33, +5.356, +1.998,+0.981
1588795020,+3.33, +5.356, +1.784,+0.980
1588795080,+3.33, +5.376, +1.887,+0.981
1588795140,+3.33, +5.446, +1.952,+0.981
1588795200,+3.33, +5.426, +1.975,+0.981
1588795260,+3.33, +5.466, +1.961,+0.981
1588795320,+3.33, +5.536, +2.178,+0.982
1588795380,+3.33, +5.616, +2.456,+0.984
1588795440,+3.33, +5.596, +2.534,+0.984
1588795500,+3.33, +5.506, +2.333,+0.983
1588795560,+3.33, +5.346, +1.670,+0.979
1588795620,+3.33, +5.215, +1.311,+0.976
1588795680,+3.33, +5.104, +0.984,+0.972
1588795740,+3.33, +5.033, +0.784,+0.969
1588795800,+3.33, +4.952, +0.693,+0.968
1588795860,+3.33, +4.932, +0.677,+0.968
1588795920,+3.33, +5.023, +0.876,+0.971
1588795980,+3.33, +5.124, +1.425,+0.977
1588796040,+3.33, +5.165, +1.595,+0.979
1588796100,+3.33, +5.245, +1.635,+0.979
1588796160,+3.33, +5.305, +1.746,+0.980
1588796220,+3.33, +5.325, +1.764,+0.980
1588796280,+3.33, +5.305, +1.498,+0.979
1588796340,+3.33, +5.255, +1.265,+0.976
1588796400,+3.33, +5.175, +1.124,+0.974
1588796460,+3.33, +5.124, +0.969,+0.973
1588796520,+3.33, +5.094, +0.931,+0.972
1588796580,+3.33, +5.013, +0.786,+0.970
1588796640,+3.33, +4.963, +0.667,+0.968
1588796700,+3.33, +4.912, +0.609,+0.967
1588796760,+3.33, +4.851, +0.551,+0.966
1588796820,+3.33, +4.780, +0.498,+0.965
1588796880,+3.33, +4.739, +0.464,+0.965
1588796940,+3.33, +4.760, +0.440,+0.965
1588797000,+3.33, +4.698, +0.433,+0.965
1588797060,+3.33, +4.749, +0.463,+0.965
1588797120,+3.33, +4.831, +0.757,+0.970
1588797180,+3.33, +4.831, +0.748,+0.970
1588797240,+3.33, +4.952, +0.993,+0.973
1588797300,+3.33, +4.983, +1.072,+0.974
1588797360,+3.33, +5.023, +1.081,+0.974
1588797420,+3.33, +5.054, +1.260,+0.976
1588797480,+3.33, +5.094, +1.304,+0.977
1588797540,+3.33, +5.215, +1.426,+0.978
1588797600,+3.33, +5.245, +1.632,+0.980
1588797660,+3.33, +5.376, +1.856,+0.982
1588797720,+3.33, +5.275, +1.558,+0.979
1588797780,+3.33, +5.205, +1.149,+0.975
1588797840,+3.33, +5.185, +1.078,+0.974
1588797900,+3.33, +5.154, +1.011,+0.973
1588797960,+3.33, +5.094, +0.826,+0.971
1588798020,+3.33, +4.973, +0.774,+0.970
1588798080,+3.33, +5.023, +0.839,+0.971
1588798140,+3.33, +4.851, +0.733,+0.969
1588798200,+3.33, +4.881, +0.678,+0.968
