7392-570653
OS REV: 1.11 Sensor Cal: 1428445788
Time (sec),  BV (Volts),  T (deg C),  DO (mg/l),  Q ()
1584564660,+3.32, +2.143, +0.169,+0.960
1584564720,+3.32, +2.143, +0.169,+0.960
1584564780,+3.32, +2.143, +0.169,+0.960
1584564840,+3.32, +2.143, +0.171,+0.960
1584564900,+3.32, +2.133, +0.169,+0.960
1584564960,+3.32, +2.133, +0.171,+0.960
1584565020,+3.32, +2.154, +0.170,+0.960
1584565080,+3.32, +2.133, +0.169,+0.960
1584565140,+3.32, +2.143, +0.171,+0.960
1584565200,+3.32, +2.133, +0.170,+0.960
1584565260,+3.32, +2.143, +0.170,+0.960
1584565320,+3.32, +2.143, +0.172,+0.960
1584565380,+3.32, +2.122, +0.172,+0.960
1584565440,+3.32, +2.143, +0.169,+0.960
1584565500,+3.32, +2.133, +0.170,+0.960
1584565560,+3.32, +2.143, +0.169,+0.960
1584565620,+3.32, +2.122, +0.169,+0.960
1584565680,+3.32, +2.133, +0.170,+0.960
1584565740,+3.32, +2.143, +0.169,+0.960
1584565800,+3.32, +2.133, +0.171,+0.960
1584565860,+3.32, +2.133, +0.170,+0.960
1584565920,+3.32, +2.154, +0.169,+0.960
1584565980,+3.32, +2.133, +0.170,+0.960
1584566040,+3.32, +2.122, +0.170,+0.960
1584566100,+3.32, +2.143, +0.169,+0.960
1584566160,+3.32, +2.143, +0.170,+0.960
1584566220,+3.32, +2.143, +0.169,+0.960
1584566280,+3.32, +2.122, +0.169,+0.960
1584566340,+3.32, +2.143, +0.171,+0.960
1584566400,+3.32, +2.122, +0.171,+0.960
1584566460,+3.32, +2.165, +0.169,+0.960
1584566520,+3.32, +2.111, +0.170,+0.960
1584566580,+3.32, +2.165, +0.170,+0.960
1584566640,+3.32, +2.165, +0.169,+0.960
1584566700,+3.32, +2.143, +0.171,+0.960
1584566760,+3.32, +2.154, +0.170,+0.960
1584566820,+3.32, +2.133, +0.168,+0.960
1584566880,+3.32, +2.154, +0.169,+0.960
1584566940,+3.32, +2.122, +0.172,+0.960
1584567000,+3.32, +2.111, +0.171,+0.960
1584567060,+3.32, +2.133, +0.169,+0.960
1584567120,+3.32, +2.133, +0.170,+0.960
1584567180,+3.32, +2.165, +0.169,+0.960
1584567240,+3.32, +2.154, +0.169,+0.960
1584567300,+3.32, +2.133, +0.168,+0.960
1584567360,+3.32, +2.133, +0.170,+0.960
1584567420,+3.32, +2.133, +0.170,+0.960
1584567480,+3.32, +2.133, +0.168,+0.960
1584567540,+3.32, +2.176, +0.169,+0.960
1584567600,+3.32, +2.133, +0.169,+0.960
1584567660,+3.32, +2.176, +0.169,+0.960
1584567720,+3.32, +2.143, +0.168,+0.960
1584567780,+3.32, +2.133, +0.169,+0.960
1584567840,+3.32, +2.143, +0.169,+0.960
1584567900,+3.32, +2.133, +0.168,+0.960
1584567960,+3.32, +2.122, +0.171,+0.960
1584568020,+3.32, +2.143, +0.171,+0.960
1584568080,+3.32, +2.133, +0.170,+0.960
1584568140,+3.32, +2.154, +0.169,+0.960
1584568200,+3.32, +2.122, +0.168,+0.960
1584568260,+3.32, +2.154, +0.170,+0.960
1584568320,+3.32, +2.122, +0.170,+0.960
1584568380,+3.32, +2.165, +0.171,+0.960
1584568440,+3.32, +2.154, +0.170,+0.960
1584568500,+3.32, +2.100, +0.169,+0.960
1584568560,+3.32, +2.122, +0.172,+0.960
1584568620,+3.32, +2.133, +0.170,+0.960
1584568680,+3.32, +2.143, +0.169,+0.960
1584568740,+3.32, +2.165, +0.169,+0.960
1584568800,+3.32, +2.143, +0.170,+0.960
1584568860,+3.32, +2.143, +0.168,+0.960
1584568920,+3.32, +2.122, +0.170,+0.960
1584568980,+3.32, +2.122, +0.170,+0.960
1584569040,+3.32, +2.154, +0.170,+0.960
1584569100,+3.32, +2.122, +0.171,+0.960
1584569160,+3.32, +2.143, +0.173,+0.960
1584569220,+3.32, +2.154, +0.170,+0.960
1584569280,+3.32, +2.143, +0.170,+0.960
1584569340,+3.32, +2.154, +0.168,+0.960
1584569400,+3.32, +2.133, +0.169,+0.960
1584569460,+3.32, +2.143, +0.170,+0.960
1584569520,+3.32, +2.143, +0.170,+0.960
1584569580,+3.32, +2.133, +0.170,+0.960
1584569640,+3.32, +2.111, +0.170,+0.960
1584569700,+3.32, +2.165, +0.171,+0.960
1584569760,+3.32, +2.111, +0.169,+0.960
1584569820,+3.32, +2.143, +0.170,+0.960
1584569880,+3.32, +2.133, +0.169,+0.960
1584569940,+3.32, +2.122, +0.170,+0.960
1584570000,+3.32, +2.154, +0.169,+0.960
1584570060,+3.32, +2.133, +0.170,+0.960
1584570120,+3.32, +2.143, +0.168,+0.960
1584570180,+3.32, +2.165, +0.170,+0.960
1584570240,+3.32, +2.122, +0.170,+0.960
1584570300,+3.32, +2.111, +0.171,+0.960
1584570360,+3.32, +2.133, +0.168,+0.960
1584570420,+3.32, +2.133, +0.168,+0.960
1584570480,+3.32, +2.143, +0.169,+0.960
1584570540,+3.32, +2.165, +0.169,+0.960
1584570600,+3.32, +2.122, +0.169,+0.960
1584570660,+3.32, +2.143, +0.172,+0.960
1584570720,+3.32, +2.154, +0.170,+0.960
1584570780,+3.32, +2.154, +0.169,+0.960
1584570840,+3.32, +2.133, +0.170,+0.960
1584570900,+3.32, +2.133, +0.171,+0.960
1584570960,+3.32, +2.111, +0.171,+0.960
1584571020,+3.32, +2.133, +0.168,+0.960
1584571080,+3.32, +2.111, +0.169,+0.960
1584571140,+3.32, +2.154, +0.170,+0.960
1584571200,+3.32, +2.143, +0.170,+0.960
1584571260,+3.32, +2.143, +0.170,+0.960
1584571320,+3.32, +2.133, +0.171,+0.960
1584571380,+3.32, +2.143, +0.169,+0.960
1584571440,+3.32, +2.143, +0.169,+0.960
1584571500,+3.32, +2.143, +0.170,+0.960
1584571560,+3.32, +2.143, +0.168,+0.960
1584571620,+3.32, +2.122, +0.171,+0.960
1584571680,+3.32, +2.143, +0.169,+0.960
1584571740,+3.32, +2.133, +0.170,+0.960
1584571800,+3.32, +2.122, +0.169,+0.960
1584571860,+3.32, +2.122, +0.169,+0.960
1584571920,+3.32, +2.143, +0.169,+0.960
1584571980,+3.32, +2.133, +0.170,+0.960
1584572040,+3.32, +2.122, +0.170,+0.960
1584572100,+3.32, +2.165, +0.170,+0.960
1584572160,+3.32, +2.143, +0.170,+0.960
1584572220,+3.32, +2.154, +0.169,+0.960
1584572280,+3.32, +2.122, +0.171,+0.960
1584572340,+3.32, +2.143, +0.169,+0.960
1584572400,+3.32, +2.133, +0.171,+0.960
1584572460,+3.32, +2.133, +0.169,+0.960
1584572520,+3.32, +2.133, +0.170,+0.960
1584572580,+3.32, +2.111, +0.170,+0.960
1584572640,+3.32, +2.133, +0.170,+0.960
1584572700,+3.32, +2.122, +0.170,+0.960
1584572760,+3.32, +2.122, +0.171,+0.960
1584572820,+3.32, +2.143, +0.170,+0.960
1584572880,+3.32, +2.122, +0.170,+0.960
1584572940,+3.32, +2.133, +0.167,+0.960
1584573000,+3.32, +2.143, +0.170,+0.960
1584573060,+3.32, +2.133, +0.170,+0.960
1584573120,+3.32, +2.133, +0.171,+0.960
1584573180,+3.32, +2.122, +0.170,+0.960
1584573240,+3.32, +2.154, +0.169,+0.960
1584573300,+3.32, +2.133, +0.170,+0.960
1584573360,+3.32, +2.154, +0.170,+0.960
1584573420,+3.32, +2.133, +0.170,+0.960
1584573480,+3.32, +2.067, +0.172,+0.960
1584573540,+3.32, +2.133, +0.170,+0.960
1584573600,+3.32, +2.143, +0.171,+0.960
1584573660,+3.32, +2.143, +0.170,+0.960
1584573720,+3.32, +2.133, +0.171,+0.960
1584573780,+3.32, +2.133, +0.170,+0.960
1584573840,+3.32, +2.111, +0.170,+0.960
1584573900,+3.32, +2.133, +0.170,+0.960
1584573960,+3.32, +2.122, +0.170,+0.960
1584574020,+3.32, +2.089, +0.170,+0.960
1584574080,+3.32, +2.111, +0.171,+0.960
1584574140,+3.32, +2.122, +0.170,+0.960
1584574200,+3.32, +2.100, +0.172,+0.960
1584574260,+3.32, +2.100, +0.171,+0.960
1584574320,+3.32, +2.133, +0.171,+0.960
1584574380,+3.32, +2.122, +0.170,+0.960
1584574440,+3.32, +2.122, +0.170,+0.960
1584574500,+3.32, +2.111, +0.170,+0.960
1584574560,+3.32, +2.154, +0.171,+0.960
1584574620,+3.32, +2.133, +0.169,+0.960
1584574680,+3.32, +2.100, +0.170,+0.960
1584574740,+3.32, +2.089, +0.171,+0.960
1584574800,+3.32, +2.122, +0.170,+0.960
1584574860,+3.32, +2.122, +0.169,+0.960
1584574920,+3.32, +2.165, +0.169,+0.960
1584574980,+3.32, +2.122, +0.170,+0.960
1584575040,+3.32, +2.133, +0.172,+0.960
1584575100,+3.32, +2.143, +0.170,+0.960
1584575160,+3.32, +2.133, +0.170,+0.960
1584575220,+3.32, +2.133, +0.172,+0.960
1584575280,+3.32, +2.122, +0.170,+0.960
1584575340,+3.32, +2.122, +0.170,+0.960
1584575400,+3.32, +2.143, +0.170,+0.960
1584575460,+3.32, +2.133, +0.171,+0.960
1584575520,+3.32, +2.122, +0.169,+0.959
1584575580,+3.32, +2.143, +0.170,+0.960
1584575640,+3.32, +2.143, +0.169,+0.960
1584575700,+3.32, +2.133, +0.170,+0.960
1584575760,+3.32, +2.143, +0.171,+0.960
1584575820,+3.32, +2.133, +0.169,+0.960
1584575880,+3.32, +2.154, +0.169,+0.960
1584575940,+3.32, +2.143, +0.169,+0.960
1584576000,+3.32, +2.143, +0.170,+0.960
1584576060,+3.32, +2.143, +0.170,+0.960
1584576120,+3.32, +2.122, +0.168,+0.960
1584576180,+3.32, +2.133, +0.170,+0.960
1584576240,+3.32, +2.133, +0.169,+0.960
1584576300,+3.32, +2.143, +0.170,+0.960
1584576360,+3.32, +2.133, +0.169,+0.960
1584576420,+3.32, +2.122, +0.172,+0.960
1584576480,+3.32, +2.143, +0.170,+0.960
1584576540,+3.32, +2.198, +0.168,+0.960
1584576600,+3.32, +2.111, +0.169,+0.960
1584576660,+3.32, +2.143, +0.170,+0.960
1584576720,+3.32, +2.133, +0.170,+0.960
1584576780,+3.32, +2.143, +0.169,+0.960
1584576840,+3.32, +2.133, +0.168,+0.960
1584576900,+3.32, +2.111, +0.170,+0.960
1584576960,+3.32, +2.133, +0.169,+0.960
1584577020,+3.32, +2.154, +0.169,+0.960
1584577080,+3.32, +2.133, +0.168,+0.960
1584577140,+3.32, +2.143, +0.170,+0.960
1584577200,+3.32, +2.122, +0.169,+0.960
1584577260,+3.32, +2.122, +0.170,+0.960
1584577320,+3.32, +2.143, +0.170,+0.960
1584577380,+3.32, +2.111, +0.171,+0.960
1584577440,+3.32, +2.143, +0.169,+0.960
1584577500,+3.32, +2.111, +0.171,+0.960
1584577560,+3.32, +2.133, +0.169,+0.960
1584577620,+3.32, +2.133, +0.170,+0.960
1584577680,+3.32, +2.133, +0.169,+0.960
1584577740,+3.32, +2.133, +0.168,+0.960
1584577800,+3.32, +2.143, +0.170,+0.960
1584577860,+3.32, +2.176, +0.169,+0.960
1584577920,+3.32, +2.122, +0.170,+0.960
1584577980,+3.32, +2.122, +0.169,+0.960
1584578040,+3.32, +2.133, +0.169,+0.960
1584578100,+3.32, +2.154, +0.170,+0.960
1584578160,+3.32, +2.143, +0.170,+0.960
1584578220,+3.32, +2.154, +0.170,+0.960
1584578280,+3.32, +2.133, +0.169,+0.960
1584578340,+3.32, +2.133, +0.169,+0.960
1584578400,+3.32, +2.133, +0.171,+0.960
1584578460,+3.32, +2.122, +0.170,+0.960
1584578520,+3.32, +2.154, +0.170,+0.960
1584578580,+3.32, +2.143, +0.169,+0.960
1584578640,+3.32, +2.143, +0.169,+0.960
1584578700,+3.32, +2.133, +0.171,+0.960
1584578760,+3.32, +2.133, +0.171,+0.960
1584578820,+3.32, +2.122, +0.169,+0.960
1584578880,+3.32, +2.143, +0.172,+0.960
1584578940,+3.32, +2.133, +0.169,+0.960
1584579000,+3.32, +2.133, +0.169,+0.960
1584579060,+3.32, +2.133, +0.170,+0.960
1584579120,+3.32, +2.143, +0.169,+0.960
1584579180,+3.32, +2.133, +0.169,+0.960
1584579240,+3.32, +2.122, +0.171,+0.960
1584579300,+3.32, +2.133, +0.169,+0.960
1584579360,+3.32, +2.122, +0.171,+0.960
1584579420,+3.32, +2.133, +0.170,+0.960
1584579480,+3.32, +2.122, +0.169,+0.960
1584579540,+3.32, +2.143, +0.170,+0.960
1584579600,+3.32, +2.143, +0.169,+0.960
1584579660,+3.32, +2.111, +0.169,+0.960
1584579720,+3.32, +2.122, +0.172,+0.960
1584579780,+3.32, +2.133, +0.170,+0.960
1584579840,+3.32, +2.154, +0.170,+0.960
1584579900,+3.32, +2.122, +0.169,+0.960
1584579960,+3.32, +2.143, +0.171,+0.960
1584580020,+3.32, +2.122, +0.169,+0.960
1584580080,+3.32, +2.133, +0.170,+0.960
1584580140,+3.32, +2.143, +0.168,+0.960
1584580200,+3.32, +2.122, +0.170,+0.960
1584580260,+3.32, +2.122, +0.169,+0.960
1584580320,+3.32, +2.133, +0.170,+0.960
1584580380,+3.32, +2.133, +0.170,+0.960
1584580440,+3.32, +2.122, +0.170,+0.960
1584580500,+3.32, +2.122, +0.169,+0.960
1584580560,+3.32, +2.122, +0.170,+0.960
1584580620,+3.32, +2.122, +0.169,+0.960
1584580680,+3.32, +2.133, +0.170,+0.960
1584580740,+3.32, +2.111, +0.170,+0.960
1584580800,+3.32, +2.133, +0.170,+0.960
1584580860,+3.32, +2.143, +0.170,+0.960
1584580920,+3.32, +2.122, +0.168,+0.960
1584580980,+3.32, +2.154, +0.169,+0.960
1584581040,+3.32, +2.176, +0.168,+0.960
1584581100,+3.32, +2.133, +0.169,+0.960
1584581160,+3.32, +2.143, +0.170,+0.960
1584581220,+3.32, +2.133, +0.169,+0.960
1584581280,+3.32, +2.154, +0.168,+0.960
1584581340,+3.32, +2.133, +0.169,+0.960
1584581400,+3.32, +2.154, +0.171,+0.960
1584581460,+3.32, +2.122, +0.170,+0.960
1584581520,+3.32, +2.133, +0.170,+0.960
1584581580,+3.32, +2.111, +0.170,+0.960
1584581640,+3.32, +2.122, +0.169,+0.960
1584581700,+3.32, +2.154, +0.168,+0.960
1584581760,+3.32, +2.154, +0.169,+0.960
1584581820,+3.32, +2.133, +0.171,+0.960
1584581880,+3.32, +2.122, +0.172,+0.960
1584581940,+3.32, +2.122, +0.170,+0.960
1584582000,+3.32, +2.122, +0.169,+0.960
1584582060,+3.32, +2.133, +0.170,+0.960
1584582120,+3.32, +2.143, +0.170,+0.960
1584582180,+3.32, +2.133, +0.170,+0.960
1584582240,+3.32, +2.133, +0.169,+0.960
1584582300,+3.32, +2.133, +0.172,+0.960
1584582360,+3.32, +2.122, +0.170,+0.960
1584582420,+3.32, +2.100, +0.169,+0.960
1584582480,+3.32, +2.122, +0.170,+0.960
1584582540,+3.32, +2.143, +0.169,+0.960
1584582600,+3.32, +2.133, +0.171,+0.960
1584582660,+3.32, +2.122, +0.169,+0.960
1584582720,+3.32, +2.111, +0.171,+0.960
1584582780,+3.32, +2.143, +0.169,+0.960
1584582840,+3.32, +2.154, +0.170,+0.960
1584582900,+3.32, +2.100, +0.169,+0.960
1584582960,+3.32, +2.111, +0.172,+0.960
1584583020,+3.32, +2.133, +0.169,+0.960
1584583080,+3.32, +2.122, +0.169,+0.960
1584583140,+3.32, +2.133, +0.171,+0.960
1584583200,+3.32, +2.133, +0.170,+0.960
1584583260,+3.32, +2.100, +0.170,+0.960
1584583320,+3.32, +2.143, +0.169,+0.960
1584583380,+3.32, +2.122, +0.170,+0.960
1584583440,+3.32, +2.165, +0.170,+0.960
1584583500,+3.32, +2.111, +0.170,+0.960
1584583560,+3.32, +2.133, +0.171,+0.960
1584583620,+3.32, +2.133, +0.169,+0.960
1584583680,+3.32, +2.133, +0.170,+0.960
1584583740,+3.32, +2.122, +0.170,+0.960
1584583800,+3.32, +2.154, +0.169,+0.960
1584583860,+3.32, +2.122, +0.170,+0.960
1584583920,+3.32, +2.143, +0.170,+0.960
1584583980,+3.32, +2.133, +0.172,+0.960
1584584040,+3.32, +2.133, +0.171,+0.960
1584584100,+3.32, +2.133, +0.169,+0.960
1584584160,+3.32, +2.165, +0.172,+0.960
1584584220,+3.32, +2.133, +0.169,+0.960
1584584280,+3.32, +2.122, +0.170,+0.960
1584584340,+3.32, +2.154, +0.169,+0.960
1584584400,+3.32, +2.143, +0.168,+0.960
1584584460,+3.32, +2.133, +0.169,+0.960
1584584520,+3.32, +2.111, +0.168,+0.960
1584584580,+3.32, +2.122, +0.171,+0.960
1584584640,+3.32, +2.154, +0.168,+0.960
1584584700,+3.32, +2.089, +0.169,+0.960
1584584760,+3.32, +2.067, +0.170,+0.960
1584584820,+3.32, +2.143, +0.169,+0.960
1584584880,+3.32, +2.143, +0.169,+0.960
1584584940,+3.32, +2.111, +0.168,+0.960
1584585000,+3.32, +2.133, +0.170,+0.960
1584585060,+3.32, +2.133, +0.170,+0.960
1584585120,+3.32, +2.133, +0.170,+0.960
1584585180,+3.32, +2.111, +0.171,+0.960
1584585240,+3.32, +2.143, +0.168,+0.960
1584585300,+3.32, +2.154, +0.171,+0.960
1584585360,+3.32, +2.133, +0.171,+0.960
1584585420,+3.32, +2.143, +0.170,+0.960
1584585480,+3.32, +2.122, +0.170,+0.960
1584585540,+3.32, +2.143, +0.170,+0.960
1584585600,+3.32, +2.133, +0.170,+0.960
1584585660,+3.32, +2.133, +0.169,+0.960
1584585720,+3.32, +2.154, +0.170,+0.960
1584585780,+3.32, +2.143, +0.169,+0.960
1584585840,+3.32, +2.111, +0.170,+0.960
1584585900,+3.32, +2.133, +0.170,+0.960
1584585960,+3.32, +2.143, +0.169,+0.960
1584586020,+3.32, +2.122, +0.170,+0.960
1584586080,+3.32, +2.111, +0.170,+0.960
1584586140,+3.32, +2.122, +0.169,+0.960
1584586200,+3.32, +2.122, +0.169,+0.960
1584586260,+3.32, +2.165, +0.171,+0.960
1584586320,+3.32, +2.122, +0.170,+0.960
1584586380,+3.32, +2.143, +0.170,+0.960
1584586440,+3.32, +2.122, +0.169,+0.960
1584586500,+3.32, +2.143, +0.169,+0.960
1584586560,+3.32, +2.143, +0.168,+0.960
1584586620,+3.32, +2.111, +0.169,+0.960
1584586680,+3.32, +2.143, +0.170,+0.960
1584586740,+3.32, +2.154, +0.169,+0.960
1584586800,+3.32, +2.143, +0.170,+0.960
1584586860,+3.32, +2.122, +0.170,+0.960
1584586920,+3.32, +2.133, +0.170,+0.960
1584586980,+3.32, +2.187, +0.170,+0.960
1584587040,+3.32, +2.143, +0.169,+0.960
1584587100,+3.32, +2.133, +0.171,+0.960
1584587160,+3.32, +2.143, +0.170,+0.960
1584587220,+3.32, +2.122, +0.168,+0.960
1584587280,+3.32, +2.154, +0.172,+0.960
1584587340,+3.32, +2.143, +0.170,+0.960
1584587400,+3.32, +2.133, +0.169,+0.960
1584587460,+3.32, +2.165, +0.168,+0.960
1584587520,+3.32, +2.154, +0.169,+0.960
1584587580,+3.32, +2.165, +0.170,+0.960
1584587640,+3.32, +2.133, +0.171,+0.960
1584587700,+3.32, +2.133, +0.168,+0.960
1584587760,+3.32, +2.122, +0.169,+0.960
1584587820,+3.32, +2.133, +0.170,+0.960
1584587880,+3.32, +2.111, +0.170,+0.960
1584587940,+3.32, +2.133, +0.170,+0.960
1584588000,+3.32, +2.133, +0.169,+0.960
1584588060,+3.32, +2.133, +0.170,+0.960
1584588120,+3.32, +2.165, +0.170,+0.960
1584588180,+3.32, +2.122, +0.169,+0.960
1584588240,+3.32, +2.143, +0.170,+0.960
1584588300,+3.32, +2.133, +0.169,+0.960
1584588360,+3.32, +2.122, +0.170,+0.960
1584588420,+3.32, +2.187, +0.168,+0.960
1584588480,+3.32, +2.143, +0.168,+0.960
1584588540,+3.32, +2.154, +0.169,+0.960
1584588600,+3.32, +2.111, +0.169,+0.960
1584588660,+3.32, +2.154, +0.169,+0.960
1584588720,+3.32, +2.143, +0.170,+0.960
1584588780,+3.32, +2.133, +0.170,+0.960
1584588840,+3.32, +2.154, +0.169,+0.960
1584588900,+3.32, +2.133, +0.170,+0.960
1584588960,+3.32, +2.154, +0.169,+0.960
1584589020,+3.32, +2.122, +0.169,+0.960
1584589080,+3.32, +2.143, +0.171,+0.960
1584589140,+3.32, +2.143, +0.169,+0.960
1584589200,+3.32, +2.143, +0.171,+0.960
1584589260,+3.32, +2.111, +0.170,+0.960
1584589320,+3.32, +2.143, +0.171,+0.960
1584589380,+3.32, +2.122, +0.170,+0.960
1584589440,+3.32, +2.122, +0.170,+0.960
1584589500,+3.32, +2.122, +0.173,+0.960
1584589560,+3.32, +2.143, +0.170,+0.960
1584589620,+3.32, +2.154, +0.170,+0.960
1584589680,+3.32, +2.154, +0.169,+0.960
1584589740,+3.32, +2.111, +0.170,+0.960
1584589800,+3.32, +2.111, +0.170,+0.960
1584589860,+3.32, +2.133, +0.171,+0.960
1584589920,+3.32, +2.143, +0.170,+0.960
1584589980,+3.32, +2.111, +0.172,+0.960
1584590040,+3.32, +2.089, +0.171,+0.960
1584590100,+3.32, +2.122, +0.170,+0.960
1584590160,+3.32, +2.133, +0.170,+0.960
1584590220,+3.32, +2.133, +0.169,+0.960
1584590280,+3.32, +2.143, +0.170,+0.960
1584590340,+3.32, +2.133, +0.171,+0.960
1584590400,+3.32, +2.133, +0.168,+0.960
1584590460,+3.32, +2.133, +0.170,+0.960
1584590520,+3.32, +2.122, +0.169,+0.960
1584590580,+3.32, +2.111, +0.169,+0.960
1584590640,+3.32, +2.111, +0.169,+0.960
1584590700,+3.32, +2.143, +0.170,+0.960
1584590760,+3.32, +2.133, +0.171,+0.960
1584590820,+3.32, +2.078, +0.171,+0.960
1584590880,+3.32, +2.122, +0.170,+0.960
1584590940,+3.32, +2.111, +0.171,+0.960
1584591000,+3.32, +2.133, +0.171,+0.960
1584591060,+3.32, +2.122, +0.171,+0.960
1584591120,+3.32, +2.133, +0.170,+0.960
1584591180,+3.32, +2.133, +0.170,+0.960
1584591240,+3.32, +2.111, +0.171,+0.960
1584591300,+3.32, +2.143, +0.170,+0.960
1584591360,+3.32, +2.143, +0.171,+0.960
1584591420,+3.32, +2.111, +0.170,+0.960
1584591480,+3.32, +2.154, +0.169,+0.960
1584591540,+3.32, +2.133, +0.172,+0.960
1584591600,+3.32, +2.143, +0.170,+0.960
1584591660,+3.32, +2.143, +0.169,+0.960
1584591720,+3.32, +2.133, +0.169,+0.960
1584591780,+3.32, +2.122, +0.171,+0.960
1584591840,+3.32, +2.143, +0.170,+0.960
1584591900,+3.32, +2.165, +0.170,+0.960
1584591960,+3.32, +2.154, +0.172,+0.960
1584592020,+3.32, +2.133, +0.169,+0.960
1584592080,+3.32, +2.143, +0.169,+0.960
1584592140,+3.32, +2.133, +0.171,+0.960
1584592200,+3.32, +2.122, +0.170,+0.960
1584592260,+3.32, +2.143, +0.170,+0.960
1584592320,+3.32, +2.133, +0.168,+0.960
1584592380,+3.32, +2.122, +0.171,+0.960
1584592440,+3.32, +2.133, +0.168,+0.960
1584592500,+3.32, +2.165, +0.168,+0.960
1584592560,+3.32, +2.176, +0.170,+0.960
1584592620,+3.32, +2.154, +0.170,+0.960
1584592680,+3.32, +2.122, +0.170,+0.960
1584592740,+3.32, +2.143, +0.169,+0.960
1584592800,+3.32, +2.133, +0.170,+0.960
1584592860,+3.32, +2.143, +0.169,+0.960
1584592920,+3.32, +2.133, +0.169,+0.960
1584592980,+3.32, +2.154, +0.170,+0.960
1584593040,+3.32, +2.143, +0.171,+0.960
1584593100,+3.32, +2.143, +0.169,+0.960
1584593160,+3.32, +2.122, +0.170,+0.960
1584593220,+3.32, +2.143, +0.171,+0.960
1584593280,+3.32, +2.133, +0.168,+0.960
1584593340,+3.32, +2.154, +0.169,+0.960
1584593400,+3.32, +2.133, +0.171,+0.960
1584593460,+3.32, +2.143, +0.169,+0.960
1584593520,+3.32, +2.143, +0.168,+0.960
1584593580,+3.32, +2.122, +0.171,+0.960
1584593640,+3.32, +2.100, +0.170,+0.960
1584593700,+3.32, +2.143, +0.170,+0.960
1584593760,+3.32, +2.122, +0.169,+0.960
1584593820,+3.32, +2.143, +0.170,+0.960
1584593880,+3.32, +2.133, +0.170,+0.960
1584593940,+3.32, +2.154, +0.170,+0.960
1584594000,+3.32, +2.133, +0.169,+0.960
1584594060,+3.32, +2.122, +0.171,+0.960
1584594120,+3.32, +2.122, +0.171,+0.960
1584594180,+3.32, +2.133, +0.171,+0.960
1584594240,+3.32, +2.122, +0.170,+0.960
1584594300,+3.32, +2.133, +0.169,+0.960
1584594360,+3.32, +2.133, +0.170,+0.960
1584594420,+3.32, +2.143, +0.169,+0.960
1584594480,+3.32, +2.133, +0.170,+0.960
1584594540,+3.32, +2.133, +0.169,+0.960
1584594600,+3.32, +2.122, +0.171,+0.960
1584594660,+3.32, +2.154, +0.171,+0.960
1584594720,+3.32, +2.143, +0.169,+0.960
1584594780,+3.32, +2.143, +0.170,+0.960
1584594840,+3.32, +2.122, +0.170,+0.960
1584594900,+3.32, +2.133, +0.171,+0.960
1584594960,+3.32, +2.143, +0.168,+0.960
1584595020,+3.32, +2.143, +0.171,+0.960
1584595080,+3.32, +2.133, +0.170,+0.960
1584595140,+3.32, +2.111, +0.170,+0.960
1584595200,+3.32, +2.133, +0.169,+0.960
1584595260,+3.32, +2.133, +0.171,+0.960
1584595320,+3.32, +2.133, +0.170,+0.960
1584595380,+3.32, +2.122, +0.169,+0.960
1584595440,+3.32, +2.133, +0.170,+0.960
1584595500,+3.32, +2.143, +0.168,+0.960
1584595560,+3.32, +2.154, +0.170,+0.960
1584595620,+3.32, +2.122, +0.170,+0.960
1584595680,+3.32, +2.165, +0.170,+0.960
1584595740,+3.32, +2.143, +0.170,+0.960
1584595800,+3.32, +2.154, +0.170,+0.960
1584595860,+3.32, +2.143, +0.172,+0.960
1584595920,+3.32, +2.143, +0.171,+0.960
1584595980,+3.32, +2.133, +0.170,+0.960
1584596040,+3.32, +2.133, +0.168,+0.960
1584596100,+3.32, +2.143, +0.169,+0.960
1584596160,+3.32, +2.143, +0.169,+0.960
1584596220,+3.32, +2.133, +0.169,+0.960
1584596280,+3.32, +2.133, +0.170,+0.960
1584596340,+3.32, +2.154, +0.170,+0.960
1584596400,+3.32, +2.111, +0.170,+0.960
1584596460,+3.32, +2.133, +0.170,+0.960
1584596520,+3.32, +2.111, +0.169,+0.960
1584596580,+3.32, +2.122, +0.169,+0.960
1584596640,+3.32, +2.143, +0.171,+0.960
1584596700,+3.32, +2.122, +0.169,+0.960
1584596760,+3.32, +2.176, +0.169,+0.960
1584596820,+3.32, +2.133, +0.170,+0.960
1584596880,+3.32, +2.133, +0.170,+0.960
1584596940,+3.32, +2.143, +0.168,+0.960
1584597000,+3.32, +2.143, +0.170,+0.960
1584597060,+3.32, +2.154, +0.170,+0.960
1584597120,+3.32, +2.111, +0.169,+0.960
1584597180,+3.32, +2.154, +0.170,+0.960
1584597240,+3.32, +2.133, +0.169,+0.960
1584597300,+3.32, +2.122, +0.170,+0.960
1584597360,+3.32, +2.100, +0.170,+0.960
1584597420,+3.32, +2.100, +0.169,+0.960
1584597480,+3.32, +2.133, +0.170,+0.960
1584597540,+3.32, +2.133, +0.171,+0.960
1584597600,+3.32, +2.143, +0.170,+0.960
1584597660,+3.32, +2.122, +0.170,+0.960
1584597720,+3.32, +2.165, +0.169,+0.960
1584597780,+3.32, +2.133, +0.171,+0.960
1584597840,+3.32, +2.143, +0.169,+0.960
1584597900,+3.32, +2.111, +0.170,+0.960
1584597960,+3.32, +2.133, +0.169,+0.960
1584598020,+3.32, +2.143, +0.171,+0.960
1584598080,+3.32, +2.133, +0.171,+0.960
1584598140,+3.32, +2.122, +0.169,+0.960
1584598200,+3.32, +2.133, +0.170,+0.960
1584598260,+3.32, +2.111, +0.168,+0.960
1584598320,+3.32, +2.133, +0.169,+0.960
1584598380,+3.32, +2.111, +0.171,+0.960
1584598440,+3.32, +2.111, +0.170,+0.960
1584598500,+3.32, +2.078, +0.169,+0.960
1584598560,+3.32, +2.111, +0.171,+0.960
1584598620,+3.32, +2.143, +0.169,+0.960
1584598680,+3.32, +2.143, +0.171,+0.960
1584598740,+3.32, +2.122, +0.170,+0.960
1584598800,+3.32, +2.133, +0.169,+0.960
1584598860,+3.32, +2.111, +0.170,+0.960
1584598920,+3.32, +2.133, +0.170,+0.960
1584598980,+3.32, +2.143, +0.170,+0.960
1584599040,+3.32, +2.122, +0.168,+0.960
1584599100,+3.32, +2.154, +0.170,+0.960
1584599160,+3.32, +2.133, +0.169,+0.960
1584599220,+3.32, +2.133, +0.169,+0.960
1584599280,+3.32, +2.111, +0.170,+0.960
1584599340,+3.32, +2.133, +0.169,+0.960
1584599400,+3.32, +2.122, +0.168,+0.960
1584599460,+3.32, +2.133, +0.169,+0.960
1584599520,+3.32, +2.143, +0.171,+0.960
1584599580,+3.32, +2.133, +0.169,+0.960
1584599640,+3.32, +2.133, +0.169,+0.960
1584599700,+3.32, +2.122, +0.171,+0.960
1584599760,+3.32, +2.122, +0.170,+0.960
1584599820,+3.32, +2.143, +0.169,+0.960
1584599880,+3.32, +2.143, +0.168,+0.960
1584599940,+3.32, +2.133, +0.170,+0.960
1584600000,+3.32, +2.143, +0.168,+0.960
1584600060,+3.32, +2.122, +0.169,+0.960
1584600120,+3.32, +2.143, +0.171,+0.960
1584600180,+3.32, +2.122, +0.170,+0.960
1584600240,+3.32, +2.133, +0.170,+0.960
1584600300,+3.32, +2.111, +0.167,+0.960
1584600360,+3.32, +2.143, +0.170,+0.960
1584600420,+3.32, +2.154, +0.171,+0.960
1584600480,+3.32, +2.143, +0.169,+0.960
1584600540,+3.32, +2.100, +0.171,+0.960
1584600600,+3.32, +2.143, +0.171,+0.960
1584600660,+3.32, +2.122, +0.170,+0.960
1584600720,+3.32, +2.133, +0.170,+0.960
1584600780,+3.32, +2.143, +0.170,+0.960
1584600840,+3.32, +2.133, +0.170,+0.960
1584600900,+3.32, +2.154, +0.169,+0.960
1584600960,+3.32, +2.154, +0.170,+0.960
1584601020,+3.32, +2.154, +0.168,+0.960
1584601080,+3.32, +2.133, +0.171,+0.960
1584601140,+3.32, +2.133, +0.171,+0.960
1584601200,+3.32, +2.154, +0.169,+0.960
1584601260,+3.32, +2.143, +0.169,+0.960
1584601320,+3.32, +2.143, +0.171,+0.960
1584601380,+3.32, +2.133, +0.168,+0.959
1584601440,+3.32, +2.143, +0.171,+0.960
1584601500,+3.32, +2.133, +0.168,+0.960
1584601560,+3.32, +2.122, +0.169,+0.960
1584601620,+3.32, +2.143, +0.169,+0.960
1584601680,+3.32, +2.133, +0.169,+0.960
1584601740,+3.32, +2.133, +0.170,+0.960
1584601800,+3.32, +2.133, +0.170,+0.960
1584601860,+3.32, +2.143, +0.170,+0.960
1584601920,+3.32, +2.122, +0.170,+0.960
1584601980,+3.32, +2.133, +0.171,+0.960
1584602040,+3.32, +2.154, +0.168,+0.960
1584602100,+3.32, +2.143, +0.170,+0.960
1584602160,+3.32, +2.122, +0.171,+0.960
1584602220,+3.32, +2.122, +0.170,+0.960
1584602280,+3.32, +2.122, +0.172,+0.960
1584602340,+3.32, +2.133, +0.169,+0.960
1584602400,+3.32, +2.122, +0.169,+0.960
1584602460,+3.32, +2.154, +0.170,+0.960
1584602520,+3.32, +2.133, +0.170,+0.960
1584602580,+3.32, +2.133, +0.170,+0.960
1584602640,+3.32, +2.133, +0.170,+0.960
1584602700,+3.32, +2.143, +0.167,+0.960
1584602760,+3.32, +2.133, +0.171,+0.960
1584602820,+3.32, +2.122, +0.169,+0.960
1584602880,+3.32, +2.133, +0.171,+0.960
1584602940,+3.32, +2.133, +0.171,+0.960
1584603000,+3.32, +2.133, +0.169,+0.960
1584603060,+3.32, +2.133, +0.169,+0.960
1584603120,+3.32, +2.143, +0.169,+0.960
1584603180,+3.32, +2.111, +0.169,+0.960
1584603240,+3.32, +2.165, +0.170,+0.960
1584603300,+3.32, +2.122, +0.171,+0.960
1584603360,+3.32, +2.133, +0.171,+0.960
1584603420,+3.32, +2.154, +0.170,+0.960
1584603480,+3.32, +2.122, +0.169,+0.960
1584603540,+3.32, +2.143, +0.169,+0.960
1584603600,+3.32, +2.122, +0.170,+0.960
1584603660,+3.32, +2.111, +0.172,+0.960
1584603720,+3.32, +2.133, +0.170,+0.960
1584603780,+3.32, +2.122, +0.171,+0.960
1584603840,+3.32, +2.143, +0.169,+0.960
1584603900,+3.32, +2.143, +0.170,+0.960
1584603960,+3.32, +2.133, +0.170,+0.960
1584604020,+3.32, +2.122, +0.171,+0.960
1584604080,+3.32, +2.133, +0.170,+0.960
1584604140,+3.32, +2.143, +0.171,+0.960
1584604200,+3.32, +2.122, +0.170,+0.960
1584604260,+3.32, +2.100, +0.171,+0.960
1584604320,+3.32, +2.122, +0.170,+0.960
1584604380,+3.32, +2.133, +0.170,+0.960
1584604440,+3.32, +2.143, +0.170,+0.960
1584604500,+3.32, +2.133, +0.171,+0.960
1584604560,+3.32, +2.100, +0.171,+0.960
1584604620,+3.32, +2.133, +0.169,+0.960
1584604680,+3.32, +2.143, +0.171,+0.960
1584604740,+3.32, +2.111, +0.170,+0.960
1584604800,+3.32, +2.133, +0.168,+0.960
1584604860,+3.32, +2.143, +0.170,+0.960
1584604920,+3.32, +2.111, +0.171,+0.960
1584604980,+3.32, +2.122, +0.168,+0.960
1584605040,+3.32, +2.154, +0.169,+0.960
1584605100,+3.32, +2.122, +0.170,+0.960
1584605160,+3.32, +2.122, +0.171,+0.960
1584605220,+3.32, +2.100, +0.169,+0.960
1584605280,+3.32, +2.143, +0.168,+0.960
1584605340,+3.32, +2.122, +0.170,+0.960
1584605400,+3.32, +2.111, +0.170,+0.960
1584605460,+3.32, +2.133, +0.171,+0.960
1584605520,+3.32, +2.111, +0.170,+0.960
1584605580,+3.32, +2.111, +0.171,+0.960
1584605640,+3.32, +2.143, +0.170,+0.960
1584605700,+3.32, +2.133, +0.171,+0.960
1584605760,+3.32, +2.133, +0.171,+0.960
1584605820,+3.32, +2.122, +0.169,+0.960
1584605880,+3.32, +2.133, +0.171,+0.960
1584605940,+3.32, +2.143, +0.172,+0.960
1584606000,+3.32, +2.122, +0.168,+0.960
1584606060,+3.32, +2.143, +0.170,+0.960
1584606120,+3.32, +2.133, +0.171,+0.960
1584606180,+3.32, +2.111, +0.170,+0.960
1584606240,+3.32, +2.122, +0.169,+0.960
1584606300,+3.32, +2.133, +0.171,+0.960
1584606360,+3.32, +2.122, +0.171,+0.960
1584606420,+3.32, +2.143, +0.171,+0.960
1584606480,+3.32, +2.111, +0.170,+0.960
1584606540,+3.32, +2.122, +0.171,+0.960
1584606600,+3.32, +2.133, +0.171,+0.960
1584606660,+3.32, +2.122, +0.170,+0.960
1584606720,+3.32, +2.111, +0.171,+0.960
1584606780,+3.32, +2.122, +0.170,+0.960
1584606840,+3.32, +2.143, +0.169,+0.960
1584606900,+3.32, +2.122, +0.170,+0.960
1584606960,+3.32, +2.143, +0.170,+0.960
1584607020,+3.32, +2.133, +0.169,+0.960
1584607080,+3.32, +2.154, +0.169,+0.960
1584607140,+3.32, +2.143, +0.169,+0.960
1584607200,+3.32, +2.133, +0.169,+0.960
1584607260,+3.32, +2.133, +0.170,+0.960
1584607320,+3.32, +2.133, +0.170,+0.960
1584607380,+3.31, +2.133, +0.170,+0.960
1584607440,+3.32, +2.122, +0.170,+0.960
1584607500,+3.32, +2.176, +0.169,+0.960
1584607560,+3.32, +2.143, +0.169,+0.960
1584607620,+3.32, +2.122, +0.172,+0.960
1584607680,+3.32, +2.133, +0.170,+0.960
1584607740,+3.32, +2.122, +0.171,+0.960
1584607800,+3.32, +2.133, +0.170,+0.960
1584607860,+3.32, +2.133, +0.170,+0.960
1584607920,+3.32, +2.133, +0.169,+0.960
1584607980,+3.32, +2.143, +0.170,+0.960
1584608040,+3.32, +2.133, +0.171,+0.960
1584608100,+3.32, +2.133, +0.169,+0.960
1584608160,+3.32, +2.122, +0.171,+0.960
1584608220,+3.32, +2.122, +0.170,+0.960
1584608280,+3.32, +2.111, +0.171,+0.960
1584608340,+3.32, +2.143, +0.170,+0.960
1584608400,+3.32, +2.165, +0.170,+0.960
1584608460,+3.32, +2.111, +0.170,+0.960
1584608520,+3.32, +2.133, +0.170,+0.960
1584608580,+3.32, +2.133, +0.170,+0.960
1584608640,+3.32, +2.143, +0.169,+0.960
1584608700,+3.32, +2.176, +0.170,+0.960
1584608760,+3.32, +2.111, +0.170,+0.960
1584608820,+3.32, +2.133, +0.170,+0.960
1584608880,+3.32, +2.122, +0.169,+0.960
1584608940,+3.32, +2.122, +0.171,+0.960
1584609000,+3.32, +2.133, +0.170,+0.960
1584609060,+3.32, +2.133, +0.170,+0.960
1584609120,+3.32, +2.100, +0.171,+0.960
1584609180,+3.32, +2.122, +0.171,+0.960
1584609240,+3.32, +2.122, +0.172,+0.960
1584609300,+3.32, +2.154, +0.171,+0.960
1584609360,+3.32, +2.100, +0.171,+0.960
1584609420,+3.32, +2.111, +0.171,+0.960
1584609480,+3.32, +2.122, +0.173,+0.960
1584609540,+3.32, +2.143, +0.170,+0.960
1584609600,+3.32, +2.111, +0.170,+0.960
1584609660,+3.32, +2.089, +0.172,+0.960
1584609720,+3.32, +2.122, +0.170,+0.960
1584609780,+3.32, +2.154, +0.169,+0.960
1584609840,+3.32, +2.122, +0.169,+0.960
1584609900,+3.32, +2.111, +0.169,+0.960
1584609960,+3.32, +2.143, +0.170,+0.960
1584610020,+3.32, +2.133, +0.169,+0.960
1584610080,+3.32, +2.133, +0.170,+0.960
1584610140,+3.32, +2.143, +0.172,+0.960
1584610200,+3.32, +2.111, +0.170,+0.960
1584610260,+3.32, +2.133, +0.169,+0.960
1584610320,+3.32, +2.133, +0.168,+0.960
1584610380,+3.32, +2.176, +0.170,+0.960
1584610440,+3.32, +2.122, +0.172,+0.960
1584610500,+3.32, +2.100, +0.171,+0.960
1584610560,+3.32, +2.122, +0.171,+0.960
1584610620,+3.32, +2.133, +0.171,+0.960
1584610680,+3.32, +2.133, +0.171,+0.960
1584610740,+3.32, +2.154, +0.169,+0.960
1584610800,+3.32, +2.143, +0.170,+0.960
1584610860,+3.32, +2.154, +0.169,+0.960
1584610920,+3.32, +2.133, +0.169,+0.960
1584610980,+3.32, +2.133, +0.167,+0.960
1584611040,+3.32, +2.143, +0.171,+0.960
1584611100,+3.32, +2.133, +0.169,+0.960
1584611160,+3.32, +2.122, +0.169,+0.960
1584611220,+3.32, +2.154, +0.170,+0.960
1584611280,+3.32, +2.133, +0.170,+0.960
1584611340,+3.32, +2.133, +0.170,+0.960
1584611400,+3.32, +2.154, +0.169,+0.960
1584611460,+3.32, +2.089, +0.171,+0.960
1584611520,+3.32, +2.111, +0.171,+0.960
1584611580,+3.32, +2.133, +0.169,+0.960
1584611640,+3.32, +2.133, +0.170,+0.960
1584611700,+3.32, +2.122, +0.171,+0.960
1584611760,+3.32, +2.143, +0.170,+0.960
1584611820,+3.32, +2.133, +0.170,+0.960
1584611880,+3.32, +2.133, +0.170,+0.960
1584611940,+3.32, +2.133, +0.171,+0.960
1584612000,+3.32, +2.133, +0.168,+0.960
1584612060,+3.32, +2.133, +0.169,+0.960
1584612120,+3.32, +2.122, +0.172,+0.960
1584612180,+3.32, +2.100, +0.170,+0.960
1584612240,+3.32, +2.133, +0.171,+0.960
1584612300,+3.32, +2.143, +0.170,+0.960
1584612360,+3.32, +2.143, +0.171,+0.960
1584612420,+3.32, +2.133, +0.170,+0.960
1584612480,+3.32, +2.122, +0.171,+0.960
1584612540,+3.32, +2.133, +0.170,+0.960
1584612600,+3.32, +2.133, +0.169,+0.960
1584612660,+3.32, +2.143, +0.170,+0.960
1584612720,+3.32, +2.143, +0.170,+0.960
1584612780,+3.32, +2.143, +0.169,+0.960
1584612840,+3.32, +2.100, +0.170,+0.960
1584612900,+3.32, +2.133, +0.171,+0.960
1584612960,+3.32, +2.122, +0.170,+0.960
1584613020,+3.32, +2.133, +0.169,+0.960
1584613080,+3.32, +2.133, +0.171,+0.960
1584613140,+3.32, +2.143, +0.169,+0.960
1584613200,+3.32, +2.165, +0.169,+0.960
1584613260,+3.32, +2.133, +0.171,+0.960
1584613320,+3.32, +2.122, +0.171,+0.960
1584613380,+3.32, +2.133, +0.172,+0.960
1584613440,+3.32, +2.143, +0.170,+0.960
1584613500,+3.32, +2.133, +0.169,+0.960
1584613560,+3.32, +2.122, +0.170,+0.960
1584613620,+3.32, +2.133, +0.171,+0.960
1584613680,+3.32, +2.111, +0.171,+0.960
1584613740,+3.32, +2.154, +0.168,+0.960
1584613800,+3.32, +2.133, +0.170,+0.960
1584613860,+3.32, +2.133, +0.170,+0.960
1584613920,+3.32, +2.143, +0.170,+0.960
1584613980,+3.32, +2.143, +0.169,+0.960
1584614040,+3.32, +2.154, +0.168,+0.960
1584614100,+3.32, +2.133, +0.170,+0.960
1584614160,+3.32, +2.133, +0.168,+0.960
1584614220,+3.32, +2.143, +0.170,+0.960
1584614280,+3.32, +2.133, +0.169,+0.960
1584614340,+3.32, +2.122, +0.171,+0.960
1584614400,+3.32, +2.122, +0.170,+0.960
1584614460,+3.32, +2.122, +0.172,+0.960
1584614520,+3.32, +2.133, +0.168,+0.960
1584614580,+3.32, +2.154, +0.170,+0.960
1584614640,+3.32, +2.143, +0.169,+0.960
1584614700,+3.32, +2.143, +0.168,+0.960
1584614760,+3.32, +2.122, +0.171,+0.960
1584614820,+3.32, +2.133, +0.170,+0.960
1584614880,+3.32, +2.122, +0.169,+0.960
1584614940,+3.32, +2.143, +0.169,+0.960
1584615000,+3.32, +2.133, +0.170,+0.960
1584615060,+3.32, +2.111, +0.170,+0.960
1584615120,+3.32, +2.165, +0.170,+0.960
1584615180,+3.32, +2.143, +0.169,+0.960
1584615240,+3.32, +2.122, +0.170,+0.960
1584615300,+3.32, +2.122, +0.169,+0.960
1584615360,+3.32, +2.133, +0.169,+0.960
1584615420,+3.32, +2.133, +0.169,+0.960
1584615480,+3.32, +2.122, +0.167,+0.960
1584615540,+3.32, +2.133, +0.170,+0.960
1584615600,+3.32, +2.111, +0.171,+0.960
1584615660,+3.32, +2.111, +0.169,+0.960
1584615720,+3.32, +2.122, +0.171,+0.960
1584615780,+3.32, +2.143, +0.169,+0.960
1584615840,+3.32, +2.154, +0.170,+0.960
1584615900,+3.32, +2.143, +0.169,+0.960
1584615960,+3.32, +2.165, +0.169,+0.960
1584616020,+3.32, +2.143, +0.170,+0.960
1584616080,+3.32, +2.154, +0.170,+0.960
1584616140,+3.32, +2.122, +0.170,+0.960
1584616200,+3.32, +2.133, +0.169,+0.960
1584616260,+3.32, +2.143, +0.170,+0.960
1584616320,+3.32, +2.133, +0.169,+0.960
1584616380,+3.32, +2.133, +0.172,+0.960
1584616440,+3.32, +2.122, +0.171,+0.960
1584616500,+3.32, +2.143, +0.170,+0.960
1584616560,+3.32, +2.133, +0.171,+0.960
1584616620,+3.32, +2.143, +0.169,+0.960
1584616680,+3.32, +2.143, +0.170,+0.960
1584616740,+3.32, +2.122, +0.169,+0.960
1584616800,+3.32, +2.143, +0.169,+0.960
1584616860,+3.32, +2.111, +0.170,+0.960
1584616920,+3.32, +2.122, +0.170,+0.960
1584616980,+3.32, +2.089, +0.170,+0.960
1584617040,+3.32, +2.143, +0.171,+0.960
1584617100,+3.32, +2.143, +0.170,+0.960
1584617160,+3.32, +2.122, +0.169,+0.960
1584617220,+3.32, +2.122, +0.171,+0.960
1584617280,+3.32, +2.111, +0.171,+0.960
1584617340,+3.32, +2.122, +0.170,+0.960
1584617400,+3.32, +2.111, +0.171,+0.960
1584617460,+3.32, +2.133, +0.170,+0.960
1584617520,+3.32, +2.111, +0.170,+0.960
1584617580,+3.32, +2.133, +0.168,+0.960
1584617640,+3.32, +2.100, +0.172,+0.960
1584617700,+3.32, +2.122, +0.170,+0.960
1584617760,+3.32, +2.143, +0.170,+0.960
1584617820,+3.32, +2.154, +0.170,+0.960
1584617880,+3.32, +2.100, +0.167,+0.960
1584617940,+3.32, +2.154, +0.170,+0.960
1584618000,+3.32, +2.100, +0.170,+0.960
1584618060,+3.32, +2.143, +0.171,+0.960
1584618120,+3.32, +2.089, +0.172,+0.960
1584618180,+3.32, +2.100, +0.171,+0.960
1584618240,+3.32, +2.111, +0.170,+0.960
1584618300,+3.32, +2.111, +0.171,+0.960
1584618360,+3.32, +2.143, +0.169,+0.960
1584618420,+3.32, +2.143, +0.168,+0.960
1584618480,+3.32, +2.122, +0.169,+0.960
1584618540,+3.32, +2.100, +0.171,+0.960
1584618600,+3.32, +2.133, +0.172,+0.960
1584618660,+3.32, +2.089, +0.171,+0.960
1584618720,+3.32, +2.100, +0.171,+0.960
1584618780,+3.32, +2.122, +0.169,+0.960
1584618840,+3.32, +2.133, +0.169,+0.960
1584618900,+3.32, +2.165, +0.170,+0.960
1584618960,+3.32, +2.187, +0.168,+0.960
1584619020,+3.32, +2.111, +0.168,+0.960
1584619080,+3.32, +2.133, +0.170,+0.960
1584619140,+3.32, +2.111, +0.170,+0.960
1584619200,+3.32, +2.165, +0.169,+0.960
1584619260,+3.32, +2.143, +0.170,+0.960
1584619320,+3.32, +2.089, +0.172,+0.960
1584619380,+3.32, +2.133, +0.170,+0.960
1584619440,+3.32, +2.111, +0.171,+0.960
1584619500,+3.32, +2.122, +0.171,+0.960
1584619560,+3.32, +2.122, +0.169,+0.960
1584619620,+3.32, +2.133, +0.169,+0.960
1584619680,+3.32, +2.133, +0.169,+0.960
1584619740,+3.32, +2.122, +0.170,+0.960
1584619800,+3.32, +2.133, +0.170,+0.960
1584619860,+3.32, +2.154, +0.167,+0.960
1584619920,+3.32, +2.133, +0.171,+0.960
1584619980,+3.32, +2.089, +0.171,+0.960
1584620040,+3.32, +2.122, +0.169,+0.960
1584620100,+3.32, +2.111, +0.169,+0.960
1584620160,+3.32, +2.122, +0.170,+0.960
1584620220,+3.32, +2.133, +0.170,+0.960
1584620280,+3.32, +2.143, +0.169,+0.960
1584620340,+3.32, +2.133, +0.169,+0.960
1584620400,+3.32, +2.133, +0.170,+0.960
1584620460,+3.32, +2.133, +0.169,+0.960
1584620520,+3.32, +2.143, +0.171,+0.960
1584620580,+3.32, +2.111, +0.169,+0.960
1584620640,+3.32, +2.133, +0.170,+0.960
1584620700,+3.32, +2.143, +0.170,+0.960
1584620760,+3.32, +2.133, +0.170,+0.960
1584620820,+3.32, +2.143, +0.171,+0.960
1584620880,+3.32, +2.133, +0.169,+0.960
1584620940,+3.32, +2.133, +0.171,+0.960
1584621000,+3.32, +2.100, +0.171,+0.960
1584621060,+3.32, +2.122, +0.170,+0.960
1584621120,+3.32, +2.122, +0.170,+0.960
1584621180,+3.32, +2.143, +0.170,+0.960
1584621240,+3.32, +2.143, +0.167,+0.960
1584621300,+3.32, +2.143, +0.171,+0.960
1584621360,+3.32, +2.143, +0.170,+0.960
1584621420,+3.32, +2.122, +0.170,+0.960
1584621480,+3.32, +2.078, +0.172,+0.960
1584621540,+3.32, +2.133, +0.169,+0.960
1584621600,+3.32, +2.133, +0.168,+0.960
1584621660,+3.32, +2.143, +0.169,+0.960
1584621720,+3.32, +2.133, +0.170,+0.960
1584621780,+3.32, +2.122, +0.171,+0.960
1584621840,+3.32, +2.187, +0.169,+0.960
1584621900,+3.32, +2.122, +0.169,+0.960
1584621960,+3.32, +2.143, +0.169,+0.960
1584622020,+3.32, +2.143, +0.171,+0.960
1584622080,+3.32, +2.165, +0.169,+0.960
1584622140,+3.32, +2.133, +0.171,+0.960
1584622200,+3.32, +2.133, +0.171,+0.960
1584622260,+3.32, +2.111, +0.170,+0.960
1584622320,+3.32, +2.133, +0.171,+0.960
1584622380,+3.32, +2.143, +0.171,+0.960
1584622440,+3.32, +2.111, +0.171,+0.960
1584622500,+3.32, +2.122, +0.170,+0.960
1584622560,+3.32, +2.111, +0.170,+0.960
1584622620,+3.32, +2.133, +0.170,+0.960
1584622680,+3.32, +2.143, +0.168,+0.960
1584622740,+3.32, +2.122, +0.169,+0.960
1584622800,+3.32, +2.165, +0.168,+0.960
1584622860,+3.32, +2.133, +0.171,+0.960
1584622920,+3.32, +2.154, +0.167,+0.960
1584622980,+3.32, +2.143, +0.169,+0.960
1584623040,+3.32, +2.154, +0.170,+0.960
1584623100,+3.32, +2.154, +0.169,+0.960
1584623160,+3.32, +2.133, +0.170,+0.960
1584623220,+3.32, +2.143, +0.170,+0.960
1584623280,+3.32, +2.165, +0.169,+0.960
1584623340,+3.32, +2.133, +0.169,+0.960
1584623400,+3.32, +2.100, +0.170,+0.960
1584623460,+3.32, +2.111, +0.169,+0.960
1584623520,+3.32, +2.122, +0.170,+0.960
1584623580,+3.32, +2.143, +0.169,+0.960
1584623640,+3.32, +2.122, +0.171,+0.960
1584623700,+3.32, +2.133, +0.171,+0.960
1584623760,+3.32, +2.122, +0.169,+0.960
1584623820,+3.32, +2.122, +0.170,+0.960
1584623880,+3.32, +2.133, +0.168,+0.960
1584623940,+3.32, +2.143, +0.170,+0.960
1584624000,+3.32, +2.122, +0.171,+0.960
1584624060,+3.32, +2.133, +0.171,+0.960
1584624120,+3.32, +2.133, +0.168,+0.960
1584624180,+3.32, +2.111, +0.170,+0.960
1584624240,+3.32, +2.122, +0.170,+0.960
1584624300,+3.32, +2.100, +0.169,+0.960
1584624360,+3.32, +2.078, +0.171,+0.960
1584624420,+3.32, +2.165, +0.169,+0.960
1584624480,+3.32, +2.143, +0.169,+0.960
1584624540,+3.32, +2.143, +0.170,+0.960
1584624600,+3.32, +2.176, +0.169,+0.960
1584624660,+3.32, +2.143, +0.170,+0.960
1584624720,+3.32, +2.143, +0.170,+0.960
1584624780,+3.32, +2.089, +0.172,+0.960
1584624840,+3.32, +2.154, +0.171,+0.960
1584624900,+3.32, +2.143, +0.170,+0.960
1584624960,+3.32, +2.133, +0.171,+0.960
1584625020,+3.32, +2.133, +0.171,+0.960
1584625080,+3.32, +2.143, +0.169,+0.960
1584625140,+3.32, +2.122, +0.170,+0.960
1584625200,+3.32, +2.143, +0.169,+0.960
1584625260,+3.32, +2.122, +0.169,+0.960
1584625320,+3.32, +2.154, +0.168,+0.960
1584625380,+3.32, +2.111, +0.169,+0.959
1584625440,+3.32, +2.133, +0.169,+0.960
1584625500,+3.32, +2.133, +0.171,+0.960
1584625560,+3.32, +2.122, +0.169,+0.960
1584625620,+3.32, +2.078, +0.172,+0.960
1584625680,+3.32, +2.133, +0.171,+0.960
1584625740,+3.32, +2.122, +0.171,+0.960
1584625800,+3.32, +2.122, +0.170,+0.960
1584625860,+3.32, +2.122, +0.170,+0.960
1584625920,+3.32, +2.111, +0.170,+0.960
1584625980,+3.32, +2.122, +0.171,+0.960
1584626040,+3.32, +2.122, +0.170,+0.960
1584626100,+3.32, +2.143, +0.168,+0.960
1584626160,+3.32, +2.122, +0.169,+0.960
1584626220,+3.32, +2.122, +0.168,+0.960
1584626280,+3.32, +2.154, +0.168,+0.960
1584626340,+3.32, +2.165, +0.169,+0.960
1584626400,+3.32, +2.122, +0.171,+0.960
1584626460,+3.32, +2.122, +0.172,+0.960
1584626520,+3.32, +2.122, +0.169,+0.960
1584626580,+3.32, +2.143, +0.170,+0.960
1584626640,+3.32, +2.133, +0.171,+0.960
1584626700,+3.32, +2.122, +0.170,+0.960
1584626760,+3.32, +2.122, +0.169,+0.960
1584626820,+3.32, +2.133, +0.170,+0.960
1584626880,+3.32, +2.111, +0.170,+0.960
1584626940,+3.32, +2.133, +0.170,+0.960
1584627000,+3.32, +2.100, +0.172,+0.960
1584627060,+3.32, +2.100, +0.171,+0.960
1584627120,+3.32, +2.133, +0.172,+0.960
1584627180,+3.32, +2.154, +0.170,+0.960
1584627240,+3.32, +2.143, +0.170,+0.960
1584627300,+3.32, +2.111, +0.170,+0.960
1584627360,+3.32, +2.111, +0.170,+0.960
1584627420,+3.32, +2.133, +0.169,+0.960
1584627480,+3.32, +2.111, +0.171,+0.960
1584627540,+3.32, +2.143, +0.167,+0.960
1584627600,+3.32, +2.154, +0.170,+0.960
1584627660,+3.32, +2.111, +0.169,+0.960
1584627720,+3.32, +2.143, +0.169,+0.960
1584627780,+3.32, +2.154, +0.169,+0.960
1584627840,+3.32, +2.122, +0.169,+0.960
1584627900,+3.32, +2.143, +0.169,+0.960
1584627960,+3.32, +2.133, +0.171,+0.960
1584628020,+3.32, +2.122, +0.171,+0.960
1584628080,+3.32, +2.122, +0.170,+0.960
1584628140,+3.32, +2.111, +0.171,+0.960
1584628200,+3.32, +2.100, +0.171,+0.960
1584628260,+3.32, +2.089, +0.169,+0.960
1584628320,+3.32, +2.122, +0.170,+0.960
1584628380,+3.32, +2.122, +0.169,+0.960
1584628440,+3.32, +2.122, +0.169,+0.960
1584628500,+3.32, +2.133, +0.171,+0.960
1584628560,+3.32, +2.133, +0.172,+0.960
1584628620,+3.32, +2.122, +0.170,+0.960
1584628680,+3.32, +2.100, +0.171,+0.960
1584628740,+3.32, +2.143, +0.171,+0.960
1584628800,+3.32, +2.046, +0.172,+0.960
1584628860,+3.32, +2.100, +0.171,+0.960
1584628920,+3.32, +2.154, +0.170,+0.960
1584628980,+3.32, +2.111, +0.170,+0.960
1584629040,+3.32, +2.133, +0.169,+0.960
1584629100,+3.32, +2.122, +0.169,+0.960
1584629160,+3.32, +2.122, +0.171,+0.960
1584629220,+3.32, +2.122, +0.171,+0.960
1584629280,+3.32, +2.122, +0.169,+0.960
1584629340,+3.32, +2.133, +0.172,+0.960
1584629400,+3.32, +2.122, +0.170,+0.960
1584629460,+3.32, +2.089, +0.170,+0.960
1584629520,+3.32, +2.111, +0.169,+0.960
1584629580,+3.32, +2.133, +0.170,+0.960
1584629640,+3.32, +2.111, +0.170,+0.960
1584629700,+3.32, +2.111, +0.171,+0.960
1584629760,+3.32, +2.133, +0.170,+0.960
1584629820,+3.32, +2.154, +0.169,+0.960
1584629880,+3.32, +2.133, +0.169,+0.960
1584629940,+3.32, +2.111, +0.169,+0.960
1584630000,+3.32, +2.165, +0.170,+0.960
1584630060,+3.32, +2.143, +0.171,+0.960
1584630120,+3.32, +2.143, +0.170,+0.960
1584630180,+3.32, +2.143, +0.169,+0.960
1584630240,+3.32, +2.143, +0.171,+0.960
1584630300,+3.32, +2.122, +0.170,+0.960
1584630360,+3.32, +2.154, +0.170,+0.960
1584630420,+3.32, +2.143, +0.169,+0.960
1584630480,+3.32, +2.111, +0.169,+0.960
1584630540,+3.32, +2.133, +0.170,+0.960
1584630600,+3.32, +2.122, +0.168,+0.960
1584630660,+3.32, +2.133, +0.169,+0.960
1584630720,+3.32, +2.122, +0.170,+0.960
1584630780,+3.32, +2.133, +0.170,+0.960
1584630840,+3.32, +2.122, +0.170,+0.960
1584630900,+3.32, +2.143, +0.170,+0.960
1584630960,+3.32, +2.154, +0.170,+0.960
1584631020,+3.32, +2.122, +0.169,+0.960
1584631080,+3.32, +2.133, +0.169,+0.960
1584631140,+3.32, +2.122, +0.170,+0.960
1584631200,+3.32, +2.122, +0.169,+0.960
1584631260,+3.32, +2.133, +0.169,+0.960
1584631320,+3.32, +2.111, +0.170,+0.960
1584631380,+3.32, +2.100, +0.170,+0.960
1584631440,+3.32, +2.143, +0.170,+0.960
1584631500,+3.32, +2.133, +0.169,+0.960
1584631560,+3.32, +2.133, +0.170,+0.960
1584631620,+3.32, +2.154, +0.169,+0.960
1584631680,+3.32, +2.133, +0.171,+0.960
1584631740,+3.32, +2.154, +0.171,+0.960
1584631800,+3.32, +2.143, +0.169,+0.960
1584631860,+3.32, +2.143, +0.171,+0.960
1584631920,+3.32, +2.143, +0.171,+0.960
1584631980,+3.32, +2.133, +0.172,+0.960
1584632040,+3.32, +2.100, +0.171,+0.960
1584632100,+3.32, +2.122, +0.172,+0.960
1584632160,+3.32, +2.111, +0.170,+0.960
1584632220,+3.32, +2.133, +0.168,+0.960
1584632280,+3.32, +2.122, +0.172,+0.960
1584632340,+3.32, +2.100, +0.172,+0.960
1584632400,+3.32, +2.100, +0.171,+0.960
1584632460,+3.32, +2.133, +0.170,+0.960
1584632520,+3.32, +2.111, +0.170,+0.960
1584632580,+3.32, +2.133, +0.171,+0.960
1584632640,+3.32, +2.143, +0.170,+0.960
1584632700,+3.32, +2.122, +0.169,+0.960
1584632760,+3.32, +2.122, +0.170,+0.960
1584632820,+3.32, +2.133, +0.171,+0.960
1584632880,+3.32, +2.111, +0.170,+0.960
1584632940,+3.32, +2.133, +0.169,+0.960
1584633000,+3.32, +2.122, +0.170,+0.960
1584633060,+3.32, +2.133, +0.169,+0.960
1584633120,+3.32, +2.122, +0.171,+0.960
1584633180,+3.32, +2.165, +0.170,+0.960
1584633240,+3.32, +2.100, +0.170,+0.960
1584633300,+3.32, +2.122, +0.169,+0.960
1584633360,+3.32, +2.122, +0.168,+0.960
1584633420,+3.32, +2.143, +0.169,+0.960
1584633480,+3.32, +2.165, +0.169,+0.960
1584633540,+3.32, +2.111, +0.171,+0.960
1584633600,+3.32, +2.154, +0.168,+0.960
1584633660,+3.32, +2.122, +0.169,+0.960
1584633720,+3.32, +2.133, +0.170,+0.960
1584633780,+3.32, +2.143, +0.169,+0.960
1584633840,+3.32, +2.133, +0.168,+0.960
1584633900,+3.32, +2.133, +0.170,+0.960
1584633960,+3.32, +2.143, +0.169,+0.960
1584634020,+3.32, +2.133, +0.169,+0.960
1584634080,+3.32, +2.133, +0.170,+0.960
1584634140,+3.32, +2.122, +0.169,+0.960
1584634200,+3.32, +2.133, +0.172,+0.960
1584634260,+3.32, +2.133, +0.171,+0.960
1584634320,+3.32, +2.122, +0.170,+0.960
1584634380,+3.32, +2.122, +0.170,+0.960
1584634440,+3.32, +2.111, +0.170,+0.960
1584634500,+3.32, +2.111, +0.169,+0.960
1584634560,+3.32, +2.133, +0.170,+0.960
1584634620,+3.32, +2.089, +0.170,+0.960
1584634680,+3.32, +2.122, +0.170,+0.960
1584634740,+3.32, +2.133, +0.171,+0.960
1584634800,+3.32, +2.089, +0.171,+0.960
1584634860,+3.32, +2.122, +0.168,+0.960
1584634920,+3.32, +2.122, +0.171,+0.960
1584634980,+3.32, +2.111, +0.170,+0.960
1584635040,+3.32, +2.111, +0.172,+0.960
1584635100,+3.32, +2.133, +0.170,+0.960
1584635160,+3.32, +2.122, +0.170,+0.960
1584635220,+3.32, +2.165, +0.168,+0.960
1584635280,+3.32, +2.122, +0.170,+0.960
1584635340,+3.32, +2.111, +0.171,+0.960
1584635400,+3.32, +2.133, +0.169,+0.960
1584635460,+3.32, +2.133, +0.168,+0.960
1584635520,+3.32, +2.089, +0.172,+0.960
1584635580,+3.32, +2.143, +0.170,+0.960
1584635640,+3.32, +2.111, +0.169,+0.960
1584635700,+3.32, +2.100, +0.170,+0.960
1584635760,+3.32, +2.133, +0.168,+0.960
1584635820,+3.32, +2.122, +0.169,+0.960
1584635880,+3.32, +2.122, +0.170,+0.960
1584635940,+3.32, +2.133, +0.169,+0.960
1584636000,+3.32, +2.111, +0.169,+0.960
1584636060,+3.32, +2.122, +0.170,+0.960
1584636120,+3.32, +2.133, +0.170,+0.960
1584636180,+3.32, +2.133, +0.170,+0.960
1584636240,+3.32, +2.111, +0.170,+0.960
1584636300,+3.32, +2.111, +0.172,+0.960
1584636360,+3.32, +2.111, +0.170,+0.960
1584636420,+3.32, +2.133, +0.170,+0.960
1584636480,+3.32, +2.111, +0.169,+0.960
1584636540,+3.32, +2.154, +0.170,+0.960
1584636600,+3.32, +2.133, +0.170,+0.960
1584636660,+3.32, +2.133, +0.171,+0.960
1584636720,+3.32, +2.133, +0.172,+0.960
1584636780,+3.32, +2.133, +0.169,+0.960
1584636840,+3.32, +2.143, +0.170,+0.960
1584636900,+3.32, +2.133, +0.169,+0.960
1584636960,+3.32, +2.143, +0.169,+0.960
1584637020,+3.32, +2.111, +0.172,+0.960
1584637080,+3.32, +2.133, +0.170,+0.960
1584637140,+3.32, +2.133, +0.168,+0.960
1584637200,+3.32, +2.133, +0.171,+0.960
1584637260,+3.32, +2.133, +0.170,+0.960
1584637320,+3.32, +2.133, +0.170,+0.960
1584637380,+3.32, +2.143, +0.169,+0.960
1584637440,+3.32, +2.111, +0.172,+0.960
1584637500,+3.32, +2.122, +0.169,+0.960
1584637560,+3.32, +2.100, +0.170,+0.960
1584637620,+3.32, +2.111, +0.170,+0.960
1584637680,+3.32, +2.133, +0.169,+0.960
1584637740,+3.32, +2.122, +0.171,+0.960
1584637800,+3.32, +2.122, +0.170,+0.960
1584637860,+3.32, +2.154, +0.169,+0.960
1584637920,+3.32, +2.122, +0.170,+0.960
1584637980,+3.32, +2.143, +0.170,+0.960
1584638040,+3.32, +2.122, +0.168,+0.960
1584638100,+3.32, +2.122, +0.169,+0.960
1584638160,+3.32, +2.111, +0.168,+0.960
1584638220,+3.32, +2.100, +0.171,+0.960
1584638280,+3.32, +2.133, +0.170,+0.960
1584638340,+3.32, +2.122, +0.170,+0.960
1584638400,+3.32, +2.154, +0.169,+0.960
1584638460,+3.32, +2.111, +0.171,+0.960
1584638520,+3.32, +2.133, +0.171,+0.960
1584638580,+3.32, +2.111, +0.170,+0.960
1584638640,+3.32, +2.122, +0.169,+0.960
1584638700,+3.32, +2.143, +0.170,+0.960
1584638760,+3.32, +2.133, +0.170,+0.960
1584638820,+3.32, +2.111, +0.171,+0.960
1584638880,+3.32, +2.111, +0.171,+0.960
1584638940,+3.32, +2.111, +0.169,+0.960
1584639000,+3.32, +2.133, +0.171,+0.960
1584639060,+3.32, +2.111, +0.172,+0.960
1584639120,+3.32, +2.111, +0.169,+0.960
1584639180,+3.32, +2.133, +0.170,+0.960
1584639240,+3.32, +2.122, +0.171,+0.960
1584639300,+3.32, +2.133, +0.171,+0.960
1584639360,+3.32, +2.143, +0.169,+0.960
1584639420,+3.32, +2.143, +0.169,+0.960
1584639480,+3.32, +2.111, +0.171,+0.960
1584639540,+3.32, +2.111, +0.171,+0.960
1584639600,+3.32, +2.122, +0.170,+0.960
1584639660,+3.32, +2.122, +0.169,+0.960
1584639720,+3.32, +2.122, +0.169,+0.960
1584639780,+3.32, +2.122, +0.170,+0.960
1584639840,+3.32, +2.122, +0.170,+0.960
1584639900,+3.32, +2.143, +0.168,+0.960
1584639960,+3.32, +2.133, +0.170,+0.960
1584640020,+3.32, +2.100, +0.168,+0.960
1584640080,+3.32, +2.122, +0.170,+0.960
1584640140,+3.32, +2.111, +0.170,+0.960
1584640200,+3.32, +2.100, +0.171,+0.960
1584640260,+3.32, +2.133, +0.171,+0.960
1584640320,+3.32, +2.100, +0.170,+0.960
1584640380,+3.32, +2.100, +0.170,+0.960
1584640440,+3.32, +2.111, +0.171,+0.960
1584640500,+3.32, +2.154, +0.171,+0.960
1584640560,+3.32, +2.122, +0.171,+0.960
1584640620,+3.32, +2.122, +0.170,+0.960
1584640680,+3.32, +2.111, +0.171,+0.960
1584640740,+3.32, +2.154, +0.169,+0.960
1584640800,+3.32, +2.133, +0.169,+0.960
1584640860,+3.32, +2.133, +0.170,+0.960
1584640920,+3.32, +2.111, +0.170,+0.960
1584640980,+3.32, +2.111, +0.169,+0.960
1584641040,+3.32, +2.111, +0.171,+0.960
1584641100,+3.32, +2.100, +0.171,+0.960
1584641160,+3.32, +2.100, +0.172,+0.960
1584641220,+3.32, +2.133, +0.168,+0.960
1584641280,+3.32, +2.122, +0.169,+0.960
1584641340,+3.32, +2.122, +0.170,+0.960
1584641400,+3.32, +2.111, +0.170,+0.960
1584641460,+3.32, +2.100, +0.171,+0.960
1584641520,+3.32, +2.122, +0.169,+0.960
1584641580,+3.32, +2.122, +0.171,+0.960
1584641640,+3.32, +2.111, +0.170,+0.960
1584641700,+3.32, +2.143, +0.171,+0.960
1584641760,+3.32, +2.111, +0.171,+0.960
1584641820,+3.32, +2.143, +0.168,+0.960
1584641880,+3.32, +2.111, +0.168,+0.960
1584641940,+3.32, +2.133, +0.169,+0.960
1584642000,+3.32, +2.133, +0.170,+0.960
1584642060,+3.32, +2.122, +0.170,+0.960
1584642120,+3.32, +2.133, +0.170,+0.960
1584642180,+3.32, +2.122, +0.171,+0.960
1584642240,+3.32, +2.089, +0.171,+0.960
1584642300,+3.32, +2.122, +0.171,+0.960
1584642360,+3.32, +2.111, +0.169,+0.960
1584642420,+3.32, +2.111, +0.170,+0.960
1584642480,+3.32, +2.100, +0.171,+0.960
1584642540,+3.32, +2.089, +0.170,+0.960
1584642600,+3.32, +2.122, +0.171,+0.960
1584642660,+3.32, +2.111, +0.170,+0.960
1584642720,+3.32, +2.111, +0.170,+0.960
1584642780,+3.32, +2.133, +0.171,+0.960
1584642840,+3.32, +2.143, +0.171,+0.960
1584642900,+3.32, +2.154, +0.169,+0.960
1584642960,+3.32, +2.111, +0.171,+0.960
1584643020,+3.32, +2.111, +0.171,+0.960
1584643080,+3.32, +2.111, +0.170,+0.960
1584643140,+3.32, +2.111, +0.171,+0.960
1584643200,+3.32, +2.122, +0.170,+0.960
1584643260,+3.32, +2.122, +0.170,+0.960
1584643320,+3.32, +2.122, +0.170,+0.960
1584643380,+3.32, +2.111, +0.169,+0.960
1584643440,+3.32, +2.133, +0.169,+0.960
1584643500,+3.32, +2.122, +0.169,+0.960
1584643560,+3.32, +2.122, +0.171,+0.960
1584643620,+3.32, +2.100, +0.171,+0.960
1584643680,+3.32, +2.100, +0.171,+0.960
1584643740,+3.32, +2.133, +0.170,+0.960
1584643800,+3.32, +2.133, +0.169,+0.960
1584643860,+3.32, +2.133, +0.171,+0.960
1584643920,+3.32, +2.143, +0.168,+0.960
1584643980,+3.32, +2.111, +0.170,+0.960
1584644040,+3.32, +2.176, +0.170,+0.960
1584644100,+3.32, +2.122, +0.171,+0.960
1584644160,+3.32, +2.111, +0.170,+0.960
1584644220,+3.32, +2.122, +0.169,+0.960
1584644280,+3.32, +2.111, +0.171,+0.960
1584644340,+3.32, +2.133, +0.170,+0.960
1584644400,+3.32, +2.122, +0.169,+0.960
1584644460,+3.32, +2.100, +0.170,+0.960
1584644520,+3.32, +2.133, +0.168,+0.960
1584644580,+3.32, +2.133, +0.170,+0.960
1584644640,+3.32, +2.100, +0.169,+0.960
1584644700,+3.32, +2.111, +0.170,+0.960
1584644760,+3.32, +2.111, +0.169,+0.960
1584644820,+3.32, +2.089, +0.171,+0.960
1584644880,+3.32, +2.122, +0.170,+0.960
1584644940,+3.32, +2.111, +0.170,+0.960
1584645000,+3.32, +2.133, +0.170,+0.960
1584645060,+3.32, +2.133, +0.171,+0.960
1584645120,+3.32, +2.111, +0.171,+0.960
1584645180,+3.32, +2.111, +0.171,+0.960
1584645240,+3.32, +2.100, +0.170,+0.960
1584645300,+3.32, +2.122, +0.170,+0.960
1584645360,+3.32, +2.111, +0.171,+0.960
1584645420,+3.32, +2.111, +0.170,+0.960
1584645480,+3.32, +2.133, +0.169,+0.960
1584645540,+3.32, +2.111, +0.171,+0.960
1584645600,+3.32, +2.111, +0.170,+0.960
1584645660,+3.32, +2.111, +0.171,+0.960
1584645720,+3.32, +2.122, +0.170,+0.960
1584645780,+3.32, +2.122, +0.170,+0.960
1584645840,+3.32, +2.143, +0.169,+0.960
1584645900,+3.32, +2.100, +0.172,+0.960
1584645960,+3.32, +2.143, +0.170,+0.960
1584646020,+3.32, +2.111, +0.171,+0.960
1584646080,+3.32, +2.100, +0.171,+0.960
1584646140,+3.32, +2.143, +0.169,+0.960
1584646200,+3.32, +2.122, +0.169,+0.960
1584646260,+3.32, +2.111, +0.170,+0.960
1584646320,+3.32, +2.111, +0.169,+0.960
1584646380,+3.32, +2.143, +0.170,+0.960
1584646440,+3.32, +2.122, +0.170,+0.960
1584646500,+3.32, +2.067, +0.169,+0.960
1584646560,+3.32, +2.111, +0.171,+0.960
1584646620,+3.32, +2.133, +0.170,+0.960
1584646680,+3.32, +2.133, +0.172,+0.960
1584646740,+3.32, +2.165, +0.168,+0.960
1584646800,+3.32, +2.122, +0.170,+0.960
1584646860,+3.32, +2.122, +0.170,+0.960
1584646920,+3.32, +2.089, +0.170,+0.960
1584646980,+3.32, +2.133, +0.170,+0.960
1584647040,+3.32, +2.111, +0.170,+0.960
1584647100,+3.32, +2.089, +0.170,+0.960
1584647160,+3.32, +2.122, +0.168,+0.960
1584647220,+3.32, +2.111, +0.170,+0.960
1584647280,+3.32, +2.133, +0.170,+0.960
1584647340,+3.32, +2.089, +0.170,+0.960
1584647400,+3.32, +2.111, +0.170,+0.960
1584647460,+3.32, +2.122, +0.170,+0.960
1584647520,+3.32, +2.100, +0.170,+0.960
1584647580,+3.32, +2.111, +0.169,+0.960
1584647640,+3.32, +2.089, +0.171,+0.960
1584647700,+3.32, +2.111, +0.170,+0.960
1584647760,+3.32, +2.111, +0.170,+0.960
1584647820,+3.32, +2.122, +0.170,+0.960
1584647880,+3.32, +2.122, +0.169,+0.960
1584647940,+3.32, +2.111, +0.169,+0.960
1584648000,+3.32, +2.133, +0.169,+0.960
1584648060,+3.32, +2.133, +0.168,+0.960
1584648120,+3.32, +2.111, +0.170,+0.960
1584648180,+3.32, +2.122, +0.170,+0.960
1584648240,+3.32, +2.111, +0.171,+0.960
1584648300,+3.32, +2.133, +0.170,+0.960
1584648360,+3.32, +2.089, +0.169,+0.960
1584648420,+3.32, +2.133, +0.168,+0.960
1584648480,+3.32, +2.133, +0.170,+0.960
1584648540,+3.32, +2.143, +0.168,+0.960
1584648600,+3.32, +2.100, +0.170,+0.960
1584648660,+3.32, +2.089, +0.171,+0.960
1584648720,+3.32, +2.111, +0.171,+0.960
1584648780,+3.32, +2.111, +0.169,+0.960
1584648840,+3.32, +2.122, +0.170,+0.960
1584648900,+3.32, +2.100, +0.170,+0.960
1584648960,+3.32, +2.089, +0.170,+0.960
1584649020,+3.32, +2.111, +0.170,+0.960
1584649080,+3.32, +2.100, +0.172,+0.960
1584649140,+3.32, +2.111, +0.169,+0.960
1584649200,+3.32, +2.133, +0.169,+0.960
1584649260,+3.32, +2.122, +0.170,+0.960
1584649320,+3.32, +2.100, +0.170,+0.960
1584649380,+3.32, +2.100, +0.169,+0.960
1584649440,+3.32, +2.111, +0.170,+0.960
1584649500,+3.32, +2.133, +0.169,+0.960
1584649560,+3.32, +2.111, +0.171,+0.960
1584649620,+3.32, +2.100, +0.169,+0.960
1584649680,+3.32, +2.100, +0.170,+0.960
1584649740,+3.32, +2.100, +0.171,+0.960
1584649800,+3.32, +2.122, +0.169,+0.960
1584649860,+3.32, +2.100, +0.171,+0.960
1584649920,+3.32, +2.176, +0.169,+0.960
1584649980,+3.32, +2.133, +0.170,+0.960
1584650040,+3.32, +2.100, +0.170,+0.960
1584650100,+3.32, +2.111, +0.169,+0.960
1584650160,+3.32, +2.111, +0.171,+0.960
1584650220,+3.32, +2.100, +0.170,+0.960
1584650280,+3.32, +2.100, +0.171,+0.960
1584650340,+3.32, +2.111, +0.169,+0.960
1584650400,+3.32, +2.078, +0.169,+0.959
1584650460,+3.32, +2.122, +0.170,+0.960
1584650520,+3.32, +2.111, +0.169,+0.960
1584650580,+3.32, +2.078, +0.171,+0.960
1584650640,+3.32, +2.122, +0.169,+0.960
1584650700,+3.32, +2.111, +0.170,+0.960
1584650760,+3.32, +2.111, +0.172,+0.960
1584650820,+3.32, +2.143, +0.169,+0.960
1584650880,+3.32, +2.111, +0.169,+0.960
1584650940,+3.32, +2.111, +0.170,+0.960
1584651000,+3.32, +2.100, +0.171,+0.960
