7392-570653
OS REV: 1.11 Sensor Cal: 1428445788
Time (sec),  BV (Volts),  T (deg C),  DO (mg/l),  Q ()
1581454260,+3.33, +2.500, +0.167,+0.960
1581454320,+3.33, +2.468, +0.168,+0.960
1581454380,+3.33, +2.500, +0.168,+0.960
1581454440,+3.33, +2.511, +0.168,+0.960
1581454500,+3.33, +2.511, +0.167,+0.960
1581454560,+3.33, +2.511, +0.166,+0.960
1581454620,+3.33, +2.479, +0.165,+0.960
1581454680,+3.33, +2.511, +0.168,+0.960
1581454740,+3.33, +2.511, +0.166,+0.960
1581454800,+3.33, +2.511, +0.167,+0.960
1581454860,+3.33, +2.522, +0.167,+0.960
1581454920,+3.33, +2.554, +0.166,+0.960
1581454980,+3.33, +2.543, +0.167,+0.960
1581455040,+3.33, +2.543, +0.167,+0.960
1581455100,+3.33, +2.522, +0.166,+0.960
1581455160,+3.33, +2.533, +0.168,+0.960
1581455220,+3.33, +2.511, +0.165,+0.960
1581455280,+3.33, +2.533, +0.167,+0.960
1581455340,+3.33, +2.500, +0.167,+0.960
1581455400,+3.33, +2.522, +0.166,+0.960
1581455460,+3.33, +2.490, +0.167,+0.960
1581455520,+3.33, +2.511, +0.168,+0.960
1581455580,+3.33, +2.522, +0.167,+0.960
1581455640,+3.33, +2.511, +0.166,+0.960
1581455700,+3.33, +2.533, +0.166,+0.960
1581455760,+3.33, +2.511, +0.166,+0.960
1581455820,+3.33, +2.500, +0.168,+0.960
1581455880,+3.33, +2.500, +0.168,+0.960
1581455940,+3.33, +2.490, +0.167,+0.960
1581456000,+3.33, +2.511, +0.166,+0.960
1581456060,+3.33, +2.511, +0.166,+0.960
1581456120,+3.33, +2.522, +0.166,+0.960
1581456180,+3.33, +2.479, +0.166,+0.960
1581456240,+3.33, +2.511, +0.167,+0.960
1581456300,+3.33, +2.500, +0.165,+0.960
1581456360,+3.33, +2.500, +0.166,+0.960
1581456420,+3.33, +2.500, +0.167,+0.960
1581456480,+3.33, +2.511, +0.166,+0.960
1581456540,+3.33, +2.500, +0.168,+0.960
1581456600,+3.33, +2.522, +0.166,+0.960
1581456660,+3.33, +2.511, +0.167,+0.960
1581456720,+3.33, +2.511, +0.165,+0.960
1581456780,+3.33, +2.511, +0.166,+0.960
1581456840,+3.33, +2.425, +0.168,+0.960
1581456900,+3.33, +2.511, +0.167,+0.960
1581456960,+3.33, +2.522, +0.166,+0.960
1581457020,+3.33, +2.479, +0.166,+0.960
1581457080,+3.33, +2.490, +0.167,+0.960
1581457140,+3.33, +2.511, +0.167,+0.960
1581457200,+3.33, +2.543, +0.167,+0.960
1581457260,+3.33, +2.500, +0.168,+0.960
1581457320,+3.33, +2.500, +0.167,+0.960
1581457380,+3.33, +2.522, +0.165,+0.960
1581457440,+3.33, +2.500, +0.167,+0.960
1581457500,+3.33, +2.500, +0.167,+0.960
1581457560,+3.33, +2.522, +0.166,+0.960
1581457620,+3.33, +2.500, +0.168,+0.960
1581457680,+3.33, +2.500, +0.167,+0.960
1581457740,+3.33, +2.511, +0.164,+0.960
1581457800,+3.33, +2.500, +0.167,+0.960
1581457860,+3.33, +2.490, +0.167,+0.960
1581457920,+3.33, +2.511, +0.165,+0.960
1581457980,+3.33, +2.522, +0.166,+0.960
1581458040,+3.33, +2.533, +0.166,+0.960
1581458100,+3.33, +2.490, +0.166,+0.960
1581458160,+3.33, +2.511, +0.166,+0.960
1581458220,+3.33, +2.500, +0.166,+0.960
1581458280,+3.33, +2.511, +0.167,+0.960
1581458340,+3.33, +2.511, +0.166,+0.960
1581458400,+3.33, +2.522, +0.167,+0.960
1581458460,+3.33, +2.500, +0.167,+0.960
1581458520,+3.33, +2.500, +0.168,+0.960
1581458580,+3.33, +2.500, +0.167,+0.960
1581458640,+3.33, +2.522, +0.166,+0.960
1581458700,+3.33, +2.511, +0.168,+0.960
1581458760,+3.33, +2.490, +0.168,+0.960
1581458820,+3.33, +2.511, +0.166,+0.960
1581458880,+3.33, +2.511, +0.165,+0.960
1581458940,+3.33, +2.479, +0.168,+0.960
1581459000,+3.33, +2.511, +0.168,+0.960
1581459060,+3.33, +2.522, +0.167,+0.960
1581459120,+3.33, +2.543, +0.165,+0.960
1581459180,+3.33, +2.500, +0.167,+0.960
1581459240,+3.33, +2.522, +0.166,+0.960
1581459300,+3.33, +2.522, +0.166,+0.960
1581459360,+3.33, +2.479, +0.166,+0.960
1581459420,+3.33, +2.490, +0.169,+0.960
1581459480,+3.33, +2.490, +0.168,+0.960
1581459540,+3.33, +2.500, +0.167,+0.960
1581459600,+3.33, +2.511, +0.167,+0.960
1581459660,+3.33, +2.511, +0.167,+0.960
1581459720,+3.33, +2.522, +0.166,+0.960
1581459780,+3.33, +2.500, +0.167,+0.960
1581459840,+3.33, +2.543, +0.165,+0.960
1581459900,+3.33, +2.500, +0.169,+0.960
1581459960,+3.33, +2.522, +0.167,+0.960
1581460020,+3.33, +2.468, +0.167,+0.960
1581460080,+3.33, +2.511, +0.166,+0.960
1581460140,+3.33, +2.511, +0.167,+0.960
1581460200,+3.33, +2.511, +0.166,+0.960
1581460260,+3.33, +2.533, +0.167,+0.960
1581460320,+3.33, +2.500, +0.167,+0.960
1581460380,+3.33, +2.522, +0.165,+0.960
1581460440,+3.33, +2.511, +0.166,+0.960
1581460500,+3.33, +2.533, +0.166,+0.960
1581460560,+3.33, +2.511, +0.167,+0.960
1581460620,+3.33, +2.522, +0.168,+0.960
1581460680,+3.33, +2.533, +0.166,+0.960
1581460740,+3.33, +2.511, +0.167,+0.960
1581460800,+3.33, +2.500, +0.165,+0.960
1581460860,+3.33, +2.479, +0.163,+0.960
1581460920,+3.33, +2.500, +0.166,+0.960
1581460980,+3.33, +2.500, +0.169,+0.960
1581461040,+3.33, +2.511, +0.166,+0.960
1581461100,+3.34, +2.511, +0.167,+0.960
1581461160,+3.33, +2.522, +0.167,+0.960
1581461220,+3.33, +2.511, +0.167,+0.960
1581461280,+3.33, +2.511, +0.168,+0.960
1581461340,+3.33, +2.511, +0.166,+0.960
1581461400,+3.33, +2.511, +0.166,+0.960
1581461460,+3.33, +2.522, +0.166,+0.960
1581461520,+3.33, +2.511, +0.166,+0.960
1581461580,+3.33, +2.533, +0.167,+0.960
1581461640,+3.33, +2.533, +0.167,+0.960
1581461700,+3.33, +2.500, +0.167,+0.960
1581461760,+3.33, +2.511, +0.167,+0.960
1581461820,+3.33, +2.500, +0.167,+0.960
1581461880,+3.33, +2.522, +0.168,+0.960
1581461940,+3.33, +2.500, +0.166,+0.960
1581462000,+3.33, +2.522, +0.166,+0.960
1581462060,+3.33, +2.511, +0.166,+0.960
1581462120,+3.33, +2.479, +0.166,+0.960
1581462180,+3.33, +2.500, +0.168,+0.960
1581462240,+3.33, +2.457, +0.168,+0.960
1581462300,+3.33, +2.500, +0.166,+0.960
1581462360,+3.34, +2.522, +0.166,+0.960
1581462420,+3.33, +2.500, +0.168,+0.960
1581462480,+3.33, +2.511, +0.167,+0.960
1581462540,+3.33, +2.533, +0.167,+0.960
1581462600,+3.33, +2.490, +0.166,+0.960
1581462660,+3.33, +2.500, +0.167,+0.960
1581462720,+3.33, +2.500, +0.164,+0.960
1581462780,+3.33, +2.500, +0.165,+0.960
1581462840,+3.33, +2.511, +0.168,+0.960
1581462900,+3.33, +2.511, +0.166,+0.960
1581462960,+3.33, +2.511, +0.167,+0.960
1581463020,+3.33, +2.522, +0.168,+0.960
1581463080,+3.33, +2.500, +0.167,+0.960
1581463140,+3.33, +2.490, +0.167,+0.960
1581463200,+3.33, +2.522, +0.166,+0.960
1581463260,+3.33, +2.500, +0.167,+0.960
1581463320,+3.33, +2.533, +0.166,+0.960
1581463380,+3.34, +2.500, +0.166,+0.960
1581463440,+3.33, +2.543, +0.167,+0.960
1581463500,+3.33, +2.533, +0.167,+0.960
1581463560,+3.33, +2.500, +0.166,+0.960
1581463620,+3.33, +2.533, +0.166,+0.960
1581463680,+3.33, +2.490, +0.166,+0.960
1581463740,+3.33, +2.511, +0.167,+0.960
1581463800,+3.33, +2.479, +0.167,+0.960
1581463860,+3.33, +2.500, +0.166,+0.960
1581463920,+3.33, +2.522, +0.166,+0.960
1581463980,+3.33, +2.500, +0.167,+0.960
1581464040,+3.33, +2.511, +0.166,+0.960
1581464100,+3.33, +2.522, +0.166,+0.960
1581464160,+3.33, +2.533, +0.167,+0.960
1581464220,+3.33, +2.457, +0.167,+0.960
1581464280,+3.33, +2.500, +0.167,+0.960
1581464340,+3.33, +2.511, +0.167,+0.960
1581464400,+3.33, +2.479, +0.166,+0.960
1581464460,+3.33, +2.522, +0.168,+0.960
1581464520,+3.33, +2.533, +0.165,+0.960
1581464580,+3.33, +2.522, +0.167,+0.960
1581464640,+3.33, +2.511, +0.168,+0.960
1581464700,+3.33, +2.522, +0.167,+0.960
1581464760,+3.33, +2.522, +0.166,+0.960
1581464820,+3.33, +2.500, +0.167,+0.960
1581464880,+3.33, +2.533, +0.168,+0.960
1581464940,+3.33, +2.500, +0.166,+0.960
1581465000,+3.33, +2.511, +0.168,+0.960
1581465060,+3.33, +2.543, +0.165,+0.960
1581465120,+3.33, +2.511, +0.168,+0.960
1581465180,+3.33, +2.500, +0.166,+0.960
1581465240,+3.33, +2.490, +0.168,+0.960
1581465300,+3.33, +2.522, +0.165,+0.960
1581465360,+3.34, +2.500, +0.165,+0.960
1581465420,+3.33, +2.500, +0.167,+0.960
1581465480,+3.33, +2.500, +0.165,+0.960
1581465540,+3.33, +2.522, +0.168,+0.960
1581465600,+3.33, +2.511, +0.167,+0.960
1581465660,+3.34, +2.490, +0.168,+0.960
1581465720,+3.33, +2.511, +0.167,+0.960
1581465780,+3.33, +2.511, +0.168,+0.960
1581465840,+3.33, +2.479, +0.168,+0.960
1581465900,+3.33, +2.522, +0.167,+0.960
1581465960,+3.33, +2.511, +0.166,+0.960
1581466020,+3.33, +2.522, +0.166,+0.960
1581466080,+3.33, +2.479, +0.168,+0.960
1581466140,+3.33, +2.511, +0.167,+0.960
1581466200,+3.33, +2.522, +0.166,+0.960
1581466260,+3.33, +2.511, +0.167,+0.960
1581466320,+3.33, +2.511, +0.167,+0.960
1581466380,+3.33, +2.500, +0.167,+0.960
1581466440,+3.33, +2.522, +0.167,+0.960
1581466500,+3.33, +2.522, +0.165,+0.960
1581466560,+3.33, +2.533, +0.166,+0.960
1581466620,+3.33, +2.522, +0.168,+0.960
1581466680,+3.33, +2.500, +0.167,+0.960
1581466740,+3.33, +2.511, +0.166,+0.960
1581466800,+3.33, +2.500, +0.166,+0.960
1581466860,+3.33, +2.500, +0.167,+0.960
1581466920,+3.33, +2.511, +0.166,+0.960
1581466980,+3.33, +2.511, +0.167,+0.960
1581467040,+3.33, +2.490, +0.166,+0.960
1581467100,+3.33, +2.479, +0.167,+0.960
1581467160,+3.33, +2.522, +0.166,+0.960
1581467220,+3.33, +2.511, +0.167,+0.960
1581467280,+3.33, +2.500, +0.168,+0.960
1581467340,+3.33, +2.511, +0.165,+0.960
1581467400,+3.33, +2.511, +0.166,+0.960
1581467460,+3.33, +2.522, +0.166,+0.960
1581467520,+3.33, +2.511, +0.167,+0.960
1581467580,+3.33, +2.522, +0.168,+0.960
1581467640,+3.33, +2.511, +0.166,+0.960
1581467700,+3.33, +2.511, +0.166,+0.960
1581467760,+3.33, +2.522, +0.166,+0.960
1581467820,+3.33, +2.511, +0.167,+0.960
1581467880,+3.33, +2.490, +0.168,+0.960
1581467940,+3.33, +2.500, +0.167,+0.960
1581468000,+3.33, +2.522, +0.166,+0.960
1581468060,+3.33, +2.500, +0.167,+0.960
1581468120,+3.33, +2.522, +0.166,+0.960
1581468180,+3.33, +2.500, +0.167,+0.960
1581468240,+3.33, +2.511, +0.166,+0.960
1581468300,+3.33, +2.511, +0.166,+0.960
1581468360,+3.33, +2.533, +0.165,+0.960
1581468420,+3.33, +2.533, +0.165,+0.960
1581468480,+3.33, +2.490, +0.168,+0.960
1581468540,+3.33, +2.490, +0.168,+0.960
1581468600,+3.33, +2.500, +0.167,+0.960
1581468660,+3.33, +2.533, +0.167,+0.960
1581468720,+3.33, +2.511, +0.167,+0.960
1581468780,+3.33, +2.500, +0.167,+0.960
1581468840,+3.33, +2.500, +0.167,+0.960
1581468900,+3.33, +2.522, +0.165,+0.960
1581468960,+3.33, +2.522, +0.166,+0.960
1581469020,+3.33, +2.511, +0.166,+0.960
1581469080,+3.33, +2.490, +0.165,+0.960
1581469140,+3.33, +2.543, +0.165,+0.960
1581469200,+3.33, +2.500, +0.168,+0.960
1581469260,+3.33, +2.511, +0.166,+0.960
1581469320,+3.33, +2.500, +0.167,+0.960
1581469380,+3.33, +2.511, +0.166,+0.960
1581469440,+3.33, +2.522, +0.166,+0.960
1581469500,+3.33, +2.522, +0.166,+0.960
1581469560,+3.33, +2.511, +0.168,+0.960
1581469620,+3.33, +2.490, +0.168,+0.960
1581469680,+3.33, +2.511, +0.165,+0.960
1581469740,+3.33, +2.490, +0.168,+0.960
1581469800,+3.33, +2.522, +0.166,+0.960
1581469860,+3.33, +2.511, +0.167,+0.960
1581469920,+3.33, +2.511, +0.168,+0.960
1581469980,+3.33, +2.522, +0.169,+0.960
1581470040,+3.33, +2.511, +0.168,+0.960
1581470100,+3.33, +2.511, +0.167,+0.960
1581470160,+3.33, +2.500, +0.166,+0.960
1581470220,+3.33, +2.500, +0.168,+0.960
1581470280,+3.33, +2.533, +0.166,+0.960
1581470340,+3.33, +2.522, +0.167,+0.960
1581470400,+3.33, +2.511, +0.165,+0.960
1581470460,+3.33, +2.490, +0.166,+0.960
1581470520,+3.33, +2.533, +0.166,+0.960
1581470580,+3.33, +2.511, +0.166,+0.960
1581470640,+3.33, +2.511, +0.166,+0.960
1581470700,+3.33, +2.511, +0.168,+0.960
1581470760,+3.33, +2.479, +0.168,+0.960
1581470820,+3.33, +2.533, +0.167,+0.960
1581470880,+3.33, +2.500, +0.167,+0.960
1581470940,+3.33, +2.522, +0.165,+0.960
1581471000,+3.33, +2.511, +0.167,+0.960
1581471060,+3.33, +2.533, +0.166,+0.960
1581471120,+3.33, +2.511, +0.166,+0.960
1581471180,+3.33, +2.511, +0.166,+0.960
1581471240,+3.33, +2.511, +0.167,+0.960
1581471300,+3.33, +2.522, +0.167,+0.960
1581471360,+3.33, +2.511, +0.166,+0.960
1581471420,+3.33, +2.511, +0.166,+0.960
1581471480,+3.33, +2.500, +0.167,+0.960
1581471540,+3.33, +2.490, +0.168,+0.960
1581471600,+3.33, +2.490, +0.166,+0.960
1581471660,+3.33, +2.533, +0.166,+0.960
1581471720,+3.33, +2.522, +0.167,+0.960
1581471780,+3.33, +2.511, +0.166,+0.960
1581471840,+3.33, +2.500, +0.166,+0.960
1581471900,+3.33, +2.500, +0.168,+0.960
1581471960,+3.33, +2.522, +0.167,+0.960
1581472020,+3.33, +2.490, +0.167,+0.960
1581472080,+3.33, +2.446, +0.166,+0.960
1581472140,+3.33, +2.500, +0.166,+0.960
1581472200,+3.33, +2.511, +0.167,+0.960
1581472260,+3.33, +2.511, +0.165,+0.960
1581472320,+3.33, +2.500, +0.167,+0.960
1581472380,+3.33, +2.500, +0.166,+0.960
1581472440,+3.33, +2.457, +0.168,+0.960
1581472500,+3.33, +2.511, +0.168,+0.960
1581472560,+3.33, +2.533, +0.169,+0.960
1581472620,+3.33, +2.511, +0.168,+0.960
1581472680,+3.33, +2.533, +0.167,+0.960
1581472740,+3.33, +2.511, +0.166,+0.960
1581472800,+3.33, +2.511, +0.165,+0.960
1581472860,+3.33, +2.522, +0.169,+0.960
1581472920,+3.33, +2.511, +0.166,+0.960
1581472980,+3.33, +2.522, +0.166,+0.960
1581473040,+3.33, +2.490, +0.166,+0.960
1581473100,+3.33, +2.500, +0.168,+0.960
1581473160,+3.33, +2.511, +0.166,+0.960
1581473220,+3.33, +2.500, +0.168,+0.960
1581473280,+3.33, +2.511, +0.167,+0.960
1581473340,+3.33, +2.522, +0.166,+0.960
1581473400,+3.33, +2.533, +0.166,+0.960
1581473460,+3.33, +2.500, +0.165,+0.960
1581473520,+3.33, +2.533, +0.166,+0.960
1581473580,+3.33, +2.533, +0.167,+0.960
1581473640,+3.33, +2.522, +0.167,+0.960
1581473700,+3.33, +2.500, +0.167,+0.960
1581473760,+3.33, +2.543, +0.166,+0.960
1581473820,+3.33, +2.490, +0.168,+0.960
1581473880,+3.33, +2.511, +0.166,+0.960
1581473940,+3.33, +2.479, +0.166,+0.960
1581474000,+3.33, +2.500, +0.167,+0.960
1581474060,+3.33, +2.500, +0.166,+0.960
1581474120,+3.33, +2.522, +0.165,+0.960
1581474180,+3.33, +2.511, +0.167,+0.960
1581474240,+3.33, +2.500, +0.167,+0.960
1581474300,+3.33, +2.511, +0.167,+0.960
1581474360,+3.33, +2.511, +0.169,+0.960
1581474420,+3.33, +2.533, +0.168,+0.960
1581474480,+3.33, +2.543, +0.169,+0.960
1581474540,+3.33, +2.511, +0.165,+0.960
1581474600,+3.33, +2.500, +0.167,+0.960
1581474660,+3.33, +2.533, +0.167,+0.960
1581474720,+3.33, +2.500, +0.165,+0.960
1581474780,+3.33, +2.511, +0.166,+0.960
1581474840,+3.33, +2.522, +0.165,+0.960
1581474900,+3.33, +2.533, +0.166,+0.960
1581474960,+3.33, +2.511, +0.166,+0.960
1581475020,+3.33, +2.511, +0.166,+0.960
1581475080,+3.33, +2.511, +0.168,+0.960
1581475140,+3.33, +2.479, +0.167,+0.960
1581475200,+3.33, +2.511, +0.165,+0.960
1581475260,+3.33, +2.500, +0.168,+0.960
1581475320,+3.33, +2.533, +0.167,+0.960
1581475380,+3.33, +2.500, +0.168,+0.960
1581475440,+3.33, +2.522, +0.166,+0.960
1581475500,+3.33, +2.533, +0.166,+0.960
1581475560,+3.33, +2.533, +0.167,+0.960
1581475620,+3.33, +2.511, +0.165,+0.960
1581475680,+3.33, +2.500, +0.167,+0.960
1581475740,+3.33, +2.457, +0.169,+0.960
1581475800,+3.33, +2.500, +0.167,+0.960
1581475860,+3.33, +2.522, +0.167,+0.960
1581475920,+3.33, +2.500, +0.167,+0.960
1581475980,+3.33, +2.511, +0.167,+0.960
1581476040,+3.33, +2.511, +0.165,+0.960
1581476100,+3.33, +2.522, +0.164,+0.960
1581476160,+3.33, +2.500, +0.167,+0.960
1581476220,+3.33, +2.500, +0.168,+0.960
1581476280,+3.33, +2.511, +0.169,+0.960
1581476340,+3.33, +2.522, +0.165,+0.960
1581476400,+3.33, +2.522, +0.166,+0.960
1581476460,+3.33, +2.543, +0.165,+0.960
1581476520,+3.33, +2.543, +0.166,+0.960
1581476580,+3.33, +2.522, +0.166,+0.960
1581476640,+3.33, +2.554, +0.166,+0.960
1581476700,+3.33, +2.522, +0.167,+0.960
1581476760,+3.33, +2.522, +0.167,+0.960
1581476820,+3.33, +2.533, +0.167,+0.960
1581476880,+3.33, +2.511, +0.165,+0.960
1581476940,+3.33, +2.522, +0.169,+0.960
1581477000,+3.33, +2.522, +0.166,+0.960
1581477060,+3.33, +2.500, +0.168,+0.960
1581477120,+3.33, +2.511, +0.168,+0.960
1581477180,+3.33, +2.522, +0.168,+0.960
1581477240,+3.33, +2.533, +0.167,+0.960
1581477300,+3.33, +2.522, +0.166,+0.960
1581477360,+3.33, +2.511, +0.167,+0.960
1581477420,+3.33, +2.500, +0.167,+0.960
1581477480,+3.33, +2.511, +0.165,+0.960
1581477540,+3.33, +2.511, +0.166,+0.960
1581477600,+3.33, +2.522, +0.166,+0.960
1581477660,+3.33, +2.500, +0.166,+0.960
1581477720,+3.33, +2.554, +0.165,+0.960
1581477780,+3.33, +2.511, +0.164,+0.960
1581477840,+3.33, +2.533, +0.165,+0.960
1581477900,+3.33, +2.533, +0.166,+0.960
1581477960,+3.33, +2.500, +0.166,+0.960
1581478020,+3.33, +2.500, +0.167,+0.960
1581478080,+3.33, +2.511, +0.165,+0.960
1581478140,+3.33, +2.500, +0.166,+0.960
1581478200,+3.33, +2.479, +0.168,+0.960
1581478260,+3.33, +2.522, +0.167,+0.960
1581478320,+3.33, +2.522, +0.167,+0.960
1581478380,+3.33, +2.522, +0.166,+0.960
1581478440,+3.33, +2.511, +0.166,+0.960
1581478500,+3.33, +2.543, +0.166,+0.960
1581478560,+3.33, +2.533, +0.166,+0.960
1581478620,+3.33, +2.511, +0.166,+0.960
1581478680,+3.33, +2.511, +0.166,+0.960
1581478740,+3.33, +2.533, +0.167,+0.960
1581478800,+3.33, +2.522, +0.166,+0.960
1581478860,+3.33, +2.522, +0.167,+0.960
1581478920,+3.33, +2.522, +0.166,+0.960
1581478980,+3.33, +2.500, +0.167,+0.960
1581479040,+3.33, +2.500, +0.165,+0.960
1581479100,+3.33, +2.533, +0.166,+0.960
1581479160,+3.33, +2.522, +0.166,+0.960
1581479220,+3.33, +2.500, +0.165,+0.960
1581479280,+3.33, +2.500, +0.165,+0.960
1581479340,+3.33, +2.522, +0.166,+0.960
1581479400,+3.33, +2.490, +0.166,+0.960
1581479460,+3.33, +2.500, +0.168,+0.960
1581479520,+3.33, +2.490, +0.168,+0.960
1581479580,+3.33, +2.522, +0.167,+0.960
1581479640,+3.33, +2.522, +0.166,+0.960
1581479700,+3.33, +2.500, +0.166,+0.960
1581479760,+3.33, +2.511, +0.166,+0.960
1581479820,+3.33, +2.511, +0.167,+0.960
1581479880,+3.33, +2.511, +0.168,+0.960
1581479940,+3.33, +2.533, +0.168,+0.960
1581480000,+3.33, +2.500, +0.168,+0.960
1581480060,+3.33, +2.490, +0.167,+0.960
1581480120,+3.33, +2.500, +0.166,+0.960
1581480180,+3.33, +2.511, +0.168,+0.960
1581480240,+3.33, +2.500, +0.168,+0.960
1581480300,+3.33, +2.511, +0.167,+0.960
1581480360,+3.33, +2.511, +0.166,+0.960
1581480420,+3.33, +2.511, +0.168,+0.960
1581480480,+3.33, +2.522, +0.165,+0.960
1581480540,+3.33, +2.511, +0.168,+0.960
1581480600,+3.33, +2.511, +0.166,+0.960
1581480660,+3.33, +2.511, +0.166,+0.960
1581480720,+3.33, +2.511, +0.167,+0.960
1581480780,+3.33, +2.479, +0.167,+0.960
1581480840,+3.33, +2.490, +0.166,+0.960
1581480900,+3.33, +2.522, +0.166,+0.960
1581480960,+3.33, +2.522, +0.167,+0.960
1581481020,+3.33, +2.533, +0.167,+0.960
1581481080,+3.33, +2.500, +0.167,+0.960
1581481140,+3.33, +2.468, +0.167,+0.960
1581481200,+3.33, +2.543, +0.166,+0.960
1581481260,+3.33, +2.522, +0.166,+0.960
1581481320,+3.33, +2.522, +0.168,+0.960
1581481380,+3.33, +2.457, +0.167,+0.960
1581481440,+3.33, +2.500, +0.167,+0.960
1581481500,+3.33, +2.522, +0.167,+0.960
1581481560,+3.33, +2.490, +0.167,+0.960
1581481620,+3.33, +2.500, +0.165,+0.960
1581481680,+3.33, +2.511, +0.165,+0.960
1581481740,+3.33, +2.522, +0.167,+0.960
1581481800,+3.33, +2.511, +0.168,+0.960
1581481860,+3.33, +2.500, +0.166,+0.960
1581481920,+3.33, +2.500, +0.166,+0.960
1581481980,+3.33, +2.500, +0.167,+0.960
1581482040,+3.33, +2.522, +0.165,+0.960
1581482100,+3.33, +2.511, +0.165,+0.960
1581482160,+3.33, +2.522, +0.168,+0.960
1581482220,+3.33, +2.479, +0.168,+0.960
1581482280,+3.33, +2.511, +0.167,+0.960
1581482340,+3.33, +2.490, +0.167,+0.960
1581482400,+3.33, +2.522, +0.166,+0.960
1581482460,+3.33, +2.500, +0.166,+0.960
1581482520,+3.33, +2.500, +0.168,+0.960
1581482580,+3.33, +2.533, +0.168,+0.960
1581482640,+3.33, +2.522, +0.167,+0.960
1581482700,+3.33, +2.511, +0.166,+0.960
1581482760,+3.33, +2.511, +0.167,+0.960
1581482820,+3.33, +2.511, +0.165,+0.960
1581482880,+3.33, +2.511, +0.167,+0.960
1581482940,+3.33, +2.511, +0.167,+0.960
1581483000,+3.33, +2.511, +0.165,+0.960
1581483060,+3.33, +2.511, +0.167,+0.960
1581483120,+3.33, +2.500, +0.167,+0.960
1581483180,+3.33, +2.522, +0.167,+0.960
1581483240,+3.33, +2.500, +0.165,+0.960
1581483300,+3.33, +2.522, +0.166,+0.960
1581483360,+3.33, +2.490, +0.167,+0.960
1581483420,+3.33, +2.500, +0.167,+0.960
1581483480,+3.33, +2.511, +0.165,+0.960
1581483540,+3.33, +2.500, +0.166,+0.960
1581483600,+3.33, +2.479, +0.166,+0.960
1581483660,+3.33, +2.479, +0.168,+0.960
1581483720,+3.33, +2.500, +0.166,+0.960
1581483780,+3.33, +2.500, +0.167,+0.960
1581483840,+3.33, +2.511, +0.166,+0.960
1581483900,+3.33, +2.490, +0.167,+0.960
1581483960,+3.33, +2.500, +0.166,+0.960
1581484020,+3.33, +2.500, +0.166,+0.960
1581484080,+3.33, +2.511, +0.165,+0.960
1581484140,+3.33, +2.500, +0.166,+0.960
1581484200,+3.33, +2.522, +0.167,+0.960
1581484260,+3.33, +2.490, +0.167,+0.960
1581484320,+3.33, +2.500, +0.166,+0.960
1581484380,+3.33, +2.522, +0.166,+0.960
1581484440,+3.33, +2.511, +0.166,+0.960
1581484500,+3.33, +2.500, +0.167,+0.960
1581484560,+3.33, +2.500, +0.166,+0.960
1581484620,+3.33, +2.457, +0.168,+0.960
1581484680,+3.33, +2.511, +0.167,+0.960
1581484740,+3.33, +2.511, +0.167,+0.960
1581484800,+3.33, +2.500, +0.167,+0.960
1581484860,+3.33, +2.522, +0.167,+0.960
1581484920,+3.33, +2.500, +0.168,+0.960
1581484980,+3.33, +2.490, +0.167,+0.960
1581485040,+3.33, +2.522, +0.166,+0.960
1581485100,+3.33, +2.522, +0.166,+0.960
1581485160,+3.33, +2.511, +0.165,+0.960
1581485220,+3.33, +2.511, +0.165,+0.960
1581485280,+3.33, +2.500, +0.166,+0.960
1581485340,+3.33, +2.522, +0.166,+0.960
1581485400,+3.33, +2.468, +0.167,+0.960
1581485460,+3.33, +2.500, +0.168,+0.960
1581485520,+3.33, +2.500, +0.167,+0.960
1581485580,+3.33, +2.522, +0.166,+0.960
1581485640,+3.33, +2.511, +0.167,+0.960
1581485700,+3.33, +2.500, +0.166,+0.960
1581485760,+3.33, +2.511, +0.168,+0.960
1581485820,+3.33, +2.511, +0.166,+0.960
1581485880,+3.33, +2.500, +0.166,+0.960
1581485940,+3.33, +2.522, +0.167,+0.960
1581486000,+3.33, +2.500, +0.167,+0.960
1581486060,+3.33, +2.500, +0.166,+0.960
1581486120,+3.33, +2.511, +0.165,+0.960
1581486180,+3.33, +2.511, +0.166,+0.960
1581486240,+3.33, +2.522, +0.166,+0.960
1581486300,+3.33, +2.490, +0.166,+0.960
1581486360,+3.33, +2.490, +0.167,+0.960
1581486420,+3.33, +2.522, +0.166,+0.960
1581486480,+3.33, +2.500, +0.168,+0.960
1581486540,+3.33, +2.543, +0.166,+0.960
1581486600,+3.33, +2.511, +0.168,+0.960
1581486660,+3.33, +2.522, +0.166,+0.960
1581486720,+3.33, +2.533, +0.166,+0.960
1581486780,+3.33, +2.500, +0.166,+0.960
1581486840,+3.33, +2.511, +0.167,+0.960
1581486900,+3.33, +2.500, +0.168,+0.960
1581486960,+3.33, +2.490, +0.168,+0.960
1581487020,+3.33, +2.511, +0.167,+0.960
1581487080,+3.33, +2.511, +0.167,+0.960
1581487140,+3.33, +2.522, +0.167,+0.960
1581487200,+3.33, +2.511, +0.166,+0.960
1581487260,+3.33, +2.522, +0.168,+0.960
1581487320,+3.33, +2.522, +0.168,+0.960
1581487380,+3.33, +2.533, +0.165,+0.960
1581487440,+3.33, +2.490, +0.167,+0.960
1581487500,+3.33, +2.522, +0.167,+0.960
1581487560,+3.33, +2.500, +0.167,+0.960
1581487620,+3.33, +2.511, +0.167,+0.960
1581487680,+3.33, +2.500, +0.168,+0.960
1581487740,+3.33, +2.500, +0.167,+0.960
1581487800,+3.33, +2.533, +0.167,+0.960
1581487860,+3.33, +2.500, +0.166,+0.960
1581487920,+3.33, +2.522, +0.167,+0.960
1581487980,+3.33, +2.511, +0.166,+0.960
1581488040,+3.33, +2.479, +0.167,+0.960
1581488100,+3.33, +2.522, +0.167,+0.960
1581488160,+3.33, +2.522, +0.166,+0.960
1581488220,+3.33, +2.533, +0.167,+0.960
1581488280,+3.33, +2.522, +0.166,+0.960
1581488340,+3.33, +2.511, +0.168,+0.960
1581488400,+3.33, +2.533, +0.167,+0.960
1581488460,+3.33, +2.554, +0.166,+0.960
1581488520,+3.33, +2.522, +0.167,+0.960
1581488580,+3.33, +2.500, +0.168,+0.960
1581488640,+3.33, +2.522, +0.167,+0.960
1581488700,+3.33, +2.500, +0.166,+0.960
1581488760,+3.33, +2.511, +0.166,+0.960
1581488820,+3.33, +2.511, +0.165,+0.960
1581488880,+3.33, +2.511, +0.166,+0.960
1581488940,+3.33, +2.533, +0.166,+0.960
1581489000,+3.33, +2.500, +0.167,+0.960
1581489060,+3.33, +2.533, +0.165,+0.960
1581489120,+3.33, +2.522, +0.167,+0.960
1581489180,+3.33, +2.490, +0.166,+0.960
1581489240,+3.33, +2.500, +0.167,+0.960
1581489300,+3.33, +2.533, +0.167,+0.960
1581489360,+3.33, +2.522, +0.166,+0.960
1581489420,+3.33, +2.511, +0.166,+0.960
1581489480,+3.33, +2.522, +0.166,+0.960
1581489540,+3.33, +2.490, +0.168,+0.960
1581489600,+3.33, +2.490, +0.166,+0.960
1581489660,+3.33, +2.565, +0.166,+0.960
1581489720,+3.33, +2.500, +0.166,+0.960
1581489780,+3.33, +2.500, +0.165,+0.960
1581489840,+3.33, +2.468, +0.165,+0.960
1581489900,+3.33, +2.511, +0.168,+0.960
1581489960,+3.33, +2.522, +0.165,+0.960
1581490020,+3.33, +2.511, +0.167,+0.960
1581490080,+3.33, +2.500, +0.168,+0.960
1581490140,+3.33, +2.533, +0.167,+0.960
1581490200,+3.33, +2.511, +0.166,+0.960
1581490260,+3.33, +2.522, +0.167,+0.960
1581490320,+3.33, +2.522, +0.166,+0.960
1581490380,+3.33, +2.511, +0.167,+0.960
1581490440,+3.33, +2.500, +0.165,+0.960
1581490500,+3.33, +2.522, +0.167,+0.960
1581490560,+3.33, +2.533, +0.166,+0.960
1581490620,+3.33, +2.522, +0.167,+0.960
1581490680,+3.33, +2.522, +0.166,+0.960
1581490740,+3.33, +2.468, +0.168,+0.960
1581490800,+3.33, +2.500, +0.167,+0.960
1581490860,+3.33, +2.511, +0.167,+0.960
1581490920,+3.33, +2.511, +0.166,+0.960
1581490980,+3.33, +2.500, +0.167,+0.960
1581491040,+3.33, +2.511, +0.168,+0.960
1581491100,+3.33, +2.500, +0.166,+0.960
1581491160,+3.33, +2.500, +0.167,+0.960
1581491220,+3.33, +2.511, +0.168,+0.960
1581491280,+3.33, +2.500, +0.166,+0.960
1581491340,+3.33, +2.533, +0.166,+0.960
1581491400,+3.33, +2.511, +0.165,+0.960
1581491460,+3.33, +2.511, +0.165,+0.960
1581491520,+3.33, +2.511, +0.167,+0.960
1581491580,+3.33, +2.522, +0.167,+0.960
1581491640,+3.33, +2.511, +0.165,+0.960
1581491700,+3.33, +2.500, +0.166,+0.960
1581491760,+3.33, +2.511, +0.167,+0.960
1581491820,+3.33, +2.500, +0.168,+0.960
1581491880,+3.33, +2.533, +0.167,+0.960
1581491940,+3.33, +2.554, +0.165,+0.960
1581492000,+3.33, +2.500, +0.168,+0.960
1581492060,+3.33, +2.511, +0.166,+0.960
1581492120,+3.33, +2.500, +0.168,+0.960
1581492180,+3.33, +2.511, +0.165,+0.960
1581492240,+3.33, +2.511, +0.166,+0.960
1581492300,+3.33, +2.511, +0.166,+0.960
1581492360,+3.33, +2.511, +0.168,+0.960
1581492420,+3.33, +2.511, +0.168,+0.960
1581492480,+3.33, +2.490, +0.168,+0.960
1581492540,+3.33, +2.500, +0.168,+0.960
1581492600,+3.33, +2.511, +0.166,+0.960
1581492660,+3.33, +2.468, +0.167,+0.960
1581492720,+3.33, +2.511, +0.168,+0.960
1581492780,+3.33, +2.500, +0.166,+0.960
1581492840,+3.33, +2.511, +0.168,+0.960
1581492900,+3.33, +2.490, +0.165,+0.960
1581492960,+3.33, +2.479, +0.167,+0.960
1581493020,+3.33, +2.522, +0.166,+0.960
1581493080,+3.33, +2.500, +0.166,+0.960
1581493140,+3.33, +2.500, +0.167,+0.960
1581493200,+3.33, +2.511, +0.167,+0.960
1581493260,+3.33, +2.511, +0.168,+0.960
1581493320,+3.33, +2.490, +0.166,+0.960
1581493380,+3.33, +2.522, +0.167,+0.960
1581493440,+3.33, +2.479, +0.166,+0.960
1581493500,+3.33, +2.511, +0.165,+0.960
1581493560,+3.33, +2.500, +0.168,+0.960
1581493620,+3.33, +2.522, +0.166,+0.960
1581493680,+3.33, +2.479, +0.166,+0.960
1581493740,+3.33, +2.511, +0.167,+0.960
1581493800,+3.33, +2.500, +0.167,+0.960
1581493860,+3.33, +2.511, +0.167,+0.960
1581493920,+3.33, +2.490, +0.168,+0.960
1581493980,+3.33, +2.522, +0.167,+0.960
1581494040,+3.33, +2.511, +0.167,+0.960
1581494100,+3.33, +2.522, +0.165,+0.960
1581494160,+3.33, +2.522, +0.166,+0.960
1581494220,+3.33, +2.500, +0.167,+0.960
1581494280,+3.33, +2.511, +0.165,+0.960
1581494340,+3.33, +2.500, +0.166,+0.960
1581494400,+3.33, +2.511, +0.167,+0.960
1581494460,+3.33, +2.490, +0.167,+0.960
1581494520,+3.33, +2.522, +0.167,+0.960
1581494580,+3.33, +2.490, +0.166,+0.960
1581494640,+3.33, +2.479, +0.166,+0.960
1581494700,+3.33, +2.522, +0.166,+0.960
1581494760,+3.33, +2.511, +0.166,+0.960
1581494820,+3.33, +2.522, +0.165,+0.960
1581494880,+3.33, +2.511, +0.168,+0.960
1581494940,+3.33, +2.500, +0.167,+0.960
1581495000,+3.33, +2.490, +0.167,+0.960
1581495060,+3.33, +2.500, +0.166,+0.960
1581495120,+3.33, +2.479, +0.166,+0.960
1581495180,+3.33, +2.522, +0.165,+0.960
1581495240,+3.33, +2.490, +0.166,+0.960
1581495300,+3.33, +2.511, +0.166,+0.960
1581495360,+3.33, +2.511, +0.167,+0.960
1581495420,+3.33, +2.500, +0.167,+0.960
1581495480,+3.33, +2.511, +0.166,+0.960
1581495540,+3.33, +2.490, +0.165,+0.960
1581495600,+3.33, +2.522, +0.168,+0.960
1581495660,+3.33, +2.500, +0.168,+0.960
1581495720,+3.33, +2.511, +0.167,+0.960
1581495780,+3.33, +2.522, +0.167,+0.960
1581495840,+3.33, +2.500, +0.168,+0.960
1581495900,+3.33, +2.500, +0.167,+0.960
1581495960,+3.33, +2.500, +0.166,+0.960
1581496020,+3.33, +2.511, +0.167,+0.960
1581496080,+3.33, +2.490, +0.169,+0.960
1581496140,+3.33, +2.511, +0.167,+0.960
1581496200,+3.33, +2.522, +0.167,+0.960
1581496260,+3.33, +2.511, +0.168,+0.960
1581496320,+3.33, +2.500, +0.167,+0.960
1581496380,+3.33, +2.511, +0.165,+0.960
1581496440,+3.33, +2.500, +0.168,+0.960
1581496500,+3.33, +2.522, +0.166,+0.960
1581496560,+3.33, +2.511, +0.169,+0.960
1581496620,+3.33, +2.511, +0.168,+0.960
1581496680,+3.33, +2.500, +0.165,+0.960
1581496740,+3.33, +2.490, +0.167,+0.960
1581496800,+3.33, +2.490, +0.167,+0.960
1581496860,+3.33, +2.522, +0.167,+0.960
1581496920,+3.33, +2.500, +0.167,+0.960
1581496980,+3.33, +2.511, +0.168,+0.960
1581497040,+3.33, +2.500, +0.168,+0.960
1581497100,+3.33, +2.490, +0.166,+0.960
1581497160,+3.33, +2.490, +0.167,+0.960
1581497220,+3.33, +2.522, +0.165,+0.960
1581497280,+3.33, +2.500, +0.168,+0.960
1581497340,+3.33, +2.511, +0.166,+0.960
1581497400,+3.33, +2.468, +0.167,+0.960
1581497460,+3.33, +2.490, +0.167,+0.960
1581497520,+3.33, +2.511, +0.167,+0.960
1581497580,+3.33, +2.490, +0.168,+0.960
1581497640,+3.33, +2.500, +0.166,+0.960
1581497700,+3.33, +2.511, +0.167,+0.960
1581497760,+3.33, +2.522, +0.167,+0.960
1581497820,+3.33, +2.511, +0.167,+0.960
1581497880,+3.33, +2.500, +0.166,+0.960
1581497940,+3.33, +2.468, +0.166,+0.960
1581498000,+3.33, +2.468, +0.167,+0.960
1581498060,+3.33, +2.543, +0.168,+0.960
1581498120,+3.33, +2.479, +0.165,+0.960
1581498180,+3.33, +2.490, +0.166,+0.960
1581498240,+3.33, +2.490, +0.168,+0.960
1581498300,+3.33, +2.500, +0.168,+0.960
1581498360,+3.33, +2.500, +0.167,+0.960
1581498420,+3.33, +2.511, +0.166,+0.960
1581498480,+3.33, +2.500, +0.168,+0.960
1581498540,+3.33, +2.490, +0.166,+0.960
1581498600,+3.33, +2.500, +0.167,+0.960
1581498660,+3.33, +2.479, +0.168,+0.960
1581498720,+3.33, +2.490, +0.167,+0.960
1581498780,+3.33, +2.479, +0.168,+0.960
1581498840,+3.33, +2.511, +0.167,+0.960
1581498900,+3.33, +2.511, +0.166,+0.960
1581498960,+3.33, +2.511, +0.166,+0.960
1581499020,+3.33, +2.500, +0.166,+0.960
1581499080,+3.33, +2.511, +0.167,+0.960
1581499140,+3.33, +2.522, +0.164,+0.960
1581499200,+3.33, +2.490, +0.166,+0.960
1581499260,+3.33, +2.511, +0.167,+0.960
1581499320,+3.33, +2.500, +0.166,+0.960
1581499380,+3.33, +2.522, +0.166,+0.960
1581499440,+3.33, +2.511, +0.165,+0.960
1581499500,+3.33, +2.500, +0.168,+0.960
1581499560,+3.33, +2.511, +0.167,+0.960
1581499620,+3.33, +2.490, +0.167,+0.960
1581499680,+3.33, +2.490, +0.167,+0.960
1581499740,+3.33, +2.511, +0.167,+0.960
1581499800,+3.33, +2.500, +0.166,+0.960
1581499860,+3.33, +2.490, +0.166,+0.960
1581499920,+3.33, +2.500, +0.166,+0.960
1581499980,+3.33, +2.490, +0.167,+0.960
1581500040,+3.34, +2.436, +0.168,+0.960
1581500100,+3.33, +2.511, +0.166,+0.960
1581500160,+3.33, +2.500, +0.166,+0.960
1581500220,+3.33, +2.500, +0.169,+0.960
1581500280,+3.33, +2.511, +0.166,+0.960
1581500340,+3.33, +2.490, +0.167,+0.960
1581500400,+3.33, +2.522, +0.167,+0.960
1581500460,+3.33, +2.500, +0.166,+0.960
1581500520,+3.33, +2.511, +0.167,+0.960
1581500580,+3.33, +2.500, +0.167,+0.960
1581500640,+3.33, +2.490, +0.168,+0.960
1581500700,+3.33, +2.500, +0.167,+0.960
1581500760,+3.33, +2.500, +0.166,+0.960
1581500820,+3.33, +2.511, +0.167,+0.960
1581500880,+3.33, +2.500, +0.165,+0.960
1581500940,+3.33, +2.522, +0.166,+0.960
1581501000,+3.33, +2.500, +0.167,+0.960
1581501060,+3.33, +2.479, +0.167,+0.960
1581501120,+3.33, +2.522, +0.166,+0.960
1581501180,+3.33, +2.479, +0.167,+0.960
1581501240,+3.33, +2.490, +0.168,+0.960
1581501300,+3.33, +2.490, +0.168,+0.960
1581501360,+3.33, +2.522, +0.167,+0.960
1581501420,+3.33, +2.511, +0.166,+0.960
1581501480,+3.33, +2.500, +0.166,+0.960
1581501540,+3.33, +2.511, +0.165,+0.960
1581501600,+3.33, +2.500, +0.168,+0.960
1581501660,+3.33, +2.500, +0.164,+0.960
1581501720,+3.33, +2.511, +0.167,+0.960
1581501780,+3.33, +2.500, +0.166,+0.960
1581501840,+3.33, +2.490, +0.165,+0.960
1581501900,+3.33, +2.457, +0.166,+0.960
1581501960,+3.33, +2.500, +0.166,+0.960
1581502020,+3.33, +2.511, +0.168,+0.960
1581502080,+3.33, +2.500, +0.167,+0.960
1581502140,+3.33, +2.490, +0.169,+0.960
1581502200,+3.34, +2.479, +0.167,+0.960
1581502260,+3.33, +2.511, +0.167,+0.960
1581502320,+3.33, +2.500, +0.165,+0.960
1581502380,+3.33, +2.490, +0.167,+0.960
1581502440,+3.33, +2.533, +0.165,+0.960
1581502500,+3.33, +2.511, +0.166,+0.960
1581502560,+3.33, +2.490, +0.168,+0.960
1581502620,+3.33, +2.490, +0.166,+0.960
1581502680,+3.33, +2.500, +0.167,+0.960
1581502740,+3.33, +2.490, +0.166,+0.960
1581502800,+3.33, +2.490, +0.166,+0.960
1581502860,+3.33, +2.479, +0.167,+0.960
1581502920,+3.33, +2.511, +0.167,+0.960
1581502980,+3.33, +2.490, +0.166,+0.960
1581503040,+3.33, +2.468, +0.166,+0.960
1581503100,+3.33, +2.500, +0.167,+0.960
1581503160,+3.33, +2.500, +0.167,+0.960
1581503220,+3.33, +2.500, +0.166,+0.960
1581503280,+3.33, +2.500, +0.165,+0.960
1581503340,+3.33, +2.522, +0.166,+0.960
1581503400,+3.33, +2.500, +0.168,+0.960
1581503460,+3.33, +2.500, +0.167,+0.960
1581503520,+3.33, +2.500, +0.168,+0.960
1581503580,+3.33, +2.490, +0.166,+0.960
1581503640,+3.33, +2.511, +0.167,+0.960
1581503700,+3.33, +2.468, +0.167,+0.960
1581503760,+3.33, +2.500, +0.167,+0.960
1581503820,+3.33, +2.500, +0.167,+0.960
1581503880,+3.33, +2.479, +0.167,+0.960
1581503940,+3.33, +2.490, +0.166,+0.960
1581504000,+3.33, +2.500, +0.165,+0.960
1581504060,+3.33, +2.500, +0.166,+0.960
1581504120,+3.33, +2.500, +0.167,+0.960
1581504180,+3.33, +2.500, +0.167,+0.960
1581504240,+3.33, +2.543, +0.166,+0.960
1581504300,+3.33, +2.490, +0.167,+0.960
1581504360,+3.33, +2.500, +0.167,+0.960
1581504420,+3.33, +2.490, +0.167,+0.960
1581504480,+3.33, +2.490, +0.168,+0.960
1581504540,+3.33, +2.511, +0.166,+0.960
1581504600,+3.33, +2.500, +0.167,+0.960
1581504660,+3.33, +2.479, +0.167,+0.960
1581504720,+3.33, +2.522, +0.165,+0.960
1581504780,+3.33, +2.511, +0.167,+0.960
1581504840,+3.33, +2.511, +0.166,+0.960
1581504900,+3.33, +2.490, +0.167,+0.960
1581504960,+3.33, +2.468, +0.167,+0.960
1581505020,+3.33, +2.500, +0.167,+0.960
1581505080,+3.34, +2.490, +0.167,+0.960
1581505140,+3.33, +2.490, +0.168,+0.960
1581505200,+3.33, +2.479, +0.166,+0.960
1581505260,+3.33, +2.511, +0.167,+0.960
1581505320,+3.33, +2.511, +0.167,+0.960
1581505380,+3.33, +2.479, +0.166,+0.960
1581505440,+3.33, +2.511, +0.167,+0.960
1581505500,+3.33, +2.500, +0.167,+0.960
1581505560,+3.33, +2.500, +0.167,+0.960
1581505620,+3.33, +2.511, +0.168,+0.960
1581505680,+3.33, +2.468, +0.167,+0.960
1581505740,+3.33, +2.490, +0.168,+0.960
1581505800,+3.34, +2.511, +0.165,+0.960
1581505860,+3.33, +2.479, +0.167,+0.960
1581505920,+3.33, +2.479, +0.166,+0.960
1581505980,+3.33, +2.490, +0.167,+0.960
1581506040,+3.33, +2.479, +0.167,+0.960
1581506100,+3.33, +2.500, +0.165,+0.960
1581506160,+3.33, +2.479, +0.166,+0.960
1581506220,+3.33, +2.500, +0.165,+0.960
1581506280,+3.33, +2.500, +0.165,+0.960
1581506340,+3.33, +2.490, +0.167,+0.960
1581506400,+3.33, +2.522, +0.167,+0.960
1581506460,+3.33, +2.533, +0.168,+0.960
1581506520,+3.33, +2.490, +0.166,+0.960
1581506580,+3.33, +2.500, +0.167,+0.960
1581506640,+3.33, +2.446, +0.167,+0.960
1581506700,+3.33, +2.522, +0.165,+0.960
1581506760,+3.33, +2.500, +0.166,+0.960
1581506820,+3.33, +2.500, +0.167,+0.960
1581506880,+3.33, +2.500, +0.167,+0.960
1581506940,+3.33, +2.500, +0.166,+0.960
1581507000,+3.33, +2.479, +0.167,+0.960
1581507060,+3.33, +2.511, +0.167,+0.960
1581507120,+3.33, +2.490, +0.167,+0.960
1581507180,+3.33, +2.500, +0.167,+0.960
1581507240,+3.33, +2.500, +0.166,+0.960
1581507300,+3.33, +2.490, +0.167,+0.960
1581507360,+3.33, +2.511, +0.167,+0.960
1581507420,+3.33, +2.490, +0.166,+0.960
1581507480,+3.33, +2.522, +0.165,+0.960
1581507540,+3.33, +2.500, +0.167,+0.960
1581507600,+3.33, +2.500, +0.167,+0.960
1581507660,+3.33, +2.500, +0.167,+0.960
1581507720,+3.33, +2.522, +0.166,+0.960
1581507780,+3.33, +2.522, +0.166,+0.960
1581507840,+3.33, +2.500, +0.168,+0.960
1581507900,+3.33, +2.511, +0.166,+0.960
1581507960,+3.33, +2.511, +0.166,+0.960
1581508020,+3.33, +2.490, +0.167,+0.960
1581508080,+3.33, +2.457, +0.168,+0.960
1581508140,+3.33, +2.500, +0.166,+0.960
1581508200,+3.33, +2.479, +0.166,+0.960
1581508260,+3.33, +2.500, +0.166,+0.960
1581508320,+3.33, +2.500, +0.166,+0.960
1581508380,+3.33, +2.500, +0.166,+0.960
1581508440,+3.33, +2.500, +0.168,+0.960
1581508500,+3.33, +2.490, +0.168,+0.960
1581508560,+3.33, +2.511, +0.166,+0.960
1581508620,+3.33, +2.500, +0.166,+0.960
1581508680,+3.33, +2.500, +0.168,+0.960
1581508740,+3.33, +2.500, +0.166,+0.960
1581508800,+3.34, +2.511, +0.165,+0.960
1581508860,+3.33, +2.500, +0.167,+0.960
1581508920,+3.33, +2.511, +0.166,+0.960
1581508980,+3.33, +2.490, +0.168,+0.960
1581509040,+3.33, +2.479, +0.166,+0.960
1581509100,+3.33, +2.500, +0.166,+0.960
1581509160,+3.33, +2.500, +0.167,+0.960
1581509220,+3.33, +2.479, +0.167,+0.960
1581509280,+3.33, +2.490, +0.168,+0.960
1581509340,+3.33, +2.500, +0.169,+0.960
1581509400,+3.33, +2.511, +0.166,+0.960
1581509460,+3.33, +2.511, +0.165,+0.960
1581509520,+3.33, +2.490, +0.165,+0.960
1581509580,+3.33, +2.511, +0.166,+0.960
1581509640,+3.33, +2.500, +0.166,+0.960
1581509700,+3.33, +2.500, +0.166,+0.960
1581509760,+3.33, +2.490, +0.167,+0.960
1581509820,+3.33, +2.511, +0.167,+0.960
1581509880,+3.33, +2.522, +0.165,+0.960
1581509940,+3.33, +2.479, +0.166,+0.960
1581510000,+3.33, +2.500, +0.166,+0.960
1581510060,+3.33, +2.511, +0.166,+0.960
1581510120,+3.33, +2.500, +0.167,+0.960
1581510180,+3.33, +2.479, +0.167,+0.960
1581510240,+3.33, +2.533, +0.165,+0.960
1581510300,+3.33, +2.490, +0.169,+0.960
1581510360,+3.33, +2.500, +0.165,+0.960
1581510420,+3.33, +2.522, +0.165,+0.960
1581510480,+3.33, +2.490, +0.167,+0.960
1581510540,+3.33, +2.490, +0.167,+0.960
1581510600,+3.33, +2.490, +0.168,+0.960
1581510660,+3.33, +2.500, +0.168,+0.960
1581510720,+3.33, +2.490, +0.166,+0.960
1581510780,+3.33, +2.500, +0.166,+0.960
1581510840,+3.33, +2.479, +0.169,+0.960
1581510900,+3.33, +2.511, +0.166,+0.960
1581510960,+3.33, +2.500, +0.167,+0.960
1581511020,+3.33, +2.500, +0.166,+0.960
1581511080,+3.33, +2.490, +0.165,+0.960
1581511140,+3.33, +2.511, +0.164,+0.960
1581511200,+3.33, +2.479, +0.167,+0.960
1581511260,+3.33, +2.490, +0.168,+0.960
1581511320,+3.33, +2.490, +0.165,+0.960
1581511380,+3.33, +2.500, +0.166,+0.960
1581511440,+3.33, +2.511, +0.167,+0.960
1581511500,+3.33, +2.500, +0.167,+0.960
1581511560,+3.33, +2.511, +0.167,+0.960
1581511620,+3.33, +2.500, +0.168,+0.960
1581511680,+3.33, +2.479, +0.167,+0.960
1581511740,+3.33, +2.490, +0.165,+0.960
1581511800,+3.33, +2.522, +0.167,+0.960
1581511860,+3.33, +2.490, +0.165,+0.960
1581511920,+3.33, +2.511, +0.165,+0.960
1581511980,+3.33, +2.500, +0.166,+0.960
1581512040,+3.33, +2.500, +0.164,+0.960
1581512100,+3.33, +2.490, +0.167,+0.960
1581512160,+3.33, +2.500, +0.167,+0.960
1581512220,+3.33, +2.490, +0.167,+0.960
1581512280,+3.33, +2.490, +0.166,+0.960
1581512340,+3.33, +2.500, +0.166,+0.960
1581512400,+3.33, +2.522, +0.165,+0.960
1581512460,+3.33, +2.500, +0.166,+0.960
1581512520,+3.33, +2.490, +0.167,+0.960
1581512580,+3.33, +2.511, +0.166,+0.960
1581512640,+3.33, +2.511, +0.166,+0.960
1581512700,+3.33, +2.490, +0.167,+0.960
1581512760,+3.33, +2.479, +0.167,+0.960
1581512820,+3.33, +2.500, +0.166,+0.960
1581512880,+3.33, +2.490, +0.167,+0.960
1581512940,+3.33, +2.479, +0.168,+0.960
1581513000,+3.33, +2.500, +0.166,+0.960
1581513060,+3.33, +2.511, +0.166,+0.960
1581513120,+3.33, +2.479, +0.166,+0.960
1581513180,+3.33, +2.500, +0.167,+0.960
1581513240,+3.33, +2.511, +0.167,+0.960
1581513300,+3.33, +2.479, +0.167,+0.960
1581513360,+3.33, +2.500, +0.165,+0.960
1581513420,+3.33, +2.479, +0.167,+0.960
1581513480,+3.33, +2.500, +0.167,+0.960
1581513540,+3.33, +2.511, +0.167,+0.960
1581513600,+3.33, +2.511, +0.165,+0.960
1581513660,+3.33, +2.522, +0.166,+0.960
1581513720,+3.33, +2.490, +0.164,+0.959
1581513780,+3.33, +2.500, +0.167,+0.960
1581513840,+3.33, +2.500, +0.166,+0.960
1581513900,+3.33, +2.479, +0.166,+0.960
1581513960,+3.33, +2.500, +0.164,+0.960
1581514020,+3.33, +2.522, +0.166,+0.960
1581514080,+3.33, +2.511, +0.165,+0.960
1581514140,+3.33, +2.500, +0.167,+0.960
1581514200,+3.33, +2.479, +0.167,+0.960
1581514260,+3.33, +2.490, +0.166,+0.960
1581514320,+3.33, +2.490, +0.167,+0.960
1581514380,+3.33, +2.500, +0.166,+0.960
1581514440,+3.33, +2.522, +0.166,+0.960
1581514500,+3.33, +2.500, +0.167,+0.960
1581514560,+3.33, +2.490, +0.166,+0.960
1581514620,+3.33, +2.490, +0.166,+0.960
1581514680,+3.33, +2.511, +0.167,+0.960
1581514740,+3.33, +2.479, +0.166,+0.960
1581514800,+3.33, +2.468, +0.167,+0.960
1581514860,+3.33, +2.500, +0.167,+0.960
1581514920,+3.33, +2.500, +0.164,+0.960
1581514980,+3.33, +2.490, +0.166,+0.960
1581515040,+3.33, +2.500, +0.167,+0.960
1581515100,+3.33, +2.490, +0.167,+0.960
1581515160,+3.33, +2.490, +0.167,+0.960
1581515220,+3.33, +2.522, +0.168,+0.960
1581515280,+3.33, +2.511, +0.167,+0.960
1581515340,+3.33, +2.490, +0.166,+0.960
1581515400,+3.33, +2.500, +0.167,+0.960
1581515460,+3.33, +2.500, +0.166,+0.960
1581515520,+3.33, +2.490, +0.165,+0.960
1581515580,+3.33, +2.490, +0.166,+0.960
1581515640,+3.33, +2.490, +0.167,+0.960
1581515700,+3.33, +2.490, +0.166,+0.960
1581515760,+3.33, +2.500, +0.167,+0.960
1581515820,+3.33, +2.479, +0.166,+0.960
1581515880,+3.33, +2.500, +0.167,+0.960
1581515940,+3.33, +2.522, +0.165,+0.960
1581516000,+3.33, +2.490, +0.167,+0.960
1581516060,+3.33, +2.479, +0.168,+0.960
1581516120,+3.33, +2.511, +0.167,+0.960
1581516180,+3.33, +2.490, +0.167,+0.960
1581516240,+3.33, +2.479, +0.167,+0.960
1581516300,+3.33, +2.500, +0.166,+0.960
1581516360,+3.33, +2.500, +0.167,+0.960
1581516420,+3.33, +2.479, +0.166,+0.960
1581516480,+3.33, +2.479, +0.167,+0.960
1581516540,+3.33, +2.511, +0.166,+0.960
1581516600,+3.33, +2.511, +0.168,+0.960
1581516660,+3.33, +2.500, +0.168,+0.960
1581516720,+3.33, +2.500, +0.166,+0.960
1581516780,+3.33, +2.522, +0.168,+0.960
1581516840,+3.33, +2.490, +0.167,+0.960
1581516900,+3.33, +2.500, +0.165,+0.960
1581516960,+3.33, +2.500, +0.167,+0.960
1581517020,+3.33, +2.522, +0.166,+0.960
1581517080,+3.33, +2.490, +0.167,+0.960
1581517140,+3.33, +2.511, +0.165,+0.960
1581517200,+3.33, +2.500, +0.168,+0.960
1581517260,+3.33, +2.490, +0.168,+0.960
1581517320,+3.33, +2.500, +0.168,+0.960
1581517380,+3.33, +2.500, +0.167,+0.960
1581517440,+3.33, +2.500, +0.167,+0.960
1581517500,+3.33, +2.479, +0.167,+0.960
1581517560,+3.33, +2.468, +0.166,+0.960
1581517620,+3.33, +2.500, +0.167,+0.960
1581517680,+3.33, +2.511, +0.166,+0.960
1581517740,+3.33, +2.511, +0.166,+0.960
1581517800,+3.33, +2.479, +0.168,+0.960
1581517860,+3.33, +2.500, +0.168,+0.960
1581517920,+3.33, +2.511, +0.166,+0.960
1581517980,+3.33, +2.490, +0.169,+0.960
1581518040,+3.33, +2.479, +0.168,+0.960
1581518100,+3.33, +2.511, +0.167,+0.960
1581518160,+3.33, +2.479, +0.168,+0.960
1581518220,+3.33, +2.490, +0.166,+0.960
1581518280,+3.33, +2.533, +0.167,+0.960
1581518340,+3.33, +2.500, +0.167,+0.960
1581518400,+3.33, +2.511, +0.164,+0.960
1581518460,+3.33, +2.468, +0.167,+0.960
1581518520,+3.33, +2.490, +0.167,+0.960
1581518580,+3.33, +2.479, +0.166,+0.960
1581518640,+3.33, +2.511, +0.166,+0.960
1581518700,+3.33, +2.522, +0.167,+0.960
1581518760,+3.33, +2.511, +0.166,+0.960
1581518820,+3.33, +2.500, +0.167,+0.960
1581518880,+3.33, +2.511, +0.165,+0.960
1581518940,+3.33, +2.500, +0.167,+0.960
1581519000,+3.33, +2.511, +0.165,+0.960
1581519060,+3.33, +2.479, +0.166,+0.960
1581519120,+3.33, +2.511, +0.166,+0.960
1581519180,+3.33, +2.500, +0.166,+0.960
1581519240,+3.33, +2.490, +0.167,+0.960
1581519300,+3.33, +2.479, +0.168,+0.960
1581519360,+3.33, +2.500, +0.165,+0.960
1581519420,+3.33, +2.490, +0.166,+0.960
1581519480,+3.33, +2.500, +0.167,+0.960
1581519540,+3.33, +2.490, +0.165,+0.960
1581519600,+3.33, +2.490, +0.167,+0.960
1581519660,+3.33, +2.500, +0.166,+0.960
1581519720,+3.33, +2.511, +0.167,+0.960
1581519780,+3.33, +2.511, +0.166,+0.960
1581519840,+3.33, +2.511, +0.166,+0.960
1581519900,+3.33, +2.500, +0.165,+0.960
1581519960,+3.33, +2.468, +0.168,+0.960
1581520020,+3.33, +2.511, +0.167,+0.960
1581520080,+3.33, +2.511, +0.166,+0.960
1581520140,+3.33, +2.511, +0.167,+0.960
1581520200,+3.33, +2.490, +0.166,+0.960
1581520260,+3.33, +2.490, +0.167,+0.960
1581520320,+3.33, +2.522, +0.165,+0.960
1581520380,+3.33, +2.500, +0.166,+0.960
1581520440,+3.33, +2.522, +0.166,+0.960
1581520500,+3.33, +2.500, +0.167,+0.960
1581520560,+3.33, +2.490, +0.166,+0.960
1581520620,+3.33, +2.490, +0.168,+0.960
1581520680,+3.33, +2.500, +0.167,+0.960
1581520740,+3.33, +2.500, +0.167,+0.960
1581520800,+3.33, +2.490, +0.166,+0.960
1581520860,+3.33, +2.490, +0.166,+0.960
1581520920,+3.33, +2.522, +0.166,+0.960
1581520980,+3.33, +2.500, +0.167,+0.960
1581521040,+3.33, +2.490, +0.166,+0.960
1581521100,+3.33, +2.490, +0.167,+0.960
1581521160,+3.33, +2.500, +0.165,+0.960
1581521220,+3.33, +2.500, +0.168,+0.960
1581521280,+3.33, +2.511, +0.166,+0.960
1581521340,+3.33, +2.500, +0.167,+0.960
1581521400,+3.33, +2.500, +0.166,+0.960
1581521460,+3.33, +2.490, +0.166,+0.960
1581521520,+3.33, +2.511, +0.167,+0.960
1581521580,+3.33, +2.522, +0.166,+0.960
1581521640,+3.33, +2.500, +0.167,+0.960
1581521700,+3.33, +2.490, +0.166,+0.960
1581521760,+3.33, +2.511, +0.167,+0.960
1581521820,+3.33, +2.468, +0.165,+0.960
1581521880,+3.33, +2.500, +0.167,+0.960
1581521940,+3.33, +2.500, +0.168,+0.960
1581522000,+3.33, +2.468, +0.167,+0.960
1581522060,+3.33, +2.500, +0.166,+0.960
1581522120,+3.33, +2.500, +0.168,+0.960
1581522180,+3.33, +2.511, +0.166,+0.960
1581522240,+3.33, +2.500, +0.166,+0.960
1581522300,+3.33, +2.511, +0.167,+0.960
1581522360,+3.33, +2.490, +0.167,+0.960
1581522420,+3.33, +2.522, +0.167,+0.960
1581522480,+3.33, +2.490, +0.165,+0.960
1581522540,+3.33, +2.490, +0.168,+0.960
1581522600,+3.33, +2.511, +0.168,+0.960
1581522660,+3.33, +2.490, +0.166,+0.960
1581522720,+3.33, +2.490, +0.166,+0.960
1581522780,+3.33, +2.533, +0.165,+0.960
1581522840,+3.33, +2.500, +0.167,+0.960
1581522900,+3.33, +2.500, +0.168,+0.960
1581522960,+3.33, +2.500, +0.166,+0.960
1581523020,+3.33, +2.500, +0.165,+0.960
1581523080,+3.33, +2.511, +0.167,+0.960
1581523140,+3.33, +2.500, +0.165,+0.960
1581523200,+3.33, +2.446, +0.168,+0.960
1581523260,+3.33, +2.500, +0.168,+0.960
1581523320,+3.34, +2.490, +0.166,+0.960
1581523380,+3.33, +2.500, +0.167,+0.960
1581523440,+3.33, +2.500, +0.166,+0.960
1581523500,+3.33, +2.490, +0.167,+0.960
1581523560,+3.33, +2.490, +0.166,+0.960
1581523620,+3.34, +2.500, +0.166,+0.960
1581523680,+3.33, +2.500, +0.167,+0.960
1581523740,+3.33, +2.511, +0.166,+0.960
1581523800,+3.33, +2.500, +0.167,+0.960
1581523860,+3.33, +2.490, +0.168,+0.960
1581523920,+3.33, +2.490, +0.167,+0.960
1581523980,+3.33, +2.511, +0.167,+0.960
1581524040,+3.33, +2.490, +0.165,+0.960
1581524100,+3.33, +2.500, +0.166,+0.960
1581524160,+3.33, +2.468, +0.166,+0.960
1581524220,+3.33, +2.511, +0.167,+0.960
1581524280,+3.33, +2.490, +0.167,+0.960
1581524340,+3.33, +2.500, +0.167,+0.960
1581524400,+3.33, +2.522, +0.165,+0.960
1581524460,+3.33, +2.500, +0.166,+0.960
1581524520,+3.33, +2.500, +0.166,+0.960
1581524580,+3.33, +2.500, +0.168,+0.960
1581524640,+3.33, +2.500, +0.165,+0.960
1581524700,+3.33, +2.522, +0.167,+0.960
1581524760,+3.33, +2.500, +0.168,+0.960
1581524820,+3.33, +2.511, +0.166,+0.960
1581524880,+3.33, +2.500, +0.167,+0.960
1581524940,+3.33, +2.511, +0.167,+0.960
1581525000,+3.33, +2.500, +0.167,+0.960
1581525060,+3.33, +2.500, +0.167,+0.960
1581525120,+3.33, +2.500, +0.167,+0.960
1581525180,+3.33, +2.479, +0.166,+0.960
1581525240,+3.33, +2.490, +0.167,+0.960
1581525300,+3.33, +2.500, +0.167,+0.960
1581525360,+3.33, +2.500, +0.166,+0.960
1581525420,+3.33, +2.500, +0.164,+0.959
1581525480,+3.33, +2.490, +0.168,+0.960
1581525540,+3.33, +2.468, +0.167,+0.960
1581525600,+3.33, +2.479, +0.167,+0.960
1581525660,+3.33, +2.533, +0.165,+0.960
1581525720,+3.33, +2.468, +0.169,+0.960
1581525780,+3.33, +2.490, +0.164,+0.960
1581525840,+3.33, +2.490, +0.168,+0.960
1581525900,+3.33, +2.511, +0.167,+0.960
1581525960,+3.33, +2.479, +0.166,+0.960
1581526020,+3.33, +2.490, +0.166,+0.960
1581526080,+3.33, +2.490, +0.166,+0.960
1581526140,+3.33, +2.511, +0.166,+0.960
1581526200,+3.33, +2.490, +0.166,+0.960
1581526260,+3.33, +2.457, +0.167,+0.960
1581526320,+3.33, +2.522, +0.167,+0.960
1581526380,+3.33, +2.490, +0.165,+0.960
1581526440,+3.33, +2.500, +0.167,+0.960
1581526500,+3.33, +2.511, +0.165,+0.960
1581526560,+3.33, +2.490, +0.165,+0.960
1581526620,+3.33, +2.500, +0.167,+0.960
1581526680,+3.33, +2.500, +0.167,+0.960
1581526740,+3.33, +2.500, +0.167,+0.960
1581526800,+3.33, +2.500, +0.166,+0.960
1581526860,+3.33, +2.490, +0.168,+0.960
1581526920,+3.33, +2.490, +0.167,+0.960
1581526980,+3.33, +2.479, +0.166,+0.960
1581527040,+3.33, +2.500, +0.167,+0.960
1581527100,+3.33, +2.479, +0.168,+0.960
1581527160,+3.33, +2.500, +0.167,+0.960
1581527220,+3.33, +2.511, +0.165,+0.960
1581527280,+3.33, +2.500, +0.167,+0.960
1581527340,+3.33, +2.490, +0.167,+0.960
1581527400,+3.33, +2.511, +0.166,+0.960
1581527460,+3.33, +2.490, +0.167,+0.960
1581527520,+3.33, +2.490, +0.169,+0.960
1581527580,+3.33, +2.500, +0.166,+0.960
1581527640,+3.33, +2.479, +0.167,+0.960
1581527700,+3.33, +2.511, +0.169,+0.960
1581527760,+3.33, +2.522, +0.166,+0.960
1581527820,+3.33, +2.522, +0.167,+0.960
1581527880,+3.33, +2.490, +0.166,+0.960
1581527940,+3.33, +2.511, +0.166,+0.960
1581528000,+3.33, +2.490, +0.167,+0.960
1581528060,+3.33, +2.500, +0.166,+0.960
1581528120,+3.33, +2.500, +0.168,+0.960
1581528180,+3.33, +2.511, +0.168,+0.960
1581528240,+3.33, +2.511, +0.169,+0.960
1581528300,+3.33, +2.490, +0.167,+0.960
1581528360,+3.33, +2.490, +0.165,+0.960
1581528420,+3.33, +2.468, +0.167,+0.960
1581528480,+3.33, +2.490, +0.168,+0.960
1581528540,+3.33, +2.490, +0.166,+0.960
1581528600,+3.33, +2.500, +0.168,+0.960
1581528660,+3.33, +2.479, +0.167,+0.960
1581528720,+3.33, +2.500, +0.167,+0.960
1581528780,+3.33, +2.511, +0.168,+0.960
1581528840,+3.33, +2.500, +0.168,+0.960
1581528900,+3.33, +2.500, +0.167,+0.960
1581528960,+3.33, +2.490, +0.168,+0.960
1581529020,+3.33, +2.490, +0.166,+0.960
1581529080,+3.33, +2.511, +0.167,+0.960
1581529140,+3.33, +2.500, +0.165,+0.960
1581529200,+3.33, +2.490, +0.167,+0.960
1581529260,+3.33, +2.490, +0.166,+0.960
1581529320,+3.33, +2.500, +0.167,+0.960
1581529380,+3.33, +2.490, +0.165,+0.960
1581529440,+3.33, +2.490, +0.165,+0.960
1581529500,+3.33, +2.500, +0.167,+0.960
1581529560,+3.33, +2.490, +0.167,+0.960
1581529620,+3.33, +2.490, +0.166,+0.960
1581529680,+3.33, +2.500, +0.167,+0.960
1581529740,+3.33, +2.500, +0.166,+0.960
1581529800,+3.33, +2.468, +0.166,+0.960
1581529860,+3.33, +2.500, +0.168,+0.960
1581529920,+3.33, +2.500, +0.166,+0.960
1581529980,+3.33, +2.500, +0.167,+0.960
1581530040,+3.33, +2.500, +0.167,+0.960
1581530100,+3.33, +2.468, +0.167,+0.960
1581530160,+3.33, +2.500, +0.168,+0.960
1581530220,+3.33, +2.490, +0.168,+0.960
1581530280,+3.33, +2.479, +0.167,+0.960
1581530340,+3.33, +2.500, +0.169,+0.960
1581530400,+3.33, +2.500, +0.166,+0.960
1581530460,+3.33, +2.511, +0.167,+0.960
1581530520,+3.33, +2.500, +0.166,+0.960
1581530580,+3.33, +2.500, +0.166,+0.960
1581530640,+3.33, +2.490, +0.168,+0.960
1581530700,+3.33, +2.490, +0.168,+0.960
1581530760,+3.33, +2.511, +0.167,+0.960
1581530820,+3.33, +2.500, +0.166,+0.960
1581530880,+3.33, +2.533, +0.164,+0.960
1581530940,+3.33, +2.490, +0.167,+0.960
1581531000,+3.33, +2.479, +0.167,+0.960
1581531060,+3.33, +2.490, +0.167,+0.960
1581531120,+3.33, +2.500, +0.167,+0.960
1581531180,+3.33, +2.500, +0.168,+0.960
1581531240,+3.33, +2.490, +0.167,+0.960
1581531300,+3.33, +2.522, +0.166,+0.960
1581531360,+3.33, +2.468, +0.168,+0.960
1581531420,+3.33, +2.500, +0.168,+0.960
1581531480,+3.33, +2.479, +0.166,+0.960
1581531540,+3.33, +2.468, +0.167,+0.960
1581531600,+3.33, +2.522, +0.166,+0.960
1581531660,+3.33, +2.500, +0.166,+0.960
1581531720,+3.33, +2.500, +0.168,+0.960
1581531780,+3.33, +2.511, +0.168,+0.960
1581531840,+3.33, +2.511, +0.167,+0.960
1581531900,+3.33, +2.500, +0.165,+0.960
1581531960,+3.33, +2.490, +0.167,+0.960
1581532020,+3.33, +2.500, +0.167,+0.960
1581532080,+3.33, +2.500, +0.166,+0.960
1581532140,+3.33, +2.500, +0.167,+0.960
1581532200,+3.33, +2.490, +0.166,+0.960
1581532260,+3.33, +2.490, +0.167,+0.960
1581532320,+3.33, +2.500, +0.167,+0.960
1581532380,+3.33, +2.490, +0.167,+0.960
1581532440,+3.33, +2.446, +0.166,+0.960
1581532500,+3.33, +2.490, +0.168,+0.960
1581532560,+3.34, +2.479, +0.167,+0.960
1581532620,+3.33, +2.500, +0.164,+0.960
1581532680,+3.33, +2.479, +0.168,+0.960
1581532740,+3.33, +2.500, +0.168,+0.960
1581532800,+3.33, +2.500, +0.166,+0.960
1581532860,+3.33, +2.436, +0.167,+0.960
1581532920,+3.33, +2.468, +0.167,+0.960
1581532980,+3.33, +2.479, +0.167,+0.960
1581533040,+3.33, +2.479, +0.167,+0.960
1581533100,+3.33, +2.500, +0.168,+0.960
1581533160,+3.33, +2.490, +0.166,+0.960
1581533220,+3.33, +2.500, +0.166,+0.960
1581533280,+3.33, +2.500, +0.166,+0.960
1581533340,+3.33, +2.479, +0.167,+0.960
1581533400,+3.33, +2.500, +0.168,+0.960
1581533460,+3.33, +2.500, +0.166,+0.960
1581533520,+3.34, +2.490, +0.167,+0.960
1581533580,+3.33, +2.490, +0.166,+0.960
1581533640,+3.33, +2.511, +0.166,+0.960
1581533700,+3.33, +2.500, +0.166,+0.960
1581533760,+3.33, +2.479, +0.166,+0.960
1581533820,+3.33, +2.500, +0.166,+0.960
1581533880,+3.33, +2.500, +0.167,+0.960
1581533940,+3.33, +2.511, +0.168,+0.960
1581534000,+3.33, +2.500, +0.167,+0.960
1581534060,+3.33, +2.490, +0.167,+0.960
1581534120,+3.33, +2.479, +0.167,+0.960
1581534180,+3.33, +2.500, +0.168,+0.960
1581534240,+3.33, +2.490, +0.166,+0.960
1581534300,+3.33, +2.490, +0.165,+0.960
1581534360,+3.33, +2.490, +0.166,+0.960
1581534420,+3.33, +2.522, +0.166,+0.960
1581534480,+3.33, +2.490, +0.166,+0.960
1581534540,+3.33, +2.490, +0.167,+0.960
1581534600,+3.33, +2.490, +0.167,+0.960
1581534660,+3.33, +2.522, +0.167,+0.960
1581534720,+3.33, +2.490, +0.168,+0.960
1581534780,+3.33, +2.500, +0.165,+0.960
1581534840,+3.33, +2.522, +0.166,+0.960
1581534900,+3.33, +2.490, +0.168,+0.960
1581534960,+3.33, +2.500, +0.168,+0.960
1581535020,+3.33, +2.468, +0.167,+0.960
1581535080,+3.33, +2.500, +0.166,+0.960
1581535140,+3.33, +2.511, +0.168,+0.960
1581535200,+3.33, +2.479, +0.166,+0.960
1581535260,+3.33, +2.490, +0.168,+0.960
1581535320,+3.34, +2.522, +0.166,+0.960
1581535380,+3.33, +2.500, +0.169,+0.960
1581535440,+3.33, +2.500, +0.167,+0.960
1581535500,+3.33, +2.500, +0.166,+0.960
1581535560,+3.33, +2.511, +0.166,+0.960
1581535620,+3.33, +2.468, +0.167,+0.960
1581535680,+3.33, +2.522, +0.165,+0.960
1581535740,+3.33, +2.490, +0.166,+0.960
1581535800,+3.33, +2.490, +0.168,+0.960
1581535860,+3.33, +2.490, +0.166,+0.960
1581535920,+3.33, +2.490, +0.168,+0.960
1581535980,+3.33, +2.511, +0.166,+0.960
1581536040,+3.33, +2.511, +0.166,+0.960
1581536100,+3.33, +2.479, +0.167,+0.960
1581536160,+3.33, +2.500, +0.165,+0.960
1581536220,+3.33, +2.500, +0.168,+0.960
1581536280,+3.33, +2.511, +0.167,+0.960
1581536340,+3.33, +2.500, +0.166,+0.960
1581536400,+3.33, +2.490, +0.166,+0.960
1581536460,+3.33, +2.511, +0.166,+0.960
1581536520,+3.33, +2.479, +0.167,+0.960
1581536580,+3.33, +2.490, +0.168,+0.960
1581536640,+3.33, +2.490, +0.167,+0.960
1581536700,+3.33, +2.490, +0.166,+0.960
1581536760,+3.33, +2.500, +0.167,+0.960
1581536820,+3.33, +2.479, +0.166,+0.960
1581536880,+3.33, +2.490, +0.167,+0.960
1581536940,+3.33, +2.500, +0.167,+0.960
1581537000,+3.33, +2.479, +0.168,+0.960
1581537060,+3.33, +2.500, +0.166,+0.960
1581537120,+3.33, +2.490, +0.167,+0.960
1581537180,+3.33, +2.511, +0.166,+0.960
1581537240,+3.33, +2.500, +0.167,+0.960
1581537300,+3.33, +2.490, +0.165,+0.960
1581537360,+3.33, +2.479, +0.167,+0.960
1581537420,+3.33, +2.490, +0.167,+0.960
1581537480,+3.33, +2.490, +0.167,+0.960
1581537540,+3.33, +2.490, +0.167,+0.960
1581537600,+3.33, +2.490, +0.166,+0.960
1581537660,+3.33, +2.479, +0.167,+0.960
1581537720,+3.33, +2.490, +0.167,+0.960
1581537780,+3.33, +2.490, +0.167,+0.960
1581537840,+3.33, +2.490, +0.165,+0.960
1581537900,+3.33, +2.468, +0.167,+0.960
1581537960,+3.33, +2.490, +0.169,+0.960
1581538020,+3.33, +2.490, +0.167,+0.960
1581538080,+3.33, +2.500, +0.167,+0.960
1581538140,+3.33, +2.500, +0.166,+0.960
1581538200,+3.33, +2.468, +0.167,+0.960
1581538260,+3.33, +2.490, +0.168,+0.960
1581538320,+3.33, +2.490, +0.168,+0.960
1581538380,+3.33, +2.468, +0.167,+0.960
1581538440,+3.33, +2.511, +0.166,+0.960
1581538500,+3.33, +2.500, +0.165,+0.960
1581538560,+3.33, +2.457, +0.167,+0.960
1581538620,+3.33, +2.468, +0.167,+0.960
1581538680,+3.33, +2.490, +0.166,+0.960
1581538740,+3.33, +2.522, +0.167,+0.960
1581538800,+3.33, +2.479, +0.167,+0.960
1581538860,+3.33, +2.500, +0.167,+0.960
1581538920,+3.33, +2.468, +0.167,+0.960
1581538980,+3.33, +2.511, +0.166,+0.960
1581539040,+3.33, +2.500, +0.166,+0.960
1581539100,+3.33, +2.479, +0.168,+0.960
1581539160,+3.33, +2.490, +0.166,+0.960
1581539220,+3.33, +2.533, +0.165,+0.960
1581539280,+3.33, +2.500, +0.166,+0.960
1581539340,+3.33, +2.490, +0.166,+0.960
1581539400,+3.33, +2.500, +0.168,+0.960
1581539460,+3.33, +2.490, +0.167,+0.960
1581539520,+3.33, +2.490, +0.167,+0.960
1581539580,+3.33, +2.468, +0.167,+0.960
1581539640,+3.33, +2.490, +0.165,+0.960
1581539700,+3.33, +2.490, +0.167,+0.960
1581539760,+3.33, +2.490, +0.166,+0.960
1581539820,+3.33, +2.490, +0.166,+0.960
1581539880,+3.33, +2.511, +0.167,+0.960
1581539940,+3.33, +2.500, +0.165,+0.960
1581540000,+3.33, +2.468, +0.167,+0.960
1581540060,+3.33, +2.500, +0.167,+0.960
1581540120,+3.33, +2.490, +0.167,+0.960
1581540180,+3.33, +2.479, +0.167,+0.960
1581540240,+3.33, +2.479, +0.167,+0.960
1581540300,+3.33, +2.490, +0.167,+0.960
1581540360,+3.33, +2.511, +0.167,+0.960
1581540420,+3.33, +2.500, +0.167,+0.960
1581540480,+3.33, +2.490, +0.166,+0.960
1581540540,+3.33, +2.490, +0.168,+0.960
1581540600,+3.33, +2.457, +0.166,+0.960
