7392-570653
OS REV: 1.11 Sensor Cal: 1428445788
Time (sec),  BV (Volts),  T (deg C),  DO (mg/l),  Q ()
1585860660,+3.31, +1.805, +0.179,+0.960
1585860720,+3.31, +1.827, +0.178,+0.960
1585860780,+3.31, +1.827, +0.178,+0.960
1585860840,+3.31, +1.805, +0.177,+0.960
1585860900,+3.31, +1.860, +0.176,+0.960
1585860960,+3.31, +1.838, +0.177,+0.960
1585861020,+3.31, +1.827, +0.177,+0.960
1585861080,+3.31, +1.838, +0.178,+0.960
1585861140,+3.31, +1.827, +0.176,+0.959
1585861200,+3.31, +1.860, +0.185,+0.960
1585861260,+3.31, +1.838, +0.191,+0.960
1585861320,+3.31, +1.838, +0.191,+0.960
1585861380,+3.31, +1.827, +0.192,+0.960
1585861440,+3.31, +1.816, +0.195,+0.960
1585861500,+3.31, +1.838, +0.193,+0.960
1585861560,+3.31, +1.849, +0.193,+0.960
1585861620,+3.31, +1.838, +0.192,+0.960
1585861680,+3.31, +1.838, +0.190,+0.960
1585861740,+3.31, +1.838, +0.191,+0.960
1585861800,+3.31, +1.849, +0.189,+0.960
1585861860,+3.31, +1.871, +0.188,+0.960
1585861920,+3.31, +1.849, +0.187,+0.960
1585861980,+3.31, +1.838, +0.185,+0.960
1585862040,+3.31, +1.816, +0.187,+0.960
1585862100,+3.31, +1.860, +0.185,+0.960
1585862160,+3.31, +1.805, +0.183,+0.960
1585862220,+3.31, +1.827, +0.183,+0.960
1585862280,+3.31, +1.838, +0.181,+0.960
1585862340,+3.31, +1.849, +0.181,+0.960
1585862400,+3.31, +1.860, +0.180,+0.960
1585862460,+3.31, +1.849, +0.180,+0.960
1585862520,+3.31, +1.838, +0.178,+0.960
1585862580,+3.31, +1.838, +0.177,+0.960
1585862640,+3.31, +1.838, +0.177,+0.960
1585862700,+3.31, +1.838, +0.179,+0.960
1585862760,+3.31, +1.827, +0.177,+0.960
1585862820,+3.31, +1.838, +0.177,+0.960
1585862880,+3.31, +1.849, +0.175,+0.960
1585862940,+3.31, +1.849, +0.175,+0.960
1585863000,+3.31, +1.849, +0.176,+0.960
1585863060,+3.31, +1.838, +0.174,+0.960
1585863120,+3.31, +1.816, +0.173,+0.960
1585863180,+3.31, +1.871, +0.174,+0.960
1585863240,+3.31, +1.849, +0.175,+0.960
1585863300,+3.31, +1.849, +0.172,+0.960
1585863360,+3.31, +1.871, +0.173,+0.960
1585863420,+3.31, +1.860, +0.175,+0.960
1585863480,+3.31, +1.838, +0.175,+0.960
1585863540,+3.31, +1.827, +0.173,+0.960
1585863600,+3.31, +1.849, +0.172,+0.960
1585863660,+3.31, +1.849, +0.172,+0.960
1585863720,+3.31, +1.849, +0.172,+0.960
1585863780,+3.31, +1.838, +0.172,+0.960
1585863840,+3.31, +1.849, +0.172,+0.960
1585863900,+3.31, +1.838, +0.171,+0.960
1585863960,+3.31, +1.849, +0.173,+0.960
1585864020,+3.31, +1.860, +0.171,+0.960
1585864080,+3.31, +1.860, +0.174,+0.960
1585864140,+3.31, +1.849, +0.173,+0.960
1585864200,+3.31, +1.849, +0.172,+0.960
1585864260,+3.31, +1.860, +0.172,+0.960
1585864320,+3.31, +1.871, +0.172,+0.960
1585864380,+3.31, +1.871, +0.173,+0.960
1585864440,+3.31, +1.849, +0.172,+0.960
1585864500,+3.31, +1.838, +0.172,+0.960
1585864560,+3.31, +1.871, +0.172,+0.960
1585864620,+3.31, +1.871, +0.173,+0.960
1585864680,+3.31, +1.849, +0.172,+0.960
1585864740,+3.31, +1.860, +0.172,+0.960
1585864800,+3.31, +1.860, +0.172,+0.960
1585864860,+3.31, +1.849, +0.173,+0.960
1585864920,+3.31, +1.860, +0.172,+0.960
1585864980,+3.31, +1.827, +0.173,+0.960
1585865040,+3.31, +1.871, +0.173,+0.960
1585865100,+3.31, +1.838, +0.171,+0.960
1585865160,+3.31, +1.871, +0.173,+0.960
1585865220,+3.31, +1.849, +0.174,+0.960
1585865280,+3.31, +1.860, +0.174,+0.960
1585865340,+3.31, +1.849, +0.172,+0.960
1585865400,+3.31, +1.849, +0.171,+0.960
1585865460,+3.31, +1.827, +0.172,+0.960
1585865520,+3.31, +1.849, +0.172,+0.960
1585865580,+3.31, +1.860, +0.171,+0.960
1585865640,+3.31, +1.871, +0.172,+0.960
1585865700,+3.31, +1.882, +0.173,+0.960
1585865760,+3.31, +1.860, +0.172,+0.960
1585865820,+3.31, +1.871, +0.174,+0.960
1585865880,+3.31, +1.849, +0.170,+0.959
1585865940,+3.31, +1.849, +0.173,+0.960
1585866000,+3.31, +1.849, +0.172,+0.960
1585866060,+3.31, +1.838, +0.172,+0.960
1585866120,+3.31, +1.860, +0.171,+0.960
1585866180,+3.31, +1.838, +0.171,+0.959
1585866240,+3.31, +1.860, +0.173,+0.960
1585866300,+3.31, +1.871, +0.171,+0.960
1585866360,+3.31, +1.871, +0.171,+0.960
1585866420,+3.31, +1.871, +0.171,+0.960
1585866480,+3.31, +1.871, +0.173,+0.960
1585866540,+3.31, +1.860, +0.171,+0.960
1585866600,+3.31, +1.871, +0.173,+0.960
1585866660,+3.31, +1.849, +0.173,+0.960
1585866720,+3.31, +1.871, +0.173,+0.960
1585866780,+3.31, +1.882, +0.172,+0.960
1585866840,+3.31, +1.882, +0.171,+0.960
1585866900,+3.31, +1.838, +0.171,+0.959
1585866960,+3.31, +1.860, +0.172,+0.960
1585867020,+3.31, +1.860, +0.171,+0.959
1585867080,+3.31, +1.871, +0.173,+0.960
1585867140,+3.31, +1.882, +0.170,+0.960
1585867200,+3.31, +1.871, +0.172,+0.960
1585867260,+3.31, +1.871, +0.174,+0.960
1585867320,+3.31, +1.871, +0.172,+0.960
1585867380,+3.31, +1.860, +0.172,+0.960
1585867440,+3.31, +1.860, +0.171,+0.960
1585867500,+3.31, +1.871, +0.173,+0.960
1585867560,+3.31, +1.893, +0.170,+0.960
1585867620,+3.31, +1.849, +0.171,+0.960
1585867680,+3.31, +1.871, +0.171,+0.960
1585867740,+3.31, +1.871, +0.172,+0.960
1585867800,+3.31, +1.860, +0.173,+0.960
1585867860,+3.31, +1.882, +0.172,+0.960
1585867920,+3.31, +1.849, +0.172,+0.960
1585867980,+3.31, +1.871, +0.171,+0.960
1585868040,+3.31, +1.871, +0.171,+0.960
1585868100,+3.31, +1.893, +0.172,+0.960
1585868160,+3.31, +1.882, +0.171,+0.960
1585868220,+3.31, +1.860, +0.174,+0.960
1585868280,+3.31, +1.871, +0.173,+0.960
1585868340,+3.31, +1.860, +0.172,+0.960
1585868400,+3.31, +1.860, +0.172,+0.960
1585868460,+3.31, +1.860, +0.172,+0.960
1585868520,+3.31, +1.871, +0.173,+0.960
1585868580,+3.31, +1.882, +0.171,+0.960
1585868640,+3.31, +1.871, +0.172,+0.960
1585868700,+3.31, +1.904, +0.170,+0.960
1585868760,+3.31, +1.893, +0.173,+0.960
1585868820,+3.31, +1.871, +0.170,+0.960
1585868880,+3.31, +1.838, +0.174,+0.960
1585868940,+3.31, +1.882, +0.172,+0.960
1585869000,+3.31, +1.882, +0.173,+0.960
1585869060,+3.31, +1.904, +0.172,+0.960
1585869120,+3.31, +1.871, +0.171,+0.960
1585869180,+3.31, +1.893, +0.171,+0.960
1585869240,+3.31, +1.882, +0.171,+0.960
1585869300,+3.31, +1.871, +0.173,+0.960
1585869360,+3.31, +1.904, +0.171,+0.960
1585869420,+3.31, +1.871, +0.172,+0.960
1585869480,+3.31, +1.882, +0.170,+0.959
1585869540,+3.31, +1.860, +0.171,+0.960
1585869600,+3.31, +1.871, +0.171,+0.960
1585869660,+3.31, +1.882, +0.173,+0.960
1585869720,+3.31, +1.893, +0.172,+0.960
1585869780,+3.31, +1.882, +0.173,+0.960
1585869840,+3.31, +1.860, +0.172,+0.960
1585869900,+3.31, +1.882, +0.174,+0.960
1585869960,+3.31, +1.893, +0.171,+0.960
1585870020,+3.31, +1.882, +0.171,+0.959
1585870080,+3.31, +1.882, +0.171,+0.959
1585870140,+3.31, +1.860, +0.172,+0.960
1585870200,+3.31, +1.882, +0.172,+0.960
1585870260,+3.31, +1.871, +0.173,+0.960
1585870320,+3.31, +1.893, +0.170,+0.960
1585870380,+3.31, +1.893, +0.172,+0.960
1585870440,+3.31, +1.860, +0.172,+0.960
1585870500,+3.31, +1.882, +0.170,+0.960
1585870560,+3.31, +1.871, +0.173,+0.960
1585870620,+3.31, +1.871, +0.171,+0.960
1585870680,+3.31, +1.860, +0.171,+0.959
1585870740,+3.31, +1.849, +0.173,+0.960
1585870800,+3.31, +1.860, +0.174,+0.960
1585870860,+3.31, +1.849, +0.172,+0.960
1585870920,+3.31, +1.882, +0.173,+0.960
1585870980,+3.31, +1.893, +0.172,+0.960
1585871040,+3.31, +1.893, +0.171,+0.960
1585871100,+3.31, +1.849, +0.172,+0.959
1585871160,+3.31, +1.882, +0.170,+0.959
1585871220,+3.31, +1.904, +0.172,+0.960
1585871280,+3.31, +1.893, +0.171,+0.960
1585871340,+3.31, +1.893, +0.170,+0.959
1585871400,+3.31, +1.882, +0.170,+0.959
1585871460,+3.31, +1.871, +0.172,+0.960
1585871520,+3.31, +1.882, +0.172,+0.960
1585871580,+3.31, +1.882, +0.170,+0.959
1585871640,+3.31, +1.849, +0.171,+0.959
1585871700,+3.31, +1.904, +0.169,+0.960
1585871760,+3.31, +1.893, +0.172,+0.960
1585871820,+3.31, +1.860, +0.172,+0.959
1585871880,+3.31, +1.871, +0.172,+0.960
1585871940,+3.31, +1.882, +0.172,+0.960
1585872000,+3.31, +1.882, +0.171,+0.960
1585872060,+3.31, +1.904, +0.171,+0.960
1585872120,+3.31, +1.904, +0.172,+0.960
1585872180,+3.31, +1.882, +0.170,+0.960
1585872240,+3.31, +1.860, +0.174,+0.960
1585872300,+3.31, +1.893, +0.173,+0.960
1585872360,+3.31, +1.860, +0.171,+0.960
1585872420,+3.31, +1.860, +0.171,+0.960
1585872480,+3.31, +1.871, +0.172,+0.960
1585872540,+3.31, +1.871, +0.172,+0.960
1585872600,+3.31, +1.871, +0.173,+0.960
1585872660,+3.31, +1.838, +0.171,+0.959
1585872720,+3.31, +1.849, +0.171,+0.960
1585872780,+3.31, +1.871, +0.173,+0.960
1585872840,+3.31, +1.893, +0.172,+0.960
1585872900,+3.31, +1.860, +0.171,+0.959
1585872960,+3.31, +1.827, +0.173,+0.960
1585873020,+3.31, +1.860, +0.172,+0.960
1585873080,+3.31, +1.860, +0.173,+0.960
1585873140,+3.31, +1.871, +0.171,+0.960
1585873200,+3.31, +1.838, +0.173,+0.960
1585873260,+3.31, +1.849, +0.172,+0.960
1585873320,+3.31, +1.849, +0.172,+0.960
1585873380,+3.31, +1.860, +0.172,+0.960
1585873440,+3.31, +1.860, +0.173,+0.960
1585873500,+3.31, +1.838, +0.173,+0.960
1585873560,+3.31, +1.827, +0.173,+0.959
1585873620,+3.31, +1.849, +0.172,+0.960
1585873680,+3.31, +1.882, +0.172,+0.960
1585873740,+3.31, +1.849, +0.171,+0.960
1585873800,+3.31, +1.827, +0.171,+0.960
1585873860,+3.31, +1.871, +0.173,+0.960
1585873920,+3.31, +1.838, +0.173,+0.960
1585873980,+3.31, +1.882, +0.172,+0.960
1585874040,+3.31, +1.849, +0.174,+0.960
1585874100,+3.31, +1.860, +0.172,+0.960
1585874160,+3.31, +1.838, +0.173,+0.960
1585874220,+3.31, +1.838, +0.171,+0.960
1585874280,+3.31, +1.838, +0.173,+0.960
1585874340,+3.31, +1.860, +0.170,+0.960
1585874400,+3.31, +1.860, +0.171,+0.959
1585874460,+3.31, +1.838, +0.172,+0.960
1585874520,+3.31, +1.849, +0.174,+0.960
1585874580,+3.31, +1.860, +0.171,+0.959
1585874640,+3.31, +1.838, +0.173,+0.960
1585874700,+3.31, +1.827, +0.172,+0.960
1585874760,+3.31, +1.794, +0.172,+0.960
1585874820,+3.31, +1.816, +0.173,+0.960
1585874880,+3.31, +1.838, +0.170,+0.959
1585874940,+3.31, +1.827, +0.172,+0.960
1585875000,+3.31, +1.849, +0.170,+0.960
1585875060,+3.31, +1.838, +0.173,+0.960
1585875120,+3.31, +1.816, +0.171,+0.960
1585875180,+3.31, +1.816, +0.174,+0.960
1585875240,+3.31, +1.772, +0.172,+0.959
1585875300,+3.31, +1.838, +0.172,+0.960
1585875360,+3.31, +1.849, +0.171,+0.960
1585875420,+3.31, +1.816, +0.174,+0.960
1585875480,+3.31, +1.816, +0.172,+0.960
1585875540,+3.31, +1.860, +0.173,+0.960
1585875600,+3.31, +1.816, +0.172,+0.959
1585875660,+3.31, +1.827, +0.173,+0.960
1585875720,+3.31, +1.805, +0.172,+0.960
1585875780,+3.31, +1.849, +0.174,+0.960
1585875840,+3.31, +1.860, +0.172,+0.960
1585875900,+3.31, +1.827, +0.171,+0.960
1585875960,+3.31, +1.827, +0.172,+0.960
1585876020,+3.31, +1.827, +0.173,+0.960
1585876080,+3.31, +1.805, +0.173,+0.960
1585876140,+3.31, +1.849, +0.172,+0.960
1585876200,+3.31, +1.849, +0.172,+0.960
1585876260,+3.31, +1.827, +0.171,+0.960
1585876320,+3.31, +1.805, +0.174,+0.960
1585876380,+3.31, +1.816, +0.172,+0.960
1585876440,+3.31, +1.816, +0.172,+0.960
1585876500,+3.31, +1.805, +0.171,+0.959
1585876560,+3.31, +1.827, +0.173,+0.960
1585876620,+3.31, +1.849, +0.171,+0.960
1585876680,+3.31, +1.838, +0.172,+0.960
1585876740,+3.31, +1.783, +0.173,+0.959
1585876800,+3.31, +1.849, +0.171,+0.960
1585876860,+3.31, +1.794, +0.170,+0.959
1585876920,+3.31, +1.805, +0.172,+0.960
1585876980,+3.31, +1.805, +0.172,+0.960
1585877040,+3.31, +1.827, +0.173,+0.960
1585877100,+3.31, +1.805, +0.172,+0.960
1585877160,+3.31, +1.805, +0.171,+0.959
1585877220,+3.31, +1.805, +0.175,+0.960
1585877280,+3.31, +1.838, +0.171,+0.960
1585877340,+3.31, +1.838, +0.172,+0.960
1585877400,+3.31, +1.827, +0.171,+0.960
1585877460,+3.31, +1.805, +0.172,+0.960
1585877520,+3.31, +1.816, +0.172,+0.960
1585877580,+3.31, +1.805, +0.172,+0.960
1585877640,+3.31, +1.805, +0.173,+0.960
1585877700,+3.31, +1.827, +0.171,+0.960
1585877760,+3.31, +1.816, +0.172,+0.960
1585877820,+3.31, +1.827, +0.172,+0.960
1585877880,+3.31, +1.838, +0.173,+0.960
1585877940,+3.31, +1.838, +0.172,+0.960
1585878000,+3.31, +1.838, +0.173,+0.960
1585878060,+3.31, +1.838, +0.172,+0.960
1585878120,+3.31, +1.805, +0.173,+0.960
1585878180,+3.31, +1.816, +0.172,+0.960
1585878240,+3.31, +1.827, +0.173,+0.960
1585878300,+3.31, +1.816, +0.173,+0.960
1585878360,+3.31, +1.805, +0.173,+0.960
1585878420,+3.31, +1.816, +0.174,+0.960
1585878480,+3.31, +1.838, +0.171,+0.960
1585878540,+3.31, +1.816, +0.172,+0.960
1585878600,+3.31, +1.827, +0.173,+0.960
1585878660,+3.31, +1.805, +0.171,+0.960
1585878720,+3.31, +1.838, +0.173,+0.960
1585878780,+3.31, +1.816, +0.174,+0.960
1585878840,+3.31, +1.783, +0.173,+0.960
1585878900,+3.31, +1.816, +0.172,+0.960
1585878960,+3.31, +1.816, +0.172,+0.960
1585879020,+3.31, +1.805, +0.173,+0.960
1585879080,+3.31, +1.794, +0.173,+0.960
1585879140,+3.31, +1.816, +0.170,+0.960
1585879200,+3.31, +1.816, +0.172,+0.960
1585879260,+3.31, +1.827, +0.172,+0.960
1585879320,+3.31, +1.827, +0.173,+0.960
1585879380,+3.31, +1.816, +0.174,+0.960
1585879440,+3.31, +1.816, +0.173,+0.960
1585879500,+3.31, +1.805, +0.173,+0.960
1585879560,+3.31, +1.805, +0.173,+0.960
1585879620,+3.31, +1.805, +0.172,+0.960
1585879680,+3.31, +1.805, +0.172,+0.960
1585879740,+3.31, +1.816, +0.172,+0.960
1585879800,+3.31, +1.805, +0.171,+0.960
1585879860,+3.31, +1.794, +0.173,+0.960
1585879920,+3.31, +1.816, +0.173,+0.960
1585879980,+3.31, +1.805, +0.172,+0.960
1585880040,+3.31, +1.827, +0.172,+0.960
1585880100,+3.31, +1.827, +0.170,+0.960
1585880160,+3.31, +1.827, +0.172,+0.960
1585880220,+3.31, +1.794, +0.172,+0.960
1585880280,+3.31, +1.783, +0.172,+0.959
1585880340,+3.31, +1.816, +0.173,+0.960
1585880400,+3.31, +1.816, +0.172,+0.960
1585880460,+3.31, +1.816, +0.173,+0.960
1585880520,+3.31, +1.816, +0.172,+0.960
1585880580,+3.31, +1.794, +0.172,+0.960
1585880640,+3.31, +1.805, +0.171,+0.960
1585880700,+3.31, +1.816, +0.174,+0.960
1585880760,+3.31, +1.827, +0.174,+0.960
1585880820,+3.31, +1.838, +0.172,+0.960
1585880880,+3.31, +1.827, +0.173,+0.960
1585880940,+3.31, +1.805, +0.172,+0.960
1585881000,+3.31, +1.838, +0.172,+0.960
1585881060,+3.31, +1.838, +0.171,+0.960
1585881120,+3.31, +1.838, +0.171,+0.960
1585881180,+3.31, +1.838, +0.173,+0.960
1585881240,+3.31, +1.827, +0.173,+0.960
1585881300,+3.31, +1.860, +0.172,+0.960
1585881360,+3.31, +1.827, +0.172,+0.960
1585881420,+3.31, +1.849, +0.171,+0.960
1585881480,+3.31, +1.849, +0.171,+0.960
1585881540,+3.31, +1.838, +0.171,+0.960
1585881600,+3.31, +1.816, +0.173,+0.960
1585881660,+3.31, +1.838, +0.172,+0.960
1585881720,+3.31, +1.838, +0.173,+0.960
1585881780,+3.31, +1.849, +0.172,+0.960
1585881840,+3.31, +1.827, +0.171,+0.960
1585881900,+3.31, +1.794, +0.174,+0.960
1585881960,+3.31, +1.860, +0.172,+0.960
1585882020,+3.31, +1.827, +0.173,+0.960
1585882080,+3.31, +1.827, +0.173,+0.960
1585882140,+3.31, +1.827, +0.172,+0.960
1585882200,+3.31, +1.838, +0.172,+0.960
1585882260,+3.31, +1.849, +0.173,+0.960
1585882320,+3.31, +1.838, +0.171,+0.960
1585882380,+3.31, +1.838, +0.172,+0.960
1585882440,+3.31, +1.816, +0.173,+0.960
1585882500,+3.31, +1.849, +0.171,+0.960
1585882560,+3.31, +1.838, +0.172,+0.960
1585882620,+3.31, +1.827, +0.171,+0.959
1585882680,+3.31, +1.849, +0.173,+0.960
1585882740,+3.31, +1.838, +0.172,+0.960
1585882800,+3.31, +1.882, +0.204,+0.960
1585882860,+3.31, +1.871, +0.217,+0.961
1585882920,+3.31, +1.827, +0.224,+0.960
1585882980,+3.31, +1.860, +0.228,+0.961
1585883040,+3.31, +1.882, +0.228,+0.961
1585883100,+3.31, +1.860, +0.231,+0.961
1585883160,+3.31, +1.860, +0.229,+0.961
1585883220,+3.31, +1.860, +0.230,+0.961
1585883280,+3.31, +1.827, +0.230,+0.960
1585883340,+3.31, +1.838, +0.230,+0.961
1585883400,+3.31, +1.838, +0.230,+0.960
1585883460,+3.31, +1.827, +0.231,+0.961
1585883520,+3.31, +1.860, +0.230,+0.961
1585883580,+3.31, +1.816, +0.233,+0.961
1585883640,+3.31, +1.838, +0.232,+0.960
1585883700,+3.31, +1.849, +0.234,+0.961
1585883760,+3.31, +1.838, +0.235,+0.961
1585883820,+3.31, +1.860, +0.233,+0.961
1585883880,+3.31, +1.849, +0.236,+0.961
1585883940,+3.31, +1.827, +0.235,+0.961
1585884000,+3.31, +1.838, +0.234,+0.961
1585884060,+3.31, +1.827, +0.234,+0.961
1585884120,+3.31, +1.849, +0.231,+0.961
1585884180,+3.31, +1.849, +0.229,+0.961
1585884240,+3.31, +1.849, +0.228,+0.961
1585884300,+3.31, +1.849, +0.224,+0.961
1585884360,+3.31, +1.805, +0.223,+0.961
1585884420,+3.31, +1.849, +0.220,+0.961
1585884480,+3.31, +1.838, +0.216,+0.960
1585884540,+3.31, +1.838, +0.212,+0.960
1585884600,+3.31, +1.838, +0.213,+0.961
1585884660,+3.31, +1.849, +0.210,+0.960
1585884720,+3.31, +1.860, +0.206,+0.960
1585884780,+3.31, +1.838, +0.208,+0.960
1585884840,+3.31, +1.860, +0.204,+0.960
1585884900,+3.31, +1.827, +0.206,+0.960
1585884960,+3.31, +1.794, +0.203,+0.960
1585885020,+3.31, +1.827, +0.203,+0.960
1585885080,+3.31, +1.860, +0.208,+0.960
1585885140,+3.31, +1.838, +0.218,+0.960
1585885200,+3.31, +1.838, +0.230,+0.961
1585885260,+3.31, +1.827, +0.240,+0.961
1585885320,+3.31, +1.827, +0.246,+0.961
1585885380,+3.31, +1.849, +0.251,+0.961
1585885440,+3.31, +1.849, +0.252,+0.961
1585885500,+3.31, +1.805, +0.254,+0.961
1585885560,+3.31, +1.838, +0.255,+0.961
1585885620,+3.31, +1.772, +0.258,+0.961
1585885680,+3.31, +1.827, +0.253,+0.961
1585885740,+3.31, +1.871, +0.254,+0.961
1585885800,+3.31, +1.816, +0.254,+0.961
1585885860,+3.31, +1.827, +0.252,+0.961
1585885920,+3.31, +1.816, +0.250,+0.961
1585885980,+3.31, +1.838, +0.266,+0.961
1585886040,+3.31, +1.827, +0.343,+0.962
1585886100,+3.31, +1.827, +0.427,+0.963
1585886160,+3.31, +1.805, +0.499,+0.964
1585886220,+3.31, +1.794, +0.550,+0.965
1585886280,+3.31, +1.827, +0.581,+0.965
1585886340,+3.31, +1.816, +0.593,+0.965
1585886400,+3.31, +1.805, +0.598,+0.966
1585886460,+3.31, +1.838, +0.602,+0.966
1585886520,+3.31, +1.805, +0.603,+0.965
1585886580,+3.31, +1.827, +0.602,+0.966
1585886640,+3.31, +1.838, +0.603,+0.966
1585886700,+3.31, +1.805, +0.611,+0.966
1585886760,+3.31, +1.827, +0.618,+0.966
1585886820,+3.31, +1.816, +0.626,+0.966
1585886880,+3.31, +1.827, +0.626,+0.966
1585886940,+3.31, +1.827, +0.620,+0.966
1585887000,+3.31, +1.783, +0.611,+0.966
1585887060,+3.31, +1.838, +0.599,+0.966
1585887120,+3.31, +1.805, +0.587,+0.965
1585887180,+3.31, +1.805, +0.573,+0.965
1585887240,+3.31, +1.816, +0.558,+0.965
1585887300,+3.31, +1.849, +0.542,+0.965
1585887360,+3.31, +1.794, +0.531,+0.965
1585887420,+3.31, +1.794, +0.517,+0.964
1585887480,+3.31, +1.827, +0.503,+0.964
1585887540,+3.31, +1.794, +0.495,+0.964
1585887600,+3.31, +1.794, +0.497,+0.964
1585887660,+3.31, +1.805, +0.502,+0.964
1585887720,+3.31, +1.827, +0.510,+0.964
1585887780,+3.31, +1.783, +0.513,+0.964
1585887840,+3.31, +1.805, +0.510,+0.965
1585887900,+3.31, +1.805, +0.505,+0.964
1585887960,+3.31, +1.805, +0.497,+0.964
1585888020,+3.31, +1.805, +0.492,+0.964
1585888080,+3.31, +1.805, +0.485,+0.964
1585888140,+3.31, +1.794, +0.485,+0.964
1585888200,+3.31, +1.805, +0.486,+0.964
1585888260,+3.31, +1.805, +0.489,+0.964
1585888320,+3.31, +1.783, +0.494,+0.964
1585888380,+3.31, +1.805, +0.497,+0.964
1585888440,+3.31, +1.805, +0.505,+0.965
1585888500,+3.31, +1.816, +0.522,+0.965
1585888560,+3.31, +1.805, +0.547,+0.965
1585888620,+3.31, +1.783, +0.594,+0.965
1585888680,+3.31, +1.805, +0.659,+0.966
1585888740,+3.31, +1.805, +0.713,+0.967
1585888800,+3.31, +1.794, +0.740,+0.967
1585888860,+3.31, +1.783, +0.736,+0.967
1585888920,+3.31, +1.783, +0.714,+0.967
1585888980,+3.31, +1.805, +0.692,+0.967
1585889040,+3.31, +1.805, +0.689,+0.967
1585889100,+3.31, +1.805, +0.712,+0.967
1585889160,+3.31, +1.816, +0.765,+0.968
1585889220,+3.31, +1.805, +0.817,+0.968
1585889280,+3.31, +1.805, +0.855,+0.969
1585889340,+3.31, +1.783, +0.871,+0.969
1585889400,+3.31, +1.761, +0.868,+0.969
1585889460,+3.31, +1.794, +0.856,+0.968
1585889520,+3.31, +1.794, +0.838,+0.968
1585889580,+3.31, +1.816, +0.813,+0.968
1585889640,+3.31, +1.794, +0.796,+0.968
1585889700,+3.31, +1.794, +0.779,+0.968
1585889760,+3.31, +1.794, +0.774,+0.968
1585889820,+3.31, +1.761, +0.772,+0.968
1585889880,+3.31, +1.772, +0.768,+0.968
1585889940,+3.31, +1.772, +0.764,+0.968
1585890000,+3.31, +1.772, +0.765,+0.967
1585890060,+3.31, +1.805, +0.769,+0.968
1585890120,+3.31, +1.772, +0.778,+0.968
1585890180,+3.31, +1.794, +0.789,+0.968
1585890240,+3.31, +1.805, +0.806,+0.968
1585890300,+3.31, +1.772, +0.827,+0.968
1585890360,+3.31, +1.805, +0.842,+0.968
1585890420,+3.31, +1.783, +0.862,+0.968
1585890480,+3.31, +1.772, +0.876,+0.969
1585890540,+3.31, +1.816, +0.883,+0.969
1585890600,+3.31, +1.794, +0.888,+0.969
1585890660,+3.31, +1.794, +0.885,+0.969
1585890720,+3.31, +1.772, +0.877,+0.968
1585890780,+3.31, +1.794, +0.868,+0.969
1585890840,+3.31, +1.805, +0.859,+0.969
1585890900,+3.31, +1.794, +0.860,+0.969
1585890960,+3.31, +1.783, +0.867,+0.969
1585891020,+3.31, +1.783, +0.876,+0.969
1585891080,+3.31, +1.794, +0.888,+0.969
1585891140,+3.31, +1.805, +0.900,+0.969
1585891200,+3.31, +1.783, +0.916,+0.969
1585891260,+3.31, +1.816, +0.935,+0.970
1585891320,+3.31, +1.783, +0.960,+0.969
1585891380,+3.31, +1.805, +0.984,+0.970
1585891440,+3.31, +1.772, +1.010,+0.970
1585891500,+3.31, +1.783, +1.028,+0.971
1585891560,+3.31, +1.816, +1.043,+0.971
1585891620,+3.31, +1.783, +1.056,+0.971
1585891680,+3.31, +1.783, +1.061,+0.971
1585891740,+3.31, +1.805, +1.072,+0.971
1585891800,+3.31, +1.739, +1.083,+0.971
1585891860,+3.31, +1.783, +1.087,+0.971
1585891920,+3.31, +1.816, +1.088,+0.971
1585891980,+3.31, +1.794, +1.089,+0.971
1585892040,+3.31, +1.761, +1.083,+0.971
1585892100,+3.31, +1.794, +1.080,+0.971
1585892160,+3.31, +1.805, +1.081,+0.971
1585892220,+3.31, +1.794, +1.083,+0.971
1585892280,+3.31, +1.827, +1.089,+0.971
1585892340,+3.31, +1.783, +1.102,+0.971
1585892400,+3.31, +1.761, +1.113,+0.971
1585892460,+3.31, +1.805, +1.119,+0.972
1585892520,+3.31, +1.805, +1.130,+0.972
1585892580,+3.31, +1.805, +1.138,+0.971
1585892640,+3.31, +1.805, +1.146,+0.972
1585892700,+3.31, +1.805, +1.154,+0.972
1585892760,+3.31, +1.805, +1.158,+0.972
1585892820,+3.31, +1.794, +1.166,+0.972
1585892880,+3.31, +1.783, +1.171,+0.972
1585892940,+3.31, +1.816, +1.171,+0.972
1585893000,+3.31, +1.805, +1.175,+0.972
1585893060,+3.31, +1.794, +1.174,+0.972
1585893120,+3.31, +1.783, +1.178,+0.972
1585893180,+3.31, +1.783, +1.180,+0.972
1585893240,+3.31, +1.805, +1.177,+0.972
1585893300,+3.31, +1.783, +1.180,+0.972
1585893360,+3.31, +1.805, +1.178,+0.972
1585893420,+3.31, +1.794, +1.174,+0.972
1585893480,+3.31, +1.783, +1.172,+0.972
1585893540,+3.31, +1.816, +1.166,+0.972
1585893600,+3.31, +1.761, +1.163,+0.972
1585893660,+3.31, +1.805, +1.152,+0.972
1585893720,+3.31, +1.805, +1.141,+0.972
1585893780,+3.31, +1.794, +1.131,+0.971
1585893840,+3.31, +1.794, +1.120,+0.971
1585893900,+3.31, +1.783, +1.109,+0.971
1585893960,+3.31, +1.794, +1.096,+0.971
1585894020,+3.31, +1.783, +1.090,+0.971
1585894080,+3.31, +1.783, +1.075,+0.971
1585894140,+3.31, +1.794, +1.061,+0.971
1585894200,+3.31, +1.794, +1.052,+0.971
1585894260,+3.31, +1.772, +1.041,+0.971
1585894320,+3.31, +1.794, +1.028,+0.970
1585894380,+3.31, +1.783, +1.020,+0.970
1585894440,+3.31, +1.772, +1.013,+0.970
1585894500,+3.31, +1.772, +1.008,+0.970
1585894560,+3.31, +1.805, +1.004,+0.970
1585894620,+3.31, +1.794, +1.000,+0.970
1585894680,+3.31, +1.783, +1.001,+0.970
1585894740,+3.31, +1.772, +1.006,+0.970
1585894800,+3.31, +1.772, +1.012,+0.970
1585894860,+3.31, +1.783, +1.032,+0.971
1585894920,+3.31, +1.761, +1.056,+0.971
1585894980,+3.31, +1.794, +1.078,+0.971
1585895040,+3.31, +1.761, +1.104,+0.971
1585895100,+3.31, +1.805, +1.124,+0.972
1585895160,+3.31, +1.750, +1.145,+0.971
1585895220,+3.31, +1.772, +1.160,+0.972
1585895280,+3.31, +1.783, +1.178,+0.972
1585895340,+3.31, +1.794, +1.188,+0.972
1585895400,+3.31, +1.805, +1.195,+0.972
1585895460,+3.31, +1.772, +1.205,+0.972
1585895520,+3.31, +1.783, +1.220,+0.972
1585895580,+3.31, +1.772, +1.235,+0.973
1585895640,+3.31, +1.761, +1.244,+0.973
1585895700,+3.31, +1.794, +1.244,+0.973
1585895760,+3.31, +1.805, +1.246,+0.973
1585895820,+3.31, +1.750, +1.246,+0.973
1585895880,+3.31, +1.805, +1.240,+0.973
1585895940,+3.31, +1.750, +1.240,+0.972
1585896000,+3.31, +1.761, +1.237,+0.973
1585896060,+3.31, +1.794, +1.232,+0.973
1585896120,+3.31, +1.772, +1.230,+0.972
1585896180,+3.31, +1.794, +1.224,+0.972
1585896240,+3.31, +1.772, +1.224,+0.972
1585896300,+3.31, +1.772, +1.223,+0.972
1585896360,+3.31, +1.772, +1.221,+0.972
1585896420,+3.31, +1.783, +1.217,+0.972
1585896480,+3.31, +1.794, +1.216,+0.972
1585896540,+3.31, +1.772, +1.215,+0.972
1585896600,+3.31, +1.772, +1.211,+0.972
1585896660,+3.31, +1.761, +1.209,+0.972
1585896720,+3.31, +1.805, +1.203,+0.972
1585896780,+3.31, +1.761, +1.202,+0.972
1585896840,+3.31, +1.783, +1.196,+0.972
1585896900,+3.31, +1.761, +1.190,+0.972
1585896960,+3.31, +1.772, +1.183,+0.972
1585897020,+3.31, +1.772, +1.174,+0.972
1585897080,+3.31, +1.783, +1.165,+0.972
1585897140,+3.31, +1.805, +1.152,+0.972
1585897200,+3.31, +1.761, +1.143,+0.972
1585897260,+3.31, +1.772, +1.133,+0.972
1585897320,+3.31, +1.761, +1.121,+0.971
1585897380,+3.31, +1.783, +1.110,+0.971
1585897440,+3.31, +1.805, +1.103,+0.971
1585897500,+3.31, +1.761, +1.097,+0.971
1585897560,+3.31, +1.783, +1.090,+0.971
1585897620,+3.31, +1.794, +1.083,+0.971
1585897680,+3.31, +1.783, +1.076,+0.971
1585897740,+3.31, +1.750, +1.071,+0.971
1585897800,+3.31, +1.772, +1.063,+0.971
1585897860,+3.31, +1.805, +1.054,+0.971
1585897920,+3.31, +1.750, +1.052,+0.971
1585897980,+3.31, +1.772, +1.038,+0.971
1585898040,+3.31, +1.783, +1.030,+0.971
1585898100,+3.31, +1.783, +1.025,+0.970
1585898160,+3.31, +1.794, +1.022,+0.970
1585898220,+3.31, +1.761, +1.023,+0.970
1585898280,+3.31, +1.772, +1.022,+0.970
1585898340,+3.31, +1.772, +1.025,+0.970
1585898400,+3.31, +1.783, +1.027,+0.970
1585898460,+3.31, +1.761, +1.037,+0.971
1585898520,+3.31, +1.772, +1.049,+0.971
1585898580,+3.31, +1.750, +1.062,+0.971
1585898640,+3.31, +1.706, +1.084,+0.971
1585898700,+3.31, +1.772, +1.102,+0.971
1585898760,+3.31, +1.794, +1.124,+0.971
1585898820,+3.31, +1.761, +1.164,+0.972
1585898880,+3.31, +1.761, +1.206,+0.972
1585898940,+3.31, +1.794, +1.247,+0.972
1585899000,+3.31, +1.783, +1.287,+0.973
1585899060,+3.31, +1.761, +1.320,+0.973
1585899120,+3.31, +1.772, +1.341,+0.974
1585899180,+3.31, +1.750, +1.363,+0.973
1585899240,+3.31, +1.761, +1.382,+0.974
1585899300,+3.31, +1.772, +1.397,+0.974
1585899360,+3.31, +1.772, +1.413,+0.974
1585899420,+3.31, +1.750, +1.425,+0.974
1585899480,+3.31, +1.761, +1.428,+0.974
1585899540,+3.31, +1.772, +1.432,+0.974
1585899600,+3.31, +1.761, +1.448,+0.974
1585899660,+3.31, +1.761, +1.470,+0.975
1585899720,+3.31, +1.783, +1.494,+0.975
1585899780,+3.31, +1.772, +1.521,+0.975
1585899840,+3.31, +1.772, +1.540,+0.975
1585899900,+3.31, +1.772, +1.565,+0.975
1585899960,+3.31, +1.783, +1.582,+0.975
1585900020,+3.31, +1.772, +1.599,+0.975
1585900080,+3.31, +1.772, +1.617,+0.976
1585900140,+3.31, +1.783, +1.633,+0.976
1585900200,+3.31, +1.761, +1.656,+0.976
1585900260,+3.31, +1.750, +1.673,+0.976
1585900320,+3.31, +1.728, +1.686,+0.976
1585900380,+3.31, +1.783, +1.694,+0.976
1585900440,+3.31, +1.772, +1.699,+0.977
1585900500,+3.31, +1.783, +1.703,+0.977
1585900560,+3.31, +1.761, +1.711,+0.976
1585900620,+3.31, +1.772, +1.712,+0.977
1585900680,+3.31, +1.772, +1.714,+0.977
1585900740,+3.31, +1.772, +1.709,+0.976
1585900800,+3.31, +1.761, +1.704,+0.976
1585900860,+3.31, +1.783, +1.696,+0.976
1585900920,+3.31, +1.772, +1.682,+0.976
1585900980,+3.31, +1.783, +1.668,+0.976
1585901040,+3.31, +1.750, +1.655,+0.976
1585901100,+3.31, +1.783, +1.635,+0.976
1585901160,+3.31, +1.783, +1.620,+0.976
1585901220,+3.31, +1.783, +1.611,+0.976
1585901280,+3.31, +1.772, +1.610,+0.976
1585901340,+3.31, +1.739, +1.610,+0.976
1585901400,+3.31, +1.761, +1.609,+0.976
1585901460,+3.31, +1.772, +1.608,+0.976
1585901520,+3.31, +1.783, +1.610,+0.976
1585901580,+3.31, +1.772, +1.615,+0.976
1585901640,+3.31, +1.772, +1.616,+0.976
1585901700,+3.31, +1.772, +1.619,+0.976
1585901760,+3.31, +1.761, +1.623,+0.976
1585901820,+3.31, +1.761, +1.624,+0.976
1585901880,+3.31, +1.794, +1.624,+0.976
1585901940,+3.31, +1.750, +1.631,+0.976
1585902000,+3.31, +1.772, +1.627,+0.976
1585902060,+3.31, +1.783, +1.630,+0.976
1585902120,+3.31, +1.783, +1.627,+0.976
1585902180,+3.31, +1.739, +1.637,+0.976
1585902240,+3.31, +1.772, +1.638,+0.976
1585902300,+3.31, +1.706, +1.643,+0.976
1585902360,+3.31, +1.772, +1.639,+0.976
1585902420,+3.31, +1.772, +1.634,+0.976
1585902480,+3.31, +1.750, +1.635,+0.976
1585902540,+3.31, +1.739, +1.631,+0.975
1585902600,+3.31, +1.750, +1.629,+0.976
1585902660,+3.31, +1.772, +1.623,+0.976
1585902720,+3.31, +1.750, +1.617,+0.976
1585902780,+3.31, +1.772, +1.612,+0.976
1585902840,+3.31, +1.772, +1.602,+0.976
1585902900,+3.31, +1.717, +1.600,+0.976
1585902960,+3.31, +1.772, +1.586,+0.976
1585903020,+3.31, +1.750, +1.578,+0.976
1585903080,+3.31, +1.783, +1.561,+0.976
1585903140,+3.31, +1.761, +1.549,+0.975
1585903200,+3.31, +1.783, +1.535,+0.975
1585903260,+3.31, +1.761, +1.523,+0.975
1585903320,+3.31, +1.772, +1.507,+0.975
1585903380,+3.31, +1.761, +1.494,+0.975
1585903440,+3.31, +1.761, +1.475,+0.975
1585903500,+3.31, +1.750, +1.458,+0.974
1585903560,+3.31, +1.739, +1.439,+0.974
1585903620,+3.31, +1.772, +1.421,+0.974
1585903680,+3.31, +1.750, +1.401,+0.974
1585903740,+3.31, +1.772, +1.385,+0.974
1585903800,+3.31, +1.750, +1.369,+0.974
1585903860,+3.31, +1.783, +1.354,+0.974
1585903920,+3.31, +1.783, +1.338,+0.974
1585903980,+3.31, +1.761, +1.327,+0.973
1585904040,+3.31, +1.750, +1.313,+0.973
1585904100,+3.31, +1.783, +1.299,+0.973
1585904160,+3.31, +1.761, +1.292,+0.973
1585904220,+3.31, +1.794, +1.283,+0.973
1585904280,+3.31, +1.739, +1.280,+0.973
1585904340,+3.31, +1.772, +1.271,+0.973
1585904400,+3.31, +1.750, +1.214,+0.972
1585904460,+3.31, +1.805, +1.224,+0.972
1585904520,+3.31, +1.772, +1.243,+0.973
1585904580,+3.31, +1.761, +1.252,+0.973
1585904640,+3.31, +1.783, +1.252,+0.973
1585904700,+3.31, +1.772, +1.253,+0.973
1585904760,+3.31, +1.794, +1.247,+0.973
1585904820,+3.31, +1.794, +1.240,+0.973
1585904880,+3.31, +1.805, +1.233,+0.973
1585904940,+3.31, +1.783, +1.229,+0.973
1585905000,+3.31, +1.794, +1.222,+0.973
1585905060,+3.31, +1.783, +1.210,+0.972
1585905120,+3.31, +1.783, +1.194,+0.972
1585905180,+3.31, +1.783, +1.178,+0.972
1585905240,+3.31, +1.772, +1.160,+0.972
1585905300,+3.31, +1.783, +1.138,+0.972
1585905360,+3.31, +1.783, +1.118,+0.971
1585905420,+3.31, +1.783, +1.097,+0.971
1585905480,+3.31, +1.794, +1.076,+0.971
1585905540,+3.31, +1.750, +1.057,+0.971
1585905600,+3.31, +1.739, +1.039,+0.970
1585905660,+3.31, +1.783, +1.019,+0.970
1585905720,+3.31, +1.772, +1.006,+0.970
1585905780,+3.31, +1.783, +0.990,+0.970
1585905840,+3.31, +1.783, +0.976,+0.970
1585905900,+3.31, +1.761, +0.965,+0.970
1585905960,+3.31, +1.761, +0.955,+0.970
1585906020,+3.31, +1.794, +0.941,+0.970
1585906080,+3.31, +1.761, +0.931,+0.969
1585906140,+3.31, +1.772, +0.923,+0.969
1585906200,+3.31, +1.783, +0.914,+0.969
1585906260,+3.31, +1.794, +0.907,+0.969
1585906320,+3.31, +1.783, +0.900,+0.969
1585906380,+3.31, +1.794, +0.893,+0.969
1585906440,+3.31, +1.761, +0.887,+0.969
1585906500,+3.31, +1.783, +0.878,+0.969
1585906560,+3.31, +1.783, +0.872,+0.969
1585906620,+3.31, +1.794, +0.866,+0.969
1585906680,+3.31, +1.783, +0.857,+0.968
1585906740,+3.31, +1.794, +0.851,+0.969
1585906800,+3.31, +1.783, +0.843,+0.968
1585906860,+3.31, +1.794, +0.837,+0.968
1585906920,+3.31, +1.783, +0.829,+0.968
1585906980,+3.31, +1.783, +0.824,+0.968
1585907040,+3.31, +1.772, +0.818,+0.968
1585907100,+3.31, +1.706, +0.814,+0.968
1585907160,+3.31, +1.794, +0.804,+0.968
1585907220,+3.31, +1.772, +0.800,+0.968
1585907280,+3.31, +1.728, +0.795,+0.968
1585907340,+3.31, +1.761, +0.788,+0.968
1585907400,+3.31, +1.772, +0.779,+0.968
1585907460,+3.31, +1.783, +0.773,+0.968
1585907520,+3.31, +1.750, +0.766,+0.968
1585907580,+3.31, +1.772, +0.758,+0.967
1585907640,+3.31, +1.783, +0.749,+0.967
1585907700,+3.31, +1.772, +0.740,+0.967
1585907760,+3.31, +1.794, +0.730,+0.967
1585907820,+3.31, +1.794, +0.718,+0.967
1585907880,+3.31, +1.761, +0.709,+0.967
1585907940,+3.31, +1.772, +0.701,+0.967
1585908000,+3.31, +1.783, +0.692,+0.967
1585908060,+3.31, +1.794, +0.682,+0.966
1585908120,+3.31, +1.739, +0.675,+0.966
1585908180,+3.31, +1.794, +0.667,+0.966
1585908240,+3.31, +1.772, +0.660,+0.966
1585908300,+3.31, +1.750, +0.654,+0.966
1585908360,+3.31, +1.816, +0.643,+0.966
1585908420,+3.31, +1.750, +0.638,+0.966
1585908480,+3.31, +1.794, +0.630,+0.966
1585908540,+3.31, +1.761, +0.625,+0.966
1585908600,+3.31, +1.750, +0.619,+0.966
1585908660,+3.31, +1.761, +0.613,+0.966
1585908720,+3.31, +1.750, +0.609,+0.966
1585908780,+3.31, +1.805, +0.604,+0.966
1585908840,+3.31, +1.783, +0.603,+0.966
1585908900,+3.31, +1.772, +0.604,+0.966
1585908960,+3.31, +1.772, +0.604,+0.965
1585909020,+3.31, +1.783, +0.605,+0.966
1585909080,+3.31, +1.761, +0.608,+0.966
1585909140,+3.31, +1.772, +0.608,+0.966
1585909200,+3.31, +1.750, +0.612,+0.966
1585909260,+3.31, +1.761, +0.609,+0.966
1585909320,+3.31, +1.750, +0.607,+0.965
1585909380,+3.31, +1.761, +0.605,+0.965
1585909440,+3.31, +1.750, +0.606,+0.966
1585909500,+3.31, +1.761, +0.599,+0.965
1585909560,+3.31, +1.761, +0.597,+0.966
1585909620,+3.31, +1.739, +0.596,+0.965
1585909680,+3.31, +1.772, +0.589,+0.966
1585909740,+3.31, +1.761, +0.589,+0.965
1585909800,+3.31, +1.794, +0.583,+0.966
1585909860,+3.31, +1.772, +0.578,+0.965
1585909920,+3.31, +1.772, +0.573,+0.965
1585909980,+3.31, +1.761, +0.570,+0.965
1585910040,+3.31, +1.761, +0.566,+0.965
1585910100,+3.31, +1.761, +0.564,+0.965
1585910160,+3.31, +1.761, +0.560,+0.965
1585910220,+3.31, +1.772, +0.557,+0.965
1585910280,+3.31, +1.783, +0.554,+0.965
1585910340,+3.31, +1.761, +0.550,+0.965
1585910400,+3.31, +1.783, +0.548,+0.965
1585910460,+3.31, +1.805, +0.545,+0.965
1585910520,+3.31, +1.772, +0.542,+0.965
1585910580,+3.31, +1.750, +0.541,+0.965
1585910640,+3.31, +1.761, +0.536,+0.965
1585910700,+3.31, +1.750, +0.537,+0.965
1585910760,+3.31, +1.783, +0.532,+0.965
1585910820,+3.31, +1.772, +0.533,+0.965
1585910880,+3.31, +1.805, +0.530,+0.965
1585910940,+3.31, +1.838, +0.529,+0.965
1585911000,+3.31, +1.783, +0.527,+0.965
1585911060,+3.31, +1.772, +0.528,+0.965
1585911120,+3.31, +1.783, +0.529,+0.965
1585911180,+3.31, +1.761, +0.526,+0.965
1585911240,+3.31, +1.772, +0.523,+0.965
1585911300,+3.31, +1.761, +0.521,+0.964
1585911360,+3.31, +1.794, +0.517,+0.965
1585911420,+3.31, +1.805, +0.515,+0.965
1585911480,+3.31, +1.772, +0.514,+0.965
1585911540,+3.31, +1.783, +0.511,+0.965
1585911600,+3.31, +1.739, +0.508,+0.964
1585911660,+3.31, +1.761, +0.504,+0.964
1585911720,+3.31, +1.706, +0.505,+0.964
1585911780,+3.31, +1.739, +0.503,+0.964
1585911840,+3.31, +1.772, +0.499,+0.964
1585911900,+3.31, +1.728, +0.498,+0.964
1585911960,+3.31, +1.794, +0.492,+0.964
1585912020,+3.31, +1.728, +0.493,+0.964
1585912080,+3.31, +1.761, +0.487,+0.964
1585912140,+3.31, +1.761, +0.484,+0.964
1585912200,+3.31, +1.783, +0.480,+0.964
1585912260,+3.31, +1.772, +0.476,+0.964
1585912320,+3.31, +1.783, +0.476,+0.964
1585912380,+3.31, +1.783, +0.474,+0.964
1585912440,+3.31, +1.761, +0.472,+0.964
1585912500,+3.31, +1.750, +0.470,+0.964
1585912560,+3.31, +1.838, +0.467,+0.964
1585912620,+3.31, +1.750, +0.466,+0.964
1585912680,+3.31, +1.783, +0.467,+0.964
1585912740,+3.31, +1.772, +0.460,+0.964
1585912800,+3.31, +1.772, +0.459,+0.964
1585912860,+3.31, +1.739, +0.458,+0.964
1585912920,+3.31, +1.772, +0.453,+0.964
1585912980,+3.31, +1.761, +0.448,+0.964
1585913040,+3.31, +1.772, +0.444,+0.964
1585913100,+3.31, +1.816, +0.439,+0.964
1585913160,+3.31, +1.805, +0.436,+0.964
1585913220,+3.31, +1.761, +0.433,+0.963
1585913280,+3.31, +1.772, +0.429,+0.963
1585913340,+3.31, +1.772, +0.424,+0.963
1585913400,+3.31, +1.761, +0.421,+0.963
1585913460,+3.31, +1.761, +0.419,+0.963
1585913520,+3.31, +1.805, +0.414,+0.963
1585913580,+3.31, +1.761, +0.413,+0.963
1585913640,+3.31, +1.772, +0.408,+0.963
1585913700,+3.31, +1.783, +0.405,+0.963
1585913760,+3.31, +1.783, +0.402,+0.963
1585913820,+3.31, +1.772, +0.398,+0.963
1585913880,+3.31, +1.794, +0.394,+0.963
1585913940,+3.31, +1.783, +0.391,+0.963
1585914000,+3.31, +1.783, +0.387,+0.963
1585914060,+3.31, +1.772, +0.386,+0.963
1585914120,+3.31, +1.772, +0.383,+0.963
1585914180,+3.31, +1.761, +0.380,+0.963
1585914240,+3.31, +1.772, +0.376,+0.963
1585914300,+3.31, +1.794, +0.374,+0.963
1585914360,+3.31, +1.761, +0.368,+0.962
1585914420,+3.31, +1.750, +0.367,+0.962
1585914480,+3.31, +1.794, +0.364,+0.963
1585914540,+3.31, +1.783, +0.360,+0.963
1585914600,+3.31, +1.696, +0.358,+0.962
1585914660,+3.31, +1.772, +0.353,+0.962
1585914720,+3.31, +1.783, +0.348,+0.962
1585914780,+3.31, +1.783, +0.346,+0.962
1585914840,+3.31, +1.783, +0.341,+0.962
1585914900,+3.31, +1.761, +0.336,+0.962
1585914960,+3.31, +1.794, +0.332,+0.962
1585915020,+3.31, +1.783, +0.330,+0.962
1585915080,+3.31, +1.783, +0.325,+0.962
1585915140,+3.31, +1.794, +0.320,+0.962
1585915200,+3.31, +1.805, +0.314,+0.962
1585915260,+3.31, +1.805, +0.310,+0.962
1585915320,+3.31, +1.783, +0.308,+0.962
1585915380,+3.31, +1.838, +0.303,+0.962
1585915440,+3.31, +1.794, +0.302,+0.962
1585915500,+3.31, +1.827, +0.298,+0.962
1585915560,+3.31, +1.783, +0.300,+0.961
1585915620,+3.31, +1.772, +0.299,+0.962
1585915680,+3.31, +1.783, +0.298,+0.962
1585915740,+3.31, +1.805, +0.296,+0.962
1585915800,+3.31, +1.783, +0.296,+0.962
1585915860,+3.31, +1.772, +0.294,+0.962
1585915920,+3.31, +1.794, +0.291,+0.962
1585915980,+3.31, +1.816, +0.290,+0.962
1585916040,+3.31, +1.816, +0.290,+0.962
1585916100,+3.31, +1.761, +0.289,+0.961
1585916160,+3.31, +1.805, +0.287,+0.962
1585916220,+3.31, +1.761, +0.286,+0.962
1585916280,+3.31, +1.805, +0.283,+0.961
1585916340,+3.31, +1.783, +0.284,+0.961
1585916400,+3.31, +1.761, +0.282,+0.961
1585916460,+3.31, +1.772, +0.281,+0.961
1585916520,+3.31, +1.827, +0.280,+0.962
1585916580,+3.31, +1.783, +0.280,+0.961
1585916640,+3.31, +1.783, +0.276,+0.961
1585916700,+3.31, +1.794, +0.276,+0.961
1585916760,+3.31, +1.772, +0.274,+0.961
1585916820,+3.31, +1.805, +0.274,+0.961
1585916880,+3.31, +1.816, +0.272,+0.961
1585916940,+3.31, +1.805, +0.271,+0.961
1585917000,+3.31, +1.783, +0.272,+0.961
1585917060,+3.31, +1.783, +0.268,+0.961
1585917120,+3.31, +1.761, +0.271,+0.961
1585917180,+3.31, +1.783, +0.267,+0.961
1585917240,+3.31, +1.783, +0.269,+0.961
1585917300,+3.31, +1.794, +0.267,+0.961
1585917360,+3.31, +1.805, +0.266,+0.961
1585917420,+3.31, +1.816, +0.264,+0.961
1585917480,+3.31, +1.805, +0.262,+0.961
1585917540,+3.31, +1.794, +0.264,+0.961
1585917600,+3.31, +1.805, +0.262,+0.961
1585917660,+3.31, +1.805, +0.261,+0.961
1585917720,+3.31, +1.805, +0.261,+0.961
1585917780,+3.31, +1.805, +0.258,+0.961
1585917840,+3.31, +1.805, +0.257,+0.961
1585917900,+3.31, +1.794, +0.258,+0.961
1585917960,+3.31, +1.816, +0.257,+0.961
1585918020,+3.31, +1.772, +0.256,+0.961
1585918080,+3.31, +1.761, +0.254,+0.961
1585918140,+3.31, +1.794, +0.251,+0.961
1585918200,+3.31, +1.805, +0.249,+0.961
1585918260,+3.31, +1.772, +0.245,+0.961
1585918320,+3.31, +1.772, +0.241,+0.961
1585918380,+3.31, +1.805, +0.238,+0.961
1585918440,+3.31, +1.794, +0.236,+0.961
1585918500,+3.31, +1.783, +0.232,+0.961
1585918560,+3.31, +1.805, +0.231,+0.961
1585918620,+3.31, +1.794, +0.226,+0.960
1585918680,+3.31, +1.794, +0.223,+0.961
1585918740,+3.31, +1.794, +0.221,+0.961
1585918800,+3.31, +1.783, +0.218,+0.960
1585918860,+3.31, +1.794, +0.215,+0.960
1585918920,+3.31, +1.794, +0.212,+0.960
1585918980,+3.31, +1.783, +0.211,+0.961
1585919040,+3.31, +1.805, +0.206,+0.960
1585919100,+3.31, +1.805, +0.204,+0.960
1585919160,+3.31, +1.816, +0.203,+0.960
1585919220,+3.31, +1.794, +0.200,+0.960
1585919280,+3.31, +1.794, +0.200,+0.960
1585919340,+3.31, +1.816, +0.197,+0.960
1585919400,+3.31, +1.794, +0.194,+0.960
1585919460,+3.31, +1.805, +0.194,+0.960
1585919520,+3.31, +1.794, +0.192,+0.960
1585919580,+3.31, +1.816, +0.191,+0.960
1585919640,+3.31, +1.794, +0.190,+0.960
1585919700,+3.31, +1.805, +0.188,+0.960
1585919760,+3.31, +1.794, +0.188,+0.960
1585919820,+3.31, +1.816, +0.186,+0.960
1585919880,+3.31, +1.783, +0.185,+0.960
1585919940,+3.31, +1.783, +0.185,+0.960
1585920000,+3.31, +1.772, +0.183,+0.960
1585920060,+3.31, +1.805, +0.184,+0.960
1585920120,+3.31, +1.783, +0.182,+0.960
1585920180,+3.31, +1.783, +0.182,+0.960
1585920240,+3.31, +1.794, +0.180,+0.960
1585920300,+3.31, +1.794, +0.179,+0.960
1585920360,+3.31, +1.827, +0.182,+0.960
1585920420,+3.31, +1.849, +0.178,+0.960
1585920480,+3.31, +1.794, +0.179,+0.960
1585920540,+3.31, +1.794, +0.179,+0.960
1585920600,+3.31, +1.794, +0.177,+0.960
1585920660,+3.31, +1.783, +0.178,+0.960
1585920720,+3.31, +1.805, +0.178,+0.960
1585920780,+3.31, +1.816, +0.178,+0.960
1585920840,+3.31, +1.794, +0.178,+0.960
1585920900,+3.31, +1.816, +0.177,+0.960
1585920960,+3.31, +1.805, +0.177,+0.960
1585921020,+3.31, +1.805, +0.176,+0.960
1585921080,+3.31, +1.816, +0.176,+0.960
1585921140,+3.31, +1.816, +0.175,+0.960
1585921200,+3.31, +1.805, +0.176,+0.960
1585921260,+3.31, +1.794, +0.176,+0.960
1585921320,+3.31, +1.783, +0.177,+0.960
1585921380,+3.31, +1.794, +0.175,+0.960
1585921440,+3.31, +1.783, +0.175,+0.960
1585921500,+3.31, +1.816, +0.174,+0.960
1585921560,+3.31, +1.805, +0.174,+0.960
1585921620,+3.31, +1.816, +0.175,+0.960
1585921680,+3.31, +1.772, +0.175,+0.960
1585921740,+3.31, +1.761, +0.177,+0.960
1585921800,+3.31, +1.783, +0.175,+0.960
1585921860,+3.31, +1.794, +0.173,+0.960
1585921920,+3.31, +1.794, +0.175,+0.960
1585921980,+3.31, +1.794, +0.175,+0.960
1585922040,+3.31, +1.772, +0.176,+0.960
1585922100,+3.31, +1.794, +0.174,+0.960
1585922160,+3.31, +1.783, +0.173,+0.960
1585922220,+3.31, +1.794, +0.174,+0.960
1585922280,+3.31, +1.794, +0.174,+0.960
1585922340,+3.31, +1.794, +0.175,+0.960
1585922400,+3.31, +1.783, +0.174,+0.960
1585922460,+3.31, +1.805, +0.175,+0.960
1585922520,+3.31, +1.794, +0.174,+0.960
1585922580,+3.31, +1.761, +0.174,+0.960
1585922640,+3.31, +1.783, +0.175,+0.960
1585922700,+3.31, +1.816, +0.173,+0.960
1585922760,+3.31, +1.794, +0.174,+0.960
1585922820,+3.31, +1.761, +0.175,+0.960
1585922880,+3.31, +1.772, +0.175,+0.960
1585922940,+3.31, +1.794, +0.173,+0.960
1585923000,+3.31, +1.794, +0.174,+0.960
1585923060,+3.31, +1.783, +0.175,+0.960
1585923120,+3.31, +1.794, +0.174,+0.960
1585923180,+3.31, +1.794, +0.174,+0.960
1585923240,+3.31, +1.772, +0.174,+0.960
1585923300,+3.31, +1.805, +0.174,+0.960
1585923360,+3.31, +1.783, +0.174,+0.960
1585923420,+3.31, +1.805, +0.174,+0.960
1585923480,+3.31, +1.783, +0.174,+0.960
1585923540,+3.31, +1.794, +0.174,+0.960
1585923600,+3.31, +1.772, +0.175,+0.960
1585923660,+3.31, +1.772, +0.174,+0.960
1585923720,+3.31, +1.783, +0.175,+0.960
1585923780,+3.31, +1.783, +0.173,+0.960
1585923840,+3.31, +1.772, +0.175,+0.960
1585923900,+3.31, +1.772, +0.172,+0.960
1585923960,+3.31, +1.794, +0.175,+0.960
1585924020,+3.31, +1.805, +0.172,+0.960
1585924080,+3.31, +1.783, +0.173,+0.960
1585924140,+3.31, +1.783, +0.172,+0.960
1585924200,+3.31, +1.805, +0.172,+0.960
1585924260,+3.31, +1.783, +0.172,+0.960
1585924320,+3.31, +1.805, +0.172,+0.960
1585924380,+3.31, +1.783, +0.174,+0.960
1585924440,+3.31, +1.805, +0.172,+0.960
1585924500,+3.31, +1.772, +0.173,+0.960
1585924560,+3.31, +1.805, +0.172,+0.960
1585924620,+3.31, +1.805, +0.174,+0.960
1585924680,+3.31, +1.783, +0.174,+0.960
1585924740,+3.31, +1.772, +0.174,+0.960
1585924800,+3.31, +1.783, +0.218,+0.961
1585924860,+3.31, +1.805, +0.304,+0.962
1585924920,+3.31, +1.794, +0.336,+0.963
1585924980,+3.31, +1.783, +0.356,+0.962
1585925040,+3.31, +1.794, +0.369,+0.963
1585925100,+3.31, +1.761, +0.380,+0.963
1585925160,+3.31, +1.761, +0.389,+0.963
1585925220,+3.31, +1.772, +0.392,+0.963
1585925280,+3.31, +1.783, +0.398,+0.963
1585925340,+3.31, +1.794, +0.400,+0.963
1585925400,+3.31, +1.805, +0.402,+0.963
1585925460,+3.31, +1.794, +0.406,+0.963
1585925520,+3.31, +1.794, +0.409,+0.963
1585925580,+3.31, +1.794, +0.413,+0.963
1585925640,+3.31, +1.772, +0.416,+0.963
1585925700,+3.31, +1.816, +0.417,+0.963
1585925760,+3.31, +1.794, +0.417,+0.963
1585925820,+3.31, +1.794, +0.420,+0.964
1585925880,+3.31, +1.805, +0.422,+0.964
1585925940,+3.31, +1.827, +0.421,+0.964
1585926000,+3.31, +1.805, +0.423,+0.964
1585926060,+3.31, +1.816, +0.432,+0.964
1585926120,+3.31, +1.794, +0.435,+0.964
1585926180,+3.31, +1.816, +0.437,+0.964
1585926240,+3.31, +1.816, +0.436,+0.964
1585926300,+3.31, +1.893, +0.433,+0.964
1585926360,+3.31, +1.827, +0.431,+0.964
1585926420,+3.31, +1.805, +0.430,+0.964
1585926480,+3.31, +1.816, +0.426,+0.964
1585926540,+3.31, +1.805, +0.425,+0.964
1585926600,+3.31, +1.805, +0.421,+0.963
1585926660,+3.31, +1.827, +0.418,+0.963
1585926720,+3.31, +1.794, +0.417,+0.964
1585926780,+3.31, +1.827, +0.414,+0.964
1585926840,+3.31, +1.827, +0.411,+0.964
1585926900,+3.31, +1.816, +0.409,+0.963
1585926960,+3.31, +1.816, +0.408,+0.963
1585927020,+3.31, +1.860, +0.405,+0.963
1585927080,+3.31, +1.805, +0.401,+0.963
1585927140,+3.31, +1.838, +0.399,+0.963
1585927200,+3.31, +1.849, +0.399,+0.963
1585927260,+3.31, +1.816, +0.397,+0.963
1585927320,+3.31, +1.794, +0.396,+0.963
1585927380,+3.31, +1.805, +0.394,+0.963
1585927440,+3.31, +1.827, +0.389,+0.963
1585927500,+3.31, +1.838, +0.389,+0.963
1585927560,+3.31, +1.827, +0.386,+0.963
1585927620,+3.31, +1.805, +0.383,+0.963
1585927680,+3.31, +1.805, +0.381,+0.963
1585927740,+3.31, +1.838, +0.379,+0.963
1585927800,+3.31, +1.838, +0.376,+0.963
1585927860,+3.31, +1.827, +0.373,+0.963
1585927920,+3.31, +1.827, +0.373,+0.963
1585927980,+3.31, +1.805, +0.368,+0.963
1585928040,+3.31, +1.827, +0.367,+0.963
1585928100,+3.31, +1.827, +0.363,+0.963
1585928160,+3.31, +1.816, +0.361,+0.963
1585928220,+3.31, +1.838, +0.359,+0.963
1585928280,+3.31, +1.838, +0.357,+0.963
1585928340,+3.31, +1.838, +0.356,+0.963
1585928400,+3.31, +1.816, +0.352,+0.962
1585928460,+3.31, +1.805, +0.352,+0.963
1585928520,+3.31, +1.827, +0.348,+0.963
1585928580,+3.31, +1.827, +0.346,+0.962
1585928640,+3.31, +1.838, +0.344,+0.962
1585928700,+3.31, +1.816, +0.345,+0.963
1585928760,+3.31, +1.794, +0.343,+0.962
1585928820,+3.31, +1.783, +0.340,+0.962
1585928880,+3.31, +1.816, +0.340,+0.963
1585928940,+3.31, +1.816, +0.338,+0.962
1585929000,+3.31, +1.827, +0.334,+0.962
1585929060,+3.31, +1.816, +0.335,+0.962
1585929120,+3.31, +1.816, +0.333,+0.962
1585929180,+3.31, +1.838, +0.334,+0.963
1585929240,+3.31, +1.827, +0.332,+0.962
1585929300,+3.31, +1.827, +0.329,+0.962
1585929360,+3.31, +1.816, +0.329,+0.962
1585929420,+3.31, +1.827, +0.328,+0.962
1585929480,+3.31, +1.838, +0.326,+0.962
1585929540,+3.31, +1.838, +0.326,+0.962
1585929600,+3.31, +1.816, +0.324,+0.962
1585929660,+3.31, +1.805, +0.324,+0.962
1585929720,+3.31, +1.827, +0.324,+0.962
1585929780,+3.31, +1.827, +0.321,+0.962
1585929840,+3.31, +1.827, +0.320,+0.962
1585929900,+3.31, +1.827, +0.320,+0.962
1585929960,+3.31, +1.860, +0.318,+0.962
1585930020,+3.31, +1.816, +0.316,+0.962
1585930080,+3.31, +1.849, +0.315,+0.962
1585930140,+3.31, +1.827, +0.314,+0.962
1585930200,+3.31, +1.805, +0.314,+0.962
1585930260,+3.31, +1.805, +0.314,+0.962
1585930320,+3.31, +1.783, +0.310,+0.962
1585930380,+3.31, +1.827, +0.309,+0.962
1585930440,+3.31, +1.849, +0.307,+0.962
1585930500,+3.31, +1.838, +0.308,+0.962
1585930560,+3.31, +1.838, +0.306,+0.962
1585930620,+3.31, +1.827, +0.303,+0.962
1585930680,+3.31, +1.816, +0.304,+0.962
1585930740,+3.31, +1.805, +0.305,+0.962
1585930800,+3.31, +1.827, +0.303,+0.962
1585930860,+3.31, +1.827, +0.301,+0.962
1585930920,+3.31, +1.816, +0.302,+0.962
1585930980,+3.31, +1.816, +0.299,+0.962
1585931040,+3.31, +1.805, +0.300,+0.962
1585931100,+3.31, +1.827, +0.298,+0.962
1585931160,+3.31, +1.838, +0.296,+0.962
1585931220,+3.31, +1.816, +0.295,+0.962
1585931280,+3.31, +1.794, +0.295,+0.962
1585931340,+3.31, +1.816, +0.292,+0.962
1585931400,+3.31, +1.816, +0.292,+0.962
1585931460,+3.31, +1.827, +0.289,+0.962
1585931520,+3.31, +1.827, +0.287,+0.962
1585931580,+3.31, +1.827, +0.286,+0.962
1585931640,+3.31, +1.805, +0.286,+0.962
1585931700,+3.31, +1.805, +0.284,+0.962
1585931760,+3.31, +1.816, +0.285,+0.962
1585931820,+3.31, +1.827, +0.282,+0.962
1585931880,+3.31, +1.816, +0.280,+0.962
1585931940,+3.31, +1.827, +0.280,+0.961
1585932000,+3.31, +1.849, +0.277,+0.962
1585932060,+3.31, +1.805, +0.278,+0.961
1585932120,+3.31, +1.827, +0.277,+0.962
1585932180,+3.31, +1.838, +0.277,+0.962
1585932240,+3.31, +1.816, +0.274,+0.962
1585932300,+3.31, +1.827, +0.273,+0.962
1585932360,+3.31, +1.838, +0.272,+0.962
1585932420,+3.31, +1.849, +0.272,+0.962
1585932480,+3.31, +1.816, +0.271,+0.962
1585932540,+3.31, +1.816, +0.270,+0.961
1585932600,+3.31, +1.838, +0.267,+0.961
1585932660,+3.31, +1.816, +0.267,+0.961
1585932720,+3.31, +1.860, +0.264,+0.961
1585932780,+3.31, +1.827, +0.265,+0.961
1585932840,+3.31, +1.838, +0.262,+0.961
1585932900,+3.31, +1.805, +0.259,+0.961
1585932960,+3.31, +1.816, +0.259,+0.961
1585933020,+3.31, +1.816, +0.254,+0.961
1585933080,+3.31, +1.805, +0.251,+0.961
1585933140,+3.31, +1.827, +0.249,+0.961
1585933200,+3.31, +1.838, +0.246,+0.961
1585933260,+3.31, +1.838, +0.242,+0.961
1585933320,+3.31, +1.838, +0.241,+0.961
1585933380,+3.31, +1.816, +0.240,+0.961
1585933440,+3.31, +1.794, +0.235,+0.961
1585933500,+3.31, +1.827, +0.231,+0.961
1585933560,+3.31, +1.772, +0.228,+0.961
1585933620,+3.31, +1.794, +0.228,+0.961
1585933680,+3.31, +1.827, +0.224,+0.961
1585933740,+3.31, +1.805, +0.220,+0.961
1585933800,+3.31, +1.805, +0.216,+0.961
1585933860,+3.31, +1.816, +0.216,+0.961
1585933920,+3.31, +1.816, +0.212,+0.960
1585933980,+3.31, +1.816, +0.206,+0.960
1585934040,+3.31, +1.816, +0.204,+0.960
1585934100,+3.31, +1.772, +0.203,+0.960
1585934160,+3.31, +1.838, +0.199,+0.961
1585934220,+3.31, +1.783, +0.196,+0.960
1585934280,+3.31, +1.805, +0.194,+0.960
1585934340,+3.31, +1.816, +0.190,+0.960
1585934400,+3.31, +1.805, +0.189,+0.960
1585934460,+3.31, +1.805, +0.183,+0.960
1585934520,+3.31, +1.794, +0.184,+0.960
1585934580,+3.31, +1.783, +0.184,+0.960
1585934640,+3.31, +1.816, +0.183,+0.960
1585934700,+3.31, +1.816, +0.181,+0.960
1585934760,+3.31, +1.827, +0.182,+0.960
1585934820,+3.31, +1.794, +0.187,+0.960
1585934880,+3.31, +1.794, +0.195,+0.960
1585934940,+3.31, +1.783, +0.202,+0.961
1585935000,+3.31, +1.772, +0.213,+0.961
1585935060,+3.31, +1.827, +0.222,+0.961
1585935120,+3.31, +1.783, +0.234,+0.961
1585935180,+3.31, +1.794, +0.243,+0.961
1585935240,+3.31, +1.772, +0.252,+0.961
1585935300,+3.31, +1.816, +0.261,+0.961
1585935360,+3.31, +1.772, +0.270,+0.961
1585935420,+3.31, +1.805, +0.277,+0.962
1585935480,+3.31, +1.805, +0.285,+0.962
1585935540,+3.31, +1.794, +0.292,+0.962
1585935600,+3.31, +1.772, +0.297,+0.962
1585935660,+3.31, +1.805, +0.303,+0.962
1585935720,+3.31, +1.794, +0.310,+0.962
1585935780,+3.31, +1.794, +0.316,+0.962
1585935840,+3.31, +1.838, +0.321,+0.962
1585935900,+3.31, +1.772, +0.328,+0.962
1585935960,+3.31, +1.805, +0.332,+0.962
1585936020,+3.31, +1.794, +0.337,+0.962
1585936080,+3.31, +1.794, +0.343,+0.962
1585936140,+3.31, +1.805, +0.346,+0.963
1585936200,+3.31, +1.805, +0.349,+0.963
1585936260,+3.31, +1.783, +0.353,+0.963
1585936320,+3.31, +1.783, +0.355,+0.962
1585936380,+3.31, +1.794, +0.359,+0.963
1585936440,+3.31, +1.783, +0.363,+0.963
1585936500,+3.31, +1.805, +0.364,+0.963
1585936560,+3.31, +1.805, +0.366,+0.963
1585936620,+3.31, +1.794, +0.368,+0.963
1585936680,+3.31, +1.794, +0.369,+0.963
1585936740,+3.31, +1.794, +0.369,+0.963
1585936800,+3.31, +1.805, +0.371,+0.963
1585936860,+3.31, +1.794, +0.375,+0.963
1585936920,+3.31, +1.783, +0.376,+0.963
1585936980,+3.31, +1.794, +0.376,+0.963
1585937040,+3.31, +1.805, +0.377,+0.963
1585937100,+3.31, +1.816, +0.379,+0.963
1585937160,+3.31, +1.761, +0.382,+0.963
1585937220,+3.31, +1.794, +0.382,+0.963
1585937280,+3.31, +1.783, +0.384,+0.963
1585937340,+3.31, +1.805, +0.383,+0.963
1585937400,+3.31, +1.772, +0.386,+0.963
1585937460,+3.31, +1.794, +0.387,+0.963
1585937520,+3.31, +1.816, +0.388,+0.963
1585937580,+3.31, +1.805, +0.391,+0.963
1585937640,+3.31, +1.783, +0.393,+0.963
1585937700,+3.31, +1.805, +0.396,+0.963
1585937760,+3.31, +1.783, +0.397,+0.963
1585937820,+3.31, +1.772, +0.402,+0.963
1585937880,+3.31, +1.805, +0.400,+0.963
1585937940,+3.31, +1.750, +0.405,+0.963
1585938000,+3.31, +1.794, +0.408,+0.963
1585938060,+3.31, +1.772, +0.411,+0.963
1585938120,+3.31, +1.816, +0.415,+0.964
1585938180,+3.31, +1.794, +0.418,+0.964
1585938240,+3.31, +1.783, +0.423,+0.963
1585938300,+3.31, +1.794, +0.424,+0.964
1585938360,+3.31, +1.794, +0.427,+0.964
1585938420,+3.31, +1.805, +0.429,+0.963
1585938480,+3.31, +1.805, +0.432,+0.964
1585938540,+3.31, +1.783, +0.433,+0.964
1585938600,+3.31, +1.772, +0.435,+0.964
1585938660,+3.31, +1.805, +0.435,+0.964
1585938720,+3.31, +1.794, +0.437,+0.964
1585938780,+3.31, +1.772, +0.439,+0.964
1585938840,+3.31, +1.761, +0.441,+0.964
1585938900,+3.31, +1.794, +0.440,+0.964
1585938960,+3.31, +1.794, +0.442,+0.964
1585939020,+3.31, +1.794, +0.443,+0.964
1585939080,+3.31, +1.794, +0.444,+0.964
1585939140,+3.31, +1.783, +0.446,+0.964
1585939200,+3.31, +1.805, +0.443,+0.964
1585939260,+3.31, +1.805, +0.444,+0.964
1585939320,+3.31, +1.816, +0.443,+0.964
1585939380,+3.31, +1.772, +0.444,+0.964
1585939440,+3.31, +1.794, +0.443,+0.964
1585939500,+3.31, +1.794, +0.443,+0.964
1585939560,+3.31, +1.783, +0.445,+0.964
1585939620,+3.31, +1.794, +0.446,+0.964
1585939680,+3.31, +1.794, +0.444,+0.964
1585939740,+3.31, +1.805, +0.441,+0.964
1585939800,+3.31, +1.805, +0.441,+0.964
1585939860,+3.31, +1.794, +0.443,+0.964
1585939920,+3.31, +1.783, +0.443,+0.964
1585939980,+3.31, +1.805, +0.440,+0.964
1585940040,+3.31, +1.783, +0.441,+0.964
1585940100,+3.31, +1.794, +0.441,+0.964
1585940160,+3.31, +1.783, +0.442,+0.964
1585940220,+3.31, +1.783, +0.441,+0.964
1585940280,+3.31, +1.816, +0.442,+0.964
1585940340,+3.31, +1.805, +0.444,+0.964
1585940400,+3.31, +1.772, +0.443,+0.964
1585940460,+3.31, +1.794, +0.442,+0.964
1585940520,+3.31, +1.794, +0.444,+0.964
1585940580,+3.31, +1.783, +0.443,+0.964
1585940640,+3.31, +1.816, +0.440,+0.964
1585940700,+3.31, +1.783, +0.442,+0.964
1585940760,+3.31, +1.783, +0.441,+0.964
1585940820,+3.31, +1.805, +0.442,+0.964
1585940880,+3.31, +1.794, +0.439,+0.964
1585940940,+3.31, +1.805, +0.442,+0.964
1585941000,+3.31, +1.794, +0.444,+0.964
1585941060,+3.31, +1.816, +0.445,+0.964
1585941120,+3.31, +1.794, +0.446,+0.964
1585941180,+3.31, +1.794, +0.450,+0.964
1585941240,+3.31, +1.794, +0.452,+0.964
1585941300,+3.31, +1.805, +0.458,+0.964
1585941360,+3.31, +1.805, +0.462,+0.964
1585941420,+3.31, +1.783, +0.469,+0.964
1585941480,+3.31, +1.794, +0.473,+0.964
1585941540,+3.31, +1.783, +0.479,+0.964
1585941600,+3.31, +1.794, +0.483,+0.964
1585941660,+3.31, +1.794, +0.489,+0.964
1585941720,+3.31, +1.838, +0.493,+0.964
1585941780,+3.31, +1.805, +0.499,+0.964
1585941840,+3.31, +1.816, +0.502,+0.965
1585941900,+3.31, +1.805, +0.507,+0.965
1585941960,+3.31, +1.750, +0.513,+0.965
1585942020,+3.31, +1.816, +0.518,+0.965
1585942080,+3.31, +1.794, +0.522,+0.965
1585942140,+3.31, +1.816, +0.525,+0.965
1585942200,+3.31, +1.805, +0.533,+0.965
1585942260,+3.31, +1.783, +0.537,+0.965
1585942320,+3.31, +1.805, +0.543,+0.965
1585942380,+3.31, +1.794, +0.551,+0.965
1585942440,+3.31, +1.794, +0.552,+0.965
1585942500,+3.31, +1.805, +0.557,+0.965
1585942560,+3.31, +1.805, +0.560,+0.965
1585942620,+3.31, +1.794, +0.565,+0.965
1585942680,+3.31, +1.805, +0.566,+0.965
1585942740,+3.31, +1.783, +0.569,+0.965
1585942800,+3.31, +1.794, +0.571,+0.966
1585942860,+3.31, +1.761, +0.573,+0.965
1585942920,+3.31, +1.772, +0.574,+0.965
1585942980,+3.31, +1.838, +0.572,+0.966
1585943040,+3.31, +1.794, +0.574,+0.965
1585943100,+3.31, +1.805, +0.576,+0.966
1585943160,+3.31, +1.783, +0.576,+0.965
1585943220,+3.31, +1.794, +0.578,+0.966
1585943280,+3.31, +1.871, +0.576,+0.966
1585943340,+3.31, +1.794, +0.578,+0.965
1585943400,+3.31, +1.816, +0.577,+0.966
1585943460,+3.31, +1.805, +0.578,+0.966
1585943520,+3.31, +1.783, +0.580,+0.965
1585943580,+3.31, +1.816, +0.579,+0.965
1585943640,+3.31, +1.794, +0.578,+0.965
1585943700,+3.31, +1.805, +0.580,+0.966
1585943760,+3.31, +1.761, +0.580,+0.965
1585943820,+3.31, +1.783, +0.579,+0.965
1585943880,+3.31, +1.794, +0.582,+0.966
1585943940,+3.31, +1.816, +0.581,+0.966
1585944000,+3.31, +1.816, +0.581,+0.966
1585944060,+3.31, +1.816, +0.584,+0.966
1585944120,+3.31, +1.794, +0.583,+0.966
1585944180,+3.31, +1.805, +0.583,+0.966
1585944240,+3.31, +1.772, +0.586,+0.966
1585944300,+3.31, +1.816, +0.584,+0.965
1585944360,+3.31, +1.816, +0.584,+0.966
1585944420,+3.31, +1.772, +0.589,+0.965
1585944480,+3.31, +1.805, +0.590,+0.966
1585944540,+3.31, +1.783, +0.593,+0.966
1585944600,+3.31, +1.816, +0.593,+0.966
1585944660,+3.31, +1.794, +0.594,+0.966
1585944720,+3.31, +1.783, +0.597,+0.966
1585944780,+3.31, +1.783, +0.601,+0.966
1585944840,+3.31, +1.794, +0.604,+0.966
1585944900,+3.31, +1.816, +0.606,+0.966
1585944960,+3.31, +1.794, +0.609,+0.966
1585945020,+3.31, +1.794, +0.614,+0.966
1585945080,+3.31, +1.805, +0.616,+0.966
1585945140,+3.31, +1.761, +0.620,+0.966
1585945200,+3.31, +1.739, +0.624,+0.966
1585945260,+3.31, +1.772, +0.624,+0.966
1585945320,+3.31, +1.805, +0.626,+0.966
1585945380,+3.31, +1.783, +0.630,+0.966
1585945440,+3.31, +1.838, +0.628,+0.966
1585945500,+3.31, +1.783, +0.633,+0.966
1585945560,+3.31, +1.816, +0.633,+0.966
1585945620,+3.31, +1.827, +0.637,+0.967
1585945680,+3.31, +1.816, +0.637,+0.966
1585945740,+3.31, +1.794, +0.639,+0.966
1585945800,+3.31, +1.816, +0.641,+0.966
1585945860,+3.31, +1.772, +0.641,+0.966
1585945920,+3.31, +1.805, +0.644,+0.966
1585945980,+3.31, +1.805, +0.645,+0.966
1585946040,+3.31, +1.794, +0.647,+0.966
1585946100,+3.31, +1.783, +0.648,+0.966
1585946160,+3.31, +1.761, +0.652,+0.966
1585946220,+3.31, +1.783, +0.654,+0.966
1585946280,+3.31, +1.816, +0.653,+0.966
1585946340,+3.31, +1.805, +0.653,+0.966
1585946400,+3.31, +1.816, +0.656,+0.967
1585946460,+3.31, +1.827, +0.656,+0.966
1585946520,+3.31, +1.772, +0.660,+0.966
1585946580,+3.31, +1.794, +0.659,+0.966
1585946640,+3.31, +1.805, +0.663,+0.967
1585946700,+3.31, +1.827, +0.660,+0.966
1585946760,+3.31, +1.794, +0.663,+0.966
1585946820,+3.31, +1.816, +0.665,+0.967
1585946880,+3.31, +1.816, +0.666,+0.967
1585946940,+3.31, +1.816, +0.667,+0.967
1585947000,+3.31, +1.783, +0.666,+0.966
