7392-570653
OS REV: 1.11 Sensor Cal: 1428445788
Time (sec),  BV (Volts),  T (deg C),  DO (mg/l),  Q ()
1581972660,+3.33, +2.436, +0.168,+0.960
1581972720,+3.33, +2.436, +0.167,+0.960
1581972780,+3.33, +2.425, +0.168,+0.960
1581972840,+3.33, +2.436, +0.166,+0.960
1581972900,+3.33, +2.414, +0.167,+0.960
1581972960,+3.33, +2.425, +0.167,+0.960
1581973020,+3.33, +2.425, +0.167,+0.960
1581973080,+3.33, +2.414, +0.168,+0.960
1581973140,+3.33, +2.414, +0.167,+0.960
1581973200,+3.33, +2.425, +0.168,+0.960
1581973260,+3.33, +2.468, +0.165,+0.960
1581973320,+3.33, +2.425, +0.166,+0.960
1581973380,+3.33, +2.436, +0.167,+0.960
1581973440,+3.33, +2.414, +0.167,+0.960
1581973500,+3.33, +2.425, +0.166,+0.960
1581973560,+3.33, +2.382, +0.169,+0.960
1581973620,+3.33, +2.425, +0.169,+0.960
1581973680,+3.33, +2.414, +0.167,+0.960
1581973740,+3.33, +2.436, +0.168,+0.960
1581973800,+3.33, +2.414, +0.166,+0.960
1581973860,+3.33, +2.425, +0.167,+0.960
1581973920,+3.33, +2.425, +0.168,+0.960
1581973980,+3.33, +2.425, +0.167,+0.960
1581974040,+3.33, +2.403, +0.169,+0.960
1581974100,+3.33, +2.446, +0.167,+0.960
1581974160,+3.33, +2.414, +0.166,+0.960
1581974220,+3.33, +2.425, +0.168,+0.960
1581974280,+3.33, +2.414, +0.168,+0.960
1581974340,+3.33, +2.425, +0.167,+0.960
1581974400,+3.33, +2.436, +0.164,+0.960
1581974460,+3.33, +2.436, +0.168,+0.960
1581974520,+3.33, +2.371, +0.169,+0.960
1581974580,+3.33, +2.414, +0.167,+0.960
1581974640,+3.33, +2.403, +0.169,+0.960
1581974700,+3.33, +2.425, +0.166,+0.960
1581974760,+3.33, +2.414, +0.168,+0.960
1581974820,+3.33, +2.436, +0.168,+0.960
1581974880,+3.33, +2.425, +0.165,+0.960
1581974940,+3.33, +2.425, +0.167,+0.960
1581975000,+3.33, +2.425, +0.168,+0.960
1581975060,+3.33, +2.414, +0.168,+0.960
1581975120,+3.33, +2.414, +0.167,+0.960
1581975180,+3.33, +2.414, +0.167,+0.960
1581975240,+3.33, +2.446, +0.166,+0.960
1581975300,+3.33, +2.414, +0.169,+0.960
1581975360,+3.33, +2.393, +0.169,+0.960
1581975420,+3.33, +2.382, +0.168,+0.960
1581975480,+3.33, +2.414, +0.167,+0.960
1581975540,+3.33, +2.360, +0.167,+0.960
1581975600,+3.33, +2.425, +0.168,+0.960
1581975660,+3.33, +2.414, +0.168,+0.960
1581975720,+3.33, +2.414, +0.169,+0.960
1581975780,+3.33, +2.446, +0.166,+0.960
1581975840,+3.33, +2.446, +0.167,+0.960
1581975900,+3.33, +2.382, +0.167,+0.960
1581975960,+3.33, +2.425, +0.169,+0.960
1581976020,+3.33, +2.403, +0.169,+0.960
1581976080,+3.33, +2.436, +0.167,+0.960
1581976140,+3.33, +2.425, +0.168,+0.960
1581976200,+3.33, +2.436, +0.167,+0.960
1581976260,+3.33, +2.446, +0.168,+0.960
1581976320,+3.33, +2.414, +0.168,+0.960
1581976380,+3.33, +2.414, +0.166,+0.960
1581976440,+3.33, +2.403, +0.169,+0.960
1581976500,+3.33, +2.414, +0.168,+0.960
1581976560,+3.33, +2.425, +0.168,+0.960
1581976620,+3.33, +2.425, +0.168,+0.960
1581976680,+3.33, +2.436, +0.169,+0.960
1581976740,+3.33, +2.425, +0.167,+0.960
1581976800,+3.33, +2.414, +0.167,+0.960
1581976860,+3.33, +2.414, +0.167,+0.960
1581976920,+3.33, +2.414, +0.168,+0.960
1581976980,+3.33, +2.403, +0.168,+0.960
1581977040,+3.33, +2.414, +0.166,+0.960
1581977100,+3.33, +2.393, +0.168,+0.960
1581977160,+3.33, +2.436, +0.167,+0.960
1581977220,+3.33, +2.393, +0.167,+0.960
1581977280,+3.33, +2.414, +0.167,+0.960
1581977340,+3.33, +2.425, +0.166,+0.960
1581977400,+3.33, +2.414, +0.168,+0.960
1581977460,+3.33, +2.403, +0.168,+0.960
1581977520,+3.33, +2.414, +0.168,+0.960
1581977580,+3.33, +2.425, +0.167,+0.960
1581977640,+3.33, +2.436, +0.167,+0.960
1581977700,+3.33, +2.414, +0.168,+0.960
1581977760,+3.33, +2.393, +0.167,+0.960
1581977820,+3.33, +2.403, +0.168,+0.960
1581977880,+3.33, +2.393, +0.168,+0.960
1581977940,+3.33, +2.425, +0.166,+0.960
1581978000,+3.33, +2.414, +0.167,+0.960
1581978060,+3.33, +2.425, +0.167,+0.960
1581978120,+3.33, +2.457, +0.167,+0.960
1581978180,+3.33, +2.425, +0.164,+0.960
1581978240,+3.33, +2.425, +0.167,+0.960
1581978300,+3.33, +2.425, +0.167,+0.960
1581978360,+3.33, +2.425, +0.166,+0.960
1581978420,+3.33, +2.436, +0.165,+0.960
1581978480,+3.33, +2.425, +0.170,+0.960
1581978540,+3.33, +2.425, +0.165,+0.960
1581978600,+3.33, +2.425, +0.166,+0.960
1581978660,+3.33, +2.425, +0.167,+0.960
1581978720,+3.33, +2.393, +0.168,+0.960
1581978780,+3.33, +2.436, +0.168,+0.960
1581978840,+3.33, +2.425, +0.167,+0.960
1581978900,+3.33, +2.425, +0.166,+0.960
1581978960,+3.33, +2.403, +0.168,+0.960
1581979020,+3.33, +2.425, +0.168,+0.960
1581979080,+3.33, +2.403, +0.168,+0.960
1581979140,+3.33, +2.403, +0.165,+0.960
1581979200,+3.33, +2.393, +0.168,+0.960
1581979260,+3.33, +2.393, +0.166,+0.960
1581979320,+3.33, +2.403, +0.167,+0.960
1581979380,+3.33, +2.403, +0.167,+0.960
1581979440,+3.33, +2.425, +0.169,+0.960
1581979500,+3.33, +2.403, +0.167,+0.960
1581979560,+3.33, +2.436, +0.166,+0.960
1581979620,+3.33, +2.403, +0.167,+0.960
1581979680,+3.33, +2.393, +0.168,+0.960
1581979740,+3.33, +2.414, +0.165,+0.960
1581979800,+3.33, +2.414, +0.167,+0.960
1581979860,+3.33, +2.436, +0.167,+0.960
1581979920,+3.33, +2.425, +0.166,+0.960
1581979980,+3.33, +2.393, +0.168,+0.960
1581980040,+3.33, +2.403, +0.167,+0.960
1581980100,+3.33, +2.414, +0.166,+0.960
1581980160,+3.33, +2.403, +0.167,+0.960
1581980220,+3.33, +2.414, +0.167,+0.960
1581980280,+3.33, +2.414, +0.167,+0.960
1581980340,+3.33, +2.436, +0.168,+0.960
1581980400,+3.33, +2.446, +0.168,+0.960
1581980460,+3.33, +2.403, +0.167,+0.960
1581980520,+3.33, +2.425, +0.166,+0.960
1581980580,+3.33, +2.393, +0.167,+0.960
1581980640,+3.33, +2.425, +0.169,+0.960
1581980700,+3.33, +2.425, +0.168,+0.960
1581980760,+3.33, +2.414, +0.168,+0.960
1581980820,+3.33, +2.425, +0.168,+0.960
1581980880,+3.33, +2.425, +0.168,+0.960
1581980940,+3.33, +2.414, +0.169,+0.960
1581981000,+3.33, +2.393, +0.167,+0.960
1581981060,+3.33, +2.414, +0.167,+0.960
1581981120,+3.33, +2.414, +0.169,+0.960
1581981180,+3.33, +2.414, +0.169,+0.960
1581981240,+3.33, +2.414, +0.166,+0.960
1581981300,+3.33, +2.436, +0.168,+0.960
1581981360,+3.33, +2.403, +0.167,+0.960
1581981420,+3.33, +2.425, +0.167,+0.960
1581981480,+3.33, +2.414, +0.168,+0.960
1581981540,+3.33, +2.425, +0.168,+0.960
1581981600,+3.33, +2.425, +0.166,+0.960
1581981660,+3.33, +2.393, +0.168,+0.960
1581981720,+3.33, +2.436, +0.165,+0.960
1581981780,+3.33, +2.403, +0.166,+0.960
1581981840,+3.33, +2.382, +0.168,+0.960
1581981900,+3.33, +2.403, +0.168,+0.960
1581981960,+3.33, +2.403, +0.168,+0.960
1581982020,+3.33, +2.414, +0.166,+0.960
1581982080,+3.33, +2.393, +0.169,+0.960
1581982140,+3.33, +2.414, +0.168,+0.960
1581982200,+3.33, +2.425, +0.169,+0.960
1581982260,+3.33, +2.425, +0.168,+0.960
1581982320,+3.33, +2.414, +0.168,+0.960
1581982380,+3.33, +2.403, +0.168,+0.960
1581982440,+3.33, +2.403, +0.168,+0.960
1581982500,+3.33, +2.425, +0.166,+0.960
1581982560,+3.33, +2.403, +0.168,+0.960
1581982620,+3.33, +2.403, +0.169,+0.960
1581982680,+3.33, +2.425, +0.167,+0.960
1581982740,+3.33, +2.403, +0.170,+0.960
1581982800,+3.33, +2.425, +0.167,+0.960
1581982860,+3.33, +2.414, +0.167,+0.960
1581982920,+3.33, +2.414, +0.169,+0.960
1581982980,+3.33, +2.425, +0.168,+0.960
1581983040,+3.33, +2.446, +0.168,+0.960
1581983100,+3.33, +2.403, +0.167,+0.960
1581983160,+3.33, +2.425, +0.169,+0.960
1581983220,+3.33, +2.414, +0.168,+0.960
1581983280,+3.33, +2.414, +0.168,+0.960
1581983340,+3.33, +2.403, +0.166,+0.960
1581983400,+3.33, +2.425, +0.168,+0.960
1581983460,+3.33, +2.414, +0.165,+0.960
1581983520,+3.33, +2.382, +0.169,+0.960
1581983580,+3.33, +2.403, +0.169,+0.960
1581983640,+3.33, +2.414, +0.167,+0.960
1581983700,+3.33, +2.414, +0.169,+0.960
1581983760,+3.33, +2.403, +0.168,+0.960
1581983820,+3.33, +2.403, +0.168,+0.960
1581983880,+3.33, +2.403, +0.169,+0.960
1581983940,+3.33, +2.425, +0.168,+0.960
1581984000,+3.33, +2.414, +0.168,+0.960
1581984060,+3.33, +2.446, +0.166,+0.960
1581984120,+3.33, +2.425, +0.166,+0.960
1581984180,+3.33, +2.393, +0.166,+0.960
1581984240,+3.33, +2.425, +0.167,+0.960
1581984300,+3.33, +2.403, +0.166,+0.960
1581984360,+3.33, +2.436, +0.167,+0.960
1581984420,+3.33, +2.414, +0.167,+0.960
1581984480,+3.33, +2.436, +0.168,+0.960
1581984540,+3.33, +2.436, +0.167,+0.960
1581984600,+3.33, +2.425, +0.167,+0.960
1581984660,+3.33, +2.403, +0.166,+0.960
1581984720,+3.33, +2.393, +0.167,+0.960
1581984780,+3.33, +2.436, +0.166,+0.960
1581984840,+3.33, +2.403, +0.166,+0.960
1581984900,+3.33, +2.403, +0.166,+0.960
1581984960,+3.33, +2.414, +0.167,+0.960
1581985020,+3.33, +2.414, +0.166,+0.960
1581985080,+3.33, +2.414, +0.166,+0.960
1581985140,+3.33, +2.436, +0.167,+0.960
1581985200,+3.33, +2.425, +0.167,+0.960
1581985260,+3.33, +2.436, +0.168,+0.960
1581985320,+3.33, +2.414, +0.167,+0.960
1581985380,+3.33, +2.436, +0.168,+0.960
1581985440,+3.33, +2.414, +0.166,+0.960
1581985500,+3.33, +2.425, +0.167,+0.960
1581985560,+3.33, +2.414, +0.168,+0.960
1581985620,+3.33, +2.393, +0.166,+0.960
1581985680,+3.33, +2.403, +0.167,+0.960
1581985740,+3.33, +2.414, +0.167,+0.960
1581985800,+3.33, +2.425, +0.167,+0.960
1581985860,+3.33, +2.414, +0.167,+0.960
1581985920,+3.33, +2.436, +0.167,+0.960
1581985980,+3.33, +2.436, +0.167,+0.960
1581986040,+3.33, +2.414, +0.170,+0.960
1581986100,+3.33, +2.414, +0.166,+0.960
1581986160,+3.33, +2.393, +0.166,+0.960
1581986220,+3.33, +2.414, +0.168,+0.960
1581986280,+3.33, +2.414, +0.167,+0.960
1581986340,+3.33, +2.414, +0.169,+0.960
1581986400,+3.33, +2.425, +0.169,+0.960
1581986460,+3.33, +2.306, +0.169,+0.960
1581986520,+3.33, +2.425, +0.169,+0.960
1581986580,+3.33, +2.425, +0.166,+0.960
1581986640,+3.33, +2.414, +0.166,+0.960
1581986700,+3.33, +2.425, +0.168,+0.960
1581986760,+3.33, +2.425, +0.167,+0.960
1581986820,+3.33, +2.425, +0.167,+0.960
1581986880,+3.33, +2.414, +0.168,+0.960
1581986940,+3.33, +2.371, +0.167,+0.960
1581987000,+3.33, +2.403, +0.167,+0.960
1581987060,+3.33, +2.457, +0.167,+0.960
1581987120,+3.33, +2.403, +0.169,+0.960
1581987180,+3.33, +2.414, +0.166,+0.960
1581987240,+3.33, +2.436, +0.166,+0.960
1581987300,+3.33, +2.425, +0.167,+0.960
1581987360,+3.33, +2.425, +0.167,+0.960
1581987420,+3.33, +2.414, +0.168,+0.960
1581987480,+3.33, +2.414, +0.168,+0.960
1581987540,+3.33, +2.414, +0.167,+0.960
1581987600,+3.33, +2.393, +0.167,+0.960
1581987660,+3.33, +2.393, +0.169,+0.960
1581987720,+3.33, +2.414, +0.169,+0.960
1581987780,+3.33, +2.436, +0.167,+0.960
1581987840,+3.33, +2.414, +0.167,+0.960
1581987900,+3.33, +2.403, +0.167,+0.960
1581987960,+3.33, +2.425, +0.166,+0.960
1581988020,+3.33, +2.403, +0.168,+0.960
1581988080,+3.33, +2.403, +0.166,+0.960
1581988140,+3.33, +2.403, +0.167,+0.960
1581988200,+3.33, +2.425, +0.167,+0.960
1581988260,+3.33, +2.414, +0.168,+0.960
1581988320,+3.33, +2.360, +0.167,+0.960
1581988380,+3.33, +2.425, +0.167,+0.960
1581988440,+3.33, +2.414, +0.167,+0.960
1581988500,+3.33, +2.414, +0.168,+0.960
1581988560,+3.33, +2.425, +0.167,+0.960
1581988620,+3.33, +2.403, +0.167,+0.960
1581988680,+3.33, +2.393, +0.167,+0.960
1581988740,+3.33, +2.403, +0.167,+0.960
1581988800,+3.33, +2.393, +0.167,+0.960
1581988860,+3.33, +2.425, +0.166,+0.960
1581988920,+3.33, +2.414, +0.168,+0.960
1581988980,+3.33, +2.425, +0.168,+0.960
1581989040,+3.33, +2.403, +0.169,+0.960
1581989100,+3.33, +2.403, +0.169,+0.960
1581989160,+3.33, +2.446, +0.169,+0.960
1581989220,+3.33, +2.425, +0.166,+0.960
1581989280,+3.33, +2.414, +0.166,+0.960
1581989340,+3.33, +2.425, +0.168,+0.960
1581989400,+3.33, +2.414, +0.168,+0.960
1581989460,+3.33, +2.425, +0.167,+0.960
1581989520,+3.33, +2.436, +0.168,+0.960
1581989580,+3.33, +2.446, +0.167,+0.960
1581989640,+3.33, +2.425, +0.166,+0.960
1581989700,+3.33, +2.414, +0.167,+0.960
1581989760,+3.33, +2.425, +0.166,+0.960
1581989820,+3.33, +2.446, +0.167,+0.960
1581989880,+3.33, +2.403, +0.166,+0.960
1581989940,+3.33, +2.425, +0.167,+0.960
1581990000,+3.33, +2.414, +0.168,+0.960
1581990060,+3.33, +2.414, +0.168,+0.960
1581990120,+3.33, +2.414, +0.168,+0.960
1581990180,+3.33, +2.414, +0.166,+0.960
1581990240,+3.33, +2.425, +0.167,+0.960
1581990300,+3.33, +2.446, +0.167,+0.960
1581990360,+3.33, +2.414, +0.168,+0.960
1581990420,+3.33, +2.403, +0.167,+0.960
1581990480,+3.33, +2.414, +0.166,+0.960
1581990540,+3.33, +2.414, +0.167,+0.960
1581990600,+3.33, +2.414, +0.169,+0.960
1581990660,+3.33, +2.414, +0.168,+0.960
1581990720,+3.33, +2.425, +0.169,+0.960
1581990780,+3.33, +2.382, +0.167,+0.960
1581990840,+3.33, +2.403, +0.167,+0.960
1581990900,+3.33, +2.393, +0.169,+0.960
1581990960,+3.33, +2.403, +0.166,+0.960
1581991020,+3.33, +2.436, +0.166,+0.960
1581991080,+3.33, +2.425, +0.169,+0.960
1581991140,+3.33, +2.436, +0.166,+0.960
1581991200,+3.33, +2.414, +0.167,+0.960
1581991260,+3.33, +2.425, +0.167,+0.960
1581991320,+3.33, +2.393, +0.168,+0.960
1581991380,+3.33, +2.414, +0.168,+0.960
1581991440,+3.33, +2.457, +0.167,+0.960
1581991500,+3.33, +2.425, +0.169,+0.960
1581991560,+3.33, +2.425, +0.168,+0.960
1581991620,+3.33, +2.436, +0.167,+0.960
1581991680,+3.33, +2.414, +0.168,+0.960
1581991740,+3.33, +2.425, +0.166,+0.960
1581991800,+3.33, +2.414, +0.167,+0.960
1581991860,+3.33, +2.425, +0.167,+0.960
1581991920,+3.33, +2.446, +0.167,+0.960
1581991980,+3.33, +2.393, +0.169,+0.960
1581992040,+3.33, +2.414, +0.166,+0.960
1581992100,+3.33, +2.425, +0.166,+0.960
1581992160,+3.33, +2.425, +0.166,+0.960
1581992220,+3.33, +2.414, +0.167,+0.960
1581992280,+3.33, +2.457, +0.167,+0.960
1581992340,+3.33, +2.425, +0.168,+0.960
1581992400,+3.33, +2.414, +0.167,+0.960
1581992460,+3.33, +2.414, +0.169,+0.960
1581992520,+3.33, +2.414, +0.167,+0.960
1581992580,+3.33, +2.382, +0.168,+0.960
1581992640,+3.33, +2.436, +0.166,+0.960
1581992700,+3.33, +2.414, +0.167,+0.960
1581992760,+3.33, +2.403, +0.166,+0.960
1581992820,+3.33, +2.414, +0.167,+0.960
1581992880,+3.33, +2.436, +0.168,+0.960
1581992940,+3.33, +2.414, +0.167,+0.960
1581993000,+3.33, +2.425, +0.166,+0.960
1581993060,+3.33, +2.403, +0.167,+0.960
1581993120,+3.33, +2.403, +0.168,+0.960
1581993180,+3.33, +2.403, +0.168,+0.960
1581993240,+3.33, +2.403, +0.168,+0.960
1581993300,+3.33, +2.414, +0.167,+0.960
1581993360,+3.33, +2.382, +0.167,+0.960
1581993420,+3.33, +2.393, +0.168,+0.960
1581993480,+3.33, +2.446, +0.166,+0.960
1581993540,+3.33, +2.414, +0.168,+0.960
1581993600,+3.33, +2.393, +0.167,+0.960
1581993660,+3.33, +2.414, +0.168,+0.960
1581993720,+3.33, +2.414, +0.166,+0.960
1581993780,+3.33, +2.414, +0.168,+0.960
1581993840,+3.33, +2.414, +0.168,+0.960
1581993900,+3.33, +2.403, +0.169,+0.960
1581993960,+3.33, +2.425, +0.168,+0.960
1581994020,+3.33, +2.403, +0.168,+0.960
1581994080,+3.33, +2.403, +0.167,+0.960
1581994140,+3.33, +2.425, +0.167,+0.960
1581994200,+3.33, +2.414, +0.167,+0.960
1581994260,+3.33, +2.403, +0.167,+0.960
1581994320,+3.33, +2.403, +0.167,+0.960
1581994380,+3.33, +2.425, +0.168,+0.960
1581994440,+3.33, +2.393, +0.167,+0.960
1581994500,+3.33, +2.403, +0.168,+0.960
1581994560,+3.33, +2.414, +0.168,+0.960
1581994620,+3.33, +2.436, +0.166,+0.960
1581994680,+3.33, +2.403, +0.167,+0.960
1581994740,+3.33, +2.414, +0.167,+0.960
1581994800,+3.33, +2.414, +0.167,+0.960
1581994860,+3.33, +2.436, +0.167,+0.960
1581994920,+3.33, +2.414, +0.167,+0.960
1581994980,+3.33, +2.403, +0.168,+0.960
1581995040,+3.33, +2.414, +0.167,+0.960
1581995100,+3.33, +2.425, +0.167,+0.960
1581995160,+3.33, +2.403, +0.169,+0.960
1581995220,+3.33, +2.414, +0.166,+0.960
1581995280,+3.33, +2.382, +0.166,+0.960
1581995340,+3.33, +2.425, +0.169,+0.960
1581995400,+3.33, +2.446, +0.167,+0.960
1581995460,+3.33, +2.425, +0.168,+0.960
1581995520,+3.33, +2.403, +0.167,+0.960
1581995580,+3.33, +2.403, +0.167,+0.960
1581995640,+3.33, +2.436, +0.166,+0.960
1581995700,+3.33, +2.414, +0.168,+0.960
1581995760,+3.33, +2.403, +0.167,+0.960
1581995820,+3.33, +2.414, +0.167,+0.960
1581995880,+3.33, +2.414, +0.167,+0.960
1581995940,+3.33, +2.425, +0.167,+0.960
1581996000,+3.33, +2.403, +0.169,+0.960
1581996060,+3.33, +2.425, +0.168,+0.960
1581996120,+3.33, +2.403, +0.167,+0.960
1581996180,+3.33, +2.425, +0.167,+0.960
1581996240,+3.33, +2.436, +0.167,+0.960
1581996300,+3.33, +2.393, +0.168,+0.960
1581996360,+3.33, +2.425, +0.166,+0.960
1581996420,+3.33, +2.403, +0.169,+0.960
1581996480,+3.33, +2.403, +0.168,+0.960
1581996540,+3.33, +2.425, +0.167,+0.960
1581996600,+3.33, +2.403, +0.167,+0.960
1581996660,+3.33, +2.414, +0.166,+0.960
1581996720,+3.33, +2.393, +0.168,+0.960
1581996780,+3.33, +2.425, +0.168,+0.960
1581996840,+3.33, +2.425, +0.167,+0.960
1581996900,+3.33, +2.425, +0.165,+0.960
1581996960,+3.33, +2.393, +0.166,+0.960
1581997020,+3.33, +2.403, +0.169,+0.960
1581997080,+3.33, +2.403, +0.168,+0.960
1581997140,+3.33, +2.446, +0.165,+0.960
1581997200,+3.33, +2.425, +0.169,+0.960
1581997260,+3.33, +2.446, +0.168,+0.960
1581997320,+3.33, +2.414, +0.168,+0.960
1581997380,+3.33, +2.414, +0.168,+0.960
1581997440,+3.33, +2.382, +0.169,+0.960
1581997500,+3.33, +2.414, +0.167,+0.960
1581997560,+3.33, +2.436, +0.166,+0.960
1581997620,+3.33, +2.425, +0.168,+0.960
1581997680,+3.33, +2.414, +0.168,+0.960
1581997740,+3.33, +2.403, +0.169,+0.960
1581997800,+3.33, +2.414, +0.168,+0.960
1581997860,+3.33, +2.403, +0.168,+0.960
1581997920,+3.33, +2.414, +0.166,+0.960
1581997980,+3.33, +2.403, +0.168,+0.960
1581998040,+3.33, +2.414, +0.166,+0.960
1581998100,+3.33, +2.414, +0.167,+0.960
1581998160,+3.33, +2.425, +0.168,+0.960
1581998220,+3.33, +2.425, +0.168,+0.960
1581998280,+3.33, +2.414, +0.167,+0.960
1581998340,+3.33, +2.382, +0.168,+0.960
1581998400,+3.33, +2.425, +0.167,+0.960
1581998460,+3.33, +2.414, +0.168,+0.960
1581998520,+3.33, +2.393, +0.167,+0.960
1581998580,+3.33, +2.425, +0.167,+0.960
1581998640,+3.33, +2.425, +0.167,+0.960
1581998700,+3.33, +2.425, +0.166,+0.960
1581998760,+3.33, +2.414, +0.166,+0.960
1581998820,+3.33, +2.414, +0.168,+0.960
1581998880,+3.33, +2.403, +0.167,+0.960
1581998940,+3.33, +2.436, +0.166,+0.960
1581999000,+3.33, +2.414, +0.167,+0.960
1581999060,+3.33, +2.436, +0.168,+0.960
1581999120,+3.33, +2.425, +0.167,+0.960
1581999180,+3.33, +2.393, +0.167,+0.960
1581999240,+3.33, +2.425, +0.167,+0.960
1581999300,+3.33, +2.393, +0.167,+0.960
1581999360,+3.33, +2.403, +0.168,+0.960
1581999420,+3.33, +2.414, +0.165,+0.960
1581999480,+3.33, +2.403, +0.167,+0.960
1581999540,+3.33, +2.436, +0.166,+0.960
1581999600,+3.33, +2.403, +0.167,+0.960
1581999660,+3.33, +2.414, +0.167,+0.960
1581999720,+3.33, +2.393, +0.167,+0.960
1581999780,+3.33, +2.425, +0.169,+0.960
1581999840,+3.33, +2.403, +0.167,+0.960
1581999900,+3.33, +2.414, +0.166,+0.960
1581999960,+3.33, +2.403, +0.168,+0.960
1582000020,+3.33, +2.393, +0.167,+0.960
1582000080,+3.33, +2.393, +0.168,+0.960
1582000140,+3.33, +2.393, +0.166,+0.960
1582000200,+3.33, +2.425, +0.168,+0.960
1582000260,+3.33, +2.414, +0.169,+0.960
1582000320,+3.33, +2.403, +0.168,+0.960
1582000380,+3.33, +2.414, +0.167,+0.960
1582000440,+3.33, +2.414, +0.166,+0.960
1582000500,+3.33, +2.425, +0.167,+0.960
1582000560,+3.33, +2.414, +0.169,+0.960
1582000620,+3.33, +2.403, +0.169,+0.960
1582000680,+3.33, +2.403, +0.167,+0.960
1582000740,+3.33, +2.414, +0.167,+0.960
1582000800,+3.33, +2.425, +0.167,+0.960
1582000860,+3.33, +2.425, +0.167,+0.960
1582000920,+3.33, +2.414, +0.168,+0.960
1582000980,+3.33, +2.414, +0.167,+0.960
1582001040,+3.33, +2.403, +0.168,+0.960
1582001100,+3.33, +2.414, +0.167,+0.960
1582001160,+3.33, +2.403, +0.168,+0.960
1582001220,+3.33, +2.446, +0.166,+0.960
1582001280,+3.33, +2.414, +0.167,+0.960
1582001340,+3.33, +2.393, +0.166,+0.960
1582001400,+3.33, +2.393, +0.168,+0.960
1582001460,+3.33, +2.425, +0.166,+0.960
1582001520,+3.33, +2.414, +0.167,+0.960
1582001580,+3.33, +2.403, +0.167,+0.960
1582001640,+3.33, +2.425, +0.168,+0.960
1582001700,+3.33, +2.403, +0.167,+0.960
1582001760,+3.33, +2.403, +0.167,+0.960
1582001820,+3.33, +2.425, +0.167,+0.960
1582001880,+3.33, +2.382, +0.168,+0.960
1582001940,+3.33, +2.414, +0.167,+0.960
1582002000,+3.33, +2.403, +0.168,+0.960
1582002060,+3.33, +2.403, +0.167,+0.960
1582002120,+3.33, +2.414, +0.166,+0.960
1582002180,+3.33, +2.393, +0.166,+0.960
1582002240,+3.34, +2.403, +0.167,+0.960
1582002300,+3.33, +2.414, +0.167,+0.960
1582002360,+3.33, +2.393, +0.167,+0.960
1582002420,+3.33, +2.425, +0.168,+0.960
1582002480,+3.33, +2.393, +0.167,+0.960
1582002540,+3.33, +2.425, +0.170,+0.960
1582002600,+3.33, +2.403, +0.169,+0.960
1582002660,+3.33, +2.403, +0.168,+0.960
1582002720,+3.33, +2.414, +0.168,+0.960
1582002780,+3.33, +2.425, +0.169,+0.960
1582002840,+3.33, +2.414, +0.165,+0.960
1582002900,+3.33, +2.414, +0.167,+0.960
1582002960,+3.33, +2.425, +0.167,+0.960
1582003020,+3.33, +2.414, +0.168,+0.960
1582003080,+3.33, +2.414, +0.169,+0.960
1582003140,+3.33, +2.414, +0.168,+0.960
1582003200,+3.33, +2.425, +0.165,+0.960
1582003260,+3.33, +2.414, +0.167,+0.960
1582003320,+3.33, +2.403, +0.168,+0.960
1582003380,+3.33, +2.436, +0.167,+0.960
1582003440,+3.33, +2.436, +0.166,+0.960
1582003500,+3.33, +2.414, +0.167,+0.960
1582003560,+3.33, +2.393, +0.167,+0.960
1582003620,+3.33, +2.425, +0.166,+0.960
1582003680,+3.33, +2.403, +0.166,+0.960
1582003740,+3.33, +2.403, +0.168,+0.960
1582003800,+3.33, +2.414, +0.167,+0.960
1582003860,+3.33, +2.414, +0.167,+0.960
1582003920,+3.33, +2.446, +0.165,+0.960
1582003980,+3.33, +2.414, +0.168,+0.960
1582004040,+3.33, +2.403, +0.167,+0.960
1582004100,+3.33, +2.403, +0.167,+0.960
1582004160,+3.33, +2.446, +0.166,+0.960
1582004220,+3.33, +2.393, +0.169,+0.960
1582004280,+3.33, +2.414, +0.166,+0.960
1582004340,+3.33, +2.403, +0.168,+0.960
1582004400,+3.33, +2.425, +0.166,+0.960
1582004460,+3.33, +2.403, +0.170,+0.960
1582004520,+3.33, +2.436, +0.167,+0.960
1582004580,+3.33, +2.425, +0.167,+0.960
1582004640,+3.33, +2.414, +0.167,+0.960
1582004700,+3.33, +2.414, +0.167,+0.960
1582004760,+3.33, +2.425, +0.169,+0.960
1582004820,+3.33, +2.414, +0.166,+0.960
1582004880,+3.33, +2.403, +0.167,+0.960
1582004940,+3.33, +2.393, +0.167,+0.960
1582005000,+3.33, +2.403, +0.169,+0.960
1582005060,+3.33, +2.393, +0.168,+0.960
1582005120,+3.33, +2.414, +0.169,+0.960
1582005180,+3.33, +2.414, +0.167,+0.960
1582005240,+3.33, +2.425, +0.167,+0.960
1582005300,+3.33, +2.414, +0.166,+0.960
1582005360,+3.33, +2.414, +0.168,+0.960
1582005420,+3.33, +2.414, +0.168,+0.960
1582005480,+3.33, +2.425, +0.166,+0.960
1582005540,+3.33, +2.414, +0.166,+0.960
1582005600,+3.33, +2.393, +0.167,+0.960
1582005660,+3.33, +2.414, +0.167,+0.960
1582005720,+3.33, +2.425, +0.167,+0.960
1582005780,+3.33, +2.436, +0.167,+0.960
1582005840,+3.33, +2.414, +0.167,+0.960
1582005900,+3.33, +2.393, +0.169,+0.960
1582005960,+3.33, +2.414, +0.168,+0.960
1582006020,+3.33, +2.414, +0.168,+0.960
1582006080,+3.33, +2.393, +0.168,+0.960
1582006140,+3.33, +2.414, +0.169,+0.960
1582006200,+3.33, +2.425, +0.167,+0.960
1582006260,+3.33, +2.425, +0.167,+0.960
1582006320,+3.33, +2.403, +0.166,+0.960
1582006380,+3.33, +2.403, +0.167,+0.960
1582006440,+3.33, +2.414, +0.168,+0.960
1582006500,+3.33, +2.403, +0.168,+0.960
1582006560,+3.33, +2.414, +0.167,+0.960
1582006620,+3.33, +2.393, +0.168,+0.960
1582006680,+3.33, +2.414, +0.168,+0.960
1582006740,+3.33, +2.425, +0.164,+0.960
1582006800,+3.33, +2.414, +0.170,+0.960
1582006860,+3.33, +2.414, +0.169,+0.960
1582006920,+3.33, +2.414, +0.167,+0.960
1582006980,+3.33, +2.403, +0.167,+0.960
1582007040,+3.33, +2.414, +0.167,+0.960
1582007100,+3.33, +2.436, +0.167,+0.960
1582007160,+3.33, +2.414, +0.166,+0.960
1582007220,+3.33, +2.360, +0.166,+0.960
1582007280,+3.33, +2.382, +0.168,+0.960
1582007340,+3.33, +2.393, +0.168,+0.960
1582007400,+3.33, +2.403, +0.167,+0.960
1582007460,+3.33, +2.382, +0.169,+0.960
1582007520,+3.33, +2.414, +0.165,+0.960
1582007580,+3.33, +2.403, +0.167,+0.960
1582007640,+3.33, +2.403, +0.168,+0.960
1582007700,+3.33, +2.403, +0.168,+0.960
1582007760,+3.33, +2.403, +0.166,+0.960
1582007820,+3.33, +2.403, +0.167,+0.960
1582007880,+3.33, +2.393, +0.168,+0.960
1582007940,+3.33, +2.414, +0.167,+0.960
1582008000,+3.33, +2.393, +0.167,+0.960
1582008060,+3.33, +2.414, +0.166,+0.960
1582008120,+3.33, +2.425, +0.167,+0.960
1582008180,+3.33, +2.425, +0.167,+0.960
1582008240,+3.33, +2.371, +0.168,+0.960
1582008300,+3.33, +2.403, +0.167,+0.960
1582008360,+3.33, +2.414, +0.169,+0.960
1582008420,+3.33, +2.414, +0.167,+0.960
1582008480,+3.33, +2.414, +0.168,+0.960
1582008540,+3.33, +2.414, +0.166,+0.960
1582008600,+3.33, +2.403, +0.169,+0.960
1582008660,+3.33, +2.393, +0.167,+0.960
1582008720,+3.33, +2.403, +0.167,+0.960
1582008780,+3.33, +2.414, +0.168,+0.960
1582008840,+3.33, +2.414, +0.168,+0.960
1582008900,+3.33, +2.403, +0.165,+0.960
1582008960,+3.33, +2.403, +0.166,+0.960
1582009020,+3.33, +2.393, +0.166,+0.960
1582009080,+3.33, +2.414, +0.169,+0.960
1582009140,+3.33, +2.403, +0.167,+0.960
1582009200,+3.33, +2.403, +0.168,+0.960
1582009260,+3.33, +2.436, +0.166,+0.960
1582009320,+3.33, +2.393, +0.167,+0.960
1582009380,+3.33, +2.393, +0.168,+0.960
1582009440,+3.33, +2.414, +0.166,+0.960
1582009500,+3.33, +2.403, +0.167,+0.960
1582009560,+3.33, +2.393, +0.167,+0.960
1582009620,+3.33, +2.436, +0.168,+0.960
1582009680,+3.33, +2.403, +0.168,+0.960
1582009740,+3.33, +2.446, +0.166,+0.960
1582009800,+3.33, +2.403, +0.168,+0.960
1582009860,+3.33, +2.382, +0.168,+0.960
1582009920,+3.33, +2.425, +0.168,+0.960
1582009980,+3.33, +2.414, +0.167,+0.960
1582010040,+3.33, +2.403, +0.165,+0.960
1582010100,+3.33, +2.403, +0.168,+0.960
1582010160,+3.33, +2.403, +0.167,+0.960
1582010220,+3.33, +2.414, +0.167,+0.960
1582010280,+3.33, +2.403, +0.166,+0.960
1582010340,+3.33, +2.425, +0.168,+0.960
1582010400,+3.33, +2.403, +0.168,+0.960
1582010460,+3.33, +2.414, +0.168,+0.960
1582010520,+3.33, +2.425, +0.167,+0.960
1582010580,+3.33, +2.414, +0.168,+0.960
1582010640,+3.33, +2.425, +0.167,+0.960
1582010700,+3.33, +2.414, +0.167,+0.960
1582010760,+3.33, +2.393, +0.168,+0.960
1582010820,+3.33, +2.414, +0.168,+0.960
1582010880,+3.33, +2.425, +0.166,+0.960
1582010940,+3.33, +2.414, +0.167,+0.960
1582011000,+3.33, +2.436, +0.167,+0.960
1582011060,+3.33, +2.393, +0.167,+0.960
1582011120,+3.33, +2.425, +0.167,+0.960
1582011180,+3.33, +2.393, +0.168,+0.960
1582011240,+3.33, +2.414, +0.167,+0.960
1582011300,+3.33, +2.403, +0.168,+0.960
1582011360,+3.33, +2.425, +0.167,+0.960
1582011420,+3.33, +2.425, +0.170,+0.960
1582011480,+3.33, +2.425, +0.168,+0.960
1582011540,+3.33, +2.414, +0.168,+0.960
1582011600,+3.33, +2.425, +0.169,+0.960
1582011660,+3.33, +2.414, +0.167,+0.960
1582011720,+3.33, +2.393, +0.166,+0.960
1582011780,+3.33, +2.425, +0.168,+0.960
1582011840,+3.33, +2.425, +0.168,+0.960
1582011900,+3.33, +2.425, +0.167,+0.960
1582011960,+3.33, +2.425, +0.167,+0.960
1582012020,+3.33, +2.425, +0.169,+0.960
1582012080,+3.33, +2.403, +0.169,+0.960
1582012140,+3.33, +2.414, +0.170,+0.960
1582012200,+3.33, +2.414, +0.168,+0.960
1582012260,+3.33, +2.414, +0.167,+0.960
1582012320,+3.33, +2.425, +0.166,+0.960
1582012380,+3.33, +2.414, +0.167,+0.960
1582012440,+3.33, +2.403, +0.166,+0.960
1582012500,+3.33, +2.393, +0.168,+0.960
1582012560,+3.33, +2.403, +0.168,+0.960
1582012620,+3.33, +2.468, +0.166,+0.960
1582012680,+3.33, +2.403, +0.166,+0.960
1582012740,+3.33, +2.414, +0.167,+0.960
1582012800,+3.33, +2.393, +0.168,+0.960
1582012860,+3.33, +2.403, +0.168,+0.960
1582012920,+3.33, +2.414, +0.168,+0.960
1582012980,+3.33, +2.403, +0.167,+0.960
1582013040,+3.33, +2.414, +0.168,+0.960
1582013100,+3.33, +2.414, +0.168,+0.960
1582013160,+3.33, +2.403, +0.168,+0.960
1582013220,+3.33, +2.425, +0.167,+0.960
1582013280,+3.33, +2.414, +0.168,+0.960
1582013340,+3.33, +2.382, +0.169,+0.960
1582013400,+3.33, +2.393, +0.168,+0.960
1582013460,+3.33, +2.414, +0.168,+0.960
1582013520,+3.33, +2.425, +0.168,+0.960
1582013580,+3.33, +2.425, +0.166,+0.960
1582013640,+3.33, +2.414, +0.166,+0.960
1582013700,+3.33, +2.436, +0.166,+0.960
1582013760,+3.33, +2.414, +0.167,+0.960
1582013820,+3.33, +2.414, +0.168,+0.960
1582013880,+3.33, +2.403, +0.168,+0.960
1582013940,+3.33, +2.403, +0.167,+0.960
1582014000,+3.33, +2.403, +0.167,+0.960
1582014060,+3.33, +2.414, +0.167,+0.960
1582014120,+3.33, +2.425, +0.166,+0.960
1582014180,+3.33, +2.382, +0.168,+0.960
1582014240,+3.33, +2.382, +0.167,+0.960
1582014300,+3.33, +2.414, +0.168,+0.960
1582014360,+3.33, +2.446, +0.166,+0.960
1582014420,+3.33, +2.425, +0.167,+0.960
1582014480,+3.33, +2.414, +0.167,+0.960
1582014540,+3.33, +2.414, +0.166,+0.960
1582014600,+3.33, +2.393, +0.167,+0.960
1582014660,+3.33, +2.403, +0.167,+0.960
1582014720,+3.33, +2.436, +0.167,+0.960
1582014780,+3.33, +2.414, +0.165,+0.960
1582014840,+3.33, +2.403, +0.167,+0.960
1582014900,+3.33, +2.393, +0.166,+0.960
1582014960,+3.33, +2.414, +0.168,+0.960
1582015020,+3.33, +2.393, +0.167,+0.960
1582015080,+3.33, +2.393, +0.169,+0.960
1582015140,+3.33, +2.414, +0.168,+0.960
1582015200,+3.33, +2.382, +0.167,+0.960
1582015260,+3.33, +2.403, +0.167,+0.960
1582015320,+3.33, +2.414, +0.166,+0.960
1582015380,+3.33, +2.382, +0.168,+0.960
1582015440,+3.33, +2.414, +0.168,+0.960
1582015500,+3.33, +2.393, +0.167,+0.960
1582015560,+3.33, +2.393, +0.168,+0.960
1582015620,+3.33, +2.403, +0.168,+0.960
1582015680,+3.33, +2.436, +0.168,+0.960
1582015740,+3.33, +2.425, +0.167,+0.960
1582015800,+3.33, +2.382, +0.167,+0.960
1582015860,+3.33, +2.446, +0.167,+0.960
1582015920,+3.33, +2.414, +0.166,+0.960
1582015980,+3.33, +2.393, +0.168,+0.960
1582016040,+3.33, +2.414, +0.167,+0.960
1582016100,+3.33, +2.393, +0.167,+0.960
1582016160,+3.33, +2.393, +0.169,+0.960
1582016220,+3.33, +2.403, +0.167,+0.960
1582016280,+3.33, +2.403, +0.167,+0.960
1582016340,+3.33, +2.414, +0.167,+0.960
1582016400,+3.33, +2.382, +0.168,+0.960
1582016460,+3.33, +2.436, +0.166,+0.960
1582016520,+3.33, +2.425, +0.167,+0.960
1582016580,+3.33, +2.436, +0.167,+0.960
1582016640,+3.33, +2.425, +0.166,+0.960
1582016700,+3.33, +2.393, +0.167,+0.960
1582016760,+3.33, +2.436, +0.165,+0.960
1582016820,+3.33, +2.425, +0.166,+0.960
1582016880,+3.33, +2.436, +0.168,+0.960
1582016940,+3.33, +2.403, +0.168,+0.960
1582017000,+3.33, +2.403, +0.168,+0.960
1582017060,+3.33, +2.414, +0.167,+0.960
1582017120,+3.33, +2.393, +0.167,+0.960
1582017180,+3.33, +2.414, +0.166,+0.960
1582017240,+3.33, +2.403, +0.168,+0.960
1582017300,+3.33, +2.425, +0.168,+0.960
1582017360,+3.33, +2.425, +0.167,+0.960
1582017420,+3.33, +2.425, +0.166,+0.960
1582017480,+3.33, +2.403, +0.167,+0.960
1582017540,+3.33, +2.403, +0.168,+0.960
1582017600,+3.33, +2.393, +0.168,+0.960
1582017660,+3.33, +2.414, +0.167,+0.960
1582017720,+3.33, +2.403, +0.167,+0.960
1582017780,+3.33, +2.403, +0.167,+0.960
1582017840,+3.33, +2.425, +0.167,+0.960
1582017900,+3.33, +2.414, +0.170,+0.960
1582017960,+3.33, +2.393, +0.167,+0.960
1582018020,+3.33, +2.414, +0.169,+0.960
1582018080,+3.33, +2.360, +0.168,+0.960
1582018140,+3.33, +2.414, +0.167,+0.960
1582018200,+3.33, +2.403, +0.167,+0.960
1582018260,+3.33, +2.403, +0.168,+0.960
1582018320,+3.33, +2.414, +0.166,+0.960
1582018380,+3.33, +2.393, +0.168,+0.960
1582018440,+3.33, +2.414, +0.166,+0.960
1582018500,+3.33, +2.403, +0.168,+0.960
1582018560,+3.33, +2.393, +0.167,+0.960
1582018620,+3.33, +2.403, +0.167,+0.960
1582018680,+3.33, +2.403, +0.169,+0.960
1582018740,+3.33, +2.403, +0.166,+0.960
1582018800,+3.33, +2.393, +0.167,+0.960
1582018860,+3.33, +2.414, +0.166,+0.960
1582018920,+3.33, +2.382, +0.168,+0.960
1582018980,+3.33, +2.382, +0.169,+0.960
1582019040,+3.33, +2.403, +0.166,+0.960
1582019100,+3.33, +2.403, +0.167,+0.960
1582019160,+3.33, +2.393, +0.166,+0.960
1582019220,+3.33, +2.328, +0.168,+0.960
1582019280,+3.33, +2.393, +0.167,+0.960
1582019340,+3.33, +2.414, +0.168,+0.960
1582019400,+3.33, +2.371, +0.168,+0.960
1582019460,+3.33, +2.403, +0.167,+0.960
1582019520,+3.33, +2.414, +0.165,+0.960
1582019580,+3.33, +2.403, +0.167,+0.959
1582019640,+3.33, +2.414, +0.168,+0.960
1582019700,+3.33, +2.393, +0.168,+0.960
1582019760,+3.33, +2.393, +0.169,+0.960
1582019820,+3.33, +2.393, +0.168,+0.960
1582019880,+3.33, +2.393, +0.169,+0.960
1582019940,+3.33, +2.403, +0.166,+0.960
1582020000,+3.33, +2.393, +0.168,+0.960
1582020060,+3.33, +2.403, +0.167,+0.960
1582020120,+3.33, +2.371, +0.168,+0.960
1582020180,+3.33, +2.414, +0.167,+0.960
1582020240,+3.33, +2.403, +0.167,+0.960
1582020300,+3.33, +2.371, +0.166,+0.960
1582020360,+3.33, +2.414, +0.166,+0.960
1582020420,+3.33, +2.393, +0.169,+0.960
1582020480,+3.33, +2.414, +0.167,+0.960
1582020540,+3.33, +2.403, +0.169,+0.960
1582020600,+3.33, +2.403, +0.168,+0.960
1582020660,+3.33, +2.371, +0.167,+0.960
1582020720,+3.33, +2.393, +0.169,+0.960
1582020780,+3.33, +2.371, +0.168,+0.960
1582020840,+3.33, +2.382, +0.169,+0.960
1582020900,+3.33, +2.436, +0.167,+0.960
1582020960,+3.33, +2.382, +0.167,+0.960
1582021020,+3.33, +2.393, +0.168,+0.960
1582021080,+3.33, +2.414, +0.169,+0.960
1582021140,+3.33, +2.393, +0.168,+0.960
1582021200,+3.33, +2.393, +0.168,+0.960
1582021260,+3.33, +2.414, +0.166,+0.960
1582021320,+3.33, +2.393, +0.168,+0.960
1582021380,+3.33, +2.414, +0.168,+0.960
1582021440,+3.33, +2.425, +0.168,+0.960
1582021500,+3.33, +2.393, +0.167,+0.960
1582021560,+3.33, +2.403, +0.168,+0.960
1582021620,+3.33, +2.414, +0.167,+0.960
1582021680,+3.33, +2.360, +0.168,+0.960
1582021740,+3.33, +2.414, +0.167,+0.960
1582021800,+3.33, +2.403, +0.167,+0.960
1582021860,+3.33, +2.393, +0.167,+0.960
1582021920,+3.33, +2.393, +0.166,+0.960
1582021980,+3.33, +2.382, +0.170,+0.960
1582022040,+3.33, +2.403, +0.166,+0.960
1582022100,+3.33, +2.393, +0.167,+0.960
1582022160,+3.33, +2.382, +0.168,+0.960
1582022220,+3.33, +2.382, +0.168,+0.960
1582022280,+3.33, +2.414, +0.166,+0.960
1582022340,+3.33, +2.393, +0.167,+0.960
1582022400,+3.33, +2.393, +0.167,+0.960
1582022460,+3.33, +2.403, +0.168,+0.960
1582022520,+3.33, +2.382, +0.168,+0.960
1582022580,+3.33, +2.414, +0.167,+0.960
1582022640,+3.33, +2.382, +0.168,+0.960
1582022700,+3.33, +2.382, +0.168,+0.960
1582022760,+3.33, +2.414, +0.168,+0.960
1582022820,+3.33, +2.403, +0.167,+0.960
1582022880,+3.33, +2.393, +0.167,+0.960
1582022940,+3.33, +2.403, +0.167,+0.960
1582023000,+3.33, +2.414, +0.167,+0.960
1582023060,+3.33, +2.403, +0.167,+0.960
1582023120,+3.33, +2.393, +0.169,+0.960
1582023180,+3.33, +2.393, +0.168,+0.960
1582023240,+3.33, +2.403, +0.165,+0.960
1582023300,+3.33, +2.414, +0.167,+0.960
1582023360,+3.33, +2.403, +0.169,+0.960
1582023420,+3.33, +2.382, +0.167,+0.960
1582023480,+3.33, +2.382, +0.169,+0.960
1582023540,+3.33, +2.403, +0.167,+0.960
1582023600,+3.33, +2.403, +0.168,+0.960
1582023660,+3.33, +2.360, +0.167,+0.960
1582023720,+3.33, +2.393, +0.167,+0.960
1582023780,+3.33, +2.403, +0.167,+0.960
1582023840,+3.33, +2.403, +0.167,+0.960
1582023900,+3.33, +2.414, +0.167,+0.960
1582023960,+3.33, +2.382, +0.169,+0.960
1582024020,+3.33, +2.403, +0.167,+0.960
1582024080,+3.33, +2.403, +0.167,+0.960
1582024140,+3.33, +2.403, +0.167,+0.960
1582024200,+3.33, +2.382, +0.169,+0.960
1582024260,+3.33, +2.382, +0.168,+0.960
1582024320,+3.33, +2.393, +0.169,+0.960
1582024380,+3.33, +2.382, +0.168,+0.960
1582024440,+3.33, +2.425, +0.168,+0.960
1582024500,+3.33, +2.371, +0.168,+0.960
1582024560,+3.33, +2.414, +0.167,+0.960
1582024620,+3.33, +2.414, +0.166,+0.960
1582024680,+3.33, +2.414, +0.167,+0.960
1582024740,+3.33, +2.393, +0.167,+0.960
1582024800,+3.33, +2.414, +0.168,+0.960
1582024860,+3.33, +2.403, +0.167,+0.960
1582024920,+3.33, +2.403, +0.168,+0.960
1582024980,+3.33, +2.393, +0.167,+0.960
1582025040,+3.33, +2.393, +0.166,+0.960
1582025100,+3.33, +2.393, +0.168,+0.960
1582025160,+3.33, +2.414, +0.167,+0.960
1582025220,+3.33, +2.393, +0.168,+0.960
1582025280,+3.33, +2.393, +0.168,+0.960
1582025340,+3.33, +2.403, +0.169,+0.960
1582025400,+3.33, +2.382, +0.168,+0.960
1582025460,+3.33, +2.403, +0.168,+0.960
1582025520,+3.33, +2.403, +0.168,+0.960
1582025580,+3.33, +2.403, +0.167,+0.960
1582025640,+3.33, +2.403, +0.167,+0.960
1582025700,+3.33, +2.403, +0.168,+0.960
1582025760,+3.33, +2.403, +0.168,+0.960
1582025820,+3.33, +2.393, +0.167,+0.960
1582025880,+3.33, +2.382, +0.168,+0.960
1582025940,+3.33, +2.414, +0.166,+0.960
1582026000,+3.33, +2.403, +0.167,+0.960
1582026060,+3.33, +2.414, +0.165,+0.960
1582026120,+3.33, +2.403, +0.167,+0.960
1582026180,+3.33, +2.393, +0.168,+0.960
1582026240,+3.33, +2.382, +0.169,+0.960
1582026300,+3.33, +2.382, +0.167,+0.960
1582026360,+3.33, +2.414, +0.167,+0.960
1582026420,+3.33, +2.393, +0.168,+0.960
1582026480,+3.33, +2.425, +0.167,+0.960
1582026540,+3.33, +2.382, +0.168,+0.960
1582026600,+3.33, +2.393, +0.167,+0.960
1582026660,+3.33, +2.403, +0.167,+0.960
1582026720,+3.33, +2.393, +0.168,+0.960
1582026780,+3.33, +2.371, +0.168,+0.960
1582026840,+3.33, +2.393, +0.168,+0.960
1582026900,+3.33, +2.403, +0.167,+0.960
1582026960,+3.33, +2.393, +0.166,+0.960
1582027020,+3.33, +2.382, +0.169,+0.960
1582027080,+3.33, +2.393, +0.169,+0.960
1582027140,+3.33, +2.382, +0.168,+0.960
1582027200,+3.33, +2.403, +0.168,+0.960
1582027260,+3.33, +2.393, +0.168,+0.960
1582027320,+3.33, +2.414, +0.167,+0.960
1582027380,+3.33, +2.414, +0.168,+0.960
1582027440,+3.33, +2.414, +0.168,+0.960
1582027500,+3.33, +2.403, +0.168,+0.960
1582027560,+3.33, +2.393, +0.168,+0.960
1582027620,+3.33, +2.414, +0.167,+0.960
1582027680,+3.33, +2.371, +0.167,+0.960
1582027740,+3.33, +2.371, +0.168,+0.960
1582027800,+3.33, +2.360, +0.168,+0.960
1582027860,+3.33, +2.371, +0.168,+0.960
1582027920,+3.33, +2.403, +0.166,+0.960
1582027980,+3.33, +2.393, +0.168,+0.960
1582028040,+3.33, +2.403, +0.167,+0.960
1582028100,+3.33, +2.403, +0.168,+0.960
1582028160,+3.33, +2.382, +0.167,+0.960
1582028220,+3.33, +2.382, +0.167,+0.960
1582028280,+3.33, +2.403, +0.168,+0.960
1582028340,+3.33, +2.414, +0.166,+0.960
1582028400,+3.33, +2.393, +0.168,+0.960
1582028460,+3.33, +2.393, +0.167,+0.960
1582028520,+3.33, +2.371, +0.168,+0.960
1582028580,+3.33, +2.371, +0.168,+0.960
1582028640,+3.33, +2.393, +0.168,+0.960
1582028700,+3.33, +2.382, +0.168,+0.960
1582028760,+3.33, +2.393, +0.168,+0.960
1582028820,+3.33, +2.414, +0.168,+0.960
1582028880,+3.33, +2.403, +0.166,+0.960
1582028940,+3.33, +2.403, +0.168,+0.960
1582029000,+3.33, +2.403, +0.167,+0.960
1582029060,+3.33, +2.393, +0.167,+0.960
1582029120,+3.33, +2.403, +0.167,+0.960
1582029180,+3.33, +2.403, +0.169,+0.960
1582029240,+3.33, +2.393, +0.168,+0.960
1582029300,+3.33, +2.393, +0.168,+0.960
1582029360,+3.33, +2.403, +0.167,+0.960
1582029420,+3.33, +2.393, +0.168,+0.960
1582029480,+3.33, +2.382, +0.167,+0.960
1582029540,+3.33, +2.403, +0.167,+0.960
1582029600,+3.33, +2.393, +0.168,+0.960
1582029660,+3.33, +2.403, +0.167,+0.960
1582029720,+3.33, +2.360, +0.169,+0.960
1582029780,+3.33, +2.382, +0.169,+0.960
1582029840,+3.33, +2.371, +0.167,+0.960
1582029900,+3.33, +2.382, +0.168,+0.960
1582029960,+3.33, +2.382, +0.169,+0.960
1582030020,+3.33, +2.414, +0.170,+0.960
1582030080,+3.33, +2.382, +0.169,+0.960
1582030140,+3.33, +2.403, +0.166,+0.960
1582030200,+3.33, +2.403, +0.167,+0.960
1582030260,+3.33, +2.414, +0.166,+0.960
1582030320,+3.33, +2.403, +0.167,+0.960
1582030380,+3.33, +2.371, +0.167,+0.960
1582030440,+3.33, +2.382, +0.169,+0.960
1582030500,+3.33, +2.403, +0.168,+0.960
1582030560,+3.33, +2.403, +0.168,+0.960
1582030620,+3.33, +2.393, +0.167,+0.960
1582030680,+3.33, +2.414, +0.166,+0.960
1582030740,+3.33, +2.393, +0.166,+0.960
1582030800,+3.33, +2.382, +0.168,+0.960
1582030860,+3.33, +2.393, +0.168,+0.960
1582030920,+3.33, +2.393, +0.167,+0.960
1582030980,+3.33, +2.393, +0.168,+0.960
1582031040,+3.33, +2.414, +0.167,+0.960
1582031100,+3.33, +2.382, +0.167,+0.960
1582031160,+3.33, +2.393, +0.167,+0.960
1582031220,+3.33, +2.393, +0.169,+0.960
1582031280,+3.33, +2.393, +0.168,+0.960
1582031340,+3.33, +2.371, +0.169,+0.960
1582031400,+3.33, +2.382, +0.167,+0.960
1582031460,+3.33, +2.393, +0.167,+0.960
1582031520,+3.33, +2.382, +0.168,+0.960
1582031580,+3.33, +2.403, +0.168,+0.960
1582031640,+3.33, +2.371, +0.169,+0.960
1582031700,+3.33, +2.403, +0.166,+0.960
1582031760,+3.33, +2.360, +0.167,+0.960
1582031820,+3.33, +2.360, +0.167,+0.960
1582031880,+3.33, +2.360, +0.168,+0.960
1582031940,+3.33, +2.393, +0.169,+0.960
1582032000,+3.33, +2.393, +0.167,+0.960
1582032060,+3.33, +2.403, +0.167,+0.960
1582032120,+3.33, +2.403, +0.167,+0.960
1582032180,+3.33, +2.403, +0.167,+0.960
1582032240,+3.33, +2.403, +0.167,+0.960
1582032300,+3.33, +2.382, +0.168,+0.960
1582032360,+3.33, +2.393, +0.167,+0.960
1582032420,+3.33, +2.371, +0.167,+0.960
1582032480,+3.33, +2.414, +0.166,+0.960
1582032540,+3.33, +2.382, +0.168,+0.960
1582032600,+3.33, +2.371, +0.169,+0.960
1582032660,+3.33, +2.403, +0.167,+0.960
1582032720,+3.33, +2.414, +0.168,+0.960
1582032780,+3.33, +2.436, +0.166,+0.960
1582032840,+3.33, +2.403, +0.167,+0.960
1582032900,+3.33, +2.371, +0.168,+0.960
1582032960,+3.33, +2.403, +0.169,+0.960
1582033020,+3.33, +2.403, +0.167,+0.960
1582033080,+3.33, +2.403, +0.169,+0.960
1582033140,+3.33, +2.403, +0.168,+0.960
1582033200,+3.33, +2.382, +0.169,+0.960
1582033260,+3.33, +2.349, +0.168,+0.960
1582033320,+3.33, +2.414, +0.166,+0.960
1582033380,+3.33, +2.371, +0.168,+0.960
1582033440,+3.33, +2.393, +0.168,+0.960
1582033500,+3.33, +2.393, +0.168,+0.960
1582033560,+3.33, +2.393, +0.169,+0.960
1582033620,+3.33, +2.403, +0.167,+0.960
1582033680,+3.33, +2.414, +0.169,+0.960
1582033740,+3.33, +2.360, +0.167,+0.960
1582033800,+3.33, +2.403, +0.168,+0.960
1582033860,+3.33, +2.393, +0.167,+0.960
1582033920,+3.33, +2.382, +0.167,+0.960
1582033980,+3.33, +2.382, +0.168,+0.960
1582034040,+3.33, +2.382, +0.168,+0.960
1582034100,+3.33, +2.414, +0.166,+0.960
1582034160,+3.33, +2.436, +0.166,+0.960
1582034220,+3.33, +2.393, +0.167,+0.960
1582034280,+3.33, +2.382, +0.168,+0.960
1582034340,+3.33, +2.371, +0.168,+0.960
1582034400,+3.33, +2.393, +0.167,+0.960
1582034460,+3.33, +2.403, +0.167,+0.960
1582034520,+3.33, +2.371, +0.166,+0.960
1582034580,+3.33, +2.371, +0.167,+0.960
1582034640,+3.33, +2.403, +0.169,+0.960
1582034700,+3.33, +2.382, +0.168,+0.960
1582034760,+3.33, +2.403, +0.168,+0.960
1582034820,+3.33, +2.382, +0.169,+0.960
1582034880,+3.33, +2.382, +0.167,+0.960
1582034940,+3.33, +2.403, +0.165,+0.960
1582035000,+3.33, +2.414, +0.168,+0.960
1582035060,+3.33, +2.382, +0.168,+0.960
1582035120,+3.33, +2.393, +0.169,+0.960
1582035180,+3.33, +2.403, +0.167,+0.960
1582035240,+3.33, +2.403, +0.168,+0.960
1582035300,+3.33, +2.382, +0.167,+0.960
1582035360,+3.33, +2.414, +0.167,+0.960
1582035420,+3.33, +2.393, +0.167,+0.960
1582035480,+3.33, +2.382, +0.167,+0.960
1582035540,+3.33, +2.393, +0.167,+0.960
1582035600,+3.33, +2.403, +0.167,+0.960
1582035660,+3.33, +2.403, +0.167,+0.960
1582035720,+3.33, +2.414, +0.167,+0.960
1582035780,+3.33, +2.414, +0.167,+0.960
1582035840,+3.33, +2.393, +0.168,+0.960
1582035900,+3.33, +2.371, +0.168,+0.960
1582035960,+3.33, +2.393, +0.168,+0.960
1582036020,+3.33, +2.393, +0.168,+0.960
1582036080,+3.33, +2.393, +0.167,+0.960
1582036140,+3.33, +2.371, +0.167,+0.960
1582036200,+3.33, +2.403, +0.169,+0.960
1582036260,+3.33, +2.393, +0.168,+0.960
1582036320,+3.33, +2.382, +0.167,+0.960
1582036380,+3.33, +2.382, +0.168,+0.960
1582036440,+3.33, +2.403, +0.167,+0.960
1582036500,+3.33, +2.382, +0.168,+0.960
1582036560,+3.33, +2.425, +0.168,+0.960
1582036620,+3.33, +2.393, +0.168,+0.960
1582036680,+3.33, +2.403, +0.167,+0.960
1582036740,+3.33, +2.360, +0.169,+0.960
1582036800,+3.33, +2.393, +0.169,+0.960
1582036860,+3.33, +2.382, +0.167,+0.960
1582036920,+3.33, +2.425, +0.166,+0.960
1582036980,+3.33, +2.403, +0.167,+0.960
1582037040,+3.33, +2.382, +0.168,+0.960
1582037100,+3.33, +2.425, +0.168,+0.960
1582037160,+3.33, +2.382, +0.167,+0.960
1582037220,+3.33, +2.393, +0.166,+0.960
1582037280,+3.33, +2.414, +0.166,+0.960
1582037340,+3.33, +2.403, +0.168,+0.960
1582037400,+3.33, +2.403, +0.168,+0.960
1582037460,+3.33, +2.403, +0.168,+0.960
1582037520,+3.33, +2.414, +0.168,+0.960
1582037580,+3.33, +2.425, +0.167,+0.960
1582037640,+3.33, +2.403, +0.168,+0.960
1582037700,+3.33, +2.382, +0.167,+0.960
1582037760,+3.33, +2.393, +0.169,+0.960
1582037820,+3.33, +2.403, +0.167,+0.960
1582037880,+3.33, +2.414, +0.168,+0.960
1582037940,+3.33, +2.403, +0.167,+0.960
1582038000,+3.33, +2.393, +0.167,+0.960
1582038060,+3.33, +2.382, +0.167,+0.960
1582038120,+3.33, +2.403, +0.168,+0.960
1582038180,+3.33, +2.403, +0.167,+0.960
1582038240,+3.33, +2.414, +0.168,+0.960
1582038300,+3.33, +2.393, +0.168,+0.960
1582038360,+3.33, +2.414, +0.169,+0.960
1582038420,+3.33, +2.414, +0.169,+0.960
1582038480,+3.33, +2.403, +0.167,+0.960
1582038540,+3.33, +2.403, +0.168,+0.960
1582038600,+3.33, +2.425, +0.168,+0.960
1582038660,+3.33, +2.403, +0.168,+0.960
1582038720,+3.33, +2.393, +0.166,+0.960
1582038780,+3.33, +2.403, +0.166,+0.960
1582038840,+3.33, +2.414, +0.166,+0.960
1582038900,+3.33, +2.414, +0.168,+0.960
1582038960,+3.33, +2.403, +0.168,+0.960
1582039020,+3.33, +2.414, +0.168,+0.960
1582039080,+3.33, +2.393, +0.167,+0.960
1582039140,+3.33, +2.393, +0.167,+0.960
1582039200,+3.33, +2.414, +0.166,+0.960
1582039260,+3.33, +2.414, +0.168,+0.960
1582039320,+3.33, +2.393, +0.169,+0.960
1582039380,+3.33, +2.414, +0.165,+0.960
1582039440,+3.33, +2.371, +0.169,+0.960
1582039500,+3.33, +2.393, +0.166,+0.960
1582039560,+3.33, +2.393, +0.167,+0.960
1582039620,+3.33, +2.382, +0.169,+0.960
1582039680,+3.33, +2.414, +0.165,+0.960
1582039740,+3.33, +2.414, +0.166,+0.960
1582039800,+3.33, +2.414, +0.167,+0.960
1582039860,+3.33, +2.403, +0.167,+0.960
1582039920,+3.33, +2.414, +0.168,+0.960
1582039980,+3.33, +2.425, +0.167,+0.960
1582040040,+3.33, +2.403, +0.167,+0.960
1582040100,+3.33, +2.403, +0.166,+0.960
1582040160,+3.33, +2.403, +0.167,+0.960
1582040220,+3.33, +2.425, +0.167,+0.960
1582040280,+3.33, +2.393, +0.170,+0.960
1582040340,+3.33, +2.382, +0.167,+0.960
1582040400,+3.33, +2.393, +0.167,+0.960
1582040460,+3.33, +2.425, +0.168,+0.960
1582040520,+3.33, +2.414, +0.166,+0.960
1582040580,+3.33, +2.436, +0.166,+0.960
1582040640,+3.33, +2.403, +0.168,+0.960
1582040700,+3.33, +2.393, +0.166,+0.960
1582040760,+3.33, +2.425, +0.169,+0.960
1582040820,+3.33, +2.393, +0.168,+0.960
1582040880,+3.33, +2.382, +0.168,+0.960
1582040940,+3.33, +2.393, +0.168,+0.960
1582041000,+3.33, +2.425, +0.168,+0.960
1582041060,+3.33, +2.414, +0.167,+0.960
1582041120,+3.33, +2.403, +0.168,+0.960
1582041180,+3.33, +2.382, +0.169,+0.960
1582041240,+3.33, +2.403, +0.168,+0.960
1582041300,+3.33, +2.414, +0.166,+0.960
1582041360,+3.33, +2.403, +0.167,+0.960
1582041420,+3.33, +2.393, +0.169,+0.960
1582041480,+3.33, +2.393, +0.166,+0.960
1582041540,+3.33, +2.403, +0.168,+0.960
1582041600,+3.33, +2.403, +0.168,+0.960
1582041660,+3.33, +2.414, +0.166,+0.960
1582041720,+3.33, +2.414, +0.168,+0.960
1582041780,+3.33, +2.414, +0.168,+0.960
1582041840,+3.33, +2.414, +0.165,+0.960
1582041900,+3.33, +2.425, +0.167,+0.960
1582041960,+3.33, +2.436, +0.167,+0.960
1582042020,+3.33, +2.349, +0.168,+0.960
1582042080,+3.33, +2.393, +0.167,+0.960
1582042140,+3.33, +2.414, +0.166,+0.960
1582042200,+3.33, +2.403, +0.168,+0.960
1582042260,+3.33, +2.403, +0.168,+0.960
1582042320,+3.33, +2.403, +0.169,+0.960
1582042380,+3.33, +2.393, +0.166,+0.960
1582042440,+3.33, +2.403, +0.166,+0.960
1582042500,+3.33, +2.382, +0.168,+0.960
1582042560,+3.33, +2.414, +0.166,+0.960
1582042620,+3.33, +2.382, +0.167,+0.960
1582042680,+3.33, +2.382, +0.167,+0.960
1582042740,+3.33, +2.393, +0.167,+0.960
1582042800,+3.33, +2.403, +0.168,+0.960
1582042860,+3.33, +2.425, +0.168,+0.960
1582042920,+3.33, +2.393, +0.167,+0.960
1582042980,+3.33, +2.425, +0.167,+0.960
1582043040,+3.33, +2.425, +0.169,+0.960
1582043100,+3.33, +2.393, +0.168,+0.960
1582043160,+3.33, +2.393, +0.167,+0.960
1582043220,+3.33, +2.393, +0.169,+0.960
1582043280,+3.33, +2.425, +0.167,+0.960
1582043340,+3.33, +2.403, +0.167,+0.960
1582043400,+3.33, +2.382, +0.167,+0.960
1582043460,+3.33, +2.414, +0.168,+0.960
1582043520,+3.33, +2.393, +0.168,+0.960
1582043580,+3.33, +2.393, +0.169,+0.960
1582043640,+3.33, +2.414, +0.168,+0.960
1582043700,+3.33, +2.349, +0.168,+0.960
1582043760,+3.33, +2.403, +0.168,+0.960
1582043820,+3.33, +2.382, +0.166,+0.960
1582043880,+3.33, +2.414, +0.168,+0.960
1582043940,+3.33, +2.393, +0.167,+0.960
1582044000,+3.33, +2.403, +0.166,+0.960
1582044060,+3.33, +2.414, +0.166,+0.960
1582044120,+3.33, +2.393, +0.167,+0.960
1582044180,+3.33, +2.403, +0.168,+0.960
1582044240,+3.33, +2.403, +0.167,+0.960
1582044300,+3.33, +2.403, +0.166,+0.960
1582044360,+3.33, +2.425, +0.167,+0.960
1582044420,+3.33, +2.393, +0.168,+0.960
1582044480,+3.33, +2.425, +0.167,+0.960
1582044540,+3.33, +2.403, +0.167,+0.960
1582044600,+3.33, +2.403, +0.166,+0.960
1582044660,+3.33, +2.393, +0.168,+0.960
1582044720,+3.33, +2.403, +0.167,+0.960
1582044780,+3.33, +2.414, +0.167,+0.960
1582044840,+3.33, +2.393, +0.166,+0.960
1582044900,+3.33, +2.403, +0.166,+0.960
1582044960,+3.33, +2.403, +0.167,+0.960
1582045020,+3.33, +2.425, +0.167,+0.960
1582045080,+3.33, +2.403, +0.168,+0.960
1582045140,+3.33, +2.393, +0.168,+0.960
1582045200,+3.33, +2.403, +0.168,+0.960
1582045260,+3.33, +2.393, +0.166,+0.960
1582045320,+3.33, +2.393, +0.168,+0.960
1582045380,+3.33, +2.393, +0.169,+0.960
1582045440,+3.33, +2.382, +0.169,+0.960
1582045500,+3.33, +2.382, +0.168,+0.960
1582045560,+3.33, +2.414, +0.167,+0.960
1582045620,+3.33, +2.382, +0.169,+0.960
1582045680,+3.33, +2.414, +0.168,+0.960
1582045740,+3.33, +2.403, +0.167,+0.960
1582045800,+3.33, +2.403, +0.168,+0.960
1582045860,+3.33, +2.425, +0.167,+0.960
1582045920,+3.33, +2.382, +0.168,+0.960
1582045980,+3.33, +2.393, +0.167,+0.960
1582046040,+3.33, +2.403, +0.167,+0.960
1582046100,+3.33, +2.382, +0.167,+0.960
1582046160,+3.33, +2.403, +0.166,+0.960
1582046220,+3.33, +2.393, +0.167,+0.960
1582046280,+3.33, +2.403, +0.168,+0.960
1582046340,+3.33, +2.403, +0.169,+0.960
1582046400,+3.33, +2.403, +0.169,+0.960
1582046460,+3.33, +2.414, +0.167,+0.960
1582046520,+3.33, +2.393, +0.167,+0.960
1582046580,+3.33, +2.382, +0.167,+0.960
1582046640,+3.33, +2.393, +0.167,+0.960
1582046700,+3.33, +2.403, +0.166,+0.960
1582046760,+3.33, +2.403, +0.166,+0.960
1582046820,+3.33, +2.393, +0.168,+0.960
1582046880,+3.33, +2.403, +0.169,+0.960
1582046940,+3.33, +2.403, +0.168,+0.960
1582047000,+3.33, +2.393, +0.168,+0.960
1582047060,+3.33, +2.403, +0.167,+0.960
1582047120,+3.33, +2.382, +0.170,+0.960
1582047180,+3.33, +2.393, +0.167,+0.960
1582047240,+3.33, +2.403, +0.168,+0.960
1582047300,+3.33, +2.393, +0.168,+0.960
1582047360,+3.33, +2.393, +0.167,+0.960
1582047420,+3.33, +2.349, +0.168,+0.960
1582047480,+3.33, +2.403, +0.167,+0.960
1582047540,+3.33, +2.382, +0.167,+0.960
1582047600,+3.33, +2.382, +0.169,+0.960
1582047660,+3.33, +2.393, +0.167,+0.960
1582047720,+3.33, +2.393, +0.167,+0.960
1582047780,+3.33, +2.393, +0.167,+0.960
1582047840,+3.33, +2.382, +0.167,+0.960
1582047900,+3.33, +2.403, +0.167,+0.960
1582047960,+3.33, +2.425, +0.167,+0.960
1582048020,+3.33, +2.403, +0.166,+0.960
1582048080,+3.33, +2.382, +0.167,+0.960
1582048140,+3.33, +2.393, +0.170,+0.960
1582048200,+3.33, +2.393, +0.169,+0.960
1582048260,+3.33, +2.414, +0.168,+0.960
1582048320,+3.33, +2.425, +0.168,+0.960
1582048380,+3.33, +2.393, +0.167,+0.960
1582048440,+3.33, +2.382, +0.167,+0.960
1582048500,+3.33, +2.382, +0.169,+0.960
1582048560,+3.33, +2.349, +0.168,+0.960
1582048620,+3.33, +2.393, +0.168,+0.960
1582048680,+3.33, +2.403, +0.168,+0.960
1582048740,+3.33, +2.403, +0.166,+0.960
1582048800,+3.33, +2.403, +0.169,+0.960
1582048860,+3.33, +2.393, +0.167,+0.960
1582048920,+3.33, +2.414, +0.168,+0.960
1582048980,+3.33, +2.393, +0.166,+0.960
1582049040,+3.33, +2.371, +0.168,+0.960
1582049100,+3.33, +2.371, +0.167,+0.960
1582049160,+3.33, +2.382, +0.168,+0.960
1582049220,+3.33, +2.371, +0.169,+0.960
1582049280,+3.33, +2.393, +0.167,+0.960
1582049340,+3.33, +2.382, +0.166,+0.960
1582049400,+3.33, +2.393, +0.168,+0.960
1582049460,+3.33, +2.403, +0.168,+0.960
1582049520,+3.33, +2.414, +0.165,+0.960
1582049580,+3.33, +2.403, +0.168,+0.960
1582049640,+3.33, +2.425, +0.168,+0.960
1582049700,+3.33, +2.393, +0.166,+0.960
1582049760,+3.33, +2.414, +0.168,+0.960
1582049820,+3.33, +2.382, +0.169,+0.960
1582049880,+3.33, +2.403, +0.168,+0.960
1582049940,+3.33, +2.393, +0.167,+0.960
1582050000,+3.33, +2.414, +0.166,+0.960
1582050060,+3.33, +2.393, +0.165,+0.960
1582050120,+3.33, +2.403, +0.168,+0.960
1582050180,+3.33, +2.414, +0.168,+0.960
1582050240,+3.33, +2.425, +0.167,+0.960
1582050300,+3.33, +2.425, +0.166,+0.960
1582050360,+3.33, +2.371, +0.168,+0.960
1582050420,+3.33, +2.403, +0.166,+0.960
1582050480,+3.33, +2.403, +0.170,+0.960
1582050540,+3.33, +2.382, +0.167,+0.960
1582050600,+3.33, +2.414, +0.168,+0.960
1582050660,+3.33, +2.446, +0.165,+0.960
1582050720,+3.33, +2.403, +0.166,+0.960
1582050780,+3.33, +2.393, +0.167,+0.960
1582050840,+3.33, +2.457, +0.165,+0.960
1582050900,+3.33, +2.414, +0.167,+0.960
1582050960,+3.33, +2.403, +0.166,+0.960
1582051020,+3.33, +2.371, +0.170,+0.960
1582051080,+3.33, +2.371, +0.168,+0.960
1582051140,+3.33, +2.371, +0.169,+0.960
1582051200,+3.33, +2.414, +0.166,+0.960
1582051260,+3.33, +2.403, +0.168,+0.960
1582051320,+3.33, +2.393, +0.167,+0.960
1582051380,+3.33, +2.371, +0.167,+0.960
1582051440,+3.33, +2.414, +0.167,+0.960
1582051500,+3.33, +2.403, +0.168,+0.960
1582051560,+3.33, +2.414, +0.168,+0.960
1582051620,+3.33, +2.382, +0.168,+0.960
1582051680,+3.33, +2.425, +0.166,+0.960
1582051740,+3.33, +2.403, +0.168,+0.960
1582051800,+3.33, +2.382, +0.169,+0.960
1582051860,+3.33, +2.393, +0.168,+0.960
1582051920,+3.33, +2.382, +0.169,+0.960
1582051980,+3.33, +2.403, +0.166,+0.960
1582052040,+3.33, +2.403, +0.167,+0.960
1582052100,+3.33, +2.371, +0.168,+0.960
1582052160,+3.33, +2.414, +0.166,+0.960
1582052220,+3.33, +2.393, +0.168,+0.960
1582052280,+3.33, +2.393, +0.169,+0.960
1582052340,+3.33, +2.328, +0.168,+0.959
1582052400,+3.33, +2.393, +0.168,+0.960
1582052460,+3.33, +2.403, +0.167,+0.960
1582052520,+3.33, +2.403, +0.167,+0.960
1582052580,+3.33, +2.414, +0.168,+0.960
1582052640,+3.33, +2.403, +0.167,+0.960
1582052700,+3.33, +2.393, +0.168,+0.960
1582052760,+3.33, +2.403, +0.169,+0.960
1582052820,+3.33, +2.393, +0.166,+0.960
1582052880,+3.33, +2.393, +0.166,+0.960
1582052940,+3.33, +2.393, +0.165,+0.960
1582053000,+3.33, +2.403, +0.168,+0.960
1582053060,+3.33, +2.382, +0.169,+0.960
1582053120,+3.33, +2.393, +0.168,+0.960
1582053180,+3.33, +2.403, +0.167,+0.960
1582053240,+3.33, +2.360, +0.168,+0.960
1582053300,+3.33, +2.393, +0.168,+0.960
1582053360,+3.33, +2.393, +0.169,+0.960
1582053420,+3.33, +2.425, +0.167,+0.960
1582053480,+3.33, +2.403, +0.167,+0.960
1582053540,+3.33, +2.393, +0.167,+0.960
1582053600,+3.33, +2.414, +0.167,+0.960
1582053660,+3.33, +2.403, +0.168,+0.960
1582053720,+3.33, +2.414, +0.166,+0.960
1582053780,+3.33, +2.403, +0.168,+0.960
1582053840,+3.33, +2.403, +0.169,+0.960
1582053900,+3.33, +2.403, +0.166,+0.960
1582053960,+3.33, +2.393, +0.168,+0.960
1582054020,+3.33, +2.382, +0.167,+0.960
1582054080,+3.33, +2.382, +0.168,+0.960
1582054140,+3.33, +2.414, +0.167,+0.960
1582054200,+3.33, +2.414, +0.167,+0.960
1582054260,+3.33, +2.393, +0.170,+0.960
1582054320,+3.33, +2.382, +0.168,+0.960
1582054380,+3.33, +2.360, +0.168,+0.960
1582054440,+3.33, +2.414, +0.166,+0.960
1582054500,+3.33, +2.414, +0.167,+0.960
1582054560,+3.33, +2.393, +0.169,+0.960
1582054620,+3.33, +2.403, +0.167,+0.960
1582054680,+3.33, +2.393, +0.168,+0.960
1582054740,+3.33, +2.371, +0.168,+0.960
1582054800,+3.33, +2.393, +0.166,+0.960
1582054860,+3.33, +2.393, +0.167,+0.960
1582054920,+3.33, +2.403, +0.168,+0.960
1582054980,+3.33, +2.382, +0.167,+0.960
1582055040,+3.33, +2.393, +0.167,+0.960
1582055100,+3.33, +2.403, +0.167,+0.960
1582055160,+3.33, +2.403, +0.168,+0.960
1582055220,+3.33, +2.393, +0.167,+0.960
1582055280,+3.33, +2.339, +0.169,+0.960
1582055340,+3.33, +2.403, +0.168,+0.960
1582055400,+3.33, +2.393, +0.168,+0.960
1582055460,+3.33, +2.371, +0.168,+0.960
1582055520,+3.33, +2.393, +0.167,+0.960
1582055580,+3.33, +2.382, +0.168,+0.960
1582055640,+3.33, +2.371, +0.168,+0.960
1582055700,+3.33, +2.393, +0.166,+0.960
1582055760,+3.33, +2.393, +0.167,+0.960
1582055820,+3.33, +2.403, +0.167,+0.960
1582055880,+3.33, +2.382, +0.169,+0.960
1582055940,+3.33, +2.393, +0.167,+0.960
1582056000,+3.33, +2.382, +0.169,+0.960
1582056060,+3.33, +2.403, +0.167,+0.960
1582056120,+3.33, +2.403, +0.168,+0.960
1582056180,+3.33, +2.403, +0.168,+0.960
1582056240,+3.33, +2.414, +0.167,+0.960
1582056300,+3.33, +2.393, +0.168,+0.960
1582056360,+3.33, +2.403, +0.168,+0.960
1582056420,+3.33, +2.403, +0.166,+0.960
1582056480,+3.33, +2.382, +0.170,+0.960
1582056540,+3.33, +2.403, +0.167,+0.960
1582056600,+3.33, +2.414, +0.167,+0.960
1582056660,+3.33, +2.414, +0.168,+0.960
1582056720,+3.33, +2.403, +0.167,+0.960
1582056780,+3.33, +2.414, +0.166,+0.960
1582056840,+3.33, +2.393, +0.168,+0.960
1582056900,+3.33, +2.393, +0.167,+0.960
1582056960,+3.33, +2.371, +0.167,+0.960
1582057020,+3.33, +2.403, +0.166,+0.960
1582057080,+3.33, +2.393, +0.168,+0.960
1582057140,+3.33, +2.393, +0.169,+0.960
1582057200,+3.33, +2.403, +0.166,+0.960
1582057260,+3.33, +2.403, +0.167,+0.960
1582057320,+3.33, +2.425, +0.167,+0.960
1582057380,+3.33, +2.382, +0.168,+0.960
1582057440,+3.33, +2.414, +0.167,+0.960
1582057500,+3.33, +2.382, +0.168,+0.960
1582057560,+3.33, +2.393, +0.167,+0.960
1582057620,+3.33, +2.403, +0.168,+0.960
1582057680,+3.33, +2.403, +0.169,+0.960
1582057740,+3.33, +2.414, +0.167,+0.960
1582057800,+3.33, +2.403, +0.169,+0.960
1582057860,+3.33, +2.414, +0.167,+0.960
1582057920,+3.33, +2.382, +0.169,+0.960
1582057980,+3.33, +2.403, +0.168,+0.960
1582058040,+3.33, +2.414, +0.167,+0.960
1582058100,+3.33, +2.414, +0.167,+0.960
1582058160,+3.33, +2.403, +0.167,+0.960
1582058220,+3.33, +2.414, +0.168,+0.960
1582058280,+3.33, +2.393, +0.167,+0.960
1582058340,+3.33, +2.414, +0.168,+0.960
1582058400,+3.33, +2.371, +0.168,+0.960
1582058460,+3.33, +2.403, +0.168,+0.960
1582058520,+3.33, +2.403, +0.167,+0.960
1582058580,+3.33, +2.393, +0.168,+0.960
1582058640,+3.33, +2.393, +0.168,+0.960
1582058700,+3.33, +2.403, +0.167,+0.960
1582058760,+3.33, +2.414, +0.167,+0.960
1582058820,+3.33, +2.403, +0.167,+0.960
1582058880,+3.33, +2.393, +0.168,+0.960
1582058940,+3.33, +2.382, +0.168,+0.960
1582059000,+3.33, +2.393, +0.168,+0.960
