7392-570653
OS REV: 1.11 Sensor Cal: 1428445788
Time (sec),  BV (Volts),  T (deg C),  DO (mg/l),  Q ()
1583614260,+3.33, +2.371, +0.168,+0.960
1583614320,+3.32, +2.349, +0.168,+0.960
1583614380,+3.33, +2.360, +0.168,+0.960
1583614440,+3.32, +2.339, +0.167,+0.960
1583614500,+3.32, +2.371, +0.168,+0.960
1583614560,+3.32, +2.339, +0.168,+0.960
1583614620,+3.33, +2.349, +0.168,+0.960
1583614680,+3.33, +2.360, +0.167,+0.960
1583614740,+3.32, +2.371, +0.167,+0.960
1583614800,+3.32, +2.360, +0.169,+0.960
1583614860,+3.32, +2.360, +0.169,+0.960
1583614920,+3.32, +2.360, +0.167,+0.960
1583614980,+3.32, +2.382, +0.167,+0.960
1583615040,+3.33, +2.371, +0.169,+0.960
1583615100,+3.33, +2.382, +0.166,+0.960
1583615160,+3.32, +2.349, +0.169,+0.960
1583615220,+3.32, +2.360, +0.168,+0.960
1583615280,+3.33, +2.371, +0.167,+0.960
1583615340,+3.33, +2.360, +0.168,+0.960
1583615400,+3.32, +2.360, +0.166,+0.960
1583615460,+3.32, +2.339, +0.168,+0.960
1583615520,+3.33, +2.371, +0.168,+0.960
1583615580,+3.33, +2.360, +0.169,+0.960
1583615640,+3.32, +2.360, +0.168,+0.960
1583615700,+3.32, +2.349, +0.169,+0.960
1583615760,+3.33, +2.349, +0.168,+0.960
1583615820,+3.33, +2.349, +0.168,+0.960
1583615880,+3.33, +2.371, +0.167,+0.960
1583615940,+3.33, +2.349, +0.168,+0.960
1583616000,+3.32, +2.339, +0.167,+0.960
1583616060,+3.32, +2.349, +0.167,+0.960
1583616120,+3.33, +2.382, +0.168,+0.960
1583616180,+3.32, +2.295, +0.168,+0.960
1583616240,+3.33, +2.349, +0.170,+0.960
1583616300,+3.32, +2.371, +0.168,+0.960
1583616360,+3.32, +2.349, +0.168,+0.960
1583616420,+3.32, +2.371, +0.169,+0.960
1583616480,+3.32, +2.339, +0.168,+0.960
1583616540,+3.33, +2.382, +0.168,+0.960
1583616600,+3.33, +2.339, +0.168,+0.960
1583616660,+3.32, +2.360, +0.169,+0.960
1583616720,+3.32, +2.382, +0.169,+0.960
1583616780,+3.32, +2.360, +0.168,+0.960
1583616840,+3.33, +2.371, +0.167,+0.960
1583616900,+3.32, +2.360, +0.168,+0.960
1583616960,+3.32, +2.360, +0.169,+0.960
1583617020,+3.32, +2.360, +0.169,+0.960
1583617080,+3.33, +2.360, +0.167,+0.960
1583617140,+3.32, +2.360, +0.167,+0.960
1583617200,+3.32, +2.360, +0.169,+0.960
1583617260,+3.33, +2.339, +0.167,+0.960
1583617320,+3.33, +2.349, +0.169,+0.960
1583617380,+3.32, +2.360, +0.168,+0.960
1583617440,+3.32, +2.360, +0.168,+0.960
1583617500,+3.32, +2.360, +0.168,+0.960
1583617560,+3.33, +2.349, +0.167,+0.960
1583617620,+3.32, +2.349, +0.169,+0.960
1583617680,+3.32, +2.360, +0.168,+0.960
1583617740,+3.33, +2.349, +0.168,+0.960
1583617800,+3.32, +2.371, +0.168,+0.960
1583617860,+3.33, +2.339, +0.167,+0.960
1583617920,+3.32, +2.349, +0.169,+0.960
1583617980,+3.32, +2.349, +0.166,+0.960
1583618040,+3.32, +2.360, +0.168,+0.960
1583618100,+3.33, +2.349, +0.170,+0.960
1583618160,+3.32, +2.360, +0.166,+0.960
1583618220,+3.32, +2.371, +0.168,+0.960
1583618280,+3.32, +2.339, +0.168,+0.960
1583618340,+3.32, +2.360, +0.166,+0.960
1583618400,+3.32, +2.360, +0.169,+0.960
1583618460,+3.32, +2.349, +0.169,+0.960
1583618520,+3.33, +2.306, +0.168,+0.960
1583618580,+3.33, +2.360, +0.168,+0.960
1583618640,+3.33, +2.339, +0.168,+0.960
1583618700,+3.32, +2.339, +0.170,+0.960
1583618760,+3.32, +2.349, +0.168,+0.960
1583618820,+3.32, +2.360, +0.168,+0.960
1583618880,+3.32, +2.360, +0.168,+0.960
1583618940,+3.32, +2.360, +0.166,+0.960
1583619000,+3.32, +2.349, +0.169,+0.960
1583619060,+3.33, +2.349, +0.168,+0.960
1583619120,+3.32, +2.349, +0.167,+0.960
1583619180,+3.32, +2.349, +0.169,+0.960
1583619240,+3.32, +2.339, +0.170,+0.960
1583619300,+3.32, +2.382, +0.167,+0.960
1583619360,+3.32, +2.349, +0.168,+0.960
1583619420,+3.33, +2.349, +0.168,+0.960
1583619480,+3.33, +2.349, +0.168,+0.960
1583619540,+3.33, +2.328, +0.168,+0.960
1583619600,+3.32, +2.349, +0.168,+0.960
1583619660,+3.33, +2.360, +0.167,+0.960
1583619720,+3.33, +2.360, +0.168,+0.960
1583619780,+3.33, +2.328, +0.170,+0.960
1583619840,+3.33, +2.349, +0.169,+0.960
1583619900,+3.32, +2.371, +0.165,+0.960
1583619960,+3.32, +2.360, +0.167,+0.960
1583620020,+3.32, +2.371, +0.167,+0.960
1583620080,+3.33, +2.393, +0.168,+0.960
1583620140,+3.32, +2.349, +0.168,+0.960
1583620200,+3.32, +2.349, +0.168,+0.960
1583620260,+3.32, +2.339, +0.169,+0.960
1583620320,+3.32, +2.371, +0.167,+0.960
1583620380,+3.33, +2.339, +0.169,+0.960
1583620440,+3.33, +2.360, +0.168,+0.960
1583620500,+3.33, +2.339, +0.169,+0.960
1583620560,+3.32, +2.339, +0.169,+0.960
1583620620,+3.33, +2.360, +0.169,+0.960
1583620680,+3.32, +2.360, +0.167,+0.960
1583620740,+3.32, +2.339, +0.168,+0.960
1583620800,+3.32, +2.349, +0.168,+0.960
1583620860,+3.33, +2.349, +0.168,+0.960
1583620920,+3.32, +2.349, +0.170,+0.960
1583620980,+3.32, +2.339, +0.169,+0.960
1583621040,+3.33, +2.360, +0.166,+0.960
1583621100,+3.33, +2.360, +0.167,+0.960
1583621160,+3.32, +2.371, +0.168,+0.960
1583621220,+3.33, +2.371, +0.167,+0.960
1583621280,+3.32, +2.360, +0.168,+0.960
1583621340,+3.32, +2.328, +0.169,+0.960
1583621400,+3.32, +2.349, +0.168,+0.960
1583621460,+3.33, +2.339, +0.168,+0.960
1583621520,+3.33, +2.349, +0.169,+0.960
1583621580,+3.33, +2.349, +0.169,+0.960
1583621640,+3.32, +2.360, +0.167,+0.960
1583621700,+3.33, +2.360, +0.166,+0.960
1583621760,+3.33, +2.360, +0.167,+0.960
1583621820,+3.33, +2.328, +0.167,+0.960
1583621880,+3.32, +2.360, +0.167,+0.960
1583621940,+3.32, +2.349, +0.168,+0.960
1583622000,+3.32, +2.339, +0.168,+0.960
1583622060,+3.33, +2.360, +0.165,+0.960
1583622120,+3.33, +2.371, +0.168,+0.960
1583622180,+3.32, +2.360, +0.169,+0.960
1583622240,+3.32, +2.371, +0.168,+0.960
1583622300,+3.32, +2.339, +0.169,+0.960
1583622360,+3.33, +2.371, +0.167,+0.960
1583622420,+3.32, +2.349, +0.168,+0.960
1583622480,+3.33, +2.371, +0.169,+0.960
1583622540,+3.33, +2.274, +0.169,+0.960
1583622600,+3.32, +2.360, +0.166,+0.960
1583622660,+3.33, +2.360, +0.167,+0.960
1583622720,+3.33, +2.360, +0.167,+0.960
1583622780,+3.32, +2.382, +0.167,+0.960
1583622840,+3.32, +2.360, +0.168,+0.960
1583622900,+3.33, +2.328, +0.168,+0.960
1583622960,+3.32, +2.349, +0.169,+0.960
1583623020,+3.33, +2.371, +0.169,+0.960
1583623080,+3.33, +2.360, +0.169,+0.960
1583623140,+3.33, +2.328, +0.169,+0.960
1583623200,+3.33, +2.349, +0.170,+0.960
1583623260,+3.32, +2.371, +0.168,+0.960
1583623320,+3.33, +2.339, +0.168,+0.960
1583623380,+3.32, +2.349, +0.169,+0.960
1583623440,+3.32, +2.349, +0.168,+0.960
1583623500,+3.32, +2.360, +0.168,+0.960
1583623560,+3.32, +2.339, +0.168,+0.960
1583623620,+3.33, +2.360, +0.168,+0.960
1583623680,+3.33, +2.349, +0.169,+0.960
1583623740,+3.32, +2.349, +0.169,+0.960
1583623800,+3.33, +2.349, +0.167,+0.960
1583623860,+3.32, +2.349, +0.168,+0.960
1583623920,+3.32, +2.339, +0.169,+0.960
1583623980,+3.33, +2.360, +0.169,+0.960
1583624040,+3.32, +2.349, +0.167,+0.960
1583624100,+3.32, +2.360, +0.167,+0.960
1583624160,+3.33, +2.360, +0.167,+0.960
1583624220,+3.32, +2.360, +0.168,+0.960
1583624280,+3.33, +2.371, +0.166,+0.960
1583624340,+3.32, +2.328, +0.170,+0.960
1583624400,+3.32, +2.349, +0.168,+0.960
1583624460,+3.32, +2.371, +0.169,+0.960
1583624520,+3.33, +2.360, +0.169,+0.960
1583624580,+3.33, +2.349, +0.168,+0.960
1583624640,+3.32, +2.349, +0.167,+0.960
1583624700,+3.32, +2.317, +0.168,+0.960
1583624760,+3.32, +2.360, +0.168,+0.960
1583624820,+3.33, +2.360, +0.168,+0.960
1583624880,+3.32, +2.360, +0.168,+0.960
1583624940,+3.32, +2.349, +0.166,+0.960
1583625000,+3.32, +2.360, +0.168,+0.960
1583625060,+3.33, +2.360, +0.168,+0.960
1583625120,+3.33, +2.339, +0.169,+0.960
1583625180,+3.32, +2.339, +0.168,+0.960
1583625240,+3.33, +2.339, +0.168,+0.960
1583625300,+3.32, +2.360, +0.167,+0.960
1583625360,+3.32, +2.360, +0.167,+0.960
1583625420,+3.33, +2.349, +0.168,+0.960
1583625480,+3.32, +2.393, +0.169,+0.960
1583625540,+3.33, +2.339, +0.167,+0.960
1583625600,+3.32, +2.349, +0.167,+0.960
1583625660,+3.33, +2.349, +0.167,+0.960
1583625720,+3.32, +2.339, +0.167,+0.960
1583625780,+3.32, +2.360, +0.169,+0.960
1583625840,+3.32, +2.339, +0.168,+0.960
1583625900,+3.33, +2.371, +0.167,+0.960
1583625960,+3.33, +2.371, +0.166,+0.960
1583626020,+3.32, +2.371, +0.167,+0.960
1583626080,+3.32, +2.349, +0.167,+0.960
1583626140,+3.33, +2.371, +0.167,+0.960
1583626200,+3.33, +2.360, +0.167,+0.960
1583626260,+3.32, +2.360, +0.168,+0.960
1583626320,+3.32, +2.317, +0.169,+0.960
1583626380,+3.32, +2.360, +0.167,+0.960
1583626440,+3.32, +2.349, +0.168,+0.960
1583626500,+3.32, +2.382, +0.167,+0.960
1583626560,+3.32, +2.349, +0.167,+0.960
1583626620,+3.32, +2.360, +0.168,+0.960
1583626680,+3.32, +2.371, +0.168,+0.960
1583626740,+3.32, +2.349, +0.168,+0.960
1583626800,+3.33, +2.339, +0.167,+0.960
1583626860,+3.33, +2.339, +0.167,+0.960
1583626920,+3.32, +2.371, +0.167,+0.960
1583626980,+3.32, +2.317, +0.167,+0.960
1583627040,+3.32, +2.360, +0.168,+0.960
1583627100,+3.32, +2.349, +0.167,+0.960
1583627160,+3.32, +2.317, +0.167,+0.960
1583627220,+3.32, +2.349, +0.166,+0.960
1583627280,+3.32, +2.339, +0.169,+0.960
1583627340,+3.32, +2.382, +0.169,+0.960
1583627400,+3.33, +2.360, +0.168,+0.960
1583627460,+3.32, +2.371, +0.166,+0.960
1583627520,+3.33, +2.339, +0.167,+0.960
1583627580,+3.33, +2.349, +0.169,+0.960
1583627640,+3.33, +2.349, +0.170,+0.960
1583627700,+3.32, +2.371, +0.167,+0.960
1583627760,+3.32, +2.371, +0.167,+0.960
1583627820,+3.33, +2.360, +0.167,+0.960
1583627880,+3.33, +2.371, +0.168,+0.960
1583627940,+3.32, +2.349, +0.168,+0.960
1583628000,+3.32, +2.349, +0.169,+0.960
1583628060,+3.32, +2.349, +0.167,+0.960
1583628120,+3.33, +2.328, +0.168,+0.960
1583628180,+3.33, +2.328, +0.167,+0.960
1583628240,+3.33, +2.382, +0.167,+0.960
1583628300,+3.33, +2.349, +0.168,+0.960
1583628360,+3.33, +2.360, +0.168,+0.960
1583628420,+3.33, +2.393, +0.168,+0.960
1583628480,+3.32, +2.360, +0.167,+0.960
1583628540,+3.32, +2.382, +0.169,+0.960
1583628600,+3.32, +2.360, +0.167,+0.960
1583628660,+3.33, +2.360, +0.168,+0.960
1583628720,+3.33, +2.371, +0.166,+0.960
1583628780,+3.33, +2.349, +0.167,+0.960
1583628840,+3.32, +2.339, +0.168,+0.960
1583628900,+3.32, +2.360, +0.169,+0.960
1583628960,+3.33, +2.371, +0.167,+0.960
1583629020,+3.32, +2.360, +0.167,+0.960
1583629080,+3.33, +2.360, +0.168,+0.960
1583629140,+3.32, +2.349, +0.168,+0.960
1583629200,+3.33, +2.339, +0.168,+0.960
1583629260,+3.32, +2.328, +0.170,+0.960
1583629320,+3.32, +2.349, +0.166,+0.960
1583629380,+3.32, +2.360, +0.167,+0.960
1583629440,+3.32, +2.349, +0.170,+0.960
1583629500,+3.33, +2.360, +0.168,+0.960
1583629560,+3.33, +2.339, +0.168,+0.960
1583629620,+3.32, +2.349, +0.167,+0.960
1583629680,+3.33, +2.349, +0.168,+0.960
1583629740,+3.33, +2.349, +0.168,+0.960
1583629800,+3.33, +2.371, +0.168,+0.960
1583629860,+3.32, +2.382, +0.166,+0.960
1583629920,+3.33, +2.339, +0.168,+0.960
1583629980,+3.33, +2.349, +0.168,+0.960
1583630040,+3.32, +2.339, +0.168,+0.960
1583630100,+3.33, +2.349, +0.168,+0.960
1583630160,+3.32, +2.339, +0.169,+0.960
1583630220,+3.33, +2.349, +0.170,+0.960
1583630280,+3.32, +2.360, +0.166,+0.960
1583630340,+3.32, +2.339, +0.167,+0.960
1583630400,+3.32, +2.360, +0.168,+0.960
1583630460,+3.33, +2.349, +0.167,+0.960
1583630520,+3.32, +2.349, +0.167,+0.960
1583630580,+3.33, +2.349, +0.167,+0.960
1583630640,+3.33, +2.393, +0.167,+0.960
1583630700,+3.33, +2.339, +0.167,+0.960
1583630760,+3.32, +2.360, +0.168,+0.960
1583630820,+3.33, +2.382, +0.167,+0.960
1583630880,+3.32, +2.360, +0.168,+0.960
1583630940,+3.32, +2.328, +0.168,+0.960
1583631000,+3.32, +2.360, +0.167,+0.960
1583631060,+3.33, +2.360, +0.168,+0.960
1583631120,+3.33, +2.339, +0.167,+0.960
1583631180,+3.32, +2.360, +0.170,+0.960
1583631240,+3.33, +2.360, +0.167,+0.960
1583631300,+3.32, +2.360, +0.167,+0.960
1583631360,+3.32, +2.339, +0.167,+0.960
1583631420,+3.33, +2.339, +0.169,+0.960
1583631480,+3.32, +2.349, +0.167,+0.960
1583631540,+3.32, +2.371, +0.168,+0.960
1583631600,+3.33, +2.349, +0.166,+0.960
1583631660,+3.33, +2.349, +0.169,+0.960
1583631720,+3.32, +2.339, +0.169,+0.960
1583631780,+3.33, +2.317, +0.168,+0.960
1583631840,+3.33, +2.360, +0.168,+0.960
1583631900,+3.32, +2.339, +0.169,+0.960
1583631960,+3.32, +2.349, +0.168,+0.960
1583632020,+3.32, +2.360, +0.168,+0.960
1583632080,+3.33, +2.349, +0.168,+0.960
1583632140,+3.33, +2.328, +0.168,+0.960
1583632200,+3.33, +2.349, +0.169,+0.960
1583632260,+3.32, +2.360, +0.167,+0.960
1583632320,+3.32, +2.349, +0.169,+0.960
1583632380,+3.32, +2.360, +0.169,+0.960
1583632440,+3.32, +2.349, +0.168,+0.960
1583632500,+3.32, +2.339, +0.168,+0.960
1583632560,+3.33, +2.360, +0.170,+0.960
1583632620,+3.33, +2.349, +0.169,+0.960
1583632680,+3.32, +2.382, +0.168,+0.960
1583632740,+3.32, +2.349, +0.167,+0.960
1583632800,+3.33, +2.360, +0.168,+0.960
1583632860,+3.32, +2.339, +0.168,+0.960
1583632920,+3.32, +2.349, +0.168,+0.960
1583632980,+3.32, +2.339, +0.168,+0.960
1583633040,+3.33, +2.360, +0.168,+0.960
1583633100,+3.32, +2.328, +0.169,+0.960
1583633160,+3.32, +2.349, +0.167,+0.960
1583633220,+3.32, +2.317, +0.168,+0.960
1583633280,+3.32, +2.382, +0.169,+0.960
1583633340,+3.33, +2.328, +0.169,+0.960
1583633400,+3.33, +2.349, +0.168,+0.960
1583633460,+3.33, +2.360, +0.168,+0.960
1583633520,+3.32, +2.360, +0.167,+0.960
1583633580,+3.33, +2.328, +0.168,+0.960
1583633640,+3.32, +2.360, +0.169,+0.960
1583633700,+3.32, +2.360, +0.170,+0.960
1583633760,+3.32, +2.339, +0.168,+0.960
1583633820,+3.33, +2.360, +0.168,+0.960
1583633880,+3.33, +2.360, +0.169,+0.960
1583633940,+3.32, +2.349, +0.168,+0.960
1583634000,+3.32, +2.349, +0.169,+0.960
1583634060,+3.32, +2.360, +0.168,+0.960
1583634120,+3.33, +2.382, +0.168,+0.960
1583634180,+3.33, +2.349, +0.169,+0.960
1583634240,+3.32, +2.349, +0.167,+0.960
1583634300,+3.33, +2.339, +0.169,+0.960
1583634360,+3.33, +2.349, +0.167,+0.960
1583634420,+3.33, +2.339, +0.170,+0.960
1583634480,+3.32, +2.349, +0.170,+0.960
1583634540,+3.32, +2.360, +0.169,+0.960
1583634600,+3.33, +2.349, +0.169,+0.960
1583634660,+3.33, +2.349, +0.169,+0.960
1583634720,+3.32, +2.360, +0.167,+0.960
1583634780,+3.32, +2.371, +0.169,+0.960
1583634840,+3.32, +2.360, +0.168,+0.960
1583634900,+3.32, +2.360, +0.166,+0.960
1583634960,+3.32, +2.360, +0.168,+0.960
1583635020,+3.33, +2.349, +0.167,+0.960
1583635080,+3.33, +2.295, +0.167,+0.960
1583635140,+3.33, +2.339, +0.167,+0.960
1583635200,+3.32, +2.349, +0.168,+0.960
1583635260,+3.33, +2.339, +0.168,+0.960
1583635320,+3.33, +2.349, +0.169,+0.960
1583635380,+3.32, +2.349, +0.169,+0.960
1583635440,+3.33, +2.349, +0.167,+0.960
1583635500,+3.33, +2.339, +0.167,+0.960
1583635560,+3.33, +2.360, +0.169,+0.960
1583635620,+3.32, +2.349, +0.168,+0.960
1583635680,+3.33, +2.360, +0.168,+0.960
1583635740,+3.32, +2.349, +0.170,+0.960
1583635800,+3.32, +2.339, +0.169,+0.960
1583635860,+3.33, +2.349, +0.168,+0.960
1583635920,+3.32, +2.382, +0.167,+0.960
1583635980,+3.33, +2.328, +0.167,+0.960
1583636040,+3.33, +2.360, +0.166,+0.960
1583636100,+3.32, +2.349, +0.169,+0.960
1583636160,+3.33, +2.360, +0.168,+0.960
1583636220,+3.33, +2.360, +0.168,+0.960
1583636280,+3.33, +2.339, +0.169,+0.960
1583636340,+3.32, +2.371, +0.167,+0.960
1583636400,+3.32, +2.371, +0.167,+0.960
1583636460,+3.32, +2.371, +0.168,+0.960
1583636520,+3.33, +2.393, +0.168,+0.960
1583636580,+3.32, +2.360, +0.169,+0.960
1583636640,+3.32, +2.349, +0.168,+0.960
1583636700,+3.33, +2.382, +0.167,+0.960
1583636760,+3.33, +2.360, +0.170,+0.960
1583636820,+3.33, +2.371, +0.167,+0.960
1583636880,+3.33, +2.371, +0.168,+0.960
1583636940,+3.32, +2.349, +0.169,+0.960
1583637000,+3.32, +2.349, +0.168,+0.960
1583637060,+3.33, +2.339, +0.168,+0.960
1583637120,+3.32, +2.360, +0.169,+0.960
1583637180,+3.32, +2.360, +0.168,+0.960
1583637240,+3.33, +2.349, +0.169,+0.960
1583637300,+3.33, +2.349, +0.169,+0.960
1583637360,+3.32, +2.360, +0.169,+0.960
1583637420,+3.33, +2.371, +0.168,+0.960
1583637480,+3.33, +2.349, +0.168,+0.960
1583637540,+3.33, +2.349, +0.169,+0.960
1583637600,+3.33, +2.360, +0.169,+0.960
1583637660,+3.32, +2.339, +0.168,+0.960
1583637720,+3.33, +2.371, +0.168,+0.960
1583637780,+3.33, +2.360, +0.168,+0.960
1583637840,+3.33, +2.371, +0.168,+0.960
1583637900,+3.32, +2.360, +0.167,+0.960
1583637960,+3.33, +2.339, +0.169,+0.960
1583638020,+3.32, +2.360, +0.166,+0.960
1583638080,+3.33, +2.371, +0.168,+0.960
1583638140,+3.33, +2.328, +0.168,+0.960
1583638200,+3.32, +2.360, +0.168,+0.960
1583638260,+3.33, +2.339, +0.168,+0.960
1583638320,+3.32, +2.349, +0.168,+0.960
1583638380,+3.33, +2.349, +0.169,+0.960
1583638440,+3.33, +2.328, +0.169,+0.960
1583638500,+3.33, +2.339, +0.167,+0.960
1583638560,+3.32, +2.382, +0.167,+0.960
1583638620,+3.33, +2.360, +0.167,+0.960
1583638680,+3.32, +2.371, +0.167,+0.960
1583638740,+3.33, +2.339, +0.168,+0.960
1583638800,+3.32, +2.393, +0.166,+0.960
1583638860,+3.32, +2.360, +0.167,+0.960
1583638920,+3.32, +2.382, +0.168,+0.960
1583638980,+3.33, +2.349, +0.166,+0.960
1583639040,+3.33, +2.339, +0.170,+0.960
1583639100,+3.33, +2.349, +0.167,+0.960
1583639160,+3.33, +2.317, +0.168,+0.960
1583639220,+3.32, +2.349, +0.167,+0.960
1583639280,+3.32, +2.317, +0.167,+0.959
1583639340,+3.33, +2.339, +0.168,+0.960
1583639400,+3.33, +2.349, +0.168,+0.960
1583639460,+3.32, +2.328, +0.168,+0.960
1583639520,+3.32, +2.360, +0.168,+0.960
1583639580,+3.32, +2.349, +0.170,+0.960
1583639640,+3.32, +2.339, +0.169,+0.960
1583639700,+3.33, +2.360, +0.168,+0.960
1583639760,+3.32, +2.360, +0.168,+0.960
1583639820,+3.33, +2.382, +0.167,+0.960
1583639880,+3.33, +2.360, +0.167,+0.960
1583639940,+3.32, +2.360, +0.169,+0.960
1583640000,+3.32, +2.349, +0.168,+0.960
1583640060,+3.33, +2.371, +0.168,+0.960
1583640120,+3.33, +2.349, +0.169,+0.960
1583640180,+3.33, +2.339, +0.167,+0.960
1583640240,+3.32, +2.349, +0.167,+0.960
1583640300,+3.33, +2.317, +0.168,+0.960
1583640360,+3.33, +2.360, +0.168,+0.960
1583640420,+3.32, +2.360, +0.167,+0.960
1583640480,+3.33, +2.360, +0.167,+0.960
1583640540,+3.32, +2.349, +0.169,+0.960
1583640600,+3.33, +2.360, +0.168,+0.960
1583640660,+3.33, +2.371, +0.168,+0.960
1583640720,+3.33, +2.371, +0.169,+0.960
1583640780,+3.33, +2.339, +0.169,+0.960
1583640840,+3.33, +2.306, +0.168,+0.960
1583640900,+3.32, +2.349, +0.167,+0.960
1583640960,+3.33, +2.339, +0.167,+0.960
1583641020,+3.33, +2.339, +0.169,+0.960
1583641080,+3.33, +2.371, +0.167,+0.960
1583641140,+3.32, +2.393, +0.169,+0.960
1583641200,+3.32, +2.349, +0.167,+0.960
1583641260,+3.32, +2.349, +0.166,+0.960
1583641320,+3.33, +2.349, +0.167,+0.960
1583641380,+3.33, +2.339, +0.169,+0.960
1583641440,+3.33, +2.360, +0.168,+0.960
1583641500,+3.33, +2.382, +0.166,+0.960
1583641560,+3.32, +2.349, +0.168,+0.960
1583641620,+3.32, +2.360, +0.168,+0.960
1583641680,+3.33, +2.349, +0.169,+0.960
1583641740,+3.33, +2.371, +0.169,+0.960
1583641800,+3.33, +2.360, +0.168,+0.960
1583641860,+3.33, +2.349, +0.168,+0.960
1583641920,+3.33, +2.360, +0.170,+0.960
1583641980,+3.32, +2.360, +0.167,+0.960
1583642040,+3.32, +2.349, +0.168,+0.960
1583642100,+3.32, +2.371, +0.167,+0.960
1583642160,+3.32, +2.339, +0.168,+0.960
1583642220,+3.32, +2.349, +0.169,+0.960
1583642280,+3.33, +2.360, +0.167,+0.960
1583642340,+3.33, +2.349, +0.167,+0.960
1583642400,+3.33, +2.339, +0.168,+0.960
1583642460,+3.32, +2.349, +0.169,+0.960
1583642520,+3.33, +2.349, +0.168,+0.960
1583642580,+3.33, +2.360, +0.166,+0.960
1583642640,+3.32, +2.349, +0.165,+0.960
1583642700,+3.33, +2.349, +0.169,+0.960
1583642760,+3.32, +2.349, +0.169,+0.960
1583642820,+3.33, +2.339, +0.167,+0.960
1583642880,+3.32, +2.382, +0.168,+0.960
1583642940,+3.32, +2.349, +0.167,+0.960
1583643000,+3.33, +2.360, +0.169,+0.960
1583643060,+3.33, +2.371, +0.168,+0.960
1583643120,+3.32, +2.360, +0.168,+0.960
1583643180,+3.33, +2.349, +0.169,+0.960
1583643240,+3.33, +2.382, +0.170,+0.960
1583643300,+3.33, +2.349, +0.169,+0.960
1583643360,+3.33, +2.371, +0.168,+0.960
1583643420,+3.32, +2.339, +0.169,+0.960
1583643480,+3.32, +2.349, +0.170,+0.960
1583643540,+3.33, +2.339, +0.168,+0.960
1583643600,+3.33, +2.349, +0.168,+0.960
1583643660,+3.33, +2.360, +0.167,+0.960
1583643720,+3.33, +2.382, +0.168,+0.960
1583643780,+3.33, +2.360, +0.170,+0.960
1583643840,+3.33, +2.360, +0.168,+0.960
1583643900,+3.32, +2.349, +0.168,+0.960
1583643960,+3.32, +2.382, +0.168,+0.960
1583644020,+3.33, +2.349, +0.168,+0.960
1583644080,+3.32, +2.360, +0.168,+0.960
1583644140,+3.33, +2.360, +0.167,+0.960
1583644200,+3.32, +2.339, +0.171,+0.960
1583644260,+3.32, +2.349, +0.171,+0.960
1583644320,+3.32, +2.295, +0.169,+0.960
1583644380,+3.33, +2.328, +0.168,+0.960
1583644440,+3.33, +2.339, +0.170,+0.960
1583644500,+3.32, +2.349, +0.168,+0.960
1583644560,+3.32, +2.360, +0.167,+0.960
1583644620,+3.33, +2.339, +0.168,+0.960
1583644680,+3.33, +2.360, +0.169,+0.960
1583644740,+3.33, +2.349, +0.169,+0.960
1583644800,+3.33, +2.371, +0.168,+0.960
1583644860,+3.33, +2.328, +0.168,+0.960
1583644920,+3.33, +2.339, +0.167,+0.960
1583644980,+3.32, +2.382, +0.168,+0.960
1583645040,+3.33, +2.371, +0.167,+0.960
1583645100,+3.33, +2.339, +0.170,+0.960
1583645160,+3.32, +2.360, +0.168,+0.960
1583645220,+3.33, +2.349, +0.167,+0.960
1583645280,+3.32, +2.328, +0.168,+0.960
1583645340,+3.32, +2.371, +0.168,+0.960
1583645400,+3.32, +2.328, +0.169,+0.960
1583645460,+3.33, +2.349, +0.169,+0.960
1583645520,+3.33, +2.339, +0.169,+0.960
1583645580,+3.32, +2.360, +0.168,+0.960
1583645640,+3.32, +2.339, +0.168,+0.960
1583645700,+3.33, +2.360, +0.168,+0.960
1583645760,+3.33, +2.382, +0.166,+0.960
1583645820,+3.32, +2.349, +0.167,+0.960
1583645880,+3.32, +2.349, +0.168,+0.960
1583645940,+3.33, +2.360, +0.167,+0.960
1583646000,+3.32, +2.339, +0.169,+0.960
1583646060,+3.33, +2.360, +0.168,+0.960
1583646120,+3.32, +2.371, +0.168,+0.960
1583646180,+3.32, +2.328, +0.168,+0.960
1583646240,+3.32, +2.349, +0.169,+0.960
1583646300,+3.33, +2.360, +0.166,+0.960
1583646360,+3.32, +2.349, +0.166,+0.960
1583646420,+3.33, +2.339, +0.168,+0.960
1583646480,+3.33, +2.349, +0.168,+0.960
1583646540,+3.33, +2.360, +0.168,+0.960
1583646600,+3.32, +2.328, +0.169,+0.960
1583646660,+3.32, +2.360, +0.168,+0.960
1583646720,+3.33, +2.349, +0.169,+0.960
1583646780,+3.33, +2.360, +0.167,+0.960
1583646840,+3.33, +2.349, +0.167,+0.960
1583646900,+3.32, +2.371, +0.166,+0.960
1583646960,+3.33, +2.339, +0.168,+0.960
1583647020,+3.33, +2.339, +0.168,+0.960
1583647080,+3.33, +2.371, +0.167,+0.960
1583647140,+3.33, +2.382, +0.169,+0.960
1583647200,+3.33, +2.349, +0.169,+0.960
1583647260,+3.32, +2.360, +0.168,+0.960
1583647320,+3.33, +2.328, +0.169,+0.960
1583647380,+3.32, +2.339, +0.167,+0.960
1583647440,+3.32, +2.349, +0.170,+0.960
1583647500,+3.33, +2.349, +0.168,+0.960
1583647560,+3.33, +2.339, +0.168,+0.960
1583647620,+3.32, +2.349, +0.166,+0.960
1583647680,+3.33, +2.349, +0.170,+0.960
1583647740,+3.32, +2.339, +0.167,+0.960
1583647800,+3.33, +2.328, +0.170,+0.960
1583647860,+3.33, +2.371, +0.168,+0.960
1583647920,+3.33, +2.349, +0.170,+0.960
1583647980,+3.32, +2.339, +0.168,+0.960
1583648040,+3.32, +2.349, +0.169,+0.960
1583648100,+3.33, +2.349, +0.167,+0.960
1583648160,+3.33, +2.349, +0.170,+0.960
1583648220,+3.32, +2.339, +0.170,+0.960
1583648280,+3.33, +2.349, +0.167,+0.960
1583648340,+3.32, +2.349, +0.169,+0.960
1583648400,+3.32, +2.328, +0.167,+0.960
1583648460,+3.32, +2.360, +0.167,+0.960
1583648520,+3.32, +2.339, +0.167,+0.960
1583648580,+3.33, +2.360, +0.168,+0.960
1583648640,+3.33, +2.317, +0.169,+0.960
1583648700,+3.32, +2.349, +0.166,+0.960
1583648760,+3.32, +2.360, +0.169,+0.960
1583648820,+3.33, +2.371, +0.168,+0.960
1583648880,+3.33, +2.349, +0.169,+0.960
1583648940,+3.33, +2.328, +0.170,+0.960
1583649000,+3.32, +2.360, +0.166,+0.960
1583649060,+3.33, +2.339, +0.168,+0.960
1583649120,+3.33, +2.328, +0.170,+0.960
1583649180,+3.32, +2.306, +0.170,+0.960
1583649240,+3.32, +2.349, +0.168,+0.960
1583649300,+3.33, +2.349, +0.168,+0.960
1583649360,+3.33, +2.360, +0.168,+0.960
1583649420,+3.32, +2.360, +0.168,+0.960
1583649480,+3.33, +2.349, +0.167,+0.960
1583649540,+3.33, +2.393, +0.168,+0.960
1583649600,+3.32, +2.339, +0.167,+0.960
1583649660,+3.33, +2.328, +0.168,+0.960
1583649720,+3.32, +2.328, +0.169,+0.960
1583649780,+3.32, +2.339, +0.168,+0.960
1583649840,+3.32, +2.349, +0.169,+0.960
1583649900,+3.33, +2.339, +0.168,+0.960
1583649960,+3.33, +2.360, +0.168,+0.960
1583650020,+3.32, +2.349, +0.168,+0.960
1583650080,+3.32, +2.317, +0.167,+0.960
1583650140,+3.33, +2.339, +0.168,+0.960
1583650200,+3.33, +2.339, +0.169,+0.960
1583650260,+3.33, +2.349, +0.167,+0.960
1583650320,+3.33, +2.360, +0.169,+0.960
1583650380,+3.33, +2.360, +0.165,+0.960
1583650440,+3.33, +2.339, +0.169,+0.960
1583650500,+3.33, +2.360, +0.167,+0.960
1583650560,+3.32, +2.339, +0.167,+0.960
1583650620,+3.33, +2.339, +0.166,+0.960
1583650680,+3.33, +2.328, +0.168,+0.960
1583650740,+3.33, +2.306, +0.169,+0.960
1583650800,+3.32, +2.371, +0.168,+0.960
1583650860,+3.33, +2.349, +0.167,+0.960
1583650920,+3.32, +2.371, +0.168,+0.960
1583650980,+3.33, +2.349, +0.167,+0.960
1583651040,+3.33, +2.349, +0.167,+0.960
1583651100,+3.33, +2.328, +0.167,+0.960
1583651160,+3.32, +2.371, +0.169,+0.960
1583651220,+3.33, +2.360, +0.168,+0.960
1583651280,+3.33, +2.360, +0.168,+0.960
1583651340,+3.32, +2.360, +0.168,+0.960
1583651400,+3.33, +2.360, +0.166,+0.960
1583651460,+3.33, +2.349, +0.169,+0.960
1583651520,+3.33, +2.371, +0.166,+0.960
1583651580,+3.33, +2.317, +0.169,+0.960
1583651640,+3.32, +2.360, +0.168,+0.960
1583651700,+3.32, +2.360, +0.170,+0.960
1583651760,+3.32, +2.339, +0.168,+0.960
1583651820,+3.32, +2.349, +0.167,+0.960
1583651880,+3.33, +2.339, +0.167,+0.960
1583651940,+3.32, +2.360, +0.169,+0.960
1583652000,+3.33, +2.371, +0.168,+0.960
1583652060,+3.32, +2.339, +0.171,+0.960
1583652120,+3.33, +2.339, +0.167,+0.960
1583652180,+3.32, +2.328, +0.168,+0.960
1583652240,+3.32, +2.349, +0.167,+0.960
1583652300,+3.32, +2.371, +0.167,+0.960
1583652360,+3.33, +2.339, +0.168,+0.960
1583652420,+3.32, +2.328, +0.169,+0.960
1583652480,+3.32, +2.349, +0.166,+0.960
1583652540,+3.32, +2.382, +0.169,+0.960
1583652600,+3.33, +2.371, +0.168,+0.960
1583652660,+3.33, +2.328, +0.168,+0.960
1583652720,+3.33, +2.339, +0.168,+0.960
1583652780,+3.33, +2.360, +0.169,+0.960
1583652840,+3.33, +2.403, +0.167,+0.960
1583652900,+3.33, +2.306, +0.167,+0.960
1583652960,+3.33, +2.349, +0.169,+0.960
1583653020,+3.33, +2.328, +0.168,+0.960
1583653080,+3.33, +2.360, +0.167,+0.960
1583653140,+3.32, +2.371, +0.167,+0.960
1583653200,+3.33, +2.360, +0.167,+0.960
1583653260,+3.32, +2.339, +0.168,+0.960
1583653320,+3.33, +2.360, +0.169,+0.960
1583653380,+3.33, +2.349, +0.167,+0.960
1583653440,+3.33, +2.371, +0.168,+0.960
1583653500,+3.33, +2.371, +0.167,+0.960
1583653560,+3.33, +2.360, +0.167,+0.960
1583653620,+3.33, +2.349, +0.167,+0.960
1583653680,+3.33, +2.339, +0.167,+0.960
1583653740,+3.33, +2.339, +0.169,+0.960
1583653800,+3.32, +2.349, +0.169,+0.960
1583653860,+3.33, +2.371, +0.169,+0.960
1583653920,+3.33, +2.349, +0.169,+0.960
1583653980,+3.33, +2.349, +0.167,+0.960
1583654040,+3.32, +2.339, +0.167,+0.960
1583654100,+3.32, +2.349, +0.169,+0.960
1583654160,+3.33, +2.349, +0.167,+0.960
1583654220,+3.32, +2.360, +0.167,+0.960
1583654280,+3.32, +2.349, +0.166,+0.960
1583654340,+3.33, +2.339, +0.167,+0.960
1583654400,+3.32, +2.360, +0.168,+0.960
1583654460,+3.33, +2.349, +0.168,+0.960
1583654520,+3.33, +2.360, +0.167,+0.960
1583654580,+3.33, +2.339, +0.169,+0.960
1583654640,+3.32, +2.360, +0.169,+0.960
1583654700,+3.33, +2.339, +0.167,+0.960
1583654760,+3.32, +2.349, +0.168,+0.960
1583654820,+3.32, +2.349, +0.168,+0.960
1583654880,+3.33, +2.339, +0.169,+0.960
1583654940,+3.33, +2.382, +0.168,+0.960
1583655000,+3.33, +2.328, +0.169,+0.960
1583655060,+3.32, +2.349, +0.168,+0.960
1583655120,+3.32, +2.360, +0.168,+0.960
1583655180,+3.33, +2.371, +0.168,+0.960
1583655240,+3.33, +2.328, +0.168,+0.960
1583655300,+3.33, +2.349, +0.170,+0.960
1583655360,+3.33, +2.360, +0.167,+0.960
1583655420,+3.32, +2.360, +0.167,+0.960
1583655480,+3.33, +2.360, +0.167,+0.960
1583655540,+3.33, +2.349, +0.168,+0.960
1583655600,+3.33, +2.382, +0.167,+0.960
1583655660,+3.32, +2.349, +0.168,+0.960
1583655720,+3.33, +2.382, +0.166,+0.960
1583655780,+3.32, +2.339, +0.169,+0.960
1583655840,+3.33, +2.349, +0.167,+0.960
1583655900,+3.33, +2.349, +0.168,+0.960
1583655960,+3.33, +2.328, +0.167,+0.960
1583656020,+3.32, +2.349, +0.167,+0.960
1583656080,+3.32, +2.349, +0.167,+0.960
1583656140,+3.33, +2.349, +0.168,+0.960
1583656200,+3.33, +2.349, +0.169,+0.960
1583656260,+3.33, +2.349, +0.169,+0.960
1583656320,+3.33, +2.349, +0.168,+0.960
1583656380,+3.33, +2.339, +0.168,+0.960
1583656440,+3.33, +2.371, +0.169,+0.960
1583656500,+3.33, +2.349, +0.168,+0.960
1583656560,+3.33, +2.349, +0.168,+0.960
1583656620,+3.33, +2.339, +0.169,+0.960
1583656680,+3.33, +2.328, +0.168,+0.960
1583656740,+3.33, +2.328, +0.168,+0.960
1583656800,+3.33, +2.360, +0.168,+0.960
1583656860,+3.33, +2.339, +0.168,+0.960
1583656920,+3.33, +2.349, +0.168,+0.960
1583656980,+3.33, +2.349, +0.167,+0.960
1583657040,+3.32, +2.360, +0.170,+0.960
1583657100,+3.33, +2.306, +0.167,+0.960
1583657160,+3.33, +2.360, +0.167,+0.960
1583657220,+3.33, +2.339, +0.170,+0.960
1583657280,+3.32, +2.349, +0.169,+0.960
1583657340,+3.32, +2.360, +0.168,+0.960
1583657400,+3.33, +2.349, +0.167,+0.960
1583657460,+3.33, +2.349, +0.167,+0.960
1583657520,+3.33, +2.328, +0.166,+0.960
1583657580,+3.33, +2.339, +0.169,+0.960
1583657640,+3.33, +2.349, +0.167,+0.960
1583657700,+3.33, +2.349, +0.167,+0.960
1583657760,+3.33, +2.328, +0.166,+0.960
1583657820,+3.32, +2.349, +0.167,+0.960
1583657880,+3.33, +2.371, +0.167,+0.960
1583657940,+3.32, +2.328, +0.169,+0.960
1583658000,+3.32, +2.349, +0.168,+0.960
1583658060,+3.32, +2.339, +0.168,+0.960
1583658120,+3.32, +2.328, +0.167,+0.960
1583658180,+3.33, +2.371, +0.168,+0.960
1583658240,+3.33, +2.360, +0.168,+0.960
1583658300,+3.32, +2.339, +0.168,+0.960
1583658360,+3.33, +2.360, +0.168,+0.960
1583658420,+3.33, +2.371, +0.168,+0.960
1583658480,+3.33, +2.360, +0.167,+0.960
1583658540,+3.32, +2.360, +0.168,+0.960
1583658600,+3.33, +2.371, +0.166,+0.960
1583658660,+3.33, +2.339, +0.168,+0.960
1583658720,+3.32, +2.360, +0.169,+0.960
1583658780,+3.33, +2.360, +0.167,+0.960
1583658840,+3.32, +2.360, +0.168,+0.960
1583658900,+3.33, +2.339, +0.168,+0.960
1583658960,+3.32, +2.360, +0.169,+0.960
1583659020,+3.33, +2.328, +0.167,+0.960
1583659080,+3.33, +2.360, +0.167,+0.960
1583659140,+3.33, +2.339, +0.169,+0.960
1583659200,+3.33, +2.349, +0.168,+0.960
1583659260,+3.33, +2.317, +0.167,+0.960
1583659320,+3.33, +2.360, +0.169,+0.960
1583659380,+3.32, +2.371, +0.167,+0.960
1583659440,+3.33, +2.295, +0.168,+0.960
1583659500,+3.33, +2.349, +0.167,+0.960
1583659560,+3.33, +2.414, +0.167,+0.960
1583659620,+3.33, +2.349, +0.170,+0.960
1583659680,+3.33, +2.349, +0.168,+0.960
1583659740,+3.33, +2.349, +0.169,+0.960
1583659800,+3.33, +2.349, +0.169,+0.960
1583659860,+3.33, +2.349, +0.168,+0.960
1583659920,+3.33, +2.371, +0.169,+0.960
1583659980,+3.33, +2.349, +0.167,+0.960
1583660040,+3.33, +2.328, +0.168,+0.960
1583660100,+3.33, +2.371, +0.166,+0.960
1583660160,+3.33, +2.339, +0.167,+0.960
1583660220,+3.33, +2.360, +0.166,+0.960
1583660280,+3.33, +2.349, +0.170,+0.960
1583660340,+3.33, +2.349, +0.168,+0.960
1583660400,+3.32, +2.360, +0.168,+0.960
1583660460,+3.32, +2.349, +0.168,+0.960
1583660520,+3.32, +2.360, +0.168,+0.960
1583660580,+3.33, +2.349, +0.169,+0.960
1583660640,+3.33, +2.328, +0.167,+0.960
1583660700,+3.32, +2.339, +0.169,+0.960
1583660760,+3.33, +2.328, +0.170,+0.960
1583660820,+3.33, +2.349, +0.168,+0.960
1583660880,+3.33, +2.360, +0.168,+0.960
1583660940,+3.33, +2.349, +0.168,+0.960
1583661000,+3.33, +2.349, +0.168,+0.960
1583661060,+3.33, +2.371, +0.168,+0.960
1583661120,+3.33, +2.360, +0.167,+0.960
1583661180,+3.32, +2.393, +0.168,+0.960
1583661240,+3.33, +2.349, +0.169,+0.960
1583661300,+3.33, +2.339, +0.169,+0.960
1583661360,+3.33, +2.349, +0.168,+0.960
1583661420,+3.33, +2.360, +0.166,+0.960
1583661480,+3.33, +2.382, +0.169,+0.960
1583661540,+3.33, +2.349, +0.168,+0.960
1583661600,+3.33, +2.349, +0.169,+0.960
1583661660,+3.33, +2.328, +0.167,+0.960
1583661720,+3.32, +2.371, +0.168,+0.960
1583661780,+3.32, +2.371, +0.167,+0.960
1583661840,+3.33, +2.339, +0.168,+0.960
1583661900,+3.33, +2.349, +0.166,+0.960
1583661960,+3.33, +2.360, +0.168,+0.960
1583662020,+3.32, +2.339, +0.169,+0.960
1583662080,+3.32, +2.360, +0.167,+0.960
1583662140,+3.33, +2.360, +0.168,+0.960
1583662200,+3.32, +2.371, +0.170,+0.960
1583662260,+3.33, +2.328, +0.169,+0.960
1583662320,+3.33, +2.393, +0.167,+0.960
1583662380,+3.33, +2.360, +0.168,+0.960
1583662440,+3.32, +2.328, +0.168,+0.960
1583662500,+3.33, +2.328, +0.168,+0.960
1583662560,+3.33, +2.349, +0.167,+0.960
1583662620,+3.32, +2.360, +0.168,+0.960
1583662680,+3.33, +2.360, +0.167,+0.960
1583662740,+3.33, +2.360, +0.168,+0.960
1583662800,+3.33, +2.349, +0.168,+0.960
1583662860,+3.33, +2.349, +0.170,+0.960
1583662920,+3.32, +2.360, +0.167,+0.960
1583662980,+3.33, +2.360, +0.169,+0.960
1583663040,+3.33, +2.349, +0.169,+0.960
1583663100,+3.32, +2.349, +0.167,+0.960
1583663160,+3.33, +2.360, +0.168,+0.960
1583663220,+3.33, +2.382, +0.167,+0.960
1583663280,+3.33, +2.339, +0.168,+0.960
1583663340,+3.33, +2.339, +0.167,+0.960
1583663400,+3.33, +2.349, +0.167,+0.960
1583663460,+3.33, +2.360, +0.168,+0.960
1583663520,+3.33, +2.349, +0.168,+0.960
1583663580,+3.33, +2.349, +0.169,+0.960
1583663640,+3.32, +2.349, +0.168,+0.960
1583663700,+3.33, +2.339, +0.168,+0.960
1583663760,+3.33, +2.360, +0.168,+0.960
1583663820,+3.33, +2.349, +0.168,+0.960
1583663880,+3.33, +2.360, +0.168,+0.960
1583663940,+3.33, +2.339, +0.167,+0.960
1583664000,+3.32, +2.328, +0.170,+0.960
1583664060,+3.33, +2.339, +0.167,+0.960
1583664120,+3.33, +2.339, +0.169,+0.960
1583664180,+3.33, +2.317, +0.168,+0.960
1583664240,+3.33, +2.328, +0.169,+0.960
1583664300,+3.32, +2.349, +0.168,+0.960
1583664360,+3.33, +2.371, +0.169,+0.960
1583664420,+3.33, +2.360, +0.169,+0.960
1583664480,+3.33, +2.360, +0.166,+0.960
1583664540,+3.32, +2.328, +0.168,+0.960
1583664600,+3.32, +2.339, +0.169,+0.960
1583664660,+3.33, +2.371, +0.167,+0.960
1583664720,+3.33, +2.360, +0.167,+0.960
1583664780,+3.33, +2.339, +0.169,+0.960
1583664840,+3.32, +2.349, +0.168,+0.960
1583664900,+3.33, +2.317, +0.168,+0.960
1583664960,+3.33, +2.349, +0.168,+0.960
1583665020,+3.33, +2.360, +0.167,+0.960
1583665080,+3.33, +2.339, +0.168,+0.960
1583665140,+3.32, +2.360, +0.168,+0.960
1583665200,+3.33, +2.360, +0.168,+0.960
1583665260,+3.32, +2.360, +0.167,+0.960
1583665320,+3.32, +2.371, +0.166,+0.960
1583665380,+3.33, +2.349, +0.168,+0.960
1583665440,+3.33, +2.349, +0.167,+0.960
1583665500,+3.33, +2.349, +0.168,+0.960
1583665560,+3.33, +2.317, +0.168,+0.960
1583665620,+3.33, +2.328, +0.168,+0.960
1583665680,+3.33, +2.349, +0.167,+0.960
1583665740,+3.33, +2.339, +0.168,+0.960
1583665800,+3.32, +2.360, +0.167,+0.960
1583665860,+3.32, +2.339, +0.170,+0.960
1583665920,+3.33, +2.339, +0.168,+0.960
1583665980,+3.33, +2.339, +0.168,+0.960
1583666040,+3.32, +2.360, +0.167,+0.960
1583666100,+3.33, +2.339, +0.167,+0.960
1583666160,+3.32, +2.349, +0.170,+0.960
1583666220,+3.32, +2.339, +0.168,+0.960
1583666280,+3.32, +2.339, +0.169,+0.960
1583666340,+3.33, +2.349, +0.166,+0.960
1583666400,+3.33, +2.349, +0.167,+0.960
1583666460,+3.33, +2.371, +0.168,+0.960
1583666520,+3.33, +2.371, +0.167,+0.960
1583666580,+3.33, +2.349, +0.170,+0.960
1583666640,+3.32, +2.360, +0.169,+0.960
1583666700,+3.33, +2.339, +0.168,+0.960
1583666760,+3.33, +2.339, +0.169,+0.960
1583666820,+3.33, +2.349, +0.170,+0.960
1583666880,+3.33, +2.328, +0.169,+0.960
1583666940,+3.33, +2.349, +0.167,+0.960
1583667000,+3.33, +2.339, +0.167,+0.960
1583667060,+3.33, +2.339, +0.168,+0.960
1583667120,+3.33, +2.360, +0.167,+0.960
1583667180,+3.33, +2.360, +0.167,+0.960
1583667240,+3.33, +2.349, +0.168,+0.960
1583667300,+3.33, +2.349, +0.168,+0.960
1583667360,+3.32, +2.349, +0.169,+0.960
1583667420,+3.32, +2.328, +0.168,+0.960
1583667480,+3.32, +2.328, +0.170,+0.960
1583667540,+3.33, +2.328, +0.168,+0.960
1583667600,+3.33, +2.360, +0.169,+0.960
1583667660,+3.33, +2.328, +0.168,+0.960
1583667720,+3.32, +2.339, +0.169,+0.960
1583667780,+3.33, +2.349, +0.168,+0.960
1583667840,+3.33, +2.349, +0.168,+0.960
1583667900,+3.33, +2.317, +0.167,+0.960
1583667960,+3.33, +2.339, +0.168,+0.960
1583668020,+3.32, +2.349, +0.167,+0.960
1583668080,+3.33, +2.349, +0.171,+0.960
1583668140,+3.32, +2.339, +0.168,+0.960
1583668200,+3.33, +2.339, +0.169,+0.960
1583668260,+3.32, +2.382, +0.167,+0.960
1583668320,+3.32, +2.371, +0.169,+0.960
1583668380,+3.33, +2.317, +0.168,+0.960
1583668440,+3.33, +2.349, +0.169,+0.960
1583668500,+3.33, +2.360, +0.168,+0.960
1583668560,+3.33, +2.349, +0.166,+0.960
1583668620,+3.33, +2.339, +0.167,+0.960
1583668680,+3.32, +2.339, +0.169,+0.960
1583668740,+3.32, +2.371, +0.168,+0.960
1583668800,+3.33, +2.349, +0.169,+0.960
1583668860,+3.33, +2.306, +0.169,+0.960
1583668920,+3.33, +2.339, +0.169,+0.960
1583668980,+3.32, +2.360, +0.168,+0.960
1583669040,+3.32, +2.349, +0.166,+0.960
1583669100,+3.32, +2.349, +0.168,+0.960
1583669160,+3.33, +2.328, +0.167,+0.960
1583669220,+3.33, +2.360, +0.169,+0.960
1583669280,+3.33, +2.349, +0.167,+0.960
1583669340,+3.33, +2.360, +0.168,+0.960
1583669400,+3.32, +2.371, +0.168,+0.960
1583669460,+3.33, +2.328, +0.169,+0.960
1583669520,+3.33, +2.371, +0.168,+0.960
1583669580,+3.33, +2.328, +0.168,+0.960
1583669640,+3.33, +2.349, +0.169,+0.960
1583669700,+3.32, +2.360, +0.168,+0.960
1583669760,+3.33, +2.349, +0.169,+0.960
1583669820,+3.33, +2.339, +0.169,+0.960
1583669880,+3.33, +2.317, +0.169,+0.960
1583669940,+3.32, +2.360, +0.169,+0.960
1583670000,+3.33, +2.360, +0.168,+0.960
1583670060,+3.33, +2.360, +0.168,+0.960
1583670120,+3.33, +2.339, +0.168,+0.960
1583670180,+3.33, +2.349, +0.169,+0.960
1583670240,+3.33, +2.339, +0.170,+0.960
1583670300,+3.32, +2.349, +0.169,+0.960
1583670360,+3.33, +2.360, +0.167,+0.960
1583670420,+3.33, +2.360, +0.168,+0.960
1583670480,+3.33, +2.360, +0.167,+0.960
1583670540,+3.33, +2.349, +0.167,+0.960
1583670600,+3.33, +2.328, +0.168,+0.960
1583670660,+3.33, +2.349, +0.168,+0.960
1583670720,+3.33, +2.349, +0.168,+0.960
1583670780,+3.32, +2.371, +0.166,+0.960
1583670840,+3.32, +2.349, +0.168,+0.960
1583670900,+3.32, +2.339, +0.169,+0.960
1583670960,+3.33, +2.317, +0.169,+0.960
1583671020,+3.32, +2.339, +0.169,+0.960
1583671080,+3.33, +2.360, +0.167,+0.960
1583671140,+3.32, +2.349, +0.166,+0.960
1583671200,+3.32, +2.339, +0.167,+0.960
1583671260,+3.33, +2.360, +0.165,+0.960
1583671320,+3.33, +2.360, +0.169,+0.960
1583671380,+3.33, +2.360, +0.168,+0.960
1583671440,+3.32, +2.284, +0.169,+0.960
1583671500,+3.33, +2.328, +0.168,+0.960
1583671560,+3.32, +2.349, +0.169,+0.960
1583671620,+3.32, +2.339, +0.168,+0.960
1583671680,+3.32, +2.349, +0.169,+0.960
1583671740,+3.32, +2.349, +0.170,+0.960
1583671800,+3.32, +2.317, +0.170,+0.960
1583671860,+3.32, +2.328, +0.167,+0.960
1583671920,+3.32, +2.382, +0.167,+0.960
1583671980,+3.33, +2.328, +0.169,+0.960
1583672040,+3.32, +2.371, +0.169,+0.960
1583672100,+3.33, +2.360, +0.168,+0.960
1583672160,+3.33, +2.339, +0.168,+0.960
1583672220,+3.32, +2.349, +0.167,+0.960
1583672280,+3.33, +2.339, +0.167,+0.960
1583672340,+3.32, +2.371, +0.168,+0.960
1583672400,+3.33, +2.339, +0.167,+0.960
1583672460,+3.33, +2.317, +0.168,+0.960
1583672520,+3.33, +2.360, +0.167,+0.960
1583672580,+3.33, +2.349, +0.168,+0.960
1583672640,+3.32, +2.349, +0.169,+0.960
1583672700,+3.33, +2.349, +0.169,+0.960
1583672760,+3.33, +2.349, +0.170,+0.960
1583672820,+3.32, +2.349, +0.169,+0.960
1583672880,+3.32, +2.349, +0.167,+0.960
1583672940,+3.32, +2.371, +0.168,+0.960
1583673000,+3.33, +2.371, +0.166,+0.960
1583673060,+3.33, +2.349, +0.168,+0.960
1583673120,+3.33, +2.349, +0.168,+0.960
1583673180,+3.32, +2.382, +0.168,+0.960
1583673240,+3.32, +2.349, +0.169,+0.960
1583673300,+3.33, +2.371, +0.167,+0.960
1583673360,+3.32, +2.360, +0.169,+0.960
1583673420,+3.33, +2.349, +0.168,+0.960
1583673480,+3.32, +2.349, +0.169,+0.960
1583673540,+3.33, +2.339, +0.168,+0.960
1583673600,+3.32, +2.328, +0.168,+0.960
1583673660,+3.32, +2.349, +0.167,+0.960
1583673720,+3.33, +2.349, +0.168,+0.960
1583673780,+3.32, +2.349, +0.167,+0.960
1583673840,+3.33, +2.328, +0.167,+0.960
1583673900,+3.32, +2.393, +0.167,+0.960
1583673960,+3.32, +2.339, +0.169,+0.960
1583674020,+3.33, +2.360, +0.166,+0.960
1583674080,+3.32, +2.371, +0.168,+0.960
1583674140,+3.32, +2.349, +0.168,+0.960
1583674200,+3.32, +2.349, +0.168,+0.960
1583674260,+3.32, +2.360, +0.168,+0.960
1583674320,+3.33, +2.360, +0.168,+0.960
1583674380,+3.33, +2.349, +0.168,+0.960
1583674440,+3.32, +2.317, +0.168,+0.960
1583674500,+3.33, +2.360, +0.167,+0.960
1583674560,+3.33, +2.360, +0.169,+0.960
1583674620,+3.33, +2.339, +0.170,+0.960
1583674680,+3.33, +2.360, +0.168,+0.960
1583674740,+3.32, +2.339, +0.167,+0.960
1583674800,+3.32, +2.360, +0.170,+0.960
1583674860,+3.32, +2.360, +0.168,+0.960
1583674920,+3.33, +2.339, +0.168,+0.960
1583674980,+3.32, +2.349, +0.169,+0.960
1583675040,+3.33, +2.360, +0.168,+0.960
1583675100,+3.33, +2.360, +0.168,+0.960
1583675160,+3.32, +2.360, +0.167,+0.960
1583675220,+3.33, +2.360, +0.168,+0.960
1583675280,+3.32, +2.339, +0.169,+0.960
1583675340,+3.32, +2.360, +0.167,+0.960
1583675400,+3.33, +2.339, +0.169,+0.960
1583675460,+3.32, +2.371, +0.168,+0.960
1583675520,+3.32, +2.349, +0.168,+0.960
1583675580,+3.33, +2.360, +0.168,+0.960
1583675640,+3.33, +2.339, +0.169,+0.960
1583675700,+3.33, +2.349, +0.169,+0.960
1583675760,+3.33, +2.349, +0.168,+0.960
1583675820,+3.32, +2.382, +0.168,+0.960
1583675880,+3.33, +2.360, +0.167,+0.960
1583675940,+3.33, +2.349, +0.168,+0.960
1583676000,+3.33, +2.349, +0.167,+0.960
1583676060,+3.32, +2.339, +0.169,+0.960
1583676120,+3.33, +2.371, +0.166,+0.960
1583676180,+3.33, +2.349, +0.168,+0.960
1583676240,+3.32, +2.349, +0.168,+0.960
1583676300,+3.33, +2.317, +0.169,+0.960
1583676360,+3.33, +2.328, +0.169,+0.960
1583676420,+3.32, +2.349, +0.167,+0.960
1583676480,+3.33, +2.328, +0.167,+0.960
1583676540,+3.32, +2.349, +0.168,+0.960
1583676600,+3.33, +2.339, +0.168,+0.960
1583676660,+3.33, +2.349, +0.168,+0.960
1583676720,+3.33, +2.306, +0.170,+0.960
1583676780,+3.32, +2.317, +0.169,+0.960
1583676840,+3.33, +2.339, +0.168,+0.960
1583676900,+3.33, +2.349, +0.168,+0.960
1583676960,+3.33, +2.328, +0.168,+0.960
1583677020,+3.33, +2.403, +0.168,+0.960
1583677080,+3.32, +2.349, +0.168,+0.960
1583677140,+3.33, +2.328, +0.169,+0.960
1583677200,+3.33, +2.349, +0.168,+0.960
1583677260,+3.33, +2.349, +0.167,+0.960
1583677320,+3.33, +2.317, +0.169,+0.960
1583677380,+3.33, +2.328, +0.168,+0.960
1583677440,+3.33, +2.349, +0.168,+0.960
1583677500,+3.33, +2.339, +0.167,+0.960
1583677560,+3.32, +2.339, +0.167,+0.960
1583677620,+3.32, +2.349, +0.167,+0.960
1583677680,+3.33, +2.349, +0.167,+0.960
1583677740,+3.33, +2.349, +0.169,+0.960
1583677800,+3.32, +2.349, +0.168,+0.960
1583677860,+3.33, +2.339, +0.170,+0.960
1583677920,+3.33, +2.360, +0.169,+0.960
1583677980,+3.32, +2.295, +0.168,+0.960
1583678040,+3.32, +2.349, +0.167,+0.960
1583678100,+3.32, +2.339, +0.167,+0.960
1583678160,+3.32, +2.339, +0.169,+0.960
1583678220,+3.33, +2.349, +0.168,+0.960
1583678280,+3.33, +2.349, +0.169,+0.960
1583678340,+3.33, +2.339, +0.169,+0.960
1583678400,+3.32, +2.339, +0.168,+0.960
1583678460,+3.32, +2.328, +0.168,+0.960
1583678520,+3.33, +2.328, +0.169,+0.960
1583678580,+3.33, +2.360, +0.168,+0.960
1583678640,+3.33, +2.360, +0.167,+0.960
1583678700,+3.33, +2.339, +0.168,+0.960
1583678760,+3.33, +2.328, +0.168,+0.960
1583678820,+3.32, +2.328, +0.169,+0.960
1583678880,+3.33, +2.339, +0.169,+0.960
1583678940,+3.33, +2.328, +0.168,+0.960
1583679000,+3.33, +2.339, +0.168,+0.960
1583679060,+3.33, +2.360, +0.170,+0.960
1583679120,+3.33, +2.317, +0.168,+0.960
1583679180,+3.33, +2.360, +0.169,+0.960
1583679240,+3.32, +2.339, +0.168,+0.960
1583679300,+3.33, +2.339, +0.168,+0.960
1583679360,+3.32, +2.328, +0.168,+0.960
1583679420,+3.33, +2.360, +0.169,+0.960
1583679480,+3.33, +2.349, +0.169,+0.960
1583679540,+3.33, +2.360, +0.168,+0.960
1583679600,+3.33, +2.349, +0.168,+0.960
1583679660,+3.33, +2.349, +0.170,+0.960
1583679720,+3.32, +2.328, +0.170,+0.960
1583679780,+3.32, +2.349, +0.170,+0.960
1583679840,+3.32, +2.339, +0.168,+0.960
1583679900,+3.33, +2.349, +0.169,+0.960
1583679960,+3.32, +2.349, +0.168,+0.960
1583680020,+3.33, +2.328, +0.168,+0.960
1583680080,+3.32, +2.349, +0.169,+0.960
1583680140,+3.32, +2.317, +0.167,+0.960
1583680200,+3.33, +2.339, +0.169,+0.960
1583680260,+3.32, +2.371, +0.167,+0.960
1583680320,+3.33, +2.339, +0.169,+0.960
1583680380,+3.33, +2.339, +0.170,+0.960
1583680440,+3.33, +2.339, +0.167,+0.960
1583680500,+3.32, +2.349, +0.168,+0.960
1583680560,+3.33, +2.349, +0.167,+0.960
1583680620,+3.33, +2.339, +0.167,+0.960
1583680680,+3.32, +2.360, +0.167,+0.960
1583680740,+3.33, +2.382, +0.166,+0.960
1583680800,+3.33, +2.349, +0.169,+0.960
1583680860,+3.32, +2.371, +0.168,+0.960
1583680920,+3.32, +2.360, +0.168,+0.960
1583680980,+3.33, +2.349, +0.168,+0.960
1583681040,+3.33, +2.360, +0.168,+0.960
1583681100,+3.33, +2.339, +0.168,+0.960
1583681160,+3.33, +2.393, +0.168,+0.960
1583681220,+3.33, +2.360, +0.168,+0.960
1583681280,+3.33, +2.339, +0.171,+0.960
1583681340,+3.33, +2.328, +0.167,+0.960
1583681400,+3.32, +2.328, +0.167,+0.960
1583681460,+3.32, +2.328, +0.168,+0.960
1583681520,+3.33, +2.328, +0.167,+0.960
1583681580,+3.32, +2.349, +0.168,+0.960
1583681640,+3.33, +2.360, +0.168,+0.960
1583681700,+3.32, +2.349, +0.169,+0.960
1583681760,+3.32, +2.360, +0.170,+0.960
1583681820,+3.32, +2.328, +0.168,+0.960
1583681880,+3.32, +2.349, +0.167,+0.960
1583681940,+3.33, +2.328, +0.169,+0.960
1583682000,+3.32, +2.349, +0.170,+0.960
1583682060,+3.33, +2.360, +0.168,+0.960
1583682120,+3.33, +2.360, +0.167,+0.960
1583682180,+3.32, +2.371, +0.167,+0.960
1583682240,+3.33, +2.371, +0.168,+0.960
1583682300,+3.32, +2.339, +0.166,+0.960
1583682360,+3.33, +2.328, +0.169,+0.960
1583682420,+3.33, +2.339, +0.168,+0.960
1583682480,+3.33, +2.339, +0.169,+0.960
1583682540,+3.33, +2.349, +0.168,+0.960
1583682600,+3.33, +2.339, +0.169,+0.960
1583682660,+3.33, +2.371, +0.167,+0.960
1583682720,+3.32, +2.339, +0.168,+0.960
1583682780,+3.32, +2.349, +0.167,+0.960
1583682840,+3.32, +2.349, +0.166,+0.960
1583682900,+3.33, +2.328, +0.168,+0.960
1583682960,+3.33, +2.274, +0.168,+0.959
1583683020,+3.33, +2.360, +0.166,+0.959
1583683080,+3.33, +2.328, +0.169,+0.960
1583683140,+3.33, +2.317, +0.166,+0.960
1583683200,+3.32, +2.328, +0.168,+0.960
1583683260,+3.33, +2.349, +0.168,+0.960
1583683320,+3.33, +2.339, +0.167,+0.960
1583683380,+3.33, +2.339, +0.168,+0.960
1583683440,+3.32, +2.349, +0.168,+0.960
1583683500,+3.32, +2.339, +0.168,+0.960
1583683560,+3.33, +2.349, +0.168,+0.960
1583683620,+3.32, +2.339, +0.169,+0.960
1583683680,+3.33, +2.349, +0.167,+0.960
1583683740,+3.32, +2.328, +0.170,+0.960
1583683800,+3.33, +2.349, +0.169,+0.960
1583683860,+3.32, +2.360, +0.168,+0.960
1583683920,+3.32, +2.349, +0.167,+0.960
1583683980,+3.32, +2.339, +0.169,+0.960
1583684040,+3.33, +2.349, +0.170,+0.960
1583684100,+3.32, +2.382, +0.166,+0.960
1583684160,+3.33, +2.306, +0.169,+0.960
1583684220,+3.33, +2.317, +0.169,+0.960
1583684280,+3.33, +2.328, +0.168,+0.960
1583684340,+3.32, +2.349, +0.170,+0.960
1583684400,+3.33, +2.328, +0.169,+0.960
1583684460,+3.33, +2.339, +0.168,+0.960
1583684520,+3.33, +2.360, +0.168,+0.960
1583684580,+3.32, +2.339, +0.169,+0.960
1583684640,+3.33, +2.339, +0.167,+0.960
1583684700,+3.33, +2.339, +0.167,+0.960
1583684760,+3.33, +2.328, +0.169,+0.960
1583684820,+3.32, +2.360, +0.167,+0.960
1583684880,+3.32, +2.317, +0.168,+0.960
1583684940,+3.32, +2.360, +0.167,+0.960
1583685000,+3.33, +2.349, +0.169,+0.960
1583685060,+3.33, +2.339, +0.168,+0.960
1583685120,+3.32, +2.360, +0.169,+0.960
1583685180,+3.33, +2.317, +0.167,+0.960
1583685240,+3.33, +2.339, +0.167,+0.960
1583685300,+3.32, +2.349, +0.169,+0.960
1583685360,+3.32, +2.371, +0.167,+0.960
1583685420,+3.33, +2.349, +0.168,+0.960
1583685480,+3.33, +2.339, +0.167,+0.960
1583685540,+3.32, +2.349, +0.168,+0.960
1583685600,+3.33, +2.339, +0.170,+0.960
1583685660,+3.32, +2.349, +0.168,+0.960
1583685720,+3.32, +2.360, +0.168,+0.960
1583685780,+3.32, +2.328, +0.168,+0.960
1583685840,+3.33, +2.339, +0.168,+0.960
1583685900,+3.32, +2.360, +0.168,+0.960
1583685960,+3.33, +2.339, +0.167,+0.960
1583686020,+3.32, +2.360, +0.169,+0.960
1583686080,+3.33, +2.360, +0.167,+0.960
1583686140,+3.33, +2.339, +0.168,+0.960
1583686200,+3.32, +2.339, +0.166,+0.960
1583686260,+3.32, +2.339, +0.167,+0.960
1583686320,+3.32, +2.349, +0.167,+0.960
1583686380,+3.32, +2.339, +0.169,+0.960
1583686440,+3.32, +2.349, +0.168,+0.960
1583686500,+3.32, +2.339, +0.169,+0.960
1583686560,+3.32, +2.328, +0.168,+0.960
1583686620,+3.32, +2.339, +0.169,+0.960
1583686680,+3.32, +2.349, +0.167,+0.960
1583686740,+3.32, +2.349, +0.169,+0.960
1583686800,+3.32, +2.360, +0.168,+0.960
1583686860,+3.32, +2.306, +0.168,+0.960
1583686920,+3.33, +2.328, +0.169,+0.960
1583686980,+3.32, +2.339, +0.168,+0.960
1583687040,+3.32, +2.339, +0.168,+0.960
1583687100,+3.32, +2.349, +0.167,+0.960
1583687160,+3.32, +2.328, +0.167,+0.960
1583687220,+3.32, +2.360, +0.167,+0.960
1583687280,+3.32, +2.317, +0.169,+0.960
1583687340,+3.32, +2.382, +0.168,+0.960
1583687400,+3.33, +2.349, +0.169,+0.960
1583687460,+3.32, +2.339, +0.168,+0.960
1583687520,+3.32, +2.339, +0.169,+0.960
1583687580,+3.32, +2.317, +0.168,+0.960
1583687640,+3.32, +2.263, +0.168,+0.959
1583687700,+3.32, +2.349, +0.167,+0.960
1583687760,+3.32, +2.328, +0.170,+0.960
1583687820,+3.32, +2.339, +0.169,+0.960
1583687880,+3.33, +2.339, +0.168,+0.960
1583687940,+3.32, +2.339, +0.168,+0.960
1583688000,+3.32, +2.349, +0.169,+0.960
1583688060,+3.32, +2.339, +0.167,+0.960
1583688120,+3.32, +2.306, +0.169,+0.960
1583688180,+3.32, +2.349, +0.169,+0.960
1583688240,+3.32, +2.339, +0.168,+0.960
1583688300,+3.33, +2.339, +0.168,+0.960
1583688360,+3.32, +2.328, +0.169,+0.960
1583688420,+3.32, +2.339, +0.169,+0.960
1583688480,+3.32, +2.339, +0.169,+0.960
1583688540,+3.32, +2.339, +0.168,+0.960
1583688600,+3.33, +2.349, +0.170,+0.960
1583688660,+3.33, +2.349, +0.168,+0.960
1583688720,+3.33, +2.339, +0.167,+0.960
1583688780,+3.32, +2.339, +0.168,+0.960
1583688840,+3.32, +2.339, +0.168,+0.960
1583688900,+3.32, +2.349, +0.168,+0.960
1583688960,+3.32, +2.349, +0.168,+0.960
1583689020,+3.32, +2.349, +0.166,+0.960
1583689080,+3.32, +2.339, +0.169,+0.960
1583689140,+3.32, +2.360, +0.167,+0.960
1583689200,+3.32, +2.339, +0.169,+0.960
1583689260,+3.32, +2.349, +0.169,+0.960
1583689320,+3.32, +2.339, +0.168,+0.960
1583689380,+3.32, +2.339, +0.168,+0.960
1583689440,+3.32, +2.349, +0.168,+0.960
1583689500,+3.32, +2.339, +0.168,+0.960
1583689560,+3.32, +2.349, +0.169,+0.960
1583689620,+3.32, +2.328, +0.167,+0.960
1583689680,+3.32, +2.306, +0.169,+0.960
1583689740,+3.32, +2.339, +0.168,+0.960
1583689800,+3.32, +2.339, +0.169,+0.960
1583689860,+3.32, +2.328, +0.167,+0.960
1583689920,+3.32, +2.328, +0.169,+0.960
1583689980,+3.32, +2.339, +0.166,+0.960
1583690040,+3.33, +2.328, +0.170,+0.960
1583690100,+3.33, +2.371, +0.167,+0.960
1583690160,+3.32, +2.349, +0.169,+0.960
1583690220,+3.33, +2.339, +0.168,+0.960
1583690280,+3.33, +2.339, +0.168,+0.960
1583690340,+3.32, +2.317, +0.168,+0.960
1583690400,+3.32, +2.349, +0.167,+0.960
1583690460,+3.33, +2.328, +0.170,+0.960
1583690520,+3.32, +2.349, +0.169,+0.960
1583690580,+3.32, +2.339, +0.169,+0.960
1583690640,+3.32, +2.295, +0.169,+0.960
1583690700,+3.32, +2.349, +0.168,+0.960
1583690760,+3.33, +2.339, +0.168,+0.960
1583690820,+3.33, +2.349, +0.168,+0.960
1583690880,+3.32, +2.339, +0.166,+0.960
1583690940,+3.33, +2.382, +0.166,+0.960
1583691000,+3.33, +2.317, +0.167,+0.960
1583691060,+3.32, +2.328, +0.168,+0.960
1583691120,+3.32, +2.349, +0.168,+0.960
1583691180,+3.32, +2.317, +0.169,+0.960
1583691240,+3.32, +2.317, +0.169,+0.960
1583691300,+3.32, +2.306, +0.169,+0.960
1583691360,+3.32, +2.339, +0.168,+0.960
1583691420,+3.32, +2.339, +0.169,+0.960
1583691480,+3.32, +2.328, +0.168,+0.960
1583691540,+3.33, +2.360, +0.168,+0.960
1583691600,+3.32, +2.349, +0.168,+0.960
1583691660,+3.33, +2.339, +0.168,+0.960
1583691720,+3.32, +2.339, +0.168,+0.960
1583691780,+3.33, +2.306, +0.170,+0.960
1583691840,+3.32, +2.317, +0.168,+0.960
1583691900,+3.33, +2.317, +0.168,+0.960
1583691960,+3.32, +2.339, +0.168,+0.960
1583692020,+3.33, +2.317, +0.168,+0.960
1583692080,+3.32, +2.339, +0.169,+0.960
1583692140,+3.32, +2.328, +0.169,+0.960
1583692200,+3.32, +2.339, +0.168,+0.960
1583692260,+3.33, +2.317, +0.168,+0.960
1583692320,+3.32, +2.328, +0.170,+0.960
1583692380,+3.32, +2.339, +0.168,+0.960
1583692440,+3.32, +2.328, +0.168,+0.960
1583692500,+3.33, +2.339, +0.170,+0.960
1583692560,+3.32, +2.339, +0.170,+0.960
1583692620,+3.33, +2.328, +0.168,+0.960
1583692680,+3.33, +2.339, +0.169,+0.960
1583692740,+3.33, +2.339, +0.168,+0.960
1583692800,+3.32, +2.339, +0.168,+0.960
1583692860,+3.33, +2.328, +0.169,+0.960
1583692920,+3.32, +2.339, +0.171,+0.960
1583692980,+3.32, +2.306, +0.168,+0.960
1583693040,+3.32, +2.328, +0.169,+0.960
1583693100,+3.32, +2.328, +0.169,+0.960
1583693160,+3.32, +2.339, +0.168,+0.960
1583693220,+3.32, +2.306, +0.168,+0.960
1583693280,+3.33, +2.371, +0.167,+0.960
1583693340,+3.33, +2.339, +0.169,+0.960
1583693400,+3.33, +2.349, +0.169,+0.960
1583693460,+3.32, +2.317, +0.169,+0.960
1583693520,+3.32, +2.393, +0.168,+0.960
1583693580,+3.32, +2.317, +0.170,+0.960
1583693640,+3.32, +2.339, +0.168,+0.960
1583693700,+3.32, +2.306, +0.169,+0.960
1583693760,+3.33, +2.317, +0.168,+0.960
1583693820,+3.32, +2.339, +0.168,+0.960
1583693880,+3.32, +2.328, +0.168,+0.960
1583693940,+3.32, +2.371, +0.169,+0.960
1583694000,+3.32, +2.317, +0.169,+0.960
1583694060,+3.32, +2.328, +0.166,+0.960
1583694120,+3.32, +2.339, +0.167,+0.960
1583694180,+3.33, +2.317, +0.169,+0.960
1583694240,+3.32, +2.339, +0.169,+0.960
1583694300,+3.32, +2.339, +0.169,+0.960
1583694360,+3.32, +2.339, +0.168,+0.960
1583694420,+3.32, +2.349, +0.168,+0.960
1583694480,+3.32, +2.317, +0.167,+0.960
1583694540,+3.32, +2.339, +0.167,+0.960
1583694600,+3.32, +2.295, +0.169,+0.960
1583694660,+3.32, +2.339, +0.169,+0.960
1583694720,+3.32, +2.349, +0.167,+0.960
1583694780,+3.32, +2.328, +0.169,+0.960
1583694840,+3.32, +2.339, +0.167,+0.960
1583694900,+3.32, +2.317, +0.167,+0.960
1583694960,+3.33, +2.328, +0.169,+0.960
1583695020,+3.32, +2.339, +0.170,+0.960
1583695080,+3.32, +2.339, +0.168,+0.960
1583695140,+3.32, +2.349, +0.168,+0.960
1583695200,+3.32, +2.306, +0.169,+0.960
1583695260,+3.32, +2.328, +0.168,+0.960
1583695320,+3.32, +2.328, +0.168,+0.960
1583695380,+3.33, +2.339, +0.169,+0.960
1583695440,+3.32, +2.339, +0.168,+0.960
1583695500,+3.32, +2.317, +0.169,+0.960
1583695560,+3.32, +2.328, +0.169,+0.960
1583695620,+3.33, +2.317, +0.167,+0.960
1583695680,+3.33, +2.317, +0.169,+0.960
1583695740,+3.32, +2.328, +0.167,+0.960
1583695800,+3.32, +2.360, +0.166,+0.960
1583695860,+3.33, +2.360, +0.169,+0.960
1583695920,+3.32, +2.328, +0.168,+0.960
1583695980,+3.33, +2.317, +0.168,+0.960
1583696040,+3.33, +2.339, +0.168,+0.960
1583696100,+3.33, +2.339, +0.169,+0.960
1583696160,+3.33, +2.349, +0.168,+0.960
1583696220,+3.32, +2.306, +0.170,+0.960
1583696280,+3.32, +2.328, +0.168,+0.960
1583696340,+3.32, +2.349, +0.169,+0.960
1583696400,+3.32, +2.306, +0.169,+0.960
1583696460,+3.32, +2.328, +0.169,+0.960
1583696520,+3.32, +2.328, +0.168,+0.960
1583696580,+3.33, +2.339, +0.168,+0.960
1583696640,+3.32, +2.328, +0.168,+0.960
1583696700,+3.33, +2.328, +0.170,+0.960
1583696760,+3.32, +2.306, +0.169,+0.960
1583696820,+3.33, +2.317, +0.169,+0.960
1583696880,+3.32, +2.328, +0.167,+0.960
1583696940,+3.32, +2.317, +0.170,+0.960
1583697000,+3.32, +2.339, +0.169,+0.960
1583697060,+3.32, +2.328, +0.168,+0.960
1583697120,+3.32, +2.328, +0.170,+0.960
1583697180,+3.32, +2.295, +0.170,+0.960
1583697240,+3.32, +2.339, +0.168,+0.960
1583697300,+3.32, +2.328, +0.169,+0.960
1583697360,+3.32, +2.328, +0.168,+0.960
1583697420,+3.32, +2.339, +0.168,+0.960
1583697480,+3.32, +2.317, +0.167,+0.960
1583697540,+3.33, +2.328, +0.168,+0.960
1583697600,+3.32, +2.328, +0.169,+0.960
1583697660,+3.33, +2.317, +0.168,+0.960
1583697720,+3.32, +2.317, +0.169,+0.960
1583697780,+3.32, +2.306, +0.171,+0.960
1583697840,+3.32, +2.328, +0.167,+0.960
1583697900,+3.33, +2.306, +0.170,+0.960
1583697960,+3.32, +2.349, +0.168,+0.960
1583698020,+3.32, +2.306, +0.168,+0.960
1583698080,+3.33, +2.295, +0.170,+0.960
1583698140,+3.32, +2.328, +0.169,+0.960
1583698200,+3.32, +2.349, +0.166,+0.960
1583698260,+3.33, +2.328, +0.166,+0.960
1583698320,+3.32, +2.328, +0.169,+0.960
1583698380,+3.32, +2.328, +0.169,+0.960
1583698440,+3.33, +2.339, +0.169,+0.960
1583698500,+3.33, +2.328, +0.168,+0.960
1583698560,+3.33, +2.328, +0.169,+0.960
1583698620,+3.32, +2.328, +0.168,+0.960
1583698680,+3.32, +2.295, +0.169,+0.960
1583698740,+3.33, +2.339, +0.169,+0.960
1583698800,+3.33, +2.339, +0.169,+0.960
1583698860,+3.32, +2.241, +0.170,+0.960
1583698920,+3.33, +2.328, +0.168,+0.960
1583698980,+3.32, +2.339, +0.170,+0.960
1583699040,+3.33, +2.328, +0.168,+0.960
1583699100,+3.32, +2.328, +0.170,+0.960
1583699160,+3.32, +2.328, +0.169,+0.960
1583699220,+3.32, +2.349, +0.169,+0.960
1583699280,+3.33, +2.339, +0.168,+0.960
1583699340,+3.32, +2.328, +0.168,+0.960
1583699400,+3.32, +2.306, +0.168,+0.960
1583699460,+3.32, +2.328, +0.167,+0.960
1583699520,+3.33, +2.328, +0.167,+0.960
1583699580,+3.32, +2.295, +0.167,+0.960
1583699640,+3.32, +2.306, +0.169,+0.960
1583699700,+3.32, +2.339, +0.167,+0.960
1583699760,+3.32, +2.339, +0.168,+0.960
1583699820,+3.32, +2.306, +0.168,+0.960
1583699880,+3.32, +2.306, +0.167,+0.960
1583699940,+3.32, +2.339, +0.169,+0.960
1583700000,+3.32, +2.263, +0.169,+0.960
1583700060,+3.32, +2.284, +0.168,+0.960
1583700120,+3.33, +2.317, +0.168,+0.960
1583700180,+3.32, +2.317, +0.168,+0.960
1583700240,+3.32, +2.306, +0.169,+0.960
1583700300,+3.32, +2.317, +0.171,+0.960
1583700360,+3.32, +2.339, +0.168,+0.960
1583700420,+3.32, +2.328, +0.168,+0.960
1583700480,+3.33, +2.328, +0.168,+0.960
1583700540,+3.32, +2.328, +0.168,+0.960
1583700600,+3.32, +2.349, +0.169,+0.960
