7392-570653
OS REV: 1.11 Sensor Cal: 1428445788
Time (sec),  BV (Volts),  T (deg C),  DO (mg/l),  Q ()
1580590260,+3.34, +2.736, +0.164,+0.960
1580590320,+3.34, +2.726, +0.166,+0.960
1580590380,+3.34, +2.747, +0.166,+0.960
1580590440,+3.34, +2.747, +0.163,+0.960
1580590500,+3.34, +2.747, +0.165,+0.960
1580590560,+3.34, +2.747, +0.166,+0.960
1580590620,+3.34, +2.747, +0.165,+0.960
1580590680,+3.34, +2.768, +0.165,+0.960
1580590740,+3.34, +2.736, +0.164,+0.960
1580590800,+3.34, +2.736, +0.165,+0.960
1580590860,+3.34, +2.758, +0.163,+0.960
1580590920,+3.34, +2.747, +0.165,+0.960
1580590980,+3.34, +2.768, +0.165,+0.960
1580591040,+3.34, +2.736, +0.167,+0.960
1580591100,+3.34, +2.758, +0.164,+0.960
1580591160,+3.34, +2.768, +0.164,+0.960
1580591220,+3.34, +2.768, +0.166,+0.960
1580591280,+3.34, +2.736, +0.164,+0.960
1580591340,+3.34, +2.736, +0.166,+0.960
1580591400,+3.34, +2.747, +0.164,+0.960
1580591460,+3.34, +2.758, +0.164,+0.960
1580591520,+3.34, +2.736, +0.165,+0.960
1580591580,+3.34, +2.758, +0.164,+0.960
1580591640,+3.34, +2.768, +0.165,+0.960
1580591700,+3.34, +2.758, +0.163,+0.960
1580591760,+3.34, +2.779, +0.163,+0.960
1580591820,+3.34, +2.747, +0.165,+0.960
1580591880,+3.34, +2.758, +0.165,+0.960
1580591940,+3.34, +2.736, +0.164,+0.960
1580592000,+3.34, +2.768, +0.164,+0.960
1580592060,+3.34, +2.736, +0.165,+0.960
1580592120,+3.34, +2.747, +0.164,+0.960
1580592180,+3.34, +2.747, +0.163,+0.960
1580592240,+3.34, +2.758, +0.163,+0.960
1580592300,+3.34, +2.672, +0.165,+0.960
1580592360,+3.34, +2.736, +0.166,+0.960
1580592420,+3.34, +2.758, +0.165,+0.960
1580592480,+3.34, +2.758, +0.165,+0.960
1580592540,+3.34, +2.726, +0.165,+0.960
1580592600,+3.34, +2.747, +0.164,+0.960
1580592660,+3.34, +2.758, +0.166,+0.960
1580592720,+3.34, +2.736, +0.166,+0.960
1580592780,+3.34, +2.747, +0.164,+0.960
1580592840,+3.34, +2.736, +0.165,+0.960
1580592900,+3.34, +2.715, +0.164,+0.960
1580592960,+3.34, +2.747, +0.166,+0.960
1580593020,+3.34, +2.758, +0.165,+0.960
1580593080,+3.34, +2.747, +0.163,+0.960
1580593140,+3.34, +2.758, +0.165,+0.960
1580593200,+3.34, +2.758, +0.164,+0.960
1580593260,+3.34, +2.736, +0.165,+0.960
1580593320,+3.34, +2.726, +0.166,+0.960
1580593380,+3.34, +2.747, +0.164,+0.960
1580593440,+3.34, +2.758, +0.164,+0.960
1580593500,+3.34, +2.747, +0.164,+0.960
1580593560,+3.34, +2.747, +0.164,+0.960
1580593620,+3.34, +2.758, +0.163,+0.960
1580593680,+3.34, +2.747, +0.165,+0.960
1580593740,+3.34, +2.726, +0.165,+0.960
1580593800,+3.34, +2.758, +0.164,+0.960
1580593860,+3.34, +2.736, +0.165,+0.960
1580593920,+3.34, +2.736, +0.163,+0.960
1580593980,+3.34, +2.747, +0.165,+0.960
1580594040,+3.34, +2.747, +0.164,+0.960
1580594100,+3.34, +2.747, +0.165,+0.960
1580594160,+3.34, +2.736, +0.164,+0.960
1580594220,+3.34, +2.736, +0.164,+0.960
1580594280,+3.34, +2.736, +0.166,+0.960
1580594340,+3.34, +2.736, +0.165,+0.960
1580594400,+3.34, +2.758, +0.164,+0.960
1580594460,+3.34, +2.747, +0.165,+0.960
1580594520,+3.34, +2.747, +0.164,+0.960
1580594580,+3.34, +2.747, +0.164,+0.960
1580594640,+3.34, +2.683, +0.167,+0.960
1580594700,+3.34, +2.747, +0.164,+0.960
1580594760,+3.34, +2.768, +0.164,+0.960
1580594820,+3.34, +2.747, +0.165,+0.960
1580594880,+3.34, +2.768, +0.162,+0.960
1580594940,+3.34, +2.747, +0.164,+0.960
1580595000,+3.34, +2.726, +0.165,+0.960
1580595060,+3.34, +2.726, +0.165,+0.960
1580595120,+3.34, +2.736, +0.166,+0.960
1580595180,+3.34, +2.715, +0.167,+0.960
1580595240,+3.34, +2.726, +0.165,+0.960
1580595300,+3.34, +2.726, +0.165,+0.960
1580595360,+3.34, +2.768, +0.164,+0.960
1580595420,+3.34, +2.747, +0.165,+0.960
1580595480,+3.34, +2.758, +0.164,+0.960
1580595540,+3.34, +2.736, +0.165,+0.960
1580595600,+3.34, +2.758, +0.165,+0.960
1580595660,+3.34, +2.747, +0.165,+0.960
1580595720,+3.34, +2.747, +0.164,+0.960
1580595780,+3.34, +2.726, +0.164,+0.960
1580595840,+3.34, +2.758, +0.166,+0.960
1580595900,+3.34, +2.747, +0.165,+0.960
1580595960,+3.34, +2.726, +0.167,+0.960
1580596020,+3.34, +2.758, +0.167,+0.960
1580596080,+3.34, +2.736, +0.163,+0.960
1580596140,+3.34, +2.790, +0.163,+0.960
1580596200,+3.34, +2.747, +0.163,+0.960
1580596260,+3.34, +2.758, +0.164,+0.960
1580596320,+3.34, +2.768, +0.165,+0.960
1580596380,+3.34, +2.747, +0.164,+0.960
1580596440,+3.34, +2.758, +0.165,+0.960
1580596500,+3.34, +2.747, +0.165,+0.960
1580596560,+3.34, +2.747, +0.166,+0.960
1580596620,+3.34, +2.758, +0.164,+0.960
1580596680,+3.34, +2.758, +0.164,+0.960
1580596740,+3.34, +2.736, +0.164,+0.960
1580596800,+3.34, +2.747, +0.165,+0.960
1580596860,+3.34, +2.736, +0.167,+0.960
1580596920,+3.34, +2.790, +0.163,+0.960
1580596980,+3.34, +2.726, +0.164,+0.960
1580597040,+3.34, +2.768, +0.164,+0.960
1580597100,+3.34, +2.747, +0.166,+0.960
1580597160,+3.34, +2.736, +0.165,+0.960
1580597220,+3.34, +2.715, +0.164,+0.960
1580597280,+3.34, +2.736, +0.163,+0.960
1580597340,+3.34, +2.758, +0.163,+0.960
1580597400,+3.34, +2.758, +0.164,+0.960
1580597460,+3.34, +2.704, +0.164,+0.960
1580597520,+3.34, +2.747, +0.165,+0.960
1580597580,+3.34, +2.758, +0.163,+0.960
1580597640,+3.34, +2.736, +0.164,+0.960
1580597700,+3.34, +2.790, +0.163,+0.960
1580597760,+3.34, +2.758, +0.166,+0.960
1580597820,+3.34, +2.758, +0.164,+0.960
1580597880,+3.34, +2.768, +0.164,+0.960
1580597940,+3.34, +2.747, +0.166,+0.960
1580598000,+3.34, +2.747, +0.165,+0.960
1580598060,+3.34, +2.736, +0.165,+0.960
1580598120,+3.34, +2.747, +0.164,+0.960
1580598180,+3.34, +2.726, +0.166,+0.960
1580598240,+3.34, +2.747, +0.164,+0.960
1580598300,+3.34, +2.768, +0.165,+0.960
1580598360,+3.34, +2.736, +0.165,+0.960
1580598420,+3.34, +2.736, +0.165,+0.960
1580598480,+3.34, +2.747, +0.165,+0.960
1580598540,+3.34, +2.736, +0.165,+0.960
1580598600,+3.34, +2.758, +0.164,+0.960
1580598660,+3.34, +2.758, +0.163,+0.960
1580598720,+3.34, +2.768, +0.166,+0.960
1580598780,+3.34, +2.747, +0.164,+0.960
1580598840,+3.34, +2.736, +0.166,+0.960
1580598900,+3.34, +2.726, +0.164,+0.960
1580598960,+3.34, +2.747, +0.164,+0.960
1580599020,+3.34, +2.768, +0.164,+0.960
1580599080,+3.34, +2.747, +0.164,+0.960
1580599140,+3.34, +2.736, +0.165,+0.960
1580599200,+3.34, +2.758, +0.163,+0.960
1580599260,+3.34, +2.736, +0.165,+0.960
1580599320,+3.34, +2.758, +0.163,+0.960
1580599380,+3.34, +2.736, +0.166,+0.960
1580599440,+3.34, +2.736, +0.164,+0.960
1580599500,+3.34, +2.747, +0.166,+0.960
1580599560,+3.34, +2.768, +0.164,+0.960
1580599620,+3.34, +2.726, +0.164,+0.960
1580599680,+3.34, +2.768, +0.164,+0.960
1580599740,+3.34, +2.747, +0.167,+0.960
1580599800,+3.34, +2.747, +0.165,+0.960
1580599860,+3.34, +2.758, +0.166,+0.960
1580599920,+3.34, +2.715, +0.164,+0.960
1580599980,+3.34, +2.736, +0.165,+0.960
1580600040,+3.34, +2.726, +0.166,+0.960
1580600100,+3.34, +2.747, +0.165,+0.960
1580600160,+3.34, +2.768, +0.165,+0.960
1580600220,+3.34, +2.726, +0.165,+0.960
1580600280,+3.34, +2.726, +0.165,+0.960
1580600340,+3.34, +2.747, +0.162,+0.960
1580600400,+3.34, +2.758, +0.164,+0.960
1580600460,+3.34, +2.736, +0.165,+0.960
1580600520,+3.34, +2.726, +0.166,+0.960
1580600580,+3.34, +2.726, +0.164,+0.960
1580600640,+3.34, +2.747, +0.165,+0.960
1580600700,+3.34, +2.768, +0.164,+0.960
1580600760,+3.34, +2.747, +0.165,+0.960
1580600820,+3.34, +2.758, +0.163,+0.960
1580600880,+3.34, +2.768, +0.165,+0.960
1580600940,+3.34, +2.715, +0.163,+0.959
1580601000,+3.34, +2.747, +0.163,+0.959
1580601060,+3.34, +2.726, +0.165,+0.960
1580601120,+3.34, +2.747, +0.165,+0.960
1580601180,+3.34, +2.747, +0.164,+0.960
1580601240,+3.34, +2.736, +0.165,+0.960
1580601300,+3.34, +2.758, +0.165,+0.960
1580601360,+3.34, +2.747, +0.164,+0.960
1580601420,+3.34, +2.758, +0.163,+0.960
1580601480,+3.34, +2.747, +0.164,+0.960
1580601540,+3.34, +2.747, +0.165,+0.960
1580601600,+3.34, +2.747, +0.165,+0.960
1580601660,+3.34, +2.758, +0.164,+0.960
1580601720,+3.34, +2.747, +0.164,+0.960
1580601780,+3.34, +2.726, +0.165,+0.960
1580601840,+3.34, +2.736, +0.166,+0.960
1580601900,+3.34, +2.747, +0.164,+0.960
1580601960,+3.34, +2.747, +0.167,+0.960
1580602020,+3.34, +2.747, +0.165,+0.960
1580602080,+3.34, +2.747, +0.162,+0.960
1580602140,+3.34, +2.747, +0.164,+0.960
1580602200,+3.34, +2.736, +0.167,+0.960
1580602260,+3.34, +2.747, +0.165,+0.960
1580602320,+3.34, +2.736, +0.165,+0.960
1580602380,+3.34, +2.747, +0.165,+0.960
1580602440,+3.34, +2.747, +0.164,+0.960
1580602500,+3.34, +2.736, +0.165,+0.960
1580602560,+3.34, +2.736, +0.164,+0.960
1580602620,+3.34, +2.758, +0.164,+0.960
1580602680,+3.34, +2.747, +0.166,+0.960
1580602740,+3.34, +2.726, +0.165,+0.960
1580602800,+3.34, +2.736, +0.165,+0.960
1580602860,+3.34, +2.758, +0.163,+0.960
1580602920,+3.34, +2.715, +0.166,+0.960
1580602980,+3.34, +2.747, +0.164,+0.960
1580603040,+3.34, +2.736, +0.164,+0.960
1580603100,+3.34, +2.747, +0.166,+0.960
1580603160,+3.34, +2.736, +0.165,+0.960
1580603220,+3.34, +2.768, +0.165,+0.960
1580603280,+3.34, +2.736, +0.164,+0.960
1580603340,+3.34, +2.747, +0.165,+0.960
1580603400,+3.34, +2.715, +0.167,+0.960
1580603460,+3.34, +2.747, +0.165,+0.960
1580603520,+3.34, +2.726, +0.164,+0.960
1580603580,+3.34, +2.758, +0.164,+0.960
1580603640,+3.34, +2.747, +0.164,+0.960
1580603700,+3.34, +2.758, +0.165,+0.960
1580603760,+3.34, +2.736, +0.164,+0.960
1580603820,+3.34, +2.726, +0.164,+0.960
1580603880,+3.34, +2.747, +0.165,+0.960
1580603940,+3.34, +2.736, +0.165,+0.960
1580604000,+3.34, +2.736, +0.166,+0.960
1580604060,+3.34, +2.747, +0.165,+0.960
1580604120,+3.34, +2.736, +0.164,+0.960
1580604180,+3.34, +2.736, +0.165,+0.960
1580604240,+3.34, +2.758, +0.164,+0.960
1580604300,+3.34, +2.715, +0.164,+0.960
1580604360,+3.34, +2.768, +0.164,+0.960
1580604420,+3.34, +2.736, +0.166,+0.960
1580604480,+3.34, +2.747, +0.164,+0.960
1580604540,+3.34, +2.758, +0.163,+0.960
1580604600,+3.34, +2.736, +0.165,+0.960
1580604660,+3.34, +2.747, +0.164,+0.960
1580604720,+3.34, +2.747, +0.164,+0.960
1580604780,+3.34, +2.758, +0.164,+0.960
1580604840,+3.34, +2.747, +0.164,+0.960
1580604900,+3.34, +2.726, +0.164,+0.960
1580604960,+3.34, +2.747, +0.163,+0.960
1580605020,+3.34, +2.726, +0.166,+0.960
1580605080,+3.34, +2.747, +0.165,+0.960
1580605140,+3.34, +2.747, +0.164,+0.960
1580605200,+3.34, +2.758, +0.163,+0.960
1580605260,+3.34, +2.726, +0.164,+0.960
1580605320,+3.34, +2.726, +0.166,+0.960
1580605380,+3.34, +2.736, +0.164,+0.960
1580605440,+3.34, +2.726, +0.165,+0.960
1580605500,+3.34, +2.736, +0.165,+0.960
1580605560,+3.34, +2.747, +0.165,+0.960
1580605620,+3.34, +2.758, +0.164,+0.960
1580605680,+3.34, +2.715, +0.166,+0.960
1580605740,+3.34, +2.747, +0.164,+0.960
1580605800,+3.34, +2.747, +0.165,+0.960
1580605860,+3.34, +2.736, +0.164,+0.960
1580605920,+3.34, +2.747, +0.164,+0.960
1580605980,+3.34, +2.672, +0.165,+0.959
1580606040,+3.34, +2.747, +0.163,+0.960
1580606100,+3.34, +2.747, +0.165,+0.960
1580606160,+3.34, +2.758, +0.163,+0.960
1580606220,+3.34, +2.758, +0.165,+0.960
1580606280,+3.34, +2.736, +0.165,+0.960
1580606340,+3.34, +2.747, +0.165,+0.960
1580606400,+3.34, +2.736, +0.165,+0.960
1580606460,+3.34, +2.747, +0.164,+0.960
1580606520,+3.34, +2.758, +0.164,+0.960
1580606580,+3.34, +2.726, +0.165,+0.960
1580606640,+3.34, +2.715, +0.164,+0.960
1580606700,+3.34, +2.736, +0.163,+0.959
1580606760,+3.34, +2.747, +0.165,+0.960
1580606820,+3.34, +2.747, +0.165,+0.960
1580606880,+3.34, +2.758, +0.165,+0.960
1580606940,+3.34, +2.736, +0.165,+0.960
1580607000,+3.34, +2.747, +0.163,+0.960
1580607060,+3.34, +2.747, +0.165,+0.960
1580607120,+3.34, +2.747, +0.165,+0.960
1580607180,+3.34, +2.736, +0.166,+0.960
1580607240,+3.34, +2.736, +0.163,+0.960
1580607300,+3.34, +2.747, +0.165,+0.960
1580607360,+3.34, +2.726, +0.165,+0.960
1580607420,+3.34, +2.779, +0.163,+0.960
1580607480,+3.34, +2.736, +0.165,+0.960
1580607540,+3.34, +2.758, +0.164,+0.960
1580607600,+3.34, +2.779, +0.165,+0.960
1580607660,+3.34, +2.768, +0.165,+0.960
1580607720,+3.34, +2.736, +0.164,+0.960
1580607780,+3.34, +2.747, +0.165,+0.960
1580607840,+3.34, +2.758, +0.162,+0.960
1580607900,+3.34, +2.747, +0.163,+0.960
1580607960,+3.34, +2.747, +0.165,+0.960
1580608020,+3.34, +2.747, +0.165,+0.960
1580608080,+3.34, +2.768, +0.166,+0.960
1580608140,+3.34, +2.736, +0.167,+0.960
1580608200,+3.34, +2.758, +0.163,+0.960
1580608260,+3.34, +2.758, +0.164,+0.960
1580608320,+3.34, +2.758, +0.163,+0.960
1580608380,+3.34, +2.736, +0.164,+0.960
1580608440,+3.34, +2.736, +0.165,+0.960
1580608500,+3.34, +2.736, +0.165,+0.960
1580608560,+3.34, +2.758, +0.166,+0.960
1580608620,+3.34, +2.758, +0.164,+0.960
1580608680,+3.34, +2.747, +0.165,+0.960
1580608740,+3.34, +2.736, +0.165,+0.960
1580608800,+3.34, +2.747, +0.164,+0.960
1580608860,+3.34, +2.747, +0.164,+0.960
1580608920,+3.34, +2.768, +0.163,+0.960
1580608980,+3.34, +2.758, +0.163,+0.960
1580609040,+3.34, +2.736, +0.165,+0.960
1580609100,+3.34, +2.736, +0.165,+0.960
1580609160,+3.34, +2.736, +0.166,+0.960
1580609220,+3.34, +2.768, +0.164,+0.960
1580609280,+3.34, +2.747, +0.163,+0.960
1580609340,+3.34, +2.747, +0.165,+0.960
1580609400,+3.34, +2.736, +0.165,+0.960
1580609460,+3.34, +2.747, +0.163,+0.960
1580609520,+3.34, +2.758, +0.164,+0.960
1580609580,+3.34, +2.747, +0.164,+0.960
1580609640,+3.34, +2.715, +0.165,+0.960
1580609700,+3.34, +2.758, +0.164,+0.960
1580609760,+3.34, +2.736, +0.164,+0.960
1580609820,+3.34, +2.747, +0.164,+0.960
1580609880,+3.34, +2.726, +0.165,+0.960
1580609940,+3.34, +2.747, +0.166,+0.960
1580610000,+3.34, +2.758, +0.165,+0.960
1580610060,+3.34, +2.715, +0.166,+0.960
1580610120,+3.34, +2.758, +0.164,+0.960
1580610180,+3.34, +2.768, +0.165,+0.960
1580610240,+3.34, +2.758, +0.164,+0.960
1580610300,+3.34, +2.768, +0.164,+0.960
1580610360,+3.34, +2.758, +0.164,+0.960
1580610420,+3.34, +2.726, +0.163,+0.960
1580610480,+3.34, +2.758, +0.165,+0.960
1580610540,+3.34, +2.747, +0.165,+0.960
1580610600,+3.34, +2.694, +0.166,+0.960
1580610660,+3.34, +2.747, +0.165,+0.960
1580610720,+3.34, +2.736, +0.165,+0.960
1580610780,+3.34, +2.736, +0.166,+0.960
1580610840,+3.34, +2.758, +0.164,+0.960
1580610900,+3.34, +2.747, +0.163,+0.960
1580610960,+3.34, +2.736, +0.164,+0.960
1580611020,+3.34, +2.747, +0.165,+0.960
1580611080,+3.34, +2.747, +0.164,+0.960
1580611140,+3.34, +2.747, +0.165,+0.960
1580611200,+3.34, +2.736, +0.165,+0.960
1580611260,+3.34, +2.758, +0.164,+0.960
1580611320,+3.34, +2.736, +0.165,+0.960
1580611380,+3.34, +2.779, +0.164,+0.960
1580611440,+3.34, +2.747, +0.164,+0.960
1580611500,+3.34, +2.715, +0.165,+0.960
1580611560,+3.34, +2.779, +0.162,+0.960
1580611620,+3.34, +2.768, +0.163,+0.960
1580611680,+3.34, +2.747, +0.165,+0.960
1580611740,+3.34, +2.736, +0.167,+0.960
1580611800,+3.34, +2.758, +0.163,+0.960
1580611860,+3.34, +2.758, +0.165,+0.960
1580611920,+3.34, +2.747, +0.163,+0.960
1580611980,+3.34, +2.736, +0.164,+0.960
1580612040,+3.34, +2.747, +0.163,+0.960
1580612100,+3.34, +2.736, +0.164,+0.960
1580612160,+3.34, +2.736, +0.165,+0.960
1580612220,+3.34, +2.768, +0.164,+0.960
1580612280,+3.34, +2.747, +0.163,+0.960
1580612340,+3.34, +2.736, +0.165,+0.960
1580612400,+3.34, +2.747, +0.165,+0.960
1580612460,+3.34, +2.747, +0.165,+0.960
1580612520,+3.34, +2.736, +0.165,+0.960
1580612580,+3.34, +2.758, +0.164,+0.960
1580612640,+3.34, +2.758, +0.163,+0.960
1580612700,+3.34, +2.758, +0.164,+0.960
1580612760,+3.34, +2.758, +0.165,+0.960
1580612820,+3.34, +2.768, +0.164,+0.960
1580612880,+3.34, +2.747, +0.165,+0.960
1580612940,+3.34, +2.747, +0.165,+0.960
1580613000,+3.34, +2.747, +0.165,+0.960
1580613060,+3.34, +2.747, +0.165,+0.960
1580613120,+3.34, +2.747, +0.163,+0.960
1580613180,+3.34, +2.768, +0.164,+0.960
1580613240,+3.34, +2.758, +0.164,+0.960
1580613300,+3.34, +2.779, +0.164,+0.960
1580613360,+3.34, +2.736, +0.164,+0.960
1580613420,+3.34, +2.747, +0.165,+0.960
1580613480,+3.34, +2.779, +0.165,+0.960
1580613540,+3.34, +2.747, +0.166,+0.960
1580613600,+3.34, +2.768, +0.165,+0.960
1580613660,+3.34, +2.747, +0.164,+0.960
1580613720,+3.34, +2.747, +0.163,+0.960
1580613780,+3.34, +2.747, +0.163,+0.960
1580613840,+3.34, +2.736, +0.163,+0.960
1580613900,+3.34, +2.736, +0.164,+0.960
1580613960,+3.34, +2.747, +0.166,+0.960
1580614020,+3.34, +2.758, +0.165,+0.960
1580614080,+3.34, +2.768, +0.164,+0.960
1580614140,+3.34, +2.747, +0.165,+0.960
1580614200,+3.34, +2.747, +0.165,+0.960
1580614260,+3.34, +2.758, +0.164,+0.960
1580614320,+3.34, +2.758, +0.163,+0.960
1580614380,+3.34, +2.736, +0.164,+0.960
1580614440,+3.34, +2.726, +0.165,+0.960
1580614500,+3.34, +2.747, +0.166,+0.960
1580614560,+3.34, +2.736, +0.165,+0.960
1580614620,+3.34, +2.726, +0.165,+0.960
1580614680,+3.34, +2.736, +0.163,+0.959
1580614740,+3.34, +2.747, +0.163,+0.960
1580614800,+3.34, +2.768, +0.165,+0.960
1580614860,+3.34, +2.736, +0.167,+0.960
1580614920,+3.34, +2.736, +0.166,+0.960
1580614980,+3.34, +2.736, +0.163,+0.960
1580615040,+3.34, +2.736, +0.164,+0.960
1580615100,+3.34, +2.736, +0.165,+0.960
1580615160,+3.34, +2.747, +0.163,+0.960
1580615220,+3.34, +2.736, +0.166,+0.960
1580615280,+3.34, +2.758, +0.165,+0.960
1580615340,+3.34, +2.747, +0.165,+0.960
1580615400,+3.34, +2.736, +0.164,+0.960
1580615460,+3.34, +2.758, +0.166,+0.960
1580615520,+3.34, +2.747, +0.164,+0.960
1580615580,+3.34, +2.758, +0.164,+0.960
1580615640,+3.34, +2.790, +0.165,+0.960
1580615700,+3.34, +2.758, +0.165,+0.960
1580615760,+3.34, +2.747, +0.162,+0.960
1580615820,+3.34, +2.758, +0.165,+0.960
1580615880,+3.34, +2.736, +0.164,+0.960
1580615940,+3.34, +2.747, +0.165,+0.960
1580616000,+3.34, +2.736, +0.168,+0.960
1580616060,+3.34, +2.747, +0.166,+0.960
1580616120,+3.34, +2.747, +0.165,+0.960
1580616180,+3.34, +2.747, +0.164,+0.960
1580616240,+3.34, +2.715, +0.165,+0.960
1580616300,+3.34, +2.726, +0.166,+0.960
1580616360,+3.34, +2.747, +0.163,+0.960
1580616420,+3.34, +2.758, +0.166,+0.960
1580616480,+3.34, +2.726, +0.166,+0.960
1580616540,+3.34, +2.726, +0.166,+0.960
1580616600,+3.34, +2.715, +0.167,+0.960
1580616660,+3.34, +2.747, +0.165,+0.960
1580616720,+3.34, +2.736, +0.166,+0.960
1580616780,+3.34, +2.726, +0.164,+0.960
1580616840,+3.34, +2.747, +0.164,+0.960
1580616900,+3.34, +2.758, +0.164,+0.960
1580616960,+3.34, +2.736, +0.165,+0.960
1580617020,+3.34, +2.726, +0.165,+0.960
1580617080,+3.34, +2.736, +0.165,+0.960
1580617140,+3.34, +2.747, +0.164,+0.960
1580617200,+3.34, +2.747, +0.165,+0.960
1580617260,+3.34, +2.715, +0.165,+0.960
1580617320,+3.34, +2.758, +0.166,+0.960
1580617380,+3.34, +2.747, +0.163,+0.960
1580617440,+3.34, +2.758, +0.165,+0.960
1580617500,+3.34, +2.736, +0.166,+0.960
1580617560,+3.34, +2.736, +0.165,+0.960
1580617620,+3.34, +2.736, +0.165,+0.960
1580617680,+3.34, +2.736, +0.165,+0.960
1580617740,+3.34, +2.758, +0.164,+0.960
1580617800,+3.34, +2.758, +0.166,+0.960
1580617860,+3.34, +2.736, +0.165,+0.960
1580617920,+3.34, +2.768, +0.164,+0.960
1580617980,+3.34, +2.747, +0.165,+0.960
1580618040,+3.34, +2.747, +0.165,+0.960
1580618100,+3.34, +2.747, +0.166,+0.960
1580618160,+3.34, +2.758, +0.164,+0.960
1580618220,+3.34, +2.736, +0.163,+0.960
1580618280,+3.34, +2.726, +0.165,+0.960
1580618340,+3.34, +2.790, +0.164,+0.960
1580618400,+3.34, +2.747, +0.164,+0.960
1580618460,+3.34, +2.715, +0.166,+0.960
1580618520,+3.34, +2.736, +0.165,+0.960
1580618580,+3.34, +2.736, +0.165,+0.960
1580618640,+3.34, +2.747, +0.164,+0.960
1580618700,+3.34, +2.747, +0.164,+0.960
1580618760,+3.34, +2.736, +0.165,+0.960
1580618820,+3.34, +2.726, +0.165,+0.960
1580618880,+3.34, +2.736, +0.164,+0.960
1580618940,+3.34, +2.736, +0.164,+0.960
1580619000,+3.34, +2.790, +0.165,+0.960
1580619060,+3.34, +2.736, +0.165,+0.960
1580619120,+3.34, +2.747, +0.165,+0.960
1580619180,+3.34, +2.758, +0.165,+0.960
1580619240,+3.34, +2.758, +0.165,+0.960
1580619300,+3.34, +2.715, +0.165,+0.960
1580619360,+3.34, +2.758, +0.166,+0.960
1580619420,+3.34, +2.736, +0.165,+0.960
1580619480,+3.34, +2.747, +0.164,+0.960
1580619540,+3.34, +2.747, +0.165,+0.960
1580619600,+3.34, +2.758, +0.164,+0.960
1580619660,+3.34, +2.758, +0.164,+0.960
1580619720,+3.34, +2.715, +0.164,+0.960
1580619780,+3.34, +2.768, +0.165,+0.960
1580619840,+3.34, +2.747, +0.166,+0.960
1580619900,+3.34, +2.726, +0.166,+0.960
1580619960,+3.34, +2.747, +0.164,+0.960
1580620020,+3.34, +2.736, +0.165,+0.960
1580620080,+3.34, +2.758, +0.164,+0.960
1580620140,+3.34, +2.747, +0.166,+0.960
1580620200,+3.34, +2.726, +0.165,+0.960
1580620260,+3.34, +2.758, +0.165,+0.960
1580620320,+3.34, +2.736, +0.166,+0.960
1580620380,+3.34, +2.736, +0.165,+0.960
1580620440,+3.34, +2.747, +0.165,+0.960
1580620500,+3.34, +2.758, +0.165,+0.960
1580620560,+3.34, +2.736, +0.166,+0.960
1580620620,+3.34, +2.736, +0.165,+0.960
1580620680,+3.34, +2.747, +0.166,+0.960
1580620740,+3.34, +2.715, +0.164,+0.960
1580620800,+3.34, +2.758, +0.166,+0.960
1580620860,+3.34, +2.736, +0.165,+0.960
1580620920,+3.34, +2.736, +0.165,+0.960
1580620980,+3.34, +2.726, +0.164,+0.960
1580621040,+3.34, +2.747, +0.165,+0.960
1580621100,+3.34, +2.768, +0.163,+0.960
1580621160,+3.34, +2.758, +0.164,+0.960
1580621220,+3.34, +2.736, +0.164,+0.960
1580621280,+3.34, +2.726, +0.164,+0.960
1580621340,+3.34, +2.715, +0.164,+0.960
1580621400,+3.34, +2.768, +0.165,+0.960
1580621460,+3.34, +2.736, +0.165,+0.960
1580621520,+3.34, +2.736, +0.167,+0.960
1580621580,+3.34, +2.747, +0.164,+0.960
1580621640,+3.34, +2.747, +0.164,+0.960
1580621700,+3.34, +2.747, +0.164,+0.960
1580621760,+3.34, +2.736, +0.163,+0.960
1580621820,+3.34, +2.736, +0.165,+0.960
1580621880,+3.34, +2.758, +0.164,+0.960
1580621940,+3.34, +2.747, +0.166,+0.960
1580622000,+3.34, +2.747, +0.165,+0.960
1580622060,+3.34, +2.747, +0.164,+0.960
1580622120,+3.34, +2.768, +0.164,+0.960
1580622180,+3.34, +2.747, +0.166,+0.960
1580622240,+3.34, +2.758, +0.163,+0.960
1580622300,+3.34, +2.747, +0.165,+0.960
1580622360,+3.34, +2.758, +0.164,+0.960
1580622420,+3.34, +2.768, +0.164,+0.960
1580622480,+3.34, +2.758, +0.165,+0.960
1580622540,+3.34, +2.758, +0.165,+0.960
1580622600,+3.34, +2.715, +0.167,+0.960
1580622660,+3.34, +2.779, +0.164,+0.960
1580622720,+3.34, +2.736, +0.167,+0.960
1580622780,+3.34, +2.736, +0.165,+0.960
1580622840,+3.34, +2.747, +0.165,+0.960
1580622900,+3.34, +2.747, +0.165,+0.960
1580622960,+3.34, +2.747, +0.163,+0.960
1580623020,+3.34, +2.726, +0.165,+0.960
1580623080,+3.34, +2.747, +0.165,+0.960
1580623140,+3.34, +2.726, +0.166,+0.960
1580623200,+3.34, +2.736, +0.166,+0.960
1580623260,+3.34, +2.747, +0.166,+0.960
1580623320,+3.34, +2.726, +0.164,+0.960
1580623380,+3.34, +2.736, +0.164,+0.960
1580623440,+3.34, +2.779, +0.164,+0.960
1580623500,+3.34, +2.747, +0.166,+0.960
1580623560,+3.34, +2.736, +0.166,+0.960
1580623620,+3.34, +2.726, +0.166,+0.960
1580623680,+3.34, +2.747, +0.166,+0.960
1580623740,+3.34, +2.715, +0.164,+0.960
1580623800,+3.34, +2.747, +0.165,+0.960
1580623860,+3.34, +2.747, +0.164,+0.960
1580623920,+3.34, +2.758, +0.164,+0.960
1580623980,+3.34, +2.758, +0.164,+0.960
1580624040,+3.34, +2.758, +0.163,+0.960
1580624100,+3.34, +2.758, +0.165,+0.960
1580624160,+3.34, +2.694, +0.165,+0.960
1580624220,+3.34, +2.758, +0.164,+0.960
1580624280,+3.34, +2.726, +0.165,+0.960
1580624340,+3.34, +2.726, +0.164,+0.960
1580624400,+3.34, +2.747, +0.164,+0.960
1580624460,+3.34, +2.758, +0.165,+0.960
1580624520,+3.34, +2.726, +0.164,+0.960
1580624580,+3.34, +2.736, +0.165,+0.960
1580624640,+3.34, +2.736, +0.165,+0.960
1580624700,+3.34, +2.736, +0.165,+0.960
1580624760,+3.34, +2.736, +0.165,+0.960
1580624820,+3.34, +2.736, +0.165,+0.960
1580624880,+3.34, +2.747, +0.166,+0.960
1580624940,+3.34, +2.768, +0.164,+0.960
1580625000,+3.34, +2.715, +0.163,+0.960
1580625060,+3.34, +2.747, +0.164,+0.960
1580625120,+3.34, +2.736, +0.164,+0.960
1580625180,+3.34, +2.736, +0.164,+0.960
1580625240,+3.34, +2.736, +0.163,+0.960
1580625300,+3.34, +2.726, +0.164,+0.960
1580625360,+3.34, +2.736, +0.164,+0.960
1580625420,+3.34, +2.683, +0.167,+0.960
1580625480,+3.34, +2.736, +0.164,+0.960
1580625540,+3.34, +2.736, +0.166,+0.960
1580625600,+3.34, +2.736, +0.165,+0.960
1580625660,+3.34, +2.747, +0.163,+0.960
1580625720,+3.34, +2.715, +0.165,+0.960
1580625780,+3.34, +2.758, +0.165,+0.960
1580625840,+3.34, +2.747, +0.164,+0.960
1580625900,+3.34, +2.736, +0.166,+0.960
1580625960,+3.34, +2.715, +0.165,+0.960
1580626020,+3.34, +2.726, +0.165,+0.960
1580626080,+3.34, +2.758, +0.164,+0.960
1580626140,+3.34, +2.726, +0.165,+0.960
1580626200,+3.34, +2.747, +0.164,+0.960
1580626260,+3.34, +2.715, +0.163,+0.960
1580626320,+3.34, +2.747, +0.165,+0.960
1580626380,+3.34, +2.726, +0.165,+0.960
1580626440,+3.34, +2.747, +0.163,+0.960
1580626500,+3.34, +2.736, +0.165,+0.960
1580626560,+3.34, +2.715, +0.166,+0.960
1580626620,+3.34, +2.758, +0.165,+0.960
1580626680,+3.34, +2.747, +0.165,+0.960
1580626740,+3.34, +2.736, +0.164,+0.960
1580626800,+3.34, +2.736, +0.165,+0.960
1580626860,+3.34, +2.736, +0.165,+0.960
1580626920,+3.34, +2.715, +0.166,+0.960
1580626980,+3.34, +2.715, +0.165,+0.960
1580627040,+3.34, +2.736, +0.163,+0.960
1580627100,+3.34, +2.747, +0.165,+0.960
1580627160,+3.34, +2.779, +0.165,+0.960
1580627220,+3.34, +2.736, +0.165,+0.960
1580627280,+3.34, +2.758, +0.164,+0.960
1580627340,+3.34, +2.736, +0.166,+0.960
1580627400,+3.34, +2.768, +0.165,+0.960
1580627460,+3.34, +2.747, +0.163,+0.960
1580627520,+3.34, +2.758, +0.164,+0.960
1580627580,+3.34, +2.694, +0.166,+0.960
1580627640,+3.34, +2.758, +0.165,+0.960
1580627700,+3.34, +2.694, +0.165,+0.960
1580627760,+3.34, +2.736, +0.166,+0.960
1580627820,+3.34, +2.747, +0.165,+0.960
1580627880,+3.34, +2.736, +0.164,+0.960
1580627940,+3.34, +2.747, +0.165,+0.960
1580628000,+3.34, +2.736, +0.165,+0.960
1580628060,+3.34, +2.704, +0.166,+0.960
1580628120,+3.34, +2.747, +0.165,+0.960
1580628180,+3.34, +2.758, +0.165,+0.960
1580628240,+3.34, +2.736, +0.165,+0.960
1580628300,+3.34, +2.758, +0.164,+0.960
1580628360,+3.34, +2.736, +0.165,+0.960
1580628420,+3.34, +2.747, +0.163,+0.960
1580628480,+3.34, +2.758, +0.166,+0.960
1580628540,+3.34, +2.758, +0.165,+0.960
1580628600,+3.34, +2.736, +0.165,+0.960
1580628660,+3.34, +2.758, +0.164,+0.960
1580628720,+3.34, +2.736, +0.165,+0.960
1580628780,+3.34, +2.736, +0.166,+0.960
1580628840,+3.34, +2.747, +0.165,+0.960
1580628900,+3.34, +2.768, +0.164,+0.960
1580628960,+3.34, +2.736, +0.165,+0.960
1580629020,+3.34, +2.736, +0.164,+0.960
1580629080,+3.34, +2.747, +0.164,+0.960
1580629140,+3.34, +2.736, +0.166,+0.960
1580629200,+3.34, +2.779, +0.164,+0.960
1580629260,+3.34, +2.747, +0.165,+0.960
1580629320,+3.34, +2.747, +0.164,+0.960
1580629380,+3.34, +2.726, +0.165,+0.960
1580629440,+3.34, +2.747, +0.163,+0.960
1580629500,+3.34, +2.768, +0.163,+0.960
1580629560,+3.34, +2.726, +0.163,+0.960
1580629620,+3.34, +2.715, +0.164,+0.960
1580629680,+3.34, +2.726, +0.166,+0.960
1580629740,+3.34, +2.736, +0.166,+0.960
1580629800,+3.34, +2.726, +0.165,+0.960
1580629860,+3.34, +2.726, +0.164,+0.960
1580629920,+3.34, +2.758, +0.165,+0.960
1580629980,+3.34, +2.747, +0.163,+0.960
1580630040,+3.34, +2.779, +0.164,+0.960
1580630100,+3.34, +2.747, +0.164,+0.960
1580630160,+3.34, +2.747, +0.164,+0.960
1580630220,+3.34, +2.747, +0.163,+0.960
1580630280,+3.34, +2.758, +0.164,+0.960
1580630340,+3.34, +2.726, +0.165,+0.960
1580630400,+3.34, +2.747, +0.164,+0.960
1580630460,+3.34, +2.779, +0.165,+0.960
1580630520,+3.34, +2.736, +0.163,+0.960
1580630580,+3.34, +2.758, +0.164,+0.960
1580630640,+3.34, +2.747, +0.164,+0.960
1580630700,+3.34, +2.747, +0.164,+0.960
1580630760,+3.34, +2.747, +0.164,+0.960
1580630820,+3.34, +2.736, +0.166,+0.960
1580630880,+3.34, +2.736, +0.166,+0.960
1580630940,+3.34, +2.747, +0.164,+0.960
1580631000,+3.34, +2.726, +0.165,+0.960
1580631060,+3.34, +2.758, +0.167,+0.960
1580631120,+3.34, +2.736, +0.164,+0.960
1580631180,+3.34, +2.747, +0.165,+0.960
1580631240,+3.34, +2.747, +0.165,+0.960
1580631300,+3.34, +2.747, +0.165,+0.960
1580631360,+3.34, +2.747, +0.165,+0.960
1580631420,+3.34, +2.747, +0.165,+0.960
1580631480,+3.34, +2.715, +0.165,+0.960
1580631540,+3.34, +2.726, +0.164,+0.960
1580631600,+3.34, +2.758, +0.164,+0.960
1580631660,+3.34, +2.736, +0.164,+0.960
1580631720,+3.34, +2.747, +0.164,+0.960
1580631780,+3.34, +2.715, +0.164,+0.960
1580631840,+3.34, +2.747, +0.165,+0.960
1580631900,+3.34, +2.726, +0.164,+0.960
1580631960,+3.34, +2.747, +0.166,+0.960
1580632020,+3.34, +2.747, +0.164,+0.960
1580632080,+3.34, +2.736, +0.165,+0.960
1580632140,+3.34, +2.758, +0.165,+0.960
1580632200,+3.34, +2.747, +0.164,+0.960
1580632260,+3.34, +2.747, +0.162,+0.960
1580632320,+3.34, +2.736, +0.165,+0.960
1580632380,+3.34, +2.747, +0.163,+0.960
1580632440,+3.34, +2.747, +0.163,+0.960
1580632500,+3.34, +2.758, +0.164,+0.960
1580632560,+3.34, +2.736, +0.164,+0.960
1580632620,+3.34, +2.736, +0.166,+0.960
1580632680,+3.34, +2.747, +0.163,+0.960
1580632740,+3.34, +2.736, +0.164,+0.960
1580632800,+3.34, +2.758, +0.164,+0.960
1580632860,+3.34, +2.715, +0.165,+0.960
1580632920,+3.34, +2.736, +0.165,+0.960
1580632980,+3.34, +2.758, +0.165,+0.960
1580633040,+3.34, +2.758, +0.164,+0.960
1580633100,+3.34, +2.736, +0.165,+0.960
1580633160,+3.34, +2.790, +0.165,+0.960
1580633220,+3.34, +2.715, +0.166,+0.960
1580633280,+3.34, +2.747, +0.165,+0.960
1580633340,+3.34, +2.736, +0.164,+0.960
1580633400,+3.34, +2.736, +0.165,+0.960
1580633460,+3.34, +2.715, +0.166,+0.960
1580633520,+3.34, +2.747, +0.165,+0.960
1580633580,+3.34, +2.726, +0.165,+0.960
1580633640,+3.34, +2.747, +0.166,+0.960
1580633700,+3.34, +2.736, +0.165,+0.960
1580633760,+3.34, +2.736, +0.165,+0.960
1580633820,+3.34, +2.726, +0.166,+0.960
1580633880,+3.34, +2.736, +0.166,+0.960
1580633940,+3.34, +2.736, +0.164,+0.960
1580634000,+3.34, +2.736, +0.165,+0.960
1580634060,+3.34, +2.758, +0.165,+0.960
1580634120,+3.34, +2.758, +0.165,+0.960
1580634180,+3.34, +2.779, +0.165,+0.960
1580634240,+3.34, +2.747, +0.166,+0.960
1580634300,+3.34, +2.736, +0.165,+0.960
1580634360,+3.34, +2.758, +0.164,+0.960
1580634420,+3.34, +2.747, +0.166,+0.960
1580634480,+3.34, +2.747, +0.164,+0.960
1580634540,+3.34, +2.715, +0.166,+0.960
1580634600,+3.34, +2.736, +0.164,+0.960
1580634660,+3.34, +2.758, +0.164,+0.960
1580634720,+3.34, +2.715, +0.166,+0.960
1580634780,+3.34, +2.768, +0.164,+0.960
1580634840,+3.34, +2.747, +0.165,+0.960
1580634900,+3.34, +2.758, +0.166,+0.960
1580634960,+3.34, +2.747, +0.166,+0.960
1580635020,+3.34, +2.747, +0.165,+0.960
1580635080,+3.34, +2.736, +0.165,+0.960
1580635140,+3.34, +2.779, +0.164,+0.960
1580635200,+3.34, +2.736, +0.164,+0.960
1580635260,+3.34, +2.758, +0.165,+0.960
1580635320,+3.34, +2.736, +0.164,+0.960
1580635380,+3.34, +2.768, +0.164,+0.960
1580635440,+3.34, +2.768, +0.163,+0.960
1580635500,+3.34, +2.736, +0.165,+0.960
1580635560,+3.34, +2.726, +0.164,+0.960
1580635620,+3.34, +2.747, +0.166,+0.960
1580635680,+3.34, +2.661, +0.165,+0.960
1580635740,+3.34, +2.747, +0.164,+0.960
1580635800,+3.34, +2.736, +0.166,+0.960
1580635860,+3.34, +2.747, +0.164,+0.960
1580635920,+3.34, +2.736, +0.164,+0.960
1580635980,+3.34, +2.758, +0.164,+0.960
1580636040,+3.34, +2.715, +0.167,+0.960
1580636100,+3.34, +2.736, +0.166,+0.960
1580636160,+3.34, +2.747, +0.165,+0.960
1580636220,+3.34, +2.715, +0.166,+0.960
1580636280,+3.34, +2.747, +0.165,+0.960
1580636340,+3.34, +2.726, +0.165,+0.960
1580636400,+3.34, +2.694, +0.165,+0.960
1580636460,+3.34, +2.736, +0.166,+0.960
1580636520,+3.34, +2.704, +0.165,+0.960
1580636580,+3.34, +2.747, +0.166,+0.960
1580636640,+3.34, +2.747, +0.166,+0.960
1580636700,+3.34, +2.747, +0.163,+0.960
1580636760,+3.34, +2.747, +0.165,+0.960
1580636820,+3.34, +2.758, +0.165,+0.960
1580636880,+3.34, +2.736, +0.163,+0.960
1580636940,+3.34, +2.747, +0.164,+0.960
1580637000,+3.34, +2.747, +0.164,+0.960
1580637060,+3.34, +2.736, +0.166,+0.960
1580637120,+3.34, +2.726, +0.165,+0.960
1580637180,+3.34, +2.726, +0.166,+0.960
1580637240,+3.34, +2.768, +0.163,+0.960
1580637300,+3.34, +2.726, +0.166,+0.960
1580637360,+3.34, +2.726, +0.166,+0.960
1580637420,+3.34, +2.747, +0.164,+0.960
1580637480,+3.34, +2.747, +0.165,+0.960
1580637540,+3.34, +2.726, +0.164,+0.960
1580637600,+3.34, +2.747, +0.165,+0.960
1580637660,+3.34, +2.747, +0.164,+0.960
1580637720,+3.34, +2.726, +0.166,+0.960
1580637780,+3.34, +2.704, +0.164,+0.960
1580637840,+3.34, +2.736, +0.164,+0.960
1580637900,+3.34, +2.736, +0.167,+0.960
1580637960,+3.34, +2.726, +0.164,+0.960
1580638020,+3.34, +2.747, +0.164,+0.960
1580638080,+3.34, +2.747, +0.164,+0.960
1580638140,+3.34, +2.715, +0.164,+0.960
1580638200,+3.34, +2.715, +0.165,+0.960
1580638260,+3.34, +2.726, +0.164,+0.960
1580638320,+3.34, +2.747, +0.165,+0.960
1580638380,+3.34, +2.747, +0.166,+0.960
1580638440,+3.34, +2.747, +0.165,+0.960
1580638500,+3.34, +2.758, +0.164,+0.960
1580638560,+3.34, +2.747, +0.165,+0.960
1580638620,+3.34, +2.726, +0.165,+0.960
1580638680,+3.34, +2.736, +0.165,+0.960
1580638740,+3.34, +2.726, +0.166,+0.960
1580638800,+3.34, +2.736, +0.166,+0.960
1580638860,+3.34, +2.726, +0.165,+0.960
1580638920,+3.34, +2.726, +0.165,+0.960
1580638980,+3.34, +2.747, +0.166,+0.960
1580639040,+3.34, +2.726, +0.165,+0.960
1580639100,+3.34, +2.747, +0.164,+0.960
1580639160,+3.34, +2.736, +0.163,+0.960
1580639220,+3.34, +2.736, +0.165,+0.960
1580639280,+3.34, +2.736, +0.165,+0.960
1580639340,+3.34, +2.736, +0.165,+0.960
1580639400,+3.34, +2.726, +0.164,+0.960
1580639460,+3.34, +2.747, +0.166,+0.960
1580639520,+3.34, +2.736, +0.165,+0.960
1580639580,+3.34, +2.779, +0.166,+0.960
1580639640,+3.34, +2.747, +0.163,+0.960
1580639700,+3.34, +2.736, +0.164,+0.960
1580639760,+3.34, +2.726, +0.164,+0.960
1580639820,+3.34, +2.736, +0.164,+0.960
1580639880,+3.34, +2.758, +0.165,+0.960
1580639940,+3.34, +2.736, +0.163,+0.960
1580640000,+3.34, +2.726, +0.165,+0.960
1580640060,+3.34, +2.704, +0.164,+0.960
1580640120,+3.34, +2.704, +0.164,+0.960
1580640180,+3.34, +2.747, +0.166,+0.960
1580640240,+3.34, +2.726, +0.166,+0.960
1580640300,+3.34, +2.704, +0.165,+0.960
1580640360,+3.34, +2.726, +0.165,+0.960
1580640420,+3.34, +2.726, +0.165,+0.960
1580640480,+3.34, +2.726, +0.166,+0.960
1580640540,+3.34, +2.736, +0.165,+0.960
1580640600,+3.34, +2.747, +0.165,+0.960
1580640660,+3.34, +2.736, +0.163,+0.960
1580640720,+3.34, +2.726, +0.165,+0.960
1580640780,+3.34, +2.747, +0.164,+0.960
1580640840,+3.34, +2.747, +0.165,+0.960
1580640900,+3.34, +2.715, +0.166,+0.960
1580640960,+3.34, +2.726, +0.164,+0.960
1580641020,+3.34, +2.747, +0.164,+0.960
1580641080,+3.34, +2.736, +0.164,+0.960
1580641140,+3.34, +2.736, +0.166,+0.960
1580641200,+3.34, +2.758, +0.164,+0.960
1580641260,+3.34, +2.747, +0.165,+0.960
1580641320,+3.34, +2.736, +0.166,+0.960
1580641380,+3.34, +2.736, +0.165,+0.960
1580641440,+3.34, +2.704, +0.164,+0.960
1580641500,+3.34, +2.736, +0.164,+0.960
1580641560,+3.34, +2.747, +0.165,+0.960
1580641620,+3.34, +2.726, +0.166,+0.960
1580641680,+3.34, +2.736, +0.164,+0.960
1580641740,+3.34, +2.726, +0.166,+0.960
1580641800,+3.34, +2.726, +0.163,+0.960
1580641860,+3.34, +2.726, +0.165,+0.960
1580641920,+3.34, +2.736, +0.164,+0.960
1580641980,+3.34, +2.736, +0.165,+0.960
1580642040,+3.34, +2.736, +0.164,+0.960
1580642100,+3.34, +2.704, +0.164,+0.960
1580642160,+3.34, +2.726, +0.165,+0.960
1580642220,+3.34, +2.736, +0.165,+0.960
1580642280,+3.34, +2.715, +0.165,+0.960
1580642340,+3.34, +2.747, +0.166,+0.960
1580642400,+3.34, +2.736, +0.165,+0.960
1580642460,+3.34, +2.747, +0.164,+0.960
1580642520,+3.34, +2.715, +0.164,+0.960
1580642580,+3.34, +2.736, +0.164,+0.960
1580642640,+3.34, +2.747, +0.164,+0.960
1580642700,+3.34, +2.736, +0.165,+0.960
1580642760,+3.34, +2.726, +0.165,+0.960
1580642820,+3.34, +2.736, +0.165,+0.960
1580642880,+3.34, +2.736, +0.165,+0.960
1580642940,+3.34, +2.726, +0.166,+0.960
1580643000,+3.34, +2.758, +0.165,+0.960
1580643060,+3.34, +2.726, +0.167,+0.960
1580643120,+3.34, +2.747, +0.166,+0.960
1580643180,+3.34, +2.736, +0.165,+0.960
1580643240,+3.34, +2.726, +0.165,+0.960
1580643300,+3.34, +2.736, +0.164,+0.960
1580643360,+3.34, +2.736, +0.164,+0.960
1580643420,+3.34, +2.747, +0.166,+0.960
1580643480,+3.34, +2.726, +0.165,+0.960
1580643540,+3.34, +2.736, +0.166,+0.960
1580643600,+3.34, +2.715, +0.166,+0.960
1580643660,+3.34, +2.736, +0.164,+0.960
1580643720,+3.34, +2.736, +0.165,+0.960
1580643780,+3.34, +2.747, +0.165,+0.960
1580643840,+3.34, +2.779, +0.164,+0.960
1580643900,+3.34, +2.747, +0.165,+0.960
1580643960,+3.34, +2.726, +0.165,+0.960
1580644020,+3.34, +2.736, +0.164,+0.960
1580644080,+3.34, +2.715, +0.166,+0.960
1580644140,+3.34, +2.736, +0.166,+0.960
1580644200,+3.34, +2.758, +0.163,+0.960
1580644260,+3.34, +2.715, +0.165,+0.960
1580644320,+3.34, +2.726, +0.165,+0.960
1580644380,+3.34, +2.736, +0.165,+0.960
1580644440,+3.34, +2.736, +0.164,+0.960
1580644500,+3.34, +2.747, +0.164,+0.960
1580644560,+3.34, +2.736, +0.166,+0.960
1580644620,+3.34, +2.726, +0.165,+0.960
1580644680,+3.34, +2.672, +0.164,+0.960
1580644740,+3.34, +2.726, +0.164,+0.960
1580644800,+3.34, +2.726, +0.164,+0.960
1580644860,+3.34, +2.726, +0.165,+0.960
1580644920,+3.34, +2.736, +0.167,+0.960
1580644980,+3.34, +2.726, +0.165,+0.960
1580645040,+3.34, +2.726, +0.166,+0.960
1580645100,+3.34, +2.726, +0.165,+0.960
1580645160,+3.34, +2.715, +0.165,+0.960
1580645220,+3.34, +2.736, +0.164,+0.960
1580645280,+3.34, +2.726, +0.165,+0.960
1580645340,+3.34, +2.726, +0.165,+0.960
1580645400,+3.34, +2.726, +0.164,+0.960
1580645460,+3.34, +2.715, +0.165,+0.960
1580645520,+3.34, +2.747, +0.165,+0.960
1580645580,+3.34, +2.747, +0.164,+0.960
1580645640,+3.34, +2.736, +0.164,+0.960
1580645700,+3.34, +2.726, +0.165,+0.960
1580645760,+3.34, +2.736, +0.166,+0.960
1580645820,+3.34, +2.758, +0.163,+0.960
1580645880,+3.34, +2.736, +0.164,+0.960
1580645940,+3.34, +2.726, +0.165,+0.960
1580646000,+3.34, +2.726, +0.165,+0.960
1580646060,+3.34, +2.726, +0.164,+0.960
1580646120,+3.34, +2.747, +0.165,+0.960
1580646180,+3.34, +2.758, +0.164,+0.960
1580646240,+3.34, +2.726, +0.165,+0.960
1580646300,+3.34, +2.747, +0.167,+0.960
1580646360,+3.34, +2.736, +0.165,+0.960
1580646420,+3.34, +2.736, +0.164,+0.960
1580646480,+3.34, +2.715, +0.164,+0.960
1580646540,+3.34, +2.747, +0.164,+0.960
1580646600,+3.34, +2.726, +0.164,+0.960
1580646660,+3.34, +2.726, +0.164,+0.960
1580646720,+3.34, +2.747, +0.164,+0.960
1580646780,+3.34, +2.758, +0.164,+0.960
1580646840,+3.34, +2.726, +0.163,+0.960
1580646900,+3.34, +2.736, +0.164,+0.960
1580646960,+3.34, +2.704, +0.163,+0.960
1580647020,+3.34, +2.726, +0.164,+0.960
1580647080,+3.34, +2.747, +0.165,+0.960
1580647140,+3.34, +2.726, +0.165,+0.960
1580647200,+3.34, +2.715, +0.165,+0.960
1580647260,+3.34, +2.736, +0.165,+0.960
1580647320,+3.34, +2.726, +0.165,+0.960
1580647380,+3.34, +2.726, +0.164,+0.960
1580647440,+3.34, +2.747, +0.164,+0.960
1580647500,+3.34, +2.736, +0.164,+0.960
1580647560,+3.34, +2.736, +0.164,+0.960
1580647620,+3.34, +2.747, +0.165,+0.960
1580647680,+3.34, +2.715, +0.164,+0.960
1580647740,+3.34, +2.726, +0.166,+0.960
1580647800,+3.34, +2.747, +0.165,+0.960
1580647860,+3.34, +2.736, +0.163,+0.960
1580647920,+3.34, +2.726, +0.165,+0.960
1580647980,+3.34, +2.747, +0.164,+0.960
1580648040,+3.34, +2.736, +0.164,+0.960
1580648100,+3.34, +2.726, +0.166,+0.960
1580648160,+3.34, +2.726, +0.165,+0.960
1580648220,+3.34, +2.747, +0.166,+0.960
1580648280,+3.34, +2.726, +0.164,+0.960
1580648340,+3.34, +2.736, +0.165,+0.960
1580648400,+3.34, +2.736, +0.164,+0.960
1580648460,+3.34, +2.747, +0.165,+0.960
1580648520,+3.34, +2.736, +0.164,+0.960
1580648580,+3.34, +2.736, +0.165,+0.960
1580648640,+3.34, +2.726, +0.165,+0.960
1580648700,+3.34, +2.694, +0.165,+0.960
1580648760,+3.34, +2.736, +0.165,+0.960
1580648820,+3.34, +2.715, +0.164,+0.960
1580648880,+3.34, +2.747, +0.166,+0.960
1580648940,+3.34, +2.704, +0.164,+0.960
1580649000,+3.34, +2.726, +0.165,+0.960
1580649060,+3.34, +2.747, +0.164,+0.960
1580649120,+3.33, +2.747, +0.163,+0.960
1580649180,+3.34, +2.758, +0.164,+0.960
1580649240,+3.34, +2.715, +0.165,+0.960
1580649300,+3.34, +2.715, +0.165,+0.960
1580649360,+3.34, +2.715, +0.164,+0.960
1580649420,+3.34, +2.694, +0.166,+0.960
1580649480,+3.34, +2.726, +0.164,+0.960
1580649540,+3.34, +2.726, +0.164,+0.960
1580649600,+3.34, +2.726, +0.164,+0.960
1580649660,+3.34, +2.726, +0.166,+0.960
1580649720,+3.34, +2.747, +0.163,+0.960
1580649780,+3.34, +2.736, +0.164,+0.960
1580649840,+3.34, +2.736, +0.165,+0.960
1580649900,+3.34, +2.726, +0.164,+0.960
1580649960,+3.34, +2.726, +0.165,+0.960
1580650020,+3.34, +2.747, +0.164,+0.960
1580650080,+3.34, +2.726, +0.165,+0.960
1580650140,+3.34, +2.736, +0.165,+0.960
1580650200,+3.34, +2.747, +0.165,+0.960
1580650260,+3.34, +2.726, +0.165,+0.960
1580650320,+3.34, +2.726, +0.164,+0.960
1580650380,+3.34, +2.736, +0.164,+0.960
1580650440,+3.34, +2.736, +0.165,+0.960
1580650500,+3.34, +2.736, +0.164,+0.960
1580650560,+3.34, +2.694, +0.164,+0.960
1580650620,+3.34, +2.747, +0.164,+0.960
1580650680,+3.34, +2.726, +0.163,+0.960
1580650740,+3.34, +2.736, +0.164,+0.960
1580650800,+3.34, +2.736, +0.165,+0.960
1580650860,+3.34, +2.736, +0.165,+0.960
1580650920,+3.34, +2.715, +0.165,+0.960
1580650980,+3.34, +2.747, +0.163,+0.960
1580651040,+3.34, +2.726, +0.165,+0.960
1580651100,+3.34, +2.715, +0.165,+0.960
1580651160,+3.34, +2.726, +0.165,+0.960
1580651220,+3.34, +2.694, +0.165,+0.960
1580651280,+3.34, +2.747, +0.165,+0.960
1580651340,+3.34, +2.736, +0.165,+0.960
1580651400,+3.34, +2.736, +0.163,+0.960
1580651460,+3.34, +2.747, +0.165,+0.960
1580651520,+3.34, +2.726, +0.164,+0.960
1580651580,+3.34, +2.715, +0.165,+0.960
1580651640,+3.34, +2.726, +0.165,+0.960
1580651700,+3.34, +2.736, +0.164,+0.960
1580651760,+3.34, +2.736, +0.166,+0.960
1580651820,+3.34, +2.736, +0.165,+0.960
1580651880,+3.34, +2.747, +0.165,+0.960
1580651940,+3.34, +2.736, +0.163,+0.960
1580652000,+3.34, +2.747, +0.165,+0.960
1580652060,+3.34, +2.736, +0.163,+0.960
1580652120,+3.34, +2.736, +0.164,+0.960
1580652180,+3.34, +2.747, +0.164,+0.960
1580652240,+3.34, +2.694, +0.167,+0.960
1580652300,+3.34, +2.704, +0.165,+0.960
1580652360,+3.34, +2.726, +0.164,+0.960
1580652420,+3.34, +2.736, +0.164,+0.960
1580652480,+3.34, +2.736, +0.164,+0.960
1580652540,+3.34, +2.715, +0.166,+0.960
1580652600,+3.34, +2.726, +0.165,+0.960
1580652660,+3.34, +2.726, +0.165,+0.960
1580652720,+3.34, +2.736, +0.164,+0.960
1580652780,+3.34, +2.736, +0.165,+0.960
1580652840,+3.34, +2.726, +0.165,+0.960
1580652900,+3.34, +2.704, +0.164,+0.960
1580652960,+3.34, +2.704, +0.166,+0.960
1580653020,+3.34, +2.736, +0.164,+0.960
1580653080,+3.34, +2.704, +0.165,+0.960
1580653140,+3.34, +2.715, +0.165,+0.960
1580653200,+3.34, +2.747, +0.165,+0.960
1580653260,+3.34, +2.726, +0.163,+0.960
1580653320,+3.34, +2.747, +0.164,+0.960
1580653380,+3.34, +2.747, +0.164,+0.960
1580653440,+3.34, +2.736, +0.165,+0.960
1580653500,+3.34, +2.747, +0.164,+0.960
1580653560,+3.34, +2.715, +0.165,+0.960
1580653620,+3.34, +2.736, +0.166,+0.960
1580653680,+3.34, +2.736, +0.164,+0.960
1580653740,+3.34, +2.726, +0.163,+0.960
1580653800,+3.34, +2.736, +0.163,+0.960
1580653860,+3.34, +2.736, +0.167,+0.960
1580653920,+3.34, +2.715, +0.165,+0.960
1580653980,+3.34, +2.683, +0.165,+0.960
1580654040,+3.34, +2.736, +0.163,+0.960
1580654100,+3.34, +2.747, +0.163,+0.960
1580654160,+3.34, +2.726, +0.165,+0.960
1580654220,+3.34, +2.715, +0.166,+0.960
1580654280,+3.34, +2.726, +0.164,+0.960
1580654340,+3.34, +2.726, +0.166,+0.960
1580654400,+3.34, +2.715, +0.166,+0.960
1580654460,+3.34, +2.726, +0.164,+0.960
1580654520,+3.34, +2.747, +0.164,+0.960
1580654580,+3.34, +2.747, +0.164,+0.960
1580654640,+3.34, +2.747, +0.166,+0.960
1580654700,+3.34, +2.736, +0.165,+0.960
1580654760,+3.34, +2.736, +0.165,+0.960
1580654820,+3.34, +2.736, +0.164,+0.960
1580654880,+3.34, +2.736, +0.165,+0.960
1580654940,+3.34, +2.736, +0.164,+0.960
1580655000,+3.34, +2.715, +0.165,+0.960
1580655060,+3.34, +2.736, +0.163,+0.960
1580655120,+3.34, +2.715, +0.165,+0.960
1580655180,+3.34, +2.736, +0.165,+0.960
1580655240,+3.34, +2.715, +0.165,+0.960
1580655300,+3.34, +2.747, +0.165,+0.960
1580655360,+3.34, +2.704, +0.164,+0.960
1580655420,+3.34, +2.736, +0.163,+0.960
1580655480,+3.34, +2.758, +0.164,+0.960
1580655540,+3.34, +2.747, +0.165,+0.960
1580655600,+3.34, +2.747, +0.164,+0.960
1580655660,+3.34, +2.736, +0.164,+0.960
1580655720,+3.34, +2.747, +0.164,+0.960
1580655780,+3.34, +2.779, +0.164,+0.960
1580655840,+3.34, +2.726, +0.166,+0.960
1580655900,+3.34, +2.768, +0.165,+0.960
1580655960,+3.34, +2.704, +0.165,+0.960
1580656020,+3.34, +2.747, +0.166,+0.960
1580656080,+3.34, +2.790, +0.165,+0.960
1580656140,+3.34, +2.726, +0.166,+0.960
1580656200,+3.34, +2.726, +0.165,+0.960
1580656260,+3.34, +2.747, +0.164,+0.960
1580656320,+3.34, +2.726, +0.165,+0.960
1580656380,+3.34, +2.747, +0.165,+0.960
1580656440,+3.34, +2.758, +0.164,+0.960
1580656500,+3.34, +2.736, +0.165,+0.960
1580656560,+3.34, +2.715, +0.164,+0.960
1580656620,+3.34, +2.726, +0.166,+0.960
1580656680,+3.34, +2.747, +0.164,+0.960
1580656740,+3.34, +2.726, +0.164,+0.960
1580656800,+3.34, +2.715, +0.166,+0.960
1580656860,+3.34, +2.736, +0.164,+0.960
1580656920,+3.34, +2.726, +0.165,+0.960
1580656980,+3.34, +2.715, +0.164,+0.960
1580657040,+3.34, +2.726, +0.165,+0.960
1580657100,+3.34, +2.726, +0.164,+0.960
1580657160,+3.34, +2.726, +0.165,+0.960
1580657220,+3.34, +2.758, +0.164,+0.960
1580657280,+3.34, +2.715, +0.166,+0.960
1580657340,+3.34, +2.715, +0.165,+0.960
1580657400,+3.34, +2.726, +0.164,+0.960
1580657460,+3.34, +2.726, +0.166,+0.960
1580657520,+3.34, +2.779, +0.164,+0.960
1580657580,+3.34, +2.726, +0.165,+0.960
1580657640,+3.34, +2.736, +0.166,+0.960
1580657700,+3.34, +2.726, +0.164,+0.960
1580657760,+3.34, +2.726, +0.164,+0.960
1580657820,+3.34, +2.747, +0.167,+0.960
1580657880,+3.34, +2.726, +0.164,+0.960
1580657940,+3.34, +2.704, +0.165,+0.960
1580658000,+3.34, +2.726, +0.167,+0.960
1580658060,+3.34, +2.715, +0.165,+0.960
1580658120,+3.34, +2.726, +0.164,+0.960
1580658180,+3.34, +2.736, +0.164,+0.960
1580658240,+3.34, +2.747, +0.165,+0.960
1580658300,+3.34, +2.736, +0.164,+0.960
1580658360,+3.34, +2.736, +0.164,+0.960
1580658420,+3.34, +2.726, +0.165,+0.960
1580658480,+3.34, +2.726, +0.165,+0.960
1580658540,+3.34, +2.736, +0.165,+0.960
1580658600,+3.34, +2.726, +0.166,+0.960
1580658660,+3.34, +2.726, +0.164,+0.960
1580658720,+3.34, +2.715, +0.166,+0.960
1580658780,+3.34, +2.726, +0.163,+0.960
1580658840,+3.34, +2.694, +0.166,+0.960
1580658900,+3.34, +2.726, +0.165,+0.960
1580658960,+3.34, +2.715, +0.166,+0.960
1580659020,+3.34, +2.683, +0.166,+0.960
1580659080,+3.34, +2.747, +0.165,+0.960
1580659140,+3.34, +2.704, +0.165,+0.960
1580659200,+3.34, +2.715, +0.164,+0.960
1580659260,+3.34, +2.704, +0.165,+0.960
1580659320,+3.34, +2.736, +0.165,+0.960
1580659380,+3.34, +2.683, +0.165,+0.960
1580659440,+3.34, +2.715, +0.165,+0.960
1580659500,+3.34, +2.715, +0.166,+0.960
1580659560,+3.34, +2.736, +0.165,+0.960
1580659620,+3.34, +2.715, +0.164,+0.960
1580659680,+3.34, +2.736, +0.164,+0.960
1580659740,+3.34, +2.736, +0.164,+0.960
1580659800,+3.34, +2.747, +0.163,+0.960
1580659860,+3.34, +2.736, +0.165,+0.960
1580659920,+3.34, +2.715, +0.165,+0.960
1580659980,+3.34, +2.704, +0.165,+0.960
1580660040,+3.34, +2.715, +0.165,+0.960
1580660100,+3.34, +2.715, +0.164,+0.960
1580660160,+3.34, +2.726, +0.166,+0.960
1580660220,+3.34, +2.747, +0.164,+0.960
1580660280,+3.34, +2.715, +0.166,+0.960
1580660340,+3.34, +2.736, +0.165,+0.960
1580660400,+3.34, +2.704, +0.164,+0.960
1580660460,+3.34, +2.726, +0.166,+0.960
1580660520,+3.34, +2.683, +0.167,+0.960
1580660580,+3.34, +2.726, +0.165,+0.960
1580660640,+3.34, +2.704, +0.166,+0.960
1580660700,+3.34, +2.726, +0.164,+0.960
1580660760,+3.34, +2.715, +0.165,+0.960
1580660820,+3.34, +2.726, +0.165,+0.960
1580660880,+3.34, +2.715, +0.166,+0.960
1580660940,+3.34, +2.715, +0.166,+0.960
1580661000,+3.34, +2.726, +0.165,+0.960
1580661060,+3.34, +2.736, +0.165,+0.960
1580661120,+3.34, +2.715, +0.164,+0.960
1580661180,+3.34, +2.747, +0.163,+0.960
1580661240,+3.34, +2.704, +0.167,+0.960
1580661300,+3.34, +2.736, +0.164,+0.960
1580661360,+3.34, +2.736, +0.165,+0.960
1580661420,+3.34, +2.726, +0.165,+0.960
1580661480,+3.34, +2.704, +0.164,+0.960
1580661540,+3.34, +2.726, +0.165,+0.960
1580661600,+3.34, +2.715, +0.165,+0.960
1580661660,+3.34, +2.661, +0.165,+0.960
1580661720,+3.34, +2.736, +0.165,+0.960
1580661780,+3.34, +2.736, +0.165,+0.960
1580661840,+3.34, +2.726, +0.165,+0.960
1580661900,+3.34, +2.726, +0.163,+0.960
1580661960,+3.34, +2.715, +0.165,+0.960
1580662020,+3.34, +2.726, +0.165,+0.960
1580662080,+3.34, +2.726, +0.164,+0.960
1580662140,+3.34, +2.736, +0.164,+0.960
1580662200,+3.34, +2.736, +0.164,+0.960
1580662260,+3.34, +2.736, +0.165,+0.960
1580662320,+3.34, +2.726, +0.167,+0.960
1580662380,+3.34, +2.704, +0.165,+0.960
1580662440,+3.34, +2.726, +0.165,+0.960
1580662500,+3.34, +2.726, +0.165,+0.960
1580662560,+3.34, +2.726, +0.166,+0.960
1580662620,+3.34, +2.694, +0.164,+0.960
1580662680,+3.34, +2.715, +0.163,+0.960
1580662740,+3.34, +2.704, +0.164,+0.960
1580662800,+3.34, +2.715, +0.165,+0.960
1580662860,+3.34, +2.715, +0.164,+0.960
1580662920,+3.34, +2.726, +0.163,+0.960
1580662980,+3.34, +2.726, +0.166,+0.960
1580663040,+3.34, +2.726, +0.164,+0.960
1580663100,+3.34, +2.715, +0.166,+0.960
1580663160,+3.34, +2.726, +0.164,+0.960
1580663220,+3.34, +2.704, +0.165,+0.960
1580663280,+3.34, +2.736, +0.166,+0.960
1580663340,+3.34, +2.726, +0.165,+0.960
1580663400,+3.34, +2.736, +0.164,+0.960
1580663460,+3.34, +2.736, +0.165,+0.960
1580663520,+3.34, +2.726, +0.167,+0.960
1580663580,+3.34, +2.715, +0.165,+0.960
1580663640,+3.34, +2.736, +0.164,+0.960
1580663700,+3.34, +2.736, +0.166,+0.960
1580663760,+3.34, +2.715, +0.166,+0.960
1580663820,+3.34, +2.704, +0.164,+0.960
1580663880,+3.34, +2.726, +0.164,+0.960
1580663940,+3.34, +2.704, +0.165,+0.960
1580664000,+3.34, +2.715, +0.166,+0.960
1580664060,+3.34, +2.715, +0.165,+0.960
1580664120,+3.34, +2.704, +0.165,+0.960
1580664180,+3.34, +2.747, +0.164,+0.960
1580664240,+3.34, +2.726, +0.165,+0.960
1580664300,+3.34, +2.726, +0.164,+0.960
1580664360,+3.34, +2.704, +0.166,+0.960
1580664420,+3.34, +2.726, +0.166,+0.960
1580664480,+3.34, +2.736, +0.164,+0.960
1580664540,+3.34, +2.726, +0.165,+0.960
1580664600,+3.34, +2.683, +0.166,+0.960
1580664660,+3.34, +2.715, +0.163,+0.960
1580664720,+3.34, +2.747, +0.165,+0.960
1580664780,+3.34, +2.694, +0.165,+0.960
1580664840,+3.34, +2.736, +0.165,+0.960
1580664900,+3.34, +2.726, +0.164,+0.960
1580664960,+3.34, +2.704, +0.166,+0.960
1580665020,+3.34, +2.726, +0.165,+0.960
1580665080,+3.34, +2.726, +0.164,+0.960
1580665140,+3.34, +2.736, +0.166,+0.960
1580665200,+3.34, +2.747, +0.165,+0.960
1580665260,+3.34, +2.736, +0.164,+0.960
1580665320,+3.34, +2.715, +0.167,+0.960
1580665380,+3.34, +2.694, +0.165,+0.960
1580665440,+3.34, +2.747, +0.163,+0.960
1580665500,+3.34, +2.747, +0.165,+0.960
1580665560,+3.34, +2.715, +0.164,+0.960
1580665620,+3.34, +2.736, +0.167,+0.960
1580665680,+3.34, +2.704, +0.166,+0.960
1580665740,+3.34, +2.704, +0.164,+0.960
1580665800,+3.34, +2.726, +0.164,+0.960
1580665860,+3.34, +2.726, +0.164,+0.960
1580665920,+3.34, +2.704, +0.165,+0.960
1580665980,+3.34, +2.726, +0.165,+0.960
1580666040,+3.34, +2.715, +0.165,+0.960
1580666100,+3.34, +2.726, +0.164,+0.960
1580666160,+3.34, +2.736, +0.164,+0.960
1580666220,+3.34, +2.704, +0.164,+0.960
1580666280,+3.34, +2.736, +0.164,+0.960
1580666340,+3.34, +2.726, +0.165,+0.960
1580666400,+3.34, +2.736, +0.163,+0.960
1580666460,+3.34, +2.726, +0.164,+0.960
1580666520,+3.34, +2.736, +0.164,+0.960
1580666580,+3.34, +2.704, +0.165,+0.960
1580666640,+3.34, +2.758, +0.163,+0.960
1580666700,+3.34, +2.726, +0.164,+0.960
1580666760,+3.34, +2.747, +0.164,+0.960
1580666820,+3.34, +2.715, +0.165,+0.960
1580666880,+3.34, +2.726, +0.164,+0.960
1580666940,+3.34, +2.736, +0.164,+0.960
1580667000,+3.34, +2.747, +0.164,+0.960
1580667060,+3.33, +2.715, +0.166,+0.960
1580667120,+3.34, +2.694, +0.165,+0.960
1580667180,+3.34, +2.715, +0.166,+0.960
1580667240,+3.34, +2.736, +0.164,+0.960
1580667300,+3.34, +2.715, +0.165,+0.960
1580667360,+3.34, +2.704, +0.166,+0.960
1580667420,+3.34, +2.715, +0.166,+0.960
1580667480,+3.34, +2.704, +0.165,+0.960
1580667540,+3.34, +2.704, +0.164,+0.960
1580667600,+3.34, +2.726, +0.165,+0.960
1580667660,+3.34, +2.715, +0.164,+0.960
1580667720,+3.34, +2.736, +0.165,+0.960
1580667780,+3.34, +2.715, +0.165,+0.960
1580667840,+3.34, +2.747, +0.164,+0.960
1580667900,+3.34, +2.726, +0.165,+0.960
1580667960,+3.34, +2.694, +0.167,+0.960
1580668020,+3.34, +2.704, +0.165,+0.960
1580668080,+3.34, +2.747, +0.165,+0.960
1580668140,+3.34, +2.715, +0.164,+0.960
1580668200,+3.34, +2.726, +0.166,+0.960
1580668260,+3.34, +2.715, +0.165,+0.960
1580668320,+3.34, +2.726, +0.164,+0.960
1580668380,+3.34, +2.736, +0.163,+0.960
1580668440,+3.34, +2.736, +0.167,+0.960
1580668500,+3.34, +2.715, +0.166,+0.960
1580668560,+3.34, +2.715, +0.164,+0.960
1580668620,+3.34, +2.715, +0.162,+0.959
1580668680,+3.34, +2.715, +0.165,+0.960
1580668740,+3.34, +2.726, +0.166,+0.960
1580668800,+3.34, +2.704, +0.165,+0.960
1580668860,+3.34, +2.715, +0.165,+0.960
1580668920,+3.34, +2.726, +0.165,+0.960
1580668980,+3.34, +2.704, +0.166,+0.960
1580669040,+3.34, +2.704, +0.166,+0.960
1580669100,+3.34, +2.747, +0.163,+0.960
1580669160,+3.34, +2.736, +0.164,+0.960
1580669220,+3.34, +2.726, +0.164,+0.960
1580669280,+3.34, +2.715, +0.166,+0.960
1580669340,+3.34, +2.726, +0.164,+0.960
1580669400,+3.34, +2.704, +0.164,+0.960
1580669460,+3.34, +2.715, +0.165,+0.960
1580669520,+3.34, +2.715, +0.164,+0.960
1580669580,+3.34, +2.715, +0.166,+0.960
1580669640,+3.34, +2.726, +0.164,+0.960
1580669700,+3.34, +2.726, +0.165,+0.960
1580669760,+3.34, +2.704, +0.166,+0.960
1580669820,+3.34, +2.672, +0.167,+0.960
1580669880,+3.34, +2.768, +0.164,+0.960
1580669940,+3.34, +2.726, +0.164,+0.960
1580670000,+3.34, +2.747, +0.165,+0.960
1580670060,+3.34, +2.726, +0.163,+0.960
1580670120,+3.34, +2.715, +0.164,+0.960
1580670180,+3.34, +2.736, +0.165,+0.960
1580670240,+3.34, +2.726, +0.163,+0.960
1580670300,+3.34, +2.726, +0.164,+0.960
1580670360,+3.34, +2.726, +0.164,+0.960
1580670420,+3.34, +2.715, +0.164,+0.960
1580670480,+3.34, +2.715, +0.165,+0.960
1580670540,+3.34, +2.715, +0.165,+0.960
1580670600,+3.34, +2.715, +0.164,+0.960
1580670660,+3.34, +2.704, +0.164,+0.960
1580670720,+3.34, +2.715, +0.165,+0.960
1580670780,+3.34, +2.726, +0.167,+0.960
1580670840,+3.34, +2.715, +0.165,+0.960
1580670900,+3.34, +2.715, +0.163,+0.960
1580670960,+3.34, +2.736, +0.165,+0.960
1580671020,+3.34, +2.726, +0.166,+0.960
1580671080,+3.34, +2.715, +0.165,+0.960
1580671140,+3.34, +2.726, +0.165,+0.960
1580671200,+3.34, +2.694, +0.166,+0.960
1580671260,+3.34, +2.726, +0.163,+0.960
1580671320,+3.34, +2.704, +0.165,+0.960
1580671380,+3.34, +2.704, +0.165,+0.960
1580671440,+3.34, +2.747, +0.163,+0.960
1580671500,+3.34, +2.704, +0.165,+0.960
1580671560,+3.34, +2.726, +0.164,+0.960
1580671620,+3.34, +2.715, +0.165,+0.960
1580671680,+3.34, +2.726, +0.164,+0.960
1580671740,+3.34, +2.726, +0.166,+0.960
1580671800,+3.34, +2.704, +0.167,+0.960
1580671860,+3.34, +2.704, +0.165,+0.960
1580671920,+3.34, +2.736, +0.165,+0.960
1580671980,+3.34, +2.736, +0.164,+0.960
1580672040,+3.34, +2.661, +0.166,+0.960
1580672100,+3.34, +2.726, +0.165,+0.960
1580672160,+3.34, +2.672, +0.166,+0.960
1580672220,+3.34, +2.726, +0.166,+0.960
1580672280,+3.34, +2.715, +0.165,+0.960
1580672340,+3.34, +2.736, +0.166,+0.960
1580672400,+3.34, +2.726, +0.164,+0.960
1580672460,+3.34, +2.736, +0.166,+0.960
1580672520,+3.34, +2.694, +0.166,+0.960
1580672580,+3.34, +2.715, +0.166,+0.960
1580672640,+3.34, +2.715, +0.164,+0.960
1580672700,+3.34, +2.736, +0.163,+0.960
1580672760,+3.34, +2.726, +0.164,+0.960
1580672820,+3.34, +2.715, +0.165,+0.960
1580672880,+3.34, +2.715, +0.166,+0.960
1580672940,+3.34, +2.715, +0.164,+0.960
1580673000,+3.34, +2.726, +0.163,+0.960
1580673060,+3.34, +2.726, +0.166,+0.960
1580673120,+3.34, +2.726, +0.164,+0.960
1580673180,+3.34, +2.736, +0.164,+0.960
1580673240,+3.34, +2.736, +0.165,+0.960
1580673300,+3.34, +2.726, +0.164,+0.960
1580673360,+3.34, +2.726, +0.164,+0.960
1580673420,+3.34, +2.736, +0.165,+0.960
1580673480,+3.34, +2.704, +0.166,+0.960
1580673540,+3.34, +2.726, +0.163,+0.960
1580673600,+3.34, +2.726, +0.167,+0.960
1580673660,+3.34, +2.726, +0.165,+0.960
1580673720,+3.34, +2.726, +0.165,+0.960
1580673780,+3.34, +2.715, +0.166,+0.960
1580673840,+3.34, +2.704, +0.164,+0.960
1580673900,+3.34, +2.704, +0.164,+0.960
1580673960,+3.34, +2.694, +0.165,+0.960
1580674020,+3.34, +2.726, +0.165,+0.960
1580674080,+3.34, +2.715, +0.165,+0.960
1580674140,+3.34, +2.726, +0.165,+0.960
1580674200,+3.34, +2.726, +0.166,+0.960
1580674260,+3.34, +2.715, +0.165,+0.960
1580674320,+3.34, +2.726, +0.165,+0.960
1580674380,+3.34, +2.704, +0.164,+0.960
1580674440,+3.34, +2.715, +0.165,+0.960
1580674500,+3.34, +2.736, +0.166,+0.960
1580674560,+3.34, +2.715, +0.164,+0.960
1580674620,+3.34, +2.715, +0.166,+0.960
1580674680,+3.34, +2.694, +0.166,+0.960
1580674740,+3.34, +2.715, +0.164,+0.960
1580674800,+3.34, +2.726, +0.165,+0.960
1580674860,+3.34, +2.704, +0.165,+0.960
1580674920,+3.34, +2.704, +0.165,+0.960
1580674980,+3.34, +2.694, +0.166,+0.960
1580675040,+3.34, +2.726, +0.165,+0.960
1580675100,+3.34, +2.726, +0.165,+0.960
1580675160,+3.34, +2.726, +0.165,+0.960
1580675220,+3.34, +2.704, +0.166,+0.960
1580675280,+3.34, +2.726, +0.164,+0.960
1580675340,+3.34, +2.715, +0.165,+0.960
1580675400,+3.34, +2.694, +0.165,+0.960
1580675460,+3.34, +2.715, +0.165,+0.960
1580675520,+3.34, +2.704, +0.167,+0.960
1580675580,+3.34, +2.704, +0.165,+0.960
1580675640,+3.34, +2.726, +0.164,+0.960
1580675700,+3.34, +2.715, +0.165,+0.960
1580675760,+3.34, +2.715, +0.165,+0.960
1580675820,+3.34, +2.694, +0.166,+0.960
1580675880,+3.34, +2.715, +0.166,+0.960
1580675940,+3.34, +2.747, +0.164,+0.960
1580676000,+3.34, +2.694, +0.165,+0.960
1580676060,+3.34, +2.715, +0.167,+0.960
1580676120,+3.34, +2.694, +0.165,+0.960
1580676180,+3.34, +2.726, +0.165,+0.960
1580676240,+3.34, +2.694, +0.166,+0.960
1580676300,+3.34, +2.726, +0.166,+0.960
1580676360,+3.34, +2.715, +0.165,+0.960
1580676420,+3.34, +2.694, +0.165,+0.960
1580676480,+3.34, +2.704, +0.165,+0.960
1580676540,+3.34, +2.726, +0.163,+0.960
1580676600,+3.34, +2.715, +0.165,+0.960
