7392-570653
OS REV: 1.11 Sensor Cal: 1428445788
Time (sec),  BV (Volts),  T (deg C),  DO (mg/l),  Q ()
1579985460,+3.34, +2.907, +0.165,+0.960
1579985520,+3.34, +2.918, +0.162,+0.960
1579985580,+3.34, +2.907, +0.164,+0.960
1579985640,+3.34, +2.897, +0.164,+0.960
1579985700,+3.34, +2.897, +0.164,+0.960
1579985760,+3.34, +2.928, +0.162,+0.960
1579985820,+3.34, +2.907, +0.165,+0.960
1579985880,+3.34, +2.897, +0.164,+0.960
1579985940,+3.34, +2.918, +0.164,+0.960
1579986000,+3.34, +2.907, +0.164,+0.960
1579986060,+3.34, +2.928, +0.164,+0.960
1579986120,+3.34, +2.918, +0.164,+0.960
1579986180,+3.34, +2.960, +0.163,+0.960
1579986240,+3.34, +2.918, +0.162,+0.960
1579986300,+3.34, +2.907, +0.163,+0.960
1579986360,+3.34, +2.928, +0.163,+0.960
1579986420,+3.34, +2.928, +0.162,+0.960
1579986480,+3.34, +2.918, +0.163,+0.960
1579986540,+3.34, +2.918, +0.163,+0.960
1579986600,+3.34, +2.918, +0.163,+0.960
1579986660,+3.34, +2.918, +0.164,+0.960
1579986720,+3.34, +2.897, +0.163,+0.960
1579986780,+3.34, +2.939, +0.162,+0.960
1579986840,+3.34, +2.928, +0.164,+0.960
1579986900,+3.34, +2.918, +0.163,+0.960
1579986960,+3.34, +2.918, +0.164,+0.960
1579987020,+3.34, +2.907, +0.164,+0.960
1579987080,+3.34, +2.918, +0.165,+0.960
1579987140,+3.34, +2.939, +0.163,+0.960
1579987200,+3.34, +2.907, +0.165,+0.960
1579987260,+3.35, +2.928, +0.162,+0.960
1579987320,+3.34, +2.897, +0.164,+0.960
1579987380,+3.34, +2.939, +0.165,+0.960
1579987440,+3.34, +2.918, +0.164,+0.960
1579987500,+3.34, +2.907, +0.164,+0.960
1579987560,+3.34, +2.939, +0.162,+0.960
1579987620,+3.34, +2.918, +0.163,+0.960
1579987680,+3.34, +2.897, +0.166,+0.960
1579987740,+3.34, +2.918, +0.164,+0.960
1579987800,+3.34, +2.886, +0.164,+0.960
1579987860,+3.34, +2.907, +0.163,+0.960
1579987920,+3.34, +2.928, +0.162,+0.960
1579987980,+3.34, +2.907, +0.163,+0.960
1579988040,+3.34, +2.897, +0.163,+0.960
1579988100,+3.34, +2.918, +0.162,+0.960
1579988160,+3.34, +2.918, +0.163,+0.960
1579988220,+3.34, +2.907, +0.164,+0.960
1579988280,+3.34, +2.918, +0.164,+0.960
1579988340,+3.34, +2.907, +0.163,+0.960
1579988400,+3.34, +2.897, +0.164,+0.960
1579988460,+3.34, +2.907, +0.166,+0.960
1579988520,+3.34, +2.918, +0.162,+0.960
1579988580,+3.34, +2.907, +0.164,+0.960
1579988640,+3.34, +2.928, +0.162,+0.960
1579988700,+3.34, +2.928, +0.163,+0.960
1579988760,+3.34, +2.918, +0.163,+0.960
1579988820,+3.34, +2.918, +0.165,+0.960
1579988880,+3.34, +2.928, +0.162,+0.960
1579988940,+3.34, +2.918, +0.164,+0.960
1579989000,+3.34, +2.928, +0.163,+0.960
1579989060,+3.34, +2.939, +0.164,+0.960
1579989120,+3.34, +2.928, +0.164,+0.960
1579989180,+3.34, +2.918, +0.163,+0.960
1579989240,+3.34, +2.907, +0.163,+0.960
1579989300,+3.34, +2.918, +0.164,+0.960
1579989360,+3.34, +2.907, +0.162,+0.960
1579989420,+3.34, +2.928, +0.163,+0.960
1579989480,+3.34, +2.918, +0.164,+0.960
1579989540,+3.34, +2.971, +0.163,+0.960
1579989600,+3.34, +2.918, +0.163,+0.960
1579989660,+3.34, +2.897, +0.163,+0.960
1579989720,+3.34, +2.918, +0.163,+0.960
1579989780,+3.34, +2.907, +0.164,+0.960
1579989840,+3.34, +2.907, +0.163,+0.960
1579989900,+3.34, +2.897, +0.164,+0.960
1579989960,+3.34, +2.918, +0.163,+0.960
1579990020,+3.34, +2.886, +0.164,+0.960
1579990080,+3.34, +2.918, +0.164,+0.960
1579990140,+3.34, +2.897, +0.163,+0.960
1579990200,+3.34, +2.897, +0.163,+0.960
1579990260,+3.34, +2.907, +0.162,+0.960
1579990320,+3.34, +2.897, +0.164,+0.960
1579990380,+3.34, +2.928, +0.164,+0.960
1579990440,+3.34, +2.897, +0.163,+0.960
1579990500,+3.34, +2.918, +0.163,+0.960
1579990560,+3.34, +2.907, +0.163,+0.960
1579990620,+3.34, +2.897, +0.165,+0.960
1579990680,+3.34, +2.897, +0.163,+0.960
1579990740,+3.34, +2.928, +0.163,+0.960
1579990800,+3.34, +2.939, +0.164,+0.960
1579990860,+3.34, +2.907, +0.162,+0.960
1579990920,+3.34, +2.939, +0.162,+0.960
1579990980,+3.34, +2.897, +0.163,+0.960
1579991040,+3.34, +2.907, +0.164,+0.960
1579991100,+3.34, +2.928, +0.163,+0.960
1579991160,+3.34, +2.939, +0.163,+0.960
1579991220,+3.34, +2.886, +0.163,+0.960
1579991280,+3.34, +2.928, +0.163,+0.960
1579991340,+3.34, +2.907, +0.164,+0.960
1579991400,+3.34, +2.939, +0.163,+0.960
1579991460,+3.34, +2.928, +0.162,+0.960
1579991520,+3.34, +2.918, +0.162,+0.960
1579991580,+3.34, +2.907, +0.163,+0.960
1579991640,+3.34, +2.928, +0.163,+0.960
1579991700,+3.34, +2.939, +0.164,+0.960
1579991760,+3.34, +2.907, +0.163,+0.960
1579991820,+3.34, +2.918, +0.163,+0.960
1579991880,+3.34, +2.918, +0.163,+0.960
1579991940,+3.34, +2.907, +0.162,+0.960
1579992000,+3.34, +2.939, +0.163,+0.960
1579992060,+3.34, +2.918, +0.162,+0.960
1579992120,+3.34, +2.897, +0.164,+0.960
1579992180,+3.34, +2.928, +0.164,+0.960
1579992240,+3.34, +2.897, +0.163,+0.960
1579992300,+3.34, +2.907, +0.165,+0.960
1579992360,+3.34, +2.918, +0.162,+0.960
1579992420,+3.34, +2.918, +0.163,+0.960
1579992480,+3.34, +2.928, +0.164,+0.960
1579992540,+3.34, +2.886, +0.165,+0.960
1579992600,+3.34, +2.928, +0.164,+0.960
1579992660,+3.35, +2.897, +0.163,+0.960
1579992720,+3.34, +2.875, +0.163,+0.959
1579992780,+3.34, +2.907, +0.163,+0.960
1579992840,+3.34, +2.928, +0.164,+0.960
1579992900,+3.34, +2.939, +0.163,+0.960
1579992960,+3.34, +2.897, +0.164,+0.960
1579993020,+3.34, +2.918, +0.164,+0.960
1579993080,+3.34, +2.918, +0.161,+0.960
1579993140,+3.34, +2.918, +0.162,+0.960
1579993200,+3.34, +2.918, +0.164,+0.960
1579993260,+3.34, +2.907, +0.162,+0.960
1579993320,+3.34, +2.918, +0.164,+0.960
1579993380,+3.34, +2.886, +0.164,+0.960
1579993440,+3.34, +2.939, +0.163,+0.960
1579993500,+3.34, +2.907, +0.165,+0.960
1579993560,+3.34, +2.907, +0.163,+0.960
1579993620,+3.34, +2.939, +0.162,+0.960
1579993680,+3.34, +2.918, +0.163,+0.960
1579993740,+3.34, +2.907, +0.164,+0.960
1579993800,+3.34, +2.928, +0.165,+0.960
1579993860,+3.34, +2.918, +0.164,+0.960
1579993920,+3.34, +2.918, +0.162,+0.960
1579993980,+3.34, +2.907, +0.163,+0.960
1579994040,+3.34, +2.907, +0.162,+0.960
1579994100,+3.34, +2.918, +0.164,+0.960
1579994160,+3.34, +2.897, +0.163,+0.960
1579994220,+3.34, +2.907, +0.163,+0.960
1579994280,+3.34, +2.907, +0.164,+0.960
1579994340,+3.34, +2.918, +0.165,+0.960
1579994400,+3.34, +2.918, +0.163,+0.960
1579994460,+3.34, +2.928, +0.161,+0.960
1579994520,+3.34, +2.928, +0.163,+0.960
1579994580,+3.34, +2.907, +0.164,+0.960
1579994640,+3.34, +2.918, +0.163,+0.960
1579994700,+3.34, +2.918, +0.165,+0.960
1579994760,+3.34, +2.950, +0.163,+0.960
1579994820,+3.35, +2.918, +0.163,+0.960
1579994880,+3.34, +2.939, +0.164,+0.960
1579994940,+3.34, +2.897, +0.162,+0.960
1579995000,+3.35, +2.907, +0.164,+0.960
1579995060,+3.34, +2.928, +0.163,+0.960
1579995120,+3.34, +2.918, +0.162,+0.960
1579995180,+3.34, +2.907, +0.166,+0.960
1579995240,+3.34, +2.897, +0.164,+0.960
1579995300,+3.34, +2.918, +0.162,+0.960
1579995360,+3.34, +2.918, +0.164,+0.960
1579995420,+3.34, +2.907, +0.164,+0.960
1579995480,+3.34, +2.897, +0.163,+0.960
1579995540,+3.34, +2.918, +0.164,+0.960
1579995600,+3.34, +2.918, +0.163,+0.960
1579995660,+3.34, +2.897, +0.164,+0.960
1579995720,+3.34, +2.886, +0.164,+0.960
1579995780,+3.34, +2.886, +0.165,+0.960
1579995840,+3.34, +2.918, +0.163,+0.960
1579995900,+3.34, +2.928, +0.164,+0.960
1579995960,+3.34, +2.907, +0.162,+0.960
1579996020,+3.34, +2.918, +0.163,+0.960
1579996080,+3.34, +2.918, +0.162,+0.960
1579996140,+3.34, +2.907, +0.163,+0.960
1579996200,+3.34, +2.907, +0.164,+0.960
1579996260,+3.34, +2.907, +0.164,+0.960
1579996320,+3.34, +2.918, +0.163,+0.960
1579996380,+3.34, +2.939, +0.162,+0.960
1579996440,+3.34, +2.907, +0.165,+0.960
1579996500,+3.34, +2.918, +0.163,+0.960
1579996560,+3.34, +2.907, +0.163,+0.960
1579996620,+3.34, +2.918, +0.163,+0.960
1579996680,+3.34, +2.918, +0.164,+0.960
1579996740,+3.34, +2.918, +0.161,+0.960
1579996800,+3.34, +2.918, +0.164,+0.960
1579996860,+3.34, +2.907, +0.163,+0.960
1579996920,+3.34, +2.928, +0.162,+0.960
1579996980,+3.34, +2.907, +0.164,+0.960
1579997040,+3.34, +2.918, +0.164,+0.960
1579997100,+3.34, +2.918, +0.164,+0.960
1579997160,+3.34, +2.918, +0.163,+0.960
1579997220,+3.34, +2.907, +0.163,+0.960
1579997280,+3.34, +2.918, +0.164,+0.960
1579997340,+3.34, +2.918, +0.163,+0.960
1579997400,+3.34, +2.918, +0.163,+0.960
1579997460,+3.34, +2.918, +0.162,+0.960
1579997520,+3.34, +2.918, +0.163,+0.960
1579997580,+3.34, +2.897, +0.164,+0.960
1579997640,+3.34, +2.907, +0.163,+0.960
1579997700,+3.34, +2.918, +0.163,+0.960
1579997760,+3.34, +2.875, +0.162,+0.960
1579997820,+3.34, +2.907, +0.163,+0.960
1579997880,+3.35, +2.918, +0.163,+0.960
1579997940,+3.34, +2.918, +0.164,+0.960
1579998000,+3.34, +2.907, +0.165,+0.960
1579998060,+3.34, +2.897, +0.162,+0.960
1579998120,+3.34, +2.918, +0.165,+0.960
1579998180,+3.34, +2.897, +0.162,+0.960
1579998240,+3.34, +2.918, +0.164,+0.960
1579998300,+3.34, +2.907, +0.164,+0.960
1579998360,+3.34, +2.907, +0.163,+0.960
1579998420,+3.34, +2.918, +0.165,+0.960
1579998480,+3.34, +2.918, +0.165,+0.960
1579998540,+3.34, +2.918, +0.164,+0.960
1579998600,+3.34, +2.928, +0.164,+0.960
1579998660,+3.34, +2.928, +0.163,+0.960
1579998720,+3.34, +2.907, +0.164,+0.960
1579998780,+3.34, +2.907, +0.163,+0.960
1579998840,+3.34, +2.918, +0.164,+0.960
1579998900,+3.34, +2.907, +0.162,+0.960
1579998960,+3.34, +2.907, +0.163,+0.960
1579999020,+3.34, +2.918, +0.162,+0.960
1579999080,+3.34, +2.897, +0.163,+0.960
1579999140,+3.34, +2.918, +0.164,+0.960
1579999200,+3.34, +2.907, +0.164,+0.960
1579999260,+3.34, +2.907, +0.163,+0.960
1579999320,+3.34, +2.907, +0.162,+0.960
1579999380,+3.34, +2.918, +0.165,+0.960
1579999440,+3.34, +2.886, +0.165,+0.960
1579999500,+3.34, +2.918, +0.163,+0.960
1579999560,+3.34, +2.875, +0.163,+0.959
1579999620,+3.34, +2.907, +0.162,+0.960
1579999680,+3.34, +2.907, +0.162,+0.960
1579999740,+3.34, +2.918, +0.162,+0.960
1579999800,+3.34, +2.907, +0.166,+0.960
1579999860,+3.34, +2.886, +0.164,+0.960
1579999920,+3.34, +2.897, +0.163,+0.960
1579999980,+3.34, +2.918, +0.164,+0.960
1580000040,+3.34, +2.950, +0.162,+0.960
1580000100,+3.34, +2.918, +0.163,+0.960
1580000160,+3.34, +2.907, +0.164,+0.960
1580000220,+3.34, +2.928, +0.162,+0.960
1580000280,+3.34, +2.918, +0.162,+0.960
1580000340,+3.34, +2.928, +0.163,+0.960
1580000400,+3.34, +2.939, +0.164,+0.960
1580000460,+3.34, +2.907, +0.163,+0.960
1580000520,+3.34, +2.918, +0.163,+0.960
1580000580,+3.34, +2.918, +0.164,+0.960
1580000640,+3.34, +2.907, +0.162,+0.960
1580000700,+3.34, +2.875, +0.164,+0.960
1580000760,+3.34, +2.886, +0.163,+0.960
1580000820,+3.34, +2.907, +0.164,+0.960
1580000880,+3.34, +2.918, +0.165,+0.960
1580000940,+3.34, +2.928, +0.163,+0.960
1580001000,+3.34, +2.907, +0.163,+0.960
1580001060,+3.34, +2.886, +0.162,+0.960
1580001120,+3.34, +2.907, +0.164,+0.960
1580001180,+3.34, +2.907, +0.163,+0.960
1580001240,+3.34, +2.907, +0.165,+0.960
1580001300,+3.34, +2.928, +0.166,+0.960
1580001360,+3.34, +2.950, +0.162,+0.960
1580001420,+3.34, +2.907, +0.162,+0.960
1580001480,+3.34, +2.928, +0.163,+0.960
1580001540,+3.34, +2.928, +0.163,+0.960
1580001600,+3.34, +2.918, +0.163,+0.960
1580001660,+3.34, +2.907, +0.165,+0.960
1580001720,+3.35, +2.928, +0.164,+0.960
1580001780,+3.34, +2.918, +0.163,+0.960
1580001840,+3.34, +2.875, +0.164,+0.960
1580001900,+3.34, +2.918, +0.163,+0.960
1580001960,+3.34, +2.918, +0.165,+0.960
1580002020,+3.34, +2.907, +0.163,+0.960
1580002080,+3.34, +2.918, +0.163,+0.960
1580002140,+3.34, +2.928, +0.164,+0.960
1580002200,+3.34, +2.907, +0.161,+0.960
1580002260,+3.34, +2.886, +0.163,+0.960
1580002320,+3.34, +2.918, +0.164,+0.960
1580002380,+3.34, +2.907, +0.165,+0.960
1580002440,+3.34, +2.886, +0.163,+0.960
1580002500,+3.34, +2.939, +0.163,+0.960
1580002560,+3.34, +2.918, +0.162,+0.960
1580002620,+3.34, +2.907, +0.164,+0.960
1580002680,+3.34, +2.886, +0.162,+0.960
1580002740,+3.34, +2.918, +0.161,+0.960
1580002800,+3.34, +2.907, +0.163,+0.960
1580002860,+3.34, +2.928, +0.163,+0.960
1580002920,+3.34, +2.886, +0.165,+0.960
1580002980,+3.34, +2.907, +0.164,+0.960
1580003040,+3.35, +2.897, +0.164,+0.960
1580003100,+3.34, +2.886, +0.162,+0.960
1580003160,+3.34, +2.918, +0.163,+0.960
1580003220,+3.34, +2.928, +0.164,+0.960
1580003280,+3.34, +2.907, +0.164,+0.960
1580003340,+3.34, +2.918, +0.163,+0.960
1580003400,+3.34, +2.897, +0.163,+0.960
1580003460,+3.34, +2.918, +0.166,+0.960
1580003520,+3.34, +2.907, +0.164,+0.960
1580003580,+3.34, +2.928, +0.165,+0.960
1580003640,+3.34, +2.907, +0.162,+0.960
1580003700,+3.34, +2.897, +0.163,+0.960
1580003760,+3.34, +2.939, +0.162,+0.960
1580003820,+3.34, +2.918, +0.163,+0.960
1580003880,+3.34, +2.875, +0.165,+0.960
1580003940,+3.34, +2.907, +0.163,+0.960
1580004000,+3.34, +2.907, +0.165,+0.960
1580004060,+3.34, +2.918, +0.164,+0.960
1580004120,+3.34, +2.918, +0.163,+0.960
1580004180,+3.34, +2.918, +0.163,+0.960
1580004240,+3.34, +2.907, +0.164,+0.960
1580004300,+3.34, +2.897, +0.164,+0.960
1580004360,+3.34, +2.907, +0.163,+0.960
1580004420,+3.34, +2.928, +0.163,+0.960
1580004480,+3.34, +2.897, +0.164,+0.960
1580004540,+3.34, +2.886, +0.163,+0.960
1580004600,+3.34, +2.918, +0.165,+0.960
1580004660,+3.34, +2.960, +0.162,+0.960
1580004720,+3.34, +2.897, +0.164,+0.960
1580004780,+3.34, +2.918, +0.162,+0.960
1580004840,+3.34, +2.907, +0.164,+0.960
1580004900,+3.34, +2.928, +0.164,+0.960
1580004960,+3.34, +2.918, +0.163,+0.960
1580005020,+3.34, +2.928, +0.164,+0.960
1580005080,+3.34, +2.886, +0.163,+0.960
1580005140,+3.34, +2.918, +0.163,+0.960
1580005200,+3.34, +2.897, +0.163,+0.960
1580005260,+3.34, +2.918, +0.163,+0.960
1580005320,+3.34, +2.918, +0.165,+0.960
1580005380,+3.34, +2.897, +0.164,+0.960
1580005440,+3.34, +2.918, +0.163,+0.960
1580005500,+3.34, +2.918, +0.164,+0.960
1580005560,+3.34, +2.907, +0.163,+0.960
1580005620,+3.34, +2.918, +0.163,+0.960
1580005680,+3.34, +2.928, +0.163,+0.960
1580005740,+3.34, +2.918, +0.163,+0.960
1580005800,+3.34, +2.907, +0.163,+0.960
1580005860,+3.34, +2.897, +0.163,+0.960
1580005920,+3.34, +2.886, +0.165,+0.960
1580005980,+3.34, +2.897, +0.165,+0.960
1580006040,+3.34, +2.928, +0.164,+0.960
1580006100,+3.34, +2.907, +0.164,+0.960
1580006160,+3.35, +2.907, +0.164,+0.960
1580006220,+3.34, +2.918, +0.164,+0.960
1580006280,+3.34, +2.918, +0.164,+0.960
1580006340,+3.34, +2.907, +0.164,+0.960
1580006400,+3.34, +2.907, +0.164,+0.960
1580006460,+3.34, +2.907, +0.164,+0.960
1580006520,+3.34, +2.918, +0.163,+0.960
1580006580,+3.34, +2.897, +0.163,+0.960
1580006640,+3.34, +2.918, +0.164,+0.960
1580006700,+3.34, +2.918, +0.163,+0.960
1580006760,+3.34, +2.918, +0.163,+0.960
1580006820,+3.34, +2.907, +0.164,+0.960
1580006880,+3.34, +2.928, +0.163,+0.960
1580006940,+3.34, +2.886, +0.164,+0.960
1580007000,+3.34, +2.907, +0.163,+0.960
1580007060,+3.34, +2.907, +0.163,+0.960
1580007120,+3.34, +2.918, +0.164,+0.960
1580007180,+3.34, +2.918, +0.162,+0.960
1580007240,+3.34, +2.928, +0.163,+0.960
1580007300,+3.34, +2.907, +0.162,+0.960
1580007360,+3.34, +2.928, +0.164,+0.960
1580007420,+3.34, +2.918, +0.164,+0.960
1580007480,+3.34, +2.918, +0.163,+0.960
1580007540,+3.34, +2.918, +0.164,+0.960
1580007600,+3.34, +2.939, +0.162,+0.960
1580007660,+3.34, +2.928, +0.163,+0.960
1580007720,+3.34, +2.897, +0.163,+0.960
1580007780,+3.34, +2.928, +0.164,+0.960
1580007840,+3.34, +2.918, +0.163,+0.960
1580007900,+3.34, +2.928, +0.162,+0.960
1580007960,+3.34, +2.907, +0.164,+0.960
1580008020,+3.34, +2.907, +0.164,+0.960
1580008080,+3.34, +2.907, +0.163,+0.960
1580008140,+3.34, +2.939, +0.163,+0.960
1580008200,+3.34, +2.907, +0.164,+0.960
1580008260,+3.34, +2.928, +0.165,+0.960
1580008320,+3.34, +2.928, +0.163,+0.960
1580008380,+3.35, +2.907, +0.163,+0.960
1580008440,+3.34, +2.928, +0.164,+0.960
1580008500,+3.34, +2.918, +0.164,+0.960
1580008560,+3.34, +2.918, +0.164,+0.960
1580008620,+3.34, +2.907, +0.162,+0.960
1580008680,+3.34, +2.907, +0.165,+0.960
1580008740,+3.34, +2.897, +0.165,+0.960
1580008800,+3.34, +2.897, +0.165,+0.960
1580008860,+3.34, +2.907, +0.162,+0.960
1580008920,+3.35, +2.907, +0.163,+0.960
1580008980,+3.34, +2.907, +0.164,+0.960
1580009040,+3.34, +2.907, +0.164,+0.960
1580009100,+3.34, +2.897, +0.163,+0.960
1580009160,+3.34, +2.907, +0.164,+0.960
1580009220,+3.34, +2.928, +0.164,+0.960
1580009280,+3.34, +2.907, +0.162,+0.960
1580009340,+3.34, +2.886, +0.164,+0.960
1580009400,+3.34, +2.918, +0.164,+0.960
1580009460,+3.34, +2.897, +0.164,+0.960
1580009520,+3.34, +2.897, +0.163,+0.960
1580009580,+3.34, +2.897, +0.165,+0.960
1580009640,+3.34, +2.918, +0.164,+0.960
1580009700,+3.34, +2.907, +0.163,+0.960
1580009760,+3.34, +2.928, +0.162,+0.960
1580009820,+3.34, +2.907, +0.162,+0.960
1580009880,+3.34, +2.897, +0.163,+0.960
1580009940,+3.34, +2.907, +0.162,+0.960
1580010000,+3.34, +2.907, +0.165,+0.960
1580010060,+3.34, +2.907, +0.163,+0.960
1580010120,+3.34, +2.918, +0.162,+0.960
1580010180,+3.34, +2.897, +0.163,+0.960
1580010240,+3.34, +2.907, +0.162,+0.960
1580010300,+3.34, +2.939, +0.163,+0.960
1580010360,+3.34, +2.897, +0.163,+0.960
1580010420,+3.34, +2.907, +0.165,+0.960
1580010480,+3.34, +2.907, +0.164,+0.960
1580010540,+3.34, +2.907, +0.163,+0.960
1580010600,+3.34, +2.907, +0.162,+0.960
1580010660,+3.34, +2.907, +0.161,+0.960
1580010720,+3.34, +2.907, +0.163,+0.960
1580010780,+3.34, +2.907, +0.165,+0.960
1580010840,+3.34, +2.907, +0.163,+0.960
1580010900,+3.34, +2.939, +0.164,+0.960
1580010960,+3.34, +2.897, +0.164,+0.960
1580011020,+3.34, +2.918, +0.163,+0.960
1580011080,+3.34, +2.897, +0.163,+0.960
1580011140,+3.34, +2.907, +0.164,+0.960
1580011200,+3.34, +2.918, +0.164,+0.960
1580011260,+3.34, +2.907, +0.162,+0.960
1580011320,+3.34, +2.907, +0.165,+0.960
1580011380,+3.34, +2.907, +0.163,+0.960
1580011440,+3.34, +2.918, +0.163,+0.960
1580011500,+3.34, +2.907, +0.163,+0.960
1580011560,+3.34, +2.907, +0.163,+0.960
1580011620,+3.34, +2.907, +0.163,+0.960
1580011680,+3.34, +2.928, +0.163,+0.960
1580011740,+3.34, +2.928, +0.163,+0.960
1580011800,+3.34, +2.918, +0.162,+0.960
1580011860,+3.34, +2.875, +0.163,+0.960
1580011920,+3.34, +2.907, +0.163,+0.960
1580011980,+3.34, +2.907, +0.163,+0.960
1580012040,+3.34, +2.907, +0.163,+0.960
1580012100,+3.34, +2.907, +0.162,+0.960
1580012160,+3.34, +2.928, +0.164,+0.960
1580012220,+3.34, +2.907, +0.165,+0.960
1580012280,+3.34, +2.907, +0.164,+0.960
1580012340,+3.34, +2.907, +0.163,+0.960
1580012400,+3.34, +2.928, +0.163,+0.960
1580012460,+3.34, +2.897, +0.163,+0.960
1580012520,+3.34, +2.928, +0.164,+0.960
1580012580,+3.34, +2.875, +0.164,+0.960
1580012640,+3.35, +2.907, +0.162,+0.960
1580012700,+3.34, +2.897, +0.162,+0.959
1580012760,+3.34, +2.918, +0.163,+0.960
1580012820,+3.34, +2.886, +0.164,+0.960
1580012880,+3.34, +2.907, +0.163,+0.960
1580012940,+3.34, +2.918, +0.164,+0.960
1580013000,+3.34, +2.918, +0.164,+0.960
1580013060,+3.34, +2.918, +0.163,+0.960
1580013120,+3.34, +2.897, +0.164,+0.960
1580013180,+3.34, +2.907, +0.163,+0.960
1580013240,+3.34, +2.918, +0.163,+0.960
1580013300,+3.34, +2.918, +0.163,+0.960
1580013360,+3.34, +2.918, +0.165,+0.960
1580013420,+3.34, +2.928, +0.165,+0.960
1580013480,+3.34, +2.897, +0.165,+0.960
1580013540,+3.34, +2.907, +0.162,+0.960
1580013600,+3.34, +2.918, +0.164,+0.960
1580013660,+3.34, +2.907, +0.162,+0.960
1580013720,+3.34, +2.918, +0.163,+0.960
1580013780,+3.34, +2.897, +0.163,+0.960
1580013840,+3.34, +2.897, +0.163,+0.960
1580013900,+3.34, +2.918, +0.164,+0.960
1580013960,+3.35, +2.918, +0.162,+0.960
1580014020,+3.34, +2.875, +0.164,+0.960
1580014080,+3.34, +2.897, +0.163,+0.960
1580014140,+3.34, +2.886, +0.164,+0.960
1580014200,+3.34, +2.907, +0.163,+0.960
1580014260,+3.34, +2.907, +0.163,+0.960
1580014320,+3.34, +2.918, +0.164,+0.960
1580014380,+3.34, +2.918, +0.162,+0.960
1580014440,+3.34, +2.865, +0.164,+0.960
1580014500,+3.34, +2.918, +0.164,+0.960
1580014560,+3.34, +2.918, +0.164,+0.960
1580014620,+3.34, +2.907, +0.164,+0.960
1580014680,+3.34, +2.907, +0.163,+0.960
1580014740,+3.34, +2.907, +0.162,+0.960
1580014800,+3.34, +2.928, +0.163,+0.960
1580014860,+3.34, +2.907, +0.163,+0.960
1580014920,+3.34, +2.918, +0.164,+0.960
1580014980,+3.34, +2.897, +0.164,+0.960
1580015040,+3.34, +2.907, +0.163,+0.960
1580015100,+3.34, +2.918, +0.162,+0.960
1580015160,+3.34, +2.907, +0.162,+0.960
1580015220,+3.34, +2.907, +0.163,+0.960
1580015280,+3.34, +2.865, +0.164,+0.960
1580015340,+3.34, +2.907, +0.163,+0.960
1580015400,+3.34, +2.918, +0.165,+0.960
1580015460,+3.34, +2.886, +0.164,+0.960
1580015520,+3.34, +2.897, +0.164,+0.960
1580015580,+3.34, +2.907, +0.163,+0.960
1580015640,+3.34, +2.928, +0.165,+0.960
1580015700,+3.34, +2.907, +0.163,+0.960
1580015760,+3.34, +2.918, +0.163,+0.960
1580015820,+3.34, +2.918, +0.162,+0.960
1580015880,+3.34, +2.907, +0.163,+0.960
1580015940,+3.34, +2.907, +0.163,+0.960
1580016000,+3.34, +2.918, +0.162,+0.960
1580016060,+3.34, +2.907, +0.163,+0.960
1580016120,+3.34, +2.907, +0.163,+0.960
1580016180,+3.34, +2.918, +0.163,+0.960
1580016240,+3.34, +2.907, +0.164,+0.960
1580016300,+3.34, +2.918, +0.163,+0.960
1580016360,+3.34, +2.897, +0.166,+0.960
1580016420,+3.34, +2.918, +0.165,+0.960
1580016480,+3.34, +2.886, +0.164,+0.960
1580016540,+3.34, +2.897, +0.163,+0.960
1580016600,+3.34, +2.907, +0.163,+0.960
1580016660,+3.34, +2.918, +0.163,+0.960
1580016720,+3.34, +2.897, +0.164,+0.960
1580016780,+3.34, +2.928, +0.163,+0.960
1580016840,+3.34, +2.918, +0.165,+0.960
1580016900,+3.34, +2.897, +0.163,+0.960
1580016960,+3.34, +2.918, +0.162,+0.960
1580017020,+3.34, +2.907, +0.164,+0.960
1580017080,+3.34, +2.928, +0.164,+0.960
1580017140,+3.34, +2.897, +0.163,+0.960
1580017200,+3.34, +2.907, +0.163,+0.960
1580017260,+3.34, +2.907, +0.163,+0.960
1580017320,+3.34, +2.897, +0.164,+0.960
1580017380,+3.34, +2.907, +0.162,+0.960
1580017440,+3.34, +2.907, +0.162,+0.960
1580017500,+3.34, +2.897, +0.162,+0.960
1580017560,+3.34, +2.928, +0.162,+0.960
1580017620,+3.34, +2.918, +0.163,+0.960
1580017680,+3.34, +2.897, +0.164,+0.960
1580017740,+3.34, +2.907, +0.163,+0.960
1580017800,+3.34, +2.928, +0.162,+0.960
1580017860,+3.34, +2.897, +0.162,+0.960
1580017920,+3.34, +2.897, +0.164,+0.960
1580017980,+3.34, +2.928, +0.164,+0.960
1580018040,+3.34, +2.918, +0.164,+0.960
1580018100,+3.34, +2.907, +0.164,+0.960
1580018160,+3.34, +2.907, +0.164,+0.960
1580018220,+3.34, +2.907, +0.164,+0.960
1580018280,+3.34, +2.928, +0.164,+0.960
1580018340,+3.34, +2.907, +0.163,+0.960
1580018400,+3.34, +2.907, +0.164,+0.960
1580018460,+3.34, +2.897, +0.163,+0.960
1580018520,+3.34, +2.928, +0.163,+0.960
1580018580,+3.34, +2.886, +0.164,+0.960
1580018640,+3.34, +2.907, +0.161,+0.960
1580018700,+3.34, +2.918, +0.163,+0.960
1580018760,+3.34, +2.907, +0.163,+0.960
1580018820,+3.35, +2.907, +0.164,+0.960
1580018880,+3.34, +2.897, +0.164,+0.960
1580018940,+3.34, +2.928, +0.165,+0.960
1580019000,+3.34, +2.918, +0.163,+0.960
1580019060,+3.34, +2.897, +0.165,+0.960
1580019120,+3.35, +2.907, +0.164,+0.960
1580019180,+3.34, +2.907, +0.163,+0.960
1580019240,+3.34, +2.843, +0.164,+0.960
1580019300,+3.34, +2.939, +0.163,+0.960
1580019360,+3.34, +2.939, +0.164,+0.960
1580019420,+3.34, +2.939, +0.163,+0.960
1580019480,+3.34, +2.918, +0.165,+0.960
1580019540,+3.34, +2.897, +0.164,+0.960
1580019600,+3.34, +2.928, +0.163,+0.960
1580019660,+3.34, +2.918, +0.163,+0.960
1580019720,+3.34, +2.897, +0.164,+0.960
1580019780,+3.34, +2.875, +0.165,+0.960
1580019840,+3.34, +2.918, +0.165,+0.960
1580019900,+3.34, +2.939, +0.165,+0.960
1580019960,+3.34, +2.939, +0.163,+0.960
1580020020,+3.34, +2.897, +0.163,+0.960
1580020080,+3.34, +2.939, +0.163,+0.960
1580020140,+3.34, +2.897, +0.164,+0.960
1580020200,+3.34, +2.918, +0.163,+0.960
1580020260,+3.34, +2.897, +0.162,+0.960
1580020320,+3.34, +2.897, +0.164,+0.960
1580020380,+3.34, +2.928, +0.165,+0.960
1580020440,+3.35, +2.897, +0.162,+0.960
1580020500,+3.34, +2.928, +0.162,+0.960
1580020560,+3.34, +2.907, +0.162,+0.960
1580020620,+3.34, +2.897, +0.165,+0.960
1580020680,+3.34, +2.928, +0.162,+0.960
1580020740,+3.34, +2.907, +0.163,+0.960
1580020800,+3.34, +2.918, +0.163,+0.960
1580020860,+3.34, +2.897, +0.162,+0.960
1580020920,+3.34, +2.897, +0.164,+0.960
1580020980,+3.34, +2.928, +0.165,+0.960
1580021040,+3.34, +2.897, +0.163,+0.960
1580021100,+3.34, +2.907, +0.165,+0.960
1580021160,+3.34, +2.918, +0.161,+0.960
1580021220,+3.34, +2.886, +0.165,+0.960
1580021280,+3.34, +2.918, +0.163,+0.960
1580021340,+3.34, +2.928, +0.163,+0.960
1580021400,+3.34, +2.918, +0.163,+0.960
1580021460,+3.34, +2.907, +0.163,+0.960
1580021520,+3.34, +2.886, +0.162,+0.960
1580021580,+3.34, +2.928, +0.164,+0.960
1580021640,+3.34, +2.918, +0.164,+0.960
1580021700,+3.34, +2.907, +0.164,+0.960
1580021760,+3.34, +2.918, +0.162,+0.960
1580021820,+3.34, +2.918, +0.164,+0.960
1580021880,+3.34, +2.875, +0.165,+0.960
1580021940,+3.35, +2.918, +0.163,+0.960
1580022000,+3.34, +2.907, +0.162,+0.960
1580022060,+3.34, +2.918, +0.163,+0.960
1580022120,+3.34, +2.928, +0.163,+0.960
1580022180,+3.34, +2.928, +0.163,+0.960
1580022240,+3.34, +2.907, +0.162,+0.960
1580022300,+3.34, +2.886, +0.164,+0.960
1580022360,+3.34, +2.918, +0.163,+0.960
1580022420,+3.34, +2.928, +0.162,+0.960
1580022480,+3.34, +2.897, +0.162,+0.960
1580022540,+3.34, +2.928, +0.165,+0.960
1580022600,+3.34, +2.907, +0.161,+0.960
1580022660,+3.34, +2.897, +0.163,+0.960
1580022720,+3.34, +2.897, +0.162,+0.960
1580022780,+3.34, +2.886, +0.164,+0.960
1580022840,+3.34, +2.907, +0.164,+0.960
1580022900,+3.34, +2.918, +0.163,+0.960
1580022960,+3.34, +2.907, +0.164,+0.960
1580023020,+3.34, +2.897, +0.163,+0.960
1580023080,+3.34, +2.907, +0.163,+0.960
1580023140,+3.34, +2.918, +0.161,+0.960
1580023200,+3.34, +2.939, +0.163,+0.960
1580023260,+3.34, +2.918, +0.164,+0.960
1580023320,+3.34, +2.907, +0.164,+0.960
1580023380,+3.34, +2.907, +0.164,+0.960
1580023440,+3.34, +2.886, +0.164,+0.960
1580023500,+3.34, +2.939, +0.162,+0.960
1580023560,+3.34, +2.897, +0.164,+0.960
1580023620,+3.34, +2.928, +0.163,+0.960
1580023680,+3.34, +2.918, +0.162,+0.960
1580023740,+3.34, +2.918, +0.164,+0.960
1580023800,+3.34, +2.928, +0.164,+0.960
1580023860,+3.34, +2.918, +0.163,+0.960
1580023920,+3.34, +2.918, +0.162,+0.960
1580023980,+3.34, +2.875, +0.162,+0.960
1580024040,+3.34, +2.918, +0.164,+0.960
1580024100,+3.34, +2.918, +0.163,+0.960
1580024160,+3.34, +2.897, +0.166,+0.960
1580024220,+3.34, +2.918, +0.162,+0.960
1580024280,+3.34, +2.897, +0.165,+0.960
1580024340,+3.34, +2.918, +0.164,+0.960
1580024400,+3.34, +2.939, +0.163,+0.960
1580024460,+3.34, +2.907, +0.162,+0.960
1580024520,+3.34, +2.907, +0.163,+0.960
1580024580,+3.34, +2.907, +0.163,+0.960
1580024640,+3.34, +2.875, +0.165,+0.960
1580024700,+3.34, +2.928, +0.162,+0.960
1580024760,+3.34, +2.918, +0.162,+0.960
1580024820,+3.34, +2.928, +0.163,+0.960
1580024880,+3.34, +2.886, +0.164,+0.960
1580024940,+3.34, +2.897, +0.162,+0.960
1580025000,+3.34, +2.907, +0.165,+0.960
1580025060,+3.34, +2.918, +0.165,+0.960
1580025120,+3.34, +2.928, +0.163,+0.960
1580025180,+3.34, +2.897, +0.163,+0.960
1580025240,+3.34, +2.918, +0.164,+0.960
1580025300,+3.34, +2.918, +0.165,+0.960
1580025360,+3.34, +2.907, +0.163,+0.960
1580025420,+3.34, +2.918, +0.164,+0.960
1580025480,+3.34, +2.907, +0.165,+0.960
1580025540,+3.34, +2.897, +0.162,+0.960
1580025600,+3.34, +2.907, +0.165,+0.960
1580025660,+3.34, +2.897, +0.162,+0.960
1580025720,+3.34, +2.939, +0.163,+0.960
1580025780,+3.34, +2.918, +0.162,+0.960
1580025840,+3.34, +2.918, +0.164,+0.960
1580025900,+3.34, +2.939, +0.163,+0.960
1580025960,+3.34, +2.897, +0.163,+0.960
1580026020,+3.34, +2.886, +0.165,+0.960
1580026080,+3.34, +2.865, +0.164,+0.960
1580026140,+3.34, +2.907, +0.162,+0.960
1580026200,+3.34, +2.907, +0.163,+0.960
1580026260,+3.34, +2.907, +0.164,+0.960
1580026320,+3.34, +2.897, +0.163,+0.960
1580026380,+3.34, +2.907, +0.165,+0.960
1580026440,+3.34, +2.907, +0.162,+0.960
1580026500,+3.34, +2.897, +0.162,+0.960
1580026560,+3.34, +2.907, +0.163,+0.960
1580026620,+3.34, +2.897, +0.163,+0.960
1580026680,+3.34, +2.928, +0.164,+0.960
1580026740,+3.34, +2.907, +0.164,+0.960
1580026800,+3.34, +2.907, +0.162,+0.960
1580026860,+3.34, +2.918, +0.164,+0.960
1580026920,+3.34, +2.907, +0.164,+0.960
1580026980,+3.34, +2.918, +0.163,+0.960
1580027040,+3.34, +2.897, +0.163,+0.960
1580027100,+3.34, +2.928, +0.165,+0.960
1580027160,+3.34, +2.897, +0.165,+0.960
1580027220,+3.34, +2.907, +0.163,+0.960
1580027280,+3.34, +2.918, +0.163,+0.960
1580027340,+3.34, +2.897, +0.163,+0.960
1580027400,+3.34, +2.939, +0.164,+0.960
1580027460,+3.34, +2.907, +0.164,+0.960
1580027520,+3.34, +2.907, +0.163,+0.960
1580027580,+3.34, +2.897, +0.165,+0.960
1580027640,+3.34, +2.907, +0.163,+0.960
1580027700,+3.34, +2.907, +0.162,+0.960
1580027760,+3.34, +2.918, +0.162,+0.960
1580027820,+3.34, +2.897, +0.164,+0.960
1580027880,+3.34, +2.907, +0.162,+0.960
1580027940,+3.34, +2.907, +0.163,+0.960
1580028000,+3.34, +2.918, +0.163,+0.960
1580028060,+3.34, +2.907, +0.164,+0.960
1580028120,+3.34, +2.897, +0.164,+0.960
1580028180,+3.34, +2.907, +0.164,+0.960
1580028240,+3.34, +2.918, +0.164,+0.960
1580028300,+3.34, +2.918, +0.162,+0.960
1580028360,+3.34, +2.939, +0.163,+0.960
1580028420,+3.34, +2.928, +0.164,+0.960
1580028480,+3.34, +2.907, +0.164,+0.960
1580028540,+3.34, +2.928, +0.164,+0.960
1580028600,+3.34, +2.918, +0.163,+0.960
1580028660,+3.34, +2.897, +0.164,+0.960
1580028720,+3.34, +2.907, +0.163,+0.960
1580028780,+3.34, +2.886, +0.163,+0.960
1580028840,+3.34, +2.907, +0.162,+0.960
1580028900,+3.34, +2.875, +0.165,+0.960
1580028960,+3.34, +2.897, +0.164,+0.960
1580029020,+3.34, +2.918, +0.164,+0.960
1580029080,+3.34, +2.939, +0.163,+0.960
1580029140,+3.34, +2.875, +0.165,+0.960
1580029200,+3.34, +2.918, +0.165,+0.960
1580029260,+3.34, +2.928, +0.163,+0.960
1580029320,+3.34, +2.907, +0.165,+0.960
1580029380,+3.34, +2.918, +0.165,+0.960
1580029440,+3.34, +2.928, +0.163,+0.960
1580029500,+3.34, +2.907, +0.162,+0.960
1580029560,+3.34, +2.928, +0.162,+0.960
1580029620,+3.34, +2.918, +0.162,+0.960
1580029680,+3.34, +2.939, +0.164,+0.960
1580029740,+3.34, +2.928, +0.163,+0.960
1580029800,+3.34, +2.907, +0.163,+0.960
1580029860,+3.34, +2.907, +0.164,+0.960
1580029920,+3.34, +2.928, +0.164,+0.960
1580029980,+3.34, +2.897, +0.163,+0.960
1580030040,+3.34, +2.918, +0.164,+0.960
1580030100,+3.34, +2.928, +0.162,+0.960
1580030160,+3.34, +2.939, +0.164,+0.960
1580030220,+3.34, +2.928, +0.162,+0.960
1580030280,+3.34, +2.907, +0.163,+0.960
1580030340,+3.34, +2.918, +0.163,+0.960
1580030400,+3.34, +2.907, +0.162,+0.960
1580030460,+3.34, +2.886, +0.162,+0.960
1580030520,+3.34, +2.897, +0.162,+0.960
1580030580,+3.34, +2.897, +0.166,+0.960
1580030640,+3.34, +2.907, +0.166,+0.960
1580030700,+3.34, +2.918, +0.164,+0.960
1580030760,+3.34, +2.918, +0.163,+0.960
1580030820,+3.34, +2.897, +0.164,+0.960
1580030880,+3.34, +2.939, +0.164,+0.960
1580030940,+3.34, +2.875, +0.164,+0.960
1580031000,+3.34, +2.918, +0.163,+0.960
1580031060,+3.34, +2.907, +0.165,+0.960
1580031120,+3.34, +2.907, +0.163,+0.960
1580031180,+3.34, +2.918, +0.160,+0.960
1580031240,+3.34, +2.907, +0.163,+0.960
1580031300,+3.34, +2.897, +0.163,+0.960
1580031360,+3.34, +2.907, +0.162,+0.960
1580031420,+3.34, +2.918, +0.164,+0.960
1580031480,+3.34, +2.897, +0.165,+0.960
1580031540,+3.34, +2.907, +0.162,+0.960
1580031600,+3.34, +2.897, +0.164,+0.960
1580031660,+3.34, +2.928, +0.163,+0.960
1580031720,+3.34, +2.897, +0.164,+0.960
1580031780,+3.34, +2.918, +0.164,+0.960
1580031840,+3.34, +2.907, +0.164,+0.960
1580031900,+3.34, +2.875, +0.163,+0.960
1580031960,+3.34, +2.907, +0.164,+0.960
1580032020,+3.34, +2.886, +0.163,+0.960
1580032080,+3.34, +2.897, +0.163,+0.960
1580032140,+3.34, +2.918, +0.165,+0.960
1580032200,+3.34, +2.907, +0.164,+0.960
1580032260,+3.34, +2.939, +0.162,+0.960
1580032320,+3.34, +2.886, +0.164,+0.960
1580032380,+3.34, +2.918, +0.164,+0.960
1580032440,+3.34, +2.875, +0.165,+0.960
1580032500,+3.34, +2.886, +0.164,+0.960
1580032560,+3.34, +2.897, +0.166,+0.960
1580032620,+3.34, +2.918, +0.163,+0.960
1580032680,+3.34, +2.928, +0.162,+0.959
1580032740,+3.34, +2.907, +0.163,+0.960
1580032800,+3.34, +2.886, +0.164,+0.960
1580032860,+3.34, +2.907, +0.164,+0.960
1580032920,+3.34, +2.918, +0.163,+0.960
1580032980,+3.34, +2.875, +0.164,+0.960
1580033040,+3.34, +2.897, +0.164,+0.960
1580033100,+3.34, +2.928, +0.165,+0.960
1580033160,+3.35, +2.907, +0.163,+0.960
1580033220,+3.34, +2.918, +0.164,+0.960
1580033280,+3.34, +2.907, +0.163,+0.960
1580033340,+3.34, +2.918, +0.162,+0.960
1580033400,+3.34, +2.907, +0.165,+0.960
1580033460,+3.34, +2.928, +0.165,+0.960
1580033520,+3.34, +2.918, +0.165,+0.960
1580033580,+3.34, +2.918, +0.163,+0.960
1580033640,+3.34, +2.918, +0.162,+0.960
1580033700,+3.34, +2.918, +0.164,+0.960
1580033760,+3.34, +2.897, +0.165,+0.960
1580033820,+3.34, +2.918, +0.165,+0.960
1580033880,+3.34, +2.918, +0.162,+0.960
1580033940,+3.34, +2.907, +0.163,+0.960
1580034000,+3.34, +2.897, +0.163,+0.960
1580034060,+3.34, +2.875, +0.164,+0.960
1580034120,+3.34, +2.918, +0.163,+0.960
1580034180,+3.34, +2.897, +0.161,+0.960
1580034240,+3.34, +2.907, +0.164,+0.960
1580034300,+3.34, +2.918, +0.164,+0.960
1580034360,+3.34, +2.875, +0.164,+0.960
1580034420,+3.34, +2.928, +0.165,+0.960
1580034480,+3.35, +2.918, +0.164,+0.960
1580034540,+3.34, +2.918, +0.163,+0.960
1580034600,+3.34, +2.918, +0.164,+0.960
1580034660,+3.34, +2.897, +0.164,+0.960
1580034720,+3.34, +2.897, +0.164,+0.960
1580034780,+3.34, +2.886, +0.163,+0.960
1580034840,+3.34, +2.918, +0.164,+0.960
1580034900,+3.34, +2.907, +0.164,+0.960
1580034960,+3.34, +2.907, +0.162,+0.960
1580035020,+3.34, +2.865, +0.165,+0.960
1580035080,+3.34, +2.918, +0.163,+0.960
1580035140,+3.34, +2.897, +0.164,+0.960
1580035200,+3.34, +2.918, +0.164,+0.960
1580035260,+3.34, +2.886, +0.163,+0.960
1580035320,+3.34, +2.907, +0.163,+0.960
1580035380,+3.34, +2.918, +0.163,+0.960
1580035440,+3.34, +2.907, +0.165,+0.960
1580035500,+3.34, +2.897, +0.163,+0.960
1580035560,+3.34, +2.886, +0.164,+0.960
1580035620,+3.34, +2.918, +0.163,+0.960
1580035680,+3.34, +2.907, +0.164,+0.960
1580035740,+3.34, +2.907, +0.164,+0.960
1580035800,+3.34, +2.907, +0.164,+0.960
1580035860,+3.34, +2.897, +0.163,+0.960
1580035920,+3.34, +2.918, +0.162,+0.960
1580035980,+3.34, +2.886, +0.163,+0.960
1580036040,+3.34, +2.907, +0.163,+0.960
1580036100,+3.34, +2.897, +0.164,+0.960
1580036160,+3.34, +2.897, +0.164,+0.960
1580036220,+3.34, +2.897, +0.163,+0.960
1580036280,+3.34, +2.918, +0.163,+0.960
1580036340,+3.34, +2.897, +0.164,+0.960
1580036400,+3.34, +2.918, +0.163,+0.960
1580036460,+3.34, +2.918, +0.162,+0.960
1580036520,+3.34, +2.918, +0.162,+0.960
1580036580,+3.34, +2.897, +0.164,+0.960
1580036640,+3.34, +2.886, +0.163,+0.960
1580036700,+3.34, +2.897, +0.163,+0.960
1580036760,+3.34, +2.886, +0.165,+0.960
1580036820,+3.34, +2.907, +0.164,+0.960
1580036880,+3.34, +2.918, +0.165,+0.960
1580036940,+3.34, +2.918, +0.164,+0.960
1580037000,+3.34, +2.918, +0.164,+0.960
1580037060,+3.34, +2.897, +0.163,+0.960
1580037120,+3.34, +2.907, +0.164,+0.960
1580037180,+3.34, +2.897, +0.162,+0.960
1580037240,+3.34, +2.897, +0.165,+0.960
1580037300,+3.34, +2.886, +0.163,+0.960
1580037360,+3.34, +2.907, +0.162,+0.960
1580037420,+3.34, +2.928, +0.162,+0.960
1580037480,+3.34, +2.907, +0.163,+0.960
1580037540,+3.34, +2.897, +0.165,+0.960
1580037600,+3.34, +2.928, +0.164,+0.960
1580037660,+3.34, +2.907, +0.165,+0.960
1580037720,+3.34, +2.907, +0.164,+0.960
1580037780,+3.34, +2.918, +0.163,+0.960
1580037840,+3.34, +2.918, +0.164,+0.960
1580037900,+3.34, +2.886, +0.161,+0.959
1580037960,+3.34, +2.886, +0.163,+0.960
1580038020,+3.34, +2.897, +0.163,+0.960
1580038080,+3.34, +2.897, +0.164,+0.960
1580038140,+3.34, +2.907, +0.163,+0.960
1580038200,+3.34, +2.907, +0.163,+0.960
1580038260,+3.34, +2.907, +0.162,+0.960
1580038320,+3.34, +2.907, +0.162,+0.960
1580038380,+3.34, +2.875, +0.166,+0.960
1580038440,+3.34, +2.918, +0.163,+0.960
1580038500,+3.34, +2.875, +0.163,+0.960
1580038560,+3.34, +2.886, +0.164,+0.960
1580038620,+3.34, +2.897, +0.163,+0.960
1580038680,+3.34, +2.918, +0.163,+0.960
1580038740,+3.34, +2.897, +0.163,+0.960
1580038800,+3.34, +2.897, +0.164,+0.960
1580038860,+3.34, +2.907, +0.165,+0.960
1580038920,+3.34, +2.897, +0.163,+0.960
1580038980,+3.34, +2.928, +0.164,+0.960
1580039040,+3.34, +2.928, +0.163,+0.960
1580039100,+3.34, +2.897, +0.165,+0.960
1580039160,+3.34, +2.907, +0.164,+0.960
1580039220,+3.34, +2.928, +0.163,+0.960
1580039280,+3.34, +2.918, +0.163,+0.960
1580039340,+3.34, +2.928, +0.163,+0.960
1580039400,+3.34, +2.886, +0.164,+0.960
1580039460,+3.34, +2.907, +0.164,+0.960
1580039520,+3.34, +2.897, +0.164,+0.960
1580039580,+3.34, +2.886, +0.164,+0.960
1580039640,+3.34, +2.854, +0.164,+0.960
1580039700,+3.34, +2.897, +0.162,+0.960
1580039760,+3.34, +2.897, +0.164,+0.960
1580039820,+3.34, +2.897, +0.162,+0.960
1580039880,+3.34, +2.897, +0.164,+0.960
1580039940,+3.34, +2.897, +0.164,+0.960
1580040000,+3.34, +2.918, +0.164,+0.960
1580040060,+3.34, +2.886, +0.162,+0.960
1580040120,+3.34, +2.897, +0.164,+0.960
1580040180,+3.34, +2.907, +0.162,+0.960
1580040240,+3.34, +2.897, +0.163,+0.960
1580040300,+3.34, +2.897, +0.165,+0.960
1580040360,+3.34, +2.897, +0.163,+0.960
1580040420,+3.34, +2.875, +0.164,+0.960
1580040480,+3.34, +2.918, +0.164,+0.960
1580040540,+3.34, +2.907, +0.163,+0.960
1580040600,+3.34, +2.918, +0.160,+0.959
1580040660,+3.34, +2.897, +0.163,+0.960
1580040720,+3.34, +2.833, +0.164,+0.959
1580040780,+3.34, +2.897, +0.162,+0.960
1580040840,+3.34, +2.918, +0.163,+0.960
1580040900,+3.34, +2.897, +0.163,+0.960
1580040960,+3.34, +2.886, +0.164,+0.960
1580041020,+3.34, +2.907, +0.163,+0.960
1580041080,+3.34, +2.897, +0.164,+0.960
1580041140,+3.34, +2.918, +0.163,+0.960
1580041200,+3.34, +2.928, +0.164,+0.960
1580041260,+3.34, +2.907, +0.164,+0.960
1580041320,+3.34, +2.918, +0.162,+0.960
1580041380,+3.34, +2.897, +0.164,+0.960
1580041440,+3.34, +2.918, +0.163,+0.960
1580041500,+3.34, +2.918, +0.163,+0.960
1580041560,+3.34, +2.918, +0.164,+0.960
1580041620,+3.34, +2.897, +0.164,+0.960
1580041680,+3.34, +2.897, +0.165,+0.960
1580041740,+3.34, +2.939, +0.163,+0.960
1580041800,+3.34, +2.897, +0.165,+0.960
1580041860,+3.34, +2.907, +0.163,+0.960
1580041920,+3.34, +2.918, +0.163,+0.960
1580041980,+3.34, +2.907, +0.164,+0.960
1580042040,+3.34, +2.918, +0.164,+0.960
1580042100,+3.34, +2.907, +0.162,+0.960
1580042160,+3.34, +2.907, +0.163,+0.960
1580042220,+3.34, +2.918, +0.163,+0.960
1580042280,+3.34, +2.897, +0.163,+0.960
1580042340,+3.34, +2.897, +0.162,+0.960
1580042400,+3.34, +2.897, +0.162,+0.960
1580042460,+3.34, +2.886, +0.164,+0.960
1580042520,+3.34, +2.897, +0.164,+0.960
1580042580,+3.34, +2.907, +0.162,+0.960
1580042640,+3.34, +2.897, +0.164,+0.960
1580042700,+3.34, +2.907, +0.163,+0.960
1580042760,+3.35, +2.918, +0.163,+0.960
1580042820,+3.34, +2.897, +0.165,+0.960
1580042880,+3.34, +2.897, +0.164,+0.960
1580042940,+3.34, +2.918, +0.163,+0.960
1580043000,+3.34, +2.897, +0.164,+0.960
1580043060,+3.34, +2.886, +0.162,+0.960
1580043120,+3.34, +2.907, +0.164,+0.960
1580043180,+3.34, +2.939, +0.162,+0.960
1580043240,+3.34, +2.928, +0.163,+0.960
1580043300,+3.34, +2.897, +0.165,+0.960
1580043360,+3.34, +2.897, +0.163,+0.960
1580043420,+3.34, +2.907, +0.163,+0.960
1580043480,+3.34, +2.907, +0.163,+0.960
1580043540,+3.34, +2.907, +0.163,+0.960
1580043600,+3.34, +2.897, +0.164,+0.960
1580043660,+3.34, +2.897, +0.163,+0.960
1580043720,+3.34, +2.897, +0.164,+0.960
1580043780,+3.34, +2.897, +0.163,+0.960
1580043840,+3.34, +2.875, +0.165,+0.960
1580043900,+3.34, +2.907, +0.162,+0.960
1580043960,+3.34, +2.897, +0.164,+0.960
1580044020,+3.34, +2.897, +0.164,+0.960
1580044080,+3.34, +2.886, +0.163,+0.960
1580044140,+3.34, +2.897, +0.161,+0.960
1580044200,+3.34, +2.907, +0.164,+0.960
1580044260,+3.34, +2.907, +0.163,+0.960
1580044320,+3.34, +2.907, +0.162,+0.960
1580044380,+3.34, +2.907, +0.164,+0.960
1580044440,+3.35, +2.897, +0.163,+0.960
1580044500,+3.34, +2.897, +0.163,+0.960
1580044560,+3.34, +2.875, +0.166,+0.960
1580044620,+3.34, +2.886, +0.164,+0.960
1580044680,+3.34, +2.886, +0.162,+0.959
1580044740,+3.34, +2.897, +0.164,+0.960
1580044800,+3.34, +2.907, +0.164,+0.960
1580044860,+3.34, +2.907, +0.165,+0.960
1580044920,+3.34, +2.907, +0.163,+0.960
1580044980,+3.34, +2.907, +0.162,+0.960
1580045040,+3.34, +2.897, +0.163,+0.960
1580045100,+3.34, +2.928, +0.163,+0.960
1580045160,+3.34, +2.939, +0.165,+0.960
1580045220,+3.34, +2.897, +0.165,+0.960
1580045280,+3.34, +2.897, +0.162,+0.959
1580045340,+3.34, +2.897, +0.164,+0.960
1580045400,+3.34, +2.886, +0.164,+0.960
1580045460,+3.34, +2.907, +0.163,+0.960
1580045520,+3.34, +2.897, +0.164,+0.960
1580045580,+3.34, +2.928, +0.163,+0.960
1580045640,+3.34, +2.886, +0.162,+0.960
1580045700,+3.34, +2.897, +0.162,+0.960
1580045760,+3.34, +2.907, +0.164,+0.960
1580045820,+3.34, +2.918, +0.163,+0.960
1580045880,+3.34, +2.833, +0.164,+0.960
1580045940,+3.34, +2.907, +0.164,+0.960
1580046000,+3.34, +2.928, +0.164,+0.960
1580046060,+3.34, +2.886, +0.164,+0.960
1580046120,+3.34, +2.897, +0.163,+0.960
1580046180,+3.34, +2.897, +0.165,+0.960
1580046240,+3.34, +2.907, +0.163,+0.960
1580046300,+3.34, +2.907, +0.164,+0.960
1580046360,+3.34, +2.897, +0.164,+0.960
1580046420,+3.34, +2.897, +0.162,+0.960
1580046480,+3.34, +2.865, +0.164,+0.960
1580046540,+3.34, +2.886, +0.163,+0.960
1580046600,+3.34, +2.875, +0.165,+0.960
1580046660,+3.34, +2.897, +0.163,+0.960
1580046720,+3.34, +2.897, +0.163,+0.960
1580046780,+3.34, +2.907, +0.163,+0.960
1580046840,+3.34, +2.928, +0.163,+0.960
1580046900,+3.34, +2.918, +0.164,+0.960
1580046960,+3.34, +2.897, +0.164,+0.960
1580047020,+3.34, +2.907, +0.163,+0.960
1580047080,+3.34, +2.907, +0.164,+0.960
1580047140,+3.34, +2.918, +0.163,+0.960
1580047200,+3.34, +2.886, +0.163,+0.960
1580047260,+3.34, +2.886, +0.164,+0.960
1580047320,+3.34, +2.928, +0.163,+0.960
1580047380,+3.34, +2.886, +0.165,+0.960
1580047440,+3.34, +2.897, +0.164,+0.960
1580047500,+3.34, +2.907, +0.164,+0.960
1580047560,+3.34, +2.886, +0.164,+0.960
1580047620,+3.34, +2.897, +0.163,+0.959
1580047680,+3.34, +2.907, +0.163,+0.960
1580047740,+3.34, +2.918, +0.163,+0.960
1580047800,+3.34, +2.897, +0.163,+0.960
1580047860,+3.34, +2.897, +0.164,+0.960
1580047920,+3.34, +2.897, +0.164,+0.960
1580047980,+3.34, +2.897, +0.164,+0.960
1580048040,+3.34, +2.897, +0.163,+0.960
1580048100,+3.34, +2.886, +0.164,+0.960
1580048160,+3.34, +2.918, +0.161,+0.960
1580048220,+3.34, +2.918, +0.164,+0.960
1580048280,+3.34, +2.928, +0.163,+0.960
1580048340,+3.34, +2.897, +0.164,+0.960
1580048400,+3.34, +2.897, +0.164,+0.960
1580048460,+3.34, +2.928, +0.164,+0.960
1580048520,+3.34, +2.907, +0.163,+0.960
1580048580,+3.34, +2.897, +0.165,+0.960
1580048640,+3.34, +2.918, +0.162,+0.960
1580048700,+3.34, +2.928, +0.163,+0.960
1580048760,+3.34, +2.907, +0.163,+0.960
1580048820,+3.34, +2.875, +0.164,+0.960
1580048880,+3.34, +2.907, +0.164,+0.960
1580048940,+3.34, +2.897, +0.164,+0.960
1580049000,+3.34, +2.907, +0.162,+0.960
1580049060,+3.34, +2.833, +0.164,+0.959
1580049120,+3.34, +2.918, +0.163,+0.960
1580049180,+3.34, +2.907, +0.163,+0.960
1580049240,+3.34, +2.928, +0.162,+0.960
1580049300,+3.34, +2.886, +0.165,+0.960
1580049360,+3.34, +2.875, +0.165,+0.960
1580049420,+3.34, +2.886, +0.165,+0.960
1580049480,+3.34, +2.886, +0.163,+0.960
1580049540,+3.34, +2.897, +0.162,+0.960
1580049600,+3.34, +2.907, +0.162,+0.960
1580049660,+3.34, +2.907, +0.164,+0.960
1580049720,+3.34, +2.897, +0.163,+0.960
1580049780,+3.34, +2.907, +0.165,+0.960
1580049840,+3.34, +2.907, +0.162,+0.960
1580049900,+3.34, +2.875, +0.162,+0.960
1580049960,+3.34, +2.897, +0.164,+0.960
1580050020,+3.34, +2.875, +0.164,+0.960
1580050080,+3.34, +2.886, +0.164,+0.960
1580050140,+3.34, +2.907, +0.163,+0.960
1580050200,+3.34, +2.886, +0.162,+0.960
1580050260,+3.34, +2.918, +0.162,+0.960
1580050320,+3.34, +2.907, +0.163,+0.960
1580050380,+3.34, +2.918, +0.163,+0.960
1580050440,+3.34, +2.897, +0.163,+0.960
1580050500,+3.34, +2.907, +0.164,+0.960
1580050560,+3.34, +2.907, +0.162,+0.960
1580050620,+3.34, +2.886, +0.163,+0.960
1580050680,+3.34, +2.897, +0.164,+0.960
1580050740,+3.34, +2.918, +0.162,+0.960
1580050800,+3.34, +2.886, +0.163,+0.960
1580050860,+3.34, +2.918, +0.162,+0.960
1580050920,+3.34, +2.928, +0.163,+0.960
1580050980,+3.34, +2.897, +0.163,+0.960
1580051040,+3.34, +2.897, +0.164,+0.960
1580051100,+3.34, +2.907, +0.165,+0.960
1580051160,+3.34, +2.907, +0.164,+0.960
1580051220,+3.34, +2.886, +0.164,+0.960
1580051280,+3.34, +2.907, +0.164,+0.960
1580051340,+3.34, +2.907, +0.164,+0.960
1580051400,+3.34, +2.897, +0.163,+0.960
1580051460,+3.34, +2.918, +0.162,+0.960
1580051520,+3.34, +2.907, +0.162,+0.960
1580051580,+3.34, +2.918, +0.163,+0.960
1580051640,+3.34, +2.907, +0.164,+0.960
1580051700,+3.34, +2.907, +0.165,+0.960
1580051760,+3.34, +2.918, +0.162,+0.960
1580051820,+3.34, +2.907, +0.163,+0.960
1580051880,+3.34, +2.928, +0.162,+0.960
1580051940,+3.34, +2.897, +0.163,+0.960
1580052000,+3.34, +2.897, +0.164,+0.960
1580052060,+3.34, +2.897, +0.163,+0.960
1580052120,+3.34, +2.918, +0.163,+0.960
1580052180,+3.34, +2.897, +0.163,+0.960
1580052240,+3.34, +2.907, +0.163,+0.960
1580052300,+3.34, +2.907, +0.164,+0.960
1580052360,+3.34, +2.939, +0.163,+0.960
1580052420,+3.34, +2.897, +0.164,+0.960
1580052480,+3.34, +2.928, +0.164,+0.960
1580052540,+3.34, +2.918, +0.162,+0.960
1580052600,+3.34, +2.907, +0.165,+0.960
1580052660,+3.34, +2.907, +0.164,+0.960
1580052720,+3.34, +2.907, +0.163,+0.960
1580052780,+3.34, +2.897, +0.164,+0.960
1580052840,+3.34, +2.928, +0.163,+0.960
1580052900,+3.34, +2.897, +0.164,+0.960
1580052960,+3.34, +2.907, +0.164,+0.960
1580053020,+3.34, +2.918, +0.164,+0.960
1580053080,+3.34, +2.875, +0.163,+0.960
1580053140,+3.34, +2.897, +0.163,+0.960
1580053200,+3.34, +2.886, +0.161,+0.959
1580053260,+3.34, +2.875, +0.164,+0.960
1580053320,+3.34, +2.907, +0.162,+0.960
1580053380,+3.34, +2.907, +0.162,+0.960
1580053440,+3.34, +2.928, +0.164,+0.960
1580053500,+3.34, +2.897, +0.165,+0.960
1580053560,+3.34, +2.886, +0.164,+0.960
1580053620,+3.34, +2.897, +0.164,+0.960
1580053680,+3.34, +2.897, +0.163,+0.960
1580053740,+3.34, +2.918, +0.163,+0.960
1580053800,+3.34, +2.886, +0.164,+0.960
1580053860,+3.34, +2.918, +0.162,+0.960
1580053920,+3.34, +2.928, +0.161,+0.960
1580053980,+3.34, +2.886, +0.164,+0.960
1580054040,+3.34, +2.865, +0.165,+0.960
1580054100,+3.34, +2.897, +0.164,+0.960
1580054160,+3.34, +2.897, +0.165,+0.960
1580054220,+3.34, +2.886, +0.163,+0.960
1580054280,+3.34, +2.886, +0.164,+0.960
1580054340,+3.34, +2.907, +0.164,+0.960
1580054400,+3.34, +2.918, +0.163,+0.960
1580054460,+3.34, +2.897, +0.164,+0.960
1580054520,+3.34, +2.875, +0.164,+0.960
1580054580,+3.34, +2.907, +0.163,+0.960
1580054640,+3.34, +2.875, +0.165,+0.960
1580054700,+3.34, +2.907, +0.165,+0.960
1580054760,+3.34, +2.907, +0.162,+0.960
1580054820,+3.34, +2.907, +0.164,+0.960
1580054880,+3.34, +2.907, +0.163,+0.960
1580054940,+3.34, +2.907, +0.164,+0.960
1580055000,+3.34, +2.907, +0.164,+0.960
1580055060,+3.34, +2.907, +0.163,+0.960
1580055120,+3.34, +2.886, +0.163,+0.960
1580055180,+3.34, +2.886, +0.164,+0.960
1580055240,+3.34, +2.897, +0.163,+0.960
1580055300,+3.34, +2.897, +0.163,+0.960
1580055360,+3.34, +2.907, +0.163,+0.960
1580055420,+3.34, +2.918, +0.164,+0.960
1580055480,+3.34, +2.907, +0.164,+0.960
1580055540,+3.34, +2.918, +0.164,+0.960
1580055600,+3.34, +2.907, +0.163,+0.960
1580055660,+3.34, +2.897, +0.164,+0.960
1580055720,+3.34, +2.907, +0.162,+0.960
1580055780,+3.34, +2.907, +0.161,+0.959
1580055840,+3.34, +2.897, +0.164,+0.960
1580055900,+3.34, +2.907, +0.164,+0.960
1580055960,+3.34, +2.886, +0.165,+0.960
1580056020,+3.34, +2.897, +0.162,+0.960
1580056080,+3.34, +2.854, +0.164,+0.960
1580056140,+3.34, +2.907, +0.163,+0.960
1580056200,+3.34, +2.907, +0.163,+0.960
1580056260,+3.34, +2.897, +0.164,+0.960
1580056320,+3.34, +2.875, +0.163,+0.960
1580056380,+3.34, +2.907, +0.163,+0.960
1580056440,+3.34, +2.875, +0.164,+0.960
1580056500,+3.34, +2.875, +0.166,+0.960
1580056560,+3.34, +2.897, +0.163,+0.960
1580056620,+3.34, +2.907, +0.166,+0.960
1580056680,+3.34, +2.907, +0.162,+0.960
1580056740,+3.34, +2.897, +0.164,+0.960
1580056800,+3.34, +2.918, +0.165,+0.960
1580056860,+3.34, +2.928, +0.163,+0.960
1580056920,+3.34, +2.939, +0.164,+0.960
1580056980,+3.34, +2.897, +0.163,+0.960
1580057040,+3.34, +2.897, +0.162,+0.960
1580057100,+3.34, +2.918, +0.161,+0.960
1580057160,+3.34, +2.897, +0.164,+0.960
1580057220,+3.34, +2.918, +0.162,+0.960
1580057280,+3.34, +2.918, +0.162,+0.960
1580057340,+3.34, +2.897, +0.163,+0.960
1580057400,+3.34, +2.918, +0.165,+0.960
1580057460,+3.34, +2.886, +0.164,+0.960
1580057520,+3.34, +2.897, +0.165,+0.960
1580057580,+3.34, +2.928, +0.162,+0.960
1580057640,+3.34, +2.907, +0.163,+0.960
1580057700,+3.34, +2.875, +0.164,+0.959
1580057760,+3.34, +2.918, +0.163,+0.960
1580057820,+3.34, +2.907, +0.163,+0.960
1580057880,+3.34, +2.897, +0.164,+0.960
1580057940,+3.34, +2.907, +0.165,+0.960
1580058000,+3.34, +2.907, +0.163,+0.960
1580058060,+3.34, +2.897, +0.164,+0.960
1580058120,+3.34, +2.897, +0.164,+0.960
1580058180,+3.34, +2.918, +0.162,+0.960
1580058240,+3.34, +2.918, +0.164,+0.960
1580058300,+3.34, +2.843, +0.164,+0.960
1580058360,+3.34, +2.897, +0.161,+0.960
1580058420,+3.34, +2.907, +0.164,+0.960
1580058480,+3.34, +2.907, +0.164,+0.960
1580058540,+3.34, +2.918, +0.164,+0.960
1580058600,+3.34, +2.897, +0.164,+0.960
1580058660,+3.34, +2.897, +0.164,+0.960
1580058720,+3.34, +2.918, +0.164,+0.960
1580058780,+3.34, +2.897, +0.166,+0.960
1580058840,+3.34, +2.960, +0.163,+0.960
1580058900,+3.34, +2.918, +0.162,+0.960
1580058960,+3.34, +2.897, +0.164,+0.960
1580059020,+3.34, +2.897, +0.164,+0.960
1580059080,+3.34, +2.897, +0.164,+0.960
1580059140,+3.34, +2.886, +0.164,+0.960
1580059200,+3.34, +2.918, +0.165,+0.960
1580059260,+3.34, +2.897, +0.163,+0.960
1580059320,+3.34, +2.918, +0.163,+0.960
1580059380,+3.34, +2.907, +0.162,+0.960
1580059440,+3.34, +2.907, +0.164,+0.960
1580059500,+3.34, +2.918, +0.163,+0.960
1580059560,+3.34, +2.886, +0.162,+0.960
1580059620,+3.34, +2.875, +0.165,+0.960
1580059680,+3.34, +2.918, +0.164,+0.960
1580059740,+3.34, +2.918, +0.164,+0.960
1580059800,+3.34, +2.918, +0.163,+0.960
1580059860,+3.34, +2.897, +0.163,+0.960
1580059920,+3.34, +2.939, +0.163,+0.960
1580059980,+3.34, +2.907, +0.165,+0.960
1580060040,+3.34, +2.918, +0.163,+0.960
1580060100,+3.34, +2.918, +0.163,+0.960
1580060160,+3.34, +2.950, +0.163,+0.960
1580060220,+3.34, +2.897, +0.163,+0.960
1580060280,+3.34, +2.897, +0.163,+0.960
1580060340,+3.34, +2.907, +0.164,+0.960
1580060400,+3.34, +2.928, +0.164,+0.960
1580060460,+3.34, +2.897, +0.164,+0.960
1580060520,+3.34, +2.897, +0.164,+0.960
1580060580,+3.34, +2.928, +0.163,+0.960
1580060640,+3.34, +2.897, +0.164,+0.960
1580060700,+3.34, +2.907, +0.163,+0.960
1580060760,+3.34, +2.897, +0.164,+0.960
1580060820,+3.34, +2.897, +0.164,+0.960
1580060880,+3.34, +2.939, +0.163,+0.960
1580060940,+3.34, +2.897, +0.163,+0.960
1580061000,+3.34, +2.886, +0.165,+0.960
1580061060,+3.34, +2.897, +0.165,+0.960
1580061120,+3.34, +2.897, +0.162,+0.960
1580061180,+3.34, +2.897, +0.164,+0.960
1580061240,+3.34, +2.897, +0.163,+0.960
1580061300,+3.34, +2.897, +0.164,+0.960
1580061360,+3.34, +2.907, +0.164,+0.960
1580061420,+3.34, +2.897, +0.161,+0.960
1580061480,+3.34, +2.907, +0.164,+0.960
1580061540,+3.34, +2.907, +0.163,+0.960
1580061600,+3.34, +2.907, +0.163,+0.960
1580061660,+3.34, +2.886, +0.162,+0.960
1580061720,+3.34, +2.886, +0.164,+0.960
1580061780,+3.34, +2.918, +0.161,+0.960
1580061840,+3.34, +2.897, +0.165,+0.960
1580061900,+3.34, +2.939, +0.163,+0.960
1580061960,+3.34, +2.897, +0.165,+0.960
1580062020,+3.34, +2.907, +0.161,+0.960
1580062080,+3.34, +2.865, +0.164,+0.960
1580062140,+3.34, +2.886, +0.163,+0.960
1580062200,+3.34, +2.907, +0.165,+0.960
1580062260,+3.34, +2.918, +0.162,+0.960
1580062320,+3.34, +2.897, +0.164,+0.960
1580062380,+3.34, +2.886, +0.164,+0.960
1580062440,+3.34, +2.886, +0.162,+0.960
1580062500,+3.34, +2.897, +0.163,+0.960
1580062560,+3.34, +2.907, +0.161,+0.960
1580062620,+3.34, +2.907, +0.164,+0.960
1580062680,+3.34, +2.886, +0.164,+0.960
1580062740,+3.34, +2.886, +0.164,+0.960
1580062800,+3.34, +2.939, +0.163,+0.960
1580062860,+3.34, +2.886, +0.162,+0.960
1580062920,+3.34, +2.918, +0.162,+0.960
1580062980,+3.34, +2.907, +0.163,+0.960
1580063040,+3.34, +2.939, +0.166,+0.960
1580063100,+3.34, +2.897, +0.164,+0.960
1580063160,+3.34, +2.939, +0.163,+0.960
1580063220,+3.34, +2.907, +0.165,+0.960
1580063280,+3.34, +2.918, +0.164,+0.960
1580063340,+3.34, +2.886, +0.164,+0.960
1580063400,+3.34, +2.918, +0.164,+0.960
1580063460,+3.34, +2.897, +0.163,+0.960
1580063520,+3.34, +2.907, +0.165,+0.960
1580063580,+3.34, +2.907, +0.163,+0.960
1580063640,+3.34, +2.907, +0.165,+0.960
1580063700,+3.34, +2.897, +0.165,+0.960
1580063760,+3.34, +2.897, +0.164,+0.960
1580063820,+3.34, +2.907, +0.162,+0.960
1580063880,+3.34, +2.897, +0.165,+0.960
1580063940,+3.34, +2.886, +0.162,+0.960
1580064000,+3.34, +2.897, +0.164,+0.960
1580064060,+3.34, +2.918, +0.162,+0.960
1580064120,+3.34, +2.886, +0.165,+0.960
1580064180,+3.34, +2.918, +0.163,+0.960
1580064240,+3.34, +2.907, +0.164,+0.960
1580064300,+3.34, +2.886, +0.163,+0.960
1580064360,+3.34, +2.907, +0.162,+0.960
1580064420,+3.34, +2.886, +0.163,+0.960
1580064480,+3.34, +2.886, +0.164,+0.960
1580064540,+3.34, +2.886, +0.166,+0.960
1580064600,+3.34, +2.897, +0.163,+0.960
1580064660,+3.34, +2.907, +0.162,+0.960
1580064720,+3.34, +2.918, +0.162,+0.960
1580064780,+3.34, +2.886, +0.163,+0.960
1580064840,+3.34, +2.875, +0.165,+0.960
1580064900,+3.34, +2.918, +0.163,+0.960
1580064960,+3.34, +2.886, +0.165,+0.960
1580065020,+3.34, +2.907, +0.164,+0.960
1580065080,+3.34, +2.897, +0.163,+0.960
1580065140,+3.34, +2.907, +0.165,+0.960
1580065200,+3.34, +2.897, +0.162,+0.960
1580065260,+3.34, +2.907, +0.164,+0.960
1580065320,+3.34, +2.918, +0.164,+0.960
1580065380,+3.34, +2.918, +0.162,+0.960
1580065440,+3.34, +2.907, +0.163,+0.960
1580065500,+3.34, +2.854, +0.163,+0.959
1580065560,+3.34, +2.875, +0.163,+0.960
1580065620,+3.34, +2.907, +0.163,+0.960
1580065680,+3.34, +2.897, +0.164,+0.960
1580065740,+3.34, +2.865, +0.163,+0.960
1580065800,+3.34, +2.897, +0.164,+0.960
1580065860,+3.34, +2.875, +0.164,+0.960
1580065920,+3.34, +2.907, +0.164,+0.960
1580065980,+3.34, +2.907, +0.163,+0.960
1580066040,+3.34, +2.907, +0.164,+0.960
1580066100,+3.34, +2.907, +0.164,+0.960
1580066160,+3.34, +2.907, +0.164,+0.960
1580066220,+3.34, +2.886, +0.166,+0.960
1580066280,+3.34, +2.907, +0.165,+0.960
1580066340,+3.34, +2.907, +0.164,+0.960
1580066400,+3.34, +2.918, +0.164,+0.960
1580066460,+3.34, +2.897, +0.164,+0.960
1580066520,+3.34, +2.907, +0.164,+0.960
1580066580,+3.34, +2.897, +0.164,+0.960
1580066640,+3.34, +2.918, +0.163,+0.960
1580066700,+3.34, +2.897, +0.162,+0.960
1580066760,+3.34, +2.907, +0.162,+0.960
1580066820,+3.34, +2.907, +0.163,+0.960
1580066880,+3.34, +2.907, +0.164,+0.960
1580066940,+3.34, +2.886, +0.165,+0.960
1580067000,+3.34, +2.918, +0.163,+0.960
1580067060,+3.34, +2.897, +0.163,+0.960
1580067120,+3.34, +2.907, +0.164,+0.960
1580067180,+3.34, +2.907, +0.163,+0.960
1580067240,+3.34, +2.939, +0.164,+0.960
1580067300,+3.34, +2.907, +0.162,+0.960
1580067360,+3.34, +2.918, +0.164,+0.960
1580067420,+3.34, +2.907, +0.164,+0.960
1580067480,+3.34, +2.907, +0.164,+0.960
1580067540,+3.34, +2.907, +0.163,+0.960
1580067600,+3.34, +2.886, +0.162,+0.960
1580067660,+3.34, +2.907, +0.163,+0.960
1580067720,+3.34, +2.897, +0.165,+0.960
1580067780,+3.34, +2.897, +0.162,+0.960
1580067840,+3.34, +2.897, +0.164,+0.960
1580067900,+3.34, +2.865, +0.163,+0.960
1580067960,+3.34, +2.897, +0.164,+0.960
1580068020,+3.34, +2.886, +0.163,+0.960
1580068080,+3.34, +2.897, +0.164,+0.960
1580068140,+3.34, +2.897, +0.163,+0.960
1580068200,+3.34, +2.897, +0.164,+0.960
1580068260,+3.34, +2.897, +0.163,+0.960
1580068320,+3.34, +2.875, +0.164,+0.960
1580068380,+3.34, +2.897, +0.163,+0.960
1580068440,+3.34, +2.886, +0.163,+0.960
1580068500,+3.34, +2.897, +0.163,+0.960
1580068560,+3.34, +2.886, +0.164,+0.960
1580068620,+3.34, +2.886, +0.165,+0.960
1580068680,+3.34, +2.907, +0.162,+0.960
1580068740,+3.34, +2.918, +0.163,+0.960
1580068800,+3.34, +2.897, +0.164,+0.960
1580068860,+3.34, +2.918, +0.163,+0.960
1580068920,+3.34, +2.897, +0.164,+0.960
1580068980,+3.34, +2.886, +0.163,+0.960
1580069040,+3.34, +2.886, +0.165,+0.960
1580069100,+3.34, +2.886, +0.163,+0.960
1580069160,+3.34, +2.886, +0.164,+0.960
1580069220,+3.34, +2.907, +0.163,+0.960
1580069280,+3.34, +2.907, +0.162,+0.960
1580069340,+3.34, +2.886, +0.165,+0.960
1580069400,+3.34, +2.907, +0.163,+0.960
1580069460,+3.34, +2.886, +0.163,+0.960
1580069520,+3.34, +2.918, +0.164,+0.960
1580069580,+3.34, +2.886, +0.164,+0.960
1580069640,+3.34, +2.897, +0.163,+0.960
1580069700,+3.34, +2.907, +0.164,+0.960
1580069760,+3.34, +2.907, +0.163,+0.960
1580069820,+3.34, +2.897, +0.163,+0.960
1580069880,+3.34, +2.886, +0.164,+0.960
1580069940,+3.34, +2.897, +0.165,+0.960
1580070000,+3.34, +2.907, +0.162,+0.960
1580070060,+3.34, +2.886, +0.163,+0.960
1580070120,+3.34, +2.918, +0.163,+0.960
1580070180,+3.34, +2.897, +0.165,+0.960
1580070240,+3.34, +2.897, +0.163,+0.960
1580070300,+3.34, +2.907, +0.162,+0.960
1580070360,+3.34, +2.886, +0.164,+0.960
1580070420,+3.34, +2.886, +0.164,+0.960
1580070480,+3.34, +2.801, +0.165,+0.960
1580070540,+3.34, +2.886, +0.162,+0.960
1580070600,+3.34, +2.907, +0.163,+0.960
1580070660,+3.34, +2.886, +0.164,+0.960
1580070720,+3.34, +2.897, +0.163,+0.960
1580070780,+3.34, +2.907, +0.162,+0.960
1580070840,+3.34, +2.897, +0.164,+0.960
1580070900,+3.34, +2.875, +0.164,+0.960
1580070960,+3.34, +2.897, +0.165,+0.960
1580071020,+3.34, +2.907, +0.162,+0.960
1580071080,+3.34, +2.886, +0.165,+0.960
1580071140,+3.34, +2.886, +0.163,+0.960
1580071200,+3.34, +2.886, +0.163,+0.960
1580071260,+3.34, +2.918, +0.165,+0.960
1580071320,+3.34, +2.865, +0.164,+0.960
1580071380,+3.34, +2.897, +0.163,+0.960
1580071440,+3.34, +2.833, +0.165,+0.959
1580071500,+3.34, +2.897, +0.162,+0.960
1580071560,+3.34, +2.907, +0.165,+0.960
1580071620,+3.34, +2.907, +0.163,+0.960
1580071680,+3.34, +2.907, +0.164,+0.960
1580071740,+3.34, +2.907, +0.164,+0.960
1580071800,+3.34, +2.897, +0.162,+0.960
