7392-570653
OS REV: 1.11 Sensor Cal: 1428445788
Time (sec),  BV (Volts),  T (deg C),  DO (mg/l),  Q ()
1580676660,+3.34, +2.736, +0.166,+0.960
1580676720,+3.34, +2.715, +0.166,+0.960
1580676780,+3.34, +2.704, +0.165,+0.960
1580676840,+3.34, +2.715, +0.164,+0.960
1580676900,+3.34, +2.758, +0.163,+0.960
1580676960,+3.34, +2.726, +0.164,+0.960
1580677020,+3.34, +2.726, +0.165,+0.960
1580677080,+3.34, +2.704, +0.166,+0.960
1580677140,+3.34, +2.694, +0.166,+0.960
1580677200,+3.34, +2.726, +0.165,+0.960
1580677260,+3.34, +2.726, +0.164,+0.960
1580677320,+3.34, +2.747, +0.164,+0.960
1580677380,+3.34, +2.736, +0.166,+0.960
1580677440,+3.34, +2.715, +0.163,+0.960
1580677500,+3.34, +2.726, +0.164,+0.960
1580677560,+3.34, +2.726, +0.165,+0.960
1580677620,+3.34, +2.736, +0.163,+0.960
1580677680,+3.34, +2.715, +0.167,+0.960
1580677740,+3.34, +2.715, +0.165,+0.960
1580677800,+3.34, +2.726, +0.165,+0.960
1580677860,+3.34, +2.726, +0.164,+0.960
1580677920,+3.34, +2.758, +0.164,+0.960
1580677980,+3.34, +2.736, +0.165,+0.960
1580678040,+3.34, +2.704, +0.165,+0.960
1580678100,+3.34, +2.726, +0.164,+0.960
1580678160,+3.34, +2.715, +0.164,+0.960
1580678220,+3.34, +2.715, +0.165,+0.960
1580678280,+3.34, +2.715, +0.167,+0.960
1580678340,+3.34, +2.694, +0.165,+0.960
1580678400,+3.34, +2.747, +0.163,+0.960
1580678460,+3.34, +2.726, +0.165,+0.960
1580678520,+3.34, +2.736, +0.163,+0.960
1580678580,+3.34, +2.726, +0.165,+0.960
1580678640,+3.34, +2.736, +0.165,+0.960
1580678700,+3.34, +2.726, +0.165,+0.960
1580678760,+3.34, +2.736, +0.164,+0.960
1580678820,+3.34, +2.704, +0.166,+0.960
1580678880,+3.34, +2.736, +0.163,+0.960
1580678940,+3.34, +2.704, +0.164,+0.960
1580679000,+3.34, +2.747, +0.164,+0.960
1580679060,+3.34, +2.715, +0.166,+0.960
1580679120,+3.34, +2.726, +0.165,+0.960
1580679180,+3.34, +2.715, +0.164,+0.960
1580679240,+3.34, +2.715, +0.165,+0.960
1580679300,+3.34, +2.726, +0.166,+0.960
1580679360,+3.34, +2.715, +0.165,+0.960
1580679420,+3.34, +2.694, +0.167,+0.960
1580679480,+3.34, +2.726, +0.165,+0.960
1580679540,+3.34, +2.736, +0.166,+0.960
1580679600,+3.34, +2.704, +0.165,+0.960
1580679660,+3.34, +2.715, +0.167,+0.960
1580679720,+3.34, +2.736, +0.165,+0.960
1580679780,+3.34, +2.694, +0.166,+0.960
1580679840,+3.34, +2.736, +0.166,+0.960
1580679900,+3.34, +2.726, +0.165,+0.960
1580679960,+3.34, +2.726, +0.166,+0.960
1580680020,+3.34, +2.726, +0.163,+0.960
1580680080,+3.34, +2.704, +0.166,+0.960
1580680140,+3.34, +2.715, +0.165,+0.960
1580680200,+3.34, +2.715, +0.165,+0.960
1580680260,+3.34, +2.715, +0.165,+0.960
1580680320,+3.34, +2.694, +0.165,+0.960
1580680380,+3.34, +2.715, +0.167,+0.960
1580680440,+3.34, +2.704, +0.165,+0.960
1580680500,+3.34, +2.736, +0.166,+0.960
1580680560,+3.34, +2.715, +0.165,+0.960
1580680620,+3.34, +2.726, +0.165,+0.960
1580680680,+3.34, +2.747, +0.164,+0.960
1580680740,+3.34, +2.694, +0.166,+0.960
1580680800,+3.34, +2.715, +0.166,+0.960
1580680860,+3.34, +2.726, +0.164,+0.960
1580680920,+3.34, +2.736, +0.166,+0.960
1580680980,+3.34, +2.747, +0.165,+0.960
1580681040,+3.34, +2.726, +0.164,+0.960
1580681100,+3.34, +2.715, +0.163,+0.960
1580681160,+3.34, +2.715, +0.165,+0.960
1580681220,+3.34, +2.715, +0.166,+0.960
1580681280,+3.34, +2.715, +0.165,+0.960
1580681340,+3.34, +2.726, +0.166,+0.960
1580681400,+3.34, +2.736, +0.164,+0.960
1580681460,+3.34, +2.715, +0.165,+0.960
1580681520,+3.34, +2.715, +0.165,+0.960
1580681580,+3.34, +2.726, +0.166,+0.960
1580681640,+3.34, +2.704, +0.165,+0.960
1580681700,+3.34, +2.715, +0.164,+0.960
1580681760,+3.34, +2.747, +0.164,+0.960
1580681820,+3.34, +2.683, +0.164,+0.960
1580681880,+3.34, +2.704, +0.165,+0.960
1580681940,+3.34, +2.736, +0.164,+0.960
1580682000,+3.34, +2.726, +0.166,+0.960
1580682060,+3.34, +2.715, +0.166,+0.960
1580682120,+3.34, +2.715, +0.163,+0.960
1580682180,+3.34, +2.726, +0.165,+0.960
1580682240,+3.33, +2.715, +0.164,+0.960
1580682300,+3.34, +2.715, +0.163,+0.960
1580682360,+3.34, +2.704, +0.165,+0.960
1580682420,+3.34, +2.715, +0.164,+0.960
1580682480,+3.34, +2.726, +0.165,+0.960
1580682540,+3.34, +2.726, +0.164,+0.960
1580682600,+3.34, +2.736, +0.164,+0.960
1580682660,+3.34, +2.715, +0.164,+0.960
1580682720,+3.34, +2.726, +0.167,+0.960
1580682780,+3.34, +2.726, +0.163,+0.960
1580682840,+3.34, +2.694, +0.166,+0.960
1580682900,+3.34, +2.736, +0.164,+0.960
1580682960,+3.34, +2.715, +0.165,+0.960
1580683020,+3.34, +2.683, +0.164,+0.960
1580683080,+3.34, +2.726, +0.165,+0.960
1580683140,+3.34, +2.736, +0.164,+0.960
1580683200,+3.34, +2.704, +0.164,+0.960
1580683260,+3.34, +2.736, +0.167,+0.960
1580683320,+3.34, +2.704, +0.165,+0.960
1580683380,+3.34, +2.683, +0.165,+0.960
1580683440,+3.34, +2.694, +0.167,+0.960
1580683500,+3.34, +2.726, +0.165,+0.960
1580683560,+3.34, +2.726, +0.164,+0.960
1580683620,+3.34, +2.726, +0.165,+0.960
1580683680,+3.34, +2.726, +0.165,+0.960
1580683740,+3.34, +2.704, +0.165,+0.960
1580683800,+3.34, +2.726, +0.165,+0.960
1580683860,+3.34, +2.704, +0.165,+0.960
1580683920,+3.34, +2.694, +0.166,+0.960
1580683980,+3.34, +2.715, +0.166,+0.960
1580684040,+3.34, +2.715, +0.164,+0.960
1580684100,+3.34, +2.661, +0.165,+0.960
1580684160,+3.34, +2.726, +0.165,+0.960
1580684220,+3.34, +2.715, +0.166,+0.960
1580684280,+3.34, +2.715, +0.166,+0.960
1580684340,+3.34, +2.715, +0.163,+0.960
1580684400,+3.34, +2.715, +0.165,+0.960
1580684460,+3.34, +2.726, +0.166,+0.960
1580684520,+3.34, +2.704, +0.163,+0.960
1580684580,+3.34, +2.704, +0.165,+0.960
1580684640,+3.34, +2.715, +0.165,+0.960
1580684700,+3.34, +2.726, +0.164,+0.960
1580684760,+3.34, +2.715, +0.164,+0.960
1580684820,+3.34, +2.694, +0.164,+0.960
1580684880,+3.34, +2.704, +0.166,+0.960
1580684940,+3.34, +2.715, +0.166,+0.960
1580685000,+3.34, +2.736, +0.164,+0.960
1580685060,+3.34, +2.736, +0.166,+0.960
1580685120,+3.34, +2.726, +0.165,+0.960
1580685180,+3.34, +2.715, +0.165,+0.960
1580685240,+3.34, +2.726, +0.164,+0.960
1580685300,+3.34, +2.726, +0.165,+0.960
1580685360,+3.34, +2.736, +0.165,+0.960
1580685420,+3.34, +2.704, +0.166,+0.960
1580685480,+3.34, +2.694, +0.165,+0.960
1580685540,+3.34, +2.747, +0.163,+0.960
1580685600,+3.34, +2.704, +0.167,+0.960
1580685660,+3.34, +2.704, +0.166,+0.960
1580685720,+3.34, +2.704, +0.164,+0.960
1580685780,+3.34, +2.715, +0.165,+0.960
1580685840,+3.34, +2.715, +0.166,+0.960
1580685900,+3.34, +2.726, +0.166,+0.960
1580685960,+3.34, +2.726, +0.165,+0.960
1580686020,+3.34, +2.779, +0.163,+0.960
1580686080,+3.34, +2.726, +0.164,+0.960
1580686140,+3.34, +2.726, +0.164,+0.960
1580686200,+3.34, +2.726, +0.164,+0.960
1580686260,+3.34, +2.736, +0.164,+0.960
1580686320,+3.34, +2.715, +0.166,+0.960
1580686380,+3.34, +2.704, +0.164,+0.960
1580686440,+3.34, +2.715, +0.164,+0.960
1580686500,+3.34, +2.683, +0.164,+0.959
1580686560,+3.34, +2.726, +0.165,+0.960
1580686620,+3.34, +2.651, +0.165,+0.960
1580686680,+3.34, +2.726, +0.164,+0.960
1580686740,+3.34, +2.694, +0.165,+0.960
1580686800,+3.34, +2.747, +0.165,+0.960
1580686860,+3.34, +2.715, +0.164,+0.960
1580686920,+3.34, +2.726, +0.165,+0.960
1580686980,+3.34, +2.726, +0.165,+0.960
1580687040,+3.34, +2.694, +0.163,+0.960
1580687100,+3.34, +2.726, +0.164,+0.960
1580687160,+3.34, +2.726, +0.165,+0.960
1580687220,+3.34, +2.715, +0.167,+0.960
1580687280,+3.34, +2.683, +0.166,+0.960
1580687340,+3.34, +2.704, +0.166,+0.960
1580687400,+3.34, +2.726, +0.164,+0.960
1580687460,+3.34, +2.694, +0.166,+0.960
1580687520,+3.34, +2.704, +0.164,+0.960
1580687580,+3.34, +2.726, +0.165,+0.960
1580687640,+3.34, +2.715, +0.166,+0.960
1580687700,+3.34, +2.704, +0.165,+0.960
1580687760,+3.34, +2.715, +0.165,+0.960
1580687820,+3.34, +2.726, +0.164,+0.960
1580687880,+3.34, +2.704, +0.164,+0.960
1580687940,+3.34, +2.715, +0.165,+0.960
1580688000,+3.34, +2.715, +0.165,+0.960
1580688060,+3.34, +2.704, +0.165,+0.960
1580688120,+3.34, +2.747, +0.165,+0.960
1580688180,+3.34, +2.694, +0.164,+0.960
1580688240,+3.34, +2.726, +0.164,+0.960
1580688300,+3.34, +2.715, +0.166,+0.960
1580688360,+3.34, +2.704, +0.165,+0.960
1580688420,+3.34, +2.715, +0.166,+0.960
1580688480,+3.34, +2.704, +0.165,+0.960
1580688540,+3.34, +2.704, +0.165,+0.960
1580688600,+3.34, +2.726, +0.166,+0.960
1580688660,+3.34, +2.704, +0.165,+0.960
1580688720,+3.34, +2.715, +0.164,+0.960
1580688780,+3.34, +2.715, +0.165,+0.960
1580688840,+3.34, +2.715, +0.165,+0.960
1580688900,+3.34, +2.715, +0.166,+0.960
1580688960,+3.34, +2.715, +0.165,+0.960
1580689020,+3.34, +2.715, +0.165,+0.960
1580689080,+3.34, +2.651, +0.166,+0.960
1580689140,+3.34, +2.704, +0.165,+0.960
1580689200,+3.34, +2.715, +0.165,+0.960
1580689260,+3.34, +2.715, +0.166,+0.960
1580689320,+3.34, +2.747, +0.165,+0.960
1580689380,+3.34, +2.726, +0.165,+0.960
1580689440,+3.34, +2.715, +0.165,+0.960
1580689500,+3.34, +2.694, +0.165,+0.960
1580689560,+3.34, +2.736, +0.165,+0.960
1580689620,+3.34, +2.726, +0.165,+0.960
1580689680,+3.34, +2.726, +0.166,+0.960
1580689740,+3.34, +2.715, +0.162,+0.960
1580689800,+3.34, +2.704, +0.164,+0.960
1580689860,+3.34, +2.726, +0.166,+0.960
1580689920,+3.34, +2.715, +0.165,+0.960
1580689980,+3.34, +2.704, +0.164,+0.960
1580690040,+3.34, +2.715, +0.165,+0.960
1580690100,+3.34, +2.726, +0.165,+0.960
1580690160,+3.34, +2.726, +0.164,+0.960
1580690220,+3.34, +2.715, +0.164,+0.960
1580690280,+3.34, +2.715, +0.166,+0.960
1580690340,+3.34, +2.715, +0.165,+0.960
1580690400,+3.34, +2.704, +0.164,+0.960
1580690460,+3.34, +2.715, +0.165,+0.960
1580690520,+3.34, +2.715, +0.165,+0.960
1580690580,+3.34, +2.704, +0.165,+0.960
1580690640,+3.34, +2.683, +0.167,+0.960
1580690700,+3.34, +2.694, +0.164,+0.960
1580690760,+3.34, +2.715, +0.165,+0.960
1580690820,+3.34, +2.694, +0.166,+0.960
1580690880,+3.34, +2.726, +0.165,+0.960
1580690940,+3.34, +2.704, +0.165,+0.960
1580691000,+3.34, +2.704, +0.167,+0.960
1580691060,+3.34, +2.704, +0.166,+0.960
1580691120,+3.34, +2.715, +0.167,+0.960
1580691180,+3.34, +2.715, +0.166,+0.960
1580691240,+3.34, +2.726, +0.167,+0.960
1580691300,+3.34, +2.715, +0.165,+0.960
1580691360,+3.34, +2.768, +0.165,+0.960
1580691420,+3.34, +2.694, +0.165,+0.960
1580691480,+3.34, +2.715, +0.164,+0.960
1580691540,+3.34, +2.715, +0.165,+0.960
1580691600,+3.34, +2.715, +0.166,+0.960
1580691660,+3.34, +2.726, +0.165,+0.960
1580691720,+3.34, +2.704, +0.166,+0.960
1580691780,+3.34, +2.715, +0.164,+0.960
1580691840,+3.34, +2.694, +0.166,+0.960
1580691900,+3.34, +2.704, +0.167,+0.960
1580691960,+3.34, +2.704, +0.164,+0.960
1580692020,+3.34, +2.736, +0.164,+0.960
1580692080,+3.34, +2.704, +0.166,+0.960
1580692140,+3.34, +2.704, +0.165,+0.960
1580692200,+3.34, +2.726, +0.163,+0.960
1580692260,+3.34, +2.704, +0.163,+0.960
1580692320,+3.34, +2.726, +0.165,+0.960
1580692380,+3.34, +2.704, +0.165,+0.960
1580692440,+3.34, +2.726, +0.164,+0.960
1580692500,+3.34, +2.726, +0.164,+0.960
1580692560,+3.34, +2.704, +0.164,+0.960
1580692620,+3.34, +2.715, +0.165,+0.960
1580692680,+3.34, +2.683, +0.165,+0.960
1580692740,+3.34, +2.715, +0.164,+0.960
1580692800,+3.34, +2.715, +0.164,+0.960
1580692860,+3.34, +2.694, +0.165,+0.960
1580692920,+3.34, +2.715, +0.163,+0.960
1580692980,+3.34, +2.715, +0.167,+0.960
1580693040,+3.34, +2.704, +0.167,+0.960
1580693100,+3.34, +2.726, +0.164,+0.960
1580693160,+3.34, +2.715, +0.165,+0.960
1580693220,+3.34, +2.704, +0.165,+0.960
1580693280,+3.34, +2.704, +0.165,+0.960
1580693340,+3.34, +2.715, +0.165,+0.960
1580693400,+3.34, +2.726, +0.164,+0.960
1580693460,+3.34, +2.726, +0.165,+0.960
1580693520,+3.34, +2.715, +0.165,+0.960
1580693580,+3.34, +2.736, +0.164,+0.960
1580693640,+3.34, +2.715, +0.162,+0.960
1580693700,+3.34, +2.694, +0.166,+0.960
1580693760,+3.34, +2.704, +0.164,+0.960
1580693820,+3.34, +2.683, +0.166,+0.960
1580693880,+3.34, +2.704, +0.167,+0.960
1580693940,+3.34, +2.715, +0.164,+0.960
1580694000,+3.34, +2.694, +0.164,+0.960
1580694060,+3.34, +2.715, +0.163,+0.960
1580694120,+3.34, +2.726, +0.164,+0.960
1580694180,+3.34, +2.704, +0.166,+0.960
1580694240,+3.34, +2.726, +0.164,+0.960
1580694300,+3.34, +2.726, +0.164,+0.960
1580694360,+3.34, +2.683, +0.166,+0.960
1580694420,+3.34, +2.726, +0.166,+0.960
1580694480,+3.34, +2.736, +0.167,+0.960
1580694540,+3.34, +2.715, +0.165,+0.960
1580694600,+3.34, +2.726, +0.165,+0.960
1580694660,+3.34, +2.736, +0.165,+0.960
1580694720,+3.34, +2.715, +0.164,+0.960
1580694780,+3.34, +2.715, +0.165,+0.960
1580694840,+3.34, +2.736, +0.165,+0.960
1580694900,+3.34, +2.715, +0.164,+0.960
1580694960,+3.34, +2.694, +0.167,+0.960
1580695020,+3.34, +2.715, +0.165,+0.960
1580695080,+3.34, +2.694, +0.166,+0.960
1580695140,+3.34, +2.715, +0.164,+0.960
1580695200,+3.34, +2.715, +0.165,+0.960
1580695260,+3.34, +2.715, +0.164,+0.960
1580695320,+3.34, +2.683, +0.166,+0.960
1580695380,+3.34, +2.726, +0.164,+0.960
1580695440,+3.34, +2.683, +0.165,+0.960
1580695500,+3.34, +2.736, +0.163,+0.960
1580695560,+3.34, +2.726, +0.164,+0.960
1580695620,+3.34, +2.726, +0.166,+0.960
1580695680,+3.34, +2.726, +0.165,+0.960
1580695740,+3.34, +2.715, +0.165,+0.960
1580695800,+3.34, +2.715, +0.164,+0.960
1580695860,+3.34, +2.736, +0.165,+0.960
1580695920,+3.34, +2.715, +0.165,+0.960
1580695980,+3.34, +2.715, +0.165,+0.960
1580696040,+3.34, +2.715, +0.166,+0.960
1580696100,+3.34, +2.715, +0.163,+0.960
1580696160,+3.34, +2.715, +0.163,+0.960
1580696220,+3.34, +2.704, +0.166,+0.960
1580696280,+3.34, +2.726, +0.164,+0.960
1580696340,+3.34, +2.694, +0.166,+0.960
1580696400,+3.34, +2.715, +0.165,+0.960
1580696460,+3.34, +2.704, +0.165,+0.960
1580696520,+3.34, +2.726, +0.165,+0.960
1580696580,+3.34, +2.704, +0.165,+0.960
1580696640,+3.34, +2.694, +0.164,+0.960
1580696700,+3.34, +2.726, +0.165,+0.960
1580696760,+3.34, +2.715, +0.166,+0.960
1580696820,+3.34, +2.704, +0.165,+0.960
1580696880,+3.34, +2.736, +0.166,+0.960
1580696940,+3.34, +2.726, +0.165,+0.960
1580697000,+3.34, +2.715, +0.165,+0.960
1580697060,+3.34, +2.715, +0.166,+0.960
1580697120,+3.34, +2.694, +0.165,+0.960
1580697180,+3.34, +2.736, +0.164,+0.960
1580697240,+3.34, +2.704, +0.166,+0.960
1580697300,+3.34, +2.726, +0.163,+0.960
1580697360,+3.34, +2.715, +0.166,+0.960
1580697420,+3.34, +2.694, +0.164,+0.960
1580697480,+3.34, +2.736, +0.165,+0.960
1580697540,+3.34, +2.694, +0.165,+0.960
1580697600,+3.34, +2.704, +0.164,+0.960
1580697660,+3.34, +2.694, +0.166,+0.960
1580697720,+3.34, +2.715, +0.164,+0.960
1580697780,+3.34, +2.704, +0.166,+0.960
1580697840,+3.34, +2.715, +0.164,+0.960
1580697900,+3.34, +2.726, +0.165,+0.960
1580697960,+3.34, +2.736, +0.163,+0.960
1580698020,+3.34, +2.736, +0.165,+0.960
1580698080,+3.34, +2.726, +0.165,+0.960
1580698140,+3.34, +2.715, +0.165,+0.960
1580698200,+3.34, +2.683, +0.167,+0.960
1580698260,+3.34, +2.704, +0.166,+0.960
1580698320,+3.34, +2.726, +0.165,+0.960
1580698380,+3.34, +2.715, +0.166,+0.960
1580698440,+3.34, +2.704, +0.164,+0.960
1580698500,+3.34, +2.715, +0.164,+0.960
1580698560,+3.34, +2.715, +0.164,+0.960
1580698620,+3.34, +2.704, +0.165,+0.960
1580698680,+3.34, +2.726, +0.165,+0.960
1580698740,+3.34, +2.704, +0.166,+0.960
1580698800,+3.34, +2.726, +0.165,+0.960
1580698860,+3.34, +2.715, +0.167,+0.960
1580698920,+3.34, +2.736, +0.165,+0.960
1580698980,+3.34, +2.726, +0.166,+0.960
1580699040,+3.34, +2.736, +0.166,+0.960
1580699100,+3.34, +2.715, +0.166,+0.960
1580699160,+3.34, +2.715, +0.164,+0.960
1580699220,+3.34, +2.715, +0.166,+0.960
1580699280,+3.34, +2.747, +0.164,+0.960
1580699340,+3.34, +2.726, +0.166,+0.960
1580699400,+3.34, +2.726, +0.164,+0.960
1580699460,+3.34, +2.736, +0.165,+0.960
1580699520,+3.34, +2.704, +0.165,+0.960
1580699580,+3.34, +2.715, +0.166,+0.960
1580699640,+3.34, +2.726, +0.164,+0.960
1580699700,+3.34, +2.768, +0.165,+0.960
1580699760,+3.34, +2.661, +0.165,+0.960
1580699820,+3.34, +2.726, +0.164,+0.960
1580699880,+3.34, +2.736, +0.165,+0.960
1580699940,+3.34, +2.704, +0.167,+0.960
1580700000,+3.34, +2.726, +0.164,+0.960
1580700060,+3.34, +2.715, +0.165,+0.960
1580700120,+3.34, +2.704, +0.165,+0.960
1580700180,+3.34, +2.694, +0.165,+0.960
1580700240,+3.34, +2.726, +0.165,+0.960
1580700300,+3.34, +2.726, +0.165,+0.960
1580700360,+3.34, +2.726, +0.166,+0.960
1580700420,+3.34, +2.704, +0.165,+0.960
1580700480,+3.34, +2.715, +0.164,+0.960
1580700540,+3.34, +2.736, +0.165,+0.960
1580700600,+3.34, +2.704, +0.165,+0.960
1580700660,+3.34, +2.726, +0.165,+0.960
1580700720,+3.34, +2.747, +0.163,+0.960
1580700780,+3.34, +2.715, +0.165,+0.960
1580700840,+3.34, +2.715, +0.165,+0.960
1580700900,+3.34, +2.715, +0.163,+0.960
1580700960,+3.34, +2.715, +0.165,+0.960
1580701020,+3.34, +2.704, +0.166,+0.960
1580701080,+3.34, +2.715, +0.164,+0.960
1580701140,+3.34, +2.726, +0.165,+0.960
1580701200,+3.34, +2.651, +0.166,+0.960
1580701260,+3.34, +2.715, +0.165,+0.960
1580701320,+3.34, +2.726, +0.163,+0.960
1580701380,+3.34, +2.758, +0.166,+0.960
1580701440,+3.34, +2.704, +0.165,+0.960
1580701500,+3.34, +2.715, +0.164,+0.960
1580701560,+3.34, +2.715, +0.165,+0.960
1580701620,+3.34, +2.726, +0.164,+0.960
1580701680,+3.34, +2.694, +0.167,+0.960
1580701740,+3.34, +2.726, +0.166,+0.960
1580701800,+3.34, +2.704, +0.163,+0.960
1580701860,+3.34, +2.715, +0.164,+0.960
1580701920,+3.34, +2.704, +0.165,+0.960
1580701980,+3.34, +2.715, +0.165,+0.960
1580702040,+3.34, +2.726, +0.165,+0.960
1580702100,+3.34, +2.704, +0.166,+0.960
1580702160,+3.34, +2.715, +0.165,+0.960
1580702220,+3.34, +2.726, +0.164,+0.960
1580702280,+3.34, +2.715, +0.166,+0.960
1580702340,+3.34, +2.715, +0.166,+0.960
1580702400,+3.34, +2.683, +0.166,+0.960
1580702460,+3.34, +2.736, +0.166,+0.960
1580702520,+3.34, +2.704, +0.166,+0.960
1580702580,+3.34, +2.747, +0.166,+0.960
1580702640,+3.34, +2.726, +0.164,+0.960
1580702700,+3.34, +2.715, +0.165,+0.960
1580702760,+3.34, +2.726, +0.164,+0.960
1580702820,+3.34, +2.715, +0.165,+0.960
1580702880,+3.34, +2.736, +0.165,+0.960
1580702940,+3.34, +2.694, +0.167,+0.960
1580703000,+3.34, +2.694, +0.166,+0.960
1580703060,+3.34, +2.736, +0.165,+0.960
1580703120,+3.34, +2.694, +0.166,+0.960
1580703180,+3.34, +2.704, +0.165,+0.960
1580703240,+3.34, +2.704, +0.166,+0.960
1580703300,+3.34, +2.726, +0.164,+0.960
1580703360,+3.34, +2.726, +0.165,+0.960
1580703420,+3.34, +2.736, +0.163,+0.960
1580703480,+3.34, +2.704, +0.165,+0.960
1580703540,+3.34, +2.747, +0.163,+0.960
1580703600,+3.34, +2.726, +0.164,+0.960
1580703660,+3.34, +2.704, +0.163,+0.960
1580703720,+3.34, +2.736, +0.165,+0.960
1580703780,+3.34, +2.715, +0.166,+0.960
1580703840,+3.34, +2.736, +0.165,+0.960
1580703900,+3.34, +2.758, +0.164,+0.960
1580703960,+3.34, +2.747, +0.164,+0.960
1580704020,+3.34, +2.715, +0.165,+0.960
1580704080,+3.34, +2.694, +0.164,+0.960
1580704140,+3.34, +2.704, +0.166,+0.960
1580704200,+3.34, +2.726, +0.165,+0.960
1580704260,+3.34, +2.704, +0.165,+0.960
1580704320,+3.34, +2.694, +0.166,+0.960
1580704380,+3.34, +2.715, +0.165,+0.960
1580704440,+3.34, +2.715, +0.165,+0.960
1580704500,+3.34, +2.726, +0.164,+0.960
1580704560,+3.34, +2.726, +0.164,+0.960
1580704620,+3.34, +2.715, +0.164,+0.960
1580704680,+3.34, +2.715, +0.165,+0.960
1580704740,+3.34, +2.726, +0.166,+0.960
1580704800,+3.34, +2.715, +0.165,+0.960
1580704860,+3.34, +2.704, +0.166,+0.960
1580704920,+3.34, +2.726, +0.165,+0.960
1580704980,+3.34, +2.715, +0.165,+0.960
1580705040,+3.34, +2.704, +0.164,+0.960
1580705100,+3.34, +2.715, +0.165,+0.960
1580705160,+3.34, +2.715, +0.165,+0.960
1580705220,+3.34, +2.704, +0.165,+0.960
1580705280,+3.34, +2.726, +0.166,+0.960
1580705340,+3.34, +2.704, +0.164,+0.960
1580705400,+3.34, +2.694, +0.165,+0.960
1580705460,+3.34, +2.704, +0.165,+0.960
1580705520,+3.34, +2.726, +0.164,+0.960
1580705580,+3.34, +2.704, +0.165,+0.960
1580705640,+3.34, +2.715, +0.166,+0.960
1580705700,+3.34, +2.715, +0.164,+0.960
1580705760,+3.34, +2.704, +0.165,+0.960
1580705820,+3.34, +2.726, +0.166,+0.960
1580705880,+3.34, +2.715, +0.164,+0.960
1580705940,+3.34, +2.694, +0.165,+0.960
1580706000,+3.34, +2.704, +0.166,+0.960
1580706060,+3.34, +2.694, +0.164,+0.960
1580706120,+3.34, +2.726, +0.165,+0.960
1580706180,+3.34, +2.704, +0.164,+0.960
1580706240,+3.34, +2.715, +0.164,+0.960
1580706300,+3.34, +2.715, +0.165,+0.960
1580706360,+3.34, +2.694, +0.165,+0.960
1580706420,+3.34, +2.726, +0.165,+0.960
1580706480,+3.34, +2.726, +0.164,+0.960
1580706540,+3.34, +2.704, +0.164,+0.960
1580706600,+3.34, +2.715, +0.165,+0.960
1580706660,+3.34, +2.726, +0.165,+0.960
1580706720,+3.34, +2.694, +0.166,+0.960
1580706780,+3.34, +2.736, +0.166,+0.960
1580706840,+3.34, +2.726, +0.164,+0.960
1580706900,+3.34, +2.704, +0.166,+0.960
1580706960,+3.34, +2.704, +0.165,+0.960
1580707020,+3.34, +2.715, +0.166,+0.960
1580707080,+3.34, +2.704, +0.166,+0.960
1580707140,+3.34, +2.715, +0.166,+0.960
1580707200,+3.34, +2.704, +0.164,+0.960
1580707260,+3.34, +2.694, +0.165,+0.960
1580707320,+3.34, +2.715, +0.166,+0.960
1580707380,+3.34, +2.715, +0.163,+0.960
1580707440,+3.34, +2.704, +0.166,+0.960
1580707500,+3.34, +2.704, +0.165,+0.960
1580707560,+3.34, +2.704, +0.164,+0.960
1580707620,+3.34, +2.715, +0.165,+0.960
1580707680,+3.34, +2.726, +0.165,+0.960
1580707740,+3.34, +2.704, +0.164,+0.960
1580707800,+3.34, +2.726, +0.167,+0.960
1580707860,+3.34, +2.683, +0.165,+0.960
1580707920,+3.34, +2.704, +0.166,+0.960
1580707980,+3.34, +2.651, +0.166,+0.960
1580708040,+3.34, +2.726, +0.163,+0.960
1580708100,+3.34, +2.726, +0.165,+0.960
1580708160,+3.34, +2.704, +0.165,+0.960
1580708220,+3.34, +2.704, +0.164,+0.960
1580708280,+3.34, +2.704, +0.164,+0.960
1580708340,+3.34, +2.715, +0.166,+0.960
1580708400,+3.34, +2.694, +0.165,+0.960
1580708460,+3.34, +2.704, +0.166,+0.960
1580708520,+3.34, +2.694, +0.166,+0.960
1580708580,+3.34, +2.715, +0.164,+0.960
1580708640,+3.34, +2.694, +0.164,+0.960
1580708700,+3.34, +2.704, +0.163,+0.960
1580708760,+3.34, +2.704, +0.166,+0.960
1580708820,+3.34, +2.715, +0.165,+0.960
1580708880,+3.34, +2.747, +0.164,+0.960
1580708940,+3.34, +2.726, +0.165,+0.960
1580709000,+3.34, +2.704, +0.165,+0.960
1580709060,+3.34, +2.683, +0.165,+0.960
1580709120,+3.34, +2.715, +0.165,+0.960
1580709180,+3.34, +2.704, +0.166,+0.960
1580709240,+3.34, +2.726, +0.166,+0.960
1580709300,+3.34, +2.715, +0.166,+0.960
1580709360,+3.34, +2.704, +0.166,+0.960
1580709420,+3.34, +2.715, +0.163,+0.960
1580709480,+3.34, +2.704, +0.165,+0.960
1580709540,+3.34, +2.715, +0.166,+0.960
1580709600,+3.34, +2.694, +0.166,+0.960
1580709660,+3.34, +2.704, +0.166,+0.960
1580709720,+3.33, +2.715, +0.165,+0.960
1580709780,+3.34, +2.715, +0.164,+0.960
1580709840,+3.34, +2.715, +0.165,+0.960
1580709900,+3.34, +2.726, +0.164,+0.960
1580709960,+3.34, +2.726, +0.166,+0.960
1580710020,+3.34, +2.715, +0.163,+0.960
1580710080,+3.34, +2.715, +0.165,+0.960
1580710140,+3.34, +2.726, +0.166,+0.960
1580710200,+3.34, +2.704, +0.165,+0.960
1580710260,+3.34, +2.736, +0.165,+0.960
1580710320,+3.34, +2.694, +0.166,+0.960
1580710380,+3.34, +2.726, +0.164,+0.960
1580710440,+3.34, +2.715, +0.164,+0.960
1580710500,+3.33, +2.672, +0.166,+0.960
1580710560,+3.34, +2.726, +0.164,+0.960
1580710620,+3.34, +2.704, +0.167,+0.960
1580710680,+3.34, +2.683, +0.166,+0.960
1580710740,+3.34, +2.715, +0.167,+0.960
1580710800,+3.34, +2.704, +0.163,+0.960
1580710860,+3.34, +2.704, +0.165,+0.960
1580710920,+3.34, +2.736, +0.165,+0.960
1580710980,+3.34, +2.715, +0.166,+0.960
1580711040,+3.34, +2.715, +0.165,+0.960
1580711100,+3.34, +2.694, +0.163,+0.960
1580711160,+3.34, +2.704, +0.167,+0.960
1580711220,+3.34, +2.704, +0.164,+0.960
1580711280,+3.34, +2.683, +0.164,+0.959
1580711340,+3.34, +2.715, +0.165,+0.960
1580711400,+3.34, +2.704, +0.165,+0.960
1580711460,+3.34, +2.704, +0.165,+0.960
1580711520,+3.34, +2.736, +0.164,+0.960
1580711580,+3.34, +2.694, +0.165,+0.960
1580711640,+3.34, +2.715, +0.163,+0.960
1580711700,+3.34, +2.715, +0.164,+0.960
1580711760,+3.34, +2.704, +0.165,+0.960
1580711820,+3.34, +2.747, +0.165,+0.960
1580711880,+3.34, +2.704, +0.165,+0.960
1580711940,+3.34, +2.726, +0.166,+0.960
1580712000,+3.34, +2.694, +0.167,+0.960
1580712060,+3.34, +2.704, +0.164,+0.960
1580712120,+3.34, +2.704, +0.165,+0.960
1580712180,+3.34, +2.715, +0.164,+0.960
1580712240,+3.34, +2.704, +0.167,+0.960
1580712300,+3.34, +2.715, +0.163,+0.960
1580712360,+3.34, +2.694, +0.166,+0.960
1580712420,+3.34, +2.715, +0.165,+0.960
1580712480,+3.34, +2.704, +0.164,+0.960
1580712540,+3.34, +2.683, +0.165,+0.960
1580712600,+3.34, +2.704, +0.165,+0.960
1580712660,+3.34, +2.694, +0.166,+0.960
1580712720,+3.34, +2.704, +0.165,+0.960
1580712780,+3.34, +2.715, +0.163,+0.960
1580712840,+3.34, +2.726, +0.165,+0.960
1580712900,+3.34, +2.694, +0.164,+0.960
1580712960,+3.34, +2.683, +0.164,+0.960
1580713020,+3.34, +2.715, +0.162,+0.960
1580713080,+3.34, +2.694, +0.165,+0.960
1580713140,+3.34, +2.715, +0.165,+0.960
1580713200,+3.34, +2.715, +0.165,+0.960
1580713260,+3.34, +2.715, +0.165,+0.960
1580713320,+3.34, +2.726, +0.162,+0.960
1580713380,+3.34, +2.694, +0.166,+0.960
1580713440,+3.34, +2.726, +0.164,+0.960
1580713500,+3.34, +2.726, +0.164,+0.960
1580713560,+3.34, +2.715, +0.166,+0.960
1580713620,+3.34, +2.715, +0.164,+0.960
1580713680,+3.34, +2.715, +0.163,+0.960
1580713740,+3.34, +2.661, +0.166,+0.960
1580713800,+3.34, +2.715, +0.165,+0.960
1580713860,+3.34, +2.736, +0.165,+0.960
1580713920,+3.34, +2.715, +0.164,+0.960
1580713980,+3.34, +2.715, +0.164,+0.960
1580714040,+3.34, +2.715, +0.165,+0.960
1580714100,+3.34, +2.726, +0.164,+0.960
1580714160,+3.34, +2.715, +0.163,+0.960
1580714220,+3.34, +2.715, +0.164,+0.960
1580714280,+3.34, +2.704, +0.166,+0.960
1580714340,+3.34, +2.726, +0.166,+0.960
1580714400,+3.34, +2.715, +0.166,+0.960
1580714460,+3.34, +2.694, +0.164,+0.960
1580714520,+3.34, +2.726, +0.167,+0.960
1580714580,+3.34, +2.704, +0.164,+0.960
1580714640,+3.34, +2.726, +0.165,+0.960
1580714700,+3.34, +2.726, +0.165,+0.960
1580714760,+3.34, +2.694, +0.166,+0.960
1580714820,+3.34, +2.704, +0.164,+0.960
1580714880,+3.34, +2.704, +0.166,+0.960
1580714940,+3.34, +2.715, +0.167,+0.960
1580715000,+3.34, +2.704, +0.167,+0.960
1580715060,+3.34, +2.704, +0.166,+0.960
1580715120,+3.34, +2.715, +0.165,+0.960
1580715180,+3.34, +2.736, +0.164,+0.960
1580715240,+3.34, +2.715, +0.165,+0.960
1580715300,+3.34, +2.704, +0.165,+0.960
1580715360,+3.34, +2.683, +0.165,+0.960
1580715420,+3.34, +2.715, +0.166,+0.960
1580715480,+3.34, +2.736, +0.164,+0.960
1580715540,+3.34, +2.726, +0.165,+0.960
1580715600,+3.34, +2.704, +0.166,+0.960
1580715660,+3.34, +2.715, +0.167,+0.960
1580715720,+3.34, +2.694, +0.165,+0.960
1580715780,+3.34, +2.715, +0.165,+0.960
1580715840,+3.34, +2.715, +0.167,+0.960
1580715900,+3.34, +2.715, +0.164,+0.960
1580715960,+3.34, +2.726, +0.166,+0.960
1580716020,+3.33, +2.715, +0.166,+0.960
1580716080,+3.34, +2.683, +0.166,+0.960
1580716140,+3.34, +2.715, +0.165,+0.960
1580716200,+3.34, +2.704, +0.166,+0.960
1580716260,+3.34, +2.726, +0.165,+0.960
1580716320,+3.34, +2.715, +0.166,+0.960
1580716380,+3.34, +2.694, +0.165,+0.960
1580716440,+3.34, +2.726, +0.165,+0.960
1580716500,+3.34, +2.694, +0.166,+0.960
1580716560,+3.34, +2.715, +0.165,+0.960
1580716620,+3.34, +2.715, +0.164,+0.960
1580716680,+3.34, +2.704, +0.164,+0.960
1580716740,+3.34, +2.726, +0.164,+0.960
1580716800,+3.34, +2.694, +0.164,+0.960
1580716860,+3.34, +2.715, +0.166,+0.960
1580716920,+3.34, +2.758, +0.164,+0.960
1580716980,+3.34, +2.726, +0.164,+0.960
1580717040,+3.34, +2.726, +0.165,+0.960
1580717100,+3.34, +2.704, +0.165,+0.960
1580717160,+3.34, +2.715, +0.166,+0.960
1580717220,+3.34, +2.715, +0.166,+0.960
1580717280,+3.34, +2.704, +0.166,+0.960
1580717340,+3.34, +2.704, +0.165,+0.960
1580717400,+3.34, +2.715, +0.166,+0.960
1580717460,+3.34, +2.704, +0.165,+0.960
1580717520,+3.34, +2.704, +0.166,+0.960
1580717580,+3.34, +2.768, +0.164,+0.960
1580717640,+3.34, +2.704, +0.167,+0.960
1580717700,+3.34, +2.726, +0.164,+0.960
1580717760,+3.34, +2.715, +0.166,+0.960
1580717820,+3.34, +2.726, +0.166,+0.960
1580717880,+3.34, +2.661, +0.167,+0.960
1580717940,+3.34, +2.726, +0.165,+0.960
1580718000,+3.34, +2.726, +0.164,+0.960
1580718060,+3.34, +2.715, +0.163,+0.960
1580718120,+3.34, +2.704, +0.166,+0.960
1580718180,+3.34, +2.704, +0.165,+0.960
1580718240,+3.34, +2.694, +0.165,+0.960
1580718300,+3.34, +2.704, +0.165,+0.960
1580718360,+3.34, +2.715, +0.165,+0.960
1580718420,+3.34, +2.715, +0.165,+0.960
1580718480,+3.34, +2.715, +0.166,+0.960
1580718540,+3.34, +2.694, +0.166,+0.960
1580718600,+3.34, +2.694, +0.165,+0.960
1580718660,+3.34, +2.726, +0.165,+0.960
1580718720,+3.34, +2.726, +0.164,+0.960
1580718780,+3.34, +2.726, +0.165,+0.960
1580718840,+3.34, +2.704, +0.164,+0.960
1580718900,+3.34, +2.726, +0.165,+0.960
1580718960,+3.34, +2.726, +0.164,+0.960
1580719020,+3.34, +2.715, +0.166,+0.960
1580719080,+3.34, +2.726, +0.164,+0.960
1580719140,+3.34, +2.736, +0.165,+0.960
1580719200,+3.34, +2.715, +0.165,+0.960
1580719260,+3.34, +2.715, +0.165,+0.960
1580719320,+3.34, +2.736, +0.163,+0.960
1580719380,+3.34, +2.715, +0.165,+0.960
1580719440,+3.34, +2.747, +0.163,+0.960
1580719500,+3.34, +2.715, +0.166,+0.960
1580719560,+3.34, +2.704, +0.164,+0.960
1580719620,+3.34, +2.704, +0.166,+0.960
1580719680,+3.34, +2.704, +0.165,+0.960
1580719740,+3.34, +2.726, +0.164,+0.960
1580719800,+3.34, +2.715, +0.166,+0.960
1580719860,+3.34, +2.736, +0.164,+0.960
1580719920,+3.34, +2.715, +0.166,+0.960
1580719980,+3.34, +2.694, +0.166,+0.960
1580720040,+3.34, +2.747, +0.164,+0.960
1580720100,+3.34, +2.694, +0.164,+0.960
1580720160,+3.34, +2.704, +0.165,+0.960
1580720220,+3.34, +2.726, +0.165,+0.960
1580720280,+3.34, +2.736, +0.164,+0.960
1580720340,+3.34, +2.694, +0.166,+0.960
1580720400,+3.34, +2.726, +0.166,+0.960
1580720460,+3.34, +2.715, +0.166,+0.960
1580720520,+3.34, +2.747, +0.166,+0.960
1580720580,+3.34, +2.704, +0.165,+0.960
1580720640,+3.34, +2.736, +0.164,+0.960
1580720700,+3.34, +2.715, +0.165,+0.960
1580720760,+3.34, +2.715, +0.166,+0.960
1580720820,+3.34, +2.747, +0.163,+0.960
1580720880,+3.34, +2.715, +0.166,+0.960
1580720940,+3.34, +2.726, +0.164,+0.960
1580721000,+3.34, +2.694, +0.166,+0.960
1580721060,+3.34, +2.726, +0.164,+0.960
1580721120,+3.34, +2.747, +0.165,+0.960
1580721180,+3.34, +2.726, +0.164,+0.960
1580721240,+3.34, +2.715, +0.164,+0.960
1580721300,+3.34, +2.726, +0.164,+0.960
1580721360,+3.34, +2.726, +0.165,+0.960
1580721420,+3.34, +2.704, +0.166,+0.960
1580721480,+3.34, +2.736, +0.166,+0.960
1580721540,+3.34, +2.715, +0.164,+0.960
1580721600,+3.34, +2.704, +0.164,+0.960
1580721660,+3.34, +2.704, +0.164,+0.960
1580721720,+3.34, +2.715, +0.165,+0.960
1580721780,+3.34, +2.715, +0.165,+0.960
1580721840,+3.34, +2.715, +0.165,+0.960
1580721900,+3.34, +2.715, +0.166,+0.960
1580721960,+3.34, +2.704, +0.166,+0.960
1580722020,+3.34, +2.715, +0.166,+0.960
1580722080,+3.34, +2.704, +0.165,+0.960
1580722140,+3.34, +2.704, +0.163,+0.960
1580722200,+3.34, +2.715, +0.165,+0.960
1580722260,+3.34, +2.672, +0.165,+0.960
1580722320,+3.34, +2.715, +0.163,+0.960
1580722380,+3.34, +2.726, +0.165,+0.960
1580722440,+3.34, +2.704, +0.166,+0.960
1580722500,+3.34, +2.683, +0.164,+0.960
1580722560,+3.34, +2.715, +0.165,+0.960
1580722620,+3.34, +2.704, +0.165,+0.960
1580722680,+3.34, +2.694, +0.165,+0.960
1580722740,+3.34, +2.704, +0.166,+0.960
1580722800,+3.34, +2.704, +0.165,+0.960
1580722860,+3.34, +2.715, +0.164,+0.960
1580722920,+3.34, +2.726, +0.165,+0.960
1580722980,+3.34, +2.704, +0.165,+0.960
1580723040,+3.34, +2.694, +0.165,+0.960
1580723100,+3.34, +2.715, +0.165,+0.960
1580723160,+3.34, +2.694, +0.166,+0.960
1580723220,+3.34, +2.704, +0.165,+0.960
1580723280,+3.34, +2.704, +0.167,+0.960
1580723340,+3.34, +2.715, +0.167,+0.960
1580723400,+3.34, +2.694, +0.168,+0.960
1580723460,+3.34, +2.736, +0.163,+0.960
1580723520,+3.34, +2.704, +0.165,+0.960
1580723580,+3.34, +2.704, +0.165,+0.960
1580723640,+3.34, +2.715, +0.165,+0.960
1580723700,+3.34, +2.726, +0.166,+0.960
1580723760,+3.34, +2.704, +0.166,+0.960
1580723820,+3.34, +2.694, +0.167,+0.960
1580723880,+3.34, +2.726, +0.166,+0.960
1580723940,+3.34, +2.726, +0.163,+0.960
1580724000,+3.34, +2.704, +0.165,+0.960
1580724060,+3.34, +2.736, +0.164,+0.960
1580724120,+3.34, +2.747, +0.165,+0.960
1580724180,+3.34, +2.715, +0.166,+0.960
1580724240,+3.34, +2.726, +0.166,+0.960
1580724300,+3.34, +2.715, +0.164,+0.960
1580724360,+3.34, +2.704, +0.165,+0.960
1580724420,+3.34, +2.715, +0.164,+0.960
1580724480,+3.34, +2.704, +0.168,+0.960
1580724540,+3.34, +2.683, +0.167,+0.960
1580724600,+3.34, +2.704, +0.166,+0.960
1580724660,+3.34, +2.672, +0.167,+0.960
1580724720,+3.34, +2.736, +0.163,+0.960
1580724780,+3.34, +2.704, +0.164,+0.960
1580724840,+3.34, +2.694, +0.167,+0.960
1580724900,+3.34, +2.715, +0.166,+0.960
1580724960,+3.34, +2.715, +0.165,+0.960
1580725020,+3.34, +2.715, +0.166,+0.960
1580725080,+3.34, +2.715, +0.165,+0.960
1580725140,+3.34, +2.694, +0.166,+0.960
1580725200,+3.34, +2.704, +0.163,+0.960
1580725260,+3.34, +2.704, +0.165,+0.960
1580725320,+3.34, +2.694, +0.166,+0.960
1580725380,+3.34, +2.715, +0.165,+0.960
1580725440,+3.34, +2.715, +0.164,+0.960
1580725500,+3.34, +2.704, +0.166,+0.960
1580725560,+3.34, +2.704, +0.166,+0.960
1580725620,+3.34, +2.715, +0.165,+0.960
1580725680,+3.34, +2.694, +0.167,+0.960
1580725740,+3.34, +2.726, +0.165,+0.960
1580725800,+3.34, +2.694, +0.164,+0.960
1580725860,+3.34, +2.694, +0.165,+0.960
1580725920,+3.34, +2.726, +0.164,+0.960
1580725980,+3.34, +2.704, +0.163,+0.960
1580726040,+3.34, +2.726, +0.164,+0.960
1580726100,+3.34, +2.694, +0.165,+0.960
1580726160,+3.34, +2.726, +0.165,+0.960
1580726220,+3.34, +2.704, +0.166,+0.960
1580726280,+3.34, +2.683, +0.164,+0.960
1580726340,+3.34, +2.683, +0.165,+0.960
1580726400,+3.34, +2.715, +0.164,+0.960
1580726460,+3.34, +2.683, +0.165,+0.960
1580726520,+3.34, +2.704, +0.165,+0.960
1580726580,+3.34, +2.704, +0.165,+0.960
1580726640,+3.34, +2.715, +0.165,+0.960
1580726700,+3.34, +2.704, +0.165,+0.960
1580726760,+3.34, +2.726, +0.167,+0.960
1580726820,+3.34, +2.715, +0.164,+0.960
1580726880,+3.34, +2.694, +0.166,+0.960
1580726940,+3.34, +2.683, +0.164,+0.960
1580727000,+3.34, +2.704, +0.165,+0.960
1580727060,+3.34, +2.694, +0.165,+0.960
1580727120,+3.34, +2.683, +0.166,+0.960
1580727180,+3.34, +2.726, +0.164,+0.960
1580727240,+3.34, +2.726, +0.165,+0.960
1580727300,+3.34, +2.683, +0.164,+0.960
1580727360,+3.34, +2.726, +0.164,+0.960
1580727420,+3.34, +2.694, +0.164,+0.960
1580727480,+3.34, +2.704, +0.167,+0.960
1580727540,+3.34, +2.715, +0.165,+0.960
1580727600,+3.34, +2.694, +0.165,+0.960
1580727660,+3.34, +2.694, +0.164,+0.960
1580727720,+3.34, +2.694, +0.166,+0.960
1580727780,+3.34, +2.661, +0.166,+0.960
1580727840,+3.34, +2.704, +0.164,+0.960
1580727900,+3.34, +2.715, +0.163,+0.960
1580727960,+3.34, +2.715, +0.164,+0.960
1580728020,+3.34, +2.694, +0.166,+0.960
1580728080,+3.34, +2.694, +0.164,+0.960
1580728140,+3.34, +2.683, +0.165,+0.960
1580728200,+3.34, +2.694, +0.166,+0.960
1580728260,+3.34, +2.694, +0.165,+0.960
1580728320,+3.34, +2.704, +0.164,+0.960
1580728380,+3.34, +2.694, +0.165,+0.960
1580728440,+3.34, +2.694, +0.165,+0.960
1580728500,+3.34, +2.694, +0.163,+0.960
1580728560,+3.34, +2.747, +0.164,+0.960
1580728620,+3.34, +2.683, +0.165,+0.960
1580728680,+3.34, +2.768, +0.164,+0.960
1580728740,+3.34, +2.694, +0.167,+0.960
1580728800,+3.34, +2.704, +0.165,+0.960
1580728860,+3.34, +2.704, +0.165,+0.960
1580728920,+3.34, +2.704, +0.166,+0.960
1580728980,+3.34, +2.704, +0.166,+0.960
1580729040,+3.34, +2.672, +0.166,+0.960
1580729100,+3.34, +2.704, +0.165,+0.960
1580729160,+3.34, +2.694, +0.166,+0.960
1580729220,+3.34, +2.704, +0.164,+0.960
1580729280,+3.34, +2.704, +0.166,+0.960
1580729340,+3.34, +2.704, +0.164,+0.960
1580729400,+3.34, +2.694, +0.166,+0.960
1580729460,+3.34, +2.715, +0.164,+0.960
1580729520,+3.34, +2.683, +0.164,+0.960
1580729580,+3.34, +2.694, +0.164,+0.960
1580729640,+3.34, +2.694, +0.164,+0.960
1580729700,+3.34, +2.704, +0.166,+0.960
1580729760,+3.34, +2.726, +0.165,+0.960
1580729820,+3.34, +2.694, +0.164,+0.960
1580729880,+3.34, +2.694, +0.167,+0.960
1580729940,+3.34, +2.683, +0.164,+0.960
1580730000,+3.34, +2.694, +0.164,+0.960
1580730060,+3.34, +2.715, +0.165,+0.960
1580730120,+3.34, +2.694, +0.166,+0.960
1580730180,+3.34, +2.715, +0.164,+0.960
1580730240,+3.34, +2.683, +0.166,+0.960
1580730300,+3.34, +2.694, +0.166,+0.960
1580730360,+3.34, +2.672, +0.166,+0.960
1580730420,+3.34, +2.694, +0.165,+0.960
1580730480,+3.34, +2.694, +0.166,+0.960
1580730540,+3.34, +2.683, +0.167,+0.960
1580730600,+3.34, +2.715, +0.164,+0.960
1580730660,+3.34, +2.704, +0.164,+0.960
1580730720,+3.34, +2.736, +0.164,+0.960
1580730780,+3.34, +2.726, +0.163,+0.960
1580730840,+3.34, +2.704, +0.164,+0.960
1580730900,+3.34, +2.683, +0.164,+0.960
1580730960,+3.34, +2.694, +0.166,+0.960
1580731020,+3.34, +2.683, +0.166,+0.960
1580731080,+3.34, +2.715, +0.166,+0.960
1580731140,+3.34, +2.683, +0.166,+0.960
1580731200,+3.34, +2.704, +0.166,+0.960
1580731260,+3.34, +2.704, +0.167,+0.960
1580731320,+3.34, +2.704, +0.165,+0.960
1580731380,+3.34, +2.704, +0.166,+0.960
1580731440,+3.34, +2.683, +0.165,+0.960
1580731500,+3.34, +2.704, +0.166,+0.960
1580731560,+3.34, +2.704, +0.165,+0.960
1580731620,+3.34, +2.683, +0.165,+0.960
1580731680,+3.34, +2.694, +0.165,+0.960
1580731740,+3.34, +2.704, +0.165,+0.960
1580731800,+3.34, +2.683, +0.164,+0.960
1580731860,+3.34, +2.694, +0.165,+0.960
1580731920,+3.34, +2.704, +0.164,+0.960
1580731980,+3.34, +2.736, +0.164,+0.960
1580732040,+3.34, +2.704, +0.162,+0.960
1580732100,+3.34, +2.704, +0.165,+0.960
1580732160,+3.34, +2.726, +0.163,+0.960
1580732220,+3.34, +2.715, +0.165,+0.960
1580732280,+3.34, +2.694, +0.165,+0.960
1580732340,+3.34, +2.672, +0.168,+0.960
1580732400,+3.34, +2.672, +0.166,+0.960
1580732460,+3.34, +2.694, +0.164,+0.960
1580732520,+3.34, +2.704, +0.165,+0.960
1580732580,+3.34, +2.704, +0.165,+0.960
1580732640,+3.34, +2.726, +0.163,+0.960
1580732700,+3.34, +2.694, +0.165,+0.960
1580732760,+3.34, +2.715, +0.166,+0.960
1580732820,+3.34, +2.715, +0.165,+0.960
1580732880,+3.34, +2.694, +0.165,+0.960
1580732940,+3.34, +2.683, +0.166,+0.960
1580733000,+3.34, +2.683, +0.165,+0.960
1580733060,+3.34, +2.672, +0.167,+0.960
1580733120,+3.34, +2.715, +0.165,+0.960
1580733180,+3.34, +2.694, +0.165,+0.960
1580733240,+3.34, +2.715, +0.166,+0.960
1580733300,+3.34, +2.715, +0.164,+0.960
1580733360,+3.34, +2.715, +0.165,+0.960
1580733420,+3.34, +2.683, +0.165,+0.960
1580733480,+3.34, +2.694, +0.166,+0.960
1580733540,+3.34, +2.715, +0.168,+0.960
1580733600,+3.34, +2.694, +0.165,+0.960
1580733660,+3.34, +2.694, +0.166,+0.960
1580733720,+3.34, +2.694, +0.167,+0.960
1580733780,+3.34, +2.715, +0.165,+0.960
1580733840,+3.34, +2.683, +0.164,+0.960
1580733900,+3.34, +2.672, +0.165,+0.960
1580733960,+3.34, +2.704, +0.165,+0.960
1580734020,+3.34, +2.715, +0.164,+0.960
1580734080,+3.34, +2.704, +0.165,+0.960
1580734140,+3.34, +2.672, +0.165,+0.960
1580734200,+3.34, +2.683, +0.166,+0.960
1580734260,+3.34, +2.694, +0.166,+0.960
1580734320,+3.34, +2.704, +0.165,+0.960
1580734380,+3.34, +2.704, +0.166,+0.960
1580734440,+3.34, +2.704, +0.164,+0.960
1580734500,+3.34, +2.704, +0.165,+0.960
1580734560,+3.34, +2.704, +0.167,+0.960
1580734620,+3.34, +2.715, +0.164,+0.960
1580734680,+3.34, +2.704, +0.164,+0.960
1580734740,+3.34, +2.694, +0.166,+0.960
1580734800,+3.34, +2.715, +0.165,+0.960
1580734860,+3.34, +2.704, +0.166,+0.960
1580734920,+3.34, +2.704, +0.166,+0.960
1580734980,+3.34, +2.683, +0.166,+0.960
1580735040,+3.34, +2.715, +0.166,+0.960
1580735100,+3.34, +2.704, +0.165,+0.960
1580735160,+3.34, +2.704, +0.165,+0.960
1580735220,+3.34, +2.704, +0.163,+0.960
1580735280,+3.34, +2.683, +0.165,+0.960
1580735340,+3.34, +2.715, +0.165,+0.960
1580735400,+3.34, +2.704, +0.166,+0.960
1580735460,+3.34, +2.704, +0.165,+0.960
1580735520,+3.34, +2.715, +0.165,+0.960
1580735580,+3.34, +2.704, +0.164,+0.960
1580735640,+3.34, +2.672, +0.166,+0.960
1580735700,+3.34, +2.704, +0.166,+0.960
1580735760,+3.34, +2.683, +0.163,+0.959
1580735820,+3.34, +2.715, +0.165,+0.960
1580735880,+3.34, +2.672, +0.165,+0.960
1580735940,+3.34, +2.694, +0.164,+0.960
1580736000,+3.34, +2.726, +0.164,+0.960
1580736060,+3.34, +2.683, +0.164,+0.960
1580736120,+3.34, +2.715, +0.165,+0.960
1580736180,+3.34, +2.715, +0.164,+0.960
1580736240,+3.34, +2.704, +0.164,+0.960
1580736300,+3.34, +2.704, +0.165,+0.960
1580736360,+3.34, +2.704, +0.165,+0.960
1580736420,+3.34, +2.704, +0.165,+0.960
1580736480,+3.34, +2.704, +0.166,+0.960
1580736540,+3.34, +2.704, +0.166,+0.960
1580736600,+3.34, +2.683, +0.165,+0.960
1580736660,+3.34, +2.704, +0.164,+0.960
1580736720,+3.34, +2.715, +0.167,+0.960
1580736780,+3.34, +2.694, +0.164,+0.960
1580736840,+3.34, +2.694, +0.166,+0.960
1580736900,+3.34, +2.704, +0.165,+0.960
1580736960,+3.34, +2.715, +0.165,+0.960
1580737020,+3.34, +2.694, +0.165,+0.960
1580737080,+3.34, +2.704, +0.166,+0.960
1580737140,+3.34, +2.715, +0.165,+0.960
1580737200,+3.34, +2.694, +0.164,+0.960
1580737260,+3.34, +2.715, +0.166,+0.960
1580737320,+3.34, +2.736, +0.166,+0.960
1580737380,+3.34, +2.726, +0.164,+0.960
1580737440,+3.34, +2.694, +0.167,+0.960
1580737500,+3.34, +2.726, +0.165,+0.960
1580737560,+3.34, +2.726, +0.164,+0.960
1580737620,+3.34, +2.704, +0.165,+0.960
1580737680,+3.34, +2.736, +0.165,+0.960
1580737740,+3.34, +2.715, +0.164,+0.960
1580737800,+3.34, +2.715, +0.165,+0.960
1580737860,+3.34, +2.694, +0.166,+0.960
1580737920,+3.34, +2.715, +0.165,+0.960
1580737980,+3.34, +2.683, +0.165,+0.960
1580738040,+3.34, +2.704, +0.165,+0.960
1580738100,+3.34, +2.704, +0.165,+0.960
1580738160,+3.34, +2.704, +0.165,+0.960
1580738220,+3.34, +2.715, +0.166,+0.960
1580738280,+3.34, +2.694, +0.164,+0.960
1580738340,+3.34, +2.694, +0.165,+0.960
1580738400,+3.34, +2.715, +0.164,+0.960
1580738460,+3.34, +2.704, +0.165,+0.960
1580738520,+3.34, +2.704, +0.165,+0.960
1580738580,+3.34, +2.694, +0.165,+0.960
1580738640,+3.34, +2.726, +0.165,+0.960
1580738700,+3.34, +2.704, +0.165,+0.960
1580738760,+3.34, +2.683, +0.165,+0.960
1580738820,+3.34, +2.694, +0.165,+0.960
1580738880,+3.34, +2.704, +0.166,+0.960
1580738940,+3.34, +2.683, +0.167,+0.960
1580739000,+3.34, +2.694, +0.166,+0.960
1580739060,+3.34, +2.704, +0.164,+0.960
1580739120,+3.34, +2.704, +0.164,+0.960
1580739180,+3.34, +2.726, +0.166,+0.960
1580739240,+3.34, +2.672, +0.165,+0.960
1580739300,+3.34, +2.694, +0.164,+0.960
1580739360,+3.34, +2.694, +0.166,+0.960
1580739420,+3.34, +2.683, +0.165,+0.960
1580739480,+3.34, +2.715, +0.166,+0.960
1580739540,+3.34, +2.694, +0.166,+0.960
1580739600,+3.34, +2.694, +0.165,+0.960
1580739660,+3.34, +2.704, +0.164,+0.960
1580739720,+3.34, +2.694, +0.166,+0.960
1580739780,+3.34, +2.672, +0.166,+0.960
1580739840,+3.34, +2.694, +0.163,+0.960
1580739900,+3.34, +2.704, +0.165,+0.960
1580739960,+3.34, +2.683, +0.166,+0.960
1580740020,+3.34, +2.715, +0.166,+0.960
1580740080,+3.34, +2.704, +0.165,+0.960
1580740140,+3.34, +2.683, +0.165,+0.960
1580740200,+3.34, +2.694, +0.166,+0.960
1580740260,+3.34, +2.694, +0.165,+0.960
1580740320,+3.34, +2.704, +0.165,+0.960
1580740380,+3.34, +2.715, +0.165,+0.960
1580740440,+3.34, +2.683, +0.167,+0.960
1580740500,+3.34, +2.672, +0.164,+0.960
1580740560,+3.34, +2.694, +0.166,+0.960
1580740620,+3.34, +2.694, +0.162,+0.959
1580740680,+3.34, +2.683, +0.165,+0.960
1580740740,+3.34, +2.704, +0.164,+0.960
1580740800,+3.34, +2.704, +0.165,+0.960
1580740860,+3.34, +2.683, +0.163,+0.960
1580740920,+3.34, +2.694, +0.165,+0.960
1580740980,+3.34, +2.704, +0.165,+0.960
1580741040,+3.34, +2.715, +0.164,+0.960
1580741100,+3.34, +2.683, +0.165,+0.960
1580741160,+3.34, +2.704, +0.163,+0.960
1580741220,+3.34, +2.704, +0.164,+0.960
1580741280,+3.34, +2.715, +0.164,+0.960
1580741340,+3.34, +2.672, +0.165,+0.960
1580741400,+3.34, +2.694, +0.165,+0.960
1580741460,+3.34, +2.683, +0.164,+0.960
1580741520,+3.34, +2.694, +0.165,+0.960
1580741580,+3.34, +2.704, +0.163,+0.960
1580741640,+3.34, +2.715, +0.165,+0.960
1580741700,+3.34, +2.704, +0.165,+0.960
1580741760,+3.34, +2.694, +0.164,+0.960
1580741820,+3.34, +2.704, +0.165,+0.960
1580741880,+3.34, +2.715, +0.164,+0.960
1580741940,+3.34, +2.704, +0.166,+0.960
1580742000,+3.34, +2.683, +0.167,+0.960
1580742060,+3.34, +2.704, +0.165,+0.960
1580742120,+3.34, +2.715, +0.166,+0.960
1580742180,+3.34, +2.726, +0.166,+0.960
1580742240,+3.34, +2.715, +0.165,+0.960
1580742300,+3.34, +2.704, +0.166,+0.960
1580742360,+3.34, +2.704, +0.164,+0.960
1580742420,+3.34, +2.704, +0.167,+0.960
1580742480,+3.34, +2.715, +0.165,+0.960
1580742540,+3.34, +2.704, +0.165,+0.960
1580742600,+3.34, +2.683, +0.166,+0.960
1580742660,+3.34, +2.694, +0.167,+0.960
1580742720,+3.34, +2.672, +0.165,+0.960
1580742780,+3.34, +2.704, +0.165,+0.960
1580742840,+3.34, +2.704, +0.165,+0.960
1580742900,+3.34, +2.694, +0.165,+0.960
1580742960,+3.34, +2.694, +0.165,+0.960
1580743020,+3.34, +2.694, +0.165,+0.960
1580743080,+3.34, +2.736, +0.166,+0.960
1580743140,+3.34, +2.694, +0.166,+0.960
1580743200,+3.34, +2.694, +0.164,+0.960
1580743260,+3.34, +2.661, +0.166,+0.960
1580743320,+3.34, +2.715, +0.164,+0.960
1580743380,+3.34, +2.736, +0.164,+0.960
1580743440,+3.34, +2.694, +0.166,+0.960
1580743500,+3.34, +2.683, +0.166,+0.960
1580743560,+3.34, +2.704, +0.165,+0.960
1580743620,+3.34, +2.694, +0.165,+0.960
1580743680,+3.34, +2.704, +0.166,+0.960
1580743740,+3.34, +2.715, +0.164,+0.960
1580743800,+3.34, +2.672, +0.165,+0.960
1580743860,+3.34, +2.704, +0.163,+0.960
1580743920,+3.34, +2.704, +0.166,+0.960
1580743980,+3.34, +2.704, +0.165,+0.960
1580744040,+3.34, +2.672, +0.165,+0.960
1580744100,+3.34, +2.694, +0.166,+0.960
1580744160,+3.34, +2.694, +0.164,+0.960
1580744220,+3.34, +2.736, +0.165,+0.960
1580744280,+3.34, +2.683, +0.165,+0.960
1580744340,+3.34, +2.694, +0.164,+0.960
1580744400,+3.34, +2.704, +0.164,+0.960
1580744460,+3.34, +2.715, +0.164,+0.960
1580744520,+3.34, +2.683, +0.166,+0.960
1580744580,+3.34, +2.704, +0.165,+0.960
1580744640,+3.34, +2.704, +0.164,+0.960
1580744700,+3.34, +2.694, +0.166,+0.960
1580744760,+3.34, +2.726, +0.163,+0.960
1580744820,+3.34, +2.694, +0.164,+0.960
1580744880,+3.34, +2.715, +0.165,+0.960
1580744940,+3.34, +2.661, +0.166,+0.960
1580745000,+3.34, +2.704, +0.164,+0.960
1580745060,+3.34, +2.704, +0.164,+0.960
1580745120,+3.34, +2.672, +0.165,+0.960
1580745180,+3.34, +2.736, +0.164,+0.960
1580745240,+3.34, +2.694, +0.164,+0.960
1580745300,+3.34, +2.694, +0.164,+0.960
1580745360,+3.34, +2.694, +0.165,+0.960
1580745420,+3.33, +2.704, +0.167,+0.960
1580745480,+3.34, +2.694, +0.164,+0.960
1580745540,+3.34, +2.694, +0.164,+0.960
1580745600,+3.34, +2.694, +0.166,+0.960
1580745660,+3.34, +2.683, +0.165,+0.960
1580745720,+3.34, +2.694, +0.164,+0.960
1580745780,+3.34, +2.704, +0.163,+0.960
1580745840,+3.34, +2.694, +0.166,+0.960
1580745900,+3.34, +2.715, +0.164,+0.960
1580745960,+3.34, +2.694, +0.164,+0.960
1580746020,+3.34, +2.704, +0.166,+0.960
1580746080,+3.34, +2.704, +0.164,+0.960
1580746140,+3.34, +2.694, +0.166,+0.960
1580746200,+3.34, +2.683, +0.164,+0.960
1580746260,+3.34, +2.683, +0.165,+0.960
1580746320,+3.34, +2.704, +0.164,+0.960
1580746380,+3.34, +2.704, +0.165,+0.960
1580746440,+3.34, +2.694, +0.165,+0.960
1580746500,+3.34, +2.715, +0.165,+0.960
1580746560,+3.34, +2.694, +0.167,+0.960
1580746620,+3.34, +2.683, +0.165,+0.960
1580746680,+3.34, +2.694, +0.164,+0.960
1580746740,+3.34, +2.683, +0.166,+0.960
1580746800,+3.34, +2.683, +0.165,+0.960
1580746860,+3.34, +2.683, +0.165,+0.960
1580746920,+3.34, +2.683, +0.165,+0.960
1580746980,+3.34, +2.704, +0.165,+0.960
1580747040,+3.34, +2.704, +0.165,+0.960
1580747100,+3.34, +2.704, +0.164,+0.960
1580747160,+3.34, +2.715, +0.166,+0.960
1580747220,+3.34, +2.694, +0.165,+0.960
1580747280,+3.34, +2.694, +0.166,+0.960
1580747340,+3.34, +2.704, +0.165,+0.960
1580747400,+3.34, +2.694, +0.165,+0.960
1580747460,+3.34, +2.683, +0.165,+0.960
1580747520,+3.34, +2.694, +0.164,+0.960
1580747580,+3.34, +2.672, +0.166,+0.960
1580747640,+3.34, +2.736, +0.166,+0.960
1580747700,+3.34, +2.694, +0.167,+0.960
1580747760,+3.34, +2.715, +0.164,+0.960
1580747820,+3.34, +2.694, +0.165,+0.960
1580747880,+3.34, +2.683, +0.164,+0.960
1580747940,+3.34, +2.704, +0.164,+0.960
1580748000,+3.34, +2.726, +0.165,+0.960
1580748060,+3.34, +2.694, +0.164,+0.960
1580748120,+3.34, +2.704, +0.166,+0.960
1580748180,+3.34, +2.683, +0.165,+0.960
1580748240,+3.34, +2.694, +0.166,+0.960
1580748300,+3.34, +2.694, +0.167,+0.960
1580748360,+3.34, +2.683, +0.165,+0.960
1580748420,+3.34, +2.704, +0.164,+0.960
1580748480,+3.34, +2.661, +0.165,+0.960
1580748540,+3.34, +2.694, +0.165,+0.960
1580748600,+3.34, +2.661, +0.166,+0.960
1580748660,+3.34, +2.683, +0.164,+0.960
1580748720,+3.34, +2.683, +0.164,+0.960
1580748780,+3.34, +2.683, +0.166,+0.960
1580748840,+3.34, +2.715, +0.165,+0.960
1580748900,+3.34, +2.694, +0.164,+0.960
1580748960,+3.34, +2.704, +0.165,+0.960
1580749020,+3.34, +2.661, +0.165,+0.960
1580749080,+3.34, +2.694, +0.164,+0.960
1580749140,+3.34, +2.715, +0.164,+0.960
1580749200,+3.34, +2.683, +0.166,+0.960
1580749260,+3.34, +2.694, +0.165,+0.960
1580749320,+3.34, +2.694, +0.165,+0.960
1580749380,+3.34, +2.704, +0.165,+0.960
1580749440,+3.34, +2.683, +0.166,+0.960
1580749500,+3.34, +2.715, +0.165,+0.960
1580749560,+3.34, +2.694, +0.165,+0.960
1580749620,+3.34, +2.694, +0.164,+0.960
1580749680,+3.34, +2.704, +0.164,+0.960
1580749740,+3.34, +2.694, +0.166,+0.960
1580749800,+3.34, +2.694, +0.166,+0.960
1580749860,+3.34, +2.683, +0.166,+0.960
1580749920,+3.34, +2.704, +0.166,+0.960
1580749980,+3.34, +2.726, +0.163,+0.960
1580750040,+3.34, +2.683, +0.163,+0.960
1580750100,+3.34, +2.704, +0.165,+0.960
1580750160,+3.34, +2.694, +0.165,+0.960
1580750220,+3.34, +2.704, +0.163,+0.960
1580750280,+3.34, +2.694, +0.165,+0.960
1580750340,+3.34, +2.694, +0.164,+0.960
1580750400,+3.34, +2.672, +0.164,+0.960
1580750460,+3.34, +2.704, +0.166,+0.960
1580750520,+3.34, +2.672, +0.165,+0.960
1580750580,+3.34, +2.683, +0.167,+0.960
1580750640,+3.34, +2.704, +0.166,+0.960
1580750700,+3.34, +2.715, +0.165,+0.960
1580750760,+3.34, +2.704, +0.163,+0.960
1580750820,+3.34, +2.715, +0.165,+0.960
1580750880,+3.34, +2.694, +0.164,+0.960
1580750940,+3.34, +2.704, +0.165,+0.960
1580751000,+3.34, +2.715, +0.165,+0.960
1580751060,+3.34, +2.715, +0.165,+0.960
1580751120,+3.34, +2.694, +0.165,+0.960
1580751180,+3.34, +2.683, +0.165,+0.960
1580751240,+3.34, +2.672, +0.165,+0.960
1580751300,+3.34, +2.694, +0.166,+0.960
1580751360,+3.34, +2.715, +0.166,+0.960
1580751420,+3.34, +2.683, +0.165,+0.960
1580751480,+3.34, +2.694, +0.166,+0.960
1580751540,+3.34, +2.672, +0.163,+0.960
1580751600,+3.34, +2.683, +0.164,+0.960
1580751660,+3.34, +2.704, +0.165,+0.960
1580751720,+3.34, +2.704, +0.164,+0.960
1580751780,+3.34, +2.694, +0.166,+0.960
1580751840,+3.34, +2.672, +0.165,+0.960
1580751900,+3.34, +2.683, +0.165,+0.960
1580751960,+3.34, +2.683, +0.164,+0.960
1580752020,+3.34, +2.694, +0.166,+0.960
1580752080,+3.34, +2.704, +0.165,+0.960
1580752140,+3.34, +2.704, +0.166,+0.960
1580752200,+3.34, +2.683, +0.168,+0.960
1580752260,+3.34, +2.683, +0.165,+0.960
1580752320,+3.34, +2.683, +0.165,+0.960
1580752380,+3.34, +2.694, +0.165,+0.960
1580752440,+3.34, +2.683, +0.166,+0.960
1580752500,+3.34, +2.704, +0.165,+0.960
1580752560,+3.34, +2.694, +0.165,+0.960
1580752620,+3.34, +2.694, +0.165,+0.960
1580752680,+3.34, +2.683, +0.166,+0.960
1580752740,+3.34, +2.726, +0.165,+0.960
1580752800,+3.34, +2.704, +0.167,+0.960
1580752860,+3.34, +2.694, +0.165,+0.960
1580752920,+3.34, +2.715, +0.166,+0.960
1580752980,+3.34, +2.683, +0.166,+0.960
1580753040,+3.34, +2.715, +0.165,+0.960
1580753100,+3.34, +2.694, +0.164,+0.960
1580753160,+3.34, +2.694, +0.165,+0.960
1580753220,+3.34, +2.694, +0.164,+0.960
1580753280,+3.34, +2.704, +0.166,+0.960
1580753340,+3.34, +2.694, +0.164,+0.960
1580753400,+3.34, +2.704, +0.164,+0.960
1580753460,+3.34, +2.694, +0.166,+0.960
1580753520,+3.34, +2.694, +0.167,+0.960
1580753580,+3.34, +2.704, +0.163,+0.960
1580753640,+3.34, +2.683, +0.165,+0.960
1580753700,+3.34, +2.694, +0.165,+0.960
1580753760,+3.34, +2.694, +0.165,+0.960
1580753820,+3.34, +2.683, +0.164,+0.960
1580753880,+3.34, +2.651, +0.165,+0.960
1580753940,+3.34, +2.694, +0.164,+0.960
1580754000,+3.34, +2.704, +0.165,+0.960
1580754060,+3.34, +2.694, +0.165,+0.960
1580754120,+3.34, +2.694, +0.166,+0.960
1580754180,+3.34, +2.704, +0.166,+0.960
1580754240,+3.34, +2.694, +0.166,+0.960
1580754300,+3.34, +2.694, +0.166,+0.960
1580754360,+3.34, +2.694, +0.164,+0.960
1580754420,+3.34, +2.672, +0.166,+0.960
1580754480,+3.34, +2.726, +0.164,+0.960
1580754540,+3.34, +2.683, +0.164,+0.960
1580754600,+3.34, +2.694, +0.165,+0.960
1580754660,+3.34, +2.704, +0.166,+0.960
1580754720,+3.34, +2.683, +0.166,+0.960
1580754780,+3.34, +2.704, +0.164,+0.960
1580754840,+3.34, +2.694, +0.164,+0.960
1580754900,+3.34, +2.694, +0.165,+0.960
1580754960,+3.34, +2.704, +0.165,+0.960
1580755020,+3.33, +2.694, +0.166,+0.960
1580755080,+3.34, +2.715, +0.164,+0.960
1580755140,+3.34, +2.704, +0.164,+0.960
1580755200,+3.34, +2.704, +0.165,+0.960
1580755260,+3.34, +2.704, +0.165,+0.960
1580755320,+3.34, +2.726, +0.166,+0.960
1580755380,+3.34, +2.704, +0.165,+0.960
1580755440,+3.34, +2.704, +0.165,+0.960
1580755500,+3.34, +2.661, +0.165,+0.960
1580755560,+3.34, +2.704, +0.165,+0.960
1580755620,+3.34, +2.694, +0.165,+0.960
1580755680,+3.34, +2.694, +0.165,+0.960
1580755740,+3.34, +2.694, +0.166,+0.960
1580755800,+3.34, +2.683, +0.166,+0.960
1580755860,+3.34, +2.694, +0.165,+0.960
1580755920,+3.34, +2.704, +0.165,+0.960
1580755980,+3.34, +2.661, +0.165,+0.960
1580756040,+3.34, +2.726, +0.165,+0.960
1580756100,+3.34, +2.672, +0.165,+0.960
1580756160,+3.34, +2.694, +0.165,+0.960
1580756220,+3.34, +2.640, +0.166,+0.960
1580756280,+3.34, +2.715, +0.165,+0.960
1580756340,+3.34, +2.694, +0.165,+0.960
1580756400,+3.34, +2.683, +0.166,+0.960
1580756460,+3.34, +2.694, +0.166,+0.960
1580756520,+3.34, +2.694, +0.165,+0.960
1580756580,+3.34, +2.715, +0.166,+0.960
1580756640,+3.34, +2.704, +0.164,+0.960
1580756700,+3.34, +2.694, +0.165,+0.960
1580756760,+3.34, +2.704, +0.164,+0.960
1580756820,+3.34, +2.683, +0.165,+0.960
1580756880,+3.34, +2.704, +0.164,+0.960
1580756940,+3.33, +2.694, +0.164,+0.960
1580757000,+3.34, +2.683, +0.166,+0.960
1580757060,+3.34, +2.726, +0.166,+0.960
1580757120,+3.34, +2.715, +0.165,+0.960
1580757180,+3.34, +2.704, +0.164,+0.960
1580757240,+3.34, +2.704, +0.165,+0.960
1580757300,+3.34, +2.715, +0.166,+0.960
1580757360,+3.34, +2.715, +0.165,+0.960
1580757420,+3.34, +2.704, +0.164,+0.960
1580757480,+3.34, +2.715, +0.166,+0.960
1580757540,+3.34, +2.694, +0.164,+0.960
1580757600,+3.34, +2.704, +0.164,+0.960
1580757660,+3.34, +2.694, +0.163,+0.960
1580757720,+3.34, +2.715, +0.165,+0.960
1580757780,+3.34, +2.683, +0.165,+0.960
1580757840,+3.34, +2.715, +0.166,+0.960
1580757900,+3.34, +2.683, +0.165,+0.960
1580757960,+3.34, +2.683, +0.164,+0.960
1580758020,+3.34, +2.715, +0.165,+0.960
1580758080,+3.34, +2.715, +0.165,+0.960
1580758140,+3.34, +2.640, +0.166,+0.960
1580758200,+3.34, +2.683, +0.164,+0.960
1580758260,+3.34, +2.694, +0.164,+0.960
1580758320,+3.33, +2.694, +0.165,+0.960
1580758380,+3.34, +2.694, +0.165,+0.960
1580758440,+3.34, +2.672, +0.165,+0.960
1580758500,+3.34, +2.715, +0.163,+0.960
1580758560,+3.34, +2.694, +0.166,+0.960
1580758620,+3.34, +2.672, +0.167,+0.960
1580758680,+3.34, +2.715, +0.165,+0.960
1580758740,+3.34, +2.704, +0.163,+0.960
1580758800,+3.34, +2.704, +0.165,+0.960
1580758860,+3.34, +2.694, +0.164,+0.960
1580758920,+3.34, +2.672, +0.166,+0.960
1580758980,+3.34, +2.715, +0.164,+0.960
1580759040,+3.34, +2.661, +0.167,+0.960
1580759100,+3.34, +2.683, +0.166,+0.960
1580759160,+3.34, +2.694, +0.164,+0.960
1580759220,+3.34, +2.704, +0.165,+0.960
1580759280,+3.34, +2.672, +0.165,+0.960
1580759340,+3.34, +2.694, +0.167,+0.960
1580759400,+3.34, +2.694, +0.166,+0.960
1580759460,+3.34, +2.694, +0.166,+0.960
1580759520,+3.33, +2.715, +0.166,+0.960
1580759580,+3.34, +2.694, +0.166,+0.960
1580759640,+3.34, +2.694, +0.166,+0.960
1580759700,+3.34, +2.715, +0.165,+0.960
1580759760,+3.34, +2.704, +0.164,+0.960
1580759820,+3.34, +2.715, +0.164,+0.960
1580759880,+3.34, +2.704, +0.164,+0.960
1580759940,+3.34, +2.704, +0.165,+0.960
1580760000,+3.34, +2.704, +0.166,+0.960
1580760060,+3.34, +2.683, +0.166,+0.960
1580760120,+3.34, +2.683, +0.165,+0.960
1580760180,+3.34, +2.704, +0.165,+0.960
1580760240,+3.34, +2.704, +0.165,+0.960
1580760300,+3.34, +2.694, +0.167,+0.960
1580760360,+3.34, +2.704, +0.167,+0.960
1580760420,+3.34, +2.683, +0.166,+0.960
1580760480,+3.34, +2.651, +0.167,+0.960
1580760540,+3.34, +2.704, +0.164,+0.960
1580760600,+3.34, +2.704, +0.165,+0.960
1580760660,+3.34, +2.704, +0.165,+0.960
1580760720,+3.34, +2.683, +0.165,+0.960
1580760780,+3.34, +2.694, +0.165,+0.960
1580760840,+3.34, +2.683, +0.166,+0.960
1580760900,+3.34, +2.704, +0.165,+0.960
1580760960,+3.34, +2.704, +0.165,+0.960
1580761020,+3.34, +2.704, +0.166,+0.960
1580761080,+3.34, +2.672, +0.165,+0.960
1580761140,+3.34, +2.694, +0.164,+0.960
1580761200,+3.34, +2.661, +0.165,+0.960
1580761260,+3.34, +2.672, +0.165,+0.960
1580761320,+3.34, +2.694, +0.165,+0.960
1580761380,+3.34, +2.715, +0.164,+0.960
1580761440,+3.34, +2.704, +0.166,+0.960
1580761500,+3.34, +2.694, +0.165,+0.960
1580761560,+3.34, +2.694, +0.165,+0.960
1580761620,+3.34, +2.704, +0.164,+0.960
1580761680,+3.34, +2.683, +0.165,+0.960
1580761740,+3.34, +2.694, +0.164,+0.960
1580761800,+3.34, +2.715, +0.166,+0.960
1580761860,+3.34, +2.683, +0.165,+0.960
1580761920,+3.34, +2.715, +0.164,+0.960
1580761980,+3.34, +2.694, +0.165,+0.960
1580762040,+3.34, +2.715, +0.165,+0.960
1580762100,+3.34, +2.704, +0.166,+0.960
1580762160,+3.34, +2.704, +0.165,+0.960
1580762220,+3.34, +2.715, +0.164,+0.960
1580762280,+3.34, +2.694, +0.165,+0.960
1580762340,+3.34, +2.704, +0.164,+0.960
1580762400,+3.34, +2.694, +0.166,+0.960
1580762460,+3.34, +2.726, +0.163,+0.960
1580762520,+3.34, +2.694, +0.166,+0.960
1580762580,+3.34, +2.726, +0.164,+0.960
1580762640,+3.34, +2.683, +0.165,+0.960
1580762700,+3.34, +2.694, +0.165,+0.960
1580762760,+3.34, +2.694, +0.165,+0.960
1580762820,+3.34, +2.672, +0.165,+0.960
1580762880,+3.34, +2.694, +0.164,+0.960
1580762940,+3.34, +2.683, +0.166,+0.960
1580763000,+3.34, +2.683, +0.165,+0.960
