7392-570653
OS REV: 1.11 Sensor Cal: 1428445788
Time (sec),  BV (Volts),  T (deg C),  DO (mg/l),  Q ()
1581281460,+3.33, +2.543, +0.166,+0.960
1581281520,+3.33, +2.565, +0.167,+0.960
1581281580,+3.33, +2.565, +0.164,+0.960
1581281640,+3.33, +2.543, +0.165,+0.960
1581281700,+3.33, +2.554, +0.165,+0.960
1581281760,+3.33, +2.576, +0.165,+0.960
1581281820,+3.33, +2.554, +0.167,+0.960
1581281880,+3.33, +2.543, +0.166,+0.960
1581281940,+3.33, +2.522, +0.167,+0.960
1581282000,+3.34, +2.554, +0.166,+0.960
1581282060,+3.33, +2.565, +0.167,+0.960
1581282120,+3.33, +2.576, +0.167,+0.960
1581282180,+3.33, +2.565, +0.167,+0.960
1581282240,+3.33, +2.576, +0.165,+0.960
1581282300,+3.33, +2.565, +0.166,+0.960
1581282360,+3.33, +2.576, +0.165,+0.960
1581282420,+3.34, +2.586, +0.166,+0.960
1581282480,+3.33, +2.554, +0.165,+0.960
1581282540,+3.33, +2.586, +0.165,+0.960
1581282600,+3.33, +2.576, +0.166,+0.960
1581282660,+3.33, +2.565, +0.167,+0.960
1581282720,+3.33, +2.554, +0.166,+0.960
1581282780,+3.33, +2.533, +0.165,+0.960
1581282840,+3.33, +2.565, +0.164,+0.960
1581282900,+3.33, +2.543, +0.167,+0.960
1581282960,+3.33, +2.533, +0.166,+0.960
1581283020,+3.33, +2.554, +0.167,+0.960
1581283080,+3.33, +2.554, +0.169,+0.960
1581283140,+3.33, +2.554, +0.168,+0.960
1581283200,+3.33, +2.522, +0.166,+0.960
1581283260,+3.33, +2.565, +0.166,+0.960
1581283320,+3.33, +2.565, +0.165,+0.960
1581283380,+3.33, +2.554, +0.167,+0.960
1581283440,+3.33, +2.576, +0.165,+0.960
1581283500,+3.33, +2.533, +0.168,+0.960
1581283560,+3.33, +2.554, +0.166,+0.960
1581283620,+3.33, +2.565, +0.167,+0.960
1581283680,+3.33, +2.576, +0.168,+0.960
1581283740,+3.33, +2.554, +0.167,+0.960
1581283800,+3.33, +2.554, +0.167,+0.960
1581283860,+3.33, +2.543, +0.165,+0.960
1581283920,+3.33, +2.565, +0.167,+0.960
1581283980,+3.33, +2.554, +0.166,+0.960
1581284040,+3.33, +2.543, +0.166,+0.960
1581284100,+3.33, +2.533, +0.165,+0.960
1581284160,+3.33, +2.522, +0.166,+0.960
1581284220,+3.34, +2.543, +0.167,+0.960
1581284280,+3.33, +2.565, +0.167,+0.960
1581284340,+3.33, +2.543, +0.167,+0.960
1581284400,+3.33, +2.543, +0.167,+0.960
1581284460,+3.33, +2.554, +0.165,+0.960
1581284520,+3.33, +2.554, +0.166,+0.960
1581284580,+3.33, +2.533, +0.166,+0.960
1581284640,+3.33, +2.543, +0.167,+0.960
1581284700,+3.33, +2.543, +0.168,+0.960
1581284760,+3.33, +2.565, +0.166,+0.960
1581284820,+3.33, +2.565, +0.166,+0.960
1581284880,+3.33, +2.554, +0.168,+0.960
1581284940,+3.33, +2.565, +0.166,+0.960
1581285000,+3.33, +2.543, +0.166,+0.960
1581285060,+3.33, +2.533, +0.167,+0.960
1581285120,+3.33, +2.554, +0.167,+0.960
1581285180,+3.33, +2.543, +0.166,+0.960
1581285240,+3.33, +2.565, +0.166,+0.960
1581285300,+3.33, +2.554, +0.166,+0.960
1581285360,+3.33, +2.543, +0.167,+0.960
1581285420,+3.33, +2.554, +0.166,+0.960
1581285480,+3.33, +2.533, +0.167,+0.960
1581285540,+3.33, +2.565, +0.166,+0.960
1581285600,+3.33, +2.554, +0.166,+0.960
1581285660,+3.33, +2.554, +0.166,+0.960
1581285720,+3.33, +2.554, +0.167,+0.960
1581285780,+3.33, +2.543, +0.166,+0.960
1581285840,+3.33, +2.554, +0.167,+0.960
1581285900,+3.33, +2.533, +0.168,+0.960
1581285960,+3.33, +2.543, +0.166,+0.960
1581286020,+3.33, +2.554, +0.167,+0.960
1581286080,+3.33, +2.543, +0.167,+0.960
1581286140,+3.33, +2.565, +0.165,+0.960
1581286200,+3.33, +2.565, +0.166,+0.960
1581286260,+3.33, +2.533, +0.167,+0.960
1581286320,+3.33, +2.543, +0.165,+0.960
1581286380,+3.33, +2.576, +0.167,+0.960
1581286440,+3.33, +2.533, +0.166,+0.960
1581286500,+3.33, +2.554, +0.165,+0.960
1581286560,+3.33, +2.565, +0.167,+0.960
1581286620,+3.33, +2.543, +0.167,+0.960
1581286680,+3.33, +2.543, +0.166,+0.960
1581286740,+3.33, +2.565, +0.166,+0.960
1581286800,+3.33, +2.543, +0.166,+0.960
1581286860,+3.33, +2.543, +0.167,+0.960
1581286920,+3.33, +2.565, +0.167,+0.960
1581286980,+3.33, +2.554, +0.166,+0.960
1581287040,+3.33, +2.554, +0.166,+0.960
1581287100,+3.33, +2.543, +0.166,+0.960
1581287160,+3.33, +2.554, +0.165,+0.960
1581287220,+3.33, +2.543, +0.166,+0.960
1581287280,+3.33, +2.543, +0.166,+0.960
1581287340,+3.33, +2.554, +0.166,+0.960
1581287400,+3.33, +2.554, +0.166,+0.960
1581287460,+3.33, +2.554, +0.167,+0.960
1581287520,+3.33, +2.554, +0.165,+0.960
1581287580,+3.33, +2.543, +0.166,+0.960
1581287640,+3.33, +2.543, +0.168,+0.960
1581287700,+3.33, +2.543, +0.167,+0.960
1581287760,+3.33, +2.554, +0.167,+0.960
1581287820,+3.33, +2.565, +0.165,+0.960
1581287880,+3.33, +2.543, +0.168,+0.960
1581287940,+3.33, +2.543, +0.166,+0.960
1581288000,+3.33, +2.554, +0.168,+0.960
1581288060,+3.33, +2.533, +0.165,+0.960
1581288120,+3.33, +2.543, +0.166,+0.960
1581288180,+3.33, +2.565, +0.165,+0.960
1581288240,+3.33, +2.543, +0.167,+0.960
1581288300,+3.33, +2.543, +0.168,+0.960
1581288360,+3.33, +2.565, +0.166,+0.960
1581288420,+3.33, +2.565, +0.165,+0.960
1581288480,+3.33, +2.565, +0.165,+0.960
1581288540,+3.33, +2.576, +0.165,+0.960
1581288600,+3.33, +2.533, +0.167,+0.960
1581288660,+3.33, +2.554, +0.166,+0.960
1581288720,+3.33, +2.554, +0.167,+0.960
1581288780,+3.33, +2.543, +0.165,+0.960
1581288840,+3.33, +2.565, +0.166,+0.960
1581288900,+3.33, +2.576, +0.165,+0.960
1581288960,+3.33, +2.543, +0.168,+0.960
1581289020,+3.34, +2.543, +0.167,+0.960
1581289080,+3.33, +2.554, +0.167,+0.960
1581289140,+3.33, +2.565, +0.167,+0.960
1581289200,+3.33, +2.554, +0.166,+0.960
1581289260,+3.33, +2.543, +0.166,+0.960
1581289320,+3.33, +2.554, +0.166,+0.960
1581289380,+3.33, +2.543, +0.166,+0.960
1581289440,+3.33, +2.554, +0.166,+0.960
1581289500,+3.33, +2.554, +0.168,+0.960
1581289560,+3.33, +2.554, +0.165,+0.960
1581289620,+3.33, +2.533, +0.165,+0.960
1581289680,+3.33, +2.500, +0.167,+0.960
1581289740,+3.33, +2.522, +0.166,+0.960
1581289800,+3.33, +2.554, +0.167,+0.960
1581289860,+3.33, +2.565, +0.165,+0.960
1581289920,+3.33, +2.554, +0.165,+0.960
1581289980,+3.33, +2.586, +0.165,+0.960
1581290040,+3.33, +2.543, +0.168,+0.960
1581290100,+3.33, +2.554, +0.167,+0.960
1581290160,+3.33, +2.543, +0.166,+0.960
1581290220,+3.33, +2.543, +0.166,+0.960
1581290280,+3.33, +2.565, +0.168,+0.960
1581290340,+3.33, +2.565, +0.167,+0.960
1581290400,+3.33, +2.533, +0.165,+0.960
1581290460,+3.33, +2.543, +0.166,+0.960
1581290520,+3.33, +2.565, +0.168,+0.960
1581290580,+3.33, +2.522, +0.165,+0.960
1581290640,+3.33, +2.543, +0.166,+0.960
1581290700,+3.33, +2.554, +0.166,+0.960
1581290760,+3.33, +2.543, +0.165,+0.960
1581290820,+3.33, +2.533, +0.165,+0.960
1581290880,+3.33, +2.554, +0.166,+0.960
1581290940,+3.33, +2.565, +0.165,+0.960
1581291000,+3.33, +2.543, +0.167,+0.960
1581291060,+3.33, +2.565, +0.166,+0.960
1581291120,+3.33, +2.533, +0.167,+0.960
1581291180,+3.33, +2.565, +0.167,+0.960
1581291240,+3.33, +2.543, +0.166,+0.960
1581291300,+3.33, +2.554, +0.167,+0.960
1581291360,+3.33, +2.554, +0.166,+0.960
1581291420,+3.33, +2.543, +0.165,+0.960
1581291480,+3.33, +2.522, +0.167,+0.960
1581291540,+3.33, +2.565, +0.166,+0.960
1581291600,+3.33, +2.565, +0.166,+0.960
1581291660,+3.33, +2.565, +0.166,+0.960
1581291720,+3.33, +2.565, +0.166,+0.960
1581291780,+3.33, +2.554, +0.166,+0.960
1581291840,+3.33, +2.543, +0.165,+0.960
1581291900,+3.33, +2.554, +0.166,+0.960
1581291960,+3.33, +2.565, +0.166,+0.960
1581292020,+3.33, +2.543, +0.166,+0.960
1581292080,+3.33, +2.543, +0.166,+0.960
1581292140,+3.33, +2.554, +0.166,+0.960
1581292200,+3.33, +2.554, +0.166,+0.960
1581292260,+3.33, +2.554, +0.166,+0.960
1581292320,+3.33, +2.565, +0.166,+0.960
1581292380,+3.33, +2.554, +0.165,+0.960
1581292440,+3.33, +2.500, +0.166,+0.960
1581292500,+3.33, +2.565, +0.165,+0.960
1581292560,+3.33, +2.554, +0.166,+0.960
1581292620,+3.33, +2.533, +0.166,+0.960
1581292680,+3.33, +2.554, +0.165,+0.960
1581292740,+3.33, +2.565, +0.167,+0.960
1581292800,+3.33, +2.565, +0.165,+0.960
1581292860,+3.33, +2.554, +0.167,+0.960
1581292920,+3.33, +2.543, +0.166,+0.960
1581292980,+3.33, +2.533, +0.167,+0.960
1581293040,+3.33, +2.543, +0.167,+0.960
1581293100,+3.33, +2.533, +0.167,+0.960
1581293160,+3.33, +2.543, +0.167,+0.960
1581293220,+3.33, +2.543, +0.168,+0.960
1581293280,+3.33, +2.522, +0.166,+0.960
1581293340,+3.33, +2.576, +0.166,+0.960
1581293400,+3.33, +2.533, +0.166,+0.960
1581293460,+3.33, +2.543, +0.167,+0.960
1581293520,+3.33, +2.543, +0.166,+0.960
1581293580,+3.33, +2.533, +0.165,+0.960
1581293640,+3.33, +2.543, +0.166,+0.960
1581293700,+3.33, +2.554, +0.167,+0.960
1581293760,+3.33, +2.565, +0.165,+0.960
1581293820,+3.33, +2.533, +0.166,+0.960
1581293880,+3.33, +2.543, +0.166,+0.960
1581293940,+3.33, +2.554, +0.167,+0.960
1581294000,+3.33, +2.543, +0.167,+0.960
1581294060,+3.33, +2.554, +0.166,+0.960
1581294120,+3.33, +2.543, +0.167,+0.960
1581294180,+3.34, +2.565, +0.166,+0.960
1581294240,+3.33, +2.554, +0.165,+0.960
1581294300,+3.34, +2.554, +0.165,+0.960
1581294360,+3.33, +2.543, +0.166,+0.960
1581294420,+3.33, +2.554, +0.166,+0.960
1581294480,+3.33, +2.554, +0.164,+0.960
1581294540,+3.33, +2.554, +0.166,+0.960
1581294600,+3.33, +2.565, +0.166,+0.960
1581294660,+3.33, +2.565, +0.167,+0.960
1581294720,+3.33, +2.543, +0.167,+0.960
1581294780,+3.33, +2.533, +0.166,+0.960
1581294840,+3.34, +2.533, +0.168,+0.960
1581294900,+3.33, +2.543, +0.167,+0.960
1581294960,+3.33, +2.543, +0.167,+0.960
1581295020,+3.33, +2.543, +0.167,+0.960
1581295080,+3.33, +2.533, +0.167,+0.960
1581295140,+3.33, +2.554, +0.164,+0.960
1581295200,+3.33, +2.554, +0.167,+0.960
1581295260,+3.33, +2.554, +0.165,+0.960
1581295320,+3.33, +2.554, +0.167,+0.960
1581295380,+3.33, +2.554, +0.166,+0.960
1581295440,+3.33, +2.554, +0.166,+0.960
1581295500,+3.33, +2.533, +0.166,+0.960
1581295560,+3.34, +2.522, +0.166,+0.960
1581295620,+3.33, +2.543, +0.167,+0.960
1581295680,+3.33, +2.554, +0.168,+0.960
1581295740,+3.33, +2.576, +0.166,+0.960
1581295800,+3.33, +2.543, +0.166,+0.960
1581295860,+3.33, +2.554, +0.167,+0.960
1581295920,+3.33, +2.543, +0.166,+0.960
1581295980,+3.33, +2.543, +0.167,+0.960
1581296040,+3.33, +2.533, +0.165,+0.960
1581296100,+3.33, +2.533, +0.166,+0.960
1581296160,+3.33, +2.543, +0.167,+0.960
1581296220,+3.33, +2.554, +0.166,+0.960
1581296280,+3.33, +2.554, +0.165,+0.960
1581296340,+3.33, +2.543, +0.167,+0.960
1581296400,+3.33, +2.554, +0.165,+0.960
1581296460,+3.33, +2.543, +0.166,+0.960
1581296520,+3.33, +2.533, +0.167,+0.960
1581296580,+3.34, +2.543, +0.165,+0.960
1581296640,+3.33, +2.576, +0.167,+0.960
1581296700,+3.33, +2.543, +0.168,+0.960
1581296760,+3.33, +2.533, +0.167,+0.960
1581296820,+3.33, +2.543, +0.167,+0.960
1581296880,+3.33, +2.543, +0.167,+0.960
1581296940,+3.33, +2.554, +0.165,+0.960
1581297000,+3.33, +2.522, +0.166,+0.960
1581297060,+3.33, +2.543, +0.166,+0.960
1581297120,+3.33, +2.543, +0.168,+0.960
1581297180,+3.33, +2.554, +0.167,+0.960
1581297240,+3.33, +2.522, +0.166,+0.960
1581297300,+3.33, +2.533, +0.167,+0.960
1581297360,+3.33, +2.543, +0.166,+0.960
1581297420,+3.33, +2.554, +0.164,+0.960
1581297480,+3.33, +2.576, +0.165,+0.960
1581297540,+3.33, +2.543, +0.166,+0.960
1581297600,+3.33, +2.554, +0.167,+0.960
1581297660,+3.33, +2.565, +0.167,+0.960
1581297720,+3.33, +2.543, +0.166,+0.960
1581297780,+3.33, +2.522, +0.167,+0.960
1581297840,+3.33, +2.554, +0.167,+0.960
1581297900,+3.33, +2.554, +0.167,+0.960
1581297960,+3.33, +2.522, +0.166,+0.960
1581298020,+3.33, +2.543, +0.165,+0.960
1581298080,+3.33, +2.522, +0.168,+0.960
1581298140,+3.33, +2.533, +0.167,+0.960
1581298200,+3.33, +2.554, +0.166,+0.960
1581298260,+3.34, +2.522, +0.167,+0.960
1581298320,+3.33, +2.543, +0.166,+0.960
1581298380,+3.33, +2.511, +0.167,+0.960
1581298440,+3.34, +2.554, +0.165,+0.960
1581298500,+3.33, +2.533, +0.167,+0.960
1581298560,+3.33, +2.565, +0.167,+0.960
1581298620,+3.33, +2.554, +0.166,+0.960
1581298680,+3.33, +2.554, +0.166,+0.960
1581298740,+3.34, +2.543, +0.168,+0.960
1581298800,+3.33, +2.522, +0.167,+0.960
1581298860,+3.33, +2.554, +0.164,+0.960
1581298920,+3.33, +2.533, +0.167,+0.960
1581298980,+3.33, +2.543, +0.167,+0.960
1581299040,+3.33, +2.554, +0.166,+0.960
1581299100,+3.33, +2.543, +0.167,+0.960
1581299160,+3.33, +2.543, +0.166,+0.960
1581299220,+3.33, +2.543, +0.166,+0.960
1581299280,+3.33, +2.533, +0.165,+0.960
1581299340,+3.33, +2.522, +0.168,+0.960
1581299400,+3.33, +2.533, +0.168,+0.960
1581299460,+3.33, +2.500, +0.165,+0.960
1581299520,+3.33, +2.543, +0.165,+0.960
1581299580,+3.33, +2.543, +0.166,+0.960
1581299640,+3.33, +2.533, +0.167,+0.960
1581299700,+3.33, +2.533, +0.166,+0.960
1581299760,+3.33, +2.576, +0.165,+0.960
1581299820,+3.33, +2.554, +0.165,+0.960
1581299880,+3.33, +2.554, +0.166,+0.960
1581299940,+3.33, +2.565, +0.166,+0.960
1581300000,+3.33, +2.554, +0.168,+0.960
1581300060,+3.33, +2.554, +0.166,+0.960
1581300120,+3.33, +2.543, +0.167,+0.960
1581300180,+3.33, +2.533, +0.167,+0.960
1581300240,+3.33, +2.565, +0.166,+0.960
1581300300,+3.33, +2.543, +0.165,+0.960
1581300360,+3.34, +2.543, +0.164,+0.960
1581300420,+3.34, +2.576, +0.166,+0.960
1581300480,+3.33, +2.511, +0.166,+0.960
1581300540,+3.33, +2.543, +0.166,+0.960
1581300600,+3.33, +2.543, +0.166,+0.960
1581300660,+3.33, +2.543, +0.165,+0.960
1581300720,+3.33, +2.543, +0.165,+0.960
1581300780,+3.33, +2.543, +0.166,+0.960
1581300840,+3.34, +2.576, +0.167,+0.960
1581300900,+3.33, +2.565, +0.167,+0.960
1581300960,+3.33, +2.554, +0.167,+0.960
1581301020,+3.33, +2.554, +0.165,+0.960
1581301080,+3.33, +2.543, +0.166,+0.960
1581301140,+3.33, +2.565, +0.166,+0.960
1581301200,+3.33, +2.543, +0.165,+0.960
1581301260,+3.33, +2.543, +0.166,+0.960
1581301320,+3.33, +2.554, +0.166,+0.960
1581301380,+3.33, +2.565, +0.166,+0.960
1581301440,+3.33, +2.543, +0.165,+0.960
1581301500,+3.33, +2.543, +0.167,+0.960
1581301560,+3.33, +2.500, +0.168,+0.960
1581301620,+3.33, +2.533, +0.166,+0.960
1581301680,+3.33, +2.522, +0.167,+0.960
1581301740,+3.33, +2.543, +0.167,+0.960
1581301800,+3.33, +2.554, +0.167,+0.960
1581301860,+3.33, +2.554, +0.165,+0.960
1581301920,+3.33, +2.554, +0.167,+0.960
1581301980,+3.33, +2.533, +0.166,+0.960
1581302040,+3.33, +2.543, +0.165,+0.960
1581302100,+3.33, +2.543, +0.165,+0.960
1581302160,+3.33, +2.533, +0.168,+0.960
1581302220,+3.33, +2.554, +0.166,+0.960
1581302280,+3.33, +2.554, +0.168,+0.960
1581302340,+3.33, +2.554, +0.166,+0.960
1581302400,+3.33, +2.543, +0.166,+0.960
1581302460,+3.33, +2.543, +0.165,+0.960
1581302520,+3.33, +2.554, +0.165,+0.960
1581302580,+3.33, +2.543, +0.166,+0.960
1581302640,+3.33, +2.554, +0.165,+0.960
1581302700,+3.33, +2.533, +0.167,+0.960
1581302760,+3.33, +2.533, +0.166,+0.960
1581302820,+3.33, +2.554, +0.164,+0.960
1581302880,+3.33, +2.533, +0.165,+0.960
1581302940,+3.33, +2.543, +0.166,+0.960
1581303000,+3.33, +2.533, +0.166,+0.960
1581303060,+3.34, +2.565, +0.166,+0.960
1581303120,+3.33, +2.543, +0.166,+0.960
1581303180,+3.33, +2.554, +0.165,+0.960
1581303240,+3.33, +2.522, +0.167,+0.960
1581303300,+3.33, +2.554, +0.164,+0.960
1581303360,+3.33, +2.543, +0.167,+0.960
1581303420,+3.33, +2.533, +0.167,+0.960
1581303480,+3.33, +2.554, +0.165,+0.960
1581303540,+3.33, +2.533, +0.166,+0.960
1581303600,+3.33, +2.554, +0.165,+0.960
1581303660,+3.33, +2.554, +0.165,+0.960
1581303720,+3.34, +2.533, +0.166,+0.960
1581303780,+3.33, +2.576, +0.166,+0.960
1581303840,+3.33, +2.554, +0.166,+0.960
1581303900,+3.33, +2.554, +0.164,+0.960
1581303960,+3.33, +2.554, +0.167,+0.960
1581304020,+3.33, +2.533, +0.167,+0.960
1581304080,+3.33, +2.543, +0.166,+0.960
1581304140,+3.33, +2.554, +0.165,+0.960
1581304200,+3.33, +2.565, +0.167,+0.960
1581304260,+3.33, +2.533, +0.167,+0.960
1581304320,+3.33, +2.543, +0.167,+0.960
1581304380,+3.33, +2.533, +0.167,+0.960
1581304440,+3.33, +2.533, +0.166,+0.960
1581304500,+3.34, +2.543, +0.166,+0.960
1581304560,+3.33, +2.554, +0.166,+0.960
1581304620,+3.33, +2.543, +0.166,+0.960
1581304680,+3.33, +2.500, +0.168,+0.960
1581304740,+3.33, +2.533, +0.167,+0.960
1581304800,+3.33, +2.554, +0.167,+0.960
1581304860,+3.34, +2.543, +0.165,+0.960
1581304920,+3.33, +2.543, +0.166,+0.960
1581304980,+3.34, +2.543, +0.166,+0.960
1581305040,+3.33, +2.533, +0.166,+0.960
1581305100,+3.34, +2.543, +0.166,+0.960
1581305160,+3.33, +2.554, +0.166,+0.960
1581305220,+3.33, +2.554, +0.164,+0.960
1581305280,+3.33, +2.543, +0.167,+0.960
1581305340,+3.33, +2.500, +0.167,+0.960
1581305400,+3.33, +2.522, +0.167,+0.960
1581305460,+3.33, +2.522, +0.166,+0.960
1581305520,+3.33, +2.554, +0.165,+0.960
1581305580,+3.33, +2.554, +0.166,+0.960
1581305640,+3.33, +2.522, +0.168,+0.960
1581305700,+3.33, +2.543, +0.166,+0.960
1581305760,+3.33, +2.543, +0.166,+0.960
1581305820,+3.34, +2.533, +0.167,+0.960
1581305880,+3.33, +2.543, +0.166,+0.960
1581305940,+3.33, +2.533, +0.167,+0.960
1581306000,+3.34, +2.554, +0.165,+0.960
1581306060,+3.33, +2.522, +0.166,+0.960
1581306120,+3.33, +2.543, +0.167,+0.960
1581306180,+3.33, +2.533, +0.167,+0.960
1581306240,+3.33, +2.533, +0.166,+0.960
1581306300,+3.33, +2.554, +0.166,+0.960
1581306360,+3.33, +2.543, +0.167,+0.960
1581306420,+3.33, +2.554, +0.166,+0.960
1581306480,+3.33, +2.554, +0.167,+0.960
1581306540,+3.33, +2.543, +0.165,+0.960
1581306600,+3.33, +2.543, +0.166,+0.960
1581306660,+3.33, +2.533, +0.166,+0.960
1581306720,+3.33, +2.554, +0.165,+0.960
1581306780,+3.33, +2.522, +0.168,+0.960
1581306840,+3.33, +2.533, +0.167,+0.960
1581306900,+3.33, +2.543, +0.167,+0.960
1581306960,+3.33, +2.511, +0.166,+0.960
1581307020,+3.33, +2.522, +0.167,+0.960
1581307080,+3.33, +2.554, +0.165,+0.960
1581307140,+3.33, +2.533, +0.165,+0.960
1581307200,+3.34, +2.533, +0.167,+0.960
1581307260,+3.33, +2.554, +0.166,+0.960
1581307320,+3.33, +2.533, +0.166,+0.960
1581307380,+3.33, +2.554, +0.168,+0.960
1581307440,+3.33, +2.554, +0.166,+0.960
1581307500,+3.33, +2.543, +0.166,+0.960
1581307560,+3.33, +2.522, +0.166,+0.960
1581307620,+3.33, +2.565, +0.166,+0.960
1581307680,+3.33, +2.576, +0.166,+0.960
1581307740,+3.33, +2.543, +0.166,+0.960
1581307800,+3.33, +2.511, +0.168,+0.960
1581307860,+3.33, +2.543, +0.166,+0.960
1581307920,+3.33, +2.543, +0.166,+0.960
1581307980,+3.33, +2.533, +0.165,+0.960
1581308040,+3.33, +2.543, +0.168,+0.960
1581308100,+3.33, +2.565, +0.166,+0.960
1581308160,+3.33, +2.554, +0.166,+0.960
1581308220,+3.33, +2.543, +0.168,+0.960
1581308280,+3.33, +2.554, +0.166,+0.960
1581308340,+3.33, +2.522, +0.167,+0.960
1581308400,+3.33, +2.511, +0.167,+0.960
1581308460,+3.33, +2.543, +0.167,+0.960
1581308520,+3.33, +2.522, +0.166,+0.960
1581308580,+3.33, +2.533, +0.166,+0.960
1581308640,+3.33, +2.533, +0.167,+0.960
1581308700,+3.33, +2.522, +0.166,+0.960
1581308760,+3.33, +2.543, +0.167,+0.960
1581308820,+3.34, +2.543, +0.166,+0.960
1581308880,+3.33, +2.522, +0.166,+0.960
1581308940,+3.33, +2.533, +0.167,+0.960
1581309000,+3.33, +2.554, +0.166,+0.960
1581309060,+3.33, +2.533, +0.166,+0.960
1581309120,+3.33, +2.533, +0.166,+0.960
1581309180,+3.33, +2.533, +0.165,+0.960
1581309240,+3.33, +2.543, +0.165,+0.960
1581309300,+3.33, +2.543, +0.166,+0.960
1581309360,+3.33, +2.543, +0.167,+0.960
1581309420,+3.33, +2.500, +0.166,+0.960
1581309480,+3.33, +2.522, +0.168,+0.960
1581309540,+3.33, +2.554, +0.166,+0.960
1581309600,+3.33, +2.522, +0.166,+0.960
1581309660,+3.33, +2.554, +0.167,+0.960
1581309720,+3.33, +2.533, +0.167,+0.960
1581309780,+3.33, +2.554, +0.166,+0.960
1581309840,+3.33, +2.522, +0.167,+0.960
1581309900,+3.33, +2.543, +0.166,+0.960
1581309960,+3.33, +2.533, +0.165,+0.960
1581310020,+3.33, +2.543, +0.165,+0.960
1581310080,+3.33, +2.554, +0.166,+0.960
1581310140,+3.33, +2.543, +0.167,+0.960
1581310200,+3.34, +2.533, +0.166,+0.960
1581310260,+3.33, +2.543, +0.167,+0.960
1581310320,+3.33, +2.522, +0.166,+0.960
1581310380,+3.33, +2.533, +0.166,+0.960
1581310440,+3.33, +2.543, +0.166,+0.960
1581310500,+3.33, +2.576, +0.165,+0.960
1581310560,+3.33, +2.533, +0.166,+0.960
1581310620,+3.33, +2.533, +0.167,+0.960
1581310680,+3.33, +2.543, +0.167,+0.960
1581310740,+3.33, +2.522, +0.167,+0.960
1581310800,+3.33, +2.554, +0.166,+0.960
1581310860,+3.33, +2.554, +0.165,+0.960
1581310920,+3.33, +2.543, +0.166,+0.960
1581310980,+3.33, +2.543, +0.165,+0.960
1581311040,+3.33, +2.522, +0.166,+0.960
1581311100,+3.33, +2.543, +0.165,+0.960
1581311160,+3.33, +2.543, +0.164,+0.960
1581311220,+3.34, +2.533, +0.165,+0.960
1581311280,+3.33, +2.543, +0.165,+0.960
1581311340,+3.33, +2.533, +0.166,+0.960
1581311400,+3.33, +2.522, +0.167,+0.960
1581311460,+3.33, +2.533, +0.167,+0.960
1581311520,+3.33, +2.543, +0.167,+0.960
1581311580,+3.33, +2.533, +0.166,+0.960
1581311640,+3.33, +2.543, +0.165,+0.960
1581311700,+3.33, +2.533, +0.165,+0.960
1581311760,+3.33, +2.554, +0.166,+0.960
1581311820,+3.34, +2.533, +0.168,+0.960
1581311880,+3.33, +2.543, +0.166,+0.960
1581311940,+3.33, +2.565, +0.166,+0.960
1581312000,+3.33, +2.533, +0.168,+0.960
1581312060,+3.33, +2.533, +0.165,+0.960
1581312120,+3.33, +2.533, +0.166,+0.960
1581312180,+3.33, +2.554, +0.166,+0.960
1581312240,+3.33, +2.533, +0.166,+0.960
1581312300,+3.33, +2.565, +0.166,+0.960
1581312360,+3.33, +2.543, +0.166,+0.960
1581312420,+3.33, +2.533, +0.168,+0.960
1581312480,+3.33, +2.533, +0.166,+0.960
1581312540,+3.33, +2.565, +0.165,+0.960
1581312600,+3.33, +2.576, +0.166,+0.960
1581312660,+3.33, +2.533, +0.166,+0.960
1581312720,+3.33, +2.533, +0.166,+0.960
1581312780,+3.33, +2.511, +0.167,+0.960
1581312840,+3.33, +2.543, +0.166,+0.960
1581312900,+3.33, +2.543, +0.165,+0.960
1581312960,+3.33, +2.533, +0.166,+0.960
1581313020,+3.33, +2.533, +0.166,+0.960
1581313080,+3.33, +2.554, +0.165,+0.960
1581313140,+3.33, +2.586, +0.168,+0.960
1581313200,+3.33, +2.522, +0.167,+0.960
1581313260,+3.34, +2.522, +0.166,+0.960
1581313320,+3.33, +2.543, +0.168,+0.960
1581313380,+3.33, +2.522, +0.167,+0.960
1581313440,+3.33, +2.543, +0.166,+0.960
1581313500,+3.33, +2.533, +0.167,+0.960
1581313560,+3.33, +2.522, +0.167,+0.960
1581313620,+3.33, +2.533, +0.166,+0.960
1581313680,+3.34, +2.533, +0.167,+0.960
1581313740,+3.33, +2.565, +0.166,+0.960
1581313800,+3.33, +2.533, +0.165,+0.960
1581313860,+3.33, +2.533, +0.164,+0.960
1581313920,+3.33, +2.554, +0.166,+0.960
1581313980,+3.33, +2.543, +0.166,+0.960
1581314040,+3.34, +2.554, +0.166,+0.960
1581314100,+3.33, +2.543, +0.167,+0.960
1581314160,+3.33, +2.500, +0.167,+0.960
1581314220,+3.34, +2.533, +0.167,+0.960
1581314280,+3.33, +2.543, +0.166,+0.960
1581314340,+3.33, +2.554, +0.166,+0.960
1581314400,+3.33, +2.554, +0.166,+0.960
1581314460,+3.33, +2.543, +0.165,+0.960
1581314520,+3.33, +2.533, +0.166,+0.960
1581314580,+3.33, +2.511, +0.166,+0.960
1581314640,+3.33, +2.533, +0.167,+0.960
1581314700,+3.33, +2.543, +0.165,+0.960
1581314760,+3.33, +2.543, +0.167,+0.960
1581314820,+3.33, +2.511, +0.166,+0.960
1581314880,+3.33, +2.533, +0.165,+0.960
1581314940,+3.33, +2.543, +0.166,+0.960
1581315000,+3.33, +2.533, +0.167,+0.960
1581315060,+3.33, +2.533, +0.166,+0.960
1581315120,+3.33, +2.522, +0.167,+0.960
1581315180,+3.33, +2.522, +0.165,+0.960
1581315240,+3.33, +2.543, +0.167,+0.960
1581315300,+3.33, +2.543, +0.166,+0.960
1581315360,+3.33, +2.533, +0.167,+0.960
1581315420,+3.33, +2.533, +0.166,+0.960
1581315480,+3.33, +2.522, +0.166,+0.960
1581315540,+3.33, +2.533, +0.167,+0.960
1581315600,+3.33, +2.554, +0.166,+0.960
1581315660,+3.33, +2.554, +0.166,+0.960
1581315720,+3.33, +2.543, +0.165,+0.960
1581315780,+3.33, +2.511, +0.166,+0.960
1581315840,+3.33, +2.543, +0.166,+0.960
1581315900,+3.33, +2.533, +0.167,+0.960
1581315960,+3.33, +2.554, +0.166,+0.960
1581316020,+3.33, +2.522, +0.167,+0.960
1581316080,+3.33, +2.522, +0.165,+0.960
1581316140,+3.33, +2.543, +0.169,+0.960
1581316200,+3.33, +2.543, +0.166,+0.960
1581316260,+3.33, +2.533, +0.166,+0.960
1581316320,+3.33, +2.533, +0.166,+0.960
1581316380,+3.33, +2.522, +0.167,+0.960
1581316440,+3.33, +2.543, +0.166,+0.960
1581316500,+3.33, +2.533, +0.166,+0.960
1581316560,+3.33, +2.522, +0.167,+0.960
1581316620,+3.33, +2.543, +0.166,+0.960
1581316680,+3.33, +2.543, +0.165,+0.960
1581316740,+3.33, +2.543, +0.166,+0.960
1581316800,+3.33, +2.533, +0.165,+0.960
1581316860,+3.33, +2.522, +0.166,+0.960
1581316920,+3.33, +2.533, +0.166,+0.960
1581316980,+3.33, +2.522, +0.165,+0.960
1581317040,+3.33, +2.522, +0.166,+0.960
1581317100,+3.33, +2.543, +0.166,+0.960
1581317160,+3.33, +2.543, +0.167,+0.960
1581317220,+3.33, +2.522, +0.168,+0.960
1581317280,+3.33, +2.511, +0.165,+0.960
1581317340,+3.33, +2.554, +0.167,+0.960
1581317400,+3.33, +2.522, +0.167,+0.960
1581317460,+3.33, +2.522, +0.167,+0.960
1581317520,+3.33, +2.543, +0.166,+0.960
1581317580,+3.33, +2.533, +0.166,+0.960
1581317640,+3.33, +2.511, +0.169,+0.960
1581317700,+3.33, +2.533, +0.166,+0.960
1581317760,+3.33, +2.522, +0.168,+0.960
1581317820,+3.33, +2.533, +0.168,+0.960
1581317880,+3.33, +2.543, +0.167,+0.960
1581317940,+3.33, +2.522, +0.167,+0.960
1581318000,+3.33, +2.533, +0.166,+0.960
1581318060,+3.33, +2.533, +0.165,+0.960
1581318120,+3.33, +2.554, +0.166,+0.960
1581318180,+3.33, +2.543, +0.166,+0.960
1581318240,+3.33, +2.522, +0.166,+0.960
1581318300,+3.33, +2.554, +0.167,+0.960
1581318360,+3.33, +2.511, +0.167,+0.960
1581318420,+3.33, +2.533, +0.167,+0.960
1581318480,+3.33, +2.533, +0.166,+0.960
1581318540,+3.33, +2.543, +0.165,+0.960
1581318600,+3.33, +2.533, +0.167,+0.960
1581318660,+3.33, +2.511, +0.165,+0.960
1581318720,+3.33, +2.543, +0.165,+0.960
1581318780,+3.33, +2.543, +0.166,+0.960
1581318840,+3.33, +2.543, +0.167,+0.960
1581318900,+3.33, +2.522, +0.167,+0.960
1581318960,+3.33, +2.522, +0.168,+0.960
1581319020,+3.33, +2.522, +0.168,+0.960
1581319080,+3.34, +2.543, +0.166,+0.960
1581319140,+3.33, +2.543, +0.167,+0.960
1581319200,+3.33, +2.511, +0.167,+0.960
1581319260,+3.33, +2.543, +0.166,+0.960
1581319320,+3.33, +2.522, +0.166,+0.960
1581319380,+3.33, +2.533, +0.167,+0.960
1581319440,+3.33, +2.522, +0.167,+0.960
1581319500,+3.33, +2.533, +0.166,+0.960
1581319560,+3.33, +2.533, +0.164,+0.960
1581319620,+3.33, +2.533, +0.166,+0.960
1581319680,+3.33, +2.533, +0.168,+0.960
1581319740,+3.33, +2.522, +0.165,+0.960
1581319800,+3.33, +2.533, +0.167,+0.960
1581319860,+3.34, +2.522, +0.166,+0.960
1581319920,+3.33, +2.533, +0.165,+0.960
1581319980,+3.33, +2.511, +0.165,+0.960
1581320040,+3.33, +2.533, +0.167,+0.960
1581320100,+3.33, +2.511, +0.168,+0.960
1581320160,+3.33, +2.533, +0.166,+0.960
1581320220,+3.33, +2.522, +0.164,+0.960
1581320280,+3.33, +2.533, +0.167,+0.960
1581320340,+3.33, +2.543, +0.167,+0.960
1581320400,+3.33, +2.554, +0.165,+0.960
1581320460,+3.33, +2.522, +0.168,+0.960
1581320520,+3.33, +2.511, +0.167,+0.960
1581320580,+3.33, +2.533, +0.165,+0.960
1581320640,+3.33, +2.543, +0.166,+0.960
1581320700,+3.33, +2.533, +0.166,+0.960
1581320760,+3.33, +2.522, +0.167,+0.960
1581320820,+3.33, +2.543, +0.167,+0.960
1581320880,+3.33, +2.543, +0.167,+0.960
1581320940,+3.34, +2.522, +0.168,+0.960
1581321000,+3.33, +2.533, +0.165,+0.960
1581321060,+3.33, +2.479, +0.167,+0.960
1581321120,+3.33, +2.554, +0.167,+0.960
1581321180,+3.33, +2.533, +0.166,+0.960
1581321240,+3.33, +2.543, +0.166,+0.960
1581321300,+3.33, +2.543, +0.166,+0.960
1581321360,+3.33, +2.543, +0.167,+0.960
1581321420,+3.33, +2.554, +0.165,+0.960
1581321480,+3.33, +2.522, +0.167,+0.960
1581321540,+3.33, +2.533, +0.168,+0.960
1581321600,+3.33, +2.533, +0.168,+0.960
1581321660,+3.33, +2.533, +0.166,+0.960
1581321720,+3.33, +2.533, +0.169,+0.960
1581321780,+3.33, +2.522, +0.166,+0.960
1581321840,+3.33, +2.533, +0.166,+0.960
1581321900,+3.33, +2.533, +0.166,+0.960
1581321960,+3.33, +2.565, +0.166,+0.960
1581322020,+3.33, +2.522, +0.168,+0.960
1581322080,+3.33, +2.522, +0.167,+0.960
1581322140,+3.33, +2.522, +0.165,+0.960
1581322200,+3.33, +2.500, +0.167,+0.960
1581322260,+3.33, +2.522, +0.166,+0.960
1581322320,+3.33, +2.522, +0.164,+0.960
1581322380,+3.33, +2.522, +0.167,+0.960
1581322440,+3.33, +2.543, +0.165,+0.960
1581322500,+3.33, +2.533, +0.167,+0.960
1581322560,+3.33, +2.533, +0.166,+0.960
1581322620,+3.33, +2.522, +0.167,+0.960
1581322680,+3.33, +2.511, +0.167,+0.960
1581322740,+3.33, +2.543, +0.167,+0.960
1581322800,+3.33, +2.565, +0.164,+0.960
1581322860,+3.33, +2.543, +0.166,+0.960
1581322920,+3.33, +2.543, +0.167,+0.960
1581322980,+3.33, +2.533, +0.165,+0.960
1581323040,+3.33, +2.533, +0.167,+0.960
1581323100,+3.33, +2.511, +0.166,+0.960
1581323160,+3.33, +2.522, +0.167,+0.960
1581323220,+3.33, +2.533, +0.167,+0.960
1581323280,+3.33, +2.533, +0.167,+0.960
1581323340,+3.33, +2.543, +0.166,+0.960
1581323400,+3.33, +2.500, +0.167,+0.960
1581323460,+3.33, +2.533, +0.166,+0.960
1581323520,+3.33, +2.533, +0.165,+0.960
1581323580,+3.33, +2.511, +0.168,+0.960
1581323640,+3.33, +2.511, +0.166,+0.960
1581323700,+3.33, +2.533, +0.166,+0.960
1581323760,+3.33, +2.533, +0.167,+0.960
1581323820,+3.33, +2.543, +0.167,+0.960
1581323880,+3.33, +2.533, +0.167,+0.960
1581323940,+3.33, +2.511, +0.167,+0.960
1581324000,+3.33, +2.533, +0.167,+0.960
1581324060,+3.33, +2.533, +0.166,+0.960
1581324120,+3.33, +2.543, +0.166,+0.960
1581324180,+3.33, +2.543, +0.169,+0.960
1581324240,+3.33, +2.533, +0.167,+0.960
1581324300,+3.33, +2.522, +0.166,+0.960
1581324360,+3.33, +2.533, +0.166,+0.960
1581324420,+3.33, +2.543, +0.166,+0.960
1581324480,+3.33, +2.543, +0.166,+0.960
1581324540,+3.33, +2.543, +0.167,+0.960
1581324600,+3.33, +2.522, +0.166,+0.960
1581324660,+3.33, +2.522, +0.167,+0.960
1581324720,+3.33, +2.522, +0.167,+0.960
1581324780,+3.33, +2.543, +0.166,+0.960
1581324840,+3.33, +2.543, +0.166,+0.960
1581324900,+3.33, +2.511, +0.168,+0.960
1581324960,+3.33, +2.522, +0.166,+0.960
1581325020,+3.33, +2.533, +0.169,+0.960
1581325080,+3.33, +2.543, +0.166,+0.960
1581325140,+3.33, +2.522, +0.166,+0.960
1581325200,+3.33, +2.522, +0.166,+0.960
1581325260,+3.33, +2.554, +0.167,+0.960
1581325320,+3.33, +2.554, +0.167,+0.960
1581325380,+3.33, +2.533, +0.167,+0.960
1581325440,+3.33, +2.554, +0.165,+0.960
1581325500,+3.33, +2.543, +0.166,+0.960
1581325560,+3.33, +2.533, +0.166,+0.960
1581325620,+3.33, +2.543, +0.166,+0.960
1581325680,+3.33, +2.522, +0.167,+0.960
1581325740,+3.33, +2.543, +0.166,+0.960
1581325800,+3.33, +2.543, +0.168,+0.960
1581325860,+3.33, +2.522, +0.168,+0.960
1581325920,+3.33, +2.543, +0.167,+0.960
1581325980,+3.33, +2.522, +0.167,+0.960
1581326040,+3.33, +2.533, +0.165,+0.960
1581326100,+3.33, +2.543, +0.165,+0.960
1581326160,+3.33, +2.543, +0.166,+0.960
1581326220,+3.33, +2.533, +0.166,+0.960
1581326280,+3.33, +2.490, +0.167,+0.960
1581326340,+3.33, +2.533, +0.166,+0.960
1581326400,+3.33, +2.490, +0.167,+0.960
1581326460,+3.33, +2.511, +0.165,+0.960
1581326520,+3.33, +2.511, +0.166,+0.960
1581326580,+3.33, +2.533, +0.167,+0.960
1581326640,+3.33, +2.522, +0.165,+0.960
1581326700,+3.33, +2.533, +0.167,+0.960
1581326760,+3.33, +2.533, +0.167,+0.960
1581326820,+3.33, +2.522, +0.166,+0.960
1581326880,+3.33, +2.522, +0.166,+0.960
1581326940,+3.33, +2.511, +0.168,+0.960
1581327000,+3.33, +2.511, +0.166,+0.960
1581327060,+3.33, +2.511, +0.166,+0.960
1581327120,+3.33, +2.533, +0.167,+0.960
1581327180,+3.33, +2.500, +0.168,+0.960
1581327240,+3.33, +2.500, +0.167,+0.960
1581327300,+3.33, +2.565, +0.166,+0.960
1581327360,+3.33, +2.533, +0.166,+0.960
1581327420,+3.33, +2.522, +0.167,+0.960
1581327480,+3.33, +2.522, +0.167,+0.960
1581327540,+3.33, +2.533, +0.167,+0.960
1581327600,+3.33, +2.533, +0.167,+0.960
1581327660,+3.33, +2.522, +0.165,+0.960
1581327720,+3.33, +2.543, +0.167,+0.960
1581327780,+3.33, +2.522, +0.166,+0.960
1581327840,+3.33, +2.522, +0.165,+0.960
1581327900,+3.33, +2.533, +0.167,+0.960
1581327960,+3.33, +2.533, +0.166,+0.960
1581328020,+3.33, +2.533, +0.164,+0.960
1581328080,+3.33, +2.533, +0.167,+0.960
1581328140,+3.33, +2.533, +0.166,+0.960
1581328200,+3.33, +2.543, +0.166,+0.960
1581328260,+3.33, +2.533, +0.166,+0.960
1581328320,+3.33, +2.533, +0.166,+0.960
1581328380,+3.33, +2.511, +0.166,+0.960
1581328440,+3.33, +2.511, +0.167,+0.960
1581328500,+3.33, +2.522, +0.166,+0.960
1581328560,+3.33, +2.522, +0.169,+0.960
1581328620,+3.33, +2.522, +0.166,+0.960
1581328680,+3.33, +2.533, +0.167,+0.960
1581328740,+3.33, +2.500, +0.167,+0.960
1581328800,+3.33, +2.533, +0.166,+0.960
1581328860,+3.33, +2.500, +0.168,+0.960
1581328920,+3.33, +2.533, +0.166,+0.960
1581328980,+3.33, +2.511, +0.168,+0.960
1581329040,+3.33, +2.533, +0.166,+0.960
1581329100,+3.33, +2.522, +0.167,+0.960
1581329160,+3.33, +2.533, +0.166,+0.960
1581329220,+3.33, +2.500, +0.166,+0.960
1581329280,+3.33, +2.554, +0.165,+0.960
1581329340,+3.33, +2.522, +0.167,+0.960
1581329400,+3.33, +2.522, +0.168,+0.960
1581329460,+3.33, +2.511, +0.165,+0.960
1581329520,+3.33, +2.490, +0.168,+0.960
1581329580,+3.33, +2.511, +0.167,+0.960
1581329640,+3.33, +2.533, +0.165,+0.960
1581329700,+3.33, +2.533, +0.167,+0.960
1581329760,+3.33, +2.533, +0.167,+0.960
1581329820,+3.33, +2.511, +0.166,+0.960
1581329880,+3.33, +2.533, +0.166,+0.960
1581329940,+3.33, +2.522, +0.165,+0.960
1581330000,+3.33, +2.522, +0.166,+0.960
1581330060,+3.33, +2.511, +0.166,+0.960
1581330120,+3.33, +2.543, +0.165,+0.960
1581330180,+3.33, +2.543, +0.168,+0.960
1581330240,+3.33, +2.511, +0.167,+0.960
1581330300,+3.33, +2.511, +0.166,+0.960
1581330360,+3.33, +2.522, +0.167,+0.960
1581330420,+3.33, +2.511, +0.167,+0.960
1581330480,+3.34, +2.533, +0.164,+0.960
1581330540,+3.33, +2.533, +0.165,+0.960
1581330600,+3.33, +2.522, +0.166,+0.960
1581330660,+3.33, +2.511, +0.168,+0.960
1581330720,+3.33, +2.533, +0.164,+0.960
1581330780,+3.33, +2.500, +0.166,+0.960
1581330840,+3.33, +2.533, +0.166,+0.960
1581330900,+3.33, +2.533, +0.166,+0.960
1581330960,+3.33, +2.533, +0.165,+0.960
1581331020,+3.33, +2.522, +0.167,+0.960
1581331080,+3.33, +2.533, +0.165,+0.960
1581331140,+3.33, +2.543, +0.166,+0.960
1581331200,+3.33, +2.522, +0.166,+0.960
1581331260,+3.33, +2.511, +0.166,+0.960
1581331320,+3.33, +2.511, +0.168,+0.960
1581331380,+3.33, +2.554, +0.166,+0.960
1581331440,+3.33, +2.490, +0.165,+0.960
1581331500,+3.33, +2.543, +0.166,+0.960
1581331560,+3.33, +2.533, +0.166,+0.960
1581331620,+3.33, +2.522, +0.166,+0.960
1581331680,+3.33, +2.522, +0.166,+0.960
1581331740,+3.33, +2.522, +0.164,+0.960
1581331800,+3.33, +2.533, +0.166,+0.960
1581331860,+3.33, +2.554, +0.166,+0.960
1581331920,+3.33, +2.500, +0.167,+0.960
1581331980,+3.33, +2.533, +0.167,+0.960
1581332040,+3.33, +2.522, +0.167,+0.960
1581332100,+3.33, +2.500, +0.167,+0.960
1581332160,+3.33, +2.533, +0.168,+0.960
1581332220,+3.33, +2.533, +0.167,+0.960
1581332280,+3.33, +2.554, +0.168,+0.960
1581332340,+3.33, +2.522, +0.167,+0.960
1581332400,+3.33, +2.522, +0.167,+0.960
1581332460,+3.33, +2.533, +0.165,+0.960
1581332520,+3.33, +2.554, +0.165,+0.960
1581332580,+3.33, +2.522, +0.165,+0.960
1581332640,+3.33, +2.543, +0.166,+0.960
1581332700,+3.33, +2.543, +0.166,+0.960
1581332760,+3.33, +2.543, +0.167,+0.960
1581332820,+3.33, +2.500, +0.167,+0.960
1581332880,+3.33, +2.533, +0.166,+0.960
1581332940,+3.33, +2.511, +0.167,+0.960
1581333000,+3.33, +2.511, +0.167,+0.960
1581333060,+3.33, +2.522, +0.167,+0.960
1581333120,+3.33, +2.543, +0.166,+0.960
1581333180,+3.33, +2.533, +0.167,+0.960
1581333240,+3.33, +2.522, +0.167,+0.960
1581333300,+3.33, +2.511, +0.167,+0.960
1581333360,+3.33, +2.500, +0.167,+0.960
1581333420,+3.33, +2.533, +0.166,+0.960
1581333480,+3.33, +2.543, +0.167,+0.960
1581333540,+3.33, +2.500, +0.167,+0.960
1581333600,+3.33, +2.522, +0.166,+0.960
1581333660,+3.33, +2.543, +0.167,+0.960
1581333720,+3.33, +2.533, +0.166,+0.960
1581333780,+3.33, +2.500, +0.167,+0.960
1581333840,+3.33, +2.554, +0.168,+0.960
1581333900,+3.33, +2.490, +0.166,+0.960
1581333960,+3.33, +2.511, +0.168,+0.960
1581334020,+3.33, +2.522, +0.169,+0.960
1581334080,+3.33, +2.490, +0.168,+0.960
1581334140,+3.33, +2.522, +0.167,+0.960
1581334200,+3.33, +2.511, +0.167,+0.960
1581334260,+3.33, +2.522, +0.167,+0.960
1581334320,+3.33, +2.522, +0.166,+0.960
1581334380,+3.33, +2.500, +0.167,+0.960
1581334440,+3.33, +2.533, +0.168,+0.960
1581334500,+3.34, +2.511, +0.166,+0.960
1581334560,+3.33, +2.522, +0.167,+0.960
1581334620,+3.33, +2.522, +0.167,+0.960
1581334680,+3.33, +2.511, +0.168,+0.960
1581334740,+3.33, +2.511, +0.166,+0.960
1581334800,+3.33, +2.511, +0.167,+0.960
1581334860,+3.33, +2.511, +0.166,+0.960
1581334920,+3.33, +2.533, +0.166,+0.960
1581334980,+3.33, +2.522, +0.168,+0.960
1581335040,+3.33, +2.533, +0.166,+0.960
1581335100,+3.33, +2.554, +0.168,+0.960
1581335160,+3.33, +2.533, +0.166,+0.960
1581335220,+3.33, +2.543, +0.166,+0.960
1581335280,+3.33, +2.500, +0.166,+0.960
1581335340,+3.33, +2.522, +0.166,+0.960
1581335400,+3.33, +2.511, +0.166,+0.960
1581335460,+3.33, +2.522, +0.166,+0.960
1581335520,+3.33, +2.533, +0.165,+0.960
1581335580,+3.33, +2.533, +0.165,+0.960
1581335640,+3.33, +2.543, +0.165,+0.960
1581335700,+3.33, +2.511, +0.167,+0.960
1581335760,+3.33, +2.511, +0.166,+0.960
1581335820,+3.33, +2.554, +0.167,+0.960
1581335880,+3.33, +2.500, +0.166,+0.960
1581335940,+3.33, +2.533, +0.168,+0.960
1581336000,+3.33, +2.511, +0.167,+0.960
1581336060,+3.33, +2.522, +0.167,+0.960
1581336120,+3.34, +2.522, +0.166,+0.960
1581336180,+3.33, +2.543, +0.166,+0.960
1581336240,+3.33, +2.522, +0.165,+0.959
1581336300,+3.33, +2.522, +0.168,+0.960
1581336360,+3.33, +2.533, +0.167,+0.960
1581336420,+3.33, +2.511, +0.166,+0.960
1581336480,+3.33, +2.511, +0.167,+0.960
1581336540,+3.33, +2.533, +0.165,+0.960
1581336600,+3.33, +2.522, +0.166,+0.960
1581336660,+3.33, +2.533, +0.167,+0.960
1581336720,+3.33, +2.543, +0.166,+0.960
1581336780,+3.33, +2.533, +0.166,+0.960
1581336840,+3.33, +2.490, +0.168,+0.960
1581336900,+3.33, +2.490, +0.167,+0.960
1581336960,+3.33, +2.500, +0.166,+0.960
1581337020,+3.34, +2.522, +0.166,+0.960
1581337080,+3.33, +2.522, +0.166,+0.960
1581337140,+3.33, +2.511, +0.167,+0.960
1581337200,+3.33, +2.511, +0.168,+0.960
1581337260,+3.33, +2.490, +0.166,+0.960
1581337320,+3.33, +2.533, +0.165,+0.960
1581337380,+3.33, +2.511, +0.168,+0.960
1581337440,+3.33, +2.533, +0.165,+0.960
1581337500,+3.33, +2.522, +0.166,+0.960
1581337560,+3.33, +2.522, +0.166,+0.960
1581337620,+3.33, +2.522, +0.165,+0.960
1581337680,+3.33, +2.543, +0.165,+0.960
1581337740,+3.33, +2.511, +0.166,+0.960
1581337800,+3.34, +2.500, +0.167,+0.960
1581337860,+3.33, +2.522, +0.165,+0.960
1581337920,+3.33, +2.522, +0.168,+0.960
1581337980,+3.34, +2.522, +0.165,+0.960
1581338040,+3.33, +2.533, +0.166,+0.960
1581338100,+3.33, +2.522, +0.167,+0.960
1581338160,+3.33, +2.533, +0.167,+0.960
1581338220,+3.33, +2.490, +0.168,+0.960
1581338280,+3.33, +2.522, +0.168,+0.960
1581338340,+3.33, +2.522, +0.166,+0.960
1581338400,+3.33, +2.500, +0.166,+0.960
1581338460,+3.33, +2.511, +0.165,+0.960
1581338520,+3.33, +2.543, +0.167,+0.960
1581338580,+3.33, +2.533, +0.166,+0.960
1581338640,+3.33, +2.500, +0.166,+0.960
1581338700,+3.34, +2.511, +0.167,+0.960
1581338760,+3.33, +2.522, +0.167,+0.960
1581338820,+3.33, +2.522, +0.168,+0.960
1581338880,+3.33, +2.554, +0.165,+0.960
1581338940,+3.33, +2.511, +0.168,+0.960
1581339000,+3.33, +2.533, +0.165,+0.960
1581339060,+3.33, +2.522, +0.165,+0.960
1581339120,+3.33, +2.533, +0.165,+0.960
1581339180,+3.33, +2.511, +0.167,+0.960
1581339240,+3.33, +2.511, +0.167,+0.960
1581339300,+3.33, +2.554, +0.165,+0.960
1581339360,+3.33, +2.522, +0.166,+0.960
1581339420,+3.33, +2.511, +0.166,+0.960
1581339480,+3.33, +2.522, +0.167,+0.960
1581339540,+3.33, +2.500, +0.166,+0.960
1581339600,+3.33, +2.533, +0.168,+0.960
1581339660,+3.33, +2.533, +0.165,+0.960
1581339720,+3.33, +2.533, +0.165,+0.960
1581339780,+3.33, +2.522, +0.166,+0.960
1581339840,+3.33, +2.511, +0.165,+0.960
1581339900,+3.33, +2.522, +0.168,+0.960
1581339960,+3.33, +2.522, +0.166,+0.960
1581340020,+3.33, +2.522, +0.166,+0.960
1581340080,+3.33, +2.522, +0.167,+0.960
1581340140,+3.33, +2.522, +0.167,+0.960
1581340200,+3.33, +2.522, +0.165,+0.960
1581340260,+3.33, +2.522, +0.168,+0.960
1581340320,+3.33, +2.533, +0.167,+0.960
1581340380,+3.34, +2.500, +0.166,+0.960
1581340440,+3.33, +2.522, +0.168,+0.960
1581340500,+3.33, +2.500, +0.167,+0.960
1581340560,+3.34, +2.522, +0.166,+0.960
1581340620,+3.33, +2.457, +0.167,+0.960
1581340680,+3.33, +2.511, +0.165,+0.960
1581340740,+3.33, +2.522, +0.168,+0.960
1581340800,+3.33, +2.533, +0.166,+0.960
1581340860,+3.33, +2.511, +0.167,+0.960
1581340920,+3.33, +2.533, +0.165,+0.960
1581340980,+3.33, +2.522, +0.167,+0.960
1581341040,+3.33, +2.522, +0.166,+0.960
1581341100,+3.33, +2.500, +0.166,+0.960
1581341160,+3.33, +2.522, +0.167,+0.960
1581341220,+3.33, +2.522, +0.166,+0.960
1581341280,+3.33, +2.511, +0.165,+0.960
1581341340,+3.33, +2.533, +0.165,+0.960
1581341400,+3.33, +2.511, +0.167,+0.960
1581341460,+3.33, +2.511, +0.165,+0.960
1581341520,+3.33, +2.511, +0.168,+0.960
1581341580,+3.33, +2.522, +0.168,+0.960
1581341640,+3.33, +2.543, +0.166,+0.960
1581341700,+3.33, +2.511, +0.168,+0.960
1581341760,+3.33, +2.533, +0.167,+0.960
1581341820,+3.33, +2.511, +0.168,+0.960
1581341880,+3.33, +2.500, +0.166,+0.960
1581341940,+3.33, +2.511, +0.167,+0.960
1581342000,+3.33, +2.511, +0.168,+0.960
1581342060,+3.33, +2.511, +0.164,+0.960
1581342120,+3.33, +2.522, +0.167,+0.960
1581342180,+3.33, +2.522, +0.166,+0.960
1581342240,+3.34, +2.468, +0.167,+0.960
1581342300,+3.33, +2.533, +0.167,+0.960
1581342360,+3.33, +2.479, +0.167,+0.960
1581342420,+3.33, +2.511, +0.166,+0.960
1581342480,+3.33, +2.511, +0.167,+0.960
1581342540,+3.33, +2.511, +0.166,+0.960
1581342600,+3.33, +2.522, +0.166,+0.960
1581342660,+3.33, +2.543, +0.164,+0.960
1581342720,+3.33, +2.522, +0.166,+0.960
1581342780,+3.33, +2.543, +0.167,+0.960
1581342840,+3.34, +2.522, +0.166,+0.960
1581342900,+3.33, +2.554, +0.166,+0.960
1581342960,+3.33, +2.522, +0.165,+0.960
1581343020,+3.34, +2.533, +0.166,+0.960
1581343080,+3.33, +2.543, +0.165,+0.960
1581343140,+3.33, +2.522, +0.168,+0.960
1581343200,+3.34, +2.511, +0.166,+0.960
1581343260,+3.33, +2.522, +0.167,+0.960
1581343320,+3.33, +2.522, +0.167,+0.960
1581343380,+3.33, +2.522, +0.165,+0.960
1581343440,+3.33, +2.511, +0.167,+0.960
1581343500,+3.33, +2.522, +0.167,+0.960
1581343560,+3.33, +2.522, +0.167,+0.960
1581343620,+3.33, +2.500, +0.165,+0.960
1581343680,+3.33, +2.511, +0.166,+0.960
1581343740,+3.33, +2.522, +0.167,+0.960
1581343800,+3.33, +2.511, +0.167,+0.960
1581343860,+3.33, +2.511, +0.168,+0.960
1581343920,+3.33, +2.533, +0.168,+0.960
1581343980,+3.33, +2.511, +0.165,+0.960
1581344040,+3.33, +2.479, +0.167,+0.960
1581344100,+3.33, +2.511, +0.168,+0.960
1581344160,+3.33, +2.543, +0.166,+0.960
1581344220,+3.33, +2.522, +0.166,+0.960
1581344280,+3.33, +2.511, +0.167,+0.960
1581344340,+3.33, +2.500, +0.166,+0.960
1581344400,+3.33, +2.511, +0.167,+0.960
1581344460,+3.33, +2.533, +0.168,+0.960
1581344520,+3.33, +2.522, +0.168,+0.960
1581344580,+3.33, +2.490, +0.166,+0.960
1581344640,+3.33, +2.533, +0.165,+0.960
1581344700,+3.34, +2.533, +0.167,+0.960
1581344760,+3.33, +2.500, +0.167,+0.960
1581344820,+3.33, +2.490, +0.167,+0.960
1581344880,+3.33, +2.533, +0.165,+0.960
1581344940,+3.33, +2.522, +0.165,+0.960
1581345000,+3.33, +2.522, +0.165,+0.960
1581345060,+3.34, +2.533, +0.167,+0.960
1581345120,+3.33, +2.490, +0.167,+0.960
1581345180,+3.33, +2.500, +0.167,+0.960
1581345240,+3.33, +2.500, +0.167,+0.960
1581345300,+3.34, +2.533, +0.166,+0.960
1581345360,+3.33, +2.511, +0.167,+0.960
1581345420,+3.33, +2.511, +0.166,+0.960
1581345480,+3.33, +2.522, +0.168,+0.960
1581345540,+3.33, +2.511, +0.166,+0.960
1581345600,+3.33, +2.511, +0.166,+0.960
1581345660,+3.33, +2.500, +0.167,+0.960
1581345720,+3.33, +2.511, +0.165,+0.960
1581345780,+3.33, +2.533, +0.166,+0.960
1581345840,+3.34, +2.511, +0.167,+0.960
1581345900,+3.33, +2.511, +0.166,+0.960
1581345960,+3.33, +2.533, +0.167,+0.960
1581346020,+3.33, +2.490, +0.166,+0.960
1581346080,+3.33, +2.511, +0.167,+0.960
1581346140,+3.33, +2.533, +0.168,+0.960
1581346200,+3.33, +2.500, +0.167,+0.960
1581346260,+3.33, +2.543, +0.166,+0.960
1581346320,+3.33, +2.468, +0.167,+0.960
1581346380,+3.33, +2.500, +0.166,+0.960
1581346440,+3.33, +2.533, +0.166,+0.960
1581346500,+3.33, +2.522, +0.166,+0.960
1581346560,+3.33, +2.511, +0.166,+0.960
1581346620,+3.33, +2.533, +0.165,+0.960
1581346680,+3.33, +2.490, +0.166,+0.960
1581346740,+3.33, +2.522, +0.166,+0.960
1581346800,+3.33, +2.500, +0.167,+0.960
1581346860,+3.34, +2.543, +0.168,+0.960
1581346920,+3.33, +2.533, +0.166,+0.960
1581346980,+3.33, +2.511, +0.166,+0.960
1581347040,+3.33, +2.543, +0.166,+0.960
1581347100,+3.34, +2.533, +0.167,+0.960
1581347160,+3.33, +2.533, +0.167,+0.960
1581347220,+3.33, +2.522, +0.166,+0.960
1581347280,+3.33, +2.500, +0.168,+0.960
1581347340,+3.33, +2.543, +0.167,+0.960
1581347400,+3.33, +2.500, +0.167,+0.960
1581347460,+3.33, +2.533, +0.166,+0.960
1581347520,+3.33, +2.533, +0.166,+0.960
1581347580,+3.33, +2.533, +0.167,+0.960
1581347640,+3.33, +2.511, +0.167,+0.960
1581347700,+3.34, +2.500, +0.166,+0.960
1581347760,+3.33, +2.543, +0.164,+0.960
1581347820,+3.33, +2.511, +0.165,+0.960
1581347880,+3.33, +2.511, +0.166,+0.960
1581347940,+3.33, +2.500, +0.165,+0.960
1581348000,+3.33, +2.533, +0.166,+0.960
1581348060,+3.33, +2.500, +0.167,+0.960
1581348120,+3.33, +2.522, +0.166,+0.960
1581348180,+3.33, +2.522, +0.166,+0.960
1581348240,+3.33, +2.457, +0.167,+0.960
1581348300,+3.33, +2.511, +0.166,+0.960
1581348360,+3.33, +2.500, +0.165,+0.960
1581348420,+3.33, +2.522, +0.166,+0.960
1581348480,+3.33, +2.533, +0.166,+0.960
1581348540,+3.33, +2.522, +0.165,+0.960
1581348600,+3.33, +2.500, +0.167,+0.960
1581348660,+3.33, +2.533, +0.167,+0.960
1581348720,+3.33, +2.500, +0.166,+0.960
1581348780,+3.33, +2.511, +0.166,+0.960
1581348840,+3.33, +2.522, +0.168,+0.960
1581348900,+3.33, +2.522, +0.166,+0.960
1581348960,+3.33, +2.511, +0.166,+0.960
1581349020,+3.33, +2.522, +0.166,+0.960
1581349080,+3.33, +2.543, +0.167,+0.960
1581349140,+3.33, +2.490, +0.166,+0.960
1581349200,+3.33, +2.533, +0.166,+0.960
1581349260,+3.33, +2.522, +0.167,+0.960
1581349320,+3.33, +2.533, +0.166,+0.960
1581349380,+3.33, +2.511, +0.166,+0.960
1581349440,+3.33, +2.522, +0.165,+0.960
1581349500,+3.33, +2.490, +0.167,+0.960
1581349560,+3.33, +2.533, +0.167,+0.960
1581349620,+3.34, +2.522, +0.167,+0.960
1581349680,+3.33, +2.511, +0.167,+0.960
1581349740,+3.33, +2.522, +0.166,+0.960
1581349800,+3.33, +2.511, +0.165,+0.960
1581349860,+3.33, +2.522, +0.166,+0.960
1581349920,+3.33, +2.500, +0.166,+0.960
1581349980,+3.33, +2.533, +0.168,+0.960
1581350040,+3.33, +2.533, +0.166,+0.960
1581350100,+3.33, +2.511, +0.167,+0.960
1581350160,+3.33, +2.533, +0.165,+0.960
1581350220,+3.33, +2.522, +0.166,+0.960
1581350280,+3.33, +2.500, +0.167,+0.960
1581350340,+3.34, +2.500, +0.166,+0.960
1581350400,+3.33, +2.522, +0.166,+0.960
1581350460,+3.33, +2.511, +0.167,+0.960
1581350520,+3.33, +2.511, +0.166,+0.960
1581350580,+3.33, +2.511, +0.168,+0.960
1581350640,+3.33, +2.522, +0.166,+0.960
1581350700,+3.33, +2.490, +0.168,+0.960
1581350760,+3.33, +2.490, +0.166,+0.960
1581350820,+3.33, +2.533, +0.167,+0.960
1581350880,+3.34, +2.468, +0.166,+0.960
1581350940,+3.33, +2.543, +0.165,+0.960
1581351000,+3.33, +2.522, +0.167,+0.960
1581351060,+3.33, +2.511, +0.166,+0.960
1581351120,+3.33, +2.533, +0.166,+0.960
1581351180,+3.33, +2.500, +0.166,+0.960
1581351240,+3.33, +2.533, +0.166,+0.960
1581351300,+3.33, +2.533, +0.166,+0.960
1581351360,+3.33, +2.533, +0.166,+0.960
1581351420,+3.33, +2.511, +0.168,+0.960
1581351480,+3.33, +2.490, +0.168,+0.960
1581351540,+3.33, +2.500, +0.166,+0.960
1581351600,+3.33, +2.500, +0.165,+0.960
1581351660,+3.33, +2.533, +0.167,+0.960
1581351720,+3.33, +2.533, +0.166,+0.960
1581351780,+3.33, +2.511, +0.167,+0.960
1581351840,+3.33, +2.511, +0.167,+0.960
1581351900,+3.33, +2.500, +0.168,+0.960
1581351960,+3.33, +2.522, +0.167,+0.960
1581352020,+3.33, +2.511, +0.167,+0.960
1581352080,+3.33, +2.576, +0.166,+0.960
1581352140,+3.33, +2.511, +0.168,+0.960
1581352200,+3.33, +2.522, +0.165,+0.960
1581352260,+3.33, +2.522, +0.166,+0.960
1581352320,+3.33, +2.490, +0.167,+0.960
1581352380,+3.33, +2.543, +0.166,+0.960
1581352440,+3.33, +2.511, +0.167,+0.960
1581352500,+3.33, +2.500, +0.168,+0.960
1581352560,+3.33, +2.522, +0.166,+0.960
1581352620,+3.33, +2.500, +0.167,+0.960
1581352680,+3.34, +2.522, +0.169,+0.960
1581352740,+3.33, +2.543, +0.167,+0.960
1581352800,+3.33, +2.522, +0.165,+0.960
1581352860,+3.33, +2.522, +0.167,+0.960
1581352920,+3.33, +2.511, +0.166,+0.960
1581352980,+3.33, +2.500, +0.166,+0.960
1581353040,+3.33, +2.533, +0.167,+0.960
1581353100,+3.33, +2.511, +0.166,+0.960
1581353160,+3.34, +2.511, +0.166,+0.960
1581353220,+3.33, +2.543, +0.165,+0.960
1581353280,+3.33, +2.522, +0.167,+0.960
1581353340,+3.34, +2.533, +0.168,+0.960
1581353400,+3.33, +2.511, +0.166,+0.960
1581353460,+3.33, +2.543, +0.166,+0.960
1581353520,+3.33, +2.490, +0.167,+0.960
1581353580,+3.33, +2.522, +0.163,+0.960
1581353640,+3.33, +2.522, +0.166,+0.960
1581353700,+3.33, +2.533, +0.167,+0.960
1581353760,+3.33, +2.522, +0.165,+0.960
1581353820,+3.33, +2.522, +0.166,+0.960
1581353880,+3.33, +2.543, +0.168,+0.960
1581353940,+3.33, +2.511, +0.166,+0.960
1581354000,+3.33, +2.533, +0.166,+0.960
1581354060,+3.33, +2.522, +0.168,+0.960
1581354120,+3.33, +2.522, +0.166,+0.960
1581354180,+3.33, +2.533, +0.165,+0.960
1581354240,+3.33, +2.500, +0.166,+0.960
1581354300,+3.33, +2.543, +0.164,+0.960
1581354360,+3.33, +2.522, +0.166,+0.960
1581354420,+3.33, +2.511, +0.167,+0.960
1581354480,+3.33, +2.522, +0.168,+0.960
1581354540,+3.33, +2.511, +0.165,+0.960
1581354600,+3.33, +2.533, +0.166,+0.960
1581354660,+3.33, +2.533, +0.167,+0.960
1581354720,+3.33, +2.522, +0.166,+0.960
1581354780,+3.33, +2.522, +0.167,+0.960
1581354840,+3.33, +2.522, +0.167,+0.960
1581354900,+3.33, +2.533, +0.167,+0.960
1581354960,+3.34, +2.533, +0.166,+0.960
1581355020,+3.33, +2.543, +0.166,+0.960
1581355080,+3.33, +2.522, +0.166,+0.960
1581355140,+3.33, +2.511, +0.167,+0.960
1581355200,+3.33, +2.511, +0.166,+0.960
1581355260,+3.33, +2.533, +0.167,+0.960
1581355320,+3.33, +2.533, +0.167,+0.960
1581355380,+3.33, +2.533, +0.168,+0.960
1581355440,+3.33, +2.533, +0.164,+0.960
1581355500,+3.33, +2.543, +0.166,+0.960
1581355560,+3.33, +2.533, +0.165,+0.960
1581355620,+3.33, +2.533, +0.165,+0.960
1581355680,+3.33, +2.533, +0.165,+0.960
1581355740,+3.33, +2.533, +0.166,+0.960
1581355800,+3.33, +2.533, +0.167,+0.960
1581355860,+3.33, +2.543, +0.165,+0.960
1581355920,+3.33, +2.533, +0.167,+0.960
1581355980,+3.33, +2.511, +0.165,+0.960
1581356040,+3.33, +2.522, +0.167,+0.960
1581356100,+3.33, +2.522, +0.167,+0.960
1581356160,+3.33, +2.543, +0.166,+0.960
1581356220,+3.33, +2.543, +0.165,+0.960
1581356280,+3.33, +2.511, +0.166,+0.960
1581356340,+3.33, +2.522, +0.167,+0.960
1581356400,+3.33, +2.511, +0.167,+0.960
1581356460,+3.33, +2.511, +0.168,+0.960
1581356520,+3.33, +2.522, +0.166,+0.960
1581356580,+3.33, +2.522, +0.166,+0.960
1581356640,+3.33, +2.565, +0.166,+0.960
1581356700,+3.33, +2.500, +0.166,+0.960
1581356760,+3.33, +2.522, +0.167,+0.960
1581356820,+3.33, +2.511, +0.166,+0.960
1581356880,+3.33, +2.500, +0.168,+0.960
1581356940,+3.33, +2.533, +0.168,+0.960
1581357000,+3.33, +2.522, +0.167,+0.960
1581357060,+3.33, +2.533, +0.166,+0.960
1581357120,+3.33, +2.543, +0.166,+0.960
1581357180,+3.33, +2.468, +0.167,+0.960
1581357240,+3.33, +2.511, +0.165,+0.960
1581357300,+3.33, +2.522, +0.167,+0.960
1581357360,+3.33, +2.533, +0.166,+0.960
1581357420,+3.33, +2.533, +0.167,+0.960
1581357480,+3.33, +2.533, +0.167,+0.960
1581357540,+3.33, +2.500, +0.166,+0.960
1581357600,+3.33, +2.533, +0.168,+0.960
1581357660,+3.34, +2.522, +0.166,+0.960
1581357720,+3.33, +2.533, +0.166,+0.960
1581357780,+3.33, +2.511, +0.167,+0.960
1581357840,+3.33, +2.543, +0.166,+0.960
1581357900,+3.33, +2.522, +0.166,+0.960
1581357960,+3.33, +2.522, +0.164,+0.960
1581358020,+3.33, +2.511, +0.166,+0.960
1581358080,+3.33, +2.522, +0.167,+0.960
1581358140,+3.33, +2.543, +0.168,+0.960
1581358200,+3.33, +2.543, +0.168,+0.960
1581358260,+3.33, +2.543, +0.164,+0.960
1581358320,+3.33, +2.533, +0.166,+0.960
1581358380,+3.33, +2.554, +0.165,+0.960
1581358440,+3.33, +2.511, +0.167,+0.960
1581358500,+3.33, +2.533, +0.167,+0.960
1581358560,+3.33, +2.533, +0.166,+0.960
1581358620,+3.33, +2.511, +0.166,+0.960
1581358680,+3.33, +2.522, +0.166,+0.960
1581358740,+3.33, +2.533, +0.168,+0.960
1581358800,+3.33, +2.522, +0.167,+0.960
1581358860,+3.33, +2.533, +0.166,+0.960
1581358920,+3.33, +2.533, +0.166,+0.960
1581358980,+3.33, +2.543, +0.168,+0.960
1581359040,+3.33, +2.543, +0.166,+0.960
1581359100,+3.33, +2.522, +0.165,+0.960
1581359160,+3.33, +2.511, +0.166,+0.960
1581359220,+3.33, +2.543, +0.167,+0.960
1581359280,+3.33, +2.522, +0.166,+0.960
1581359340,+3.33, +2.511, +0.167,+0.960
1581359400,+3.33, +2.543, +0.166,+0.960
1581359460,+3.33, +2.533, +0.167,+0.960
1581359520,+3.33, +2.554, +0.166,+0.960
1581359580,+3.33, +2.533, +0.166,+0.960
1581359640,+3.33, +2.543, +0.167,+0.960
1581359700,+3.33, +2.543, +0.168,+0.960
1581359760,+3.33, +2.543, +0.165,+0.960
1581359820,+3.33, +2.533, +0.167,+0.960
1581359880,+3.33, +2.543, +0.166,+0.960
1581359940,+3.33, +2.554, +0.167,+0.960
1581360000,+3.33, +2.533, +0.167,+0.960
1581360060,+3.33, +2.522, +0.166,+0.960
1581360120,+3.33, +2.500, +0.167,+0.960
1581360180,+3.33, +2.543, +0.166,+0.960
1581360240,+3.33, +2.522, +0.166,+0.960
1581360300,+3.33, +2.554, +0.166,+0.960
1581360360,+3.33, +2.543, +0.166,+0.960
1581360420,+3.33, +2.543, +0.167,+0.960
1581360480,+3.33, +2.543, +0.165,+0.960
1581360540,+3.33, +2.533, +0.166,+0.960
1581360600,+3.33, +2.522, +0.166,+0.960
1581360660,+3.33, +2.511, +0.166,+0.960
1581360720,+3.33, +2.522, +0.167,+0.960
1581360780,+3.33, +2.533, +0.167,+0.960
1581360840,+3.33, +2.533, +0.167,+0.960
1581360900,+3.33, +2.533, +0.166,+0.960
1581360960,+3.33, +2.500, +0.167,+0.960
1581361020,+3.33, +2.522, +0.167,+0.960
1581361080,+3.33, +2.554, +0.166,+0.960
1581361140,+3.33, +2.543, +0.166,+0.960
1581361200,+3.33, +2.533, +0.166,+0.960
1581361260,+3.33, +2.533, +0.167,+0.960
1581361320,+3.33, +2.543, +0.165,+0.960
1581361380,+3.33, +2.533, +0.167,+0.960
1581361440,+3.33, +2.543, +0.165,+0.960
1581361500,+3.33, +2.533, +0.167,+0.960
1581361560,+3.33, +2.522, +0.167,+0.960
1581361620,+3.33, +2.533, +0.167,+0.960
1581361680,+3.33, +2.543, +0.166,+0.960
1581361740,+3.33, +2.543, +0.166,+0.960
1581361800,+3.33, +2.522, +0.167,+0.960
1581361860,+3.33, +2.543, +0.166,+0.960
1581361920,+3.33, +2.543, +0.167,+0.960
1581361980,+3.33, +2.533, +0.167,+0.960
1581362040,+3.33, +2.533, +0.166,+0.960
1581362100,+3.33, +2.533, +0.166,+0.960
1581362160,+3.33, +2.490, +0.168,+0.960
1581362220,+3.33, +2.522, +0.165,+0.960
1581362280,+3.34, +2.533, +0.167,+0.960
1581362340,+3.33, +2.533, +0.166,+0.960
1581362400,+3.33, +2.522, +0.168,+0.960
1581362460,+3.33, +2.522, +0.165,+0.960
1581362520,+3.33, +2.533, +0.165,+0.960
1581362580,+3.33, +2.522, +0.166,+0.960
1581362640,+3.34, +2.554, +0.165,+0.960
1581362700,+3.33, +2.533, +0.168,+0.960
1581362760,+3.33, +2.522, +0.166,+0.960
1581362820,+3.33, +2.554, +0.165,+0.960
1581362880,+3.33, +2.533, +0.167,+0.960
1581362940,+3.33, +2.554, +0.167,+0.960
1581363000,+3.33, +2.543, +0.168,+0.960
1581363060,+3.33, +2.554, +0.167,+0.960
1581363120,+3.33, +2.565, +0.167,+0.960
1581363180,+3.33, +2.511, +0.167,+0.960
1581363240,+3.33, +2.576, +0.167,+0.960
1581363300,+3.33, +2.586, +0.165,+0.960
1581363360,+3.33, +2.586, +0.165,+0.960
1581363420,+3.33, +2.586, +0.168,+0.960
1581363480,+3.33, +2.576, +0.167,+0.960
1581363540,+3.33, +2.576, +0.167,+0.960
1581363600,+3.33, +2.543, +0.166,+0.960
1581363660,+3.33, +2.543, +0.167,+0.960
1581363720,+3.33, +2.543, +0.167,+0.960
1581363780,+3.33, +2.543, +0.166,+0.960
1581363840,+3.33, +2.533, +0.165,+0.960
1581363900,+3.33, +2.543, +0.167,+0.960
1581363960,+3.33, +2.533, +0.166,+0.960
1581364020,+3.33, +2.533, +0.166,+0.960
1581364080,+3.33, +2.511, +0.167,+0.960
1581364140,+3.33, +2.522, +0.165,+0.960
1581364200,+3.33, +2.533, +0.166,+0.960
1581364260,+3.33, +2.500, +0.166,+0.960
1581364320,+3.33, +2.522, +0.166,+0.960
1581364380,+3.33, +2.500, +0.166,+0.960
1581364440,+3.33, +2.522, +0.168,+0.960
1581364500,+3.33, +2.522, +0.166,+0.960
1581364560,+3.33, +2.479, +0.168,+0.960
1581364620,+3.33, +2.511, +0.167,+0.960
1581364680,+3.33, +2.500, +0.166,+0.960
1581364740,+3.33, +2.511, +0.167,+0.960
1581364800,+3.33, +2.511, +0.165,+0.960
1581364860,+3.33, +2.500, +0.166,+0.960
1581364920,+3.33, +2.500, +0.166,+0.960
1581364980,+3.33, +2.543, +0.167,+0.960
1581365040,+3.33, +2.490, +0.168,+0.960
1581365100,+3.33, +2.468, +0.167,+0.960
1581365160,+3.33, +2.543, +0.166,+0.960
1581365220,+3.33, +2.533, +0.167,+0.960
1581365280,+3.33, +2.511, +0.167,+0.960
1581365340,+3.33, +2.511, +0.165,+0.960
1581365400,+3.34, +2.511, +0.166,+0.960
1581365460,+3.33, +2.533, +0.166,+0.960
1581365520,+3.33, +2.511, +0.167,+0.960
1581365580,+3.33, +2.533, +0.166,+0.960
1581365640,+3.34, +2.533, +0.165,+0.960
1581365700,+3.33, +2.554, +0.166,+0.960
1581365760,+3.33, +2.543, +0.165,+0.960
1581365820,+3.33, +2.543, +0.168,+0.960
1581365880,+3.33, +2.543, +0.165,+0.960
1581365940,+3.33, +2.543, +0.167,+0.960
1581366000,+3.33, +2.554, +0.167,+0.960
1581366060,+3.33, +2.565, +0.166,+0.960
1581366120,+3.33, +2.554, +0.167,+0.960
1581366180,+3.33, +2.543, +0.166,+0.960
1581366240,+3.33, +2.543, +0.166,+0.960
1581366300,+3.33, +2.522, +0.167,+0.960
1581366360,+3.33, +2.543, +0.167,+0.960
1581366420,+3.33, +2.533, +0.166,+0.960
1581366480,+3.33, +2.565, +0.165,+0.960
1581366540,+3.33, +2.533, +0.168,+0.960
1581366600,+3.33, +2.533, +0.166,+0.960
1581366660,+3.33, +2.543, +0.167,+0.960
1581366720,+3.33, +2.533, +0.164,+0.960
1581366780,+3.33, +2.543, +0.164,+0.960
1581366840,+3.33, +2.522, +0.165,+0.960
1581366900,+3.33, +2.533, +0.168,+0.960
1581366960,+3.33, +2.543, +0.166,+0.960
1581367020,+3.33, +2.533, +0.167,+0.960
1581367080,+3.33, +2.522, +0.164,+0.960
1581367140,+3.33, +2.533, +0.166,+0.960
1581367200,+3.33, +2.511, +0.166,+0.960
1581367260,+3.33, +2.522, +0.167,+0.960
1581367320,+3.33, +2.543, +0.166,+0.960
1581367380,+3.33, +2.533, +0.168,+0.960
1581367440,+3.33, +2.522, +0.166,+0.960
1581367500,+3.33, +2.533, +0.168,+0.960
1581367560,+3.33, +2.533, +0.167,+0.960
1581367620,+3.33, +2.543, +0.166,+0.960
1581367680,+3.33, +2.543, +0.166,+0.960
1581367740,+3.33, +2.522, +0.167,+0.960
1581367800,+3.33, +2.543, +0.167,+0.960
