7392-570653
OS REV: 1.11 Sensor Cal: 1428445788
Time (sec),  BV (Volts),  T (deg C),  DO (mg/l),  Q ()
1578603060,+3.35, +3.247, +0.159,+0.959
1578603120,+3.35, +3.268, +0.161,+0.960
1578603180,+3.35, +3.247, +0.161,+0.959
1578603240,+3.35, +3.278, +0.159,+0.960
1578603300,+3.35, +3.289, +0.160,+0.960
1578603360,+3.35, +3.268, +0.161,+0.960
1578603420,+3.35, +3.257, +0.162,+0.960
1578603480,+3.35, +3.278, +0.160,+0.960
1578603540,+3.35, +3.257, +0.161,+0.960
1578603600,+3.35, +3.268, +0.160,+0.960
1578603660,+3.35, +3.310, +0.161,+0.960
1578603720,+3.35, +3.257, +0.160,+0.959
1578603780,+3.35, +3.278, +0.158,+0.960
1578603840,+3.35, +3.289, +0.160,+0.960
1578603900,+3.35, +3.268, +0.161,+0.960
1578603960,+3.35, +3.278, +0.161,+0.960
1578604020,+3.35, +3.278, +0.161,+0.960
1578604080,+3.35, +3.257, +0.160,+0.960
1578604140,+3.35, +3.310, +0.161,+0.960
1578604200,+3.35, +3.278, +0.161,+0.960
1578604260,+3.35, +3.299, +0.161,+0.960
1578604320,+3.35, +3.257, +0.160,+0.960
1578604380,+3.35, +3.257, +0.161,+0.960
1578604440,+3.35, +3.247, +0.161,+0.960
1578604500,+3.35, +3.268, +0.160,+0.960
1578604560,+3.35, +3.257, +0.158,+0.959
1578604620,+3.35, +3.247, +0.161,+0.960
1578604680,+3.35, +3.268, +0.160,+0.960
1578604740,+3.35, +3.257, +0.161,+0.960
1578604800,+3.35, +3.247, +0.160,+0.959
1578604860,+3.35, +3.247, +0.161,+0.960
1578604920,+3.35, +3.257, +0.159,+0.960
1578604980,+3.35, +3.278, +0.160,+0.960
1578605040,+3.35, +3.247, +0.160,+0.960
1578605100,+3.35, +3.247, +0.159,+0.959
1578605160,+3.35, +3.236, +0.161,+0.960
1578605220,+3.35, +3.236, +0.160,+0.960
1578605280,+3.35, +3.257, +0.161,+0.960
1578605340,+3.35, +3.236, +0.163,+0.960
1578605400,+3.35, +3.247, +0.163,+0.960
1578605460,+3.35, +3.268, +0.161,+0.960
1578605520,+3.35, +3.247, +0.160,+0.960
1578605580,+3.35, +3.236, +0.161,+0.959
1578605640,+3.35, +3.247, +0.162,+0.960
1578605700,+3.35, +3.268, +0.160,+0.960
1578605760,+3.35, +3.257, +0.161,+0.960
1578605820,+3.35, +3.257, +0.161,+0.960
1578605880,+3.35, +3.247, +0.161,+0.960
1578605940,+3.35, +3.247, +0.160,+0.960
1578606000,+3.35, +3.268, +0.161,+0.960
1578606060,+3.35, +3.247, +0.161,+0.960
1578606120,+3.35, +3.257, +0.161,+0.960
1578606180,+3.35, +3.247, +0.162,+0.960
1578606240,+3.35, +3.268, +0.161,+0.960
1578606300,+3.35, +3.268, +0.160,+0.960
1578606360,+3.35, +3.225, +0.161,+0.960
1578606420,+3.35, +3.278, +0.161,+0.960
1578606480,+3.35, +3.236, +0.162,+0.960
1578606540,+3.35, +3.268, +0.161,+0.960
1578606600,+3.35, +3.247, +0.161,+0.960
1578606660,+3.35, +3.247, +0.160,+0.960
1578606720,+3.35, +3.247, +0.160,+0.959
1578606780,+3.35, +3.257, +0.161,+0.960
1578606840,+3.35, +3.268, +0.161,+0.960
1578606900,+3.35, +3.236, +0.161,+0.960
1578606960,+3.35, +3.278, +0.161,+0.960
1578607020,+3.35, +3.247, +0.163,+0.960
1578607080,+3.35, +3.278, +0.161,+0.960
1578607140,+3.35, +3.247, +0.161,+0.960
1578607200,+3.35, +3.278, +0.161,+0.960
1578607260,+3.35, +3.257, +0.162,+0.960
1578607320,+3.35, +3.247, +0.160,+0.960
1578607380,+3.35, +3.289, +0.161,+0.960
1578607440,+3.35, +3.289, +0.159,+0.960
1578607500,+3.35, +3.247, +0.161,+0.959
1578607560,+3.35, +3.257, +0.162,+0.960
1578607620,+3.35, +3.247, +0.162,+0.960
1578607680,+3.35, +3.268, +0.160,+0.960
1578607740,+3.35, +3.268, +0.160,+0.959
1578607800,+3.35, +3.278, +0.161,+0.960
1578607860,+3.35, +3.247, +0.161,+0.960
1578607920,+3.35, +3.257, +0.160,+0.959
1578607980,+3.35, +3.225, +0.161,+0.960
1578608040,+3.35, +3.236, +0.160,+0.960
1578608100,+3.35, +3.247, +0.160,+0.960
1578608160,+3.35, +3.236, +0.161,+0.960
1578608220,+3.35, +3.268, +0.161,+0.960
1578608280,+3.35, +3.278, +0.162,+0.960
1578608340,+3.35, +3.257, +0.161,+0.960
1578608400,+3.35, +3.257, +0.162,+0.960
1578608460,+3.35, +3.257, +0.158,+0.959
1578608520,+3.35, +3.247, +0.160,+0.960
1578608580,+3.35, +3.268, +0.162,+0.960
1578608640,+3.35, +3.236, +0.161,+0.960
1578608700,+3.35, +3.257, +0.161,+0.960
1578608760,+3.35, +3.268, +0.160,+0.960
1578608820,+3.35, +3.257, +0.162,+0.960
1578608880,+3.35, +3.247, +0.160,+0.959
1578608940,+3.35, +3.268, +0.161,+0.960
1578609000,+3.35, +3.247, +0.160,+0.960
1578609060,+3.35, +3.257, +0.161,+0.960
1578609120,+3.35, +3.268, +0.160,+0.960
1578609180,+3.35, +3.225, +0.162,+0.960
1578609240,+3.35, +3.268, +0.161,+0.960
1578609300,+3.35, +3.257, +0.160,+0.960
1578609360,+3.35, +3.236, +0.161,+0.960
1578609420,+3.35, +3.257, +0.161,+0.960
1578609480,+3.35, +3.268, +0.161,+0.960
1578609540,+3.35, +3.247, +0.162,+0.960
1578609600,+3.35, +3.257, +0.162,+0.960
1578609660,+3.35, +3.257, +0.159,+0.959
1578609720,+3.35, +3.247, +0.160,+0.960
1578609780,+3.35, +3.257, +0.160,+0.960
1578609840,+3.35, +3.236, +0.160,+0.959
1578609900,+3.35, +3.268, +0.160,+0.960
1578609960,+3.35, +3.257, +0.159,+0.960
1578610020,+3.35, +3.289, +0.160,+0.960
1578610080,+3.35, +3.257, +0.161,+0.960
1578610140,+3.35, +3.257, +0.160,+0.960
1578610200,+3.35, +3.247, +0.161,+0.960
1578610260,+3.35, +3.236, +0.160,+0.959
1578610320,+3.35, +3.268, +0.159,+0.959
1578610380,+3.35, +3.247, +0.161,+0.960
1578610440,+3.35, +3.268, +0.161,+0.960
1578610500,+3.35, +3.247, +0.161,+0.960
1578610560,+3.35, +3.225, +0.160,+0.959
1578610620,+3.35, +3.236, +0.160,+0.959
1578610680,+3.35, +3.257, +0.161,+0.960
1578610740,+3.35, +3.247, +0.161,+0.960
1578610800,+3.35, +3.268, +0.161,+0.960
1578610860,+3.35, +3.236, +0.161,+0.960
1578610920,+3.35, +3.257, +0.161,+0.960
1578610980,+3.35, +3.268, +0.162,+0.960
1578611040,+3.35, +3.247, +0.161,+0.960
1578611100,+3.35, +3.268, +0.161,+0.960
1578611160,+3.35, +3.236, +0.162,+0.960
1578611220,+3.35, +3.225, +0.159,+0.959
1578611280,+3.35, +3.268, +0.161,+0.960
1578611340,+3.35, +3.257, +0.160,+0.960
1578611400,+3.35, +3.247, +0.160,+0.960
1578611460,+3.35, +3.247, +0.161,+0.960
1578611520,+3.35, +3.257, +0.161,+0.960
1578611580,+3.35, +3.247, +0.163,+0.960
1578611640,+3.35, +3.236, +0.161,+0.960
1578611700,+3.35, +3.236, +0.161,+0.960
1578611760,+3.35, +3.257, +0.161,+0.960
1578611820,+3.35, +3.247, +0.161,+0.960
1578611880,+3.35, +3.247, +0.161,+0.960
1578611940,+3.35, +3.257, +0.161,+0.960
1578612000,+3.35, +3.236, +0.161,+0.960
1578612060,+3.35, +3.257, +0.158,+0.959
1578612120,+3.35, +3.257, +0.162,+0.960
1578612180,+3.35, +3.268, +0.160,+0.960
1578612240,+3.35, +3.268, +0.160,+0.960
1578612300,+3.35, +3.278, +0.161,+0.960
1578612360,+3.35, +3.247, +0.160,+0.960
1578612420,+3.35, +3.236, +0.162,+0.960
1578612480,+3.35, +3.257, +0.160,+0.959
1578612540,+3.35, +3.268, +0.161,+0.960
1578612600,+3.35, +3.225, +0.162,+0.960
1578612660,+3.35, +3.247, +0.162,+0.960
1578612720,+3.35, +3.247, +0.162,+0.960
1578612780,+3.35, +3.247, +0.160,+0.960
1578612840,+3.35, +3.225, +0.161,+0.960
1578612900,+3.35, +3.268, +0.160,+0.960
1578612960,+3.35, +3.225, +0.161,+0.959
1578613020,+3.35, +3.236, +0.160,+0.959
1578613080,+3.35, +3.225, +0.161,+0.960
1578613140,+3.35, +3.236, +0.162,+0.960
1578613200,+3.35, +3.268, +0.160,+0.960
1578613260,+3.35, +3.268, +0.161,+0.960
1578613320,+3.35, +3.236, +0.160,+0.959
1578613380,+3.35, +3.257, +0.161,+0.960
1578613440,+3.35, +3.257, +0.161,+0.960
1578613500,+3.35, +3.268, +0.161,+0.960
1578613560,+3.35, +3.247, +0.162,+0.960
1578613620,+3.35, +3.257, +0.161,+0.960
1578613680,+3.35, +3.247, +0.161,+0.960
1578613740,+3.35, +3.236, +0.160,+0.960
1578613800,+3.35, +3.225, +0.160,+0.960
1578613860,+3.35, +3.247, +0.161,+0.960
1578613920,+3.35, +3.247, +0.161,+0.960
1578613980,+3.35, +3.257, +0.160,+0.960
1578614040,+3.35, +3.247, +0.161,+0.960
1578614100,+3.35, +3.236, +0.160,+0.960
1578614160,+3.35, +3.247, +0.161,+0.960
1578614220,+3.35, +3.257, +0.161,+0.960
1578614280,+3.35, +3.225, +0.162,+0.960
1578614340,+3.35, +3.268, +0.160,+0.960
1578614400,+3.35, +3.225, +0.160,+0.959
1578614460,+3.35, +3.257, +0.160,+0.960
1578614520,+3.35, +3.247, +0.162,+0.960
1578614580,+3.35, +3.352, +0.159,+0.960
1578614640,+3.35, +3.268, +0.159,+0.960
1578614700,+3.35, +3.247, +0.161,+0.960
1578614760,+3.35, +3.268, +0.162,+0.960
1578614820,+3.35, +3.236, +0.159,+0.960
1578614880,+3.35, +3.236, +0.162,+0.960
1578614940,+3.35, +3.268, +0.162,+0.960
1578615000,+3.35, +3.225, +0.160,+0.960
1578615060,+3.35, +3.257, +0.159,+0.960
1578615120,+3.35, +3.257, +0.160,+0.960
1578615180,+3.35, +3.268, +0.160,+0.960
1578615240,+3.35, +3.268, +0.160,+0.960
1578615300,+3.35, +3.257, +0.161,+0.960
1578615360,+3.35, +3.257, +0.160,+0.960
1578615420,+3.35, +3.289, +0.160,+0.960
1578615480,+3.35, +3.247, +0.160,+0.960
1578615540,+3.35, +3.257, +0.161,+0.960
1578615600,+3.35, +3.247, +0.162,+0.960
1578615660,+3.35, +3.236, +0.161,+0.960
1578615720,+3.35, +3.257, +0.161,+0.960
1578615780,+3.35, +3.247, +0.161,+0.960
1578615840,+3.35, +3.257, +0.161,+0.960
1578615900,+3.35, +3.247, +0.162,+0.960
1578615960,+3.35, +3.257, +0.162,+0.960
1578616020,+3.35, +3.257, +0.161,+0.960
1578616080,+3.35, +3.247, +0.161,+0.960
1578616140,+3.35, +3.247, +0.161,+0.960
1578616200,+3.35, +3.257, +0.161,+0.960
1578616260,+3.35, +3.236, +0.160,+0.960
1578616320,+3.35, +3.247, +0.161,+0.960
1578616380,+3.35, +3.247, +0.161,+0.960
1578616440,+3.35, +3.257, +0.161,+0.960
1578616500,+3.35, +3.236, +0.160,+0.960
1578616560,+3.35, +3.236, +0.160,+0.960
1578616620,+3.35, +3.247, +0.160,+0.960
1578616680,+3.35, +3.247, +0.161,+0.960
1578616740,+3.35, +3.236, +0.160,+0.960
1578616800,+3.35, +3.236, +0.162,+0.960
1578616860,+3.35, +3.257, +0.161,+0.960
1578616920,+3.35, +3.247, +0.160,+0.960
1578616980,+3.35, +3.247, +0.161,+0.960
1578617040,+3.35, +3.236, +0.161,+0.960
1578617100,+3.35, +3.247, +0.161,+0.960
1578617160,+3.35, +3.247, +0.158,+0.960
1578617220,+3.35, +3.225, +0.160,+0.960
1578617280,+3.35, +3.247, +0.161,+0.960
1578617340,+3.35, +3.236, +0.160,+0.959
1578617400,+3.35, +3.247, +0.162,+0.960
1578617460,+3.35, +3.257, +0.160,+0.960
1578617520,+3.35, +3.247, +0.161,+0.960
1578617580,+3.35, +3.257, +0.161,+0.960
1578617640,+3.35, +3.278, +0.160,+0.960
1578617700,+3.35, +3.247, +0.161,+0.960
1578617760,+3.35, +3.236, +0.159,+0.959
1578617820,+3.35, +3.257, +0.161,+0.960
1578617880,+3.35, +3.247, +0.162,+0.960
1578617940,+3.35, +3.247, +0.161,+0.960
1578618000,+3.35, +3.247, +0.162,+0.960
1578618060,+3.35, +3.236, +0.161,+0.960
1578618120,+3.35, +3.257, +0.160,+0.960
1578618180,+3.35, +3.257, +0.159,+0.960
1578618240,+3.35, +3.215, +0.160,+0.960
1578618300,+3.35, +3.247, +0.160,+0.959
1578618360,+3.35, +3.236, +0.161,+0.960
1578618420,+3.35, +3.247, +0.161,+0.960
1578618480,+3.35, +3.236, +0.162,+0.960
1578618540,+3.35, +3.247, +0.162,+0.960
1578618600,+3.35, +3.225, +0.161,+0.960
1578618660,+3.35, +3.247, +0.161,+0.960
1578618720,+3.35, +3.247, +0.160,+0.960
1578618780,+3.35, +3.257, +0.160,+0.959
1578618840,+3.35, +3.247, +0.162,+0.960
1578618900,+3.35, +3.257, +0.161,+0.960
1578618960,+3.35, +3.257, +0.161,+0.960
1578619020,+3.35, +3.257, +0.160,+0.959
1578619080,+3.35, +3.247, +0.163,+0.960
1578619140,+3.35, +3.257, +0.160,+0.960
1578619200,+3.35, +3.236, +0.161,+0.960
1578619260,+3.35, +3.257, +0.160,+0.960
1578619320,+3.35, +3.236, +0.161,+0.960
1578619380,+3.35, +3.247, +0.161,+0.960
1578619440,+3.35, +3.215, +0.163,+0.960
1578619500,+3.35, +3.247, +0.162,+0.960
1578619560,+3.35, +3.247, +0.160,+0.960
1578619620,+3.35, +3.194, +0.163,+0.960
1578619680,+3.35, +3.236, +0.162,+0.960
1578619740,+3.35, +3.247, +0.160,+0.960
1578619800,+3.35, +3.247, +0.161,+0.960
1578619860,+3.35, +3.225, +0.161,+0.960
1578619920,+3.35, +3.247, +0.162,+0.960
1578619980,+3.35, +3.236, +0.161,+0.960
1578620040,+3.35, +3.247, +0.163,+0.960
1578620100,+3.35, +3.278, +0.161,+0.960
1578620160,+3.35, +3.247, +0.160,+0.960
1578620220,+3.35, +3.268, +0.161,+0.960
1578620280,+3.35, +3.225, +0.161,+0.959
1578620340,+3.35, +3.268, +0.161,+0.960
1578620400,+3.35, +3.268, +0.161,+0.960
1578620460,+3.35, +3.247, +0.161,+0.960
1578620520,+3.35, +3.247, +0.160,+0.960
1578620580,+3.35, +3.247, +0.160,+0.959
1578620640,+3.35, +3.236, +0.163,+0.960
1578620700,+3.35, +3.247, +0.161,+0.960
1578620760,+3.35, +3.247, +0.160,+0.960
1578620820,+3.35, +3.257, +0.163,+0.960
1578620880,+3.35, +3.257, +0.160,+0.960
1578620940,+3.35, +3.236, +0.161,+0.960
1578621000,+3.35, +3.236, +0.162,+0.960
1578621060,+3.35, +3.183, +0.161,+0.959
1578621120,+3.35, +3.225, +0.161,+0.960
1578621180,+3.35, +3.236, +0.161,+0.959
1578621240,+3.35, +3.247, +0.160,+0.960
1578621300,+3.35, +3.247, +0.160,+0.960
1578621360,+3.35, +3.225, +0.161,+0.959
1578621420,+3.35, +3.247, +0.159,+0.959
1578621480,+3.35, +3.247, +0.160,+0.959
1578621540,+3.35, +3.225, +0.161,+0.959
1578621600,+3.35, +3.215, +0.161,+0.959
1578621660,+3.35, +3.247, +0.159,+0.960
1578621720,+3.35, +3.236, +0.160,+0.960
1578621780,+3.35, +3.236, +0.160,+0.960
1578621840,+3.35, +3.225, +0.162,+0.960
1578621900,+3.35, +3.236, +0.160,+0.960
1578621960,+3.35, +3.268, +0.159,+0.960
1578622020,+3.35, +3.225, +0.161,+0.960
1578622080,+3.35, +3.215, +0.162,+0.960
1578622140,+3.35, +3.236, +0.160,+0.960
1578622200,+3.35, +3.236, +0.163,+0.960
1578622260,+3.35, +3.225, +0.162,+0.960
1578622320,+3.35, +3.236, +0.160,+0.960
1578622380,+3.35, +3.204, +0.161,+0.959
1578622440,+3.35, +3.236, +0.160,+0.959
1578622500,+3.35, +3.236, +0.161,+0.960
1578622560,+3.35, +3.247, +0.162,+0.960
1578622620,+3.35, +3.247, +0.161,+0.960
1578622680,+3.35, +3.331, +0.159,+0.960
1578622740,+3.35, +3.247, +0.161,+0.960
1578622800,+3.35, +3.236, +0.161,+0.960
1578622860,+3.35, +3.257, +0.159,+0.960
1578622920,+3.35, +3.236, +0.161,+0.960
1578622980,+3.35, +3.225, +0.160,+0.959
1578623040,+3.35, +3.247, +0.161,+0.960
1578623100,+3.35, +3.247, +0.160,+0.960
1578623160,+3.35, +3.257, +0.161,+0.960
1578623220,+3.35, +3.257, +0.160,+0.960
1578623280,+3.35, +3.247, +0.162,+0.960
1578623340,+3.35, +3.257, +0.161,+0.960
1578623400,+3.35, +3.257, +0.160,+0.960
1578623460,+3.35, +3.236, +0.162,+0.960
1578623520,+3.35, +3.225, +0.161,+0.960
1578623580,+3.35, +3.268, +0.161,+0.960
1578623640,+3.35, +3.257, +0.160,+0.960
1578623700,+3.35, +3.257, +0.160,+0.960
1578623760,+3.35, +3.247, +0.160,+0.960
1578623820,+3.35, +3.236, +0.161,+0.960
1578623880,+3.35, +3.257, +0.161,+0.960
1578623940,+3.35, +3.257, +0.162,+0.960
1578624000,+3.35, +3.257, +0.161,+0.960
1578624060,+3.35, +3.299, +0.160,+0.960
1578624120,+3.35, +3.215, +0.161,+0.960
1578624180,+3.35, +3.236, +0.163,+0.960
1578624240,+3.35, +3.257, +0.161,+0.960
1578624300,+3.35, +3.194, +0.162,+0.960
1578624360,+3.35, +3.247, +0.160,+0.960
1578624420,+3.35, +3.257, +0.160,+0.960
1578624480,+3.35, +3.225, +0.161,+0.960
1578624540,+3.35, +3.247, +0.160,+0.960
1578624600,+3.35, +3.215, +0.161,+0.960
1578624660,+3.35, +3.278, +0.159,+0.960
1578624720,+3.35, +3.257, +0.161,+0.960
1578624780,+3.35, +3.236, +0.160,+0.960
1578624840,+3.35, +3.225, +0.161,+0.960
1578624900,+3.35, +3.215, +0.161,+0.960
1578624960,+3.35, +3.257, +0.161,+0.960
1578625020,+3.35, +3.236, +0.161,+0.960
1578625080,+3.35, +3.225, +0.161,+0.960
1578625140,+3.35, +3.225, +0.160,+0.959
1578625200,+3.35, +3.247, +0.161,+0.960
1578625260,+3.35, +3.257, +0.160,+0.960
1578625320,+3.35, +3.268, +0.160,+0.960
1578625380,+3.35, +3.257, +0.160,+0.960
1578625440,+3.35, +3.299, +0.160,+0.960
1578625500,+3.35, +3.268, +0.161,+0.960
1578625560,+3.35, +3.268, +0.161,+0.960
1578625620,+3.35, +3.247, +0.162,+0.960
1578625680,+3.35, +3.225, +0.161,+0.959
1578625740,+3.35, +3.257, +0.159,+0.959
1578625800,+3.35, +3.257, +0.161,+0.960
1578625860,+3.35, +3.257, +0.160,+0.960
1578625920,+3.35, +3.247, +0.159,+0.959
1578625980,+3.35, +3.236, +0.161,+0.959
1578626040,+3.35, +3.268, +0.161,+0.960
1578626100,+3.35, +3.236, +0.160,+0.960
1578626160,+3.35, +3.247, +0.161,+0.960
1578626220,+3.35, +3.257, +0.162,+0.960
1578626280,+3.35, +3.247, +0.160,+0.960
1578626340,+3.35, +3.236, +0.162,+0.960
1578626400,+3.35, +3.236, +0.160,+0.960
1578626460,+3.35, +3.257, +0.161,+0.960
1578626520,+3.35, +3.225, +0.162,+0.960
1578626580,+3.35, +3.236, +0.162,+0.960
1578626640,+3.35, +3.215, +0.160,+0.960
1578626700,+3.35, +3.247, +0.161,+0.960
1578626760,+3.35, +3.225, +0.161,+0.960
1578626820,+3.35, +3.236, +0.160,+0.959
1578626880,+3.35, +3.247, +0.160,+0.960
1578626940,+3.35, +3.247, +0.159,+0.960
1578627000,+3.35, +3.257, +0.160,+0.960
1578627060,+3.35, +3.247, +0.160,+0.960
1578627120,+3.35, +3.247, +0.161,+0.960
1578627180,+3.35, +3.257, +0.159,+0.960
1578627240,+3.35, +3.247, +0.159,+0.960
1578627300,+3.35, +3.225, +0.161,+0.960
1578627360,+3.35, +3.247, +0.160,+0.960
1578627420,+3.35, +3.236, +0.162,+0.960
1578627480,+3.35, +3.257, +0.160,+0.960
1578627540,+3.35, +3.247, +0.161,+0.960
1578627600,+3.35, +3.257, +0.161,+0.960
1578627660,+3.35, +3.257, +0.161,+0.960
1578627720,+3.35, +3.257, +0.160,+0.959
1578627780,+3.35, +3.247, +0.159,+0.959
1578627840,+3.35, +3.236, +0.161,+0.960
1578627900,+3.35, +3.257, +0.160,+0.960
1578627960,+3.35, +3.247, +0.161,+0.960
1578628020,+3.35, +3.257, +0.161,+0.960
1578628080,+3.35, +3.257, +0.160,+0.960
1578628140,+3.35, +3.278, +0.159,+0.960
1578628200,+3.35, +3.247, +0.161,+0.960
1578628260,+3.35, +3.257, +0.161,+0.960
1578628320,+3.35, +3.236, +0.161,+0.959
1578628380,+3.35, +3.215, +0.162,+0.960
1578628440,+3.35, +3.236, +0.161,+0.960
1578628500,+3.35, +3.278, +0.161,+0.960
1578628560,+3.35, +3.225, +0.162,+0.960
1578628620,+3.35, +3.204, +0.162,+0.960
1578628680,+3.35, +3.257, +0.162,+0.960
1578628740,+3.35, +3.204, +0.160,+0.959
1578628800,+3.35, +3.236, +0.161,+0.960
1578628860,+3.35, +3.247, +0.160,+0.960
1578628920,+3.35, +3.236, +0.162,+0.960
1578628980,+3.35, +3.236, +0.160,+0.960
1578629040,+3.35, +3.257, +0.160,+0.960
1578629100,+3.35, +3.247, +0.163,+0.960
1578629160,+3.35, +3.310, +0.160,+0.960
1578629220,+3.35, +3.236, +0.162,+0.960
1578629280,+3.35, +3.247, +0.162,+0.960
1578629340,+3.35, +3.236, +0.160,+0.960
1578629400,+3.35, +3.225, +0.161,+0.960
1578629460,+3.35, +3.257, +0.161,+0.960
1578629520,+3.35, +3.215, +0.161,+0.960
1578629580,+3.35, +3.204, +0.160,+0.959
1578629640,+3.35, +3.278, +0.161,+0.960
1578629700,+3.35, +3.236, +0.161,+0.960
1578629760,+3.35, +3.225, +0.161,+0.960
1578629820,+3.35, +3.278, +0.160,+0.960
1578629880,+3.35, +3.257, +0.161,+0.960
1578629940,+3.35, +3.236, +0.162,+0.960
1578630000,+3.35, +3.247, +0.163,+0.960
1578630060,+3.35, +3.236, +0.162,+0.960
1578630120,+3.35, +3.247, +0.162,+0.960
1578630180,+3.35, +3.225, +0.160,+0.959
1578630240,+3.35, +3.247, +0.160,+0.960
1578630300,+3.35, +3.257, +0.160,+0.960
1578630360,+3.35, +3.225, +0.162,+0.960
1578630420,+3.35, +3.247, +0.161,+0.960
1578630480,+3.35, +3.236, +0.161,+0.960
1578630540,+3.35, +3.247, +0.162,+0.960
1578630600,+3.35, +3.236, +0.161,+0.960
1578630660,+3.35, +3.247, +0.159,+0.960
1578630720,+3.35, +3.247, +0.160,+0.959
1578630780,+3.35, +3.247, +0.161,+0.960
1578630840,+3.35, +3.247, +0.160,+0.960
1578630900,+3.35, +3.310, +0.160,+0.960
1578630960,+3.35, +3.236, +0.160,+0.960
1578631020,+3.35, +3.236, +0.161,+0.960
1578631080,+3.35, +3.225, +0.160,+0.960
1578631140,+3.35, +3.257, +0.161,+0.960
1578631200,+3.35, +3.268, +0.162,+0.960
1578631260,+3.35, +3.247, +0.161,+0.960
1578631320,+3.35, +3.236, +0.160,+0.960
1578631380,+3.35, +3.236, +0.159,+0.959
1578631440,+3.35, +3.268, +0.159,+0.960
1578631500,+3.35, +3.236, +0.162,+0.959
1578631560,+3.35, +3.268, +0.160,+0.960
1578631620,+3.35, +3.247, +0.160,+0.960
1578631680,+3.35, +3.247, +0.161,+0.960
1578631740,+3.35, +3.247, +0.161,+0.960
1578631800,+3.35, +3.247, +0.161,+0.960
1578631860,+3.35, +3.268, +0.160,+0.960
1578631920,+3.35, +3.247, +0.160,+0.959
1578631980,+3.35, +3.247, +0.161,+0.960
1578632040,+3.35, +3.257, +0.161,+0.960
1578632100,+3.35, +3.236, +0.160,+0.959
1578632160,+3.35, +3.257, +0.161,+0.959
1578632220,+3.35, +3.268, +0.161,+0.960
1578632280,+3.35, +3.268, +0.161,+0.960
1578632340,+3.35, +3.236, +0.159,+0.959
1578632400,+3.35, +3.247, +0.163,+0.960
1578632460,+3.35, +3.225, +0.162,+0.959
1578632520,+3.35, +3.278, +0.160,+0.960
1578632580,+3.35, +3.257, +0.160,+0.959
1578632640,+3.35, +3.247, +0.161,+0.960
1578632700,+3.35, +3.247, +0.161,+0.960
1578632760,+3.35, +3.225, +0.162,+0.960
1578632820,+3.35, +3.257, +0.162,+0.960
1578632880,+3.35, +3.247, +0.159,+0.960
1578632940,+3.35, +3.236, +0.161,+0.960
1578633000,+3.35, +3.247, +0.160,+0.959
1578633060,+3.35, +3.268, +0.161,+0.960
1578633120,+3.35, +3.236, +0.162,+0.960
1578633180,+3.35, +3.247, +0.162,+0.960
1578633240,+3.35, +3.257, +0.162,+0.960
1578633300,+3.35, +3.268, +0.160,+0.960
1578633360,+3.35, +3.236, +0.161,+0.959
1578633420,+3.35, +3.257, +0.161,+0.960
1578633480,+3.35, +3.257, +0.161,+0.960
1578633540,+3.35, +3.247, +0.161,+0.960
1578633600,+3.35, +3.236, +0.161,+0.960
1578633660,+3.35, +3.247, +0.162,+0.960
1578633720,+3.35, +3.257, +0.161,+0.960
1578633780,+3.35, +3.236, +0.161,+0.960
1578633840,+3.35, +3.257, +0.160,+0.960
1578633900,+3.35, +3.268, +0.161,+0.960
1578633960,+3.35, +3.257, +0.161,+0.960
1578634020,+3.35, +3.268, +0.159,+0.960
1578634080,+3.35, +3.247, +0.161,+0.960
1578634140,+3.35, +3.268, +0.159,+0.960
1578634200,+3.35, +3.236, +0.161,+0.960
1578634260,+3.35, +3.247, +0.161,+0.959
1578634320,+3.35, +3.236, +0.161,+0.960
1578634380,+3.35, +3.236, +0.160,+0.959
1578634440,+3.35, +3.225, +0.160,+0.960
1578634500,+3.35, +3.225, +0.161,+0.960
1578634560,+3.35, +3.247, +0.160,+0.960
1578634620,+3.35, +3.268, +0.160,+0.960
1578634680,+3.35, +3.247, +0.160,+0.960
1578634740,+3.35, +3.225, +0.162,+0.960
1578634800,+3.35, +3.236, +0.161,+0.960
1578634860,+3.35, +3.247, +0.161,+0.960
1578634920,+3.35, +3.247, +0.161,+0.960
1578634980,+3.35, +3.278, +0.160,+0.960
1578635040,+3.35, +3.257, +0.161,+0.960
1578635100,+3.35, +3.247, +0.160,+0.960
1578635160,+3.35, +3.257, +0.162,+0.960
1578635220,+3.35, +3.257, +0.160,+0.960
1578635280,+3.35, +3.236, +0.163,+0.960
1578635340,+3.35, +3.236, +0.161,+0.960
1578635400,+3.35, +3.268, +0.160,+0.960
1578635460,+3.35, +3.247, +0.162,+0.960
1578635520,+3.35, +3.247, +0.161,+0.960
1578635580,+3.35, +3.247, +0.160,+0.960
1578635640,+3.35, +3.247, +0.159,+0.959
1578635700,+3.35, +3.247, +0.160,+0.960
1578635760,+3.35, +3.247, +0.161,+0.960
1578635820,+3.35, +3.257, +0.159,+0.960
1578635880,+3.35, +3.236, +0.160,+0.960
1578635940,+3.35, +3.194, +0.162,+0.959
1578636000,+3.35, +3.268, +0.160,+0.959
1578636060,+3.35, +3.257, +0.162,+0.960
1578636120,+3.35, +3.225, +0.160,+0.960
1578636180,+3.35, +3.236, +0.160,+0.960
1578636240,+3.35, +3.247, +0.160,+0.960
1578636300,+3.35, +3.236, +0.162,+0.960
1578636360,+3.35, +3.236, +0.161,+0.960
1578636420,+3.35, +3.257, +0.162,+0.960
1578636480,+3.35, +3.247, +0.160,+0.960
1578636540,+3.35, +3.236, +0.160,+0.959
1578636600,+3.35, +3.236, +0.160,+0.960
1578636660,+3.35, +3.215, +0.160,+0.959
1578636720,+3.35, +3.257, +0.161,+0.960
1578636780,+3.35, +3.247, +0.160,+0.959
1578636840,+3.35, +3.247, +0.160,+0.960
1578636900,+3.35, +3.257, +0.160,+0.960
1578636960,+3.35, +3.225, +0.161,+0.960
1578637020,+3.35, +3.257, +0.160,+0.960
1578637080,+3.35, +3.236, +0.160,+0.960
1578637140,+3.35, +3.257, +0.162,+0.960
1578637200,+3.35, +3.257, +0.161,+0.959
1578637260,+3.35, +3.247, +0.160,+0.959
1578637320,+3.35, +3.247, +0.161,+0.960
1578637380,+3.35, +3.247, +0.160,+0.959
1578637440,+3.35, +3.247, +0.162,+0.960
1578637500,+3.35, +3.278, +0.160,+0.960
1578637560,+3.35, +3.247, +0.161,+0.960
1578637620,+3.35, +3.236, +0.161,+0.960
1578637680,+3.35, +3.268, +0.160,+0.960
1578637740,+3.35, +3.257, +0.162,+0.960
1578637800,+3.35, +3.247, +0.161,+0.960
1578637860,+3.35, +3.247, +0.160,+0.960
1578637920,+3.35, +3.236, +0.161,+0.960
1578637980,+3.35, +3.247, +0.159,+0.959
1578638040,+3.35, +3.204, +0.162,+0.960
1578638100,+3.35, +3.257, +0.160,+0.960
1578638160,+3.35, +3.257, +0.160,+0.960
1578638220,+3.35, +3.247, +0.161,+0.960
1578638280,+3.35, +3.268, +0.160,+0.960
1578638340,+3.35, +3.225, +0.161,+0.960
1578638400,+3.35, +3.236, +0.160,+0.960
1578638460,+3.35, +3.236, +0.161,+0.960
1578638520,+3.35, +3.215, +0.162,+0.960
1578638580,+3.35, +3.257, +0.161,+0.960
1578638640,+3.35, +3.247, +0.161,+0.960
1578638700,+3.35, +3.225, +0.162,+0.960
1578638760,+3.35, +3.268, +0.160,+0.960
1578638820,+3.35, +3.236, +0.162,+0.960
1578638880,+3.35, +3.247, +0.162,+0.960
1578638940,+3.35, +3.225, +0.161,+0.960
1578639000,+3.35, +3.247, +0.161,+0.960
1578639060,+3.35, +3.257, +0.162,+0.960
1578639120,+3.35, +3.247, +0.160,+0.960
1578639180,+3.35, +3.247, +0.162,+0.960
1578639240,+3.35, +3.268, +0.160,+0.960
1578639300,+3.35, +3.247, +0.161,+0.960
1578639360,+3.35, +3.247, +0.162,+0.960
1578639420,+3.35, +3.257, +0.160,+0.960
1578639480,+3.35, +3.236, +0.163,+0.960
1578639540,+3.35, +3.257, +0.160,+0.960
1578639600,+3.35, +3.247, +0.160,+0.960
1578639660,+3.35, +3.268, +0.161,+0.960
1578639720,+3.35, +3.236, +0.160,+0.960
1578639780,+3.35, +3.225, +0.162,+0.960
1578639840,+3.35, +3.225, +0.161,+0.960
1578639900,+3.35, +3.247, +0.161,+0.960
1578639960,+3.35, +3.247, +0.161,+0.960
1578640020,+3.35, +3.215, +0.160,+0.960
1578640080,+3.35, +3.257, +0.162,+0.960
1578640140,+3.35, +3.236, +0.160,+0.960
1578640200,+3.35, +3.236, +0.161,+0.960
1578640260,+3.35, +3.225, +0.161,+0.960
1578640320,+3.35, +3.247, +0.162,+0.960
1578640380,+3.35, +3.236, +0.163,+0.960
1578640440,+3.35, +3.247, +0.162,+0.960
1578640500,+3.35, +3.268, +0.162,+0.960
1578640560,+3.35, +3.247, +0.161,+0.960
1578640620,+3.35, +3.257, +0.160,+0.960
1578640680,+3.35, +3.268, +0.161,+0.960
1578640740,+3.35, +3.236, +0.159,+0.959
1578640800,+3.35, +3.215, +0.161,+0.960
1578640860,+3.35, +3.247, +0.161,+0.960
1578640920,+3.35, +3.257, +0.160,+0.960
1578640980,+3.35, +3.215, +0.161,+0.960
1578641040,+3.35, +3.247, +0.161,+0.960
1578641100,+3.35, +3.268, +0.160,+0.960
1578641160,+3.35, +3.247, +0.161,+0.960
1578641220,+3.35, +3.278, +0.161,+0.960
1578641280,+3.35, +3.236, +0.162,+0.960
1578641340,+3.35, +3.247, +0.163,+0.960
1578641400,+3.35, +3.215, +0.163,+0.960
1578641460,+3.35, +3.257, +0.161,+0.960
1578641520,+3.35, +3.236, +0.161,+0.960
1578641580,+3.35, +3.268, +0.160,+0.960
1578641640,+3.35, +3.225, +0.160,+0.960
1578641700,+3.35, +3.247, +0.161,+0.960
1578641760,+3.35, +3.247, +0.162,+0.960
1578641820,+3.35, +3.236, +0.161,+0.959
1578641880,+3.35, +3.225, +0.160,+0.960
1578641940,+3.35, +3.247, +0.160,+0.960
1578642000,+3.35, +3.204, +0.164,+0.960
1578642060,+3.35, +3.257, +0.160,+0.960
1578642120,+3.35, +3.257, +0.161,+0.960
1578642180,+3.35, +3.257, +0.161,+0.960
1578642240,+3.35, +3.236, +0.161,+0.960
1578642300,+3.35, +3.257, +0.161,+0.960
1578642360,+3.35, +3.247, +0.163,+0.960
1578642420,+3.35, +3.247, +0.160,+0.960
1578642480,+3.35, +3.236, +0.161,+0.960
1578642540,+3.35, +3.268, +0.161,+0.960
1578642600,+3.35, +3.236, +0.162,+0.960
1578642660,+3.35, +3.247, +0.161,+0.960
1578642720,+3.35, +3.247, +0.160,+0.960
1578642780,+3.35, +3.257, +0.160,+0.960
1578642840,+3.35, +3.257, +0.161,+0.960
1578642900,+3.35, +3.268, +0.161,+0.960
1578642960,+3.35, +3.268, +0.161,+0.960
1578643020,+3.35, +3.268, +0.161,+0.960
1578643080,+3.35, +3.247, +0.161,+0.960
1578643140,+3.35, +3.236, +0.160,+0.960
1578643200,+3.35, +3.215, +0.162,+0.960
1578643260,+3.35, +3.257, +0.161,+0.960
1578643320,+3.35, +3.257, +0.161,+0.960
1578643380,+3.35, +3.247, +0.159,+0.959
1578643440,+3.35, +3.257, +0.161,+0.960
1578643500,+3.35, +3.247, +0.160,+0.959
1578643560,+3.35, +3.247, +0.161,+0.960
1578643620,+3.35, +3.225, +0.161,+0.960
1578643680,+3.35, +3.289, +0.159,+0.960
1578643740,+3.35, +3.236, +0.161,+0.960
1578643800,+3.35, +3.257, +0.161,+0.960
1578643860,+3.35, +3.236, +0.162,+0.960
1578643920,+3.35, +3.204, +0.162,+0.960
1578643980,+3.35, +3.257, +0.160,+0.959
1578644040,+3.35, +3.225, +0.162,+0.960
1578644100,+3.35, +3.225, +0.163,+0.960
1578644160,+3.35, +3.257, +0.161,+0.960
1578644220,+3.35, +3.247, +0.162,+0.960
1578644280,+3.35, +3.268, +0.161,+0.960
1578644340,+3.35, +3.247, +0.161,+0.960
1578644400,+3.35, +3.257, +0.162,+0.960
1578644460,+3.35, +3.236, +0.161,+0.960
1578644520,+3.35, +3.225, +0.161,+0.959
1578644580,+3.35, +3.225, +0.162,+0.960
1578644640,+3.35, +3.247, +0.161,+0.960
1578644700,+3.35, +3.257, +0.161,+0.960
1578644760,+3.35, +3.268, +0.160,+0.960
1578644820,+3.35, +3.247, +0.159,+0.959
1578644880,+3.35, +3.247, +0.161,+0.960
1578644940,+3.35, +3.236, +0.162,+0.960
1578645000,+3.35, +3.236, +0.161,+0.960
1578645060,+3.35, +3.247, +0.159,+0.960
1578645120,+3.35, +3.215, +0.162,+0.960
1578645180,+3.35, +3.236, +0.161,+0.960
1578645240,+3.35, +3.236, +0.162,+0.960
1578645300,+3.35, +3.268, +0.160,+0.960
1578645360,+3.35, +3.215, +0.163,+0.960
1578645420,+3.35, +3.225, +0.161,+0.960
1578645480,+3.35, +3.247, +0.162,+0.960
1578645540,+3.35, +3.247, +0.160,+0.959
1578645600,+3.35, +3.236, +0.162,+0.960
1578645660,+3.35, +3.247, +0.162,+0.960
1578645720,+3.35, +3.257, +0.159,+0.959
1578645780,+3.35, +3.257, +0.159,+0.959
1578645840,+3.35, +3.247, +0.163,+0.960
1578645900,+3.35, +3.247, +0.160,+0.960
1578645960,+3.35, +3.247, +0.161,+0.960
1578646020,+3.35, +3.257, +0.162,+0.960
1578646080,+3.35, +3.247, +0.162,+0.960
1578646140,+3.35, +3.247, +0.162,+0.960
1578646200,+3.35, +3.247, +0.161,+0.960
1578646260,+3.35, +3.268, +0.161,+0.960
1578646320,+3.35, +3.225, +0.161,+0.960
1578646380,+3.35, +3.257, +0.160,+0.960
1578646440,+3.35, +3.257, +0.160,+0.960
1578646500,+3.35, +3.257, +0.160,+0.960
1578646560,+3.35, +3.257, +0.161,+0.960
1578646620,+3.34, +3.247, +0.161,+0.960
1578646680,+3.35, +3.236, +0.161,+0.960
1578646740,+3.35, +3.257, +0.161,+0.960
1578646800,+3.35, +3.268, +0.161,+0.960
1578646860,+3.35, +3.278, +0.160,+0.960
1578646920,+3.35, +3.236, +0.159,+0.959
1578646980,+3.35, +3.268, +0.162,+0.960
1578647040,+3.35, +3.268, +0.160,+0.960
1578647100,+3.35, +3.257, +0.161,+0.960
1578647160,+3.35, +3.247, +0.161,+0.960
1578647220,+3.35, +3.257, +0.159,+0.959
1578647280,+3.35, +3.268, +0.160,+0.960
1578647340,+3.35, +3.268, +0.162,+0.960
1578647400,+3.35, +3.268, +0.160,+0.960
1578647460,+3.35, +3.268, +0.160,+0.960
1578647520,+3.35, +3.247, +0.161,+0.960
1578647580,+3.35, +3.268, +0.161,+0.960
1578647640,+3.35, +3.247, +0.159,+0.960
1578647700,+3.35, +3.236, +0.162,+0.960
1578647760,+3.35, +3.225, +0.160,+0.959
1578647820,+3.35, +3.257, +0.161,+0.960
1578647880,+3.35, +3.236, +0.159,+0.960
1578647940,+3.35, +3.236, +0.161,+0.960
1578648000,+3.35, +3.268, +0.161,+0.960
1578648060,+3.35, +3.225, +0.161,+0.959
1578648120,+3.35, +3.204, +0.160,+0.959
1578648180,+3.35, +3.247, +0.161,+0.960
1578648240,+3.35, +3.236, +0.159,+0.960
1578648300,+3.35, +3.268, +0.160,+0.960
1578648360,+3.35, +3.225, +0.161,+0.960
1578648420,+3.35, +3.257, +0.160,+0.960
1578648480,+3.35, +3.257, +0.161,+0.960
1578648540,+3.35, +3.247, +0.162,+0.960
1578648600,+3.35, +3.247, +0.161,+0.960
1578648660,+3.35, +3.236, +0.163,+0.960
1578648720,+3.35, +3.236, +0.161,+0.960
1578648780,+3.35, +3.215, +0.161,+0.959
1578648840,+3.35, +3.225, +0.161,+0.960
1578648900,+3.35, +3.247, +0.160,+0.959
1578648960,+3.35, +3.268, +0.161,+0.960
1578649020,+3.35, +3.257, +0.161,+0.960
1578649080,+3.35, +3.247, +0.161,+0.960
1578649140,+3.35, +3.236, +0.162,+0.960
1578649200,+3.35, +3.236, +0.162,+0.960
1578649260,+3.35, +3.247, +0.161,+0.960
1578649320,+3.35, +3.247, +0.162,+0.960
1578649380,+3.35, +3.236, +0.162,+0.960
1578649440,+3.35, +3.278, +0.161,+0.960
1578649500,+3.35, +3.247, +0.161,+0.960
1578649560,+3.35, +3.225, +0.161,+0.960
1578649620,+3.35, +3.268, +0.161,+0.960
1578649680,+3.35, +3.247, +0.159,+0.960
1578649740,+3.35, +3.278, +0.159,+0.960
1578649800,+3.35, +3.247, +0.161,+0.960
1578649860,+3.35, +3.247, +0.163,+0.960
1578649920,+3.35, +3.247, +0.159,+0.960
1578649980,+3.35, +3.225, +0.160,+0.960
1578650040,+3.35, +3.247, +0.161,+0.960
1578650100,+3.35, +3.247, +0.161,+0.960
1578650160,+3.35, +3.257, +0.160,+0.960
1578650220,+3.35, +3.268, +0.162,+0.960
1578650280,+3.35, +3.247, +0.160,+0.959
1578650340,+3.35, +3.247, +0.161,+0.960
1578650400,+3.35, +3.236, +0.160,+0.960
1578650460,+3.35, +3.247, +0.161,+0.960
1578650520,+3.35, +3.247, +0.161,+0.960
1578650580,+3.35, +3.257, +0.162,+0.960
1578650640,+3.35, +3.236, +0.160,+0.959
1578650700,+3.35, +3.225, +0.162,+0.960
1578650760,+3.35, +3.236, +0.162,+0.960
1578650820,+3.35, +3.278, +0.160,+0.960
1578650880,+3.35, +3.236, +0.161,+0.960
1578650940,+3.35, +3.247, +0.160,+0.960
1578651000,+3.35, +3.257, +0.161,+0.960
1578651060,+3.35, +3.257, +0.159,+0.959
1578651120,+3.35, +3.247, +0.160,+0.959
1578651180,+3.35, +3.194, +0.162,+0.960
1578651240,+3.35, +3.257, +0.161,+0.960
1578651300,+3.35, +3.257, +0.161,+0.960
1578651360,+3.35, +3.215, +0.162,+0.960
1578651420,+3.35, +3.247, +0.160,+0.959
1578651480,+3.35, +3.247, +0.161,+0.960
1578651540,+3.35, +3.257, +0.162,+0.960
1578651600,+3.35, +3.247, +0.161,+0.960
1578651660,+3.35, +3.268, +0.161,+0.960
1578651720,+3.35, +3.247, +0.163,+0.960
1578651780,+3.35, +3.247, +0.160,+0.960
1578651840,+3.35, +3.247, +0.161,+0.960
1578651900,+3.35, +3.257, +0.160,+0.960
1578651960,+3.35, +3.257, +0.160,+0.960
1578652020,+3.35, +3.257, +0.159,+0.960
1578652080,+3.35, +3.236, +0.162,+0.960
1578652140,+3.35, +3.247, +0.161,+0.960
1578652200,+3.35, +3.236, +0.161,+0.960
1578652260,+3.35, +3.215, +0.161,+0.960
1578652320,+3.35, +3.257, +0.160,+0.960
1578652380,+3.35, +3.225, +0.160,+0.959
1578652440,+3.35, +3.225, +0.161,+0.960
1578652500,+3.35, +3.236, +0.162,+0.960
1578652560,+3.35, +3.236, +0.161,+0.960
1578652620,+3.35, +3.257, +0.161,+0.960
1578652680,+3.35, +3.247, +0.160,+0.959
1578652740,+3.35, +3.257, +0.162,+0.960
1578652800,+3.35, +3.236, +0.161,+0.960
1578652860,+3.35, +3.257, +0.160,+0.960
1578652920,+3.35, +3.247, +0.162,+0.960
1578652980,+3.35, +3.247, +0.161,+0.960
1578653040,+3.35, +3.236, +0.160,+0.960
1578653100,+3.35, +3.268, +0.161,+0.960
1578653160,+3.35, +3.247, +0.161,+0.960
1578653220,+3.35, +3.278, +0.160,+0.960
1578653280,+3.35, +3.268, +0.161,+0.960
1578653340,+3.35, +3.225, +0.162,+0.960
1578653400,+3.35, +3.204, +0.161,+0.959
1578653460,+3.35, +3.247, +0.159,+0.960
1578653520,+3.35, +3.247, +0.161,+0.960
1578653580,+3.35, +3.247, +0.160,+0.960
1578653640,+3.35, +3.257, +0.159,+0.960
1578653700,+3.35, +3.278, +0.160,+0.960
1578653760,+3.35, +3.268, +0.160,+0.960
1578653820,+3.35, +3.247, +0.160,+0.960
1578653880,+3.35, +3.236, +0.160,+0.960
1578653940,+3.35, +3.236, +0.161,+0.960
1578654000,+3.35, +3.257, +0.161,+0.960
1578654060,+3.35, +3.268, +0.161,+0.960
1578654120,+3.35, +3.257, +0.159,+0.960
1578654180,+3.35, +3.247, +0.159,+0.960
1578654240,+3.35, +3.225, +0.162,+0.960
1578654300,+3.35, +3.225, +0.161,+0.960
1578654360,+3.35, +3.225, +0.162,+0.960
1578654420,+3.35, +3.268, +0.160,+0.960
1578654480,+3.35, +3.257, +0.160,+0.960
1578654540,+3.35, +3.215, +0.161,+0.960
1578654600,+3.35, +3.247, +0.160,+0.960
1578654660,+3.35, +3.225, +0.160,+0.959
1578654720,+3.35, +3.247, +0.161,+0.960
1578654780,+3.35, +3.225, +0.162,+0.960
1578654840,+3.35, +3.236, +0.160,+0.960
1578654900,+3.35, +3.247, +0.162,+0.960
1578654960,+3.35, +3.268, +0.161,+0.960
1578655020,+3.35, +3.225, +0.160,+0.960
1578655080,+3.35, +3.236, +0.161,+0.960
1578655140,+3.35, +3.236, +0.162,+0.960
1578655200,+3.35, +3.236, +0.161,+0.960
1578655260,+3.35, +3.225, +0.160,+0.960
1578655320,+3.35, +3.257, +0.159,+0.960
1578655380,+3.35, +3.257, +0.161,+0.960
1578655440,+3.35, +3.247, +0.161,+0.960
1578655500,+3.35, +3.268, +0.161,+0.960
1578655560,+3.35, +3.257, +0.160,+0.960
1578655620,+3.35, +3.247, +0.161,+0.960
1578655680,+3.35, +3.257, +0.161,+0.960
1578655740,+3.35, +3.247, +0.161,+0.960
1578655800,+3.35, +3.236, +0.160,+0.960
1578655860,+3.35, +3.257, +0.160,+0.960
1578655920,+3.35, +3.236, +0.162,+0.960
1578655980,+3.35, +3.257, +0.160,+0.960
1578656040,+3.35, +3.247, +0.163,+0.960
1578656100,+3.35, +3.236, +0.162,+0.960
1578656160,+3.35, +3.257, +0.161,+0.960
1578656220,+3.35, +3.236, +0.161,+0.960
1578656280,+3.35, +3.247, +0.160,+0.960
1578656340,+3.35, +3.257, +0.161,+0.960
1578656400,+3.35, +3.215, +0.159,+0.960
1578656460,+3.35, +3.247, +0.160,+0.959
1578656520,+3.35, +3.257, +0.161,+0.960
1578656580,+3.35, +3.257, +0.160,+0.960
1578656640,+3.35, +3.247, +0.161,+0.960
1578656700,+3.35, +3.247, +0.161,+0.959
1578656760,+3.35, +3.257, +0.160,+0.960
1578656820,+3.35, +3.247, +0.161,+0.960
1578656880,+3.35, +3.194, +0.163,+0.960
1578656940,+3.35, +3.215, +0.163,+0.960
1578657000,+3.35, +3.236, +0.163,+0.960
1578657060,+3.35, +3.247, +0.161,+0.960
1578657120,+3.35, +3.257, +0.161,+0.960
1578657180,+3.35, +3.236, +0.160,+0.960
1578657240,+3.35, +3.236, +0.160,+0.960
1578657300,+3.35, +3.247, +0.161,+0.960
1578657360,+3.35, +3.225, +0.163,+0.960
1578657420,+3.35, +3.257, +0.160,+0.960
1578657480,+3.35, +3.257, +0.161,+0.960
1578657540,+3.35, +3.257, +0.161,+0.959
1578657600,+3.35, +3.225, +0.160,+0.960
1578657660,+3.35, +3.247, +0.162,+0.959
1578657720,+3.35, +3.247, +0.161,+0.960
1578657780,+3.35, +3.236, +0.160,+0.960
1578657840,+3.35, +3.236, +0.161,+0.960
1578657900,+3.35, +3.257, +0.162,+0.960
1578657960,+3.35, +3.247, +0.161,+0.960
1578658020,+3.35, +3.247, +0.161,+0.960
1578658080,+3.35, +3.247, +0.160,+0.960
1578658140,+3.35, +3.247, +0.161,+0.960
1578658200,+3.35, +3.247, +0.161,+0.960
1578658260,+3.35, +3.257, +0.161,+0.960
1578658320,+3.35, +3.247, +0.160,+0.959
1578658380,+3.35, +3.268, +0.159,+0.960
1578658440,+3.35, +3.247, +0.162,+0.960
1578658500,+3.35, +3.236, +0.160,+0.960
1578658560,+3.35, +3.247, +0.161,+0.960
1578658620,+3.35, +3.225, +0.161,+0.959
1578658680,+3.35, +3.268, +0.160,+0.960
1578658740,+3.35, +3.247, +0.161,+0.960
1578658800,+3.35, +3.236, +0.161,+0.960
1578658860,+3.35, +3.268, +0.160,+0.960
1578658920,+3.35, +3.268, +0.160,+0.960
1578658980,+3.35, +3.215, +0.163,+0.960
1578659040,+3.35, +3.257, +0.160,+0.960
1578659100,+3.35, +3.247, +0.161,+0.960
1578659160,+3.35, +3.257, +0.162,+0.960
1578659220,+3.35, +3.236, +0.161,+0.960
1578659280,+3.35, +3.257, +0.161,+0.960
1578659340,+3.35, +3.236, +0.160,+0.960
1578659400,+3.35, +3.236, +0.161,+0.960
1578659460,+3.35, +3.247, +0.160,+0.960
1578659520,+3.35, +3.247, +0.159,+0.960
1578659580,+3.35, +3.257, +0.160,+0.960
1578659640,+3.35, +3.268, +0.160,+0.960
1578659700,+3.35, +3.236, +0.161,+0.960
1578659760,+3.35, +3.257, +0.161,+0.960
1578659820,+3.35, +3.215, +0.161,+0.960
1578659880,+3.35, +3.215, +0.161,+0.960
1578659940,+3.35, +3.236, +0.161,+0.960
1578660000,+3.35, +3.236, +0.161,+0.959
1578660060,+3.35, +3.247, +0.160,+0.959
1578660120,+3.35, +3.236, +0.162,+0.960
1578660180,+3.35, +3.268, +0.161,+0.960
1578660240,+3.35, +3.236, +0.162,+0.960
1578660300,+3.35, +3.247, +0.160,+0.960
1578660360,+3.35, +3.236, +0.160,+0.960
1578660420,+3.35, +3.268, +0.162,+0.960
1578660480,+3.35, +3.236, +0.161,+0.960
1578660540,+3.35, +3.278, +0.161,+0.960
1578660600,+3.35, +3.225, +0.159,+0.960
1578660660,+3.35, +3.247, +0.161,+0.960
1578660720,+3.35, +3.225, +0.162,+0.960
1578660780,+3.35, +3.247, +0.161,+0.960
1578660840,+3.35, +3.257, +0.159,+0.960
1578660900,+3.35, +3.236, +0.162,+0.959
1578660960,+3.35, +3.257, +0.161,+0.960
1578661020,+3.35, +3.247, +0.160,+0.960
1578661080,+3.35, +3.236, +0.161,+0.960
1578661140,+3.35, +3.236, +0.161,+0.960
1578661200,+3.35, +3.257, +0.160,+0.960
1578661260,+3.35, +3.257, +0.160,+0.960
1578661320,+3.35, +3.247, +0.160,+0.960
1578661380,+3.35, +3.247, +0.160,+0.960
1578661440,+3.35, +3.247, +0.159,+0.960
1578661500,+3.35, +3.268, +0.161,+0.960
1578661560,+3.35, +3.247, +0.159,+0.960
1578661620,+3.35, +3.236, +0.162,+0.960
1578661680,+3.35, +3.247, +0.159,+0.960
1578661740,+3.35, +3.257, +0.161,+0.960
1578661800,+3.35, +3.247, +0.161,+0.960
1578661860,+3.35, +3.236, +0.161,+0.960
1578661920,+3.35, +3.236, +0.161,+0.960
1578661980,+3.35, +3.236, +0.161,+0.960
1578662040,+3.35, +3.257, +0.159,+0.959
1578662100,+3.35, +3.247, +0.161,+0.960
1578662160,+3.35, +3.215, +0.162,+0.960
1578662220,+3.35, +3.225, +0.160,+0.960
1578662280,+3.35, +3.225, +0.161,+0.960
1578662340,+3.35, +3.236, +0.162,+0.960
1578662400,+3.35, +3.268, +0.159,+0.960
1578662460,+3.35, +3.225, +0.162,+0.960
1578662520,+3.35, +3.278, +0.160,+0.960
1578662580,+3.35, +3.247, +0.161,+0.960
1578662640,+3.35, +3.183, +0.162,+0.960
1578662700,+3.35, +3.257, +0.162,+0.960
1578662760,+3.35, +3.247, +0.161,+0.960
1578662820,+3.35, +3.236, +0.160,+0.959
1578662880,+3.35, +3.236, +0.161,+0.960
1578662940,+3.35, +3.247, +0.161,+0.960
1578663000,+3.35, +3.236, +0.162,+0.960
1578663060,+3.35, +3.268, +0.161,+0.960
1578663120,+3.35, +3.225, +0.162,+0.960
1578663180,+3.35, +3.247, +0.160,+0.960
1578663240,+3.35, +3.236, +0.160,+0.960
1578663300,+3.35, +3.215, +0.160,+0.960
1578663360,+3.35, +3.247, +0.161,+0.960
1578663420,+3.35, +3.257, +0.159,+0.960
1578663480,+3.35, +3.247, +0.161,+0.960
1578663540,+3.35, +3.215, +0.160,+0.959
1578663600,+3.35, +3.247, +0.160,+0.960
1578663660,+3.35, +3.247, +0.160,+0.960
1578663720,+3.35, +3.236, +0.160,+0.960
1578663780,+3.35, +3.225, +0.161,+0.959
1578663840,+3.35, +3.247, +0.160,+0.960
1578663900,+3.35, +3.236, +0.161,+0.960
1578663960,+3.35, +3.247, +0.160,+0.960
1578664020,+3.35, +3.236, +0.161,+0.960
1578664080,+3.35, +3.236, +0.161,+0.960
1578664140,+3.35, +3.215, +0.162,+0.960
1578664200,+3.35, +3.204, +0.160,+0.959
1578664260,+3.35, +3.247, +0.161,+0.960
1578664320,+3.35, +3.247, +0.161,+0.960
1578664380,+3.35, +3.225, +0.160,+0.960
1578664440,+3.35, +3.247, +0.161,+0.960
1578664500,+3.35, +3.194, +0.163,+0.960
1578664560,+3.35, +3.225, +0.161,+0.960
1578664620,+3.35, +3.247, +0.162,+0.960
1578664680,+3.35, +3.215, +0.162,+0.960
1578664740,+3.35, +3.236, +0.163,+0.960
1578664800,+3.35, +3.225, +0.164,+0.960
1578664860,+3.35, +3.247, +0.158,+0.960
1578664920,+3.35, +3.257, +0.160,+0.960
1578664980,+3.35, +3.247, +0.161,+0.959
1578665040,+3.35, +3.257, +0.160,+0.960
1578665100,+3.35, +3.247, +0.161,+0.959
1578665160,+3.35, +3.247, +0.161,+0.960
1578665220,+3.35, +3.299, +0.159,+0.960
1578665280,+3.35, +3.257, +0.160,+0.960
1578665340,+3.35, +3.257, +0.161,+0.960
1578665400,+3.35, +3.236, +0.161,+0.960
1578665460,+3.35, +3.278, +0.159,+0.960
1578665520,+3.35, +3.215, +0.161,+0.959
1578665580,+3.35, +3.247, +0.161,+0.960
1578665640,+3.35, +3.225, +0.161,+0.960
1578665700,+3.35, +3.236, +0.161,+0.960
1578665760,+3.35, +3.247, +0.161,+0.960
1578665820,+3.35, +3.236, +0.161,+0.960
1578665880,+3.35, +3.278, +0.160,+0.960
1578665940,+3.35, +3.310, +0.158,+0.960
1578666000,+3.35, +3.257, +0.163,+0.960
1578666060,+3.35, +3.236, +0.161,+0.960
1578666120,+3.35, +3.215, +0.163,+0.960
1578666180,+3.35, +3.257, +0.160,+0.960
1578666240,+3.35, +3.247, +0.162,+0.960
1578666300,+3.35, +3.225, +0.162,+0.960
1578666360,+3.35, +3.236, +0.161,+0.960
1578666420,+3.35, +3.247, +0.161,+0.960
1578666480,+3.35, +3.247, +0.160,+0.960
1578666540,+3.35, +3.225, +0.161,+0.960
1578666600,+3.35, +3.247, +0.162,+0.960
1578666660,+3.35, +3.236, +0.160,+0.959
1578666720,+3.35, +3.236, +0.160,+0.960
1578666780,+3.35, +3.236, +0.162,+0.960
1578666840,+3.35, +3.257, +0.160,+0.960
1578666900,+3.35, +3.236, +0.160,+0.960
1578666960,+3.35, +3.236, +0.163,+0.960
1578667020,+3.35, +3.247, +0.161,+0.960
1578667080,+3.35, +3.225, +0.163,+0.960
1578667140,+3.35, +3.247, +0.163,+0.960
1578667200,+3.35, +3.247, +0.160,+0.960
1578667260,+3.35, +3.215, +0.161,+0.960
1578667320,+3.35, +3.236, +0.161,+0.960
1578667380,+3.35, +3.247, +0.161,+0.960
1578667440,+3.35, +3.236, +0.161,+0.960
1578667500,+3.35, +3.225, +0.163,+0.960
1578667560,+3.35, +3.257, +0.161,+0.960
1578667620,+3.35, +3.236, +0.160,+0.960
1578667680,+3.35, +3.225, +0.160,+0.959
1578667740,+3.35, +3.236, +0.161,+0.960
1578667800,+3.35, +3.236, +0.161,+0.960
1578667860,+3.35, +3.204, +0.161,+0.960
1578667920,+3.35, +3.247, +0.160,+0.960
1578667980,+3.35, +3.247, +0.161,+0.960
1578668040,+3.35, +3.268, +0.160,+0.960
1578668100,+3.35, +3.225, +0.162,+0.960
1578668160,+3.35, +3.236, +0.160,+0.960
1578668220,+3.35, +3.257, +0.161,+0.960
1578668280,+3.35, +3.247, +0.162,+0.960
1578668340,+3.35, +3.236, +0.161,+0.960
1578668400,+3.35, +3.247, +0.160,+0.960
1578668460,+3.35, +3.247, +0.160,+0.960
1578668520,+3.35, +3.247, +0.159,+0.959
1578668580,+3.35, +3.247, +0.161,+0.960
1578668640,+3.35, +3.257, +0.161,+0.960
1578668700,+3.35, +3.215, +0.161,+0.960
1578668760,+3.35, +3.257, +0.162,+0.960
1578668820,+3.35, +3.278, +0.160,+0.960
1578668880,+3.35, +3.236, +0.160,+0.960
1578668940,+3.35, +3.247, +0.162,+0.960
1578669000,+3.35, +3.247, +0.160,+0.960
1578669060,+3.35, +3.257, +0.161,+0.960
1578669120,+3.35, +3.247, +0.162,+0.960
1578669180,+3.35, +3.215, +0.160,+0.960
1578669240,+3.35, +3.268, +0.162,+0.960
1578669300,+3.35, +3.236, +0.160,+0.960
1578669360,+3.35, +3.236, +0.161,+0.960
1578669420,+3.35, +3.236, +0.160,+0.960
1578669480,+3.35, +3.247, +0.161,+0.960
1578669540,+3.35, +3.215, +0.164,+0.960
1578669600,+3.35, +3.236, +0.159,+0.959
1578669660,+3.35, +3.236, +0.160,+0.960
1578669720,+3.35, +3.236, +0.160,+0.959
1578669780,+3.35, +3.225, +0.163,+0.960
1578669840,+3.35, +3.268, +0.161,+0.960
1578669900,+3.35, +3.257, +0.161,+0.960
1578669960,+3.35, +3.247, +0.159,+0.960
1578670020,+3.35, +3.204, +0.160,+0.959
1578670080,+3.35, +3.236, +0.160,+0.960
1578670140,+3.35, +3.268, +0.161,+0.960
1578670200,+3.35, +3.236, +0.161,+0.960
1578670260,+3.35, +3.247, +0.159,+0.960
1578670320,+3.35, +3.247, +0.161,+0.960
1578670380,+3.35, +3.236, +0.161,+0.960
1578670440,+3.35, +3.247, +0.159,+0.959
1578670500,+3.35, +3.247, +0.162,+0.960
1578670560,+3.35, +3.268, +0.161,+0.960
1578670620,+3.35, +3.257, +0.160,+0.960
1578670680,+3.35, +3.215, +0.160,+0.959
1578670740,+3.35, +3.247, +0.161,+0.960
1578670800,+3.35, +3.247, +0.160,+0.960
1578670860,+3.35, +3.257, +0.160,+0.960
1578670920,+3.35, +3.225, +0.160,+0.960
1578670980,+3.35, +3.204, +0.162,+0.960
1578671040,+3.35, +3.236, +0.161,+0.960
1578671100,+3.35, +3.236, +0.159,+0.960
1578671160,+3.35, +3.225, +0.161,+0.960
1578671220,+3.35, +3.257, +0.160,+0.960
1578671280,+3.35, +3.247, +0.159,+0.960
1578671340,+3.35, +3.225, +0.162,+0.960
1578671400,+3.35, +3.278, +0.159,+0.960
1578671460,+3.35, +3.236, +0.160,+0.960
1578671520,+3.35, +3.151, +0.162,+0.959
1578671580,+3.35, +3.247, +0.160,+0.960
1578671640,+3.35, +3.225, +0.163,+0.960
1578671700,+3.35, +3.236, +0.160,+0.960
1578671760,+3.35, +3.225, +0.160,+0.960
1578671820,+3.35, +3.247, +0.160,+0.960
1578671880,+3.35, +3.257, +0.161,+0.960
1578671940,+3.35, +3.225, +0.159,+0.959
1578672000,+3.35, +3.257, +0.160,+0.960
1578672060,+3.35, +3.225, +0.161,+0.960
1578672120,+3.35, +3.225, +0.161,+0.960
1578672180,+3.35, +3.236, +0.162,+0.960
1578672240,+3.35, +3.247, +0.160,+0.960
1578672300,+3.35, +3.257, +0.162,+0.960
1578672360,+3.35, +3.236, +0.161,+0.960
1578672420,+3.35, +3.225, +0.161,+0.960
1578672480,+3.35, +3.236, +0.161,+0.960
1578672540,+3.35, +3.257, +0.161,+0.960
1578672600,+3.35, +3.247, +0.159,+0.959
1578672660,+3.35, +3.247, +0.162,+0.960
1578672720,+3.35, +3.257, +0.161,+0.960
1578672780,+3.35, +3.247, +0.162,+0.960
1578672840,+3.35, +3.257, +0.162,+0.960
1578672900,+3.35, +3.247, +0.160,+0.960
1578672960,+3.35, +3.236, +0.159,+0.960
1578673020,+3.35, +3.236, +0.160,+0.960
1578673080,+3.35, +3.236, +0.160,+0.960
1578673140,+3.35, +3.225, +0.160,+0.959
1578673200,+3.35, +3.236, +0.162,+0.960
1578673260,+3.35, +3.268, +0.160,+0.960
1578673320,+3.35, +3.215, +0.162,+0.960
1578673380,+3.35, +3.247, +0.162,+0.960
1578673440,+3.35, +3.204, +0.161,+0.959
1578673500,+3.35, +3.225, +0.161,+0.960
1578673560,+3.35, +3.225, +0.160,+0.960
1578673620,+3.35, +3.225, +0.162,+0.960
1578673680,+3.35, +3.247, +0.160,+0.960
1578673740,+3.35, +3.194, +0.160,+0.960
1578673800,+3.35, +3.257, +0.161,+0.960
1578673860,+3.35, +3.247, +0.160,+0.960
1578673920,+3.35, +3.215, +0.161,+0.960
1578673980,+3.35, +3.225, +0.162,+0.960
1578674040,+3.35, +3.257, +0.161,+0.960
1578674100,+3.35, +3.247, +0.159,+0.959
1578674160,+3.35, +3.236, +0.159,+0.960
1578674220,+3.35, +3.236, +0.161,+0.960
1578674280,+3.35, +3.247, +0.162,+0.960
1578674340,+3.35, +3.236, +0.162,+0.960
1578674400,+3.35, +3.225, +0.160,+0.959
1578674460,+3.35, +3.236, +0.162,+0.960
1578674520,+3.35, +3.225, +0.161,+0.960
1578674580,+3.35, +3.236, +0.162,+0.960
1578674640,+3.35, +3.236, +0.161,+0.960
1578674700,+3.35, +3.225, +0.161,+0.960
1578674760,+3.35, +3.236, +0.162,+0.960
1578674820,+3.35, +3.236, +0.162,+0.960
1578674880,+3.35, +3.257, +0.159,+0.960
1578674940,+3.35, +3.225, +0.160,+0.960
1578675000,+3.35, +3.247, +0.159,+0.960
1578675060,+3.35, +3.225, +0.161,+0.959
1578675120,+3.35, +3.257, +0.161,+0.960
1578675180,+3.35, +3.247, +0.159,+0.960
1578675240,+3.35, +3.215, +0.161,+0.960
1578675300,+3.35, +3.247, +0.161,+0.960
1578675360,+3.35, +3.247, +0.160,+0.959
1578675420,+3.35, +3.204, +0.161,+0.960
1578675480,+3.35, +3.236, +0.159,+0.960
1578675540,+3.35, +3.225, +0.163,+0.960
1578675600,+3.35, +3.247, +0.162,+0.960
1578675660,+3.35, +3.204, +0.161,+0.960
1578675720,+3.35, +3.236, +0.161,+0.960
1578675780,+3.35, +3.236, +0.162,+0.960
1578675840,+3.35, +3.236, +0.159,+0.960
1578675900,+3.35, +3.236, +0.160,+0.960
1578675960,+3.35, +3.257, +0.161,+0.960
1578676020,+3.35, +3.236, +0.161,+0.960
1578676080,+3.35, +3.225, +0.161,+0.960
1578676140,+3.35, +3.236, +0.161,+0.960
1578676200,+3.35, +3.247, +0.163,+0.960
1578676260,+3.35, +3.225, +0.162,+0.960
1578676320,+3.35, +3.183, +0.162,+0.960
1578676380,+3.35, +3.225, +0.161,+0.960
1578676440,+3.35, +3.236, +0.163,+0.960
1578676500,+3.35, +3.204, +0.162,+0.960
1578676560,+3.35, +3.247, +0.161,+0.960
1578676620,+3.35, +3.247, +0.160,+0.960
1578676680,+3.35, +3.247, +0.161,+0.959
1578676740,+3.35, +3.236, +0.159,+0.959
1578676800,+3.35, +3.236, +0.161,+0.960
1578676860,+3.35, +3.225, +0.161,+0.960
1578676920,+3.35, +3.204, +0.161,+0.960
1578676980,+3.35, +3.247, +0.161,+0.960
1578677040,+3.35, +3.247, +0.161,+0.960
1578677100,+3.35, +3.257, +0.160,+0.960
1578677160,+3.35, +3.225, +0.161,+0.960
1578677220,+3.35, +3.215, +0.161,+0.960
1578677280,+3.35, +3.236, +0.162,+0.960
1578677340,+3.35, +3.257, +0.159,+0.959
1578677400,+3.35, +3.257, +0.162,+0.960
1578677460,+3.35, +3.236, +0.160,+0.960
1578677520,+3.35, +3.247, +0.161,+0.960
1578677580,+3.35, +3.225, +0.161,+0.960
1578677640,+3.35, +3.247, +0.161,+0.960
1578677700,+3.35, +3.247, +0.160,+0.960
1578677760,+3.35, +3.247, +0.161,+0.960
1578677820,+3.35, +3.247, +0.161,+0.960
1578677880,+3.35, +3.236, +0.163,+0.960
1578677940,+3.35, +3.247, +0.159,+0.960
1578678000,+3.35, +3.247, +0.160,+0.960
1578678060,+3.35, +3.141, +0.162,+0.959
1578678120,+3.35, +3.225, +0.162,+0.960
1578678180,+3.35, +3.236, +0.159,+0.960
1578678240,+3.35, +3.225, +0.162,+0.960
1578678300,+3.35, +3.236, +0.160,+0.960
1578678360,+3.35, +3.215, +0.163,+0.960
1578678420,+3.35, +3.247, +0.162,+0.960
1578678480,+3.35, +3.225, +0.160,+0.959
1578678540,+3.35, +3.236, +0.161,+0.960
1578678600,+3.35, +3.247, +0.161,+0.960
1578678660,+3.35, +3.236, +0.162,+0.960
1578678720,+3.35, +3.225, +0.161,+0.960
1578678780,+3.35, +3.247, +0.160,+0.960
1578678840,+3.35, +3.268, +0.160,+0.960
1578678900,+3.35, +3.247, +0.160,+0.960
1578678960,+3.35, +3.236, +0.162,+0.960
1578679020,+3.35, +3.236, +0.161,+0.960
1578679080,+3.35, +3.257, +0.161,+0.960
1578679140,+3.35, +3.215, +0.161,+0.960
1578679200,+3.35, +3.225, +0.161,+0.960
1578679260,+3.35, +3.225, +0.163,+0.960
1578679320,+3.35, +3.247, +0.161,+0.960
1578679380,+3.35, +3.257, +0.159,+0.960
1578679440,+3.35, +3.225, +0.160,+0.960
1578679500,+3.35, +3.236, +0.161,+0.960
1578679560,+3.35, +3.225, +0.162,+0.960
1578679620,+3.35, +3.215, +0.160,+0.960
1578679680,+3.35, +3.236, +0.162,+0.960
1578679740,+3.35, +3.236, +0.161,+0.959
1578679800,+3.35, +3.236, +0.161,+0.960
1578679860,+3.35, +3.225, +0.161,+0.960
1578679920,+3.35, +3.236, +0.161,+0.960
1578679980,+3.35, +3.236, +0.161,+0.960
1578680040,+3.35, +3.236, +0.161,+0.960
1578680100,+3.35, +3.215, +0.163,+0.960
1578680160,+3.35, +3.257, +0.161,+0.960
1578680220,+3.35, +3.257, +0.163,+0.960
1578680280,+3.35, +3.225, +0.162,+0.960
1578680340,+3.35, +3.225, +0.163,+0.960
1578680400,+3.35, +3.215, +0.159,+0.959
1578680460,+3.35, +3.225, +0.160,+0.959
1578680520,+3.35, +3.257, +0.159,+0.960
1578680580,+3.35, +3.236, +0.161,+0.960
1578680640,+3.35, +3.215, +0.162,+0.960
1578680700,+3.35, +3.257, +0.161,+0.960
1578680760,+3.35, +3.236, +0.160,+0.959
1578680820,+3.35, +3.236, +0.162,+0.960
1578680880,+3.35, +3.236, +0.160,+0.959
1578680940,+3.35, +3.268, +0.160,+0.960
1578681000,+3.35, +3.236, +0.162,+0.960
1578681060,+3.35, +3.225, +0.160,+0.959
1578681120,+3.35, +3.215, +0.162,+0.960
1578681180,+3.35, +3.257, +0.161,+0.960
1578681240,+3.35, +3.236, +0.161,+0.960
1578681300,+3.35, +3.236, +0.161,+0.960
1578681360,+3.35, +3.236, +0.162,+0.960
1578681420,+3.35, +3.236, +0.161,+0.960
1578681480,+3.35, +3.204, +0.161,+0.960
1578681540,+3.35, +3.225, +0.160,+0.959
1578681600,+3.35, +3.247, +0.161,+0.960
1578681660,+3.35, +3.236, +0.159,+0.960
1578681720,+3.35, +3.236, +0.162,+0.960
1578681780,+3.35, +3.225, +0.161,+0.960
1578681840,+3.35, +3.236, +0.160,+0.960
1578681900,+3.35, +3.204, +0.160,+0.960
1578681960,+3.35, +3.236, +0.160,+0.959
1578682020,+3.35, +3.225, +0.161,+0.960
1578682080,+3.35, +3.247, +0.160,+0.959
1578682140,+3.35, +3.236, +0.160,+0.959
1578682200,+3.35, +3.225, +0.161,+0.960
1578682260,+3.35, +3.236, +0.161,+0.960
1578682320,+3.35, +3.247, +0.162,+0.960
1578682380,+3.35, +3.236, +0.161,+0.960
1578682440,+3.35, +3.236, +0.162,+0.960
1578682500,+3.35, +3.247, +0.162,+0.960
1578682560,+3.35, +3.225, +0.160,+0.959
1578682620,+3.35, +3.204, +0.160,+0.960
1578682680,+3.35, +3.247, +0.160,+0.960
1578682740,+3.35, +3.236, +0.162,+0.960
1578682800,+3.35, +3.247, +0.161,+0.960
1578682860,+3.35, +3.257, +0.161,+0.960
1578682920,+3.35, +3.257, +0.161,+0.960
1578682980,+3.35, +3.247, +0.161,+0.960
1578683040,+3.35, +3.215, +0.161,+0.960
1578683100,+3.35, +3.215, +0.160,+0.959
1578683160,+3.35, +3.247, +0.160,+0.960
1578683220,+3.35, +3.236, +0.160,+0.959
1578683280,+3.35, +3.247, +0.161,+0.960
1578683340,+3.35, +3.225, +0.161,+0.960
1578683400,+3.35, +3.247, +0.160,+0.960
1578683460,+3.35, +3.236, +0.160,+0.960
1578683520,+3.35, +3.247, +0.163,+0.960
1578683580,+3.35, +3.247, +0.159,+0.960
1578683640,+3.35, +3.247, +0.160,+0.960
1578683700,+3.35, +3.236, +0.161,+0.960
1578683760,+3.35, +3.236, +0.162,+0.960
1578683820,+3.35, +3.247, +0.159,+0.960
1578683880,+3.35, +3.236, +0.161,+0.960
1578683940,+3.35, +3.257, +0.161,+0.960
1578684000,+3.35, +3.236, +0.160,+0.960
1578684060,+3.35, +3.225, +0.161,+0.960
1578684120,+3.35, +3.236, +0.161,+0.960
1578684180,+3.35, +3.225, +0.161,+0.960
1578684240,+3.35, +3.236, +0.161,+0.960
1578684300,+3.35, +3.236, +0.159,+0.959
1578684360,+3.35, +3.225, +0.161,+0.960
1578684420,+3.35, +3.225, +0.162,+0.960
1578684480,+3.35, +3.247, +0.161,+0.960
1578684540,+3.35, +3.215, +0.161,+0.959
1578684600,+3.35, +3.225, +0.162,+0.960
1578684660,+3.35, +3.236, +0.161,+0.960
1578684720,+3.35, +3.257, +0.161,+0.960
1578684780,+3.35, +3.236, +0.160,+0.960
1578684840,+3.35, +3.215, +0.160,+0.959
1578684900,+3.35, +3.225, +0.160,+0.960
1578684960,+3.35, +3.225, +0.161,+0.960
1578685020,+3.35, +3.236, +0.161,+0.960
1578685080,+3.35, +3.236, +0.161,+0.960
1578685140,+3.35, +3.225, +0.162,+0.960
1578685200,+3.35, +3.257, +0.161,+0.960
1578685260,+3.35, +3.247, +0.162,+0.960
1578685320,+3.35, +3.215, +0.161,+0.959
1578685380,+3.35, +3.225, +0.161,+0.960
1578685440,+3.35, +3.204, +0.160,+0.960
1578685500,+3.35, +3.236, +0.160,+0.960
1578685560,+3.35, +3.257, +0.160,+0.960
1578685620,+3.35, +3.236, +0.160,+0.960
1578685680,+3.35, +3.225, +0.159,+0.960
1578685740,+3.35, +3.225, +0.159,+0.959
1578685800,+3.35, +3.236, +0.159,+0.959
1578685860,+3.35, +3.225, +0.162,+0.960
1578685920,+3.35, +3.236, +0.161,+0.960
1578685980,+3.35, +3.257, +0.159,+0.960
1578686040,+3.35, +3.225, +0.162,+0.960
1578686100,+3.35, +3.225, +0.160,+0.959
1578686160,+3.35, +3.247, +0.159,+0.960
1578686220,+3.35, +3.215, +0.161,+0.960
1578686280,+3.35, +3.257, +0.159,+0.960
1578686340,+3.35, +3.278, +0.160,+0.960
1578686400,+3.35, +3.204, +0.162,+0.960
1578686460,+3.35, +3.225, +0.162,+0.960
1578686520,+3.35, +3.247, +0.161,+0.959
1578686580,+3.35, +3.268, +0.160,+0.960
1578686640,+3.35, +3.194, +0.161,+0.959
1578686700,+3.35, +3.225, +0.163,+0.960
1578686760,+3.35, +3.215, +0.161,+0.960
1578686820,+3.35, +3.204, +0.161,+0.959
1578686880,+3.35, +3.236, +0.160,+0.960
1578686940,+3.35, +3.236, +0.160,+0.959
1578687000,+3.35, +3.236, +0.160,+0.960
1578687060,+3.35, +3.225, +0.160,+0.960
1578687120,+3.35, +3.236, +0.160,+0.960
1578687180,+3.35, +3.236, +0.160,+0.960
1578687240,+3.35, +3.225, +0.162,+0.960
1578687300,+3.35, +3.225, +0.162,+0.960
1578687360,+3.35, +3.225, +0.160,+0.960
1578687420,+3.35, +3.225, +0.161,+0.960
1578687480,+3.35, +3.236, +0.162,+0.960
1578687540,+3.35, +3.215, +0.161,+0.960
1578687600,+3.35, +3.225, +0.162,+0.960
1578687660,+3.35, +3.247, +0.160,+0.960
1578687720,+3.35, +3.236, +0.162,+0.960
1578687780,+3.35, +3.225, +0.161,+0.960
1578687840,+3.35, +3.236, +0.163,+0.960
1578687900,+3.35, +3.236, +0.161,+0.960
1578687960,+3.35, +3.215, +0.161,+0.960
1578688020,+3.35, +3.236, +0.160,+0.960
1578688080,+3.35, +3.247, +0.161,+0.960
1578688140,+3.35, +3.247, +0.160,+0.960
1578688200,+3.35, +3.225, +0.161,+0.960
1578688260,+3.35, +3.215, +0.163,+0.960
1578688320,+3.35, +3.268, +0.160,+0.960
1578688380,+3.35, +3.225, +0.161,+0.960
1578688440,+3.35, +3.225, +0.161,+0.960
1578688500,+3.35, +3.247, +0.161,+0.960
1578688560,+3.35, +3.247, +0.162,+0.960
1578688620,+3.35, +3.247, +0.161,+0.960
1578688680,+3.35, +3.225, +0.160,+0.960
1578688740,+3.35, +3.215, +0.160,+0.959
1578688800,+3.35, +3.247, +0.162,+0.960
1578688860,+3.35, +3.236, +0.160,+0.960
1578688920,+3.35, +3.247, +0.159,+0.960
1578688980,+3.35, +3.225, +0.161,+0.960
1578689040,+3.35, +3.225, +0.160,+0.960
1578689100,+3.35, +3.247, +0.161,+0.960
1578689160,+3.35, +3.225, +0.161,+0.960
1578689220,+3.35, +3.236, +0.162,+0.960
1578689280,+3.35, +3.215, +0.161,+0.960
1578689340,+3.35, +3.247, +0.160,+0.960
1578689400,+3.35, +3.236, +0.160,+0.960
