7392-570653
OS REV: 1.11 Sensor Cal: 1428445788
Time (sec),  BV (Volts),  T (deg C),  DO (mg/l),  Q ()
1586724660,+3.32, +2.907, +7.025,+0.987
1586724720,+3.32, +2.897, +7.039,+0.987
1586724780,+3.32, +2.928, +7.023,+0.987
1586724840,+3.32, +2.928, +7.029,+0.987
1586724900,+3.32, +2.939, +7.030,+0.987
1586724960,+3.32, +2.875, +7.055,+0.987
1586725020,+3.32, +2.928, +7.044,+0.987
1586725080,+3.32, +2.928, +7.044,+0.987
1586725140,+3.32, +2.918, +7.058,+0.987
1586725200,+3.32, +2.907, +7.121,+0.987
1586725260,+3.32, +2.928, +7.155,+0.987
1586725320,+3.32, +2.918, +7.175,+0.987
1586725380,+3.32, +2.918, +7.191,+0.987
1586725440,+3.32, +2.928, +7.205,+0.987
1586725500,+3.32, +2.960, +7.205,+0.987
1586725560,+3.32, +2.928, +7.236,+0.987
1586725620,+3.32, +2.939, +7.237,+0.987
1586725680,+3.32, +2.928, +7.239,+0.986
1586725740,+3.32, +2.907, +7.259,+0.987
1586725800,+3.32, +2.939, +7.252,+0.987
1586725860,+3.32, +2.939, +7.262,+0.987
1586725920,+3.32, +2.918, +7.274,+0.987
1586725980,+3.32, +2.928, +7.286,+0.987
1586726040,+3.32, +2.960, +7.268,+0.987
1586726100,+3.32, +2.939, +7.299,+0.987
1586726160,+3.32, +2.928, +7.305,+0.987
1586726220,+3.32, +2.928, +7.311,+0.987
1586726280,+3.32, +2.939, +7.310,+0.987
1586726340,+3.32, +2.928, +7.312,+0.987
1586726400,+3.32, +2.918, +7.324,+0.987
1586726460,+3.32, +2.897, +7.338,+0.987
1586726520,+3.32, +2.939, +7.316,+0.987
1586726580,+3.32, +2.950, +7.315,+0.987
1586726640,+3.32, +2.939, +7.315,+0.987
1586726700,+3.32, +2.939, +7.314,+0.987
1586726760,+3.32, +2.960, +7.306,+0.987
1586726820,+3.32, +2.950, +7.309,+0.987
1586726880,+3.32, +2.950, +7.313,+0.987
1586726940,+3.32, +2.950, +7.307,+0.987
1586727000,+3.32, +2.918, +7.320,+0.987
1586727060,+3.32, +2.950, +7.304,+0.987
1586727120,+3.32, +2.960, +7.297,+0.987
1586727180,+3.32, +2.960, +7.300,+0.987
1586727240,+3.32, +2.907, +7.320,+0.987
1586727300,+3.32, +2.928, +7.318,+0.987
1586727360,+3.32, +2.950, +7.300,+0.987
1586727420,+3.32, +2.939, +7.307,+0.987
1586727480,+3.32, +2.928, +7.307,+0.987
1586727540,+3.32, +2.950, +7.303,+0.987
1586727600,+3.32, +2.928, +7.300,+0.987
1586727660,+3.32, +2.960, +7.293,+0.987
1586727720,+3.32, +2.939, +7.307,+0.987
1586727780,+3.32, +2.950, +7.293,+0.987
1586727840,+3.32, +2.907, +7.314,+0.987
1586727900,+3.32, +2.918, +7.299,+0.987
1586727960,+3.32, +2.939, +7.300,+0.987
1586728020,+3.32, +2.918, +7.303,+0.987
1586728080,+3.32, +2.950, +7.288,+0.987
1586728140,+3.32, +2.950, +7.288,+0.987
1586728200,+3.32, +2.960, +7.284,+0.987
1586728260,+3.32, +2.939, +7.298,+0.987
1586728320,+3.32, +2.950, +7.285,+0.987
1586728380,+3.32, +2.928, +7.300,+0.987
1586728440,+3.32, +2.928, +7.290,+0.987
1586728500,+3.32, +2.982, +7.273,+0.987
1586728560,+3.32, +2.928, +7.297,+0.987
1586728620,+3.32, +2.928, +7.302,+0.987
1586728680,+3.32, +2.950, +7.292,+0.987
1586728740,+3.32, +2.918, +7.296,+0.987
1586728800,+3.32, +2.960, +7.289,+0.987
1586728860,+3.32, +2.939, +7.299,+0.987
1586728920,+3.32, +2.939, +7.292,+0.987
1586728980,+3.32, +2.928, +7.299,+0.987
1586729040,+3.32, +2.886, +7.310,+0.986
1586729100,+3.32, +2.939, +7.296,+0.987
1586729160,+3.32, +2.939, +7.302,+0.987
1586729220,+3.32, +2.918, +7.315,+0.988
1586729280,+3.32, +2.950, +7.297,+0.987
1586729340,+3.32, +2.928, +7.309,+0.987
1586729400,+3.32, +2.928, +7.302,+0.987
1586729460,+3.32, +2.907, +7.314,+0.987
1586729520,+3.32, +2.928, +7.299,+0.986
1586729580,+3.32, +2.939, +7.307,+0.987
1586729640,+3.32, +2.928, +7.313,+0.987
1586729700,+3.32, +2.897, +7.323,+0.987
1586729760,+3.32, +2.939, +7.294,+0.986
1586729820,+3.32, +2.928, +7.305,+0.986
1586729880,+3.32, +2.918, +7.315,+0.987
1586729940,+3.32, +2.950, +7.303,+0.987
1586730000,+3.32, +2.918, +7.311,+0.986
1586730060,+3.32, +2.897, +7.330,+0.987
1586730120,+3.32, +2.918, +7.328,+0.987
1586730180,+3.32, +2.928, +7.323,+0.987
1586730240,+3.32, +2.928, +7.326,+0.987
1586730300,+3.32, +2.939, +7.327,+0.987
1586730360,+3.32, +2.939, +7.337,+0.987
1586730420,+3.32, +2.928, +7.339,+0.987
1586730480,+3.32, +2.918, +7.343,+0.987
1586730540,+3.32, +2.939, +7.341,+0.987
1586730600,+3.32, +2.939, +7.347,+0.988
1586730660,+3.32, +2.928, +7.335,+0.987
1586730720,+3.32, +2.918, +7.340,+0.987
1586730780,+3.32, +2.918, +7.335,+0.987
1586730840,+3.32, +2.939, +7.335,+0.987
1586730900,+3.32, +2.939, +7.328,+0.987
1586730960,+3.32, +2.928, +7.340,+0.987
1586731020,+3.32, +2.907, +7.340,+0.987
1586731080,+3.32, +2.897, +7.344,+0.987
1586731140,+3.32, +2.928, +7.324,+0.986
1586731200,+3.32, +2.875, +7.352,+0.987
1586731260,+3.32, +2.907, +7.347,+0.987
1586731320,+3.32, +2.928, +7.344,+0.988
1586731380,+3.32, +2.918, +7.339,+0.987
1586731440,+3.32, +2.897, +7.345,+0.987
1586731500,+3.32, +2.939, +7.333,+0.987
1586731560,+3.32, +2.928, +7.331,+0.987
1586731620,+3.32, +2.886, +7.340,+0.986
1586731680,+3.32, +2.907, +7.348,+0.987
1586731740,+3.32, +2.939, +7.334,+0.987
1586731800,+3.32, +2.928, +7.332,+0.987
1586731860,+3.32, +2.928, +7.334,+0.987
1586731920,+3.32, +2.928, +7.332,+0.987
1586731980,+3.32, +2.928, +7.322,+0.987
1586732040,+3.32, +2.928, +7.326,+0.987
1586732100,+3.32, +2.907, +7.345,+0.987
1586732160,+3.32, +2.928, +7.323,+0.987
1586732220,+3.32, +2.918, +7.331,+0.987
1586732280,+3.32, +2.939, +7.319,+0.986
1586732340,+3.32, +2.928, +7.330,+0.987
1586732400,+3.32, +2.928, +7.322,+0.987
1586732460,+3.32, +2.918, +7.323,+0.987
1586732520,+3.32, +2.907, +7.329,+0.987
1586732580,+3.32, +2.928, +7.311,+0.987
1586732640,+3.32, +2.939, +7.314,+0.987
1586732700,+3.32, +2.928, +7.301,+0.987
1586732760,+3.32, +2.918, +7.306,+0.987
1586732820,+3.32, +2.907, +7.289,+0.987
1586732880,+3.32, +2.918, +7.281,+0.986
1586732940,+3.32, +2.918, +7.282,+0.987
1586733000,+3.32, +2.918, +7.267,+0.987
1586733060,+3.32, +2.939, +7.265,+0.987
1586733120,+3.32, +2.918, +7.272,+0.987
1586733180,+3.32, +2.907, +7.265,+0.987
1586733240,+3.32, +2.918, +7.261,+0.987
1586733300,+3.32, +2.928, +7.257,+0.987
1586733360,+3.32, +2.918, +7.253,+0.987
1586733420,+3.32, +2.918, +7.256,+0.987
1586733480,+3.32, +2.907, +7.257,+0.987
1586733540,+3.32, +2.928, +7.257,+0.987
1586733600,+3.32, +2.897, +7.258,+0.987
1586733660,+3.32, +2.907, +7.253,+0.987
1586733720,+3.32, +2.918, +7.245,+0.987
1586733780,+3.32, +2.907, +7.249,+0.987
1586733840,+3.32, +2.960, +7.229,+0.987
1586733900,+3.32, +2.939, +7.238,+0.987
1586733960,+3.32, +2.897, +7.251,+0.987
1586734020,+3.32, +2.918, +7.238,+0.987
1586734080,+3.32, +2.939, +7.219,+0.986
1586734140,+3.32, +2.918, +7.235,+0.987
1586734200,+3.32, +2.918, +7.228,+0.987
1586734260,+3.32, +2.907, +7.235,+0.987
1586734320,+3.32, +2.897, +7.227,+0.987
1586734380,+3.32, +2.897, +7.215,+0.986
1586734440,+3.32, +2.907, +7.228,+0.987
1586734500,+3.32, +2.918, +7.206,+0.987
1586734560,+3.32, +2.897, +7.210,+0.987
1586734620,+3.32, +2.897, +7.199,+0.987
1586734680,+3.32, +2.897, +7.206,+0.987
1586734740,+3.32, +2.886, +7.205,+0.987
1586734800,+3.32, +2.897, +7.187,+0.987
1586734860,+3.32, +2.918, +7.179,+0.987
1586734920,+3.32, +2.928, +7.186,+0.987
1586734980,+3.32, +2.907, +7.184,+0.987
1586735040,+3.32, +2.886, +7.186,+0.987
1586735100,+3.32, +2.907, +7.181,+0.987
1586735160,+3.32, +2.907, +7.173,+0.987
1586735220,+3.32, +2.918, +7.181,+0.987
1586735280,+3.32, +2.886, +7.193,+0.988
1586735340,+3.32, +2.897, +7.181,+0.987
1586735400,+3.32, +2.897, +7.183,+0.987
1586735460,+3.32, +2.897, +7.179,+0.987
1586735520,+3.32, +2.918, +7.175,+0.987
1586735580,+3.32, +2.897, +7.180,+0.987
1586735640,+3.32, +2.907, +7.169,+0.987
1586735700,+3.32, +2.897, +7.168,+0.987
1586735760,+3.32, +2.886, +7.179,+0.987
1586735820,+3.32, +2.907, +7.175,+0.987
1586735880,+3.32, +2.907, +7.180,+0.987
1586735940,+3.32, +2.918, +7.186,+0.988
1586736000,+3.32, +2.907, +7.182,+0.987
1586736060,+3.32, +2.950, +7.168,+0.987
1586736120,+3.32, +2.939, +7.178,+0.987
1586736180,+3.32, +2.886, +7.182,+0.986
1586736240,+3.32, +2.918, +7.172,+0.987
1586736300,+3.32, +2.918, +7.179,+0.987
1586736360,+3.32, +2.918, +7.188,+0.987
1586736420,+3.32, +2.907, +7.188,+0.987
1586736480,+3.32, +2.918, +7.187,+0.987
1586736540,+3.32, +2.928, +7.183,+0.987
1586736600,+3.32, +2.918, +7.195,+0.987
1586736660,+3.32, +2.897, +7.203,+0.987
1586736720,+3.32, +2.897, +7.214,+0.987
1586736780,+3.32, +2.939, +7.203,+0.987
1586736840,+3.32, +2.918, +7.206,+0.987
1586736900,+3.32, +2.886, +7.230,+0.987
1586736960,+3.32, +2.907, +7.215,+0.987
1586737020,+3.32, +2.897, +7.223,+0.987
1586737080,+3.32, +2.918, +7.209,+0.987
1586737140,+3.32, +2.928, +7.212,+0.987
1586737200,+3.32, +2.928, +7.207,+0.987
1586737260,+3.32, +2.897, +7.208,+0.987
1586737320,+3.32, +2.918, +7.199,+0.987
1586737380,+3.32, +2.918, +7.197,+0.987
1586737440,+3.32, +2.928, +7.193,+0.987
1586737500,+3.32, +2.918, +7.190,+0.987
1586737560,+3.32, +2.897, +7.206,+0.987
1586737620,+3.32, +2.897, +7.218,+0.987
1586737680,+3.32, +2.897, +7.207,+0.987
1586737740,+3.32, +2.950, +7.201,+0.987
1586737800,+3.32, +2.918, +7.211,+0.987
1586737860,+3.32, +2.939, +7.210,+0.987
1586737920,+3.32, +2.939, +7.219,+0.988
1586737980,+3.32, +2.907, +7.215,+0.986
1586738040,+3.32, +2.918, +7.218,+0.986
1586738100,+3.32, +2.918, +7.223,+0.987
1586738160,+3.32, +2.939, +7.224,+0.987
1586738220,+3.32, +2.928, +7.222,+0.987
1586738280,+3.32, +2.907, +7.240,+0.987
1586738340,+3.32, +2.886, +7.246,+0.987
1586738400,+3.32, +2.928, +7.237,+0.987
1586738460,+3.32, +2.928, +7.234,+0.987
1586738520,+3.32, +2.928, +7.237,+0.987
1586738580,+3.32, +2.907, +7.245,+0.987
1586738640,+3.32, +2.928, +7.228,+0.986
1586738700,+3.32, +2.950, +7.229,+0.987
1586738760,+3.32, +2.907, +7.256,+0.987
1586738820,+3.32, +2.918, +7.258,+0.987
1586738880,+3.32, +2.928, +7.246,+0.987
1586738940,+3.32, +2.928, +7.246,+0.987
1586739000,+3.32, +2.928, +7.247,+0.987
1586739060,+3.32, +2.928, +7.239,+0.987
1586739120,+3.32, +2.928, +7.229,+0.986
1586739180,+3.32, +2.928, +7.230,+0.987
1586739240,+3.32, +2.897, +7.237,+0.986
1586739300,+3.32, +2.886, +7.243,+0.987
1586739360,+3.32, +2.950, +7.222,+0.987
1586739420,+3.32, +2.928, +7.238,+0.987
1586739480,+3.32, +2.918, +7.240,+0.987
1586739540,+3.32, +2.928, +7.247,+0.987
1586739600,+3.32, +2.928, +7.242,+0.987
1586739660,+3.32, +2.907, +7.249,+0.987
1586739720,+3.32, +2.928, +7.244,+0.987
1586739780,+3.32, +2.928, +7.246,+0.987
1586739840,+3.32, +2.950, +7.251,+0.987
1586739900,+3.32, +2.950, +7.235,+0.986
1586739960,+3.32, +2.907, +7.253,+0.986
1586740020,+3.32, +2.928, +7.256,+0.987
1586740080,+3.32, +2.950, +7.254,+0.987
1586740140,+3.32, +2.907, +7.268,+0.987
1586740200,+3.32, +2.907, +7.256,+0.986
1586740260,+3.32, +2.907, +7.271,+0.987
1586740320,+3.32, +2.950, +7.257,+0.987
1586740380,+3.32, +2.918, +7.270,+0.987
1586740440,+3.32, +2.928, +7.267,+0.987
1586740500,+3.32, +2.950, +7.249,+0.987
1586740560,+3.32, +2.918, +7.262,+0.987
1586740620,+3.32, +2.939, +7.262,+0.987
1586740680,+3.32, +2.918, +7.282,+0.988
1586740740,+3.32, +2.928, +7.282,+0.988
1586740800,+3.32, +2.928, +7.267,+0.987
1586740860,+3.32, +2.928, +7.273,+0.987
1586740920,+3.32, +2.939, +7.261,+0.987
1586740980,+3.32, +2.939, +7.269,+0.988
1586741040,+3.32, +2.928, +7.260,+0.987
1586741100,+3.32, +2.918, +7.280,+0.987
1586741160,+3.32, +2.939, +7.264,+0.987
1586741220,+3.32, +2.897, +7.268,+0.987
1586741280,+3.32, +2.928, +7.265,+0.987
1586741340,+3.32, +2.939, +7.255,+0.987
1586741400,+3.32, +2.907, +7.254,+0.987
1586741460,+3.32, +2.928, +7.243,+0.987
1586741520,+3.32, +2.907, +7.255,+0.987
1586741580,+3.32, +2.928, +7.241,+0.987
1586741640,+3.32, +2.939, +7.239,+0.987
1586741700,+3.32, +2.950, +7.228,+0.987
1586741760,+3.32, +2.939, +7.237,+0.987
1586741820,+3.32, +2.950, +7.224,+0.987
1586741880,+3.32, +2.950, +7.226,+0.987
1586741940,+3.32, +2.950, +7.227,+0.987
1586742000,+3.32, +2.928, +7.238,+0.987
1586742060,+3.32, +2.950, +7.239,+0.987
1586742120,+3.32, +2.928, +7.238,+0.987
1586742180,+3.32, +2.950, +7.246,+0.987
1586742240,+3.32, +2.928, +7.247,+0.986
1586742300,+3.32, +2.918, +7.256,+0.987
1586742360,+3.32, +2.897, +7.263,+0.987
1586742420,+3.32, +2.918, +7.259,+0.987
1586742480,+3.32, +2.950, +7.253,+0.987
1586742540,+3.32, +2.928, +7.254,+0.986
1586742600,+3.32, +2.939, +7.261,+0.987
1586742660,+3.32, +2.918, +7.267,+0.987
1586742720,+3.32, +2.928, +7.269,+0.987
1586742780,+3.32, +2.918, +7.272,+0.987
1586742840,+3.32, +2.928, +7.269,+0.986
1586742900,+3.32, +2.950, +7.271,+0.987
1586742960,+3.32, +2.928, +7.276,+0.987
1586743020,+3.32, +2.918, +7.294,+0.987
1586743080,+3.32, +2.928, +7.293,+0.987
1586743140,+3.32, +2.928, +7.286,+0.987
1586743200,+3.32, +2.928, +7.296,+0.987
1586743260,+3.32, +2.918, +7.293,+0.987
1586743320,+3.32, +2.907, +7.301,+0.987
1586743380,+3.32, +2.928, +7.292,+0.987
1586743440,+3.32, +2.939, +7.281,+0.987
1586743500,+3.32, +2.939, +7.278,+0.987
1586743560,+3.32, +2.939, +7.268,+0.986
1586743620,+3.32, +2.939, +7.274,+0.987
1586743680,+3.32, +2.907, +7.283,+0.987
1586743740,+3.32, +2.907, +7.267,+0.986
1586743800,+3.32, +2.939, +7.263,+0.987
1586743860,+3.32, +2.907, +7.263,+0.987
1586743920,+3.32, +2.897, +7.261,+0.987
1586743980,+3.32, +2.928, +7.255,+0.987
1586744040,+3.32, +2.918, +7.247,+0.987
1586744100,+3.32, +2.918, +7.248,+0.987
1586744160,+3.32, +2.939, +7.225,+0.987
1586744220,+3.32, +2.939, +7.229,+0.987
1586744280,+3.32, +2.928, +7.225,+0.987
1586744340,+3.32, +2.907, +7.225,+0.987
1586744400,+3.32, +2.928, +7.212,+0.987
1586744460,+3.32, +2.907, +7.224,+0.987
1586744520,+3.32, +2.897, +7.221,+0.987
1586744580,+3.32, +2.939, +7.212,+0.987
1586744640,+3.32, +2.950, +7.206,+0.987
1586744700,+3.32, +2.928, +7.211,+0.987
1586744760,+3.32, +2.928, +7.212,+0.987
1586744820,+3.32, +2.918, +7.223,+0.987
1586744880,+3.32, +2.928, +7.219,+0.987
1586744940,+3.32, +2.918, +7.210,+0.987
1586745000,+3.32, +2.918, +7.223,+0.987
1586745060,+3.32, +2.918, +7.225,+0.987
1586745120,+3.32, +2.907, +7.223,+0.987
1586745180,+3.32, +2.918, +7.214,+0.987
1586745240,+3.32, +2.939, +7.210,+0.987
1586745300,+3.32, +2.918, +7.205,+0.987
1586745360,+3.32, +2.928, +7.210,+0.987
1586745420,+3.32, +2.960, +7.190,+0.987
1586745480,+3.32, +2.928, +7.207,+0.987
1586745540,+3.32, +2.907, +7.214,+0.987
1586745600,+3.32, +2.918, +7.198,+0.987
1586745660,+3.32, +2.928, +7.203,+0.987
1586745720,+3.32, +2.907, +7.195,+0.987
1586745780,+3.32, +2.939, +7.190,+0.987
1586745840,+3.32, +2.897, +7.201,+0.987
1586745900,+3.32, +2.897, +7.191,+0.987
1586745960,+3.32, +2.939, +7.179,+0.987
1586746020,+3.32, +2.950, +7.169,+0.987
1586746080,+3.32, +2.907, +7.176,+0.987
1586746140,+3.32, +2.907, +7.174,+0.986
1586746200,+3.32, +2.918, +7.173,+0.987
1586746260,+3.32, +2.907, +7.178,+0.987
1586746320,+3.32, +2.939, +7.160,+0.987
1586746380,+3.32, +2.928, +7.159,+0.987
1586746440,+3.32, +2.907, +7.166,+0.986
1586746500,+3.32, +2.918, +7.160,+0.987
1586746560,+3.32, +2.918, +7.162,+0.987
1586746620,+3.32, +2.928, +7.161,+0.987
1586746680,+3.32, +2.897, +7.155,+0.986
1586746740,+3.32, +2.928, +7.148,+0.987
1586746800,+3.32, +2.939, +7.053,+0.987
1586746860,+3.32, +2.960, +7.034,+0.987
1586746920,+3.32, +2.918, +7.032,+0.986
1586746980,+3.32, +2.918, +7.041,+0.987
1586747040,+3.32, +2.918, +7.032,+0.986
1586747100,+3.32, +2.907, +7.040,+0.987
1586747160,+3.32, +2.939, +7.027,+0.987
1586747220,+3.32, +2.918, +7.030,+0.987
1586747280,+3.32, +2.950, +7.030,+0.987
1586747340,+3.32, +2.918, +7.031,+0.987
1586747400,+3.32, +2.928, +7.035,+0.987
1586747460,+3.32, +2.897, +7.030,+0.986
1586747520,+3.32, +2.897, +7.038,+0.987
1586747580,+3.32, +2.907, +7.024,+0.987
1586747640,+3.32, +2.928, +7.018,+0.986
1586747700,+3.32, +2.939, +7.019,+0.987
1586747760,+3.32, +2.918, +7.028,+0.987
1586747820,+3.32, +2.918, +7.024,+0.987
1586747880,+3.32, +2.886, +7.031,+0.987
1586747940,+3.32, +2.907, +7.028,+0.987
1586748000,+3.32, +2.907, +7.033,+0.987
1586748060,+3.32, +2.907, +7.017,+0.987
1586748120,+3.32, +2.875, +7.030,+0.987
1586748180,+3.32, +2.918, +7.015,+0.987
1586748240,+3.32, +2.907, +7.013,+0.986
1586748300,+3.32, +2.918, +7.019,+0.987
1586748360,+3.32, +2.918, +7.007,+0.986
1586748420,+3.32, +2.918, +7.012,+0.987
1586748480,+3.32, +2.907, +7.004,+0.987
1586748540,+3.32, +2.939, +6.984,+0.987
1586748600,+3.32, +2.907, +6.999,+0.987
1586748660,+3.32, +2.928, +6.991,+0.987
1586748720,+3.32, +2.907, +6.984,+0.987
1586748780,+3.32, +2.918, +6.975,+0.987
1586748840,+3.32, +2.918, +6.966,+0.987
1586748900,+3.32, +2.918, +6.968,+0.987
1586748960,+3.32, +2.897, +6.970,+0.987
1586749020,+3.32, +2.907, +6.957,+0.987
1586749080,+3.32, +2.897, +6.953,+0.987
1586749140,+3.32, +2.897, +6.947,+0.987
1586749200,+3.32, +2.907, +6.934,+0.986
1586749260,+3.32, +2.918, +6.932,+0.987
1586749320,+3.32, +2.897, +6.936,+0.987
1586749380,+3.32, +2.918, +6.919,+0.987
1586749440,+3.32, +2.897, +6.928,+0.987
1586749500,+3.32, +2.918, +6.919,+0.987
1586749560,+3.32, +2.928, +6.905,+0.987
1586749620,+3.32, +2.907, +6.906,+0.987
1586749680,+3.32, +2.918, +6.895,+0.986
1586749740,+3.32, +2.907, +6.902,+0.987
1586749800,+3.32, +2.897, +6.904,+0.987
1586749860,+3.32, +2.897, +6.899,+0.987
1586749920,+3.32, +2.918, +6.885,+0.987
1586749980,+3.32, +2.907, +6.890,+0.987
1586750040,+3.32, +2.907, +6.882,+0.987
1586750100,+3.32, +2.897, +6.882,+0.987
1586750160,+3.32, +2.886, +6.873,+0.987
1586750220,+3.32, +2.886, +6.867,+0.987
1586750280,+3.32, +2.907, +6.864,+0.987
1586750340,+3.32, +2.907, +6.852,+0.987
1586750400,+3.32, +2.918, +6.851,+0.987
1586750460,+3.32, +2.886, +6.855,+0.987
1586750520,+3.32, +2.918, +6.844,+0.987
1586750580,+3.32, +2.907, +6.836,+0.987
1586750640,+3.32, +2.907, +6.833,+0.987
1586750700,+3.32, +2.907, +6.834,+0.987
1586750760,+3.32, +2.918, +6.828,+0.987
1586750820,+3.32, +2.950, +6.800,+0.986
1586750880,+3.32, +2.897, +6.832,+0.987
1586750940,+3.32, +2.907, +6.818,+0.986
1586751000,+3.32, +2.886, +6.826,+0.987
1586751060,+3.32, +2.875, +6.835,+0.987
1586751120,+3.32, +2.907, +6.817,+0.987
1586751180,+3.32, +2.897, +6.818,+0.987
1586751240,+3.32, +2.886, +6.821,+0.987
1586751300,+3.32, +2.918, +6.812,+0.987
1586751360,+3.32, +2.907, +6.803,+0.986
1586751420,+3.32, +2.928, +6.798,+0.987
1586751480,+3.32, +2.907, +6.814,+0.988
1586751540,+3.32, +2.886, +6.804,+0.987
1586751600,+3.32, +2.897, +6.809,+0.987
1586751660,+3.32, +2.907, +6.793,+0.987
1586751720,+3.32, +2.897, +6.799,+0.987
1586751780,+3.32, +2.918, +6.783,+0.986
1586751840,+3.32, +2.875, +6.805,+0.987
1586751900,+3.32, +2.907, +6.799,+0.987
1586751960,+3.32, +2.918, +6.785,+0.987
1586752020,+3.32, +2.875, +6.795,+0.987
1586752080,+3.32, +2.897, +6.786,+0.987
1586752140,+3.32, +2.907, +6.797,+0.987
1586752200,+3.32, +2.897, +6.791,+0.987
1586752260,+3.32, +2.918, +6.772,+0.986
1586752320,+3.32, +2.907, +6.782,+0.987
1586752380,+3.32, +2.897, +6.780,+0.987
1586752440,+3.32, +2.928, +6.777,+0.987
1586752500,+3.32, +2.918, +6.784,+0.988
1586752560,+3.32, +2.907, +6.780,+0.987
1586752620,+3.32, +2.897, +6.780,+0.987
1586752680,+3.32, +2.886, +6.778,+0.987
1586752740,+3.32, +2.907, +6.779,+0.987
1586752800,+3.32, +2.897, +6.778,+0.987
1586752860,+3.32, +2.907, +6.772,+0.987
1586752920,+3.32, +2.907, +6.774,+0.987
1586752980,+3.32, +2.928, +6.768,+0.987
1586753040,+3.32, +2.907, +6.775,+0.987
1586753100,+3.32, +2.897, +6.776,+0.987
1586753160,+3.32, +2.907, +6.774,+0.987
1586753220,+3.32, +2.907, +6.778,+0.988
1586753280,+3.32, +2.886, +6.777,+0.987
1586753340,+3.32, +2.897, +6.771,+0.987
1586753400,+3.32, +2.897, +6.762,+0.986
1586753460,+3.32, +2.886, +6.767,+0.987
1586753520,+3.32, +2.907, +6.753,+0.987
1586753580,+3.32, +2.918, +6.751,+0.987
1586753640,+3.32, +2.886, +6.757,+0.987
1586753700,+3.32, +2.907, +6.751,+0.987
1586753760,+3.32, +2.865, +6.761,+0.987
1586753820,+3.32, +2.897, +6.747,+0.987
1586753880,+3.32, +2.897, +6.756,+0.987
1586753940,+3.32, +2.886, +6.754,+0.987
1586754000,+3.32, +2.907, +6.744,+0.987
1586754060,+3.32, +2.897, +6.744,+0.987
1586754120,+3.32, +2.897, +6.748,+0.987
1586754180,+3.32, +2.875, +6.752,+0.987
1586754240,+3.32, +2.897, +6.740,+0.987
1586754300,+3.32, +2.907, +6.739,+0.987
1586754360,+3.32, +2.918, +6.735,+0.987
1586754420,+3.32, +2.886, +6.740,+0.987
1586754480,+3.32, +2.886, +6.743,+0.987
1586754540,+3.32, +2.907, +6.742,+0.987
1586754600,+3.32, +2.897, +6.735,+0.987
1586754660,+3.32, +2.875, +6.744,+0.987
1586754720,+3.32, +2.886, +6.746,+0.987
1586754780,+3.32, +2.897, +6.742,+0.987
1586754840,+3.32, +2.939, +6.727,+0.987
1586754900,+3.32, +2.886, +6.752,+0.987
1586754960,+3.32, +2.907, +6.754,+0.987
1586755020,+3.32, +2.907, +6.746,+0.987
1586755080,+3.32, +2.907, +6.752,+0.987
1586755140,+3.32, +2.875, +6.768,+0.987
1586755200,+3.32, +2.886, +6.755,+0.987
1586755260,+3.32, +2.897, +6.753,+0.987
1586755320,+3.32, +2.897, +6.754,+0.987
1586755380,+3.32, +2.897, +6.755,+0.987
1586755440,+3.32, +2.928, +6.749,+0.987
1586755500,+3.32, +2.886, +6.756,+0.987
1586755560,+3.32, +2.918, +6.746,+0.987
1586755620,+3.32, +2.928, +6.745,+0.987
1586755680,+3.32, +2.897, +6.752,+0.987
1586755740,+3.32, +2.907, +6.747,+0.987
1586755800,+3.32, +2.886, +6.765,+0.988
1586755860,+3.32, +2.886, +6.756,+0.987
1586755920,+3.32, +2.928, +6.735,+0.986
1586755980,+3.32, +2.886, +6.750,+0.987
1586756040,+3.32, +2.886, +6.751,+0.987
1586756100,+3.32, +2.897, +6.739,+0.987
1586756160,+3.32, +2.886, +6.751,+0.988
1586756220,+3.32, +2.875, +6.747,+0.987
1586756280,+3.32, +2.865, +6.747,+0.987
1586756340,+3.32, +2.886, +6.728,+0.987
1586756400,+3.32, +2.928, +6.711,+0.987
1586756460,+3.32, +2.928, +6.705,+0.987
1586756520,+3.32, +2.897, +6.722,+0.987
1586756580,+3.32, +2.886, +6.714,+0.987
1586756640,+3.32, +2.897, +6.707,+0.987
1586756700,+3.32, +2.897, +6.706,+0.987
1586756760,+3.32, +2.886, +6.703,+0.987
1586756820,+3.32, +2.918, +6.696,+0.987
1586756880,+3.32, +2.907, +6.682,+0.986
1586756940,+3.32, +2.897, +6.693,+0.987
1586757000,+3.32, +2.897, +6.687,+0.987
1586757060,+3.32, +2.897, +6.684,+0.987
1586757120,+3.32, +2.886, +6.681,+0.987
1586757180,+3.32, +2.918, +6.665,+0.987
1586757240,+3.32, +2.897, +6.679,+0.987
1586757300,+3.32, +2.897, +6.672,+0.987
1586757360,+3.32, +2.886, +6.678,+0.987
1586757420,+3.32, +2.897, +6.672,+0.987
1586757480,+3.32, +2.875, +6.664,+0.986
1586757540,+3.32, +2.897, +6.659,+0.987
1586757600,+3.32, +2.875, +6.657,+0.986
1586757660,+3.32, +2.907, +6.649,+0.987
1586757720,+3.32, +2.875, +6.643,+0.986
1586757780,+3.32, +2.897, +6.640,+0.987
1586757840,+3.32, +2.875, +6.646,+0.987
1586757900,+3.32, +2.886, +6.624,+0.986
1586757960,+3.32, +2.897, +6.635,+0.987
1586758020,+3.32, +2.875, +6.630,+0.987
1586758080,+3.32, +2.886, +6.631,+0.987
1586758140,+3.32, +2.897, +6.618,+0.987
1586758200,+3.32, +2.918, +6.619,+0.987
1586758260,+3.32, +2.897, +6.623,+0.987
1586758320,+3.32, +2.897, +6.619,+0.987
1586758380,+3.32, +2.907, +6.626,+0.987
1586758440,+3.32, +2.897, +6.623,+0.987
1586758500,+3.32, +2.897, +6.619,+0.987
1586758560,+3.32, +2.897, +6.616,+0.987
1586758620,+3.32, +2.897, +6.622,+0.987
1586758680,+3.32, +2.907, +6.616,+0.987
1586758740,+3.32, +2.897, +6.613,+0.987
1586758800,+3.32, +2.886, +6.611,+0.987
1586758860,+3.32, +2.886, +6.623,+0.987
1586758920,+3.32, +2.865, +6.616,+0.987
1586758980,+3.32, +2.897, +6.597,+0.986
1586759040,+3.32, +2.907, +6.600,+0.987
1586759100,+3.32, +2.854, +6.609,+0.987
1586759160,+3.32, +2.907, +6.609,+0.987
1586759220,+3.32, +2.886, +6.612,+0.987
1586759280,+3.32, +2.897, +6.596,+0.987
1586759340,+3.32, +2.875, +6.610,+0.987
1586759400,+3.32, +2.886, +6.593,+0.986
1586759460,+3.32, +2.918, +6.590,+0.987
1586759520,+3.32, +2.875, +6.603,+0.987
1586759580,+3.32, +2.886, +6.602,+0.987
1586759640,+3.32, +2.897, +6.600,+0.987
1586759700,+3.32, +2.886, +6.600,+0.987
1586759760,+3.32, +2.875, +6.607,+0.987
1586759820,+3.32, +2.886, +6.592,+0.987
1586759880,+3.32, +2.854, +6.614,+0.987
1586759940,+3.32, +2.886, +6.594,+0.987
1586760000,+3.32, +2.865, +6.598,+0.987
1586760060,+3.32, +2.875, +6.589,+0.986
1586760120,+3.32, +2.875, +6.604,+0.987
1586760180,+3.32, +2.897, +6.587,+0.987
1586760240,+3.32, +2.886, +6.594,+0.987
1586760300,+3.32, +2.886, +6.602,+0.987
1586760360,+3.32, +2.897, +6.598,+0.987
1586760420,+3.32, +2.897, +6.599,+0.987
1586760480,+3.32, +2.886, +6.597,+0.986
1586760540,+3.32, +2.897, +6.600,+0.987
1586760600,+3.32, +2.886, +6.593,+0.987
1586760660,+3.32, +2.897, +6.605,+0.988
1586760720,+3.32, +2.886, +6.596,+0.987
1586760780,+3.32, +2.865, +6.610,+0.987
1586760840,+3.32, +2.886, +6.588,+0.987
1586760900,+3.32, +2.897, +6.591,+0.987
1586760960,+3.32, +2.907, +6.585,+0.987
1586761020,+3.32, +2.875, +6.588,+0.987
1586761080,+3.32, +2.875, +6.592,+0.987
1586761140,+3.32, +2.875, +6.585,+0.987
1586761200,+3.32, +2.886, +6.580,+0.987
1586761260,+3.32, +2.865, +6.577,+0.986
1586761320,+3.32, +2.886, +6.578,+0.987
1586761380,+3.32, +2.897, +6.571,+0.987
1586761440,+3.32, +2.886, +6.575,+0.987
1586761500,+3.32, +2.865, +6.582,+0.987
1586761560,+3.32, +2.886, +6.579,+0.988
1586761620,+3.32, +2.865, +6.574,+0.987
1586761680,+3.32, +2.897, +6.569,+0.987
1586761740,+3.32, +2.897, +6.568,+0.987
1586761800,+3.32, +2.897, +6.563,+0.987
1586761860,+3.32, +2.875, +6.574,+0.987
1586761920,+3.32, +2.875, +6.565,+0.987
1586761980,+3.32, +2.886, +6.562,+0.987
1586762040,+3.32, +2.865, +6.558,+0.987
1586762100,+3.32, +2.886, +6.555,+0.987
1586762160,+3.32, +2.886, +6.555,+0.987
1586762220,+3.32, +2.886, +6.552,+0.987
1586762280,+3.32, +2.854, +6.561,+0.987
1586762340,+3.32, +2.897, +6.539,+0.987
1586762400,+3.32, +2.886, +6.545,+0.987
1586762460,+3.32, +2.886, +6.548,+0.987
1586762520,+3.32, +2.865, +6.553,+0.987
1586762580,+3.32, +2.897, +6.543,+0.987
1586762640,+3.32, +2.886, +6.532,+0.986
1586762700,+3.32, +2.897, +6.542,+0.987
1586762760,+3.32, +2.875, +6.537,+0.987
1586762820,+3.32, +2.886, +6.538,+0.987
1586762880,+3.32, +2.886, +6.527,+0.986
1586762940,+3.32, +2.843, +6.547,+0.987
1586763000,+3.32, +2.865, +6.548,+0.987
1586763060,+3.32, +2.865, +6.540,+0.987
1586763120,+3.32, +2.865, +6.541,+0.987
1586763180,+3.32, +2.886, +6.529,+0.987
1586763240,+3.32, +2.843, +6.537,+0.987
1586763300,+3.32, +2.865, +6.540,+0.987
1586763360,+3.32, +2.875, +6.533,+0.987
1586763420,+3.32, +2.907, +6.512,+0.987
1586763480,+3.32, +2.875, +6.517,+0.986
1586763540,+3.32, +2.865, +6.532,+0.987
1586763600,+3.32, +2.875, +6.523,+0.987
1586763660,+3.32, +2.886, +6.511,+0.987
1586763720,+3.32, +2.897, +6.509,+0.987
1586763780,+3.32, +2.886, +6.515,+0.987
1586763840,+3.32, +2.875, +6.516,+0.987
1586763900,+3.32, +2.875, +6.507,+0.987
1586763960,+3.32, +2.886, +6.508,+0.987
1586764020,+3.32, +2.928, +6.481,+0.986
1586764080,+3.32, +2.886, +6.495,+0.987
1586764140,+3.32, +2.897, +6.483,+0.986
1586764200,+3.32, +2.886, +6.484,+0.987
1586764260,+3.32, +2.875, +6.489,+0.987
1586764320,+3.32, +2.854, +6.486,+0.987
1586764380,+3.32, +2.875, +6.484,+0.987
1586764440,+3.32, +2.897, +6.472,+0.987
1586764500,+3.32, +2.865, +6.480,+0.987
1586764560,+3.32, +2.854, +6.486,+0.987
1586764620,+3.32, +2.886, +6.470,+0.987
1586764680,+3.32, +2.865, +6.477,+0.987
1586764740,+3.32, +2.886, +6.481,+0.987
1586764800,+3.32, +2.865, +6.472,+0.986
1586764860,+3.32, +2.865, +6.477,+0.987
1586764920,+3.32, +2.865, +6.477,+0.987
1586764980,+3.32, +2.865, +6.485,+0.987
1586765040,+3.32, +2.886, +6.472,+0.987
1586765100,+3.32, +2.865, +6.478,+0.987
1586765160,+3.32, +2.907, +6.450,+0.986
1586765220,+3.32, +2.865, +6.472,+0.987
1586765280,+3.32, +2.886, +6.469,+0.987
1586765340,+3.32, +2.886, +6.468,+0.987
1586765400,+3.32, +2.865, +6.470,+0.987
1586765460,+3.32, +2.886, +6.457,+0.987
1586765520,+3.32, +2.886, +6.460,+0.987
1586765580,+3.32, +2.886, +6.459,+0.987
1586765640,+3.32, +2.833, +6.469,+0.987
1586765700,+3.32, +2.886, +6.451,+0.987
1586765760,+3.32, +2.865, +6.445,+0.987
1586765820,+3.32, +2.854, +6.440,+0.986
1586765880,+3.32, +2.875, +6.435,+0.987
1586765940,+3.32, +2.865, +6.437,+0.987
1586766000,+3.32, +2.897, +6.430,+0.987
1586766060,+3.32, +2.865, +6.435,+0.987
1586766120,+3.32, +2.865, +6.431,+0.987
1586766180,+3.32, +2.854, +6.428,+0.987
1586766240,+3.32, +2.865, +6.423,+0.986
1586766300,+3.32, +2.854, +6.427,+0.987
1586766360,+3.32, +2.875, +6.424,+0.987
1586766420,+3.32, +2.865, +6.432,+0.987
1586766480,+3.32, +2.865, +6.421,+0.987
1586766540,+3.32, +2.875, +6.416,+0.986
1586766600,+3.32, +2.865, +6.423,+0.987
1586766660,+3.32, +2.875, +6.425,+0.987
1586766720,+3.32, +2.875, +6.416,+0.987
1586766780,+3.32, +2.886, +6.421,+0.987
1586766840,+3.32, +2.854, +6.429,+0.987
1586766900,+3.32, +2.822, +6.431,+0.987
1586766960,+3.32, +2.875, +6.412,+0.987
1586767020,+3.32, +2.865, +6.417,+0.987
1586767080,+3.32, +2.865, +6.422,+0.987
1586767140,+3.32, +2.843, +6.420,+0.987
1586767200,+3.32, +2.897, +6.406,+0.987
1586767260,+3.32, +2.865, +6.402,+0.986
1586767320,+3.32, +2.854, +6.407,+0.987
1586767380,+3.32, +2.854, +6.410,+0.987
1586767440,+3.32, +2.897, +6.397,+0.987
1586767500,+3.32, +2.875, +6.399,+0.987
1586767560,+3.32, +2.865, +6.397,+0.986
1586767620,+3.32, +2.865, +6.409,+0.988
1586767680,+3.32, +2.854, +6.408,+0.987
1586767740,+3.32, +2.875, +6.394,+0.987
1586767800,+3.32, +2.875, +6.401,+0.987
1586767860,+3.32, +2.854, +6.394,+0.986
1586767920,+3.32, +2.865, +6.395,+0.986
1586767980,+3.32, +2.843, +6.403,+0.987
1586768040,+3.32, +2.865, +6.388,+0.986
1586768100,+3.32, +2.875, +6.390,+0.987
1586768160,+3.32, +2.843, +6.400,+0.987
1586768220,+3.32, +2.875, +6.381,+0.987
1586768280,+3.32, +2.854, +6.393,+0.987
1586768340,+3.32, +2.854, +6.393,+0.986
1586768400,+3.32, +2.865, +6.397,+0.987
1586768460,+3.32, +2.854, +6.406,+0.987
1586768520,+3.32, +2.886, +6.407,+0.987
1586768580,+3.32, +2.875, +6.419,+0.987
1586768640,+3.32, +2.897, +6.418,+0.987
1586768700,+3.32, +2.865, +6.429,+0.987
1586768760,+3.32, +2.875, +6.428,+0.987
1586768820,+3.32, +2.822, +6.431,+0.986
1586768880,+3.32, +2.822, +6.446,+0.987
1586768940,+3.32, +2.854, +6.431,+0.987
1586769000,+3.32, +2.865, +6.447,+0.987
1586769060,+3.32, +2.897, +6.438,+0.987
1586769120,+3.32, +2.843, +6.456,+0.987
1586769180,+3.32, +2.865, +6.452,+0.987
1586769240,+3.32, +2.865, +6.451,+0.987
1586769300,+3.32, +2.875, +6.448,+0.987
1586769360,+3.32, +2.833, +6.462,+0.987
1586769420,+3.32, +2.875, +6.448,+0.987
1586769480,+3.32, +2.875, +6.439,+0.987
1586769540,+3.32, +2.854, +6.455,+0.987
1586769600,+3.32, +2.875, +6.449,+0.987
1586769660,+3.32, +2.843, +6.462,+0.987
1586769720,+3.32, +2.886, +6.437,+0.987
1586769780,+3.32, +2.843, +6.457,+0.987
1586769840,+3.32, +2.865, +6.450,+0.987
1586769900,+3.32, +2.843, +6.448,+0.987
1586769960,+3.32, +2.843, +6.455,+0.987
1586770020,+3.32, +2.875, +6.440,+0.987
1586770080,+3.32, +2.854, +6.449,+0.987
1586770140,+3.32, +2.865, +6.449,+0.987
1586770200,+3.32, +2.854, +6.450,+0.987
1586770260,+3.32, +2.865, +6.454,+0.987
1586770320,+3.32, +2.854, +6.451,+0.987
1586770380,+3.32, +2.854, +6.450,+0.987
1586770440,+3.32, +2.865, +6.446,+0.987
1586770500,+3.32, +2.822, +6.454,+0.987
1586770560,+3.32, +2.822, +6.454,+0.987
1586770620,+3.32, +2.822, +6.448,+0.986
1586770680,+3.32, +2.865, +6.446,+0.987
1586770740,+3.32, +2.875, +6.447,+0.987
1586770800,+3.32, +2.865, +6.440,+0.987
1586770860,+3.32, +2.875, +6.441,+0.987
1586770920,+3.32, +2.886, +6.438,+0.987
1586770980,+3.32, +2.865, +6.454,+0.987
1586771040,+3.32, +2.875, +6.441,+0.987
1586771100,+3.32, +2.854, +6.447,+0.987
1586771160,+3.32, +2.865, +6.436,+0.987
1586771220,+3.32, +2.843, +6.456,+0.987
1586771280,+3.32, +2.854, +6.441,+0.987
1586771340,+3.32, +2.886, +6.447,+0.988
1586771400,+3.32, +2.865, +6.445,+0.987
1586771460,+3.32, +2.854, +6.436,+0.987
1586771520,+3.32, +2.865, +6.437,+0.987
1586771580,+3.32, +2.865, +6.446,+0.987
1586771640,+3.32, +2.865, +6.430,+0.986
1586771700,+3.32, +2.865, +6.435,+0.987
1586771760,+3.32, +2.865, +6.429,+0.987
1586771820,+3.32, +2.865, +6.425,+0.987
1586771880,+3.32, +2.854, +6.434,+0.987
1586771940,+3.32, +2.854, +6.435,+0.987
1586772000,+3.32, +2.865, +6.435,+0.987
1586772060,+3.32, +2.865, +6.429,+0.987
1586772120,+3.32, +2.865, +6.434,+0.987
1586772180,+3.32, +2.865, +6.436,+0.987
1586772240,+3.32, +2.843, +6.433,+0.987
1586772300,+3.32, +2.843, +6.433,+0.986
1586772360,+3.32, +2.854, +6.433,+0.986
1586772420,+3.32, +2.854, +6.430,+0.986
1586772480,+3.32, +2.897, +6.424,+0.987
1586772540,+3.32, +2.875, +6.426,+0.987
1586772600,+3.32, +2.865, +6.436,+0.987
1586772660,+3.32, +2.854, +6.434,+0.987
1586772720,+3.32, +2.875, +6.428,+0.987
1586772780,+3.32, +2.833, +6.442,+0.987
1586772840,+3.32, +2.875, +6.435,+0.987
1586772900,+3.32, +2.843, +6.432,+0.987
1586772960,+3.32, +2.875, +6.429,+0.987
1586773020,+3.32, +2.843, +6.430,+0.987
1586773080,+3.32, +2.897, +6.409,+0.987
1586773140,+3.32, +2.854, +6.425,+0.987
1586773200,+3.32, +2.865, +6.418,+0.987
1586773260,+3.32, +2.886, +6.414,+0.987
1586773320,+3.32, +2.875, +6.411,+0.987
1586773380,+3.32, +2.843, +6.416,+0.987
1586773440,+3.32, +2.854, +6.412,+0.987
1586773500,+3.32, +2.854, +6.411,+0.986
1586773560,+3.32, +2.865, +6.405,+0.987
1586773620,+3.32, +2.843, +6.414,+0.987
1586773680,+3.32, +2.843, +6.410,+0.987
1586773740,+3.32, +2.843, +6.407,+0.987
1586773800,+3.32, +2.875, +6.402,+0.987
1586773860,+3.32, +2.875, +6.394,+0.987
1586773920,+3.32, +2.833, +6.407,+0.987
1586773980,+3.32, +2.854, +6.401,+0.987
1586774040,+3.32, +2.865, +6.394,+0.987
1586774100,+3.32, +2.843, +6.406,+0.987
1586774160,+3.32, +2.843, +6.404,+0.987
1586774220,+3.32, +2.865, +6.395,+0.986
1586774280,+3.32, +2.854, +6.406,+0.987
1586774340,+3.32, +2.875, +6.401,+0.987
1586774400,+3.32, +2.843, +6.411,+0.987
1586774460,+3.32, +2.854, +6.405,+0.987
1586774520,+3.32, +2.854, +6.410,+0.987
1586774580,+3.32, +2.886, +6.408,+0.987
1586774640,+3.32, +2.865, +6.420,+0.987
1586774700,+3.32, +2.886, +6.408,+0.987
1586774760,+3.32, +2.875, +6.404,+0.987
1586774820,+3.32, +2.886, +6.402,+0.987
1586774880,+3.32, +2.865, +6.407,+0.987
1586774940,+3.32, +2.865, +6.414,+0.987
1586775000,+3.32, +2.875, +6.412,+0.987
1586775060,+3.32, +2.843, +6.417,+0.987
1586775120,+3.32, +2.865, +6.397,+0.987
1586775180,+3.32, +2.875, +6.401,+0.987
1586775240,+3.32, +2.886, +6.389,+0.987
1586775300,+3.32, +2.875, +6.390,+0.987
1586775360,+3.32, +2.865, +6.401,+0.987
1586775420,+3.32, +2.854, +6.396,+0.986
1586775480,+3.32, +2.854, +6.400,+0.987
1586775540,+3.32, +2.875, +6.382,+0.986
1586775600,+3.32, +2.854, +6.404,+0.987
1586775660,+3.32, +2.833, +6.404,+0.987
1586775720,+3.32, +2.843, +6.399,+0.986
1586775780,+3.32, +2.875, +6.390,+0.987
1586775840,+3.32, +2.854, +6.405,+0.987
1586775900,+3.32, +2.843, +6.397,+0.987
1586775960,+3.32, +2.865, +6.395,+0.987
1586776020,+3.32, +2.875, +6.389,+0.987
1586776080,+3.32, +2.833, +6.405,+0.987
1586776140,+3.32, +2.865, +6.395,+0.987
1586776200,+3.32, +2.854, +6.398,+0.987
1586776260,+3.32, +2.865, +6.408,+0.987
1586776320,+3.32, +2.865, +6.404,+0.987
1586776380,+3.32, +2.854, +6.407,+0.987
1586776440,+3.32, +2.865, +6.411,+0.987
1586776500,+3.32, +2.875, +6.408,+0.987
1586776560,+3.32, +2.865, +6.412,+0.987
1586776620,+3.32, +2.854, +6.406,+0.987
1586776680,+3.32, +2.865, +6.409,+0.987
1586776740,+3.32, +2.865, +6.412,+0.987
1586776800,+3.32, +2.865, +6.404,+0.987
1586776860,+3.32, +2.843, +6.423,+0.987
1586776920,+3.32, +2.865, +6.412,+0.987
1586776980,+3.32, +2.833, +6.427,+0.987
1586777040,+3.32, +2.854, +6.411,+0.987
1586777100,+3.32, +2.875, +6.409,+0.987
1586777160,+3.32, +2.865, +6.409,+0.987
1586777220,+3.32, +2.875, +6.405,+0.986
1586777280,+3.32, +2.886, +6.407,+0.987
1586777340,+3.32, +2.854, +6.413,+0.987
1586777400,+3.32, +2.875, +6.411,+0.987
1586777460,+3.32, +2.833, +6.427,+0.987
1586777520,+3.32, +2.865, +6.410,+0.987
1586777580,+3.32, +2.833, +6.426,+0.987
1586777640,+3.32, +2.918, +6.390,+0.987
1586777700,+3.32, +2.865, +6.417,+0.987
1586777760,+3.32, +2.854, +6.416,+0.986
1586777820,+3.32, +2.854, +6.426,+0.987
1586777880,+3.32, +2.843, +6.431,+0.987
1586777940,+3.32, +2.822, +6.444,+0.987
1586778000,+3.32, +2.875, +6.424,+0.986
1586778060,+3.32, +2.886, +6.430,+0.987
1586778120,+3.32, +2.875, +6.433,+0.987
1586778180,+3.32, +2.854, +6.444,+0.987
1586778240,+3.32, +2.875, +6.430,+0.987
1586778300,+3.32, +2.833, +6.442,+0.987
1586778360,+3.32, +2.875, +6.436,+0.987
1586778420,+3.32, +2.875, +6.438,+0.987
1586778480,+3.32, +2.875, +6.429,+0.987
1586778540,+3.32, +2.865, +6.433,+0.987
1586778600,+3.32, +2.854, +6.440,+0.987
1586778660,+3.32, +2.865, +6.425,+0.987
1586778720,+3.32, +2.854, +6.436,+0.987
1586778780,+3.32, +2.865, +6.424,+0.987
1586778840,+3.32, +2.875, +6.418,+0.986
1586778900,+3.32, +2.865, +6.428,+0.987
1586778960,+3.32, +2.854, +6.426,+0.987
1586779020,+3.32, +2.886, +6.422,+0.987
1586779080,+3.32, +2.875, +6.422,+0.987
1586779140,+3.32, +2.886, +6.425,+0.987
1586779200,+3.32, +2.886, +6.418,+0.987
1586779260,+3.32, +2.865, +6.420,+0.987
1586779320,+3.32, +2.875, +6.421,+0.987
1586779380,+3.32, +2.886, +6.420,+0.987
1586779440,+3.32, +2.875, +6.422,+0.987
1586779500,+3.32, +2.865, +6.425,+0.987
1586779560,+3.32, +2.886, +6.404,+0.987
1586779620,+3.32, +2.897, +6.404,+0.987
1586779680,+3.32, +2.865, +6.415,+0.986
1586779740,+3.32, +2.897, +6.418,+0.987
1586779800,+3.32, +2.875, +6.424,+0.987
1586779860,+3.32, +2.886, +6.425,+0.987
1586779920,+3.32, +2.897, +6.432,+0.987
1586779980,+3.32, +2.875, +6.437,+0.987
1586780040,+3.32, +2.875, +6.441,+0.987
1586780100,+3.32, +2.875, +6.448,+0.987
1586780160,+3.32, +2.897, +6.441,+0.987
1586780220,+3.32, +2.886, +6.450,+0.987
1586780280,+3.32, +2.865, +6.452,+0.986
1586780340,+3.32, +2.843, +6.450,+0.986
1586780400,+3.32, +2.886, +6.445,+0.986
1586780460,+3.32, +2.918, +6.445,+0.987
1586780520,+3.32, +2.886, +6.454,+0.987
1586780580,+3.32, +2.875, +6.450,+0.987
1586780640,+3.32, +2.886, +6.445,+0.986
1586780700,+3.32, +2.865, +6.465,+0.987
1586780760,+3.32, +2.865, +6.462,+0.987
1586780820,+3.32, +2.886, +6.455,+0.987
1586780880,+3.32, +2.886, +6.457,+0.987
1586780940,+3.32, +2.875, +6.470,+0.987
1586781000,+3.32, +2.875, +6.474,+0.987
1586781060,+3.32, +2.875, +6.469,+0.987
1586781120,+3.32, +2.886, +6.471,+0.987
1586781180,+3.32, +2.907, +6.474,+0.987
1586781240,+3.32, +2.897, +6.474,+0.987
1586781300,+3.32, +2.886, +6.481,+0.987
1586781360,+3.32, +2.865, +6.490,+0.987
1586781420,+3.32, +2.886, +6.484,+0.987
1586781480,+3.32, +2.886, +6.488,+0.987
1586781540,+3.32, +2.875, +6.487,+0.987
1586781600,+3.32, +2.886, +6.489,+0.987
1586781660,+3.32, +2.886, +6.486,+0.986
1586781720,+3.32, +2.875, +6.498,+0.987
1586781780,+3.32, +2.875, +6.495,+0.987
1586781840,+3.32, +2.886, +6.498,+0.987
1586781900,+3.32, +2.875, +6.495,+0.987
1586781960,+3.32, +2.897, +6.488,+0.987
1586782020,+3.32, +2.886, +6.489,+0.987
1586782080,+3.32, +2.897, +6.481,+0.986
1586782140,+3.32, +2.865, +6.500,+0.987
1586782200,+3.32, +2.865, +6.491,+0.986
1586782260,+3.32, +2.907, +6.488,+0.987
1586782320,+3.32, +2.854, +6.512,+0.987
1586782380,+3.32, +2.854, +6.497,+0.986
1586782440,+3.32, +2.907, +6.481,+0.986
1586782500,+3.32, +2.886, +6.494,+0.987
1586782560,+3.32, +2.897, +6.494,+0.987
1586782620,+3.32, +2.897, +6.488,+0.987
1586782680,+3.32, +2.897, +6.485,+0.987
1586782740,+3.32, +2.875, +6.496,+0.987
1586782800,+3.32, +2.875, +6.494,+0.987
1586782860,+3.32, +2.897, +6.484,+0.987
1586782920,+3.32, +2.865, +6.494,+0.987
1586782980,+3.32, +2.897, +6.484,+0.987
1586783040,+3.32, +2.886, +6.492,+0.987
1586783100,+3.32, +2.886, +6.492,+0.987
1586783160,+3.32, +2.886, +6.494,+0.987
1586783220,+3.32, +2.897, +6.486,+0.987
1586783280,+3.32, +2.897, +6.487,+0.987
1586783340,+3.32, +2.897, +6.492,+0.987
1586783400,+3.32, +2.897, +6.479,+0.987
1586783460,+3.32, +2.875, +6.486,+0.987
1586783520,+3.32, +2.886, +6.489,+0.987
1586783580,+3.32, +2.886, +6.493,+0.987
1586783640,+3.32, +2.897, +6.478,+0.987
1586783700,+3.32, +2.886, +6.483,+0.987
1586783760,+3.32, +2.854, +6.483,+0.986
1586783820,+3.32, +2.907, +6.485,+0.988
1586783880,+3.32, +2.907, +6.474,+0.987
1586783940,+3.32, +2.886, +6.480,+0.987
1586784000,+3.32, +2.875, +6.485,+0.987
1586784060,+3.32, +2.886, +6.484,+0.987
1586784120,+3.32, +2.928, +6.478,+0.988
1586784180,+3.32, +2.897, +6.478,+0.987
1586784240,+3.32, +2.897, +6.482,+0.987
1586784300,+3.32, +2.918, +6.472,+0.987
1586784360,+3.32, +2.886, +6.488,+0.987
1586784420,+3.32, +2.897, +6.482,+0.987
1586784480,+3.32, +2.907, +6.480,+0.987
1586784540,+3.32, +2.886, +6.496,+0.988
1586784600,+3.32, +2.886, +6.492,+0.987
1586784660,+3.32, +2.886, +6.484,+0.987
1586784720,+3.32, +2.928, +6.484,+0.987
1586784780,+3.32, +2.875, +6.495,+0.987
1586784840,+3.32, +2.886, +6.499,+0.987
1586784900,+3.32, +2.875, +6.499,+0.987
1586784960,+3.32, +2.865, +6.513,+0.987
1586785020,+3.32, +2.907, +6.488,+0.987
1586785080,+3.32, +2.928, +6.489,+0.987
1586785140,+3.32, +2.854, +6.526,+0.987
1586785200,+3.32, +2.886, +6.518,+0.987
1586785260,+3.32, +2.918, +6.510,+0.987
1586785320,+3.32, +2.886, +6.527,+0.987
1586785380,+3.32, +2.886, +6.524,+0.987
1586785440,+3.32, +2.854, +6.534,+0.987
1586785500,+3.32, +2.886, +6.532,+0.987
1586785560,+3.32, +2.897, +6.527,+0.987
1586785620,+3.32, +2.897, +6.522,+0.987
1586785680,+3.32, +2.897, +6.521,+0.987
1586785740,+3.32, +2.907, +6.519,+0.987
1586785800,+3.32, +2.939, +6.517,+0.988
1586785860,+3.32, +2.854, +6.532,+0.986
1586785920,+3.32, +2.886, +6.534,+0.987
1586785980,+3.32, +2.907, +6.521,+0.987
1586786040,+3.32, +2.897, +6.525,+0.987
1586786100,+3.32, +2.886, +6.529,+0.987
1586786160,+3.32, +2.907, +6.529,+0.987
1586786220,+3.32, +2.897, +6.529,+0.987
1586786280,+3.32, +2.875, +6.545,+0.988
1586786340,+3.32, +2.886, +6.533,+0.987
1586786400,+3.32, +2.897, +6.526,+0.987
1586786460,+3.32, +2.897, +6.532,+0.987
1586786520,+3.32, +2.886, +6.538,+0.987
1586786580,+3.32, +2.907, +6.532,+0.987
1586786640,+3.32, +2.875, +6.530,+0.986
1586786700,+3.32, +2.886, +6.536,+0.987
1586786760,+3.32, +2.886, +6.532,+0.987
1586786820,+3.32, +2.897, +6.531,+0.987
1586786880,+3.32, +2.907, +6.537,+0.987
1586786940,+3.32, +2.875, +6.547,+0.987
1586787000,+3.32, +2.897, +6.522,+0.986
1586787060,+3.32, +2.897, +6.531,+0.987
1586787120,+3.32, +2.886, +6.543,+0.987
1586787180,+3.32, +2.897, +6.531,+0.987
1586787240,+3.32, +2.886, +6.538,+0.987
1586787300,+3.32, +2.875, +6.539,+0.987
1586787360,+3.32, +2.875, +6.537,+0.987
1586787420,+3.32, +2.907, +6.533,+0.987
1586787480,+3.32, +2.897, +6.535,+0.987
1586787540,+3.32, +2.907, +6.521,+0.987
1586787600,+3.32, +2.886, +6.532,+0.987
1586787660,+3.32, +2.907, +6.524,+0.987
1586787720,+3.32, +2.875, +6.532,+0.987
1586787780,+3.32, +2.918, +6.512,+0.987
1586787840,+3.32, +2.875, +6.524,+0.986
1586787900,+3.32, +2.897, +6.520,+0.987
1586787960,+3.32, +2.939, +6.514,+0.987
1586788020,+3.32, +2.897, +6.516,+0.987
1586788080,+3.32, +2.907, +6.518,+0.987
1586788140,+3.32, +2.918, +6.512,+0.987
1586788200,+3.32, +2.897, +6.523,+0.987
1586788260,+3.32, +2.918, +6.513,+0.987
1586788320,+3.32, +2.897, +6.516,+0.987
1586788380,+3.32, +2.918, +6.511,+0.987
1586788440,+3.32, +2.918, +6.511,+0.987
1586788500,+3.32, +2.918, +6.510,+0.987
1586788560,+3.32, +2.886, +6.518,+0.987
1586788620,+3.32, +2.907, +6.503,+0.987
1586788680,+3.32, +2.897, +6.521,+0.987
1586788740,+3.32, +2.897, +6.510,+0.987
1586788800,+3.32, +2.907, +6.508,+0.987
1586788860,+3.32, +2.907, +6.519,+0.987
1586788920,+3.32, +2.907, +6.507,+0.987
1586788980,+3.32, +2.939, +6.496,+0.987
1586789040,+3.32, +2.918, +6.498,+0.987
1586789100,+3.32, +2.779, +6.542,+0.987
1586789160,+3.32, +2.897, +6.497,+0.987
1586789220,+3.32, +2.907, +6.512,+0.987
1586789280,+3.32, +2.928, +6.503,+0.987
1586789340,+3.32, +2.886, +6.511,+0.987
1586789400,+3.32, +2.886, +6.514,+0.987
1586789460,+3.32, +2.886, +6.506,+0.987
1586789520,+3.32, +2.875, +6.520,+0.987
1586789580,+3.32, +2.865, +6.514,+0.986
1586789640,+3.32, +2.897, +6.513,+0.987
1586789700,+3.32, +2.886, +6.504,+0.986
1586789760,+3.32, +2.897, +6.508,+0.987
1586789820,+3.32, +2.907, +6.509,+0.987
1586789880,+3.32, +2.928, +6.500,+0.987
1586789940,+3.32, +2.897, +6.510,+0.987
1586790000,+3.32, +2.897, +6.467,+0.987
1586790060,+3.32, +2.897, +6.473,+0.987
1586790120,+3.32, +2.897, +6.471,+0.986
1586790180,+3.32, +2.886, +6.482,+0.987
1586790240,+3.32, +2.907, +6.476,+0.987
1586790300,+3.32, +2.875, +6.494,+0.987
1586790360,+3.32, +2.865, +6.499,+0.987
1586790420,+3.32, +2.833, +6.503,+0.987
1586790480,+3.32, +2.886, +6.492,+0.987
1586790540,+3.32, +2.897, +6.487,+0.986
1586790600,+3.32, +2.897, +6.497,+0.987
1586790660,+3.32, +2.928, +6.491,+0.987
1586790720,+3.32, +2.897, +6.498,+0.987
1586790780,+3.32, +2.865, +6.503,+0.986
1586790840,+3.32, +2.907, +6.501,+0.987
1586790900,+3.32, +2.865, +6.516,+0.987
1586790960,+3.32, +2.897, +6.504,+0.987
1586791020,+3.32, +2.886, +6.513,+0.987
1586791080,+3.32, +2.886, +6.518,+0.987
1586791140,+3.32, +2.907, +6.509,+0.987
1586791200,+3.32, +2.886, +6.513,+0.987
1586791260,+3.32, +2.875, +6.525,+0.987
1586791320,+3.32, +2.865, +6.523,+0.987
1586791380,+3.32, +2.907, +6.509,+0.987
1586791440,+3.32, +2.907, +6.506,+0.987
1586791500,+3.32, +2.907, +6.503,+0.987
1586791560,+3.32, +2.875, +6.512,+0.986
1586791620,+3.32, +2.897, +6.516,+0.987
1586791680,+3.32, +2.897, +6.510,+0.987
1586791740,+3.32, +2.918, +6.492,+0.986
1586791800,+3.32, +2.918, +6.512,+0.987
1586791860,+3.32, +2.875, +6.516,+0.987
1586791920,+3.32, +2.918, +6.505,+0.988
1586791980,+3.32, +2.907, +6.507,+0.987
1586792040,+3.32, +2.875, +6.513,+0.987
1586792100,+3.32, +2.907, +6.501,+0.987
1586792160,+3.32, +2.886, +6.504,+0.987
1586792220,+3.32, +2.907, +6.496,+0.987
1586792280,+3.32, +2.886, +6.501,+0.987
1586792340,+3.32, +2.886, +6.495,+0.987
1586792400,+3.32, +2.886, +6.492,+0.987
1586792460,+3.32, +2.928, +6.481,+0.987
1586792520,+3.32, +2.886, +6.490,+0.987
1586792580,+3.32, +2.907, +6.479,+0.987
1586792640,+3.32, +2.886, +6.499,+0.987
1586792700,+3.32, +2.897, +6.487,+0.987
1586792760,+3.32, +2.897, +6.484,+0.987
1586792820,+3.32, +2.886, +6.489,+0.987
1586792880,+3.32, +2.907, +6.492,+0.987
1586792940,+3.32, +2.907, +6.489,+0.987
1586793000,+3.32, +2.897, +6.481,+0.987
1586793060,+3.32, +2.875, +6.491,+0.987
1586793120,+3.32, +2.875, +6.496,+0.987
1586793180,+3.32, +2.907, +6.476,+0.986
1586793240,+3.32, +2.886, +6.497,+0.987
1586793300,+3.32, +2.907, +6.487,+0.987
1586793360,+3.32, +2.897, +6.492,+0.987
1586793420,+3.32, +2.907, +6.482,+0.987
1586793480,+3.32, +2.928, +6.475,+0.987
1586793540,+3.32, +2.907, +6.489,+0.987
1586793600,+3.32, +2.897, +6.490,+0.987
1586793660,+3.32, +2.886, +6.485,+0.987
1586793720,+3.32, +2.918, +6.487,+0.987
1586793780,+3.32, +2.875, +6.496,+0.987
1586793840,+3.32, +2.897, +6.483,+0.986
1586793900,+3.32, +2.907, +6.496,+0.987
1586793960,+3.32, +2.907, +6.485,+0.986
1586794020,+3.32, +2.886, +6.494,+0.987
1586794080,+3.32, +2.886, +6.492,+0.987
1586794140,+3.32, +2.875, +6.491,+0.987
1586794200,+3.32, +2.907, +6.488,+0.987
1586794260,+3.32, +2.897, +6.484,+0.987
1586794320,+3.32, +2.897, +6.484,+0.987
1586794380,+3.32, +2.897, +6.487,+0.987
1586794440,+3.32, +2.907, +6.484,+0.987
1586794500,+3.32, +2.886, +6.487,+0.987
1586794560,+3.32, +2.875, +6.487,+0.986
1586794620,+3.32, +2.897, +6.488,+0.987
1586794680,+3.32, +2.886, +6.487,+0.987
1586794740,+3.32, +2.907, +6.482,+0.987
1586794800,+3.32, +2.918, +6.476,+0.987
1586794860,+3.32, +2.897, +6.483,+0.987
1586794920,+3.32, +2.897, +6.484,+0.987
1586794980,+3.32, +2.897, +6.486,+0.987
1586795040,+3.32, +2.897, +6.482,+0.987
1586795100,+3.32, +2.886, +6.473,+0.986
1586795160,+3.32, +2.897, +6.473,+0.986
1586795220,+3.32, +2.886, +6.481,+0.987
1586795280,+3.32, +2.865, +6.496,+0.987
1586795340,+3.32, +2.875, +6.481,+0.987
1586795400,+3.32, +2.907, +6.471,+0.987
1586795460,+3.32, +2.907, +6.470,+0.987
1586795520,+3.32, +2.907, +6.474,+0.987
1586795580,+3.32, +2.897, +6.474,+0.987
1586795640,+3.32, +2.897, +6.472,+0.987
1586795700,+3.32, +2.897, +6.482,+0.988
1586795760,+3.32, +2.886, +6.475,+0.987
1586795820,+3.32, +2.875, +6.477,+0.987
1586795880,+3.32, +2.939, +6.449,+0.987
1586795940,+3.32, +2.897, +6.461,+0.987
1586796000,+3.32, +2.886, +6.463,+0.987
1586796060,+3.32, +2.897, +6.454,+0.987
1586796120,+3.32, +2.897, +6.461,+0.987
1586796180,+3.32, +2.918, +6.458,+0.987
1586796240,+3.32, +2.918, +6.453,+0.987
1586796300,+3.32, +2.897, +6.468,+0.987
1586796360,+3.32, +2.886, +6.466,+0.987
1586796420,+3.32, +2.918, +6.450,+0.986
1586796480,+3.32, +2.897, +6.469,+0.987
1586796540,+3.32, +2.897, +6.465,+0.987
1586796600,+3.32, +2.897, +6.473,+0.987
1586796660,+3.32, +2.928, +6.462,+0.987
1586796720,+3.32, +2.897, +6.465,+0.987
1586796780,+3.32, +2.907, +6.472,+0.987
1586796840,+3.32, +2.918, +6.466,+0.987
1586796900,+3.32, +2.897, +6.463,+0.987
1586796960,+3.32, +2.897, +6.466,+0.987
1586797020,+3.32, +2.897, +6.463,+0.987
1586797080,+3.32, +2.897, +6.458,+0.987
1586797140,+3.32, +2.907, +6.458,+0.987
1586797200,+3.32, +2.907, +6.453,+0.987
1586797260,+3.32, +2.875, +6.463,+0.987
1586797320,+3.32, +2.897, +6.456,+0.987
1586797380,+3.32, +2.918, +6.451,+0.987
1586797440,+3.32, +2.886, +6.464,+0.987
1586797500,+3.32, +2.897, +6.456,+0.987
1586797560,+3.32, +2.897, +6.458,+0.987
1586797620,+3.32, +2.907, +6.463,+0.987
1586797680,+3.32, +2.897, +6.457,+0.987
1586797740,+3.32, +2.886, +6.464,+0.987
1586797800,+3.32, +2.918, +6.454,+0.987
1586797860,+3.32, +2.875, +6.463,+0.987
1586797920,+3.32, +2.907, +6.464,+0.987
1586797980,+3.32, +2.907, +6.460,+0.987
1586798040,+3.32, +2.897, +6.450,+0.987
1586798100,+3.32, +2.875, +6.461,+0.986
1586798160,+3.32, +2.897, +6.458,+0.987
1586798220,+3.32, +2.918, +6.450,+0.987
1586798280,+3.32, +2.886, +6.462,+0.987
1586798340,+3.32, +2.886, +6.464,+0.987
1586798400,+3.32, +2.897, +6.449,+0.987
1586798460,+3.32, +2.907, +6.451,+0.987
1586798520,+3.32, +2.875, +6.454,+0.987
1586798580,+3.32, +2.886, +6.448,+0.986
1586798640,+3.32, +2.897, +6.449,+0.987
1586798700,+3.32, +2.907, +6.442,+0.987
1586798760,+3.32, +2.897, +6.447,+0.987
1586798820,+3.32, +2.918, +6.444,+0.987
1586798880,+3.32, +2.918, +6.444,+0.987
1586798940,+3.32, +2.907, +6.443,+0.987
1586799000,+3.32, +2.907, +6.448,+0.987
1586799060,+3.32, +2.907, +6.439,+0.987
1586799120,+3.32, +2.875, +6.458,+0.987
1586799180,+3.32, +2.886, +6.456,+0.987
1586799240,+3.32, +2.897, +6.451,+0.987
1586799300,+3.32, +2.897, +6.450,+0.987
1586799360,+3.32, +2.886, +6.457,+0.987
1586799420,+3.32, +2.897, +6.451,+0.987
1586799480,+3.32, +2.918, +6.441,+0.987
1586799540,+3.32, +2.907, +6.445,+0.987
1586799600,+3.32, +2.897, +6.449,+0.987
1586799660,+3.32, +2.907, +6.450,+0.987
1586799720,+3.32, +2.897, +6.453,+0.987
1586799780,+3.32, +2.918, +6.440,+0.987
1586799840,+3.32, +2.907, +6.446,+0.987
1586799900,+3.32, +2.907, +6.441,+0.987
1586799960,+3.32, +2.907, +6.442,+0.987
1586800020,+3.32, +2.907, +6.451,+0.987
1586800080,+3.32, +2.918, +6.435,+0.987
1586800140,+3.32, +2.907, +6.437,+0.987
1586800200,+3.32, +2.875, +6.453,+0.987
1586800260,+3.32, +2.907, +6.435,+0.987
1586800320,+3.32, +2.886, +6.445,+0.987
1586800380,+3.32, +2.886, +6.436,+0.987
1586800440,+3.32, +2.886, +6.431,+0.986
1586800500,+3.32, +2.907, +6.438,+0.987
1586800560,+3.32, +2.886, +6.428,+0.987
1586800620,+3.32, +2.897, +6.438,+0.988
1586800680,+3.32, +2.897, +6.423,+0.987
1586800740,+3.32, +2.897, +6.415,+0.987
1586800800,+3.32, +2.897, +6.428,+0.987
1586800860,+3.32, +2.897, +6.426,+0.987
1586800920,+3.32, +2.897, +6.420,+0.987
1586800980,+3.32, +2.907, +6.414,+0.987
1586801040,+3.32, +2.907, +6.415,+0.987
1586801100,+3.32, +2.907, +6.397,+0.986
1586801160,+3.32, +2.907, +6.407,+0.987
1586801220,+3.32, +2.897, +6.414,+0.987
1586801280,+3.32, +2.907, +6.406,+0.987
1586801340,+3.32, +2.886, +6.406,+0.987
1586801400,+3.32, +2.907, +6.403,+0.987
1586801460,+3.32, +2.907, +6.408,+0.987
1586801520,+3.32, +2.886, +6.405,+0.987
1586801580,+3.32, +2.897, +6.404,+0.987
1586801640,+3.32, +2.886, +6.407,+0.987
1586801700,+3.32, +2.907, +6.405,+0.987
1586801760,+3.32, +2.865, +6.418,+0.987
1586801820,+3.32, +2.907, +6.398,+0.987
1586801880,+3.32, +2.918, +6.394,+0.987
1586801940,+3.32, +2.886, +6.410,+0.987
1586802000,+3.32, +2.897, +6.391,+0.987
1586802060,+3.32, +2.875, +6.406,+0.987
1586802120,+3.32, +2.907, +6.387,+0.987
1586802180,+3.32, +2.918, +6.391,+0.987
1586802240,+3.32, +2.918, +6.383,+0.987
1586802300,+3.32, +2.907, +6.388,+0.987
1586802360,+3.32, +2.907, +6.392,+0.987
1586802420,+3.32, +2.875, +6.389,+0.986
1586802480,+3.32, +2.897, +6.391,+0.987
1586802540,+3.32, +2.875, +6.404,+0.987
1586802600,+3.32, +2.897, +6.390,+0.987
1586802660,+3.32, +2.907, +6.390,+0.987
1586802720,+3.32, +2.907, +6.396,+0.988
1586802780,+3.32, +2.907, +6.388,+0.987
1586802840,+3.32, +2.886, +6.385,+0.987
1586802900,+3.32, +2.886, +6.393,+0.987
1586802960,+3.32, +2.886, +6.396,+0.987
1586803020,+3.32, +2.918, +6.386,+0.987
1586803080,+3.32, +2.897, +6.387,+0.986
1586803140,+3.32, +2.918, +6.381,+0.986
1586803200,+3.32, +2.928, +6.389,+0.987
1586803260,+3.32, +2.865, +6.402,+0.986
1586803320,+3.32, +2.907, +6.406,+0.987
1586803380,+3.32, +2.907, +6.404,+0.987
1586803440,+3.32, +2.907, +6.400,+0.987
1586803500,+3.32, +2.897, +6.403,+0.987
1586803560,+3.32, +2.875, +6.426,+0.987
1586803620,+3.32, +2.897, +6.419,+0.987
1586803680,+3.32, +2.907, +6.412,+0.987
1586803740,+3.32, +2.918, +6.412,+0.987
1586803800,+3.32, +2.918, +6.407,+0.987
1586803860,+3.32, +2.918, +6.404,+0.987
1586803920,+3.32, +2.907, +6.416,+0.987
1586803980,+3.32, +2.886, +6.418,+0.987
1586804040,+3.32, +2.939, +6.398,+0.987
1586804100,+3.32, +2.928, +6.410,+0.987
1586804160,+3.32, +2.907, +6.421,+0.987
1586804220,+3.32, +2.907, +6.414,+0.987
1586804280,+3.32, +2.897, +6.421,+0.987
1586804340,+3.32, +2.875, +6.422,+0.987
1586804400,+3.32, +2.918, +6.415,+0.987
1586804460,+3.32, +2.918, +6.411,+0.987
1586804520,+3.32, +2.897, +6.423,+0.987
1586804580,+3.32, +2.907, +6.424,+0.987
1586804640,+3.32, +2.897, +6.430,+0.987
1586804700,+3.32, +2.928, +6.415,+0.987
1586804760,+3.32, +2.907, +6.423,+0.987
1586804820,+3.32, +2.907, +6.424,+0.987
1586804880,+3.32, +2.897, +6.415,+0.987
1586804940,+3.32, +2.918, +6.403,+0.986
1586805000,+3.32, +2.897, +6.424,+0.987
1586805060,+3.32, +2.886, +6.428,+0.987
1586805120,+3.32, +2.897, +6.421,+0.987
1586805180,+3.32, +2.939, +6.412,+0.987
1586805240,+3.32, +2.928, +6.420,+0.987
1586805300,+3.32, +2.907, +6.433,+0.987
1586805360,+3.32, +2.897, +6.425,+0.986
1586805420,+3.32, +2.950, +6.419,+0.987
1586805480,+3.32, +2.918, +6.428,+0.987
1586805540,+3.32, +2.886, +6.436,+0.987
1586805600,+3.32, +2.918, +6.437,+0.987
1586805660,+3.32, +2.897, +6.442,+0.987
1586805720,+3.32, +2.928, +6.429,+0.987
1586805780,+3.32, +2.918, +6.436,+0.987
1586805840,+3.32, +2.886, +6.451,+0.987
1586805900,+3.32, +2.907, +6.432,+0.986
1586805960,+3.32, +2.907, +6.439,+0.987
1586806020,+3.32, +2.907, +6.429,+0.986
1586806080,+3.32, +2.918, +6.440,+0.987
1586806140,+3.32, +2.907, +6.434,+0.987
1586806200,+3.32, +2.886, +6.448,+0.987
1586806260,+3.32, +2.918, +6.431,+0.987
1586806320,+3.32, +2.907, +6.437,+0.987
1586806380,+3.32, +2.907, +6.450,+0.987
1586806440,+3.32, +2.907, +6.450,+0.987
1586806500,+3.32, +2.907, +6.447,+0.987
1586806560,+3.32, +2.918, +6.443,+0.987
1586806620,+3.32, +2.897, +6.454,+0.987
1586806680,+3.32, +2.907, +6.451,+0.987
1586806740,+3.32, +2.907, +6.459,+0.987
1586806800,+3.32, +2.907, +6.453,+0.987
1586806860,+3.32, +2.875, +6.465,+0.987
1586806920,+3.32, +2.897, +6.470,+0.987
1586806980,+3.32, +2.854, +6.481,+0.987
1586807040,+3.32, +2.897, +6.464,+0.987
1586807100,+3.32, +2.950, +6.463,+0.988
1586807160,+3.32, +2.928, +6.463,+0.987
1586807220,+3.32, +2.897, +6.470,+0.987
1586807280,+3.32, +2.918, +6.468,+0.987
1586807340,+3.32, +2.918, +6.456,+0.987
1586807400,+3.32, +2.907, +6.461,+0.987
1586807460,+3.32, +2.897, +6.462,+0.987
1586807520,+3.32, +2.918, +6.467,+0.987
1586807580,+3.32, +2.918, +6.464,+0.987
1586807640,+3.32, +2.907, +6.465,+0.987
1586807700,+3.32, +2.886, +6.475,+0.987
1586807760,+3.32, +2.918, +6.466,+0.987
1586807820,+3.32, +2.907, +6.469,+0.987
1586807880,+3.32, +2.918, +6.456,+0.987
1586807940,+3.32, +2.907, +6.461,+0.987
1586808000,+3.32, +2.897, +6.467,+0.987
1586808060,+3.32, +2.918, +6.460,+0.987
1586808120,+3.32, +2.907, +6.462,+0.987
1586808180,+3.32, +2.918, +6.469,+0.987
1586808240,+3.32, +2.918, +6.467,+0.987
1586808300,+3.32, +2.886, +6.474,+0.987
1586808360,+3.32, +2.897, +6.472,+0.987
1586808420,+3.32, +2.918, +6.470,+0.987
1586808480,+3.32, +2.918, +6.462,+0.986
1586808540,+3.32, +2.886, +6.483,+0.987
1586808600,+3.32, +2.907, +6.486,+0.987
1586808660,+3.32, +2.907, +6.476,+0.987
1586808720,+3.32, +2.865, +6.490,+0.987
1586808780,+3.32, +2.907, +6.478,+0.987
1586808840,+3.32, +2.907, +6.476,+0.987
1586808900,+3.32, +2.918, +6.489,+0.988
1586808960,+3.32, +2.897, +6.493,+0.987
1586809020,+3.32, +2.886, +6.498,+0.987
1586809080,+3.32, +2.886, +6.492,+0.986
1586809140,+3.32, +2.918, +6.492,+0.987
1586809200,+3.32, +2.907, +6.490,+0.987
1586809260,+3.32, +2.907, +6.491,+0.987
1586809320,+3.32, +2.918, +6.497,+0.987
1586809380,+3.32, +2.918, +6.485,+0.987
1586809440,+3.32, +2.918, +6.491,+0.987
1586809500,+3.32, +2.918, +6.488,+0.987
1586809560,+3.32, +2.907, +6.494,+0.987
1586809620,+3.32, +2.907, +6.493,+0.987
1586809680,+3.32, +2.907, +6.496,+0.987
1586809740,+3.32, +2.897, +6.495,+0.987
1586809800,+3.32, +2.897, +6.490,+0.987
1586809860,+3.32, +2.918, +6.492,+0.987
1586809920,+3.32, +2.897, +6.498,+0.987
1586809980,+3.32, +2.865, +6.512,+0.987
1586810040,+3.32, +2.897, +6.494,+0.987
1586810100,+3.32, +2.918, +6.500,+0.987
1586810160,+3.32, +2.886, +6.498,+0.986
1586810220,+3.32, +2.897, +6.506,+0.987
1586810280,+3.32, +2.918, +6.494,+0.987
1586810340,+3.32, +2.907, +6.506,+0.987
1586810400,+3.32, +2.886, +6.503,+0.987
1586810460,+3.32, +2.897, +6.506,+0.987
1586810520,+3.32, +2.907, +6.504,+0.987
1586810580,+3.32, +2.907, +6.506,+0.987
1586810640,+3.32, +2.875, +6.512,+0.987
1586810700,+3.32, +2.907, +6.501,+0.987
1586810760,+3.32, +2.907, +6.504,+0.987
1586810820,+3.32, +2.918, +6.502,+0.987
1586810880,+3.32, +2.907, +6.501,+0.987
1586810940,+3.32, +2.907, +6.498,+0.987
1586811000,+3.32, +2.918, +6.499,+0.987
