7377-267594
OS REV: 1.04 Sensor Cal: 1572899216
Time (sec),  Bat (Volts),  T (deg C), Sensor ( ppb), Gain ()
1574025360, +3.05,  +3.811, +6.995220E+01,  10
1574025960, +3.04,  +3.801, +7.020314E+01,  10
1574026560, +3.04,  +3.801, +6.985759E+01,  10
1574027160, +3.04,  +3.821, +6.984771E+01,  10
1574027760, +3.04,  +3.811, +7.002968E+01,  10
1574028360, +3.04,  +3.842, +6.958682E+01,  10
1574028960, +3.04,  +3.873, +6.992166E+01,  10
1574029560, +3.04,  +3.801, +6.951233E+01,  10
1574030160, +3.05,  +3.780, +6.968886E+01,  10
1574030760, +3.04,  +3.832, +6.885697E+01,  10
1574031360, +3.04,  +3.811, +6.843976E+01,  10
1574031960, +3.04,  +3.842, +6.944818E+01,  10
1574032560, +3.04,  +3.811, +6.880790E+01,  10
1574033160, +3.04,  +3.821, +6.987573E+01,  10
1574033760, +3.04,  +3.853, +6.989946E+01,  10
1574034360, +3.05,  +3.801, +6.961599E+01,  10
1574034960, +3.04,  +3.821, +6.961430E+01,  10
1574035560, +3.04,  +3.811, +6.881525E+01,  10
1574036160, +3.04,  +3.842, +6.873824E+01,  10
1574036760, +3.04,  +3.832, +6.892548E+01,  10
1574037360, +3.04,  +3.821, +6.912965E+01,  10
1574037960, +3.07,  +3.801, +6.913784E+01,  10
1574038560, +3.04,  +3.832, +6.925841E+01,  10
1574039160, +3.04,  +3.780, +6.927158E+01,  10
1574039760, +3.04,  +3.863, +6.949748E+01,  10
1574040360, +3.04,  +3.832, +6.878011E+01,  10
1574040960, +3.04,  +3.811, +6.899216E+01,  10
1574041560, +3.04,  +3.832, +6.844971E+01,  10
1574042160, +3.04,  +3.811, +6.928727E+01,  10
1574042760, +3.04,  +3.853, +6.848776E+01,  10
1574043360, +3.04,  +3.790, +6.905685E+01,  10
1574043960, +3.04,  +3.832, +6.914710E+01,  10
1574044560, +3.04,  +3.811, +6.931927E+01,  10
1574045160, +3.04,  +3.832, +6.953109E+01,  10
1574045760, +3.04,  +3.832, +6.935234E+01,  10
1574046360, +3.04,  +3.790, +6.900739E+01,  10
1574046960, +3.04,  +3.842, +6.923162E+01,  10
1574047560, +3.04,  +3.832, +6.911832E+01,  10
1574048160, +3.04,  +3.801, +6.933496E+01,  10
1574048760, +3.03,  +3.821, +6.934614E+01,  10
1574049360, +3.04,  +3.853, +6.941940E+01,  10
1574049960, +3.03,  +3.842, +6.934736E+01,  10
1574050560, +3.04,  +3.801, +6.923047E+01,  10
1574051160, +3.04,  +3.842, +6.968427E+01,  10
1574051760, +3.04,  +3.759, +6.970593E+01,  10
1574052360, +3.03,  +3.801, +6.892946E+01,  10
1574052960, +3.03,  +3.821, +6.817358E+01,  10
1574053560, +3.04,  +3.853, +6.936665E+01,  10
1574054160, +3.03,  +3.801, +6.926905E+01,  10
1574054760, +3.04,  +3.801, +6.955474E+01,  10
1574055360, +3.03,  +3.821, +6.913822E+01,  10
1574055960, +3.06,  +3.821, +6.923912E+01,  10
1574056560, +3.03,  +3.811, +6.838005E+01,  10
1574057160, +3.04,  +3.811, +6.884105E+01,  10
1574057760, +3.03,  +3.780, +6.944680E+01,  10
1574058360, +3.04,  +3.863, +6.929860E+01,  10
1574058960, +3.03,  +3.821, +6.934231E+01,  10
1574059560, +3.03,  +3.821, +6.953652E+01,  10
1574060160, +3.03,  +3.801, +6.907262E+01,  10
1574060760, +3.03,  +3.801, +6.894738E+01,  10
1574061360, +3.03,  +3.842, +6.865510E+01,  10
1574061960, +3.03,  +3.821, +6.888376E+01,  10
1574062560, +3.03,  +3.863, +6.893023E+01,  10
1574063160, +3.03,  +3.811, +6.917734E+01,  10
1574063760, +3.03,  +3.801, +6.875041E+01,  10
1574064360, +3.03,  +3.842, +6.948271E+01,  10
1574064960, +3.03,  +3.790, +6.873839E+01,  10
1574065560, +3.03,  +3.821, +6.961706E+01,  10
1574066160, +3.03,  +3.780, +6.904536E+01,  10
1574066760, +3.03,  +3.832, +6.955827E+01,  10
1574067360, +3.03,  +3.811, +6.967126E+01,  10
1574067960, +3.03,  +3.790, +6.962058E+01,  10
1574068560, +3.03,  +3.780, +6.915652E+01,  10
1574069160, +3.03,  +3.821, +6.931881E+01,  10
1574069760, +3.03,  +3.780, +6.976878E+01,  10
1574070360, +3.03,  +3.842, +6.898114E+01,  10
1574070960, +3.03,  +3.832, +6.972132E+01,  10
1574071560, +3.03,  +3.790, +6.940478E+01,  10
1574072160, +3.03,  +3.821, +6.937232E+01,  10
1574072760, +3.03,  +3.811, +6.899407E+01,  10
1574073360, +3.03,  +3.842, +6.952611E+01,  10
1574073960, +3.03,  +3.790, +6.930120E+01,  10
1574074560, +3.05,  +3.790, +6.869146E+01,  10
1574075160, +3.03,  +3.811, +6.781379E+01,  10
1574075760, +3.02,  +3.811, +6.846043E+01,  10
1574076360, +3.03,  +3.790, +6.885268E+01,  10
1574076960, +3.03,  +3.842, +6.888682E+01,  10
1574077560, +3.03,  +3.842, +6.897080E+01,  10
1574078160, +3.03,  +3.832, +6.885590E+01,  10
1574078760, +3.03,  +3.821, +6.855451E+01,  10
1574079360, +3.03,  +3.801, +6.917244E+01,  10
1574079960, +3.03,  +3.801, +6.924279E+01,  10
1574080560, +3.03,  +3.780, +6.846579E+01,  10
1574081160, +3.03,  +3.821, +6.893666E+01,  10
1574081760, +3.02,  +3.811, +6.919472E+01,  10
1574082360, +3.03,  +3.801, +6.917359E+01,  10
1574082960, +3.03,  +3.842, +6.941542E+01,  10
1574083560, +3.03,  +3.811, +6.950965E+01,  10
1574084160, +3.03,  +3.832, +6.964224E+01,  10
1574084760, +3.03,  +3.832, +6.986769E+01,  10
1574085360, +3.03,  +3.842, +6.997900E+01,  10
1574085960, +3.03,  +3.780, +6.976863E+01,  10
1574086560, +3.03,  +3.790, +6.957434E+01,  10
1574087160, +3.03,  +3.832, +6.982076E+01,  10
1574087760, +3.03,  +3.853, +6.957748E+01,  10
1574088360, +3.02,  +3.821, +6.942231E+01,  10
1574088960, +3.03,  +3.811, +6.965633E+01,  10
1574089560, +3.03,  +3.780, +6.949358E+01,  10
1574090160, +3.03,  +3.821, +6.983362E+01,  10
1574090760, +3.03,  +3.842, +6.990290E+01,  10
1574091360, +3.02,  +3.790, +6.966529E+01,  10
1574091960, +3.02,  +3.853, +6.995037E+01,  10
1574092560, +3.03,  +3.853, +6.988867E+01,  10
1574093160, +3.02,  +3.811, +6.955497E+01,  10
1574093760, +3.02,  +3.821, +6.978968E+01,  10
1574094360, +3.03,  +3.894, +6.972117E+01,  10
1574094960, +3.02,  +3.811, +6.960978E+01,  10
1574095560, +3.02,  +3.863, +6.984250E+01,  10
1574096160, +3.02,  +3.790, +6.987856E+01,  10
1574096760, +3.02,  +3.853, +7.017191E+01,  10
1574097360, +3.02,  +3.832, +6.981380E+01,  10
1574097960, +3.03,  +3.842, +6.912444E+01,  10
1574098560, +3.02,  +3.811, +7.001482E+01,  10
1574099160, +3.02,  +3.832, +6.978042E+01,  10
1574099760, +3.02,  +3.832, +6.925856E+01,  10
1574100360, +3.02,  +3.832, +6.982804E+01,  10
1574100960, +3.02,  +3.832, +6.979849E+01,  10
1574101560, +3.02,  +3.832, +6.883806E+01,  10
1574102160, +3.02,  +3.884, +6.974329E+01,  10
1574102760, +3.02,  +3.832, +6.985537E+01,  10
1574103360, +3.02,  +3.832, +6.995419E+01,  10
1574103960, +3.02,  +3.842, +6.987527E+01,  10
1574104560, +3.02,  +3.842, +6.995588E+01,  10
1574105160, +3.02,  +3.832, +6.948493E+01,  10
1574105760, +3.02,  +3.863, +6.895496E+01,  10
1574106360, +3.02,  +3.842, +6.919640E+01,  10
1574106960, +3.02,  +3.811, +6.982061E+01,  10
1574107560, +3.02,  +3.790, +6.969637E+01,  10
1574108160, +3.02,  +3.842, +6.961805E+01,  10
1574108760, +3.02,  +3.811, +6.974038E+01,  10
1574109360, +3.04,  +3.801, +6.966605E+01,  10
1574109960, +3.02,  +3.853, +7.005356E+01,  10
1574110560, +3.02,  +3.790, +6.986899E+01,  10
1574111160, +3.02,  +3.821, +6.997601E+01,  10
1574111760, +3.02,  +3.832, +6.972829E+01,  10
