7377-267594
OS REV: 1.04 Sensor Cal: 1572899216
Time (sec),  Bat (Volts),  T (deg C), Sensor ( ppb), Gain ()
1588226340, +2.69,  +4.688, +3.365575E+02,   1
1588226940, +2.69,  +4.688, +1.802706E+01,  10
1588227540, +2.72,  +4.708, +3.354881E+02,   1
1588228140, +2.69,  +4.729, +1.184981E+01,  10
1588228740, +2.72,  +4.698, +2.985457E+01,  10
1588229340, +2.72,  +4.718, +2.202754E+01,  10
1588229940, +2.72,  +4.800, +2.074452E+01,  10
1588230540, +2.72,  +4.820, +2.251793E+01,  10
1588231140, +2.72,  +4.739, +3.161857E+01,  10
1588231740, +2.72,  +4.769, +2.529939E+01,  10
1588232340, +2.71,  +4.790, +1.875515E+01,  10
1588232940, +2.72,  +4.729, +3.259315E+01,  10
1588233540, +2.72,  +4.678, +3.231121E+01,  10
1588234140, +2.71,  +4.830, +2.985702E+01,  10
1588234740, +2.71,  +4.830, +2.985801E+01,  10
1588235340, +2.71,  +4.891, +3.759586E+01,  10
1588235940, +2.71,  +4.810, +3.403586E+01,  10
1588236540, +2.71,  +4.820, +3.778180E+01,  10
1588237140, +2.71,  +4.800, +4.969191E+01,  10
1588237740, +2.71,  +4.810, +4.592913E+01,  10
1588238340, +2.71,  +4.830, +3.579856E+01,  10
1588238940, +2.72,  +4.800, +4.254704E+01,  10
1588239540, +2.71,  +4.739, +3.331581E+01,  10
1588240140, +2.71,  +4.749, +3.852957E+01,  10
1588240740, +2.71,  +4.729, +4.515901E+01,  10
1588241340, +2.71,  +4.739, +3.888829E+01,  10
1588241940, +2.71,  +4.841, +3.623460E+01,  10
1588242540, +2.71,  +4.830, +3.089109E+01,  10
1588243140, +2.71,  +4.790, +4.638944E+01,  10
1588243740, +2.71,  +4.759, +3.246018E+01,  10
1588244340, +2.71,  +4.688, +3.648623E+01,  10
1588244940, +2.71,  +4.688, +4.273804E+01,  10
1588245540, +2.71,  +4.657, +3.819427E+01,  10
1588246140, +2.65,  +4.688, +3.194123E+01,  10
1588246740, +2.71,  +4.769, +1.697669E+01,  10
1588247340, +2.66,  +4.759, +3.329665E+02,   1
1588247940, +2.69,  +4.739, +3.230950E+02,   1
1588248540, +2.69,  +4.708, +2.646414E+01,  10
1588249140, +2.72,  +4.708, +2.853863E+01,  10
1588249740, +2.72,  +4.729, +3.628298E+01,  10
1588250340, +2.72,  +4.780, +4.593824E+01,  10
1588250940, +2.71,  +4.780, +3.496238E+01,  10
1588251540, +2.71,  +4.718, +3.420887E+01,  10
1588252140, +2.71,  +4.627, +4.105350E+01,  10
1588252740, +2.71,  +4.575, +4.012737E+01,  10
1588253340, +2.72,  +4.718, +3.910126E+01,  10
1588253940, +2.72,  +4.851, +4.204555E+01,  10
1588254540, +2.71,  +4.820, +3.616762E+01,  10
1588255140, +2.71,  +4.647, +3.599430E+01,  10
1588255740, +2.71,  +4.575, +3.319394E+01,  10
1588256340, +2.71,  +4.647, +3.791539E+01,  10
1588256940, +2.71,  +4.759, +2.926963E+01,  10
1588257540, +2.71,  +4.627, +3.151216E+01,  10
1588258140, +2.71,  +4.698, +3.295762E+01,  10
1588258740, +2.71,  +4.504, +3.473081E+01,  10
1588259340, +2.71,  +4.534, +3.118620E+01,  10
1588259940, +2.71,  +4.452, +3.115091E+01,  10
1588260540, +2.71,  +4.627, +3.158197E+01,  10
1588261140, +2.71,  +4.627, +2.258499E+01,  10
1588261740, +2.71,  +4.688, +3.288597E+01,  10
1588262340, +2.71,  +4.810, +2.533889E+01,  10
1588262940, +2.71,  +4.851, +2.374706E+01,  10
1588263540, +2.71,  +4.688, +3.300784E+01,  10
1588264140, +2.71,  +4.627, +2.983359E+01,  10
1588264740, +2.71,  +4.891, +2.678191E+01,  10
1588265340, +2.71,  +4.912, +2.937642E+01,  10
1588265940, +2.71,  +4.983, +2.603131E+01,  10
1588266540, +2.71,  +5.255, +3.040697E+01,  10
1588267140, +2.71,  +5.104, +2.986307E+01,  10
1588267740, +2.71,  +4.841, +3.186216E+01,  10
1588268340, +2.71,  +4.902, +2.173993E+01,  10
1588268940, +2.71,  +4.902, +2.145669E+01,  10
1588269540, +2.71,  +5.124, +2.901594E+01,  10
1588270140, +2.71,  +5.023, +3.789196E+01,  10
1588270740, +2.71,  +4.922, +3.848578E+01,  10
1588271340, +2.71,  +5.053, +3.255779E+01,  10
1588271940, +2.71,  +4.942, +2.856795E+01,  10
1588272540, +2.71,  +5.023, +2.392436E+01,  10
1588273140, +2.71,  +5.134, +3.907271E+01,  10
1588273740, +2.71,  +5.326, +3.460156E+02,   1
1588274340, +2.69,  +5.205, +3.185547E+02,   1
1588274940, +2.69,  +4.972, +3.363738E+02,   1
1588275540, +2.68,  +4.932, +3.207234E+02,   1
1588276140, +2.69,  +5.144, +3.331043E+02,   1
1588276740, +2.69,  +5.165, +3.258769E+02,   1
1588277340, +2.68,  +5.154, +2.456311E+01,  10
1588277940, +2.71,  +5.064, +1.644273E+01,  10
1588278540, +2.71,  +5.043, +3.452715E+02,   1
1588279140, +2.69,  +5.295, +2.343580E+01,  10
1588279740, +2.72,  +5.245, +3.333385E+02,   1
1588280340, +2.69,  +5.336, +1.743095E+01,  10
1588280940, +2.72,  +5.053, +1.592103E+01,  10
1588281540, +2.72,  +4.830, +4.965019E+01,  10
1588282140, +2.71,  +4.912, +3.365912E+02,   1
1588282740, +2.69,  +4.902, +3.409524E+02,   1
1588283340, +2.69,  +5.003, +2.111557E+01,  10
1588283940, +2.72,  +5.104, +2.222504E+01,  10
1588284540, +2.71,  +5.053, +4.206376E+01,  10
1588285140, +2.71,  +5.023, +1.899484E+01,  10
1588285740, +2.65,  +5.094, +3.281995E+02,   1
1588286340, +2.69,  +5.144, +3.314814E+02,   1
1588286940, +2.69,  +5.074, +3.327192E+02,   1
1588287540, +2.69,  +5.074, +1.620067E+01,  10
1588288140, +2.71,  +5.033, +3.332000E+02,   1
1588288740, +2.69,  +5.094, +4.812425E+00,  10
1588289340, +2.71,  +5.165, +2.407294E+01,  10
1588289940, +2.72,  +5.134, +2.502763E+01,  10
1588290540, +2.71,  +5.023, +1.688765E+01,  10
1588291140, +2.71,  +4.891, +1.978593E+01,  10
1588291740, +2.71,  +5.033, +3.400409E+01,  10
1588292340, +2.71,  +5.144, +3.240629E+01,  10
1588292940, +2.72,  +5.175, +4.781063E+01,  10
1588293540, +2.72,  +5.124, +3.471810E+01,  10
1588294140, +2.71,  +4.972, +4.288081E+01,  10
1588294740, +2.71,  +4.912, +4.883422E+01,  10
1588295340, +2.71,  +4.932, +5.496155E+01,  10
1588295940, +2.71,  +4.942, +5.472401E+01,  10
1588296540, +2.71,  +5.074, +5.891127E+01,  10
1588297140, +2.71,  +5.064, +6.034380E+01,  10
1588297740, +2.71,  +4.972, +6.041951E+01,  10
1588298340, +2.71,  +5.033, +6.096786E+01,  10
1588298940, +2.71,  +5.134, +5.217428E+01,  10
1588299540, +2.71,  +5.104, +3.657182E+01,  10
1588300140, +2.72,  +5.134, +5.230641E+01,  10
1588300740, +2.71,  +5.114, +4.179438E+01,  10
1588301340, +2.71,  +5.185, +4.075648E+01,  10
1588301940, +2.71,  +5.154, +3.857917E+01,  10
1588302540, +2.71,  +5.144, +1.750666E+01,  10
1588303140, +2.71,  +5.134, +5.787292E+01,  10
1588303740, +2.71,  +5.094, +5.135134E+01,  10
1588304340, +2.71,  +5.114, +5.206251E+01,  10
1588304940, +2.72,  +5.053, +5.821059E+01,  10
1588305540, +2.71,  +5.003, +5.990577E+01,  10
1588306140, +2.71,  +5.013, +5.318255E+01,  10
1588306740, +2.71,  +5.003, +5.194263E+01,  10
1588307340, +2.71,  +5.003, +5.125335E+01,  10
1588307940, +2.71,  +5.043, +2.458439E+01,  10
1588308540, +2.71,  +5.074, +5.036113E+01,  10
1588309140, +2.71,  +5.084, +4.585189E+01,  10
1588309740, +2.71,  +5.134, +5.038509E+01,  10
1588310340, +2.71,  +5.094, +3.634124E+01,  10
1588310940, +2.71,  +5.074, +5.125764E+01,  10
1588311540, +2.71,  +5.043, +5.804424E+01,  10
1588312140, +2.71,  +5.064, +5.076479E+01,  10
1588312740, +2.71,  +5.084, +4.929016E+01,  10
