7377-267594
OS REV: 1.04 Sensor Cal: 1572899216
Time (sec),  Bat (Volts),  T (deg C), Sensor ( ppb), Gain ()
1588661340, +2.69,  +5.406, +3.337251E+02,   1
1588661940, +2.69,  +5.386, +3.185019E+02,   1
1588662540, +2.68,  +5.326, +3.244661E+02,   1
1588663140, +2.68,  +5.306, +3.313390E+02,   1
1588663740, +2.69,  +5.406, +3.111352E+02,   1
1588664340, +2.68,  +5.396, +3.316857E+02,   1
1588664940, +2.69,  +5.346, +3.298186E+02,   1
1588665540, +2.68,  +5.336, +3.265162E+02,   1
1588666140, +2.68,  +5.306, +3.322660E+02,   1
1588666740, +2.68,  +5.356, +3.215548E+02,   1
1588667340, +2.68,  +5.346, +3.220746E+02,   1
1588667940, +2.69,  +5.376, +2.816628E+01,  10
1588668540, +2.71,  +5.416, +1.841373E+01,  10
1588669140, +2.71,  +5.346, +3.239761E+02,   1
1588669740, +2.69,  +5.285, +2.758532E+01,  10
1588670340, +2.71,  +5.366, +2.716229E+01,  10
1588670940, +2.72,  +5.396, +3.232851E+01,  10
1588671540, +2.71,  +5.245, +2.298483E+01,  10
1588672140, +2.71,  +5.306, +2.086670E+01,  10
1588672740, +2.71,  +5.406, +2.489328E+01,  10
1588673340, +2.71,  +5.466, +2.465474E+01,  10
1588673940, +2.71,  +5.336, +1.944879E+01,  10
1588674540, +2.71,  +5.396, +2.017229E+01,  10
1588675140, +2.71,  +5.396, +1.883071E+01,  10
1588675740, +2.71,  +5.366, +3.328478E+02,   1
1588676340, +2.69,  +5.366, +2.398315E+01,  10
1588676940, +2.72,  +5.406, +2.115155E+01,  10
1588677540, +2.66,  +5.326, +3.210863E+02,   1
1588678140, +2.69,  +5.185, +1.557049E+01,  10
1588678740, +2.71,  +5.356, +3.549250E+01,  10
1588679340, +2.71,  +5.446, +3.130439E+01,  10
1588679940, +2.72,  +5.316, +3.170614E+01,  10
1588680540, +2.71,  +5.255, +2.698531E+01,  10
1588681140, +2.71,  +5.456, +3.305706E+01,  10
1588681740, +2.73,  +5.516, +4.116703E+01,  10
1588682340, +2.71,  +5.346, +3.993009E+01,  10
1588682940, +2.72,  +5.215, +4.468431E+01,  10
1588683540, +2.71,  +5.326, +3.389723E+01,  10
1588684140, +2.71,  +5.436, +3.589884E+01,  10
1588684740, +2.71,  +5.406, +4.425967E+01,  10
1588685340, +2.71,  +5.406, +4.406324E+01,  10
1588685940, +2.71,  +5.526, +4.986660E+01,  10
1588686540, +2.71,  +5.456, +4.620701E+01,  10
1588687140, +2.71,  +5.235, +4.488733E+01,  10
1588687740, +2.71,  +5.336, +4.646622E+01,  10
1588688340, +2.71,  +5.486, +4.412172E+01,  10
1588688940, +2.71,  +5.566, +4.884325E+01,  10
1588689540, +2.71,  +5.316, +5.157862E+01,  10
1588690140, +2.71,  +5.235, +4.269012E+01,  10
1588690740, +2.71,  +5.406, +4.167419E+01,  10
1588691340, +2.71,  +5.626, +4.714930E+01,  10
1588691940, +2.71,  +5.366, +4.958979E+01,  10
1588692540, +2.71,  +5.336, +4.816951E+01,  10
1588693140, +2.71,  +5.406, +5.082404E+01,  10
1588693740, +2.71,  +5.225, +4.611614E+01,  10
1588694340, +2.71,  +5.386, +5.078301E+01,  10
1588694940, +2.71,  +5.366, +4.333101E+01,  10
1588695540, +2.71,  +5.376, +4.544478E+01,  10
1588696140, +2.71,  +5.346, +4.626986E+01,  10
1588696740, +2.71,  +5.154, +4.240580E+01,  10
1588697340, +2.71,  +5.576, +3.922497E+01,  10
1588697940, +2.71,  +5.696, +4.270520E+01,  10
1588698540, +2.71,  +5.306, +5.139788E+01,  10
1588699140, +2.71,  +5.275, +4.572940E+01,  10
1588699740, +2.71,  +5.676, +4.313381E+01,  10
1588700340, +2.71,  +5.616, +4.726512E+01,  10
1588700940, +2.71,  +5.366, +4.624383E+01,  10
1588701540, +2.71,  +5.416, +4.902897E+01,  10
1588702140, +2.71,  +5.556, +4.063078E+01,  10
1588702740, +2.71,  +5.556, +4.510573E+01,  10
1588703340, +2.71,  +5.556, +4.167197E+01,  10
1588703940, +2.71,  +5.716, +4.622033E+01,  10
1588704540, +2.71,  +5.416, +4.057964E+01,  10
1588705140, +2.71,  +5.215, +4.530898E+01,  10
1588705740, +2.71,  +5.235, +5.131452E+01,  10
1588706340, +2.70,  +5.124, +4.638622E+01,  10
1588706940, +2.71,  +5.144, +4.173941E+01,  10
1588707540, +2.71,  +5.406, +3.427731E+01,  10
1588708140, +2.71,  +5.396, +3.863039E+01,  10
1588708740, +2.71,  +5.356, +3.881235E+01,  10
1588709340, +2.71,  +5.506, +4.288556E+01,  10
1588709940, +2.71,  +5.275, +4.311330E+01,  10
1588710540, +2.71,  +5.626, +3.674513E+01,  10
1588711140, +2.71,  +5.586, +3.331022E+01,  10
1588711740, +2.71,  +5.586, +2.444484E+01,  10
1588712340, +2.71,  +5.566, +3.852390E+01,  10
1588712940, +2.71,  +5.406, +3.843258E+01,  10
1588713540, +2.71,  +5.646, +3.006792E+01,  10
1588714140, +2.71,  +5.376, +3.584219E+01,  10
1588714740, +2.72,  +5.496, +3.767494E+01,  10
1588715340, +2.71,  +5.676, +2.758249E+01,  10
1588715940, +2.71,  +5.396, +3.260196E+01,  10
1588716540, +2.71,  +5.366, +3.004893E+01,  10
1588717140, +2.71,  +5.396, +4.388303E+01,  10
1588717740, +2.71,  +5.416, +3.731774E+01,  10
1588718340, +2.71,  +5.566, +2.279743E+01,  10
1588718940, +2.71,  +5.706, +3.059016E+01,  10
1588719540, +2.70,  +5.835, +3.426657E+02,   1
1588720140, +2.68,  +5.586, +2.752309E+01,  10
1588720740, +2.71,  +5.456, +3.176669E+01,  10
1588721340, +2.71,  +5.436, +2.625775E+01,  10
1588721940, +2.71,  +5.175, +3.973389E+01,  10
1588722540, +2.71,  +5.275, +3.866491E+01,  10
1588723140, +2.71,  +5.436, +2.294915E+01,  10
1588723740, +2.71,  +5.546, +3.251898E+01,  10
1588724340, +2.71,  +5.576, +3.543134E+01,  10
1588724940, +2.71,  +5.556, +4.016281E+01,  10
1588725540, +2.71,  +5.616, +3.513370E+01,  10
1588726140, +2.71,  +5.516, +2.521603E+01,  10
1588726740, +2.71,  +5.516, +2.848512E+01,  10
1588727340, +2.71,  +5.466, +5.065019E+01,  10
1588727940, +2.71,  +5.486, +3.289222E+02,   1
1588728540, +2.68,  +5.616, +3.726178E+01,  10
1588729140, +2.66,  +5.676, +3.262092E+02,   1
1588729740, +2.69,  +5.436, +3.362567E+02,   1
1588730340, +2.68,  +5.336, +3.260086E+02,   1
1588730940, +2.68,  +5.346, +3.181038E+02,   1
1588731540, +2.69,  +5.396, +3.232634E+02,   1
1588732140, +2.68,  +5.366, +2.731660E+02,   1
1588732740, +2.68,  +5.416, +3.113373E+02,   1
1588733340, +2.69,  +5.586, +3.044645E+02,   1
1588733940, +2.68,  +5.696, +3.217554E+02,   1
1588734540, +2.68,  +5.626, +3.019757E+02,   1
1588735140, +2.68,  +5.606, +3.158394E+02,   1
1588735740, +2.68,  +5.566, +3.195575E+02,   1
1588736340, +2.68,  +5.486, +3.168606E+02,   1
1588736940, +2.68,  +5.456, +3.278275E+02,   1
1588737540, +2.69,  +5.436, +3.081482E+02,   1
1588738140, +2.68,  +5.416, +2.071252E+01,  10
1588738740, +2.71,  +5.466, +2.063428E+01,  10
1588739340, +2.65,  +5.466, +3.222254E+02,   1
1588739940, +2.68,  +5.516, +2.899287E+02,   1
1588740540, +2.68,  +5.566, +3.153510E+02,   1
1588741140, +2.68,  +5.566, +2.958990E+02,   1
1588741740, +2.68,  +5.646, +3.178979E+02,   1
1588742340, +2.68,  +5.606, +3.111077E+02,   1
1588742940, +2.68,  +5.516, +3.219820E+02,   1
1588743540, +2.68,  +5.476, +3.070175E+02,   1
1588744140, +2.68,  +5.496, +3.148404E+02,   1
1588744740, +2.68,  +5.466, +3.189367E+02,   1
1588745340, +2.68,  +5.456, +2.810672E+01,  10
1588745940, +2.65,  +5.486, +3.180969E+02,   1
1588746540, +2.69,  +5.516, +2.867142E+02,   1
1588747140, +2.69,  +5.526, +3.218817E+02,   1
1588747740, +2.69,  +5.536, +3.333140E+02,   1
