7377-267594
OS REV: 1.04 Sensor Cal: 1572899216
Time (sec),  Bat (Volts),  T (deg C), Sensor ( ppb), Gain ()
1577853360, +2.73,  +2.967, +6.936221E+01,  10
1577853960, +2.73,  +2.967, +6.939950E+01,  10
1577854560, +2.73,  +2.946, +6.927188E+01,  10
1577855160, +2.73,  +2.978, +6.919426E+01,  10
1577855760, +2.73,  +2.935, +6.920398E+01,  10
1577856360, +2.73,  +2.935, +6.920559E+01,  10
1577856960, +2.73,  +2.967, +6.925856E+01,  10
1577857560, +2.73,  +2.935, +6.929324E+01,  10
1577858160, +2.73,  +2.925, +6.931207E+01,  10
1577858760, +2.73,  +2.967, +6.928987E+01,  10
1577859360, +2.73,  +2.957, +6.943303E+01,  10
1577859960, +2.73,  +2.978, +6.946388E+01,  10
1577860560, +2.73,  +2.925, +6.925228E+01,  10
1577861160, +2.73,  +2.935, +6.953239E+01,  10
1577861760, +2.73,  +2.967, +6.928513E+01,  10
1577862360, +2.73,  +2.967, +6.903204E+01,  10
1577862960, +2.73,  +2.935, +6.978609E+01,  10
1577863560, +2.73,  +2.946, +6.920084E+01,  10
1577864160, +2.73,  +2.957, +6.950621E+01,  10
1577864760, +2.73,  +2.978, +6.978065E+01,  10
1577865360, +2.73,  +2.935, +6.977774E+01,  10
1577865960, +2.73,  +2.925, +6.966835E+01,  10
1577866560, +2.73,  +2.946, +6.943984E+01,  10
1577867160, +2.73,  +2.967, +6.978639E+01,  10
1577867760, +2.73,  +2.957, +6.911931E+01,  10
1577868360, +2.73,  +2.978, +6.936704E+01,  10
1577868960, +2.73,  +2.989, +6.944910E+01,  10
1577869560, +2.73,  +2.914, +6.912628E+01,  10
1577870160, +2.73,  +2.957, +6.929240E+01,  10
1577870760, +2.73,  +2.978, +6.886072E+01,  10
1577871360, +2.73,  +2.946, +6.934828E+01,  10
1577871960, +2.73,  +2.978, +6.933994E+01,  10
1577872560, +2.72,  +2.999, +6.958223E+01,  10
1577873160, +2.73,  +2.946, +6.956600E+01,  10
1577873760, +2.73,  +2.978, +6.956852E+01,  10
1577874360, +2.73,  +2.946, +6.949427E+01,  10
1577874960, +2.73,  +2.978, +6.931904E+01,  10
1577875560, +2.73,  +2.978, +6.976182E+01,  10
1577876160, +2.73,  +2.935, +6.905555E+01,  10
1577876760, +2.73,  +2.957, +6.947444E+01,  10
1577877360, +2.73,  +2.989, +6.904980E+01,  10
1577877960, +2.73,  +2.978, +6.929868E+01,  10
1577878560, +2.73,  +2.989, +6.924249E+01,  10
1577879160, +2.73,  +2.925, +6.897524E+01,  10
1577879760, +2.73,  +2.957, +6.922649E+01,  10
1577880360, +2.73,  +2.935, +6.903664E+01,  10
1577880960, +2.73,  +2.946, +6.894822E+01,  10
1577881560, +2.73,  +2.925, +6.952588E+01,  10
1577882160, +2.73,  +2.978, +6.851937E+01,  10
1577882760, +2.73,  +2.957, +6.962157E+01,  10
1577883360, +2.73,  +2.957, +6.906397E+01,  10
1577883960, +2.73,  +2.946, +6.874681E+01,  10
1577884560, +2.73,  +2.946, +6.916701E+01,  10
1577885160, +2.73,  +2.946, +6.910354E+01,  10
1577885760, +2.73,  +2.903, +6.883347E+01,  10
1577886360, +2.73,  +2.925, +6.911847E+01,  10
1577886960, +2.73,  +2.946, +6.923230E+01,  10
1577887560, +2.73,  +2.957, +6.855727E+01,  10
1577888160, +2.73,  +2.946, +6.916119E+01,  10
1577888760, +2.72,  +2.967, +6.833526E+01,  10
1577889360, +2.73,  +2.967, +6.908992E+01,  10
1577889960, +2.73,  +2.935, +6.895281E+01,  10
1577890560, +2.73,  +2.978, +6.744565E+01,  10
1577891160, +2.73,  +2.946, +6.936910E+01,  10
1577891760, +2.73,  +2.935, +6.847734E+01,  10
1577892360, +2.73,  +2.967, +6.939995E+01,  10
1577892960, +2.73,  +2.978, +6.895825E+01,  10
1577893560, +2.73,  +2.914, +6.934583E+01,  10
1577894160, +2.73,  +2.957, +6.926369E+01,  10
1577894760, +2.73,  +2.946, +6.926361E+01,  10
1577895360, +2.73,  +2.935, +6.919204E+01,  10
1577895960, +2.73,  +2.946, +6.939728E+01,  10
1577896560, +2.73,  +2.935, +6.829232E+01,  10
1577897160, +2.73,  +2.978, +6.790190E+01,  10
1577897760, +2.73,  +2.967, +6.899093E+01,  10
1577898360, +2.73,  +2.935, +6.926576E+01,  10
1577898960, +2.73,  +2.946, +6.923307E+01,  10
1577899560, +2.73,  +2.925, +6.949427E+01,  10
1577900160, +2.73,  +2.967, +6.912659E+01,  10
1577900760, +2.73,  +2.903, +6.892058E+01,  10
1577901360, +2.73,  +2.946, +6.899224E+01,  10
1577901960, +2.73,  +2.978, +6.900755E+01,  10
1577902560, +2.73,  +2.978, +6.909612E+01,  10
1577903160, +2.73,  +2.957, +6.897034E+01,  10
1577903760, +2.73,  +2.946, +6.885842E+01,  10
1577904360, +2.73,  +2.989, +6.947597E+01,  10
1577904960, +2.73,  +2.925, +6.932501E+01,  10
1577905560, +2.73,  +2.925, +6.903664E+01,  10
1577906160, +2.73,  +2.967, +6.948577E+01,  10
1577906760, +2.73,  +2.914, +6.917956E+01,  10
1577907360, +2.73,  +2.978, +6.944351E+01,  10
1577907960, +2.73,  +2.946, +6.950652E+01,  10
1577908560, +2.73,  +2.989, +6.924892E+01,  10
1577909160, +2.73,  +2.925, +6.941948E+01,  10
1577909760, +2.73,  +2.925, +6.924999E+01,  10
1577910360, +2.73,  +2.978, +6.957304E+01,  10
1577910960, +2.73,  +2.925, +6.950031E+01,  10
1577911560, +2.73,  +2.957, +6.946058E+01,  10
1577912160, +2.73,  +2.957, +6.938204E+01,  10
1577912760, +2.73,  +2.957, +6.946878E+01,  10
1577913360, +2.73,  +2.957, +6.955482E+01,  10
1577913960, +2.73,  +2.946, +6.897348E+01,  10
1577914560, +2.73,  +2.946, +6.947689E+01,  10
1577915160, +2.73,  +2.935, +6.955214E+01,  10
1577915760, +2.73,  +2.989, +6.910331E+01,  10
1577916360, +2.73,  +2.946, +6.955367E+01,  10
1577916960, +2.73,  +2.946, +6.924448E+01,  10
1577917560, +2.73,  +2.935, +6.974199E+01,  10
1577918160, +2.73,  +2.957, +6.945040E+01,  10
1577918760, +2.73,  +2.967, +6.958889E+01,  10
1577919360, +2.73,  +2.914, +6.931559E+01,  10
1577919960, +2.73,  +2.957, +6.958965E+01,  10
1577920560, +2.73,  +2.925, +6.905930E+01,  10
1577921160, +2.73,  +2.957, +6.946028E+01,  10
1577921760, +2.73,  +2.893, +6.954517E+01,  10
1577922360, +2.73,  +2.925, +6.900816E+01,  10
1577922960, +2.73,  +2.946, +6.922963E+01,  10
1577923560, +2.73,  +2.957, +6.895457E+01,  10
1577924160, +2.73,  +2.935, +6.935104E+01,  10
1577924760, +2.73,  +2.946, +6.954579E+01,  10
1577925360, +2.73,  +2.967, +6.920314E+01,  10
1577925960, +2.73,  +2.946, +6.944941E+01,  10
1577926560, +2.73,  +2.989, +6.929370E+01,  10
1577927160, +2.73,  +2.935, +6.918400E+01,  10
1577927760, +2.73,  +2.925, +6.948378E+01,  10
1577928360, +2.73,  +2.903, +6.922488E+01,  10
1577928960, +2.73,  +2.914, +6.918316E+01,  10
1577929560, +2.73,  +2.903, +6.941557E+01,  10
1577930160, +2.73,  +2.925, +6.916364E+01,  10
1577930760, +2.73,  +2.935, +6.947092E+01,  10
1577931360, +2.73,  +2.957, +6.920115E+01,  10
1577931960, +2.73,  +2.978, +6.901918E+01,  10
1577932560, +2.73,  +2.925, +6.907951E+01,  10
1577933160, +2.73,  +2.967, +6.919380E+01,  10
1577933760, +2.73,  +2.957, +6.928773E+01,  10
1577934360, +2.73,  +2.967, +6.890650E+01,  10
1577934960, +2.73,  +2.946, +6.928842E+01,  10
1577935560, +2.73,  +2.925, +6.903357E+01,  10
1577936160, +2.73,  +2.967, +6.921753E+01,  10
1577936760, +2.73,  +2.925, +6.913179E+01,  10
1577937360, +2.73,  +2.946, +6.931598E+01,  10
1577937960, +2.73,  +2.914, +6.926737E+01,  10
1577938560, +2.74,  +2.989, +6.931337E+01,  10
1577939160, +2.73,  +2.957, +6.925711E+01,  10
1577939760, +2.73,  +2.925, +6.812888E+01,  10
