7392-570653
OS REV: 1.11 Sensor Cal: 1428445788
Time (sec),  BV (Volts),  T (deg C),  DO (mg/l),  Q ()
1604853660,+3.40, +4.535, +0.162,+0.954
1604853720,+3.40, +4.545, +0.163,+0.954
1604853780,+3.40, +4.525, +0.161,+0.954
1604853840,+3.39, +4.494, +0.161,+0.954
1604853900,+3.40, +4.484, +0.161,+0.954
1604853960,+3.39, +4.504, +0.158,+0.954
1604854020,+3.39, +4.463, +0.161,+0.954
1604854080,+3.40, +4.474, +0.160,+0.954
1604854140,+3.40, +4.402, +0.161,+0.954
1604854200,+3.40, +4.402, +0.160,+0.954
1604854260,+3.39, +4.433, +0.162,+0.954
1604854320,+3.40, +4.412, +0.162,+0.954
1604854380,+3.40, +4.392, +0.163,+0.954
1604854440,+3.40, +4.371, +0.163,+0.954
1604854500,+3.40, +4.371, +0.162,+0.954
1604854560,+3.39, +4.392, +0.161,+0.954
1604854620,+3.40, +4.371, +0.163,+0.954
1604854680,+3.40, +4.392, +0.162,+0.954
1604854740,+3.39, +4.402, +0.160,+0.954
1604854800,+3.40, +4.381, +0.162,+0.954
1604854860,+3.39, +4.371, +0.162,+0.954
1604854920,+3.40, +4.381, +0.162,+0.954
1604854980,+3.40, +4.381, +0.162,+0.954
1604855040,+3.40, +4.371, +0.162,+0.954
1604855100,+3.40, +4.381, +0.162,+0.954
1604855160,+3.40, +4.402, +0.160,+0.954
1604855220,+3.39, +4.392, +0.162,+0.954
1604855280,+3.40, +4.392, +0.163,+0.954
1604855340,+3.40, +4.392, +0.161,+0.954
1604855400,+3.39, +4.381, +0.162,+0.954
1604855460,+3.39, +4.412, +0.163,+0.954
1604855520,+3.40, +4.412, +0.161,+0.954
1604855580,+3.39, +4.402, +0.161,+0.954
1604855640,+3.40, +4.412, +0.162,+0.954
1604855700,+3.40, +4.392, +0.161,+0.954
1604855760,+3.39, +4.402, +0.162,+0.954
1604855820,+3.39, +4.412, +0.160,+0.954
1604855880,+3.40, +4.351, +0.162,+0.954
1604855940,+3.40, +4.351, +0.162,+0.954
1604856000,+3.40, +4.381, +0.161,+0.954
1604856060,+3.40, +4.381, +0.162,+0.954
1604856120,+3.39, +4.351, +0.163,+0.954
1604856180,+3.40, +4.381, +0.163,+0.954
1604856240,+3.39, +4.422, +0.161,+0.954
1604856300,+3.39, +4.422, +0.164,+0.954
1604856360,+3.40, +4.381, +0.161,+0.954
1604856420,+3.39, +4.381, +0.163,+0.954
1604856480,+3.39, +4.422, +0.161,+0.954
1604856540,+3.39, +4.381, +0.161,+0.954
1604856600,+3.40, +4.371, +0.163,+0.954
1604856660,+3.40, +4.361, +0.162,+0.954
1604856720,+3.40, +4.340, +0.161,+0.954
1604856780,+3.40, +4.320, +0.163,+0.954
1604856840,+3.40, +4.361, +0.163,+0.954
1604856900,+3.40, +4.371, +0.163,+0.954
1604856960,+3.40, +4.381, +0.163,+0.954
1604857020,+3.39, +4.412, +0.163,+0.954
1604857080,+3.40, +4.474, +0.162,+0.954
1604857140,+3.40, +4.443, +0.162,+0.954
1604857200,+3.40, +4.412, +0.163,+0.954
1604857260,+3.40, +4.443, +0.161,+0.954
1604857320,+3.40, +4.412, +0.161,+0.954
1604857380,+3.40, +4.443, +0.163,+0.954
1604857440,+3.39, +4.474, +0.163,+0.954
1604857500,+3.40, +4.484, +0.161,+0.954
1604857560,+3.40, +4.525, +0.162,+0.954
1604857620,+3.40, +4.586, +0.162,+0.954
1604857680,+3.40, +4.698, +0.162,+0.954
1604857740,+3.39, +4.851, +0.162,+0.955
1604857800,+3.40, +4.881, +0.161,+0.955
1604857860,+3.39, +4.871, +0.159,+0.955
1604857920,+3.40, +4.861, +0.159,+0.954
1604857980,+3.39, +4.800, +0.158,+0.954
1604858040,+3.39, +4.770, +0.161,+0.954
1604858100,+3.40, +4.770, +0.161,+0.954
1604858160,+3.40, +4.800, +0.160,+0.954
1604858220,+3.39, +4.780, +0.160,+0.954
1604858280,+3.40, +4.800, +0.159,+0.954
1604858340,+3.40, +4.770, +0.160,+0.954
1604858400,+3.40, +4.749, +0.160,+0.954
1604858460,+3.40, +4.739, +0.159,+0.954
1604858520,+3.40, +4.698, +0.158,+0.954
1604858580,+3.40, +4.668, +0.162,+0.954
1604858640,+3.40, +4.668, +0.160,+0.954
1604858700,+3.40, +4.617, +0.159,+0.954
1604858760,+3.40, +4.607, +0.160,+0.954
1604858820,+3.40, +4.556, +0.161,+0.954
1604858880,+3.40, +4.566, +0.161,+0.954
1604858940,+3.40, +4.556, +0.162,+0.954
1604859000,+3.39, +4.566, +0.160,+0.954
1604859060,+3.40, +4.525, +0.160,+0.954
1604859120,+3.40, +4.525, +0.161,+0.954
1604859180,+3.40, +4.525, +0.162,+0.954
1604859240,+3.40, +4.545, +0.161,+0.954
1604859300,+3.40, +4.515, +0.162,+0.954
1604859360,+3.40, +4.535, +0.161,+0.954
1604859420,+3.40, +4.545, +0.159,+0.954
1604859480,+3.40, +4.545, +0.160,+0.954
1604859540,+3.40, +4.576, +0.162,+0.954
1604859600,+3.40, +4.556, +0.162,+0.954
1604859660,+3.40, +4.566, +0.163,+0.954
1604859720,+3.40, +4.607, +0.161,+0.954
1604859780,+3.40, +4.637, +0.162,+0.954
1604859840,+3.40, +4.617, +0.161,+0.954
1604859900,+3.40, +4.607, +0.160,+0.954
1604859960,+3.40, +4.586, +0.160,+0.954
1604860020,+3.40, +4.596, +0.160,+0.954
1604860080,+3.40, +4.535, +0.162,+0.954
1604860140,+3.40, +4.494, +0.161,+0.954
1604860200,+3.40, +4.515, +0.161,+0.954
1604860260,+3.40, +4.484, +0.161,+0.954
1604860320,+3.40, +4.494, +0.161,+0.954
1604860380,+3.40, +4.463, +0.162,+0.954
1604860440,+3.40, +4.463, +0.163,+0.954
1604860500,+3.40, +4.484, +0.161,+0.954
1604860560,+3.40, +4.504, +0.161,+0.954
1604860620,+3.40, +4.474, +0.162,+0.954
1604860680,+3.40, +4.422, +0.161,+0.954
1604860740,+3.40, +4.443, +0.162,+0.954
1604860800,+3.40, +4.422, +0.161,+0.954
1604860860,+3.40, +4.381, +0.162,+0.954
1604860920,+3.40, +4.402, +0.163,+0.954
1604860980,+3.40, +4.412, +0.162,+0.954
1604861040,+3.40, +4.381, +0.161,+0.954
1604861100,+3.40, +4.402, +0.161,+0.954
1604861160,+3.40, +4.412, +0.161,+0.954
1604861220,+3.40, +4.412, +0.163,+0.954
1604861280,+3.40, +4.422, +0.165,+0.954
1604861340,+3.39, +4.504, +0.161,+0.954
1604861400,+3.40, +4.535, +0.162,+0.954
1604861460,+3.40, +4.525, +0.161,+0.954
1604861520,+3.40, +4.576, +0.162,+0.954
1604861580,+3.40, +4.566, +0.160,+0.954
1604861640,+3.40, +4.494, +0.161,+0.954
1604861700,+3.40, +4.453, +0.161,+0.954
1604861760,+3.40, +4.433, +0.161,+0.954
1604861820,+3.40, +4.474, +0.163,+0.954
1604861880,+3.40, +4.545, +0.164,+0.954
1604861940,+3.40, +4.617, +0.162,+0.954
1604862000,+3.40, +4.637, +0.163,+0.954
1604862060,+3.40, +4.668, +0.161,+0.954
1604862120,+3.40, +4.658, +0.160,+0.954
1604862180,+3.40, +4.617, +0.161,+0.954
1604862240,+3.40, +4.688, +0.160,+0.954
1604862300,+3.40, +4.698, +0.161,+0.954
1604862360,+3.40, +4.678, +0.161,+0.954
1604862420,+3.40, +4.607, +0.160,+0.954
1604862480,+3.40, +4.576, +0.160,+0.954
1604862540,+3.40, +4.545, +0.159,+0.953
1604862600,+3.40, +4.494, +0.161,+0.953
1604862660,+3.40, +4.463, +0.160,+0.954
1604862720,+3.40, +4.453, +0.161,+0.954
1604862780,+3.40, +4.433, +0.159,+0.953
1604862840,+3.40, +4.402, +0.161,+0.954
1604862900,+3.40, +4.392, +0.160,+0.954
1604862960,+3.40, +4.351, +0.163,+0.954
1604863020,+3.40, +4.381, +0.162,+0.954
1604863080,+3.40, +4.381, +0.161,+0.954
1604863140,+3.40, +4.351, +0.162,+0.954
1604863200,+3.40, +4.371, +0.164,+0.954
1604863260,+3.40, +4.381, +0.163,+0.954
1604863320,+3.40, +4.433, +0.163,+0.954
1604863380,+3.40, +4.463, +0.161,+0.954
1604863440,+3.40, +4.453, +0.162,+0.954
1604863500,+3.40, +4.443, +0.161,+0.954
1604863560,+3.40, +4.381, +0.163,+0.954
1604863620,+3.40, +4.402, +0.161,+0.954
1604863680,+3.40, +4.402, +0.162,+0.954
1604863740,+3.40, +4.392, +0.163,+0.954
1604863800,+3.40, +4.381, +0.162,+0.954
1604863860,+3.40, +4.381, +0.161,+0.954
1604863920,+3.40, +4.381, +0.161,+0.954
1604863980,+3.40, +4.412, +0.162,+0.954
1604864040,+3.40, +4.412, +0.162,+0.954
1604864100,+3.40, +4.443, +0.160,+0.954
1604864160,+3.40, +4.371, +0.162,+0.954
1604864220,+3.40, +4.392, +0.162,+0.954
1604864280,+3.40, +4.402, +0.163,+0.954
1604864340,+3.40, +4.402, +0.163,+0.954
1604864400,+3.40, +4.433, +0.160,+0.954
1604864460,+3.40, +4.402, +0.162,+0.954
1604864520,+3.40, +4.412, +0.162,+0.954
1604864580,+3.40, +4.412, +0.163,+0.954
1604864640,+3.40, +4.412, +0.163,+0.954
1604864700,+3.40, +4.443, +0.162,+0.954
1604864760,+3.40, +4.422, +0.162,+0.954
1604864820,+3.40, +4.402, +0.162,+0.954
1604864880,+3.40, +4.422, +0.163,+0.954
1604864940,+3.40, +4.422, +0.163,+0.954
1604865000,+3.40, +4.494, +0.160,+0.954
1604865060,+3.40, +4.422, +0.162,+0.954
1604865120,+3.40, +4.402, +0.163,+0.954
1604865180,+3.40, +4.433, +0.162,+0.954
1604865240,+3.40, +4.443, +0.162,+0.954
1604865300,+3.40, +4.474, +0.162,+0.954
1604865360,+3.40, +4.515, +0.161,+0.954
1604865420,+3.40, +4.525, +0.161,+0.954
1604865480,+3.40, +4.545, +0.162,+0.954
1604865540,+3.40, +4.525, +0.163,+0.954
1604865600,+3.39, +4.484, +0.162,+0.954
1604865660,+3.40, +4.484, +0.161,+0.954
1604865720,+3.40, +4.535, +0.160,+0.954
1604865780,+3.40, +4.515, +0.161,+0.954
1604865840,+3.40, +4.525, +0.159,+0.954
1604865900,+3.40, +4.504, +0.161,+0.954
1604865960,+3.40, +4.463, +0.163,+0.954
1604866020,+3.40, +4.453, +0.161,+0.954
1604866080,+3.40, +4.453, +0.160,+0.954
1604866140,+3.40, +4.453, +0.162,+0.954
1604866200,+3.40, +4.381, +0.161,+0.954
1604866260,+3.40, +4.402, +0.163,+0.954
1604866320,+3.40, +4.371, +0.163,+0.954
1604866380,+3.40, +4.361, +0.163,+0.954
1604866440,+3.40, +4.361, +0.163,+0.954
1604866500,+3.40, +4.412, +0.163,+0.954
1604866560,+3.39, +4.381, +0.162,+0.954
1604866620,+3.40, +4.402, +0.163,+0.954
1604866680,+3.40, +4.422, +0.163,+0.954
1604866740,+3.40, +4.422, +0.161,+0.954
1604866800,+3.40, +4.422, +0.161,+0.954
1604866860,+3.40, +4.433, +0.162,+0.954
1604866920,+3.40, +4.474, +0.163,+0.954
1604866980,+3.40, +4.474, +0.162,+0.954
1604867040,+3.40, +4.515, +0.160,+0.954
1604867100,+3.40, +4.504, +0.162,+0.954
1604867160,+3.40, +4.453, +0.161,+0.954
1604867220,+3.40, +4.433, +0.162,+0.954
1604867280,+3.40, +4.433, +0.162,+0.954
1604867340,+3.40, +4.443, +0.164,+0.954
1604867400,+3.40, +4.422, +0.162,+0.954
1604867460,+3.40, +4.433, +0.162,+0.954
1604867520,+3.40, +4.474, +0.161,+0.954
1604867580,+3.40, +4.474, +0.160,+0.954
1604867640,+3.40, +4.463, +0.162,+0.954
1604867700,+3.40, +4.463, +0.163,+0.954
1604867760,+3.40, +4.494, +0.162,+0.954
1604867820,+3.40, +4.515, +0.160,+0.954
1604867880,+3.40, +4.515, +0.161,+0.954
1604867940,+3.40, +4.535, +0.161,+0.954
1604868000,+3.40, +4.556, +0.161,+0.954
1604868060,+3.40, +4.576, +0.161,+0.954
1604868120,+3.40, +4.556, +0.163,+0.954
1604868180,+3.40, +4.596, +0.161,+0.954
1604868240,+3.40, +4.576, +0.161,+0.954
1604868300,+3.40, +4.535, +0.161,+0.954
1604868360,+3.40, +4.596, +0.161,+0.954
1604868420,+3.39, +4.535, +0.162,+0.954
1604868480,+3.40, +4.566, +0.162,+0.954
1604868540,+3.40, +4.596, +0.161,+0.954
1604868600,+3.40, +4.607, +0.162,+0.954
1604868660,+3.40, +4.647, +0.160,+0.954
1604868720,+3.40, +4.668, +0.159,+0.954
1604868780,+3.40, +4.688, +0.162,+0.954
1604868840,+3.40, +4.668, +0.159,+0.954
1604868900,+3.40, +4.617, +0.160,+0.954
1604868960,+3.40, +4.586, +0.159,+0.954
1604869020,+3.40, +4.556, +0.160,+0.954
1604869080,+3.40, +4.566, +0.160,+0.954
1604869140,+3.40, +4.525, +0.162,+0.954
1604869200,+3.40, +4.535, +0.160,+0.954
1604869260,+3.40, +4.474, +0.163,+0.954
1604869320,+3.40, +4.463, +0.161,+0.954
1604869380,+3.40, +4.484, +0.161,+0.954
1604869440,+3.40, +4.474, +0.161,+0.954
1604869500,+3.40, +4.453, +0.160,+0.954
1604869560,+3.40, +4.463, +0.160,+0.954
1604869620,+3.40, +4.433, +0.163,+0.954
1604869680,+3.40, +4.453, +0.161,+0.954
1604869740,+3.40, +4.453, +0.162,+0.954
1604869800,+3.40, +4.453, +0.161,+0.954
1604869860,+3.40, +4.515, +0.162,+0.954
1604869920,+3.40, +4.535, +0.161,+0.954
1604869980,+3.40, +4.504, +0.162,+0.954
1604870040,+3.40, +4.535, +0.161,+0.954
1604870100,+3.40, +4.504, +0.160,+0.954
1604870160,+3.40, +4.433, +0.160,+0.954
1604870220,+3.40, +4.484, +0.162,+0.954
1604870280,+3.40, +4.453, +0.161,+0.954
1604870340,+3.40, +4.463, +0.159,+0.954
1604870400,+3.40, +4.484, +0.163,+0.954
1604870460,+3.40, +4.494, +0.161,+0.954
1604870520,+3.40, +4.484, +0.161,+0.954
1604870580,+3.40, +4.484, +0.159,+0.954
1604870640,+3.40, +4.463, +0.161,+0.954
1604870700,+3.40, +4.443, +0.162,+0.954
1604870760,+3.40, +4.484, +0.161,+0.954
1604870820,+3.40, +4.433, +0.162,+0.954
1604870880,+3.40, +4.392, +0.162,+0.954
1604870940,+3.40, +4.381, +0.163,+0.954
1604871000,+3.40, +4.371, +0.164,+0.954
1604871060,+3.40, +4.371, +0.163,+0.954
1604871120,+3.40, +4.381, +0.162,+0.954
1604871180,+3.40, +4.402, +0.162,+0.954
1604871240,+3.40, +4.453, +0.161,+0.954
1604871300,+3.40, +4.433, +0.162,+0.954
1604871360,+3.40, +4.443, +0.163,+0.954
1604871420,+3.40, +4.443, +0.162,+0.954
1604871480,+3.40, +4.515, +0.162,+0.954
1604871540,+3.40, +4.586, +0.162,+0.954
1604871600,+3.40, +4.617, +0.163,+0.954
1604871660,+3.40, +4.627, +0.161,+0.954
1604871720,+3.40, +4.668, +0.159,+0.954
1604871780,+3.40, +4.607, +0.162,+0.954
1604871840,+3.40, +4.596, +0.160,+0.954
1604871900,+3.40, +4.596, +0.161,+0.954
1604871960,+3.40, +4.627, +0.160,+0.954
1604872020,+3.40, +4.617, +0.162,+0.954
1604872080,+3.40, +4.586, +0.160,+0.954
1604872140,+3.40, +4.586, +0.160,+0.954
1604872200,+3.40, +4.586, +0.161,+0.954
1604872260,+3.40, +4.617, +0.159,+0.954
1604872320,+3.40, +4.596, +0.161,+0.954
1604872380,+3.40, +4.596, +0.161,+0.954
1604872440,+3.40, +4.576, +0.160,+0.954
1604872500,+3.40, +4.545, +0.162,+0.954
1604872560,+3.40, +4.525, +0.161,+0.954
1604872620,+3.40, +4.515, +0.161,+0.954
1604872680,+3.40, +4.535, +0.160,+0.954
1604872740,+3.40, +4.556, +0.159,+0.954
1604872800,+3.40, +4.556, +0.162,+0.954
1604872860,+3.40, +4.535, +0.161,+0.954
1604872920,+3.39, +4.535, +0.161,+0.954
1604872980,+3.40, +4.545, +0.163,+0.954
1604873040,+3.40, +4.545, +0.162,+0.954
1604873100,+3.40, +4.586, +0.162,+0.954
1604873160,+3.40, +4.637, +0.163,+0.954
1604873220,+3.40, +4.668, +0.161,+0.954
1604873280,+3.40, +4.647, +0.160,+0.954
1604873340,+3.40, +4.668, +0.160,+0.954
1604873400,+3.40, +4.617, +0.161,+0.954
1604873460,+3.40, +4.617, +0.162,+0.954
1604873520,+3.40, +4.607, +0.160,+0.954
1604873580,+3.40, +4.556, +0.161,+0.954
1604873640,+3.40, +4.576, +0.161,+0.954
1604873700,+3.40, +4.556, +0.162,+0.954
1604873760,+3.40, +4.586, +0.161,+0.954
1604873820,+3.40, +4.576, +0.160,+0.954
1604873880,+3.40, +4.617, +0.162,+0.954
1604873940,+3.40, +4.658, +0.160,+0.954
1604874000,+3.40, +4.688, +0.161,+0.954
1604874060,+3.40, +4.698, +0.160,+0.954
1604874120,+3.40, +4.668, +0.160,+0.954
1604874180,+3.40, +4.678, +0.160,+0.954
1604874240,+3.40, +4.668, +0.162,+0.954
1604874300,+3.40, +4.688, +0.159,+0.954
1604874360,+3.40, +4.637, +0.161,+0.954
1604874420,+3.40, +4.647, +0.161,+0.954
1604874480,+3.40, +4.627, +0.159,+0.954
1604874540,+3.40, +4.627, +0.159,+0.954
1604874600,+3.39, +4.596, +0.160,+0.954
1604874660,+3.40, +4.586, +0.161,+0.954
1604874720,+3.40, +4.617, +0.161,+0.954
1604874780,+3.40, +4.647, +0.161,+0.954
1604874840,+3.40, +4.586, +0.161,+0.954
1604874900,+3.40, +4.617, +0.159,+0.954
1604874960,+3.40, +4.566, +0.162,+0.954
1604875020,+3.40, +4.607, +0.159,+0.954
1604875080,+3.40, +4.617, +0.160,+0.954
1604875140,+3.40, +4.617, +0.160,+0.954
1604875200,+3.40, +4.596, +0.160,+0.954
1604875260,+3.40, +4.576, +0.160,+0.954
1604875320,+3.40, +4.576, +0.160,+0.954
1604875380,+3.40, +4.617, +0.161,+0.954
1604875440,+3.40, +4.607, +0.163,+0.954
1604875500,+3.40, +4.596, +0.162,+0.954
1604875560,+3.40, +4.576, +0.161,+0.954
1604875620,+3.40, +4.556, +0.160,+0.954
1604875680,+3.40, +4.535, +0.162,+0.954
1604875740,+3.40, +4.504, +0.159,+0.954
1604875800,+3.40, +4.494, +0.161,+0.954
1604875860,+3.40, +4.515, +0.160,+0.954
1604875920,+3.40, +4.515, +0.161,+0.954
1604875980,+3.40, +4.535, +0.161,+0.954
1604876040,+3.40, +4.586, +0.162,+0.954
1604876100,+3.40, +4.647, +0.161,+0.954
1604876160,+3.40, +4.678, +0.160,+0.954
1604876220,+3.40, +4.668, +0.161,+0.954
1604876280,+3.40, +4.647, +0.160,+0.954
1604876340,+3.40, +4.607, +0.162,+0.954
1604876400,+3.40, +4.637, +0.160,+0.954
1604876460,+3.40, +4.658, +0.159,+0.954
1604876520,+3.40, +4.607, +0.161,+0.954
1604876580,+3.40, +4.586, +0.161,+0.954
1604876640,+3.40, +4.576, +0.160,+0.954
1604876700,+3.40, +4.535, +0.161,+0.954
1604876760,+3.40, +4.566, +0.160,+0.954
1604876820,+3.39, +4.576, +0.162,+0.954
1604876880,+3.40, +4.566, +0.161,+0.954
1604876940,+3.39, +4.627, +0.160,+0.954
1604877000,+3.40, +4.576, +0.160,+0.954
1604877060,+3.40, +4.627, +0.160,+0.954
1604877120,+3.40, +4.586, +0.160,+0.954
1604877180,+3.40, +4.566, +0.159,+0.954
1604877240,+3.40, +4.545, +0.160,+0.954
1604877300,+3.40, +4.525, +0.162,+0.954
1604877360,+3.40, +4.566, +0.160,+0.954
1604877420,+3.40, +4.545, +0.161,+0.954
1604877480,+3.40, +4.484, +0.162,+0.954
1604877540,+3.40, +4.474, +0.162,+0.954
1604877600,+3.40, +4.484, +0.161,+0.954
1604877660,+3.40, +4.453, +0.161,+0.954
1604877720,+3.40, +4.484, +0.159,+0.954
1604877780,+3.40, +4.463, +0.162,+0.954
1604877840,+3.40, +4.443, +0.162,+0.954
1604877900,+3.40, +4.422, +0.162,+0.954
1604877960,+3.40, +4.412, +0.162,+0.954
1604878020,+3.40, +4.392, +0.162,+0.954
1604878080,+3.40, +4.402, +0.161,+0.954
1604878140,+3.40, +4.371, +0.162,+0.954
1604878200,+3.40, +4.392, +0.162,+0.954
1604878260,+3.40, +4.392, +0.161,+0.954
1604878320,+3.40, +4.381, +0.163,+0.954
1604878380,+3.40, +4.392, +0.161,+0.954
1604878440,+3.40, +4.422, +0.163,+0.954
1604878500,+3.40, +4.433, +0.161,+0.954
1604878560,+3.40, +4.433, +0.161,+0.954
1604878620,+3.40, +4.392, +0.162,+0.954
1604878680,+3.40, +4.422, +0.161,+0.954
1604878740,+3.40, +4.422, +0.163,+0.954
1604878800,+3.40, +4.422, +0.163,+0.954
1604878860,+3.40, +4.433, +0.163,+0.954
1604878920,+3.40, +4.463, +0.162,+0.954
1604878980,+3.40, +4.453, +0.162,+0.954
1604879040,+3.40, +4.453, +0.161,+0.954
1604879100,+3.40, +4.453, +0.162,+0.954
1604879160,+3.40, +4.453, +0.161,+0.954
1604879220,+3.40, +4.474, +0.164,+0.954
1604879280,+3.40, +4.453, +0.160,+0.954
1604879340,+3.40, +4.463, +0.162,+0.954
1604879400,+3.40, +4.443, +0.162,+0.954
1604879460,+3.40, +4.484, +0.161,+0.954
1604879520,+3.40, +4.474, +0.160,+0.954
1604879580,+3.40, +4.463, +0.161,+0.954
1604879640,+3.40, +4.504, +0.162,+0.954
1604879700,+3.40, +4.484, +0.161,+0.954
1604879760,+3.40, +4.453, +0.161,+0.954
1604879820,+3.40, +4.515, +0.159,+0.954
1604879880,+3.40, +4.484, +0.162,+0.954
1604879940,+3.40, +4.474, +0.161,+0.954
1604880000,+3.40, +4.494, +0.164,+0.954
1604880060,+3.40, +4.504, +0.161,+0.954
1604880120,+3.40, +4.504, +0.161,+0.954
1604880180,+3.40, +4.525, +0.163,+0.954
1604880240,+3.40, +4.535, +0.161,+0.954
1604880300,+3.40, +4.525, +0.161,+0.954
1604880360,+3.40, +4.494, +0.160,+0.954
1604880420,+3.40, +4.484, +0.160,+0.954
1604880480,+3.40, +4.453, +0.161,+0.954
1604880540,+3.40, +4.474, +0.163,+0.954
1604880600,+3.40, +4.504, +0.161,+0.954
1604880660,+3.40, +4.494, +0.161,+0.954
1604880720,+3.40, +4.525, +0.160,+0.954
1604880780,+3.40, +4.515, +0.161,+0.954
1604880840,+3.40, +4.474, +0.162,+0.954
1604880900,+3.40, +4.525, +0.160,+0.954
1604880960,+3.40, +4.545, +0.162,+0.954
1604881020,+3.40, +4.556, +0.161,+0.954
1604881080,+3.40, +4.556, +0.163,+0.954
1604881140,+3.40, +4.586, +0.163,+0.954
1604881200,+3.40, +4.586, +0.161,+0.954
1604881260,+3.40, +4.545, +0.161,+0.954
1604881320,+3.40, +4.525, +0.160,+0.954
1604881380,+3.40, +4.525, +0.162,+0.954
1604881440,+3.40, +4.535, +0.162,+0.954
1604881500,+3.40, +4.586, +0.161,+0.954
1604881560,+3.40, +4.586, +0.163,+0.954
1604881620,+3.39, +4.607, +0.162,+0.954
1604881680,+3.40, +4.607, +0.162,+0.954
1604881740,+3.39, +4.627, +0.161,+0.954
1604881800,+3.40, +4.647, +0.162,+0.954
1604881860,+3.40, +4.678, +0.160,+0.954
1604881920,+3.40, +4.668, +0.161,+0.954
1604881980,+3.40, +4.668, +0.162,+0.954
1604882040,+3.40, +4.668, +0.161,+0.954
1604882100,+3.40, +4.709, +0.160,+0.955
1604882160,+3.40, +4.658, +0.161,+0.954
1604882220,+3.40, +4.658, +0.160,+0.954
1604882280,+3.40, +4.678, +0.159,+0.954
1604882340,+3.40, +4.688, +0.159,+0.954
1604882400,+3.40, +4.647, +0.160,+0.954
1604882460,+3.40, +4.668, +0.159,+0.954
1604882520,+3.40, +4.637, +0.159,+0.954
1604882580,+3.40, +4.627, +0.161,+0.954
1604882640,+3.40, +4.647, +0.161,+0.954
1604882700,+3.40, +4.637, +0.160,+0.954
1604882760,+3.40, +4.678, +0.159,+0.954
1604882820,+3.40, +4.617, +0.160,+0.954
1604882880,+3.40, +4.627, +0.161,+0.954
1604882940,+3.40, +4.617, +0.161,+0.954
1604883000,+3.40, +4.668, +0.161,+0.954
1604883060,+3.40, +4.688, +0.161,+0.954
1604883120,+3.40, +4.709, +0.160,+0.954
1604883180,+3.40, +4.668, +0.161,+0.954
1604883240,+3.40, +4.688, +0.159,+0.954
1604883300,+3.40, +4.688, +0.160,+0.954
1604883360,+3.40, +4.627, +0.160,+0.954
1604883420,+3.40, +4.627, +0.158,+0.954
1604883480,+3.40, +4.617, +0.161,+0.954
1604883540,+3.40, +4.566, +0.161,+0.954
1604883600,+3.40, +4.566, +0.159,+0.954
1604883660,+3.40, +4.576, +0.161,+0.954
1604883720,+3.40, +4.535, +0.163,+0.954
1604883780,+3.40, +4.545, +0.162,+0.954
1604883840,+3.40, +4.566, +0.160,+0.954
1604883900,+3.40, +4.535, +0.161,+0.954
1604883960,+3.40, +4.545, +0.161,+0.954
1604884020,+3.40, +4.556, +0.160,+0.954
1604884080,+3.40, +4.545, +0.162,+0.954
1604884140,+3.40, +4.525, +0.161,+0.954
1604884200,+3.40, +4.535, +0.161,+0.954
1604884260,+3.40, +4.535, +0.162,+0.954
1604884320,+3.40, +4.515, +0.163,+0.954
1604884380,+3.40, +4.515, +0.161,+0.954
1604884440,+3.40, +4.494, +0.160,+0.954
1604884500,+3.40, +4.515, +0.161,+0.954
1604884560,+3.40, +4.504, +0.161,+0.954
1604884620,+3.40, +4.525, +0.162,+0.954
1604884680,+3.40, +4.504, +0.161,+0.954
1604884740,+3.40, +4.504, +0.162,+0.954
1604884800,+3.40, +4.545, +0.161,+0.954
1604884860,+3.40, +4.504, +0.160,+0.954
1604884920,+3.40, +4.494, +0.162,+0.954
1604884980,+3.40, +4.504, +0.162,+0.954
1604885040,+3.40, +4.494, +0.160,+0.954
1604885100,+3.40, +4.484, +0.161,+0.954
1604885160,+3.40, +4.535, +0.161,+0.954
1604885220,+3.40, +4.535, +0.161,+0.954
1604885280,+3.40, +4.535, +0.162,+0.954
1604885340,+3.39, +4.504, +0.162,+0.954
1604885400,+3.40, +4.474, +0.161,+0.954
1604885460,+3.40, +4.463, +0.162,+0.954
1604885520,+3.40, +4.474, +0.163,+0.954
1604885580,+3.40, +4.453, +0.161,+0.954
1604885640,+3.40, +4.433, +0.164,+0.954
1604885700,+3.40, +4.453, +0.163,+0.954
1604885760,+3.40, +4.443, +0.161,+0.954
1604885820,+3.40, +4.474, +0.161,+0.954
1604885880,+3.40, +4.484, +0.163,+0.954
1604885940,+3.40, +4.504, +0.161,+0.954
1604886000,+3.40, +4.504, +0.164,+0.954
1604886060,+3.39, +4.566, +0.162,+0.954
1604886120,+3.40, +4.586, +0.162,+0.954
1604886180,+3.40, +4.617, +0.161,+0.954
1604886240,+3.40, +4.678, +0.161,+0.954
1604886300,+3.40, +4.698, +0.160,+0.954
1604886360,+3.40, +4.658, +0.160,+0.954
1604886420,+3.40, +4.637, +0.160,+0.954
1604886480,+3.40, +4.607, +0.161,+0.954
1604886540,+3.40, +4.596, +0.160,+0.954
1604886600,+3.40, +4.627, +0.162,+0.954
1604886660,+3.40, +4.658, +0.162,+0.954
1604886720,+3.39, +4.688, +0.160,+0.954
1604886780,+3.40, +4.678, +0.161,+0.954
1604886840,+3.40, +4.698, +0.160,+0.954
1604886900,+3.40, +4.647, +0.160,+0.954
1604886960,+3.40, +4.627, +0.161,+0.954
1604887020,+3.40, +4.617, +0.161,+0.954
1604887080,+3.40, +4.627, +0.159,+0.954
1604887140,+3.40, +4.617, +0.160,+0.954
1604887200,+3.40, +4.596, +0.160,+0.954
1604887260,+3.40, +4.545, +0.162,+0.954
1604887320,+3.40, +4.556, +0.159,+0.954
1604887380,+3.40, +4.525, +0.161,+0.954
1604887440,+3.40, +4.535, +0.163,+0.954
1604887500,+3.40, +4.535, +0.161,+0.954
1604887560,+3.40, +4.596, +0.161,+0.954
1604887620,+3.40, +4.556, +0.163,+0.954
1604887680,+3.40, +4.545, +0.161,+0.954
1604887740,+3.40, +4.566, +0.162,+0.954
1604887800,+3.39, +4.535, +0.161,+0.954
1604887860,+3.40, +4.525, +0.162,+0.954
1604887920,+3.40, +4.525, +0.163,+0.954
1604887980,+3.40, +4.545, +0.160,+0.954
1604888040,+3.40, +4.525, +0.161,+0.954
1604888100,+3.40, +4.535, +0.161,+0.954
1604888160,+3.40, +4.535, +0.161,+0.954
1604888220,+3.40, +4.545, +0.160,+0.954
1604888280,+3.40, +4.525, +0.162,+0.954
1604888340,+3.40, +4.494, +0.161,+0.954
1604888400,+3.40, +4.494, +0.160,+0.954
1604888460,+3.40, +4.463, +0.160,+0.954
1604888520,+3.40, +4.422, +0.161,+0.954
1604888580,+3.40, +4.433, +0.161,+0.954
1604888640,+3.40, +4.433, +0.162,+0.954
1604888700,+3.40, +4.433, +0.163,+0.954
1604888760,+3.40, +4.402, +0.164,+0.954
1604888820,+3.40, +4.453, +0.160,+0.954
1604888880,+3.40, +4.433, +0.162,+0.954
1604888940,+3.40, +4.504, +0.162,+0.954
1604889000,+3.40, +4.484, +0.163,+0.954
1604889060,+3.40, +4.504, +0.163,+0.954
1604889120,+3.40, +4.545, +0.161,+0.954
1604889180,+3.40, +4.566, +0.162,+0.954
1604889240,+3.40, +4.607, +0.161,+0.954
1604889300,+3.40, +4.617, +0.160,+0.954
1604889360,+3.40, +4.566, +0.161,+0.954
1604889420,+3.40, +4.566, +0.160,+0.954
1604889480,+3.40, +4.576, +0.162,+0.954
1604889540,+3.40, +4.576, +0.161,+0.954
1604889600,+3.40, +4.566, +0.160,+0.954
1604889660,+3.40, +4.566, +0.161,+0.954
1604889720,+3.40, +4.556, +0.163,+0.954
1604889780,+3.40, +4.617, +0.160,+0.954
1604889840,+3.40, +4.678, +0.163,+0.955
1604889900,+3.40, +4.729, +0.163,+0.955
1604889960,+3.40, +4.790, +0.161,+0.954
1604890020,+3.40, +4.780, +0.160,+0.954
1604890080,+3.40, +4.780, +0.159,+0.954
1604890140,+3.40, +4.770, +0.158,+0.954
1604890200,+3.40, +4.719, +0.158,+0.954
1604890260,+3.40, +4.678, +0.160,+0.954
1604890320,+3.40, +4.658, +0.160,+0.954
1604890380,+3.40, +4.698, +0.160,+0.954
1604890440,+3.40, +4.647, +0.160,+0.954
1604890500,+3.40, +4.607, +0.159,+0.954
1604890560,+3.40, +4.576, +0.161,+0.954
1604890620,+3.40, +4.566, +0.161,+0.954
1604890680,+3.40, +4.566, +0.159,+0.954
1604890740,+3.40, +4.515, +0.162,+0.954
1604890800,+3.40, +4.545, +0.162,+0.954
1604890860,+3.40, +4.586, +0.162,+0.954
1604890920,+3.40, +4.637, +0.160,+0.954
1604890980,+3.40, +4.607, +0.161,+0.954
1604891040,+3.40, +4.617, +0.161,+0.954
1604891100,+3.40, +4.627, +0.160,+0.954
1604891160,+3.40, +4.617, +0.161,+0.954
1604891220,+3.40, +4.607, +0.161,+0.954
1604891280,+3.40, +4.607, +0.161,+0.954
1604891340,+3.40, +4.607, +0.160,+0.954
1604891400,+3.40, +4.596, +0.158,+0.954
1604891460,+3.40, +4.545, +0.162,+0.954
1604891520,+3.40, +4.525, +0.161,+0.954
1604891580,+3.40, +4.504, +0.161,+0.954
1604891640,+3.40, +4.515, +0.160,+0.954
1604891700,+3.40, +4.504, +0.162,+0.954
1604891760,+3.40, +4.494, +0.161,+0.954
1604891820,+3.40, +4.474, +0.161,+0.954
1604891880,+3.40, +4.474, +0.161,+0.954
1604891940,+3.40, +4.453, +0.162,+0.954
1604892000,+3.40, +4.474, +0.162,+0.954
1604892060,+3.40, +4.484, +0.162,+0.954
1604892120,+3.40, +4.494, +0.162,+0.954
1604892180,+3.40, +4.515, +0.162,+0.954
1604892240,+3.40, +4.515, +0.161,+0.954
1604892300,+3.40, +4.535, +0.159,+0.954
1604892360,+3.40, +4.494, +0.160,+0.954
1604892420,+3.40, +4.525, +0.162,+0.954
1604892480,+3.40, +4.515, +0.161,+0.954
1604892540,+3.40, +4.545, +0.161,+0.954
1604892600,+3.40, +4.545, +0.162,+0.954
1604892660,+3.40, +4.586, +0.160,+0.954
1604892720,+3.40, +4.576, +0.161,+0.954
1604892780,+3.40, +4.596, +0.161,+0.954
1604892840,+3.40, +4.576, +0.161,+0.954
1604892900,+3.40, +4.617, +0.160,+0.954
1604892960,+3.40, +4.627, +0.162,+0.954
1604893020,+3.40, +4.607, +0.161,+0.954
1604893080,+3.40, +4.607, +0.161,+0.954
1604893140,+3.40, +4.586, +0.162,+0.954
1604893200,+3.40, +4.566, +0.160,+0.954
1604893260,+3.40, +4.515, +0.161,+0.954
1604893320,+3.40, +4.535, +0.161,+0.954
1604893380,+3.40, +4.535, +0.161,+0.954
1604893440,+3.40, +4.586, +0.162,+0.954
1604893500,+3.40, +4.576, +0.161,+0.954
1604893560,+3.40, +4.545, +0.159,+0.954
1604893620,+3.40, +4.556, +0.162,+0.954
1604893680,+3.40, +4.607, +0.160,+0.954
1604893740,+3.40, +4.637, +0.161,+0.954
1604893800,+3.40, +4.647, +0.160,+0.954
1604893860,+3.40, +4.668, +0.159,+0.954
1604893920,+3.40, +4.637, +0.161,+0.954
1604893980,+3.40, +4.678, +0.161,+0.954
1604894040,+3.40, +4.668, +0.158,+0.954
1604894100,+3.40, +4.658, +0.159,+0.954
1604894160,+3.40, +4.607, +0.160,+0.954
1604894220,+3.40, +4.596, +0.160,+0.954
1604894280,+3.40, +4.576, +0.162,+0.954
1604894340,+3.40, +4.586, +0.160,+0.954
1604894400,+3.40, +4.607, +0.161,+0.954
1604894460,+3.40, +4.607, +0.162,+0.954
1604894520,+3.40, +4.617, +0.161,+0.954
1604894580,+3.40, +4.596, +0.161,+0.954
1604894640,+3.40, +4.586, +0.160,+0.954
1604894700,+3.40, +4.556, +0.161,+0.954
1604894760,+3.40, +4.556, +0.161,+0.954
1604894820,+3.40, +4.566, +0.161,+0.954
1604894880,+3.40, +4.586, +0.161,+0.954
1604894940,+3.40, +4.566, +0.161,+0.954
1604895000,+3.40, +4.566, +0.162,+0.954
1604895060,+3.40, +4.535, +0.161,+0.954
1604895120,+3.40, +4.525, +0.161,+0.954
1604895180,+3.40, +4.494, +0.160,+0.954
1604895240,+3.39, +4.494, +0.162,+0.954
1604895300,+3.40, +4.494, +0.162,+0.954
1604895360,+3.40, +4.494, +0.161,+0.954
1604895420,+3.40, +4.545, +0.159,+0.954
1604895480,+3.40, +4.545, +0.160,+0.954
1604895540,+3.40, +4.566, +0.162,+0.954
1604895600,+3.40, +4.484, +0.162,+0.954
1604895660,+3.40, +4.525, +0.162,+0.954
1604895720,+3.40, +4.535, +0.160,+0.954
1604895780,+3.40, +4.525, +0.161,+0.954
1604895840,+3.40, +4.525, +0.161,+0.954
1604895900,+3.40, +4.525, +0.162,+0.954
1604895960,+3.40, +4.556, +0.161,+0.954
1604896020,+3.40, +4.545, +0.161,+0.954
1604896080,+3.40, +4.545, +0.161,+0.954
1604896140,+3.40, +4.556, +0.161,+0.954
1604896200,+3.40, +4.556, +0.160,+0.954
1604896260,+3.40, +4.535, +0.159,+0.954
1604896320,+3.40, +4.535, +0.161,+0.954
1604896380,+3.40, +4.515, +0.161,+0.954
1604896440,+3.40, +4.515, +0.161,+0.954
1604896500,+3.40, +4.494, +0.162,+0.954
1604896560,+3.40, +4.474, +0.163,+0.954
1604896620,+3.40, +4.463, +0.162,+0.954
1604896680,+3.40, +4.515, +0.161,+0.954
1604896740,+3.40, +4.545, +0.160,+0.954
1604896800,+3.40, +4.504, +0.162,+0.954
1604896860,+3.40, +4.515, +0.160,+0.954
1604896920,+3.40, +4.515, +0.160,+0.954
1604896980,+3.40, +4.474, +0.162,+0.954
1604897040,+3.40, +4.504, +0.163,+0.954
1604897100,+3.40, +4.515, +0.163,+0.954
1604897160,+3.40, +4.566, +0.163,+0.954
1604897220,+3.40, +4.596, +0.162,+0.954
1604897280,+3.40, +4.607, +0.161,+0.954
1604897340,+3.40, +4.586, +0.160,+0.954
1604897400,+3.40, +4.545, +0.161,+0.954
1604897460,+3.40, +4.556, +0.161,+0.954
1604897520,+3.40, +4.586, +0.161,+0.954
1604897580,+3.40, +4.596, +0.161,+0.954
1604897640,+3.40, +4.576, +0.163,+0.954
1604897700,+3.40, +4.586, +0.162,+0.954
1604897760,+3.40, +4.607, +0.162,+0.954
1604897820,+3.40, +4.556, +0.163,+0.954
1604897880,+3.40, +4.545, +0.161,+0.954
1604897940,+3.40, +4.545, +0.160,+0.954
1604898000,+3.40, +4.515, +0.163,+0.954
1604898060,+3.40, +4.535, +0.161,+0.954
1604898120,+3.40, +4.545, +0.161,+0.954
1604898180,+3.40, +4.515, +0.163,+0.954
1604898240,+3.40, +4.545, +0.161,+0.954
1604898300,+3.40, +4.566, +0.160,+0.954
1604898360,+3.40, +4.566, +0.161,+0.954
1604898420,+3.40, +4.586, +0.164,+0.954
1604898480,+3.40, +4.556, +0.161,+0.954
1604898540,+3.40, +4.566, +0.161,+0.954
1604898600,+3.40, +4.535, +0.162,+0.954
1604898660,+3.40, +4.566, +0.160,+0.954
1604898720,+3.40, +4.566, +0.161,+0.954
1604898780,+3.40, +4.566, +0.162,+0.954
1604898840,+3.40, +4.586, +0.162,+0.954
1604898900,+3.40, +4.607, +0.162,+0.954
1604898960,+3.40, +4.535, +0.161,+0.954
1604899020,+3.40, +4.556, +0.161,+0.954
1604899080,+3.40, +4.556, +0.162,+0.954
1604899140,+3.40, +4.566, +0.159,+0.954
1604899200,+3.40, +4.525, +0.161,+0.954
1604899260,+3.40, +4.463, +0.161,+0.954
1604899320,+3.40, +4.494, +0.161,+0.954
1604899380,+3.40, +4.474, +0.161,+0.954
1604899440,+3.40, +4.494, +0.162,+0.954
1604899500,+3.40, +4.474, +0.160,+0.954
1604899560,+3.40, +4.494, +0.161,+0.954
1604899620,+3.40, +4.494, +0.161,+0.954
1604899680,+3.40, +4.515, +0.162,+0.954
1604899740,+3.40, +4.515, +0.160,+0.954
1604899800,+3.40, +4.504, +0.160,+0.954
1604899860,+3.40, +4.463, +0.163,+0.954
1604899920,+3.40, +4.474, +0.163,+0.954
1604899980,+3.40, +4.515, +0.161,+0.954
1604900040,+3.40, +4.474, +0.162,+0.954
1604900100,+3.40, +4.494, +0.160,+0.954
1604900160,+3.40, +4.494, +0.162,+0.954
1604900220,+3.40, +4.494, +0.162,+0.954
1604900280,+3.40, +4.525, +0.162,+0.954
1604900340,+3.40, +4.463, +0.162,+0.954
1604900400,+3.40, +4.504, +0.161,+0.954
1604900460,+3.40, +4.525, +0.161,+0.954
1604900520,+3.40, +4.556, +0.160,+0.954
1604900580,+3.40, +4.556, +0.161,+0.954
1604900640,+3.40, +4.566, +0.162,+0.954
1604900700,+3.40, +4.545, +0.161,+0.954
1604900760,+3.40, +4.556, +0.161,+0.954
1604900820,+3.40, +4.525, +0.161,+0.954
1604900880,+3.40, +4.535, +0.161,+0.954
1604900940,+3.40, +4.556, +0.161,+0.954
1604901000,+3.40, +4.535, +0.161,+0.954
1604901060,+3.40, +4.566, +0.162,+0.954
1604901120,+3.40, +4.556, +0.161,+0.954
1604901180,+3.40, +4.535, +0.161,+0.954
1604901240,+3.40, +4.535, +0.161,+0.954
1604901300,+3.40, +4.566, +0.161,+0.954
1604901360,+3.40, +4.576, +0.160,+0.954
1604901420,+3.40, +4.566, +0.162,+0.954
1604901480,+3.40, +4.576, +0.162,+0.954
1604901540,+3.40, +4.586, +0.162,+0.954
1604901600,+3.40, +4.658, +0.162,+0.954
1604901660,+3.40, +4.668, +0.160,+0.954
1604901720,+3.40, +4.668, +0.159,+0.954
1604901780,+3.40, +4.617, +0.159,+0.954
1604901840,+3.40, +4.566, +0.162,+0.954
1604901900,+3.40, +4.658, +0.161,+0.954
1604901960,+3.40, +4.678, +0.159,+0.954
1604902020,+3.40, +4.688, +0.160,+0.954
1604902080,+3.40, +4.719, +0.159,+0.954
1604902140,+3.40, +4.698, +0.161,+0.954
1604902200,+3.40, +4.749, +0.160,+0.954
1604902260,+3.40, +4.800, +0.159,+0.954
1604902320,+3.40, +4.780, +0.161,+0.954
1604902380,+3.40, +4.821, +0.159,+0.954
1604902440,+3.40, +4.851, +0.159,+0.954
1604902500,+3.40, +4.790, +0.160,+0.954
1604902560,+3.40, +4.749, +0.161,+0.954
1604902620,+3.40, +4.698, +0.162,+0.954
1604902680,+3.40, +4.729, +0.158,+0.954
1604902740,+3.40, +4.719, +0.162,+0.954
1604902800,+3.40, +4.729, +0.159,+0.954
1604902860,+3.40, +4.739, +0.159,+0.954
1604902920,+3.40, +4.719, +0.160,+0.954
1604902980,+3.40, +4.688, +0.159,+0.954
1604903040,+3.40, +4.658, +0.160,+0.954
1604903100,+3.40, +4.658, +0.161,+0.954
1604903160,+3.40, +4.658, +0.160,+0.954
1604903220,+3.40, +4.668, +0.161,+0.954
1604903280,+3.40, +4.617, +0.160,+0.954
1604903340,+3.40, +4.586, +0.161,+0.954
1604903400,+3.40, +4.617, +0.160,+0.954
1604903460,+3.40, +4.566, +0.160,+0.954
1604903520,+3.40, +4.545, +0.162,+0.954
1604903580,+3.40, +4.545, +0.162,+0.954
1604903640,+3.40, +4.576, +0.161,+0.954
1604903700,+3.40, +4.545, +0.160,+0.954
1604903760,+3.40, +4.556, +0.160,+0.954
1604903820,+3.40, +4.566, +0.161,+0.954
1604903880,+3.40, +4.596, +0.162,+0.954
1604903940,+3.40, +4.627, +0.161,+0.954
1604904000,+3.40, +4.688, +0.161,+0.954
1604904060,+3.40, +4.719, +0.160,+0.954
1604904120,+3.40, +4.729, +0.161,+0.954
1604904180,+3.40, +4.709, +0.161,+0.954
1604904240,+3.40, +4.709, +0.160,+0.954
1604904300,+3.40, +4.760, +0.159,+0.954
1604904360,+3.40, +4.698, +0.161,+0.954
1604904420,+3.40, +4.729, +0.160,+0.954
1604904480,+3.40, +4.658, +0.160,+0.954
1604904540,+3.40, +4.719, +0.160,+0.954
1604904600,+3.40, +4.688, +0.160,+0.954
1604904660,+3.40, +4.729, +0.160,+0.954
1604904720,+3.40, +4.678, +0.160,+0.954
1604904780,+3.40, +4.647, +0.160,+0.954
1604904840,+3.40, +4.658, +0.161,+0.954
1604904900,+3.40, +4.617, +0.163,+0.954
1604904960,+3.40, +4.617, +0.160,+0.954
1604905020,+3.40, +4.596, +0.163,+0.954
1604905080,+3.40, +4.596, +0.161,+0.954
1604905140,+3.40, +4.556, +0.161,+0.954
1604905200,+3.40, +4.535, +0.160,+0.954
1604905260,+3.40, +4.545, +0.160,+0.954
1604905320,+3.40, +4.525, +0.162,+0.954
1604905380,+3.40, +4.576, +0.161,+0.954
1604905440,+3.40, +4.596, +0.161,+0.954
1604905500,+3.40, +4.586, +0.161,+0.954
1604905560,+3.40, +4.586, +0.161,+0.954
1604905620,+3.40, +4.576, +0.160,+0.954
1604905680,+3.40, +4.545, +0.161,+0.954
1604905740,+3.40, +4.535, +0.160,+0.954
1604905800,+3.40, +4.556, +0.161,+0.954
1604905860,+3.40, +4.576, +0.160,+0.954
1604905920,+3.40, +4.576, +0.161,+0.954
1604905980,+3.40, +4.556, +0.162,+0.954
1604906040,+3.40, +4.525, +0.160,+0.954
1604906100,+3.40, +4.535, +0.162,+0.954
1604906160,+3.40, +4.494, +0.161,+0.954
1604906220,+3.40, +4.484, +0.162,+0.954
1604906280,+3.40, +4.484, +0.160,+0.954
1604906340,+3.40, +4.484, +0.161,+0.954
1604906400,+3.40, +4.484, +0.163,+0.954
1604906460,+3.40, +4.494, +0.161,+0.954
1604906520,+3.40, +4.484, +0.161,+0.954
1604906580,+3.40, +4.443, +0.161,+0.954
1604906640,+3.40, +4.453, +0.161,+0.954
1604906700,+3.40, +4.474, +0.161,+0.954
1604906760,+3.40, +4.494, +0.163,+0.954
1604906820,+3.40, +4.545, +0.161,+0.954
1604906880,+3.40, +4.566, +0.161,+0.954
1604906940,+3.40, +4.556, +0.162,+0.954
1604907000,+3.39, +4.576, +0.160,+0.954
1604907060,+3.40, +4.566, +0.162,+0.954
1604907120,+3.40, +4.576, +0.162,+0.954
1604907180,+3.40, +4.596, +0.161,+0.954
1604907240,+3.40, +4.596, +0.160,+0.954
1604907300,+3.40, +4.627, +0.161,+0.954
1604907360,+3.40, +4.627, +0.160,+0.954
1604907420,+3.40, +4.586, +0.161,+0.954
1604907480,+3.40, +4.586, +0.161,+0.954
1604907540,+3.40, +4.586, +0.160,+0.954
1604907600,+3.40, +4.586, +0.160,+0.954
1604907660,+3.40, +4.637, +0.160,+0.954
1604907720,+3.40, +4.617, +0.161,+0.954
1604907780,+3.40, +4.617, +0.161,+0.954
1604907840,+3.40, +4.627, +0.161,+0.954
1604907900,+3.40, +4.678, +0.160,+0.954
1604907960,+3.40, +4.698, +0.160,+0.954
1604908020,+3.40, +4.719, +0.159,+0.954
1604908080,+3.40, +4.719, +0.161,+0.954
1604908140,+3.40, +4.780, +0.158,+0.954
1604908200,+3.40, +4.821, +0.158,+0.954
1604908260,+3.40, +4.831, +0.159,+0.954
1604908320,+3.40, +4.831, +0.158,+0.954
1604908380,+3.40, +4.871, +0.158,+0.954
1604908440,+3.40, +4.790, +0.161,+0.954
1604908500,+3.40, +4.790, +0.159,+0.954
1604908560,+3.40, +4.760, +0.160,+0.954
1604908620,+3.40, +4.698, +0.159,+0.954
1604908680,+3.40, +4.688, +0.160,+0.954
1604908740,+3.40, +4.688, +0.160,+0.954
1604908800,+3.40, +4.688, +0.160,+0.954
1604908860,+3.40, +4.647, +0.159,+0.954
1604908920,+3.40, +4.627, +0.161,+0.954
1604908980,+3.40, +4.647, +0.159,+0.954
1604909040,+3.40, +4.678, +0.160,+0.954
1604909100,+3.40, +4.627, +0.161,+0.954
1604909160,+3.40, +4.637, +0.160,+0.954
1604909220,+3.40, +4.637, +0.162,+0.954
1604909280,+3.40, +4.586, +0.160,+0.954
1604909340,+3.40, +4.586, +0.160,+0.954
1604909400,+3.40, +4.566, +0.161,+0.954
1604909460,+3.40, +4.545, +0.160,+0.954
1604909520,+3.40, +4.556, +0.161,+0.954
1604909580,+3.40, +4.545, +0.160,+0.954
1604909640,+3.40, +4.525, +0.161,+0.954
1604909700,+3.40, +4.545, +0.160,+0.954
1604909760,+3.40, +4.556, +0.161,+0.954
1604909820,+3.40, +4.576, +0.161,+0.954
1604909880,+3.40, +4.596, +0.163,+0.954
1604909940,+3.40, +4.627, +0.161,+0.954
1604910000,+3.40, +4.637, +0.162,+0.954
1604910060,+3.40, +4.698, +0.160,+0.954
1604910120,+3.40, +4.719, +0.160,+0.954
1604910180,+3.40, +4.719, +0.161,+0.954
1604910240,+3.40, +4.770, +0.160,+0.954
1604910300,+3.40, +4.780, +0.160,+0.954
1604910360,+3.40, +4.810, +0.159,+0.954
1604910420,+3.40, +4.821, +0.160,+0.954
1604910480,+3.40, +4.800, +0.160,+0.954
1604910540,+3.40, +4.821, +0.160,+0.954
1604910600,+3.40, +4.821, +0.158,+0.954
1604910660,+3.40, +4.780, +0.159,+0.954
1604910720,+3.40, +4.770, +0.160,+0.954
1604910780,+3.40, +4.719, +0.159,+0.954
1604910840,+3.40, +4.688, +0.159,+0.954
1604910900,+3.40, +4.658, +0.158,+0.954
1604910960,+3.40, +4.637, +0.160,+0.954
1604911020,+3.40, +4.637, +0.160,+0.954
1604911080,+3.40, +4.596, +0.161,+0.954
1604911140,+3.40, +4.566, +0.161,+0.954
1604911200,+3.40, +4.566, +0.161,+0.954
1604911260,+3.40, +4.545, +0.160,+0.954
1604911320,+3.40, +4.515, +0.161,+0.953
1604911380,+3.40, +4.556, +0.161,+0.954
1604911440,+3.40, +4.494, +0.162,+0.954
1604911500,+3.40, +4.504, +0.162,+0.954
1604911560,+3.40, +4.535, +0.161,+0.954
1604911620,+3.40, +4.515, +0.161,+0.954
1604911680,+3.40, +4.515, +0.161,+0.954
1604911740,+3.40, +4.515, +0.160,+0.954
1604911800,+3.40, +4.494, +0.161,+0.954
1604911860,+3.40, +4.556, +0.161,+0.954
1604911920,+3.40, +4.535, +0.160,+0.954
1604911980,+3.40, +4.545, +0.162,+0.954
1604912040,+3.40, +4.586, +0.161,+0.954
1604912100,+3.40, +4.566, +0.161,+0.954
1604912160,+3.40, +4.586, +0.163,+0.954
1604912220,+3.40, +4.566, +0.159,+0.954
1604912280,+3.40, +4.576, +0.161,+0.954
1604912340,+3.40, +4.617, +0.161,+0.954
1604912400,+3.40, +4.658, +0.162,+0.954
1604912460,+3.40, +4.688, +0.162,+0.954
1604912520,+3.40, +4.658, +0.161,+0.954
1604912580,+3.40, +4.678, +0.160,+0.954
1604912640,+3.40, +4.627, +0.159,+0.954
1604912700,+3.40, +4.617, +0.160,+0.954
1604912760,+3.40, +4.607, +0.161,+0.954
1604912820,+3.40, +4.607, +0.160,+0.954
1604912880,+3.40, +4.607, +0.161,+0.954
1604912940,+3.40, +4.576, +0.160,+0.954
1604913000,+3.40, +4.556, +0.160,+0.954
1604913060,+3.40, +4.566, +0.162,+0.954
1604913120,+3.40, +4.596, +0.162,+0.954
1604913180,+3.40, +4.556, +0.160,+0.954
1604913240,+3.40, +4.596, +0.162,+0.954
1604913300,+3.40, +4.576, +0.160,+0.954
1604913360,+3.40, +4.535, +0.162,+0.954
1604913420,+3.40, +4.566, +0.161,+0.954
1604913480,+3.40, +4.586, +0.161,+0.954
1604913540,+3.40, +4.607, +0.161,+0.954
1604913600,+3.40, +4.586, +0.162,+0.954
1604913660,+3.40, +4.596, +0.159,+0.954
1604913720,+3.40, +4.566, +0.160,+0.954
1604913780,+3.40, +4.556, +0.162,+0.954
1604913840,+3.40, +4.596, +0.162,+0.954
1604913900,+3.40, +4.607, +0.160,+0.954
1604913960,+3.40, +4.576, +0.161,+0.954
1604914020,+3.40, +4.607, +0.161,+0.954
1604914080,+3.40, +4.596, +0.160,+0.954
1604914140,+3.40, +4.617, +0.160,+0.954
1604914200,+3.40, +4.607, +0.160,+0.954
1604914260,+3.40, +4.596, +0.160,+0.954
1604914320,+3.40, +4.586, +0.161,+0.954
1604914380,+3.40, +4.545, +0.161,+0.954
1604914440,+3.40, +4.576, +0.162,+0.954
1604914500,+3.40, +4.586, +0.161,+0.954
1604914560,+3.40, +4.596, +0.162,+0.954
1604914620,+3.40, +4.637, +0.162,+0.954
1604914680,+3.40, +4.658, +0.161,+0.954
1604914740,+3.40, +4.586, +0.161,+0.954
1604914800,+3.40, +4.617, +0.160,+0.954
1604914860,+3.40, +4.607, +0.163,+0.954
1604914920,+3.40, +4.658, +0.162,+0.954
1604914980,+3.40, +4.637, +0.161,+0.954
1604915040,+3.40, +4.678, +0.159,+0.954
1604915100,+3.40, +4.678, +0.160,+0.954
1604915160,+3.40, +4.637, +0.160,+0.954
1604915220,+3.40, +4.596, +0.162,+0.954
1604915280,+3.40, +4.607, +0.161,+0.954
1604915340,+3.40, +4.658, +0.161,+0.954
1604915400,+3.40, +4.688, +0.161,+0.954
1604915460,+3.40, +4.760, +0.160,+0.954
1604915520,+3.40, +4.790, +0.160,+0.954
1604915580,+3.40, +4.841, +0.161,+0.954
1604915640,+3.40, +4.800, +0.160,+0.954
1604915700,+3.40, +4.790, +0.160,+0.954
1604915760,+3.40, +4.729, +0.158,+0.954
1604915820,+3.40, +4.719, +0.158,+0.954
1604915880,+3.40, +4.668, +0.159,+0.954
1604915940,+3.40, +4.658, +0.161,+0.954
1604916000,+3.40, +4.658, +0.162,+0.954
1604916060,+3.40, +4.627, +0.162,+0.954
1604916120,+3.40, +4.607, +0.160,+0.954
1604916180,+3.40, +4.596, +0.161,+0.954
1604916240,+3.40, +4.596, +0.160,+0.954
1604916300,+3.40, +4.566, +0.161,+0.954
1604916360,+3.40, +4.535, +0.161,+0.954
1604916420,+3.40, +4.566, +0.160,+0.954
1604916480,+3.40, +4.545, +0.160,+0.954
1604916540,+3.40, +4.566, +0.162,+0.954
1604916600,+3.40, +4.596, +0.160,+0.954
1604916660,+3.40, +4.617, +0.161,+0.954
1604916720,+3.40, +4.627, +0.160,+0.954
1604916780,+3.40, +4.596, +0.160,+0.954
1604916840,+3.40, +4.627, +0.160,+0.954
1604916900,+3.40, +4.617, +0.161,+0.954
1604916960,+3.40, +4.596, +0.161,+0.954
1604917020,+3.40, +4.576, +0.161,+0.954
1604917080,+3.40, +4.596, +0.160,+0.954
1604917140,+3.40, +4.576, +0.162,+0.954
1604917200,+3.40, +4.596, +0.161,+0.954
1604917260,+3.40, +4.535, +0.163,+0.954
1604917320,+3.40, +4.545, +0.160,+0.954
1604917380,+3.40, +4.494, +0.162,+0.954
1604917440,+3.40, +4.484, +0.161,+0.954
1604917500,+3.40, +4.494, +0.162,+0.954
1604917560,+3.40, +4.504, +0.162,+0.954
1604917620,+3.40, +4.504, +0.161,+0.954
1604917680,+3.40, +4.463, +0.162,+0.954
1604917740,+3.40, +4.484, +0.161,+0.954
1604917800,+3.40, +4.484, +0.162,+0.954
1604917860,+3.40, +4.545, +0.162,+0.954
1604917920,+3.40, +4.515, +0.162,+0.954
1604917980,+3.40, +4.566, +0.162,+0.954
1604918040,+3.40, +4.596, +0.160,+0.954
1604918100,+3.40, +4.596, +0.162,+0.954
1604918160,+3.40, +4.596, +0.160,+0.954
1604918220,+3.40, +4.637, +0.159,+0.954
1604918280,+3.40, +4.586, +0.160,+0.954
1604918340,+3.40, +4.525, +0.161,+0.954
1604918400,+3.40, +4.566, +0.158,+0.954
1604918460,+3.40, +4.556, +0.161,+0.954
1604918520,+3.40, +4.566, +0.161,+0.954
1604918580,+3.40, +4.556, +0.162,+0.954
1604918640,+3.40, +4.556, +0.160,+0.954
1604918700,+3.40, +4.566, +0.162,+0.954
1604918760,+3.40, +4.566, +0.161,+0.954
1604918820,+3.40, +4.566, +0.161,+0.954
1604918880,+3.40, +4.576, +0.161,+0.954
1604918940,+3.40, +4.556, +0.163,+0.954
1604919000,+3.40, +4.576, +0.162,+0.954
1604919060,+3.40, +4.586, +0.160,+0.954
1604919120,+3.40, +4.576, +0.160,+0.954
1604919180,+3.40, +4.556, +0.160,+0.954
1604919240,+3.40, +4.566, +0.160,+0.954
1604919300,+3.40, +4.525, +0.162,+0.954
1604919360,+3.40, +4.525, +0.161,+0.954
1604919420,+3.40, +4.545, +0.161,+0.954
1604919480,+3.40, +4.504, +0.161,+0.954
1604919540,+3.40, +4.525, +0.160,+0.954
1604919600,+3.40, +4.504, +0.160,+0.954
1604919660,+3.40, +4.525, +0.163,+0.954
1604919720,+3.40, +4.525, +0.160,+0.954
1604919780,+3.40, +4.545, +0.162,+0.954
1604919840,+3.40, +4.535, +0.161,+0.954
1604919900,+3.40, +4.566, +0.162,+0.954
1604919960,+3.40, +4.566, +0.161,+0.954
1604920020,+3.40, +4.617, +0.161,+0.954
1604920080,+3.40, +4.607, +0.162,+0.954
1604920140,+3.40, +4.596, +0.162,+0.954
1604920200,+3.40, +4.658, +0.161,+0.954
1604920260,+3.40, +4.688, +0.161,+0.954
1604920320,+3.40, +4.709, +0.160,+0.954
1604920380,+3.40, +4.719, +0.160,+0.954
1604920440,+3.40, +4.709, +0.160,+0.954
1604920500,+3.40, +4.709, +0.159,+0.954
1604920560,+3.40, +4.729, +0.160,+0.954
1604920620,+3.40, +4.719, +0.161,+0.954
1604920680,+3.40, +4.698, +0.159,+0.954
1604920740,+3.40, +4.698, +0.161,+0.954
1604920800,+3.40, +4.729, +0.159,+0.954
1604920860,+3.40, +4.719, +0.160,+0.954
1604920920,+3.40, +4.719, +0.160,+0.954
1604920980,+3.40, +4.647, +0.161,+0.954
1604921040,+3.40, +4.637, +0.162,+0.954
1604921100,+3.40, +4.596, +0.162,+0.954
1604921160,+3.40, +4.607, +0.161,+0.954
1604921220,+3.40, +4.607, +0.162,+0.954
1604921280,+3.40, +4.637, +0.162,+0.954
1604921340,+3.40, +4.647, +0.160,+0.954
1604921400,+3.40, +4.627, +0.162,+0.954
1604921460,+3.40, +4.647, +0.160,+0.954
1604921520,+3.40, +4.678, +0.161,+0.954
1604921580,+3.40, +4.637, +0.161,+0.954
1604921640,+3.40, +4.647, +0.159,+0.954
1604921700,+3.40, +4.617, +0.161,+0.954
1604921760,+3.40, +4.617, +0.161,+0.954
1604921820,+3.40, +4.607, +0.160,+0.954
1604921880,+3.40, +4.617, +0.161,+0.954
1604921940,+3.40, +4.678, +0.159,+0.954
1604922000,+3.40, +4.668, +0.160,+0.954
1604922060,+3.40, +4.678, +0.161,+0.954
1604922120,+3.40, +4.668, +0.160,+0.954
1604922180,+3.40, +4.627, +0.160,+0.954
1604922240,+3.40, +4.617, +0.160,+0.954
1604922300,+3.40, +4.658, +0.161,+0.954
1604922360,+3.40, +4.637, +0.161,+0.954
1604922420,+3.40, +4.627, +0.161,+0.954
1604922480,+3.40, +4.596, +0.160,+0.954
1604922540,+3.40, +4.566, +0.163,+0.954
1604922600,+3.40, +4.556, +0.160,+0.954
1604922660,+3.40, +4.515, +0.160,+0.954
1604922720,+3.40, +4.525, +0.160,+0.954
1604922780,+3.40, +4.556, +0.162,+0.954
1604922840,+3.40, +4.556, +0.161,+0.954
1604922900,+3.40, +4.586, +0.161,+0.954
1604922960,+3.40, +4.576, +0.160,+0.954
1604923020,+3.40, +4.576, +0.160,+0.954
1604923080,+3.40, +4.576, +0.161,+0.954
1604923140,+3.40, +4.596, +0.162,+0.954
1604923200,+3.40, +4.586, +0.160,+0.954
1604923260,+3.40, +4.678, +0.161,+0.954
1604923320,+3.40, +4.668, +0.162,+0.955
1604923380,+3.40, +4.688, +0.160,+0.954
1604923440,+3.40, +4.678, +0.162,+0.954
1604923500,+3.40, +4.688, +0.159,+0.954
1604923560,+3.40, +4.709, +0.161,+0.954
1604923620,+3.40, +4.688, +0.161,+0.954
1604923680,+3.40, +4.698, +0.161,+0.954
1604923740,+3.40, +4.658, +0.161,+0.954
1604923800,+3.40, +4.678, +0.161,+0.954
1604923860,+3.40, +4.698, +0.160,+0.954
1604923920,+3.40, +4.658, +0.161,+0.954
1604923980,+3.40, +4.647, +0.160,+0.954
1604924040,+3.40, +4.637, +0.161,+0.954
1604924100,+3.40, +4.647, +0.161,+0.954
1604924160,+3.40, +4.647, +0.160,+0.954
1604924220,+3.40, +4.627, +0.162,+0.954
1604924280,+3.40, +4.627, +0.162,+0.954
1604924340,+3.40, +4.658, +0.161,+0.954
1604924400,+3.40, +4.637, +0.162,+0.954
1604924460,+3.40, +4.607, +0.160,+0.954
1604924520,+3.40, +4.586, +0.161,+0.954
1604924580,+3.40, +4.637, +0.162,+0.954
1604924640,+3.40, +4.627, +0.159,+0.954
1604924700,+3.40, +4.627, +0.161,+0.954
1604924760,+3.40, +4.617, +0.159,+0.954
1604924820,+3.40, +4.637, +0.160,+0.954
1604924880,+3.40, +4.596, +0.162,+0.954
1604924940,+3.40, +4.596, +0.161,+0.954
1604925000,+3.40, +4.596, +0.161,+0.954
1604925060,+3.40, +4.586, +0.160,+0.954
1604925120,+3.40, +4.627, +0.162,+0.954
1604925180,+3.40, +4.607, +0.162,+0.954
1604925240,+3.40, +4.627, +0.161,+0.954
1604925300,+3.40, +4.668, +0.160,+0.954
1604925360,+3.40, +4.668, +0.161,+0.954
1604925420,+3.40, +4.678, +0.160,+0.954
1604925480,+3.40, +4.688, +0.160,+0.954
1604925540,+3.40, +4.698, +0.160,+0.954
1604925600,+3.40, +4.709, +0.162,+0.954
1604925660,+3.40, +4.658, +0.160,+0.954
1604925720,+3.40, +4.647, +0.159,+0.954
1604925780,+3.40, +4.637, +0.160,+0.954
1604925840,+3.40, +4.627, +0.160,+0.954
1604925900,+3.40, +4.647, +0.161,+0.954
1604925960,+3.40, +4.658, +0.161,+0.954
1604926020,+3.40, +4.658, +0.159,+0.954
1604926080,+3.40, +4.709, +0.161,+0.954
1604926140,+3.40, +4.709, +0.160,+0.954
1604926200,+3.40, +4.729, +0.162,+0.954
1604926260,+3.40, +4.709, +0.160,+0.954
1604926320,+3.40, +4.698, +0.161,+0.954
1604926380,+3.40, +4.678, +0.161,+0.954
1604926440,+3.40, +4.668, +0.161,+0.954
1604926500,+3.40, +4.729, +0.160,+0.954
1604926560,+3.40, +4.749, +0.159,+0.954
1604926620,+3.40, +4.749, +0.161,+0.954
1604926680,+3.40, +4.719, +0.159,+0.954
1604926740,+3.40, +4.709, +0.161,+0.954
1604926800,+3.40, +4.709, +0.161,+0.954
1604926860,+3.40, +4.709, +0.158,+0.954
1604926920,+3.40, +4.688, +0.161,+0.954
1604926980,+3.40, +4.698, +0.161,+0.954
1604927040,+3.40, +4.698, +0.160,+0.954
1604927100,+3.40, +4.729, +0.161,+0.954
1604927160,+3.40, +4.709, +0.160,+0.954
1604927220,+3.39, +4.729, +0.160,+0.954
1604927280,+3.40, +4.698, +0.162,+0.954
1604927340,+3.40, +4.688, +0.159,+0.954
1604927400,+3.40, +4.668, +0.161,+0.954
1604927460,+3.40, +4.688, +0.161,+0.954
1604927520,+3.40, +4.678, +0.159,+0.954
1604927580,+3.40, +4.647, +0.161,+0.954
1604927640,+3.40, +4.627, +0.161,+0.954
1604927700,+3.40, +4.607, +0.160,+0.954
1604927760,+3.40, +4.596, +0.161,+0.954
1604927820,+3.40, +4.556, +0.162,+0.954
1604927880,+3.40, +4.576, +0.160,+0.954
1604927940,+3.40, +4.556, +0.160,+0.954
1604928000,+3.40, +4.535, +0.160,+0.954
1604928060,+3.40, +4.535, +0.161,+0.954
1604928120,+3.40, +4.535, +0.161,+0.954
1604928180,+3.40, +4.515, +0.162,+0.954
1604928240,+3.40, +4.566, +0.162,+0.954
1604928300,+3.40, +4.566, +0.162,+0.954
1604928360,+3.40, +4.586, +0.162,+0.954
1604928420,+3.40, +4.617, +0.160,+0.954
1604928480,+3.40, +4.596, +0.162,+0.954
1604928540,+3.40, +4.627, +0.160,+0.954
1604928600,+3.40, +4.627, +0.161,+0.954
1604928660,+3.40, +4.617, +0.161,+0.954
1604928720,+3.40, +4.586, +0.162,+0.954
1604928780,+3.40, +4.586, +0.161,+0.954
1604928840,+3.40, +4.586, +0.161,+0.954
1604928900,+3.40, +4.617, +0.160,+0.954
1604928960,+3.40, +4.596, +0.160,+0.954
1604929020,+3.40, +4.586, +0.160,+0.954
1604929080,+3.40, +4.566, +0.161,+0.954
1604929140,+3.40, +4.545, +0.161,+0.954
1604929200,+3.40, +4.566, +0.162,+0.954
1604929260,+3.40, +4.556, +0.160,+0.954
1604929320,+3.40, +4.576, +0.161,+0.954
1604929380,+3.40, +4.596, +0.160,+0.954
1604929440,+3.40, +4.627, +0.162,+0.954
1604929500,+3.40, +4.607, +0.162,+0.954
1604929560,+3.40, +4.586, +0.161,+0.954
1604929620,+3.40, +4.545, +0.161,+0.954
1604929680,+3.40, +4.566, +0.162,+0.954
1604929740,+3.40, +4.576, +0.163,+0.954
1604929800,+3.40, +4.576, +0.161,+0.954
1604929860,+3.40, +4.576, +0.160,+0.954
1604929920,+3.40, +4.566, +0.160,+0.954
1604929980,+3.40, +4.566, +0.162,+0.954
1604930040,+3.40, +4.545, +0.163,+0.954
1604930100,+3.40, +4.515, +0.161,+0.954
1604930160,+3.40, +4.535, +0.161,+0.954
1604930220,+3.40, +4.617, +0.160,+0.954
1604930280,+3.40, +4.596, +0.161,+0.954
1604930340,+3.40, +4.627, +0.161,+0.954
1604930400,+3.40, +4.617, +0.160,+0.954
1604930460,+3.40, +4.607, +0.161,+0.954
1604930520,+3.40, +4.607, +0.160,+0.954
1604930580,+3.40, +4.586, +0.161,+0.954
1604930640,+3.39, +4.566, +0.161,+0.954
1604930700,+3.40, +4.586, +0.162,+0.954
1604930760,+3.40, +4.627, +0.160,+0.954
1604930820,+3.40, +4.627, +0.161,+0.954
1604930880,+3.39, +4.596, +0.160,+0.954
1604930940,+3.40, +4.617, +0.160,+0.954
1604931000,+3.39, +4.627, +0.160,+0.954
1604931060,+3.40, +4.637, +0.160,+0.954
1604931120,+3.40, +4.647, +0.161,+0.954
1604931180,+3.40, +4.596, +0.161,+0.954
1604931240,+3.40, +4.627, +0.160,+0.954
1604931300,+3.40, +4.556, +0.160,+0.954
1604931360,+3.40, +4.596, +0.162,+0.954
1604931420,+3.40, +4.607, +0.160,+0.954
1604931480,+3.40, +4.576, +0.161,+0.954
1604931540,+3.40, +4.576, +0.161,+0.954
1604931600,+3.40, +4.607, +0.160,+0.954
1604931660,+3.40, +4.617, +0.161,+0.954
1604931720,+3.40, +4.617, +0.160,+0.954
1604931780,+3.40, +4.647, +0.159,+0.954
1604931840,+3.40, +4.576, +0.161,+0.954
1604931900,+3.40, +4.576, +0.160,+0.954
1604931960,+3.40, +4.566, +0.161,+0.954
1604932020,+3.40, +4.556, +0.161,+0.954
1604932080,+3.40, +4.545, +0.162,+0.954
1604932140,+3.40, +4.556, +0.163,+0.954
1604932200,+3.40, +4.586, +0.163,+0.954
1604932260,+3.40, +4.596, +0.163,+0.954
1604932320,+3.40, +4.586, +0.160,+0.954
1604932380,+3.40, +4.556, +0.161,+0.954
1604932440,+3.40, +4.545, +0.162,+0.954
1604932500,+3.40, +4.535, +0.161,+0.954
1604932560,+3.40, +4.525, +0.162,+0.954
1604932620,+3.40, +4.545, +0.161,+0.954
1604932680,+3.40, +4.607, +0.161,+0.954
1604932740,+3.40, +4.566, +0.163,+0.954
1604932800,+3.40, +4.596, +0.161,+0.954
1604932860,+3.40, +4.607, +0.160,+0.954
1604932920,+3.40, +4.596, +0.163,+0.954
1604932980,+3.40, +4.617, +0.163,+0.954
1604933040,+3.40, +4.637, +0.162,+0.954
1604933100,+3.40, +4.668, +0.161,+0.954
1604933160,+3.40, +4.658, +0.161,+0.954
1604933220,+3.40, +4.647, +0.161,+0.954
1604933280,+3.40, +4.658, +0.160,+0.954
1604933340,+3.40, +4.637, +0.161,+0.954
1604933400,+3.40, +4.698, +0.160,+0.954
1604933460,+3.40, +4.729, +0.163,+0.954
1604933520,+3.40, +4.770, +0.160,+0.954
1604933580,+3.40, +4.821, +0.159,+0.954
1604933640,+3.40, +4.800, +0.159,+0.954
1604933700,+3.40, +4.770, +0.159,+0.954
1604933760,+3.40, +4.719, +0.159,+0.954
1604933820,+3.40, +4.719, +0.159,+0.954
1604933880,+3.40, +4.688, +0.159,+0.954
1604933940,+3.40, +4.647, +0.161,+0.954
1604934000,+3.40, +4.658, +0.160,+0.954
1604934060,+3.40, +4.627, +0.160,+0.954
1604934120,+3.40, +4.596, +0.160,+0.954
1604934180,+3.40, +4.596, +0.161,+0.954
1604934240,+3.40, +4.566, +0.161,+0.954
1604934300,+3.40, +4.576, +0.161,+0.954
1604934360,+3.40, +4.576, +0.161,+0.954
1604934420,+3.40, +4.576, +0.161,+0.954
1604934480,+3.40, +4.556, +0.160,+0.954
1604934540,+3.40, +4.494, +0.162,+0.954
1604934600,+3.40, +4.515, +0.161,+0.954
1604934660,+3.40, +4.545, +0.162,+0.954
1604934720,+3.40, +4.566, +0.162,+0.954
1604934780,+3.40, +4.535, +0.159,+0.954
1604934840,+3.40, +4.545, +0.162,+0.954
1604934900,+3.40, +4.586, +0.160,+0.954
1604934960,+3.40, +4.545, +0.161,+0.954
1604935020,+3.40, +4.525, +0.161,+0.954
1604935080,+3.40, +4.576, +0.162,+0.954
1604935140,+3.40, +4.535, +0.161,+0.954
1604935200,+3.40, +4.556, +0.161,+0.954
1604935260,+3.40, +4.545, +0.162,+0.954
1604935320,+3.40, +4.535, +0.162,+0.954
1604935380,+3.40, +4.504, +0.161,+0.954
1604935440,+3.40, +4.504, +0.161,+0.954
1604935500,+3.40, +4.504, +0.163,+0.954
1604935560,+3.40, +4.556, +0.161,+0.954
1604935620,+3.40, +4.566, +0.161,+0.954
1604935680,+3.40, +4.596, +0.161,+0.954
1604935740,+3.40, +4.566, +0.161,+0.954
1604935800,+3.40, +4.566, +0.161,+0.954
1604935860,+3.40, +4.566, +0.161,+0.954
1604935920,+3.40, +4.576, +0.160,+0.954
1604935980,+3.40, +4.556, +0.162,+0.954
1604936040,+3.40, +4.576, +0.161,+0.954
1604936100,+3.40, +4.586, +0.161,+0.954
1604936160,+3.40, +4.576, +0.161,+0.954
1604936220,+3.40, +4.556, +0.161,+0.954
1604936280,+3.40, +4.545, +0.162,+0.954
1604936340,+3.40, +4.535, +0.161,+0.954
1604936400,+3.40, +4.576, +0.161,+0.954
1604936460,+3.40, +4.596, +0.161,+0.954
1604936520,+3.40, +4.596, +0.162,+0.954
1604936580,+3.40, +4.607, +0.162,+0.954
1604936640,+3.40, +4.688, +0.162,+0.954
1604936700,+3.40, +4.739, +0.160,+0.954
1604936760,+3.40, +4.760, +0.161,+0.954
1604936820,+3.40, +4.800, +0.160,+0.954
1604936880,+3.40, +4.800, +0.159,+0.954
1604936940,+3.40, +4.780, +0.160,+0.954
1604937000,+3.40, +4.770, +0.161,+0.954
1604937060,+3.40, +4.739, +0.161,+0.954
1604937120,+3.40, +4.760, +0.161,+0.954
1604937180,+3.40, +4.729, +0.160,+0.954
1604937240,+3.40, +4.709, +0.163,+0.954
1604937300,+3.40, +4.678, +0.161,+0.954
1604937360,+3.40, +4.698, +0.161,+0.954
1604937420,+3.40, +4.698, +0.160,+0.954
1604937480,+3.40, +4.698, +0.161,+0.954
1604937540,+3.40, +4.658, +0.161,+0.954
1604937600,+3.40, +4.668, +0.160,+0.954
1604937660,+3.40, +4.637, +0.161,+0.954
1604937720,+3.40, +4.596, +0.161,+0.954
1604937780,+3.40, +4.576, +0.162,+0.954
1604937840,+3.40, +4.566, +0.160,+0.954
1604937900,+3.40, +4.566, +0.161,+0.954
1604937960,+3.40, +4.586, +0.161,+0.954
1604938020,+3.40, +4.566, +0.161,+0.954
1604938080,+3.40, +4.586, +0.161,+0.954
1604938140,+3.40, +4.637, +0.160,+0.954
1604938200,+3.40, +4.607, +0.162,+0.954
1604938260,+3.40, +4.617, +0.160,+0.954
1604938320,+3.40, +4.576, +0.161,+0.954
1604938380,+3.40, +4.556, +0.161,+0.954
1604938440,+3.40, +4.545, +0.160,+0.954
1604938500,+3.40, +4.535, +0.162,+0.954
1604938560,+3.40, +4.535, +0.161,+0.954
1604938620,+3.40, +4.545, +0.160,+0.954
1604938680,+3.40, +4.545, +0.161,+0.954
1604938740,+3.40, +4.596, +0.162,+0.954
1604938800,+3.40, +4.556, +0.160,+0.954
1604938860,+3.40, +4.545, +0.161,+0.954
1604938920,+3.40, +4.525, +0.162,+0.954
1604938980,+3.40, +4.576, +0.163,+0.954
1604939040,+3.40, +4.607, +0.161,+0.954
1604939100,+3.40, +4.637, +0.161,+0.954
1604939160,+3.40, +4.668, +0.160,+0.954
1604939220,+3.40, +4.678, +0.161,+0.954
1604939280,+3.40, +4.698, +0.163,+0.955
1604939340,+3.40, +4.719, +0.161,+0.954
1604939400,+3.40, +4.688, +0.160,+0.954
1604939460,+3.40, +4.668, +0.160,+0.954
1604939520,+3.40, +4.668, +0.158,+0.954
1604939580,+3.40, +4.658, +0.160,+0.954
1604939640,+3.40, +4.627, +0.160,+0.954
1604939700,+3.40, +4.668, +0.161,+0.954
1604939760,+3.40, +4.658, +0.160,+0.954
1604939820,+3.40, +4.627, +0.161,+0.954
1604939880,+3.40, +4.607, +0.161,+0.954
1604939940,+3.40, +4.596, +0.161,+0.954
1604940000,+3.40, +4.576, +0.160,+0.954
