7392-570653
OS REV: 1.11 Sensor Cal: 1428445788
Time (sec),  BV (Volts),  T (deg C),  DO (mg/l),  Q ()
1608050460,+3.39, +3.761, +0.167,+0.957
1608050520,+3.39, +3.719, +0.167,+0.957
1608050580,+3.39, +3.750, +0.167,+0.956
1608050640,+3.39, +3.740, +0.167,+0.956
1608050700,+3.39, +3.740, +0.167,+0.957
1608050760,+3.39, +3.729, +0.168,+0.957
1608050820,+3.39, +3.708, +0.168,+0.956
1608050880,+3.39, +3.740, +0.166,+0.956
1608050940,+3.39, +3.740, +0.166,+0.956
1608051000,+3.39, +3.750, +0.166,+0.956
1608051060,+3.39, +3.729, +0.168,+0.957
1608051120,+3.39, +3.771, +0.167,+0.956
1608051180,+3.39, +3.708, +0.167,+0.956
1608051240,+3.39, +3.750, +0.167,+0.957
1608051300,+3.39, +3.719, +0.168,+0.956
1608051360,+3.39, +3.719, +0.168,+0.956
1608051420,+3.39, +3.740, +0.168,+0.956
1608051480,+3.39, +3.750, +0.167,+0.957
1608051540,+3.39, +3.750, +0.166,+0.956
1608051600,+3.39, +3.740, +0.167,+0.956
1608051660,+3.39, +3.708, +0.166,+0.956
1608051720,+3.39, +3.740, +0.166,+0.957
1608051780,+3.39, +3.729, +0.168,+0.956
1608051840,+3.39, +3.729, +0.166,+0.956
1608051900,+3.39, +3.750, +0.167,+0.956
1608051960,+3.39, +3.740, +0.168,+0.956
1608052020,+3.39, +3.761, +0.167,+0.957
1608052080,+3.39, +3.761, +0.168,+0.957
1608052140,+3.39, +3.740, +0.168,+0.957
1608052200,+3.39, +3.740, +0.165,+0.956
1608052260,+3.39, +3.750, +0.168,+0.957
1608052320,+3.39, +3.740, +0.166,+0.956
1608052380,+3.39, +3.761, +0.167,+0.957
1608052440,+3.39, +3.729, +0.168,+0.957
1608052500,+3.39, +3.750, +0.167,+0.957
1608052560,+3.39, +3.740, +0.167,+0.956
1608052620,+3.39, +3.740, +0.168,+0.956
1608052680,+3.39, +3.729, +0.168,+0.957
1608052740,+3.39, +3.729, +0.167,+0.957
1608052800,+3.39, +3.698, +0.167,+0.956
1608052860,+3.39, +3.750, +0.167,+0.957
1608052920,+3.39, +3.740, +0.167,+0.956
1608052980,+3.39, +3.761, +0.168,+0.957
1608053040,+3.39, +3.750, +0.167,+0.957
1608053100,+3.39, +3.750, +0.167,+0.957
1608053160,+3.39, +3.750, +0.167,+0.956
1608053220,+3.40, +3.708, +0.168,+0.956
1608053280,+3.39, +3.750, +0.167,+0.957
1608053340,+3.39, +3.729, +0.167,+0.956
1608053400,+3.39, +3.750, +0.166,+0.957
1608053460,+3.39, +3.729, +0.166,+0.956
1608053520,+3.39, +3.750, +0.166,+0.957
1608053580,+3.39, +3.729, +0.168,+0.956
1608053640,+3.39, +3.740, +0.166,+0.956
1608053700,+3.39, +3.719, +0.167,+0.956
1608053760,+3.39, +3.688, +0.168,+0.956
1608053820,+3.40, +3.729, +0.168,+0.957
1608053880,+3.39, +3.750, +0.168,+0.957
1608053940,+3.39, +3.729, +0.166,+0.956
1608054000,+3.39, +3.771, +0.167,+0.957
1608054060,+3.39, +3.740, +0.166,+0.956
1608054120,+3.39, +3.740, +0.166,+0.956
1608054180,+3.39, +3.729, +0.168,+0.956
1608054240,+3.40, +3.719, +0.168,+0.956
1608054300,+3.39, +3.750, +0.169,+0.957
1608054360,+3.39, +3.761, +0.166,+0.956
1608054420,+3.39, +3.708, +0.167,+0.956
1608054480,+3.39, +3.719, +0.167,+0.956
1608054540,+3.39, +3.750, +0.167,+0.957
1608054600,+3.39, +3.750, +0.166,+0.956
1608054660,+3.39, +3.729, +0.169,+0.957
1608054720,+3.39, +3.740, +0.166,+0.956
1608054780,+3.39, +3.771, +0.167,+0.957
1608054840,+3.39, +3.750, +0.169,+0.957
1608054900,+3.39, +3.740, +0.168,+0.956
1608054960,+3.39, +3.719, +0.167,+0.956
1608055020,+3.39, +3.698, +0.168,+0.956
1608055080,+3.39, +3.698, +0.168,+0.956
1608055140,+3.39, +3.740, +0.168,+0.957
1608055200,+3.39, +3.729, +0.168,+0.957
1608055260,+3.39, +3.708, +0.167,+0.956
1608055320,+3.39, +3.740, +0.168,+0.956
1608055380,+3.39, +3.740, +0.169,+0.957
1608055440,+3.39, +3.750, +0.167,+0.956
1608055500,+3.39, +3.740, +0.167,+0.956
1608055560,+3.39, +3.719, +0.167,+0.956
1608055620,+3.39, +3.740, +0.168,+0.956
1608055680,+3.39, +3.740, +0.168,+0.957
1608055740,+3.39, +3.750, +0.166,+0.956
1608055800,+3.39, +3.740, +0.167,+0.956
1608055860,+3.39, +3.740, +0.168,+0.956
1608055920,+3.39, +3.740, +0.166,+0.957
1608055980,+3.39, +3.740, +0.167,+0.956
1608056040,+3.39, +3.771, +0.168,+0.957
1608056100,+3.39, +3.740, +0.167,+0.957
1608056160,+3.39, +3.750, +0.167,+0.956
1608056220,+3.39, +3.729, +0.168,+0.956
1608056280,+3.39, +3.750, +0.169,+0.957
1608056340,+3.39, +3.761, +0.165,+0.956
1608056400,+3.39, +3.729, +0.168,+0.956
1608056460,+3.39, +3.729, +0.168,+0.957
1608056520,+3.39, +3.729, +0.168,+0.957
1608056580,+3.39, +3.740, +0.167,+0.956
1608056640,+3.39, +3.740, +0.167,+0.956
1608056700,+3.39, +3.761, +0.168,+0.957
1608056760,+3.39, +3.771, +0.166,+0.956
1608056820,+3.39, +3.740, +0.165,+0.956
1608056880,+3.40, +3.740, +0.167,+0.957
1608056940,+3.40, +3.740, +0.168,+0.956
1608057000,+3.39, +3.761, +0.166,+0.957
1608057060,+3.39, +3.740, +0.168,+0.957
1608057120,+3.39, +3.740, +0.167,+0.957
1608057180,+3.39, +3.729, +0.167,+0.956
1608057240,+3.39, +3.771, +0.166,+0.957
1608057300,+3.39, +3.719, +0.167,+0.956
1608057360,+3.39, +3.740, +0.168,+0.957
1608057420,+3.39, +3.729, +0.168,+0.956
1608057480,+3.39, +3.729, +0.166,+0.956
1608057540,+3.39, +3.729, +0.167,+0.956
1608057600,+3.39, +3.729, +0.167,+0.956
1608057660,+3.39, +3.740, +0.166,+0.956
1608057720,+3.39, +3.740, +0.168,+0.957
1608057780,+3.39, +3.740, +0.166,+0.956
1608057840,+3.39, +3.740, +0.167,+0.956
1608057900,+3.39, +3.740, +0.166,+0.956
1608057960,+3.39, +3.761, +0.167,+0.957
1608058020,+3.39, +3.771, +0.166,+0.956
1608058080,+3.39, +3.708, +0.167,+0.956
1608058140,+3.39, +3.729, +0.168,+0.956
1608058200,+3.39, +3.708, +0.168,+0.956
1608058260,+3.39, +3.729, +0.166,+0.956
1608058320,+3.39, +3.729, +0.168,+0.957
1608058380,+3.39, +3.719, +0.167,+0.956
1608058440,+3.39, +3.740, +0.166,+0.956
1608058500,+3.39, +3.729, +0.167,+0.956
1608058560,+3.39, +3.740, +0.166,+0.956
1608058620,+3.39, +3.719, +0.168,+0.956
1608058680,+3.39, +3.729, +0.169,+0.957
1608058740,+3.39, +3.719, +0.169,+0.957
1608058800,+3.39, +3.740, +0.168,+0.956
1608058860,+3.40, +3.740, +0.168,+0.956
1608058920,+3.39, +3.729, +0.167,+0.956
1608058980,+3.39, +3.729, +0.167,+0.957
1608059040,+3.39, +3.719, +0.168,+0.957
1608059100,+3.39, +3.761, +0.166,+0.957
1608059160,+3.39, +3.740, +0.167,+0.956
1608059220,+3.39, +3.761, +0.170,+0.957
1608059280,+3.39, +3.761, +0.167,+0.956
1608059340,+3.39, +3.729, +0.168,+0.956
1608059400,+3.39, +3.719, +0.166,+0.956
1608059460,+3.39, +3.740, +0.167,+0.957
1608059520,+3.39, +3.740, +0.167,+0.956
1608059580,+3.39, +3.740, +0.168,+0.956
1608059640,+3.39, +3.750, +0.167,+0.956
1608059700,+3.39, +3.729, +0.167,+0.956
1608059760,+3.39, +3.719, +0.166,+0.956
1608059820,+3.39, +3.729, +0.168,+0.957
1608059880,+3.40, +3.740, +0.167,+0.957
1608059940,+3.39, +3.740, +0.168,+0.956
1608060000,+3.39, +3.761, +0.166,+0.956
1608060060,+3.39, +3.740, +0.167,+0.956
1608060120,+3.39, +3.740, +0.166,+0.956
1608060180,+3.39, +3.719, +0.169,+0.957
1608060240,+3.39, +3.719, +0.168,+0.957
1608060300,+3.39, +3.729, +0.167,+0.956
1608060360,+3.39, +3.750, +0.167,+0.957
1608060420,+3.39, +3.729, +0.166,+0.957
1608060480,+3.40, +3.740, +0.165,+0.956
1608060540,+3.39, +3.729, +0.166,+0.957
1608060600,+3.39, +3.761, +0.165,+0.956
1608060660,+3.39, +3.719, +0.167,+0.956
1608060720,+3.40, +3.740, +0.167,+0.956
1608060780,+3.39, +3.729, +0.168,+0.957
1608060840,+3.39, +3.729, +0.168,+0.957
1608060900,+3.39, +3.740, +0.167,+0.956
1608060960,+3.39, +3.740, +0.168,+0.957
1608061020,+3.40, +3.708, +0.168,+0.957
1608061080,+3.39, +3.750, +0.167,+0.956
1608061140,+3.39, +3.750, +0.167,+0.957
1608061200,+3.39, +3.740, +0.167,+0.957
1608061260,+3.39, +3.729, +0.168,+0.956
1608061320,+3.39, +3.729, +0.167,+0.956
1608061380,+3.39, +3.740, +0.164,+0.956
1608061440,+3.39, +3.750, +0.168,+0.956
1608061500,+3.39, +3.740, +0.166,+0.957
1608061560,+3.39, +3.740, +0.166,+0.956
1608061620,+3.39, +3.750, +0.167,+0.956
1608061680,+3.39, +3.750, +0.169,+0.956
1608061740,+3.39, +3.729, +0.166,+0.956
1608061800,+3.39, +3.740, +0.167,+0.956
1608061860,+3.39, +3.729, +0.166,+0.956
1608061920,+3.39, +3.750, +0.166,+0.956
1608061980,+3.39, +3.750, +0.168,+0.957
1608062040,+3.39, +3.740, +0.167,+0.957
1608062100,+3.39, +3.729, +0.168,+0.956
1608062160,+3.40, +3.729, +0.165,+0.956
1608062220,+3.39, +3.750, +0.168,+0.957
1608062280,+3.39, +3.729, +0.169,+0.957
1608062340,+3.39, +3.761, +0.167,+0.956
1608062400,+3.40, +3.740, +0.165,+0.956
1608062460,+3.40, +3.761, +0.165,+0.956
1608062520,+3.39, +3.740, +0.166,+0.956
1608062580,+3.40, +3.750, +0.166,+0.956
1608062640,+3.39, +3.761, +0.167,+0.956
1608062700,+3.39, +3.761, +0.167,+0.956
1608062760,+3.39, +3.750, +0.167,+0.957
1608062820,+3.39, +3.729, +0.166,+0.956
1608062880,+3.40, +3.729, +0.168,+0.956
1608062940,+3.39, +3.761, +0.166,+0.957
1608063000,+3.40, +3.750, +0.165,+0.956
1608063060,+3.39, +3.750, +0.167,+0.956
1608063120,+3.39, +3.750, +0.167,+0.956
1608063180,+3.39, +3.750, +0.168,+0.957
1608063240,+3.39, +3.729, +0.168,+0.957
1608063300,+3.39, +3.740, +0.167,+0.956
1608063360,+3.39, +3.719, +0.168,+0.957
1608063420,+3.39, +3.719, +0.168,+0.956
1608063480,+3.39, +3.750, +0.167,+0.956
1608063540,+3.39, +3.750, +0.167,+0.956
1608063600,+3.39, +3.761, +0.167,+0.957
1608063660,+3.39, +3.740, +0.168,+0.957
1608063720,+3.39, +3.729, +0.167,+0.956
1608063780,+3.39, +3.729, +0.167,+0.956
1608063840,+3.39, +3.761, +0.166,+0.956
1608063900,+3.40, +3.740, +0.167,+0.956
1608063960,+3.39, +3.761, +0.166,+0.956
1608064020,+3.39, +3.750, +0.166,+0.956
1608064080,+3.39, +3.750, +0.168,+0.957
1608064140,+3.40, +3.740, +0.166,+0.956
1608064200,+3.39, +3.750, +0.167,+0.956
1608064260,+3.39, +3.740, +0.168,+0.957
1608064320,+3.39, +3.719, +0.167,+0.956
1608064380,+3.39, +3.729, +0.168,+0.956
1608064440,+3.39, +3.750, +0.166,+0.956
1608064500,+3.39, +3.740, +0.166,+0.956
1608064560,+3.39, +3.740, +0.165,+0.956
1608064620,+3.40, +3.740, +0.166,+0.956
1608064680,+3.39, +3.750, +0.165,+0.956
1608064740,+3.39, +3.729, +0.166,+0.956
1608064800,+3.40, +3.750, +0.166,+0.956
1608064860,+3.39, +3.740, +0.167,+0.956
1608064920,+3.40, +3.729, +0.170,+0.957
1608064980,+3.39, +3.761, +0.167,+0.956
1608065040,+3.39, +3.729, +0.167,+0.956
1608065100,+3.39, +3.771, +0.168,+0.956
1608065160,+3.39, +3.729, +0.168,+0.956
1608065220,+3.40, +3.719, +0.168,+0.956
1608065280,+3.39, +3.740, +0.169,+0.956
1608065340,+3.39, +3.750, +0.166,+0.956
1608065400,+3.39, +3.740, +0.166,+0.956
1608065460,+3.39, +3.750, +0.166,+0.956
1608065520,+3.39, +3.750, +0.167,+0.956
1608065580,+3.39, +3.750, +0.167,+0.956
1608065640,+3.39, +3.750, +0.166,+0.956
1608065700,+3.39, +3.761, +0.166,+0.956
1608065760,+3.40, +3.761, +0.167,+0.956
1608065820,+3.39, +3.729, +0.168,+0.956
1608065880,+3.40, +3.750, +0.166,+0.956
1608065940,+3.39, +3.740, +0.167,+0.957
1608066000,+3.39, +3.761, +0.168,+0.956
1608066060,+3.39, +3.740, +0.169,+0.957
1608066120,+3.40, +3.750, +0.166,+0.956
1608066180,+3.39, +3.750, +0.166,+0.956
1608066240,+3.39, +3.740, +0.166,+0.956
1608066300,+3.40, +3.729, +0.166,+0.956
1608066360,+3.39, +3.740, +0.168,+0.956
1608066420,+3.39, +3.719, +0.168,+0.956
1608066480,+3.40, +3.719, +0.167,+0.956
1608066540,+3.39, +3.729, +0.166,+0.956
1608066600,+3.39, +3.740, +0.167,+0.956
1608066660,+3.39, +3.740, +0.167,+0.956
1608066720,+3.39, +3.740, +0.168,+0.957
1608066780,+3.39, +3.750, +0.167,+0.956
1608066840,+3.39, +3.729, +0.167,+0.956
1608066900,+3.39, +3.729, +0.168,+0.956
1608066960,+3.39, +3.729, +0.169,+0.956
1608067020,+3.39, +3.750, +0.168,+0.957
1608067080,+3.39, +3.719, +0.169,+0.957
1608067140,+3.39, +3.729, +0.167,+0.956
1608067200,+3.39, +3.740, +0.167,+0.957
1608067260,+3.39, +3.729, +0.166,+0.956
1608067320,+3.39, +3.761, +0.167,+0.956
1608067380,+3.39, +3.729, +0.166,+0.956
1608067440,+3.40, +3.740, +0.168,+0.956
1608067500,+3.39, +3.740, +0.166,+0.956
1608067560,+3.39, +3.750, +0.166,+0.956
1608067620,+3.39, +3.719, +0.168,+0.956
1608067680,+3.39, +3.740, +0.166,+0.956
1608067740,+3.39, +3.729, +0.168,+0.957
1608067800,+3.40, +3.740, +0.167,+0.956
1608067860,+3.39, +3.740, +0.168,+0.957
1608067920,+3.39, +3.729, +0.167,+0.956
1608067980,+3.39, +3.740, +0.168,+0.957
1608068040,+3.39, +3.750, +0.167,+0.957
1608068100,+3.39, +3.740, +0.168,+0.957
1608068160,+3.40, +3.708, +0.167,+0.956
1608068220,+3.39, +3.750, +0.169,+0.957
1608068280,+3.39, +3.729, +0.168,+0.956
1608068340,+3.40, +3.740, +0.167,+0.956
1608068400,+3.39, +3.729, +0.168,+0.956
1608068460,+3.39, +3.750, +0.168,+0.956
1608068520,+3.39, +3.750, +0.166,+0.956
1608068580,+3.39, +3.761, +0.166,+0.956
1608068640,+3.39, +3.719, +0.168,+0.957
1608068700,+3.39, +3.729, +0.167,+0.956
1608068760,+3.39, +3.729, +0.167,+0.957
1608068820,+3.39, +3.761, +0.165,+0.956
1608068880,+3.39, +3.729, +0.167,+0.957
1608068940,+3.39, +3.750, +0.165,+0.956
1608069000,+3.39, +3.761, +0.167,+0.957
1608069060,+3.39, +3.740, +0.166,+0.956
1608069120,+3.39, +3.740, +0.166,+0.956
1608069180,+3.39, +3.750, +0.164,+0.956
1608069240,+3.40, +3.750, +0.168,+0.957
1608069300,+3.39, +3.740, +0.167,+0.956
1608069360,+3.39, +3.750, +0.167,+0.957
1608069420,+3.39, +3.750, +0.167,+0.956
1608069480,+3.40, +3.719, +0.168,+0.956
1608069540,+3.39, +3.729, +0.166,+0.956
1608069600,+3.39, +3.740, +0.165,+0.956
1608069660,+3.39, +3.740, +0.167,+0.956
1608069720,+3.40, +3.729, +0.166,+0.956
1608069780,+3.39, +3.771, +0.166,+0.956
1608069840,+3.39, +3.729, +0.167,+0.956
1608069900,+3.39, +3.729, +0.166,+0.956
1608069960,+3.39, +3.729, +0.166,+0.956
1608070020,+3.39, +3.761, +0.165,+0.956
1608070080,+3.40, +3.740, +0.167,+0.956
1608070140,+3.40, +3.729, +0.168,+0.956
1608070200,+3.39, +3.729, +0.168,+0.956
1608070260,+3.39, +3.708, +0.166,+0.956
1608070320,+3.39, +3.729, +0.169,+0.957
1608070380,+3.40, +3.740, +0.168,+0.956
1608070440,+3.39, +3.740, +0.168,+0.956
1608070500,+3.39, +3.708, +0.166,+0.956
1608070560,+3.39, +3.740, +0.166,+0.956
1608070620,+3.39, +3.708, +0.167,+0.956
1608070680,+3.39, +3.729, +0.168,+0.956
1608070740,+3.39, +3.750, +0.167,+0.957
1608070800,+3.39, +3.761, +0.167,+0.956
1608070860,+3.39, +3.740, +0.167,+0.956
1608070920,+3.39, +3.750, +0.166,+0.956
1608070980,+3.39, +3.740, +0.166,+0.956
1608071040,+3.40, +3.750, +0.167,+0.956
1608071100,+3.40, +3.750, +0.167,+0.956
1608071160,+3.39, +3.740, +0.167,+0.956
1608071220,+3.39, +3.740, +0.167,+0.956
1608071280,+3.40, +3.771, +0.167,+0.957
1608071340,+3.40, +3.729, +0.166,+0.956
1608071400,+3.40, +3.729, +0.169,+0.957
1608071460,+3.39, +3.740, +0.168,+0.957
1608071520,+3.39, +3.729, +0.167,+0.956
1608071580,+3.40, +3.740, +0.167,+0.956
1608071640,+3.39, +3.750, +0.167,+0.956
1608071700,+3.39, +3.729, +0.166,+0.956
1608071760,+3.39, +3.740, +0.167,+0.956
1608071820,+3.40, +3.750, +0.167,+0.957
1608071880,+3.40, +3.740, +0.167,+0.956
1608071940,+3.40, +3.750, +0.169,+0.957
1608072000,+3.39, +3.750, +0.167,+0.956
1608072060,+3.39, +3.729, +0.167,+0.956
1608072120,+3.40, +3.761, +0.167,+0.956
1608072180,+3.40, +3.729, +0.167,+0.956
1608072240,+3.39, +3.729, +0.169,+0.957
1608072300,+3.39, +3.729, +0.167,+0.957
1608072360,+3.39, +3.750, +0.168,+0.956
1608072420,+3.39, +3.729, +0.168,+0.957
1608072480,+3.39, +3.750, +0.166,+0.956
1608072540,+3.39, +3.719, +0.168,+0.956
1608072600,+3.39, +3.729, +0.168,+0.956
1608072660,+3.39, +3.750, +0.167,+0.956
1608072720,+3.40, +3.740, +0.168,+0.956
1608072780,+3.39, +3.740, +0.167,+0.956
1608072840,+3.39, +3.750, +0.168,+0.957
1608072900,+3.40, +3.740, +0.168,+0.957
1608072960,+3.39, +3.740, +0.168,+0.956
1608073020,+3.39, +3.740, +0.168,+0.956
1608073080,+3.39, +3.740, +0.167,+0.956
1608073140,+3.39, +3.740, +0.167,+0.957
1608073200,+3.39, +3.740, +0.167,+0.956
1608073260,+3.39, +3.771, +0.167,+0.957
1608073320,+3.39, +3.740, +0.167,+0.956
1608073380,+3.40, +3.729, +0.167,+0.956
1608073440,+3.39, +3.719, +0.168,+0.956
1608073500,+3.39, +3.750, +0.166,+0.957
1608073560,+3.39, +3.729, +0.167,+0.956
1608073620,+3.39, +3.750, +0.169,+0.957
1608073680,+3.39, +3.740, +0.167,+0.956
1608073740,+3.39, +3.740, +0.167,+0.957
1608073800,+3.39, +3.719, +0.167,+0.956
1608073860,+3.39, +3.740, +0.166,+0.956
1608073920,+3.39, +3.740, +0.167,+0.957
1608073980,+3.39, +3.740, +0.167,+0.956
1608074040,+3.40, +3.729, +0.167,+0.956
1608074100,+3.40, +3.729, +0.167,+0.956
1608074160,+3.39, +3.740, +0.168,+0.957
1608074220,+3.40, +3.761, +0.166,+0.956
1608074280,+3.39, +3.740, +0.168,+0.957
1608074340,+3.40, +3.740, +0.168,+0.956
1608074400,+3.39, +3.750, +0.167,+0.956
1608074460,+3.39, +3.750, +0.166,+0.957
1608074520,+3.39, +3.719, +0.168,+0.957
1608074580,+3.39, +3.719, +0.166,+0.956
1608074640,+3.40, +3.761, +0.169,+0.957
1608074700,+3.40, +3.708, +0.166,+0.956
1608074760,+3.39, +3.750, +0.166,+0.956
1608074820,+3.39, +3.740, +0.168,+0.957
1608074880,+3.40, +3.761, +0.166,+0.957
1608074940,+3.40, +3.729, +0.168,+0.957
1608075000,+3.39, +3.708, +0.167,+0.956
1608075060,+3.39, +3.750, +0.167,+0.957
1608075120,+3.39, +3.719, +0.168,+0.956
1608075180,+3.39, +3.740, +0.168,+0.956
1608075240,+3.40, +3.719, +0.167,+0.956
1608075300,+3.39, +3.740, +0.167,+0.956
1608075360,+3.39, +3.771, +0.166,+0.957
1608075420,+3.39, +3.750, +0.167,+0.957
1608075480,+3.40, +3.740, +0.165,+0.956
1608075540,+3.39, +3.740, +0.167,+0.956
1608075600,+3.40, +3.729, +0.168,+0.956
1608075660,+3.39, +3.781, +0.166,+0.956
1608075720,+3.39, +3.740, +0.168,+0.957
1608075780,+3.39, +3.750, +0.165,+0.956
1608075840,+3.39, +3.719, +0.169,+0.957
1608075900,+3.39, +3.719, +0.166,+0.956
1608075960,+3.39, +3.719, +0.168,+0.956
1608076020,+3.39, +3.750, +0.166,+0.957
1608076080,+3.40, +3.750, +0.168,+0.957
1608076140,+3.39, +3.740, +0.168,+0.957
1608076200,+3.39, +3.719, +0.167,+0.956
1608076260,+3.39, +3.729, +0.167,+0.956
1608076320,+3.39, +3.740, +0.167,+0.957
1608076380,+3.40, +3.729, +0.166,+0.956
1608076440,+3.40, +3.750, +0.167,+0.956
1608076500,+3.40, +3.771, +0.165,+0.956
1608076560,+3.40, +3.750, +0.168,+0.956
1608076620,+3.39, +3.719, +0.169,+0.956
1608076680,+3.39, +3.761, +0.166,+0.956
1608076740,+3.39, +3.750, +0.167,+0.957
1608076800,+3.39, +3.719, +0.168,+0.956
1608076860,+3.40, +3.729, +0.168,+0.957
1608076920,+3.40, +3.761, +0.165,+0.956
1608076980,+3.40, +3.740, +0.164,+0.956
1608077040,+3.39, +3.729, +0.167,+0.956
1608077100,+3.39, +3.729, +0.166,+0.956
1608077160,+3.39, +3.729, +0.167,+0.956
1608077220,+3.39, +3.740, +0.167,+0.956
1608077280,+3.39, +3.729, +0.168,+0.956
1608077340,+3.39, +3.740, +0.166,+0.956
1608077400,+3.40, +3.688, +0.167,+0.956
1608077460,+3.39, +3.740, +0.165,+0.956
1608077520,+3.39, +3.740, +0.167,+0.957
1608077580,+3.39, +3.729, +0.167,+0.957
1608077640,+3.39, +3.740, +0.168,+0.956
1608077700,+3.39, +3.719, +0.168,+0.957
1608077760,+3.39, +3.750, +0.168,+0.956
1608077820,+3.39, +3.750, +0.167,+0.956
1608077880,+3.40, +3.729, +0.168,+0.956
1608077940,+3.39, +3.719, +0.166,+0.956
1608078000,+3.39, +3.740, +0.167,+0.957
1608078060,+3.39, +3.740, +0.168,+0.957
1608078120,+3.39, +3.750, +0.167,+0.957
1608078180,+3.39, +3.740, +0.167,+0.956
1608078240,+3.39, +3.750, +0.166,+0.956
1608078300,+3.39, +3.729, +0.167,+0.956
1608078360,+3.39, +3.750, +0.167,+0.957
1608078420,+3.39, +3.729, +0.169,+0.956
1608078480,+3.39, +3.740, +0.166,+0.956
1608078540,+3.39, +3.750, +0.166,+0.956
1608078600,+3.39, +3.750, +0.167,+0.956
1608078660,+3.39, +3.719, +0.168,+0.956
1608078720,+3.40, +3.729, +0.167,+0.956
1608078780,+3.40, +3.708, +0.165,+0.956
1608078840,+3.39, +3.761, +0.169,+0.957
1608078900,+3.39, +3.740, +0.167,+0.956
1608078960,+3.40, +3.729, +0.167,+0.956
1608079020,+3.39, +3.750, +0.167,+0.956
1608079080,+3.40, +3.740, +0.167,+0.956
1608079140,+3.39, +3.750, +0.167,+0.956
1608079200,+3.39, +3.729, +0.167,+0.956
1608079260,+3.40, +3.698, +0.166,+0.956
1608079320,+3.39, +3.761, +0.166,+0.957
1608079380,+3.39, +3.719, +0.167,+0.956
1608079440,+3.40, +3.729, +0.168,+0.956
1608079500,+3.39, +3.740, +0.168,+0.956
1608079560,+3.39, +3.708, +0.167,+0.956
1608079620,+3.39, +3.740, +0.168,+0.956
1608079680,+3.39, +3.719, +0.167,+0.956
1608079740,+3.39, +3.761, +0.169,+0.957
1608079800,+3.40, +3.740, +0.165,+0.956
1608079860,+3.40, +3.698, +0.165,+0.956
1608079920,+3.39, +3.761, +0.167,+0.956
1608079980,+3.39, +3.729, +0.168,+0.957
1608080040,+3.39, +3.740, +0.165,+0.956
1608080100,+3.40, +3.719, +0.168,+0.956
1608080160,+3.40, +3.761, +0.166,+0.956
1608080220,+3.39, +3.740, +0.167,+0.956
1608080280,+3.40, +3.740, +0.166,+0.956
1608080340,+3.39, +3.750, +0.167,+0.957
1608080400,+3.40, +3.740, +0.166,+0.956
1608080460,+3.40, +3.708, +0.168,+0.957
1608080520,+3.40, +3.729, +0.167,+0.956
1608080580,+3.40, +3.719, +0.168,+0.956
1608080640,+3.40, +3.729, +0.167,+0.956
1608080700,+3.39, +3.771, +0.167,+0.957
1608080760,+3.39, +3.740, +0.167,+0.956
1608080820,+3.39, +3.750, +0.166,+0.956
1608080880,+3.39, +3.719, +0.167,+0.956
1608080940,+3.40, +3.719, +0.169,+0.956
1608081000,+3.39, +3.729, +0.167,+0.956
1608081060,+3.40, +3.729, +0.169,+0.957
1608081120,+3.39, +3.708, +0.168,+0.956
1608081180,+3.39, +3.729, +0.166,+0.956
1608081240,+3.39, +3.740, +0.166,+0.956
1608081300,+3.39, +3.740, +0.168,+0.957
1608081360,+3.39, +3.729, +0.167,+0.956
1608081420,+3.39, +3.719, +0.166,+0.956
1608081480,+3.40, +3.729, +0.168,+0.956
1608081540,+3.39, +3.708, +0.167,+0.956
1608081600,+3.39, +3.740, +0.167,+0.956
1608081660,+3.39, +3.729, +0.166,+0.956
1608081720,+3.39, +3.729, +0.167,+0.956
1608081780,+3.39, +3.719, +0.165,+0.956
1608081840,+3.40, +3.729, +0.167,+0.956
1608081900,+3.39, +3.750, +0.167,+0.956
1608081960,+3.39, +3.740, +0.167,+0.956
1608082020,+3.39, +3.729, +0.167,+0.956
1608082080,+3.40, +3.729, +0.168,+0.957
1608082140,+3.40, +3.719, +0.166,+0.956
1608082200,+3.40, +3.729, +0.167,+0.957
1608082260,+3.39, +3.740, +0.166,+0.956
1608082320,+3.40, +3.740, +0.168,+0.956
1608082380,+3.40, +3.708, +0.168,+0.956
1608082440,+3.40, +3.740, +0.168,+0.956
1608082500,+3.39, +3.740, +0.166,+0.956
1608082560,+3.40, +3.740, +0.166,+0.956
1608082620,+3.39, +3.729, +0.167,+0.956
1608082680,+3.40, +3.740, +0.167,+0.956
1608082740,+3.39, +3.719, +0.168,+0.956
1608082800,+3.39, +3.761, +0.166,+0.956
1608082860,+3.39, +3.750, +0.167,+0.956
1608082920,+3.40, +3.740, +0.166,+0.956
1608082980,+3.39, +3.708, +0.167,+0.956
1608083040,+3.39, +3.719, +0.166,+0.956
1608083100,+3.40, +3.750, +0.166,+0.956
1608083160,+3.39, +3.719, +0.167,+0.956
1608083220,+3.40, +3.740, +0.169,+0.957
1608083280,+3.39, +3.740, +0.166,+0.956
1608083340,+3.40, +3.761, +0.167,+0.956
1608083400,+3.39, +3.750, +0.167,+0.957
1608083460,+3.39, +3.719, +0.168,+0.956
1608083520,+3.40, +3.729, +0.166,+0.956
1608083580,+3.39, +3.740, +0.167,+0.956
1608083640,+3.39, +3.750, +0.167,+0.957
1608083700,+3.39, +3.740, +0.167,+0.957
1608083760,+3.40, +3.729, +0.167,+0.956
1608083820,+3.40, +3.719, +0.167,+0.956
1608083880,+3.39, +3.740, +0.167,+0.956
1608083940,+3.39, +3.729, +0.167,+0.956
1608084000,+3.40, +3.708, +0.168,+0.957
1608084060,+3.40, +3.740, +0.167,+0.956
1608084120,+3.40, +3.698, +0.166,+0.956
1608084180,+3.39, +3.729, +0.168,+0.956
1608084240,+3.39, +3.729, +0.167,+0.956
1608084300,+3.40, +3.729, +0.167,+0.957
1608084360,+3.40, +3.719, +0.167,+0.956
1608084420,+3.39, +3.750, +0.165,+0.956
1608084480,+3.40, +3.729, +0.165,+0.956
1608084540,+3.39, +3.698, +0.167,+0.956
1608084600,+3.39, +3.740, +0.168,+0.957
1608084660,+3.39, +3.708, +0.167,+0.956
1608084720,+3.39, +3.656, +0.170,+0.956
1608084780,+3.39, +3.750, +0.167,+0.956
1608084840,+3.39, +3.729, +0.167,+0.956
1608084900,+3.40, +3.740, +0.166,+0.956
1608084960,+3.39, +3.719, +0.168,+0.957
1608085020,+3.39, +3.729, +0.166,+0.956
1608085080,+3.40, +3.750, +0.168,+0.957
1608085140,+3.40, +3.729, +0.166,+0.956
1608085200,+3.39, +3.729, +0.167,+0.956
1608085260,+3.39, +3.740, +0.168,+0.956
1608085320,+3.40, +3.740, +0.168,+0.956
1608085380,+3.39, +3.729, +0.169,+0.957
1608085440,+3.40, +3.729, +0.166,+0.956
1608085500,+3.40, +3.719, +0.167,+0.956
1608085560,+3.39, +3.740, +0.167,+0.956
1608085620,+3.39, +3.750, +0.167,+0.957
1608085680,+3.39, +3.750, +0.168,+0.957
1608085740,+3.39, +3.761, +0.166,+0.956
1608085800,+3.39, +3.719, +0.169,+0.957
1608085860,+3.39, +3.740, +0.166,+0.956
1608085920,+3.39, +3.698, +0.169,+0.956
1608085980,+3.39, +3.750, +0.168,+0.956
1608086040,+3.40, +3.729, +0.166,+0.956
1608086100,+3.39, +3.708, +0.168,+0.956
1608086160,+3.39, +3.719, +0.166,+0.956
1608086220,+3.39, +3.708, +0.168,+0.956
1608086280,+3.39, +3.719, +0.168,+0.956
1608086340,+3.39, +3.729, +0.168,+0.957
1608086400,+3.39, +3.729, +0.165,+0.956
1608086460,+3.39, +3.688, +0.168,+0.956
1608086520,+3.39, +3.750, +0.168,+0.957
1608086580,+3.40, +3.708, +0.167,+0.956
1608086640,+3.39, +3.698, +0.168,+0.956
1608086700,+3.39, +3.729, +0.167,+0.956
1608086760,+3.39, +3.708, +0.166,+0.956
1608086820,+3.40, +3.750, +0.167,+0.956
1608086880,+3.39, +3.719, +0.166,+0.956
1608086940,+3.40, +3.708, +0.167,+0.956
1608087000,+3.40, +3.750, +0.167,+0.956
1608087060,+3.39, +3.698, +0.167,+0.956
1608087120,+3.39, +3.719, +0.166,+0.956
1608087180,+3.40, +3.729, +0.168,+0.956
1608087240,+3.40, +3.719, +0.168,+0.956
1608087300,+3.40, +3.708, +0.168,+0.956
1608087360,+3.40, +3.719, +0.166,+0.956
1608087420,+3.39, +3.698, +0.168,+0.956
1608087480,+3.39, +3.708, +0.167,+0.956
1608087540,+3.39, +3.708, +0.167,+0.956
1608087600,+3.39, +3.719, +0.167,+0.957
1608087660,+3.40, +3.719, +0.166,+0.956
1608087720,+3.40, +3.729, +0.167,+0.957
1608087780,+3.39, +3.729, +0.166,+0.956
1608087840,+3.40, +3.708, +0.168,+0.956
1608087900,+3.40, +3.708, +0.166,+0.956
1608087960,+3.39, +3.761, +0.166,+0.956
1608088020,+3.39, +3.740, +0.168,+0.957
1608088080,+3.40, +3.719, +0.168,+0.956
1608088140,+3.40, +3.708, +0.167,+0.956
1608088200,+3.39, +3.719, +0.167,+0.956
1608088260,+3.40, +3.740, +0.166,+0.957
1608088320,+3.40, +3.729, +0.167,+0.956
1608088380,+3.39, +3.740, +0.167,+0.956
1608088440,+3.39, +3.740, +0.166,+0.956
1608088500,+3.40, +3.708, +0.169,+0.956
1608088560,+3.40, +3.740, +0.166,+0.956
1608088620,+3.40, +3.729, +0.168,+0.956
1608088680,+3.39, +3.708, +0.166,+0.956
1608088740,+3.40, +3.729, +0.168,+0.957
1608088800,+3.39, +3.750, +0.167,+0.957
1608088860,+3.40, +3.708, +0.165,+0.956
1608088920,+3.39, +3.750, +0.168,+0.957
1608088980,+3.40, +3.729, +0.168,+0.956
1608089040,+3.39, +3.761, +0.169,+0.957
1608089100,+3.39, +3.719, +0.168,+0.956
1608089160,+3.39, +3.719, +0.168,+0.956
1608089220,+3.39, +3.719, +0.168,+0.956
1608089280,+3.39, +3.729, +0.168,+0.956
1608089340,+3.39, +3.750, +0.167,+0.957
1608089400,+3.39, +3.740, +0.166,+0.956
1608089460,+3.39, +3.740, +0.166,+0.956
1608089520,+3.39, +3.740, +0.168,+0.956
1608089580,+3.39, +3.729, +0.165,+0.956
1608089640,+3.40, +3.729, +0.169,+0.956
1608089700,+3.39, +3.719, +0.169,+0.956
1608089760,+3.40, +3.740, +0.166,+0.956
1608089820,+3.39, +3.719, +0.167,+0.956
1608089880,+3.40, +3.750, +0.166,+0.957
1608089940,+3.40, +3.740, +0.168,+0.956
1608090000,+3.39, +3.750, +0.167,+0.956
1608090060,+3.39, +3.729, +0.167,+0.956
1608090120,+3.39, +3.719, +0.168,+0.956
1608090180,+3.39, +3.719, +0.167,+0.956
1608090240,+3.39, +3.719, +0.167,+0.956
1608090300,+3.39, +3.729, +0.167,+0.956
1608090360,+3.40, +3.729, +0.167,+0.956
1608090420,+3.39, +3.729, +0.167,+0.956
1608090480,+3.40, +3.708, +0.168,+0.957
1608090540,+3.39, +3.729, +0.167,+0.956
1608090600,+3.39, +3.698, +0.168,+0.956
1608090660,+3.39, +3.740, +0.167,+0.956
1608090720,+3.39, +3.740, +0.166,+0.956
1608090780,+3.39, +3.729, +0.167,+0.956
1608090840,+3.39, +3.719, +0.166,+0.956
1608090900,+3.39, +3.740, +0.165,+0.956
1608090960,+3.39, +3.750, +0.166,+0.956
1608091020,+3.39, +3.719, +0.167,+0.956
1608091080,+3.40, +3.729, +0.167,+0.956
1608091140,+3.39, +3.729, +0.166,+0.956
1608091200,+3.39, +3.740, +0.167,+0.956
1608091260,+3.40, +3.750, +0.168,+0.957
1608091320,+3.40, +3.750, +0.168,+0.957
1608091380,+3.39, +3.750, +0.167,+0.956
1608091440,+3.39, +3.688, +0.167,+0.956
1608091500,+3.40, +3.740, +0.167,+0.956
1608091560,+3.39, +3.729, +0.166,+0.956
1608091620,+3.39, +3.740, +0.166,+0.956
1608091680,+3.39, +3.729, +0.170,+0.957
1608091740,+3.39, +3.729, +0.167,+0.956
1608091800,+3.39, +3.740, +0.167,+0.957
1608091860,+3.39, +3.729, +0.169,+0.956
1608091920,+3.39, +3.740, +0.166,+0.957
1608091980,+3.39, +3.750, +0.167,+0.956
1608092040,+3.40, +3.708, +0.168,+0.956
1608092100,+3.39, +3.740, +0.167,+0.956
1608092160,+3.39, +3.729, +0.167,+0.956
1608092220,+3.39, +3.750, +0.168,+0.957
1608092280,+3.40, +3.719, +0.167,+0.956
1608092340,+3.39, +3.729, +0.168,+0.957
1608092400,+3.39, +3.719, +0.167,+0.956
1608092460,+3.39, +3.698, +0.166,+0.956
1608092520,+3.39, +3.729, +0.168,+0.956
1608092580,+3.39, +3.740, +0.167,+0.956
1608092640,+3.40, +3.729, +0.167,+0.956
1608092700,+3.39, +3.750, +0.166,+0.957
1608092760,+3.39, +3.719, +0.167,+0.957
1608092820,+3.40, +3.708, +0.169,+0.956
1608092880,+3.40, +3.719, +0.169,+0.956
1608092940,+3.39, +3.708, +0.166,+0.956
1608093000,+3.39, +3.729, +0.166,+0.956
1608093060,+3.39, +3.729, +0.168,+0.957
1608093120,+3.39, +3.719, +0.166,+0.956
1608093180,+3.39, +3.729, +0.169,+0.957
1608093240,+3.39, +3.708, +0.167,+0.956
1608093300,+3.40, +3.719, +0.168,+0.956
1608093360,+3.39, +3.708, +0.166,+0.956
1608093420,+3.40, +3.729, +0.167,+0.956
1608093480,+3.39, +3.698, +0.167,+0.956
1608093540,+3.40, +3.719, +0.168,+0.956
1608093600,+3.39, +3.719, +0.167,+0.957
1608093660,+3.39, +3.729, +0.166,+0.956
1608093720,+3.39, +3.688, +0.168,+0.956
1608093780,+3.39, +3.719, +0.168,+0.956
1608093840,+3.39, +3.708, +0.167,+0.956
1608093900,+3.39, +3.688, +0.169,+0.957
1608093960,+3.39, +3.688, +0.168,+0.956
1608094020,+3.39, +3.729, +0.166,+0.956
1608094080,+3.39, +3.719, +0.168,+0.956
1608094140,+3.39, +3.708, +0.167,+0.956
1608094200,+3.39, +3.740, +0.168,+0.957
1608094260,+3.39, +3.719, +0.167,+0.957
1608094320,+3.39, +3.729, +0.168,+0.957
1608094380,+3.40, +3.719, +0.169,+0.956
1608094440,+3.40, +3.719, +0.167,+0.956
1608094500,+3.39, +3.719, +0.169,+0.957
1608094560,+3.40, +3.688, +0.168,+0.957
1608094620,+3.39, +3.719, +0.167,+0.956
1608094680,+3.39, +3.729, +0.166,+0.956
1608094740,+3.39, +3.729, +0.167,+0.956
1608094800,+3.40, +3.729, +0.168,+0.957
1608094860,+3.40, +3.719, +0.167,+0.957
1608094920,+3.39, +3.729, +0.168,+0.957
1608094980,+3.39, +3.729, +0.166,+0.956
1608095040,+3.39, +3.740, +0.169,+0.957
1608095100,+3.39, +3.708, +0.168,+0.956
1608095160,+3.39, +3.729, +0.166,+0.956
1608095220,+3.39, +3.708, +0.168,+0.956
1608095280,+3.39, +3.729, +0.169,+0.957
1608095340,+3.40, +3.740, +0.168,+0.957
1608095400,+3.39, +3.729, +0.168,+0.956
1608095460,+3.39, +3.729, +0.167,+0.956
1608095520,+3.39, +3.740, +0.168,+0.956
1608095580,+3.40, +3.740, +0.168,+0.957
1608095640,+3.39, +3.750, +0.168,+0.956
1608095700,+3.39, +3.740, +0.168,+0.956
1608095760,+3.39, +3.719, +0.167,+0.956
1608095820,+3.39, +3.729, +0.167,+0.956
1608095880,+3.40, +3.719, +0.167,+0.957
1608095940,+3.40, +3.740, +0.168,+0.956
1608096000,+3.39, +3.771, +0.168,+0.957
1608096060,+3.40, +3.740, +0.168,+0.956
1608096120,+3.39, +3.740, +0.167,+0.956
1608096180,+3.39, +3.719, +0.168,+0.956
1608096240,+3.39, +3.708, +0.169,+0.956
1608096300,+3.39, +3.719, +0.166,+0.956
1608096360,+3.40, +3.729, +0.168,+0.957
1608096420,+3.39, +3.708, +0.167,+0.956
1608096480,+3.39, +3.719, +0.167,+0.956
1608096540,+3.39, +3.729, +0.167,+0.957
1608096600,+3.39, +3.708, +0.169,+0.956
1608096660,+3.40, +3.750, +0.167,+0.956
1608096720,+3.40, +3.750, +0.166,+0.956
1608096780,+3.39, +3.698, +0.167,+0.956
1608096840,+3.39, +3.708, +0.166,+0.956
1608096900,+3.39, +3.740, +0.166,+0.956
1608096960,+3.39, +3.740, +0.165,+0.956
1608097020,+3.39, +3.719, +0.167,+0.956
1608097080,+3.39, +3.719, +0.168,+0.956
1608097140,+3.39, +3.740, +0.167,+0.956
1608097200,+3.39, +3.719, +0.168,+0.956
1608097260,+3.40, +3.740, +0.169,+0.956
1608097320,+3.40, +3.740, +0.168,+0.957
1608097380,+3.39, +3.698, +0.166,+0.956
1608097440,+3.39, +3.740, +0.166,+0.956
1608097500,+3.40, +3.719, +0.167,+0.956
1608097560,+3.40, +3.708, +0.167,+0.956
1608097620,+3.39, +3.729, +0.167,+0.957
1608097680,+3.39, +3.740, +0.168,+0.957
1608097740,+3.39, +3.750, +0.166,+0.956
1608097800,+3.39, +3.729, +0.166,+0.956
1608097860,+3.39, +3.729, +0.167,+0.956
1608097920,+3.40, +3.761, +0.167,+0.956
1608097980,+3.39, +3.740, +0.166,+0.956
1608098040,+3.39, +3.719, +0.167,+0.957
1608098100,+3.40, +3.750, +0.169,+0.957
1608098160,+3.39, +3.740, +0.167,+0.957
1608098220,+3.39, +3.729, +0.167,+0.956
1608098280,+3.39, +3.719, +0.167,+0.956
1608098340,+3.39, +3.719, +0.166,+0.956
1608098400,+3.40, +3.750, +0.168,+0.956
1608098460,+3.39, +3.729, +0.168,+0.956
1608098520,+3.39, +3.729, +0.167,+0.957
1608098580,+3.40, +3.729, +0.168,+0.956
1608098640,+3.39, +3.729, +0.166,+0.956
1608098700,+3.39, +3.729, +0.168,+0.956
1608098760,+3.39, +3.750, +0.168,+0.957
1608098820,+3.39, +3.729, +0.167,+0.956
1608098880,+3.40, +3.719, +0.168,+0.956
1608098940,+3.39, +3.740, +0.167,+0.956
1608099000,+3.39, +3.729, +0.168,+0.956
1608099060,+3.40, +3.729, +0.167,+0.956
1608099120,+3.39, +3.708, +0.166,+0.956
1608099180,+3.40, +3.729, +0.168,+0.956
1608099240,+3.39, +3.740, +0.166,+0.956
1608099300,+3.40, +3.781, +0.166,+0.956
1608099360,+3.39, +3.708, +0.167,+0.956
1608099420,+3.39, +3.708, +0.168,+0.956
1608099480,+3.39, +3.740, +0.168,+0.956
1608099540,+3.39, +3.729, +0.167,+0.956
1608099600,+3.39, +3.719, +0.169,+0.956
1608099660,+3.39, +3.729, +0.167,+0.956
1608099720,+3.39, +3.740, +0.168,+0.956
1608099780,+3.40, +3.729, +0.167,+0.956
1608099840,+3.39, +3.719, +0.167,+0.956
1608099900,+3.39, +3.740, +0.166,+0.956
1608099960,+3.40, +3.719, +0.169,+0.957
1608100020,+3.39, +3.719, +0.167,+0.956
1608100080,+3.40, +3.750, +0.166,+0.956
1608100140,+3.40, +3.719, +0.167,+0.956
1608100200,+3.39, +3.729, +0.167,+0.956
1608100260,+3.40, +3.761, +0.167,+0.957
1608100320,+3.40, +3.750, +0.167,+0.957
1608100380,+3.39, +3.729, +0.168,+0.956
1608100440,+3.40, +3.719, +0.169,+0.956
1608100500,+3.40, +3.740, +0.167,+0.957
1608100560,+3.40, +3.750, +0.167,+0.956
1608100620,+3.40, +3.740, +0.167,+0.956
1608100680,+3.39, +3.729, +0.167,+0.956
1608100740,+3.39, +3.729, +0.167,+0.956
1608100800,+3.39, +3.708, +0.169,+0.956
1608100860,+3.39, +3.708, +0.168,+0.956
1608100920,+3.40, +3.740, +0.168,+0.957
1608100980,+3.39, +3.740, +0.167,+0.956
1608101040,+3.40, +3.761, +0.166,+0.956
1608101100,+3.40, +3.740, +0.167,+0.957
1608101160,+3.39, +3.740, +0.166,+0.957
1608101220,+3.39, +3.740, +0.166,+0.956
1608101280,+3.39, +3.761, +0.167,+0.956
1608101340,+3.39, +3.761, +0.167,+0.957
1608101400,+3.40, +3.740, +0.166,+0.956
1608101460,+3.39, +3.729, +0.166,+0.956
1608101520,+3.39, +3.729, +0.167,+0.956
1608101580,+3.39, +3.708, +0.168,+0.957
1608101640,+3.39, +3.719, +0.167,+0.956
1608101700,+3.39, +3.719, +0.168,+0.956
1608101760,+3.40, +3.719, +0.167,+0.956
1608101820,+3.39, +3.729, +0.168,+0.956
1608101880,+3.39, +3.708, +0.169,+0.956
1608101940,+3.39, +3.719, +0.167,+0.956
1608102000,+3.39, +3.740, +0.168,+0.956
1608102060,+3.39, +3.729, +0.167,+0.956
1608102120,+3.39, +3.761, +0.167,+0.957
1608102180,+3.39, +3.771, +0.166,+0.957
1608102240,+3.39, +3.729, +0.168,+0.957
1608102300,+3.40, +3.719, +0.167,+0.956
1608102360,+3.39, +3.740, +0.167,+0.956
1608102420,+3.39, +3.729, +0.166,+0.956
1608102480,+3.40, +3.729, +0.168,+0.957
1608102540,+3.40, +3.729, +0.167,+0.956
1608102600,+3.39, +3.750, +0.166,+0.956
1608102660,+3.40, +3.761, +0.166,+0.957
1608102720,+3.39, +3.740, +0.166,+0.956
1608102780,+3.39, +3.781, +0.164,+0.957
1608102840,+3.40, +3.740, +0.168,+0.956
1608102900,+3.39, +3.740, +0.167,+0.956
1608102960,+3.39, +3.761, +0.166,+0.956
1608103020,+3.40, +3.761, +0.166,+0.956
1608103080,+3.39, +3.719, +0.167,+0.956
1608103140,+3.39, +3.729, +0.167,+0.956
1608103200,+3.40, +3.740, +0.166,+0.957
1608103260,+3.39, +3.781, +0.166,+0.956
1608103320,+3.39, +3.729, +0.167,+0.956
1608103380,+3.39, +3.740, +0.168,+0.957
1608103440,+3.39, +3.719, +0.167,+0.956
1608103500,+3.40, +3.740, +0.167,+0.956
1608103560,+3.40, +3.740, +0.168,+0.957
1608103620,+3.39, +3.729, +0.167,+0.956
1608103680,+3.39, +3.729, +0.169,+0.957
1608103740,+3.39, +3.698, +0.168,+0.956
1608103800,+3.39, +3.740, +0.165,+0.956
1608103860,+3.40, +3.750, +0.167,+0.957
1608103920,+3.40, +3.740, +0.168,+0.957
1608103980,+3.39, +3.750, +0.167,+0.957
1608104040,+3.39, +3.729, +0.166,+0.956
1608104100,+3.40, +3.708, +0.167,+0.956
1608104160,+3.40, +3.740, +0.166,+0.956
1608104220,+3.39, +3.750, +0.167,+0.956
1608104280,+3.39, +3.719, +0.168,+0.956
1608104340,+3.39, +3.740, +0.169,+0.956
1608104400,+3.39, +3.719, +0.167,+0.956
1608104460,+3.39, +3.740, +0.167,+0.956
1608104520,+3.40, +3.729, +0.169,+0.956
1608104580,+3.39, +3.729, +0.167,+0.956
1608104640,+3.39, +3.740, +0.167,+0.956
1608104700,+3.39, +3.708, +0.168,+0.956
1608104760,+3.39, +3.729, +0.167,+0.956
1608104820,+3.39, +3.719, +0.166,+0.956
1608104880,+3.40, +3.729, +0.166,+0.956
1608104940,+3.39, +3.729, +0.169,+0.957
1608105000,+3.39, +3.750, +0.168,+0.957
1608105060,+3.39, +3.740, +0.167,+0.956
1608105120,+3.39, +3.729, +0.166,+0.956
1608105180,+3.39, +3.729, +0.166,+0.956
1608105240,+3.39, +3.729, +0.167,+0.957
1608105300,+3.39, +3.740, +0.167,+0.956
1608105360,+3.39, +3.761, +0.167,+0.956
1608105420,+3.39, +3.719, +0.166,+0.956
1608105480,+3.39, +3.698, +0.167,+0.956
1608105540,+3.40, +3.677, +0.169,+0.956
1608105600,+3.39, +3.740, +0.165,+0.956
1608105660,+3.39, +3.719, +0.167,+0.956
1608105720,+3.39, +3.719, +0.167,+0.956
1608105780,+3.40, +3.750, +0.168,+0.956
1608105840,+3.40, +3.708, +0.168,+0.956
1608105900,+3.39, +3.740, +0.168,+0.957
1608105960,+3.39, +3.719, +0.169,+0.956
1608106020,+3.40, +3.719, +0.169,+0.957
1608106080,+3.39, +3.729, +0.168,+0.956
1608106140,+3.40, +3.740, +0.165,+0.956
1608106200,+3.40, +3.729, +0.168,+0.956
1608106260,+3.40, +3.719, +0.167,+0.956
1608106320,+3.40, +3.698, +0.168,+0.956
1608106380,+3.40, +3.708, +0.168,+0.956
1608106440,+3.39, +3.729, +0.166,+0.956
1608106500,+3.39, +3.729, +0.167,+0.956
1608106560,+3.40, +3.729, +0.167,+0.956
1608106620,+3.39, +3.729, +0.168,+0.956
1608106680,+3.39, +3.740, +0.168,+0.956
1608106740,+3.40, +3.761, +0.167,+0.956
1608106800,+3.39, +3.719, +0.167,+0.956
1608106860,+3.39, +3.740, +0.167,+0.956
1608106920,+3.39, +3.729, +0.168,+0.957
1608106980,+3.39, +3.698, +0.167,+0.956
1608107040,+3.39, +3.740, +0.168,+0.957
1608107100,+3.39, +3.719, +0.168,+0.956
1608107160,+3.39, +3.740, +0.166,+0.956
1608107220,+3.39, +3.740, +0.167,+0.957
1608107280,+3.40, +3.729, +0.165,+0.956
1608107340,+3.39, +3.750, +0.167,+0.957
1608107400,+3.39, +3.740, +0.167,+0.956
1608107460,+3.39, +3.740, +0.165,+0.956
1608107520,+3.39, +3.719, +0.167,+0.956
1608107580,+3.39, +3.750, +0.166,+0.956
1608107640,+3.39, +3.719, +0.169,+0.956
1608107700,+3.40, +3.761, +0.166,+0.956
1608107760,+3.40, +3.740, +0.165,+0.956
1608107820,+3.39, +3.740, +0.167,+0.956
1608107880,+3.39, +3.729, +0.166,+0.956
1608107940,+3.39, +3.729, +0.168,+0.956
1608108000,+3.39, +3.708, +0.168,+0.956
1608108060,+3.40, +3.740, +0.167,+0.956
1608108120,+3.39, +3.750, +0.168,+0.956
1608108180,+3.39, +3.729, +0.167,+0.956
1608108240,+3.39, +3.729, +0.167,+0.956
1608108300,+3.40, +3.729, +0.167,+0.956
1608108360,+3.40, +3.719, +0.168,+0.956
1608108420,+3.40, +3.698, +0.165,+0.956
1608108480,+3.39, +3.740, +0.167,+0.956
1608108540,+3.39, +3.750, +0.167,+0.956
1608108600,+3.39, +3.719, +0.166,+0.956
1608108660,+3.39, +3.740, +0.166,+0.956
1608108720,+3.39, +3.740, +0.166,+0.956
1608108780,+3.40, +3.698, +0.169,+0.957
1608108840,+3.40, +3.719, +0.166,+0.956
1608108900,+3.39, +3.719, +0.167,+0.956
1608108960,+3.39, +3.719, +0.167,+0.956
1608109020,+3.40, +3.740, +0.167,+0.956
1608109080,+3.40, +3.719, +0.165,+0.956
1608109140,+3.39, +3.740, +0.165,+0.956
1608109200,+3.39, +3.729, +0.168,+0.957
1608109260,+3.39, +3.719, +0.168,+0.956
1608109320,+3.39, +3.761, +0.167,+0.957
1608109380,+3.39, +3.740, +0.167,+0.956
1608109440,+3.39, +3.719, +0.169,+0.956
1608109500,+3.40, +3.719, +0.168,+0.957
1608109560,+3.40, +3.750, +0.167,+0.956
1608109620,+3.39, +3.740, +0.167,+0.956
1608109680,+3.40, +3.729, +0.167,+0.957
1608109740,+3.40, +3.750, +0.166,+0.956
1608109800,+3.40, +3.740, +0.165,+0.956
1608109860,+3.39, +3.729, +0.168,+0.956
1608109920,+3.39, +3.719, +0.167,+0.956
1608109980,+3.40, +3.719, +0.169,+0.956
1608110040,+3.39, +3.729, +0.166,+0.956
1608110100,+3.39, +3.729, +0.168,+0.956
1608110160,+3.39, +3.750, +0.167,+0.956
1608110220,+3.40, +3.729, +0.166,+0.956
1608110280,+3.39, +3.729, +0.166,+0.956
1608110340,+3.40, +3.729, +0.167,+0.956
1608110400,+3.39, +3.761, +0.168,+0.957
1608110460,+3.40, +3.750, +0.165,+0.956
1608110520,+3.39, +3.729, +0.167,+0.956
1608110580,+3.39, +3.708, +0.168,+0.956
1608110640,+3.39, +3.708, +0.166,+0.956
1608110700,+3.39, +3.719, +0.168,+0.956
1608110760,+3.40, +3.750, +0.166,+0.957
1608110820,+3.40, +3.719, +0.167,+0.956
1608110880,+3.39, +3.708, +0.168,+0.956
1608110940,+3.39, +3.719, +0.168,+0.956
1608111000,+3.39, +3.729, +0.168,+0.956
1608111060,+3.39, +3.719, +0.169,+0.956
1608111120,+3.39, +3.708, +0.169,+0.956
1608111180,+3.40, +3.719, +0.167,+0.957
1608111240,+3.39, +3.729, +0.167,+0.956
1608111300,+3.40, +3.729, +0.167,+0.956
1608111360,+3.40, +3.729, +0.167,+0.956
1608111420,+3.39, +3.740, +0.166,+0.957
1608111480,+3.39, +3.729, +0.168,+0.956
1608111540,+3.40, +3.740, +0.168,+0.957
1608111600,+3.40, +3.729, +0.167,+0.956
1608111660,+3.39, +3.719, +0.168,+0.956
1608111720,+3.39, +3.750, +0.167,+0.956
1608111780,+3.39, +3.719, +0.169,+0.957
1608111840,+3.40, +3.688, +0.167,+0.956
1608111900,+3.40, +3.708, +0.167,+0.956
1608111960,+3.39, +3.729, +0.167,+0.956
1608112020,+3.40, +3.729, +0.166,+0.956
1608112080,+3.40, +3.750, +0.167,+0.956
1608112140,+3.39, +3.719, +0.168,+0.956
1608112200,+3.39, +3.708, +0.168,+0.956
1608112260,+3.40, +3.750, +0.166,+0.956
1608112320,+3.39, +3.740, +0.167,+0.957
1608112380,+3.40, +3.708, +0.168,+0.956
1608112440,+3.39, +3.729, +0.168,+0.957
1608112500,+3.39, +3.719, +0.167,+0.956
1608112560,+3.39, +3.719, +0.168,+0.957
1608112620,+3.40, +3.729, +0.165,+0.956
1608112680,+3.39, +3.761, +0.165,+0.956
1608112740,+3.40, +3.708, +0.168,+0.956
1608112800,+3.39, +3.729, +0.165,+0.956
1608112860,+3.39, +3.740, +0.168,+0.956
1608112920,+3.39, +3.729, +0.168,+0.956
1608112980,+3.39, +3.740, +0.167,+0.956
1608113040,+3.39, +3.708, +0.169,+0.956
1608113100,+3.40, +3.729, +0.169,+0.956
1608113160,+3.40, +3.729, +0.166,+0.956
1608113220,+3.39, +3.698, +0.167,+0.956
1608113280,+3.39, +3.719, +0.168,+0.956
1608113340,+3.39, +3.729, +0.166,+0.956
1608113400,+3.39, +3.740, +0.166,+0.956
1608113460,+3.39, +3.708, +0.167,+0.956
1608113520,+3.39, +3.750, +0.166,+0.956
1608113580,+3.40, +3.667, +0.169,+0.956
1608113640,+3.39, +3.740, +0.167,+0.956
1608113700,+3.39, +3.771, +0.166,+0.956
1608113760,+3.39, +3.708, +0.168,+0.956
1608113820,+3.39, +3.698, +0.168,+0.956
1608113880,+3.40, +3.719, +0.167,+0.957
1608113940,+3.39, +3.740, +0.167,+0.956
1608114000,+3.40, +3.708, +0.166,+0.956
1608114060,+3.39, +3.740, +0.167,+0.956
1608114120,+3.39, +3.719, +0.166,+0.956
1608114180,+3.39, +3.729, +0.167,+0.956
1608114240,+3.39, +3.719, +0.168,+0.956
1608114300,+3.39, +3.729, +0.167,+0.956
1608114360,+3.39, +3.740, +0.167,+0.956
1608114420,+3.39, +3.688, +0.167,+0.956
1608114480,+3.39, +3.740, +0.167,+0.956
1608114540,+3.39, +3.698, +0.168,+0.956
1608114600,+3.39, +3.698, +0.168,+0.956
1608114660,+3.40, +3.740, +0.167,+0.957
1608114720,+3.39, +3.750, +0.167,+0.956
1608114780,+3.40, +3.719, +0.169,+0.956
1608114840,+3.39, +3.729, +0.168,+0.957
1608114900,+3.40, +3.729, +0.166,+0.956
1608114960,+3.39, +3.740, +0.166,+0.956
1608115020,+3.40, +3.750, +0.166,+0.956
1608115080,+3.39, +3.719, +0.166,+0.956
1608115140,+3.39, +3.719, +0.168,+0.956
1608115200,+3.39, +3.729, +0.167,+0.956
1608115260,+3.40, +3.719, +0.166,+0.956
1608115320,+3.39, +3.740, +0.167,+0.956
1608115380,+3.39, +3.750, +0.166,+0.956
1608115440,+3.40, +3.740, +0.167,+0.956
1608115500,+3.40, +3.729, +0.167,+0.956
1608115560,+3.39, +3.729, +0.168,+0.957
1608115620,+3.40, +3.740, +0.167,+0.956
1608115680,+3.40, +3.740, +0.167,+0.956
1608115740,+3.39, +3.708, +0.167,+0.956
1608115800,+3.39, +3.740, +0.166,+0.956
1608115860,+3.40, +3.729, +0.166,+0.956
1608115920,+3.40, +3.729, +0.166,+0.956
1608115980,+3.40, +3.719, +0.168,+0.957
1608116040,+3.40, +3.719, +0.168,+0.956
1608116100,+3.39, +3.719, +0.168,+0.956
1608116160,+3.39, +3.740, +0.168,+0.957
1608116220,+3.40, +3.740, +0.169,+0.956
1608116280,+3.39, +3.740, +0.167,+0.956
1608116340,+3.39, +3.719, +0.167,+0.956
1608116400,+3.39, +3.729, +0.166,+0.956
1608116460,+3.40, +3.719, +0.167,+0.956
1608116520,+3.39, +3.729, +0.169,+0.957
1608116580,+3.39, +3.729, +0.167,+0.956
1608116640,+3.40, +3.750, +0.167,+0.957
1608116700,+3.39, +3.729, +0.169,+0.957
1608116760,+3.39, +3.708, +0.169,+0.957
1608116820,+3.40, +3.771, +0.165,+0.956
1608116880,+3.39, +3.740, +0.168,+0.956
1608116940,+3.39, +3.729, +0.166,+0.956
1608117000,+3.40, +3.719, +0.167,+0.957
1608117060,+3.39, +3.729, +0.166,+0.956
1608117120,+3.39, +3.740, +0.168,+0.956
1608117180,+3.39, +3.740, +0.167,+0.956
1608117240,+3.39, +3.740, +0.167,+0.957
1608117300,+3.39, +3.719, +0.169,+0.957
1608117360,+3.40, +3.740, +0.167,+0.956
1608117420,+3.39, +3.740, +0.167,+0.957
1608117480,+3.39, +3.729, +0.169,+0.957
1608117540,+3.40, +3.740, +0.167,+0.956
1608117600,+3.40, +3.761, +0.166,+0.956
1608117660,+3.40, +3.729, +0.168,+0.957
1608117720,+3.39, +3.761, +0.165,+0.956
1608117780,+3.39, +3.729, +0.166,+0.956
1608117840,+3.39, +3.719, +0.167,+0.956
1608117900,+3.39, +3.719, +0.168,+0.956
1608117960,+3.40, +3.729, +0.166,+0.956
1608118020,+3.40, +3.719, +0.168,+0.956
1608118080,+3.39, +3.750, +0.165,+0.956
1608118140,+3.39, +3.729, +0.168,+0.957
1608118200,+3.40, +3.708, +0.168,+0.956
1608118260,+3.39, +3.729, +0.168,+0.956
1608118320,+3.40, +3.729, +0.168,+0.957
1608118380,+3.39, +3.719, +0.168,+0.957
1608118440,+3.40, +3.708, +0.166,+0.956
1608118500,+3.40, +3.729, +0.167,+0.956
1608118560,+3.40, +3.729, +0.167,+0.956
1608118620,+3.39, +3.719, +0.165,+0.956
1608118680,+3.39, +3.729, +0.168,+0.957
1608118740,+3.40, +3.750, +0.166,+0.956
1608118800,+3.39, +3.729, +0.166,+0.956
1608118860,+3.40, +3.719, +0.167,+0.956
1608118920,+3.39, +3.729, +0.166,+0.956
1608118980,+3.39, +3.729, +0.167,+0.957
1608119040,+3.39, +3.729, +0.167,+0.956
1608119100,+3.39, +3.729, +0.167,+0.957
1608119160,+3.39, +3.729, +0.169,+0.957
1608119220,+3.40, +3.729, +0.165,+0.956
1608119280,+3.39, +3.729, +0.167,+0.956
1608119340,+3.40, +3.719, +0.167,+0.957
1608119400,+3.40, +3.740, +0.166,+0.956
1608119460,+3.39, +3.729, +0.166,+0.956
1608119520,+3.40, +3.729, +0.168,+0.956
1608119580,+3.40, +3.719, +0.168,+0.956
1608119640,+3.39, +3.729, +0.167,+0.956
1608119700,+3.39, +3.729, +0.168,+0.956
1608119760,+3.39, +3.761, +0.167,+0.957
1608119820,+3.39, +3.729, +0.168,+0.956
1608119880,+3.39, +3.688, +0.167,+0.956
1608119940,+3.39, +3.740, +0.166,+0.956
1608120000,+3.39, +3.719, +0.166,+0.956
1608120060,+3.39, +3.729, +0.166,+0.956
1608120120,+3.39, +3.719, +0.168,+0.957
1608120180,+3.39, +3.729, +0.167,+0.956
1608120240,+3.39, +3.729, +0.167,+0.956
1608120300,+3.40, +3.719, +0.167,+0.956
1608120360,+3.39, +3.719, +0.167,+0.956
1608120420,+3.39, +3.719, +0.167,+0.956
1608120480,+3.39, +3.750, +0.166,+0.956
1608120540,+3.40, +3.729, +0.166,+0.956
1608120600,+3.40, +3.740, +0.168,+0.956
1608120660,+3.39, +3.719, +0.167,+0.956
1608120720,+3.40, +3.719, +0.167,+0.956
1608120780,+3.39, +3.740, +0.168,+0.957
1608120840,+3.40, +3.750, +0.166,+0.956
1608120900,+3.39, +3.708, +0.169,+0.957
1608120960,+3.39, +3.750, +0.167,+0.956
1608121020,+3.39, +3.719, +0.168,+0.957
1608121080,+3.40, +3.708, +0.168,+0.956
1608121140,+3.40, +3.719, +0.166,+0.956
1608121200,+3.39, +3.729, +0.167,+0.956
1608121260,+3.39, +3.708, +0.167,+0.956
1608121320,+3.40, +3.729, +0.167,+0.956
1608121380,+3.40, +3.750, +0.168,+0.957
1608121440,+3.39, +3.729, +0.168,+0.956
1608121500,+3.40, +3.740, +0.166,+0.956
1608121560,+3.40, +3.708, +0.166,+0.956
1608121620,+3.39, +3.740, +0.166,+0.957
1608121680,+3.40, +3.740, +0.168,+0.956
1608121740,+3.39, +3.729, +0.167,+0.956
1608121800,+3.40, +3.750, +0.167,+0.957
1608121860,+3.39, +3.750, +0.167,+0.956
1608121920,+3.39, +3.719, +0.166,+0.956
1608121980,+3.39, +3.750, +0.165,+0.956
1608122040,+3.39, +3.750, +0.166,+0.957
1608122100,+3.39, +3.729, +0.167,+0.956
1608122160,+3.40, +3.761, +0.167,+0.956
1608122220,+3.39, +3.740, +0.167,+0.957
1608122280,+3.40, +3.761, +0.167,+0.957
1608122340,+3.39, +3.729, +0.169,+0.957
1608122400,+3.39, +3.698, +0.167,+0.956
1608122460,+3.39, +3.708, +0.168,+0.956
1608122520,+3.39, +3.719, +0.165,+0.956
1608122580,+3.39, +3.729, +0.166,+0.956
1608122640,+3.39, +3.719, +0.167,+0.957
1608122700,+3.39, +3.740, +0.166,+0.956
1608122760,+3.39, +3.750, +0.165,+0.956
1608122820,+3.39, +3.740, +0.167,+0.956
1608122880,+3.39, +3.719, +0.167,+0.956
1608122940,+3.39, +3.740, +0.167,+0.956
1608123000,+3.39, +3.761, +0.166,+0.957
1608123060,+3.39, +3.719, +0.167,+0.956
1608123120,+3.40, +3.729, +0.168,+0.956
1608123180,+3.39, +3.771, +0.166,+0.957
1608123240,+3.39, +3.740, +0.167,+0.956
1608123300,+3.39, +3.761, +0.166,+0.956
1608123360,+3.40, +3.740, +0.165,+0.956
1608123420,+3.39, +3.740, +0.165,+0.956
1608123480,+3.39, +3.740, +0.167,+0.956
1608123540,+3.39, +3.761, +0.166,+0.956
1608123600,+3.39, +3.740, +0.164,+0.956
1608123660,+3.39, +3.750, +0.167,+0.957
1608123720,+3.39, +3.729, +0.168,+0.957
1608123780,+3.39, +3.729, +0.168,+0.956
1608123840,+3.39, +3.719, +0.166,+0.956
1608123900,+3.39, +3.729, +0.168,+0.957
1608123960,+3.39, +3.750, +0.166,+0.957
1608124020,+3.39, +3.708, +0.167,+0.956
1608124080,+3.39, +3.750, +0.166,+0.956
1608124140,+3.39, +3.719, +0.168,+0.956
1608124200,+3.39, +3.740, +0.167,+0.956
1608124260,+3.39, +3.729, +0.167,+0.956
1608124320,+3.39, +3.729, +0.166,+0.956
1608124380,+3.39, +3.729, +0.166,+0.956
1608124440,+3.39, +3.729, +0.168,+0.957
1608124500,+3.39, +3.719, +0.167,+0.956
1608124560,+3.39, +3.740, +0.165,+0.956
1608124620,+3.39, +3.740, +0.168,+0.956
1608124680,+3.39, +3.761, +0.166,+0.956
1608124740,+3.39, +3.740, +0.167,+0.956
1608124800,+3.39, +3.740, +0.167,+0.956
1608124860,+3.39, +3.719, +0.168,+0.957
1608124920,+3.39, +3.740, +0.168,+0.956
1608124980,+3.39, +3.740, +0.166,+0.956
1608125040,+3.39, +3.729, +0.168,+0.957
1608125100,+3.39, +3.719, +0.166,+0.956
1608125160,+3.39, +3.740, +0.166,+0.956
1608125220,+3.39, +3.740, +0.166,+0.957
1608125280,+3.39, +3.750, +0.166,+0.956
1608125340,+3.39, +3.750, +0.166,+0.956
1608125400,+3.39, +3.729, +0.165,+0.956
1608125460,+3.39, +3.740, +0.168,+0.957
1608125520,+3.39, +3.719, +0.167,+0.956
1608125580,+3.39, +3.698, +0.168,+0.956
1608125640,+3.39, +3.740, +0.166,+0.956
1608125700,+3.39, +3.740, +0.167,+0.956
1608125760,+3.39, +3.708, +0.167,+0.956
1608125820,+3.39, +3.740, +0.169,+0.957
1608125880,+3.39, +3.729, +0.167,+0.956
1608125940,+3.39, +3.750, +0.168,+0.957
1608126000,+3.39, +3.729, +0.168,+0.956
1608126060,+3.39, +3.740, +0.168,+0.956
1608126120,+3.39, +3.750, +0.168,+0.957
1608126180,+3.39, +3.729, +0.167,+0.956
1608126240,+3.39, +3.750, +0.167,+0.957
1608126300,+3.39, +3.761, +0.168,+0.956
1608126360,+3.39, +3.750, +0.166,+0.956
1608126420,+3.39, +3.750, +0.166,+0.956
1608126480,+3.39, +3.719, +0.167,+0.956
1608126540,+3.39, +3.698, +0.169,+0.956
1608126600,+3.39, +3.750, +0.167,+0.957
1608126660,+3.39, +3.708, +0.168,+0.957
1608126720,+3.39, +3.771, +0.165,+0.956
1608126780,+3.39, +3.740, +0.168,+0.956
1608126840,+3.39, +3.729, +0.166,+0.956
1608126900,+3.39, +3.719, +0.169,+0.957
1608126960,+3.39, +3.740, +0.166,+0.957
1608127020,+3.39, +3.719, +0.167,+0.956
1608127080,+3.39, +3.719, +0.166,+0.956
1608127140,+3.39, +3.719, +0.168,+0.957
1608127200,+3.40, +3.729, +0.168,+0.957
1608127260,+3.39, +3.729, +0.166,+0.956
1608127320,+3.39, +3.740, +0.168,+0.957
1608127380,+3.40, +3.719, +0.167,+0.956
1608127440,+3.39, +3.698, +0.169,+0.957
1608127500,+3.39, +3.740, +0.167,+0.957
1608127560,+3.39, +3.719, +0.166,+0.956
1608127620,+3.39, +3.729, +0.167,+0.956
1608127680,+3.39, +3.719, +0.168,+0.956
1608127740,+3.39, +3.729, +0.167,+0.956
1608127800,+3.39, +3.729, +0.165,+0.956
1608127860,+3.39, +3.750, +0.166,+0.956
1608127920,+3.39, +3.740, +0.168,+0.957
1608127980,+3.39, +3.740, +0.168,+0.957
1608128040,+3.39, +3.667, +0.168,+0.956
1608128100,+3.39, +3.761, +0.167,+0.956
1608128160,+3.39, +3.740, +0.166,+0.956
1608128220,+3.39, +3.729, +0.165,+0.956
1608128280,+3.39, +3.708, +0.167,+0.956
1608128340,+3.39, +3.750, +0.168,+0.957
1608128400,+3.39, +3.719, +0.167,+0.957
1608128460,+3.39, +3.729, +0.167,+0.956
1608128520,+3.39, +3.698, +0.167,+0.956
1608128580,+3.39, +3.729, +0.167,+0.956
1608128640,+3.39, +3.698, +0.166,+0.956
1608128700,+3.39, +3.719, +0.166,+0.956
1608128760,+3.39, +3.719, +0.167,+0.956
1608128820,+3.39, +3.761, +0.167,+0.956
1608128880,+3.39, +3.719, +0.169,+0.957
1608128940,+3.39, +3.740, +0.165,+0.956
1608129000,+3.39, +3.719, +0.166,+0.956
1608129060,+3.39, +3.740, +0.166,+0.956
1608129120,+3.39, +3.719, +0.168,+0.956
1608129180,+3.39, +3.729, +0.167,+0.956
1608129240,+3.39, +3.740, +0.167,+0.956
1608129300,+3.39, +3.729, +0.166,+0.956
1608129360,+3.39, +3.708, +0.167,+0.956
1608129420,+3.39, +3.750, +0.166,+0.957
1608129480,+3.39, +3.729, +0.165,+0.956
1608129540,+3.39, +3.729, +0.167,+0.956
1608129600,+3.39, +3.708, +0.169,+0.957
1608129660,+3.39, +3.740, +0.166,+0.956
1608129720,+3.39, +3.729, +0.169,+0.956
1608129780,+3.39, +3.719, +0.167,+0.956
1608129840,+3.39, +3.719, +0.168,+0.956
1608129900,+3.39, +3.719, +0.167,+0.957
1608129960,+3.39, +3.729, +0.166,+0.956
1608130020,+3.39, +3.708, +0.168,+0.956
1608130080,+3.39, +3.740, +0.166,+0.956
1608130140,+3.39, +3.708, +0.168,+0.956
1608130200,+3.39, +3.750, +0.168,+0.957
1608130260,+3.39, +3.729, +0.167,+0.956
1608130320,+3.39, +3.740, +0.167,+0.957
1608130380,+3.39, +3.719, +0.168,+0.956
1608130440,+3.39, +3.708, +0.167,+0.956
1608130500,+3.39, +3.729, +0.165,+0.956
1608130560,+3.40, +3.740, +0.166,+0.956
1608130620,+3.39, +3.729, +0.168,+0.957
1608130680,+3.39, +3.729, +0.167,+0.957
1608130740,+3.39, +3.719, +0.167,+0.956
1608130800,+3.39, +3.719, +0.168,+0.956
1608130860,+3.39, +3.729, +0.166,+0.956
1608130920,+3.39, +3.740, +0.167,+0.956
1608130980,+3.39, +3.719, +0.167,+0.956
1608131040,+3.39, +3.708, +0.168,+0.956
1608131100,+3.39, +3.708, +0.167,+0.956
1608131160,+3.39, +3.729, +0.167,+0.957
1608131220,+3.39, +3.729, +0.167,+0.957
1608131280,+3.39, +3.719, +0.168,+0.956
1608131340,+3.39, +3.708, +0.168,+0.956
1608131400,+3.39, +3.740, +0.165,+0.956
1608131460,+3.39, +3.729, +0.167,+0.957
1608131520,+3.39, +3.708, +0.166,+0.956
1608131580,+3.39, +3.740, +0.168,+0.957
1608131640,+3.39, +3.698, +0.168,+0.956
1608131700,+3.39, +3.729, +0.168,+0.956
1608131760,+3.39, +3.761, +0.166,+0.956
1608131820,+3.39, +3.729, +0.166,+0.956
1608131880,+3.39, +3.729, +0.167,+0.957
1608131940,+3.39, +3.719, +0.168,+0.956
1608132000,+3.39, +3.729, +0.166,+0.956
1608132060,+3.39, +3.677, +0.167,+0.956
1608132120,+3.39, +3.719, +0.167,+0.956
1608132180,+3.39, +3.729, +0.166,+0.957
1608132240,+3.39, +3.688, +0.166,+0.956
1608132300,+3.39, +3.740, +0.167,+0.956
1608132360,+3.39, +3.708, +0.169,+0.956
1608132420,+3.39, +3.719, +0.167,+0.956
1608132480,+3.39, +3.708, +0.168,+0.956
1608132540,+3.39, +3.729, +0.167,+0.956
1608132600,+3.39, +3.740, +0.167,+0.956
1608132660,+3.39, +3.719, +0.168,+0.956
1608132720,+3.39, +3.729, +0.168,+0.956
1608132780,+3.39, +3.719, +0.168,+0.957
1608132840,+3.39, +3.729, +0.167,+0.956
1608132900,+3.39, +3.719, +0.166,+0.956
1608132960,+3.39, +3.729, +0.168,+0.957
1608133020,+3.39, +3.729, +0.168,+0.956
1608133080,+3.39, +3.729, +0.166,+0.956
1608133140,+3.39, +3.719, +0.167,+0.956
1608133200,+3.39, +3.729, +0.167,+0.956
1608133260,+3.39, +3.708, +0.167,+0.956
1608133320,+3.39, +3.729, +0.167,+0.957
1608133380,+3.39, +3.740, +0.167,+0.956
1608133440,+3.39, +3.708, +0.167,+0.956
1608133500,+3.39, +3.740, +0.166,+0.956
1608133560,+3.39, +3.719, +0.166,+0.956
1608133620,+3.39, +3.729, +0.165,+0.956
1608133680,+3.39, +3.740, +0.167,+0.956
1608133740,+3.39, +3.750, +0.167,+0.956
1608133800,+3.39, +3.729, +0.167,+0.956
1608133860,+3.39, +3.729, +0.168,+0.956
1608133920,+3.39, +3.729, +0.167,+0.956
1608133980,+3.39, +3.719, +0.166,+0.956
1608134040,+3.39, +3.729, +0.167,+0.957
1608134100,+3.39, +3.719, +0.166,+0.956
1608134160,+3.39, +3.719, +0.167,+0.957
1608134220,+3.39, +3.750, +0.167,+0.956
1608134280,+3.39, +3.729, +0.168,+0.957
1608134340,+3.39, +3.740, +0.166,+0.956
1608134400,+3.39, +3.729, +0.166,+0.956
1608134460,+3.39, +3.719, +0.167,+0.956
1608134520,+3.39, +3.740, +0.168,+0.957
1608134580,+3.39, +3.761, +0.168,+0.956
1608134640,+3.39, +3.719, +0.167,+0.956
1608134700,+3.39, +3.740, +0.168,+0.957
1608134760,+3.39, +3.729, +0.168,+0.956
1608134820,+3.39, +3.729, +0.167,+0.956
1608134880,+3.39, +3.729, +0.167,+0.956
1608134940,+3.39, +3.719, +0.168,+0.956
1608135000,+3.39, +3.719, +0.168,+0.956
1608135060,+3.39, +3.729, +0.167,+0.956
1608135120,+3.40, +3.708, +0.166,+0.956
1608135180,+3.39, +3.729, +0.169,+0.956
1608135240,+3.39, +3.729, +0.167,+0.956
1608135300,+3.39, +3.729, +0.169,+0.957
1608135360,+3.39, +3.729, +0.168,+0.956
1608135420,+3.39, +3.688, +0.169,+0.956
1608135480,+3.39, +3.729, +0.165,+0.956
1608135540,+3.39, +3.750, +0.167,+0.956
1608135600,+3.39, +3.761, +0.166,+0.957
1608135660,+3.39, +3.708, +0.167,+0.956
1608135720,+3.39, +3.750, +0.167,+0.956
1608135780,+3.39, +3.729, +0.168,+0.956
1608135840,+3.39, +3.719, +0.165,+0.956
1608135900,+3.39, +3.750, +0.166,+0.956
1608135960,+3.39, +3.719, +0.167,+0.956
1608136020,+3.39, +3.708, +0.167,+0.956
1608136080,+3.39, +3.719, +0.168,+0.956
1608136140,+3.39, +3.719, +0.167,+0.956
1608136200,+3.39, +3.729, +0.167,+0.956
1608136260,+3.39, +3.708, +0.167,+0.956
1608136320,+3.39, +3.771, +0.166,+0.957
1608136380,+3.39, +3.719, +0.167,+0.956
1608136440,+3.39, +3.729, +0.166,+0.956
1608136500,+3.39, +3.708, +0.168,+0.956
1608136560,+3.39, +3.729, +0.165,+0.956
1608136620,+3.39, +3.708, +0.167,+0.956
1608136680,+3.39, +3.740, +0.166,+0.956
1608136740,+3.39, +3.729, +0.166,+0.956
1608136800,+3.39, +3.729, +0.166,+0.956
