7392-570653
OS REV: 1.11 Sensor Cal: 1428445788
Time (sec),  BV (Volts),  T (deg C),  DO (mg/l),  Q ()
1605717660,+3.39, +4.020, +1.139,+0.969
1605717720,+3.39, +4.000, +1.139,+0.969
1605717780,+3.39, +3.989, +1.137,+0.969
1605717840,+3.40, +4.031, +1.134,+0.969
1605717900,+3.39, +4.000, +1.136,+0.969
1605717960,+3.39, +4.000, +1.131,+0.969
1605718020,+3.39, +4.020, +1.123,+0.969
1605718080,+3.39, +4.000, +1.110,+0.968
1605718140,+3.39, +4.000, +1.102,+0.968
1605718200,+3.39, +4.020, +1.098,+0.968
1605718260,+3.39, +3.979, +1.098,+0.968
1605718320,+3.39, +3.979, +1.103,+0.968
1605718380,+3.39, +3.989, +1.108,+0.968
1605718440,+3.39, +4.031, +1.115,+0.969
1605718500,+3.39, +4.000, +1.117,+0.968
1605718560,+3.39, +4.031, +1.116,+0.969
1605718620,+3.39, +4.000, +1.113,+0.969
1605718680,+3.39, +4.000, +1.105,+0.968
1605718740,+3.39, +4.010, +1.108,+0.968
1605718800,+3.39, +4.000, +1.125,+0.969
1605718860,+3.39, +4.000, +1.157,+0.969
1605718920,+3.39, +3.989, +1.175,+0.969
1605718980,+3.39, +3.989, +1.187,+0.969
1605719040,+3.39, +4.010, +1.199,+0.969
1605719100,+3.39, +3.989, +1.206,+0.969
1605719160,+3.39, +4.010, +1.210,+0.969
1605719220,+3.39, +3.989, +1.219,+0.970
1605719280,+3.39, +4.010, +1.218,+0.969
1605719340,+3.39, +4.010, +1.226,+0.970
1605719400,+3.39, +4.010, +1.233,+0.970
1605719460,+3.39, +4.010, +1.236,+0.970
1605719520,+3.39, +4.010, +1.238,+0.970
1605719580,+3.39, +4.000, +1.236,+0.970
1605719640,+3.39, +4.000, +1.230,+0.970
1605719700,+3.39, +4.020, +1.224,+0.970
1605719760,+3.39, +4.020, +1.228,+0.970
1605719820,+3.39, +4.000, +1.232,+0.970
1605719880,+3.39, +4.000, +1.234,+0.970
1605719940,+3.39, +4.010, +1.241,+0.970
1605720000,+3.39, +4.000, +1.239,+0.970
1605720060,+3.39, +4.000, +1.242,+0.970
1605720120,+3.39, +4.031, +1.238,+0.970
1605720180,+3.39, +4.031, +1.238,+0.970
1605720240,+3.39, +4.010, +1.231,+0.970
1605720300,+3.39, +4.020, +1.225,+0.970
1605720360,+3.39, +4.010, +1.214,+0.970
1605720420,+3.39, +4.000, +1.211,+0.969
1605720480,+3.39, +3.989, +1.214,+0.969
1605720540,+3.39, +4.020, +1.218,+0.970
1605720600,+3.39, +4.041, +1.218,+0.970
1605720660,+3.39, +4.031, +1.214,+0.969
1605720720,+3.40, +4.010, +1.217,+0.969
1605720780,+3.39, +4.020, +1.211,+0.969
1605720840,+3.39, +4.000, +1.211,+0.969
1605720900,+3.39, +4.000, +1.213,+0.970
1605720960,+3.39, +4.000, +1.214,+0.970
1605721020,+3.39, +4.020, +1.216,+0.969
1605721080,+3.39, +4.020, +1.217,+0.970
1605721140,+3.39, +4.010, +1.219,+0.970
1605721200,+3.39, +4.010, +1.217,+0.970
1605721260,+3.39, +4.010, +1.219,+0.970
1605721320,+3.39, +4.010, +1.221,+0.970
1605721380,+3.39, +4.020, +1.218,+0.970
1605721440,+3.40, +4.000, +1.219,+0.970
1605721500,+3.39, +4.010, +1.217,+0.970
1605721560,+3.39, +4.020, +1.218,+0.970
1605721620,+3.40, +4.010, +1.216,+0.969
1605721680,+3.39, +4.010, +1.217,+0.970
1605721740,+3.39, +4.010, +1.212,+0.970
1605721800,+3.39, +4.000, +1.213,+0.970
1605721860,+3.39, +3.969, +1.215,+0.970
1605721920,+3.39, +4.020, +1.212,+0.970
1605721980,+3.39, +4.010, +1.211,+0.970
1605722040,+3.39, +4.031, +1.208,+0.970
1605722100,+3.40, +4.031, +1.208,+0.970
1605722160,+3.39, +4.000, +1.209,+0.970
1605722220,+3.39, +4.020, +1.207,+0.970
1605722280,+3.39, +4.010, +1.207,+0.969
1605722340,+3.39, +4.020, +1.211,+0.970
1605722400,+3.39, +3.979, +1.212,+0.969
1605722460,+3.39, +4.020, +1.210,+0.970
1605722520,+3.39, +4.000, +1.209,+0.969
1605722580,+3.39, +3.989, +1.208,+0.970
1605722640,+3.39, +3.989, +1.206,+0.969
1605722700,+3.39, +3.989, +1.203,+0.970
1605722760,+3.39, +4.000, +1.202,+0.969
1605722820,+3.39, +3.979, +1.202,+0.969
1605722880,+3.39, +4.020, +1.198,+0.970
1605722940,+3.39, +4.010, +1.196,+0.969
1605723000,+3.39, +4.020, +1.196,+0.970
1605723060,+3.39, +4.031, +1.192,+0.970
1605723120,+3.39, +4.010, +1.192,+0.969
1605723180,+3.39, +4.031, +1.189,+0.969
1605723240,+3.40, +4.031, +1.187,+0.969
1605723300,+3.39, +4.041, +1.184,+0.969
1605723360,+3.39, +4.020, +1.186,+0.969
1605723420,+3.39, +4.020, +1.183,+0.969
1605723480,+3.39, +4.031, +1.181,+0.969
1605723540,+3.39, +4.020, +1.177,+0.969
1605723600,+3.39, +4.031, +1.175,+0.969
1605723660,+3.39, +4.041, +1.170,+0.969
1605723720,+3.40, +4.020, +1.169,+0.969
1605723780,+3.39, +4.020, +1.169,+0.969
1605723840,+3.39, +4.000, +1.169,+0.969
1605723900,+3.39, +4.031, +1.169,+0.969
1605723960,+3.39, +4.031, +1.167,+0.969
1605724020,+3.39, +4.052, +1.164,+0.969
1605724080,+3.40, +4.031, +1.163,+0.969
1605724140,+3.39, +4.010, +1.163,+0.969
1605724200,+3.40, +4.052, +1.157,+0.969
1605724260,+3.39, +4.020, +1.157,+0.969
1605724320,+3.40, +4.000, +1.159,+0.969
1605724380,+3.39, +4.052, +1.156,+0.969
1605724440,+3.39, +4.010, +1.159,+0.969
1605724500,+3.39, +4.031, +1.160,+0.969
1605724560,+3.39, +4.062, +1.151,+0.969
1605724620,+3.39, +4.020, +1.149,+0.969
1605724680,+3.39, +4.031, +1.146,+0.969
1605724740,+3.39, +4.041, +1.142,+0.969
1605724800,+3.39, +4.020, +1.145,+0.969
1605724860,+3.39, +4.010, +1.144,+0.969
1605724920,+3.40, +4.010, +1.145,+0.969
1605724980,+3.39, +4.020, +1.153,+0.969
1605725040,+3.39, +4.031, +1.158,+0.969
1605725100,+3.39, +4.031, +1.153,+0.969
1605725160,+3.40, +4.062, +1.152,+0.969
1605725220,+3.40, +4.031, +1.150,+0.969
1605725280,+3.39, +4.031, +1.147,+0.969
1605725340,+3.40, +3.969, +1.147,+0.969
1605725400,+3.40, +4.010, +1.144,+0.969
1605725460,+3.40, +4.041, +1.136,+0.969
1605725520,+3.40, +4.041, +1.131,+0.969
1605725580,+3.39, +4.020, +1.127,+0.968
1605725640,+3.39, +4.000, +1.126,+0.969
1605725700,+3.39, +4.031, +1.125,+0.969
1605725760,+3.39, +4.041, +1.123,+0.969
1605725820,+3.39, +4.052, +1.119,+0.969
1605725880,+3.40, +4.031, +1.118,+0.969
1605725940,+3.40, +4.031, +1.114,+0.968
1605726000,+3.40, +4.020, +1.114,+0.969
1605726060,+3.39, +4.020, +1.110,+0.968
1605726120,+3.40, +4.020, +1.109,+0.969
1605726180,+3.39, +4.041, +1.104,+0.968
1605726240,+3.40, +4.072, +1.101,+0.969
1605726300,+3.40, +4.041, +1.099,+0.969
1605726360,+3.39, +4.062, +1.090,+0.969
1605726420,+3.39, +4.052, +1.085,+0.968
1605726480,+3.40, +4.020, +1.080,+0.968
1605726540,+3.39, +4.041, +1.076,+0.968
1605726600,+3.39, +4.041, +1.082,+0.968
1605726660,+3.39, +4.052, +1.086,+0.968
1605726720,+3.39, +4.062, +1.083,+0.968
1605726780,+3.39, +4.020, +1.088,+0.968
1605726840,+3.40, +4.052, +1.087,+0.969
1605726900,+3.40, +4.072, +1.089,+0.968
1605726960,+3.40, +4.083, +1.085,+0.968
1605727020,+3.39, +4.052, +1.087,+0.968
1605727080,+3.40, +4.062, +1.087,+0.968
1605727140,+3.39, +4.052, +1.090,+0.968
1605727200,+3.40, +4.031, +1.097,+0.969
1605727260,+3.40, +4.062, +1.096,+0.968
1605727320,+3.40, +4.083, +1.102,+0.969
1605727380,+3.40, +4.041, +1.108,+0.968
1605727440,+3.39, +4.052, +1.119,+0.969
1605727500,+3.39, +4.052, +1.129,+0.969
1605727560,+3.40, +4.083, +1.135,+0.969
1605727620,+3.40, +4.052, +1.143,+0.969
1605727680,+3.39, +4.062, +1.148,+0.969
1605727740,+3.39, +4.041, +1.155,+0.969
1605727800,+3.40, +4.072, +1.156,+0.969
1605727860,+3.39, +4.062, +1.155,+0.969
1605727920,+3.40, +4.041, +1.154,+0.969
1605727980,+3.40, +4.072, +1.154,+0.969
1605728040,+3.40, +4.052, +1.160,+0.969
1605728100,+3.40, +4.052, +1.166,+0.969
1605728160,+3.39, +4.052, +1.169,+0.969
1605728220,+3.39, +4.041, +1.171,+0.969
1605728280,+3.39, +4.093, +1.176,+0.969
1605728340,+3.40, +4.031, +1.186,+0.969
1605728400,+3.40, +4.062, +1.191,+0.969
1605728460,+3.39, +4.062, +1.202,+0.970
1605728520,+3.40, +4.052, +1.212,+0.970
1605728580,+3.39, +4.072, +1.225,+0.970
1605728640,+3.40, +4.083, +1.236,+0.970
1605728700,+3.39, +4.062, +1.241,+0.970
1605728760,+3.40, +4.072, +1.244,+0.970
1605728820,+3.39, +4.072, +1.243,+0.970
1605728880,+3.39, +4.062, +1.249,+0.970
1605728940,+3.40, +4.062, +1.250,+0.970
1605729000,+3.39, +4.062, +1.248,+0.970
1605729060,+3.40, +4.041, +1.250,+0.970
1605729120,+3.40, +4.083, +1.247,+0.970
1605729180,+3.39, +4.052, +1.245,+0.970
1605729240,+3.39, +4.083, +1.240,+0.970
1605729300,+3.40, +4.072, +1.232,+0.970
1605729360,+3.39, +4.052, +1.224,+0.969
1605729420,+3.40, +4.083, +1.219,+0.970
1605729480,+3.40, +4.062, +1.218,+0.970
1605729540,+3.40, +4.052, +1.210,+0.969
1605729600,+3.40, +4.052, +1.204,+0.969
1605729660,+3.40, +4.052, +1.197,+0.970
1605729720,+3.40, +4.052, +1.195,+0.969
1605729780,+3.40, +4.062, +1.191,+0.969
1605729840,+3.40, +4.062, +1.186,+0.969
1605729900,+3.39, +4.062, +1.184,+0.969
1605729960,+3.40, +4.052, +1.181,+0.969
1605730020,+3.40, +4.072, +1.180,+0.969
1605730080,+3.40, +4.031, +1.179,+0.969
1605730140,+3.40, +4.052, +1.175,+0.969
1605730200,+3.39, +4.041, +1.169,+0.969
1605730260,+3.39, +4.083, +1.163,+0.969
1605730320,+3.40, +4.062, +1.159,+0.969
1605730380,+3.39, +4.031, +1.159,+0.969
1605730440,+3.40, +4.062, +1.152,+0.969
1605730500,+3.40, +4.041, +1.147,+0.969
1605730560,+3.40, +4.052, +1.143,+0.969
1605730620,+3.39, +4.020, +1.143,+0.969
1605730680,+3.40, +4.052, +1.137,+0.969
1605730740,+3.39, +4.062, +1.131,+0.969
1605730800,+3.40, +4.041, +1.129,+0.969
1605730860,+3.40, +4.062, +1.124,+0.969
1605730920,+3.39, +4.052, +1.119,+0.969
1605730980,+3.40, +4.020, +1.116,+0.969
1605731040,+3.40, +4.041, +1.112,+0.969
1605731100,+3.39, +4.062, +1.102,+0.968
1605731160,+3.39, +4.041, +1.094,+0.968
1605731220,+3.40, +4.010, +1.091,+0.969
1605731280,+3.40, +4.072, +1.077,+0.968
1605731340,+3.39, +4.062, +1.071,+0.968
1605731400,+3.40, +4.062, +1.067,+0.968
1605731460,+3.39, +4.031, +1.060,+0.968
1605731520,+3.39, +4.041, +1.044,+0.968
1605731580,+3.40, +4.062, +1.032,+0.968
1605731640,+3.39, +4.031, +1.025,+0.968
1605731700,+3.40, +4.041, +1.021,+0.968
1605731760,+3.39, +4.031, +1.018,+0.968
1605731820,+3.40, +4.031, +1.010,+0.967
1605731880,+3.40, +4.052, +1.002,+0.967
1605731940,+3.39, +4.052, +0.996,+0.967
1605732000,+3.39, +4.041, +0.992,+0.967
1605732060,+3.40, +4.072, +0.986,+0.967
1605732120,+3.39, +4.041, +0.982,+0.967
1605732180,+3.39, +4.020, +0.978,+0.967
1605732240,+3.40, +4.031, +0.972,+0.967
1605732300,+3.40, +4.041, +0.972,+0.967
1605732360,+3.39, +4.020, +0.969,+0.967
1605732420,+3.40, +4.010, +0.965,+0.967
1605732480,+3.40, +4.052, +0.962,+0.967
1605732540,+3.40, +4.041, +0.962,+0.967
1605732600,+3.39, +4.010, +0.960,+0.967
1605732660,+3.40, +4.041, +0.957,+0.967
1605732720,+3.40, +4.062, +0.953,+0.967
1605732780,+3.40, +4.031, +0.950,+0.967
1605732840,+3.40, +4.041, +0.947,+0.967
1605732900,+3.40, +4.041, +0.948,+0.967
1605732960,+3.39, +4.052, +0.948,+0.967
1605733020,+3.40, +4.041, +0.949,+0.967
1605733080,+3.40, +4.031, +0.948,+0.967
1605733140,+3.39, +4.052, +0.941,+0.966
1605733200,+3.40, +4.041, +0.939,+0.967
1605733260,+3.40, +4.062, +0.930,+0.967
1605733320,+3.40, +4.072, +0.927,+0.966
1605733380,+3.40, +4.041, +0.926,+0.966
1605733440,+3.40, +4.062, +0.915,+0.966
1605733500,+3.39, +4.041, +0.907,+0.966
1605733560,+3.40, +4.041, +0.903,+0.966
1605733620,+3.40, +4.041, +0.900,+0.966
1605733680,+3.39, +4.041, +0.902,+0.966
1605733740,+3.39, +4.052, +0.901,+0.966
1605733800,+3.40, +4.041, +0.902,+0.966
1605733860,+3.40, +4.031, +0.904,+0.966
1605733920,+3.40, +4.072, +0.905,+0.966
1605733980,+3.39, +4.083, +0.905,+0.966
1605734040,+3.39, +4.052, +0.906,+0.966
1605734100,+3.40, +4.052, +0.905,+0.966
1605734160,+3.39, +4.041, +0.911,+0.966
1605734220,+3.40, +4.072, +0.925,+0.967
1605734280,+3.39, +4.052, +0.938,+0.967
1605734340,+3.40, +4.041, +0.941,+0.967
1605734400,+3.40, +4.052, +0.940,+0.967
1605734460,+3.39, +4.041, +0.942,+0.967
1605734520,+3.40, +4.062, +0.940,+0.967
1605734580,+3.40, +4.062, +0.945,+0.967
1605734640,+3.40, +4.072, +0.950,+0.967
1605734700,+3.40, +4.031, +0.954,+0.967
1605734760,+3.40, +4.041, +0.959,+0.967
1605734820,+3.40, +4.041, +0.959,+0.967
1605734880,+3.40, +4.052, +0.962,+0.967
1605734940,+3.40, +4.052, +0.966,+0.967
1605735000,+3.40, +4.031, +0.969,+0.967
1605735060,+3.40, +4.041, +0.970,+0.967
1605735120,+3.40, +4.031, +0.972,+0.967
1605735180,+3.39, +4.000, +0.977,+0.967
1605735240,+3.39, +4.052, +0.979,+0.967
1605735300,+3.40, +4.062, +0.982,+0.967
1605735360,+3.39, +3.989, +0.987,+0.967
1605735420,+3.39, +4.041, +0.986,+0.967
1605735480,+3.40, +4.041, +0.987,+0.967
1605735540,+3.40, +4.062, +0.986,+0.967
1605735600,+3.40, +4.031, +0.989,+0.967
1605735660,+3.40, +4.031, +0.989,+0.967
1605735720,+3.40, +4.062, +1.000,+0.967
1605735780,+3.39, +4.031, +1.009,+0.968
1605735840,+3.40, +4.062, +1.010,+0.968
1605735900,+3.40, +4.052, +1.012,+0.967
1605735960,+3.40, +4.041, +1.020,+0.967
1605736020,+3.40, +4.052, +1.026,+0.968
1605736080,+3.39, +4.031, +1.028,+0.968
1605736140,+3.40, +4.062, +1.036,+0.968
1605736200,+3.40, +4.083, +1.039,+0.968
1605736260,+3.39, +4.031, +1.039,+0.968
1605736320,+3.40, +4.041, +1.040,+0.968
1605736380,+3.40, +4.062, +1.040,+0.968
1605736440,+3.39, +4.072, +1.034,+0.968
1605736500,+3.40, +4.062, +1.040,+0.968
1605736560,+3.40, +4.072, +1.042,+0.968
1605736620,+3.39, +4.031, +1.053,+0.968
1605736680,+3.40, +4.072, +1.057,+0.968
1605736740,+3.40, +4.062, +1.070,+0.968
1605736800,+3.40, +4.052, +1.083,+0.968
1605736860,+3.39, +4.052, +1.088,+0.968
1605736920,+3.39, +4.083, +1.092,+0.969
1605736980,+3.40, +4.062, +1.096,+0.968
1605737040,+3.40, +4.072, +1.099,+0.968
1605737100,+3.40, +4.083, +1.102,+0.969
1605737160,+3.40, +4.072, +1.104,+0.969
1605737220,+3.40, +4.093, +1.101,+0.969
1605737280,+3.40, +4.083, +1.098,+0.968
1605737340,+3.39, +4.052, +1.101,+0.969
1605737400,+3.39, +4.072, +1.100,+0.969
1605737460,+3.40, +4.072, +1.097,+0.968
1605737520,+3.40, +4.072, +1.099,+0.968
1605737580,+3.40, +4.114, +1.098,+0.968
1605737640,+3.40, +4.093, +1.100,+0.968
1605737700,+3.39, +4.062, +1.099,+0.968
1605737760,+3.40, +4.072, +1.099,+0.968
1605737820,+3.39, +4.052, +1.093,+0.968
1605737880,+3.39, +4.062, +1.090,+0.968
1605737940,+3.39, +4.093, +1.086,+0.968
1605738000,+3.40, +4.052, +1.082,+0.968
1605738060,+3.39, +4.031, +1.076,+0.968
1605738120,+3.40, +4.052, +1.068,+0.968
1605738180,+3.39, +4.041, +1.064,+0.968
1605738240,+3.39, +4.072, +1.064,+0.968
1605738300,+3.40, +4.062, +1.062,+0.968
1605738360,+3.39, +4.041, +1.061,+0.968
1605738420,+3.40, +4.062, +1.060,+0.968
1605738480,+3.40, +4.083, +1.058,+0.968
1605738540,+3.39, +4.052, +1.058,+0.968
1605738600,+3.39, +3.989, +1.060,+0.968
1605738660,+3.40, +4.093, +1.057,+0.968
1605738720,+3.39, +4.052, +1.053,+0.968
1605738780,+3.40, +4.062, +1.051,+0.968
1605738840,+3.39, +4.062, +1.052,+0.968
1605738900,+3.40, +4.052, +1.049,+0.968
1605738960,+3.39, +4.041, +1.044,+0.968
1605739020,+3.40, +4.052, +1.040,+0.968
1605739080,+3.40, +4.072, +1.035,+0.968
1605739140,+3.39, +4.041, +1.043,+0.968
1605739200,+3.40, +4.041, +1.043,+0.968
1605739260,+3.40, +4.062, +1.042,+0.968
1605739320,+3.39, +4.072, +1.042,+0.968
1605739380,+3.40, +4.083, +1.039,+0.968
1605739440,+3.40, +4.052, +1.042,+0.968
1605739500,+3.40, +4.052, +1.040,+0.968
1605739560,+3.40, +4.062, +1.038,+0.968
1605739620,+3.40, +4.052, +1.041,+0.968
1605739680,+3.40, +4.072, +1.053,+0.968
1605739740,+3.39, +4.072, +1.064,+0.968
1605739800,+3.39, +4.062, +1.070,+0.968
1605739860,+3.40, +4.072, +1.073,+0.968
1605739920,+3.40, +4.031, +1.081,+0.968
1605739980,+3.40, +4.093, +1.087,+0.968
1605740040,+3.40, +4.072, +1.095,+0.968
1605740100,+3.40, +4.062, +1.107,+0.969
1605740160,+3.39, +4.072, +1.116,+0.969
1605740220,+3.40, +4.072, +1.124,+0.969
1605740280,+3.40, +4.103, +1.122,+0.969
1605740340,+3.39, +4.103, +1.121,+0.969
1605740400,+3.40, +4.083, +1.117,+0.969
1605740460,+3.39, +4.052, +1.082,+0.968
1605740520,+3.40, +4.083, +1.091,+0.969
1605740580,+3.39, +4.052, +1.099,+0.968
1605740640,+3.39, +4.052, +1.101,+0.969
1605740700,+3.40, +4.093, +1.093,+0.969
1605740760,+3.39, +4.052, +1.094,+0.968
1605740820,+3.40, +4.062, +1.095,+0.968
1605740880,+3.39, +4.041, +1.098,+0.968
1605740940,+3.40, +4.062, +1.093,+0.968
1605741000,+3.40, +4.083, +1.094,+0.969
1605741060,+3.40, +4.072, +1.116,+0.969
1605741120,+3.39, +4.103, +1.147,+0.969
1605741180,+3.40, +4.083, +1.182,+0.970
1605741240,+3.40, +4.114, +1.206,+0.970
1605741300,+3.40, +4.093, +1.216,+0.970
1605741360,+3.40, +4.103, +1.223,+0.970
1605741420,+3.40, +4.103, +1.243,+0.970
1605741480,+3.40, +4.103, +1.257,+0.970
1605741540,+3.40, +4.103, +1.270,+0.970
1605741600,+3.40, +4.114, +1.262,+0.970
1605741660,+3.40, +4.083, +1.261,+0.970
1605741720,+3.40, +4.114, +1.257,+0.970
1605741780,+3.40, +4.103, +1.248,+0.970
1605741840,+3.40, +4.114, +1.242,+0.970
1605741900,+3.40, +4.083, +1.222,+0.970
1605741960,+3.40, +4.052, +1.205,+0.970
1605742020,+3.39, +4.052, +1.197,+0.970
1605742080,+3.40, +4.093, +1.175,+0.969
1605742140,+3.39, +4.062, +1.162,+0.969
1605742200,+3.40, +4.093, +1.149,+0.969
1605742260,+3.40, +4.072, +1.128,+0.969
1605742320,+3.40, +4.093, +1.112,+0.969
1605742380,+3.40, +4.072, +1.107,+0.968
1605742440,+3.39, +4.083, +1.103,+0.969
1605742500,+3.40, +4.062, +1.102,+0.969
1605742560,+3.40, +4.062, +1.097,+0.969
1605742620,+3.39, +4.031, +1.092,+0.968
1605742680,+3.39, +4.072, +1.090,+0.968
1605742740,+3.40, +4.072, +1.097,+0.968
1605742800,+3.40, +4.083, +1.100,+0.969
1605742860,+3.40, +4.093, +1.103,+0.968
1605742920,+3.40, +4.041, +1.109,+0.968
1605742980,+3.40, +4.072, +1.113,+0.969
1605743040,+3.40, +4.083, +1.115,+0.969
1605743100,+3.40, +4.083, +1.113,+0.968
1605743160,+3.40, +4.072, +1.114,+0.969
1605743220,+3.40, +4.062, +1.119,+0.968
1605743280,+3.40, +4.103, +1.124,+0.969
1605743340,+3.40, +4.072, +1.139,+0.969
1605743400,+3.39, +4.072, +1.143,+0.969
1605743460,+3.40, +4.083, +1.150,+0.969
1605743520,+3.40, +4.093, +1.150,+0.969
1605743580,+3.40, +4.114, +1.146,+0.969
1605743640,+3.40, +4.083, +1.145,+0.969
1605743700,+3.39, +4.083, +1.149,+0.969
1605743760,+3.40, +4.083, +1.155,+0.969
1605743820,+3.40, +4.083, +1.162,+0.969
1605743880,+3.40, +4.114, +1.168,+0.969
1605743940,+3.40, +4.072, +1.173,+0.969
1605744000,+3.40, +4.093, +1.167,+0.969
1605744060,+3.40, +4.103, +1.168,+0.969
1605744120,+3.40, +4.093, +1.168,+0.969
1605744180,+3.40, +4.093, +1.168,+0.969
1605744240,+3.40, +4.093, +1.173,+0.969
1605744300,+3.40, +4.083, +1.175,+0.969
1605744360,+3.40, +4.093, +1.178,+0.969
1605744420,+3.40, +4.103, +1.181,+0.970
1605744480,+3.40, +4.103, +1.192,+0.969
1605744540,+3.40, +4.103, +1.202,+0.969
1605744600,+3.40, +4.103, +1.197,+0.969
1605744660,+3.40, +4.103, +1.192,+0.970
1605744720,+3.40, +4.093, +1.193,+0.969
1605744780,+3.40, +4.093, +1.193,+0.970
1605744840,+3.40, +4.093, +1.193,+0.970
1605744900,+3.40, +4.093, +1.188,+0.970
1605744960,+3.39, +4.103, +1.187,+0.970
1605745020,+3.40, +4.093, +1.190,+0.970
1605745080,+3.40, +4.083, +1.195,+0.969
1605745140,+3.40, +4.083, +1.198,+0.969
1605745200,+3.40, +4.103, +1.196,+0.969
1605745260,+3.40, +4.114, +1.195,+0.969
1605745320,+3.39, +4.103, +1.203,+0.970
1605745380,+3.40, +4.114, +1.214,+0.970
1605745440,+3.39, +4.093, +1.218,+0.969
1605745500,+3.40, +4.093, +1.223,+0.970
1605745560,+3.40, +4.083, +1.229,+0.970
1605745620,+3.40, +4.093, +1.217,+0.970
1605745680,+3.40, +4.072, +1.203,+0.970
1605745740,+3.40, +4.093, +1.189,+0.969
1605745800,+3.40, +4.072, +1.179,+0.969
1605745860,+3.40, +4.083, +1.166,+0.969
1605745920,+3.40, +4.083, +1.160,+0.969
1605745980,+3.40, +4.093, +1.147,+0.969
1605746040,+3.40, +4.103, +1.141,+0.969
1605746100,+3.40, +4.083, +1.138,+0.969
1605746160,+3.40, +4.093, +1.129,+0.969
1605746220,+3.40, +4.062, +1.119,+0.969
1605746280,+3.40, +4.083, +1.106,+0.969
1605746340,+3.40, +4.083, +1.095,+0.968
1605746400,+3.40, +4.072, +1.086,+0.968
1605746460,+3.40, +4.103, +1.070,+0.968
1605746520,+3.40, +4.072, +1.059,+0.968
1605746580,+3.40, +4.062, +1.052,+0.968
1605746640,+3.40, +4.062, +1.049,+0.968
1605746700,+3.40, +4.083, +1.039,+0.968
1605746760,+3.40, +4.072, +1.033,+0.968
1605746820,+3.39, +4.072, +1.033,+0.968
1605746880,+3.40, +4.072, +1.024,+0.968
1605746940,+3.40, +4.062, +1.024,+0.968
1605747000,+3.40, +4.072, +1.017,+0.968
1605747060,+3.40, +4.062, +1.020,+0.968
1605747120,+3.40, +4.062, +1.019,+0.967
1605747180,+3.40, +4.052, +1.017,+0.967
1605747240,+3.40, +4.093, +1.017,+0.968
1605747300,+3.40, +4.062, +1.016,+0.967
1605747360,+3.40, +4.072, +1.016,+0.968
1605747420,+3.40, +4.072, +1.014,+0.967
1605747480,+3.40, +4.062, +1.012,+0.967
1605747540,+3.40, +4.072, +1.011,+0.967
1605747600,+3.40, +4.062, +1.011,+0.967
1605747660,+3.40, +4.083, +1.009,+0.968
1605747720,+3.40, +4.041, +1.006,+0.967
1605747780,+3.40, +4.062, +1.003,+0.968
1605747840,+3.40, +4.062, +0.996,+0.967
1605747900,+3.40, +4.072, +0.986,+0.967
1605747960,+3.40, +4.062, +0.982,+0.967
1605748020,+3.40, +4.072, +0.980,+0.967
1605748080,+3.40, +4.062, +0.978,+0.967
1605748140,+3.40, +4.052, +0.973,+0.967
1605748200,+3.40, +4.052, +0.966,+0.967
1605748260,+3.40, +4.072, +0.956,+0.967
1605748320,+3.40, +4.062, +0.949,+0.967
1605748380,+3.40, +4.072, +0.939,+0.967
1605748440,+3.40, +4.093, +0.932,+0.966
1605748500,+3.40, +4.052, +0.931,+0.966
1605748560,+3.40, +4.093, +0.929,+0.966
1605748620,+3.40, +4.041, +0.932,+0.967
1605748680,+3.40, +4.062, +0.931,+0.967
1605748740,+3.40, +4.083, +0.929,+0.966
1605748800,+3.40, +4.031, +0.932,+0.966
1605748860,+3.40, +4.041, +0.933,+0.966
1605748920,+3.39, +4.052, +0.933,+0.967
1605748980,+3.39, +4.062, +0.936,+0.966
1605749040,+3.40, +4.072, +0.941,+0.967
1605749100,+3.40, +4.052, +0.948,+0.967
1605749160,+3.40, +4.083, +0.957,+0.967
1605749220,+3.40, +4.062, +0.970,+0.967
1605749280,+3.40, +4.114, +0.974,+0.967
1605749340,+3.40, +4.072, +0.981,+0.967
1605749400,+3.40, +4.072, +0.987,+0.967
1605749460,+3.39, +4.052, +0.991,+0.967
1605749520,+3.40, +4.072, +0.992,+0.967
1605749580,+3.40, +4.072, +0.996,+0.967
1605749640,+3.40, +4.062, +0.998,+0.967
1605749700,+3.40, +4.062, +1.000,+0.967
1605749760,+3.40, +4.072, +1.001,+0.967
1605749820,+3.40, +4.062, +1.005,+0.967
1605749880,+3.40, +4.062, +1.007,+0.968
1605749940,+3.40, +4.072, +1.006,+0.968
1605750000,+3.40, +4.062, +1.010,+0.968
1605750060,+3.40, +4.052, +1.014,+0.968
1605750120,+3.40, +4.062, +1.015,+0.968
1605750180,+3.40, +4.083, +1.017,+0.968
1605750240,+3.40, +4.062, +1.020,+0.968
1605750300,+3.40, +4.041, +1.022,+0.967
1605750360,+3.40, +4.062, +1.025,+0.968
1605750420,+3.40, +4.052, +1.028,+0.968
1605750480,+3.40, +4.062, +1.030,+0.968
1605750540,+3.40, +4.062, +1.033,+0.968
1605750600,+3.40, +4.083, +1.031,+0.968
1605750660,+3.40, +4.062, +1.033,+0.968
1605750720,+3.40, +4.062, +1.033,+0.968
1605750780,+3.40, +4.083, +1.032,+0.968
1605750840,+3.40, +4.031, +1.031,+0.968
1605750900,+3.40, +4.083, +1.023,+0.968
1605750960,+3.40, +4.052, +1.027,+0.968
1605751020,+3.39, +4.052, +1.031,+0.968
1605751080,+3.40, +4.072, +1.028,+0.968
1605751140,+3.40, +4.072, +1.032,+0.968
1605751200,+3.40, +4.072, +1.033,+0.968
1605751260,+3.40, +4.052, +1.036,+0.968
1605751320,+3.40, +4.041, +1.038,+0.968
1605751380,+3.40, +4.072, +1.035,+0.968
1605751440,+3.40, +4.041, +1.038,+0.968
1605751500,+3.40, +4.052, +1.039,+0.968
1605751560,+3.40, +4.041, +1.038,+0.968
1605751620,+3.40, +4.052, +1.040,+0.968
1605751680,+3.40, +4.062, +1.038,+0.968
1605751740,+3.39, +4.052, +1.040,+0.968
1605751800,+3.40, +4.052, +1.041,+0.968
1605751860,+3.40, +4.072, +1.035,+0.968
1605751920,+3.40, +4.093, +1.038,+0.968
1605751980,+3.40, +4.052, +1.038,+0.968
1605752040,+3.40, +4.072, +1.035,+0.968
1605752100,+3.40, +4.052, +1.033,+0.968
1605752160,+3.40, +4.041, +1.030,+0.968
1605752220,+3.40, +4.052, +1.029,+0.968
1605752280,+3.40, +4.072, +1.027,+0.968
1605752340,+3.40, +4.103, +1.025,+0.968
1605752400,+3.40, +4.083, +1.024,+0.968
1605752460,+3.40, +4.072, +1.025,+0.968
1605752520,+3.40, +4.062, +1.024,+0.968
1605752580,+3.40, +4.052, +1.025,+0.968
1605752640,+3.40, +4.041, +1.026,+0.968
1605752700,+3.39, +4.093, +1.023,+0.968
1605752760,+3.40, +4.041, +1.023,+0.968
1605752820,+3.40, +4.062, +1.023,+0.968
1605752880,+3.40, +4.083, +1.022,+0.968
1605752940,+3.40, +3.989, +1.026,+0.967
1605753000,+3.40, +4.072, +1.020,+0.968
1605753060,+3.40, +4.062, +1.023,+0.968
1605753120,+3.40, +4.072, +1.019,+0.967
1605753180,+3.40, +4.072, +1.019,+0.968
1605753240,+3.40, +4.062, +1.021,+0.968
1605753300,+3.40, +4.072, +1.020,+0.968
1605753360,+3.40, +4.072, +1.019,+0.968
1605753420,+3.40, +4.052, +1.020,+0.968
1605753480,+3.40, +4.062, +1.021,+0.968
1605753540,+3.39, +4.103, +1.017,+0.968
1605753600,+3.40, +4.083, +1.019,+0.968
1605753660,+3.40, +4.072, +1.019,+0.968
1605753720,+3.40, +4.062, +1.016,+0.967
1605753780,+3.40, +4.072, +1.017,+0.968
1605753840,+3.40, +4.062, +1.015,+0.967
1605753900,+3.40, +4.072, +1.014,+0.968
1605753960,+3.40, +4.052, +1.014,+0.968
1605754020,+3.40, +4.052, +1.013,+0.968
1605754080,+3.40, +4.052, +1.010,+0.968
1605754140,+3.40, +4.000, +1.013,+0.967
1605754200,+3.39, +4.052, +1.011,+0.968
1605754260,+3.40, +4.093, +1.009,+0.968
1605754320,+3.40, +4.072, +1.006,+0.967
1605754380,+3.40, +4.072, +1.005,+0.968
1605754440,+3.40, +4.083, +1.005,+0.967
1605754500,+3.40, +4.072, +1.004,+0.967
1605754560,+3.40, +4.072, +1.004,+0.967
1605754620,+3.40, +4.052, +1.009,+0.968
1605754680,+3.40, +4.093, +1.010,+0.968
1605754740,+3.40, +4.041, +1.012,+0.967
1605754800,+3.40, +4.062, +1.017,+0.968
1605754860,+3.40, +4.062, +1.015,+0.967
1605754920,+3.40, +4.062, +1.016,+0.967
1605754980,+3.40, +4.041, +1.017,+0.967
1605755040,+3.39, +4.052, +1.020,+0.968
1605755100,+3.40, +4.072, +1.015,+0.968
1605755160,+3.40, +4.052, +1.016,+0.968
1605755220,+3.40, +4.072, +1.016,+0.967
1605755280,+3.39, +4.062, +1.016,+0.967
1605755340,+3.39, +4.083, +1.014,+0.968
1605755400,+3.40, +4.072, +1.018,+0.968
1605755460,+3.40, +4.072, +1.016,+0.968
1605755520,+3.39, +4.062, +1.015,+0.968
1605755580,+3.40, +4.052, +1.020,+0.968
1605755640,+3.39, +4.072, +1.021,+0.968
1605755700,+3.40, +4.062, +1.027,+0.968
1605755760,+3.40, +4.072, +1.028,+0.967
1605755820,+3.40, +4.020, +1.034,+0.968
1605755880,+3.40, +4.062, +1.035,+0.968
1605755940,+3.40, +4.083, +1.037,+0.968
1605756000,+3.40, +4.041, +1.040,+0.968
1605756060,+3.40, +4.052, +1.043,+0.968
1605756120,+3.39, +4.072, +1.043,+0.968
1605756180,+3.40, +4.062, +1.045,+0.968
1605756240,+3.40, +4.072, +1.048,+0.968
1605756300,+3.40, +4.072, +1.045,+0.968
1605756360,+3.40, +4.072, +1.043,+0.968
1605756420,+3.40, +4.072, +1.039,+0.968
1605756480,+3.40, +4.093, +1.037,+0.968
1605756540,+3.40, +4.072, +1.035,+0.968
1605756600,+3.40, +4.072, +1.035,+0.968
1605756660,+3.40, +4.052, +1.037,+0.968
1605756720,+3.39, +4.072, +1.040,+0.968
1605756780,+3.40, +4.083, +1.047,+0.968
1605756840,+3.40, +4.072, +1.054,+0.968
1605756900,+3.39, +4.062, +1.057,+0.968
1605756960,+3.40, +4.072, +1.059,+0.968
1605757020,+3.40, +4.072, +1.058,+0.968
1605757080,+3.40, +4.062, +1.056,+0.968
1605757140,+3.40, +4.052, +1.060,+0.968
1605757200,+3.40, +4.062, +1.060,+0.968
1605757260,+3.40, +4.062, +1.062,+0.968
1605757320,+3.40, +4.083, +1.065,+0.968
1605757380,+3.40, +4.072, +1.069,+0.968
1605757440,+3.40, +4.062, +1.075,+0.968
1605757500,+3.40, +4.052, +1.078,+0.968
1605757560,+3.40, +4.072, +1.077,+0.968
1605757620,+3.40, +4.062, +1.078,+0.968
1605757680,+3.40, +4.072, +1.077,+0.968
1605757740,+3.40, +4.093, +1.075,+0.968
1605757800,+3.40, +4.083, +1.079,+0.968
1605757860,+3.40, +4.083, +1.080,+0.968
1605757920,+3.39, +4.093, +1.076,+0.968
1605757980,+3.40, +4.052, +1.080,+0.968
1605758040,+3.40, +4.062, +1.077,+0.968
1605758100,+3.40, +4.072, +1.074,+0.968
1605758160,+3.40, +4.083, +1.071,+0.968
1605758220,+3.40, +4.103, +1.071,+0.968
1605758280,+3.40, +4.093, +1.070,+0.968
1605758340,+3.40, +4.062, +1.066,+0.968
1605758400,+3.40, +4.083, +1.066,+0.968
1605758460,+3.40, +4.072, +1.066,+0.968
1605758520,+3.40, +4.052, +1.072,+0.968
1605758580,+3.40, +4.062, +1.075,+0.968
1605758640,+3.39, +4.062, +1.081,+0.968
1605758700,+3.40, +4.103, +1.079,+0.968
1605758760,+3.40, +4.062, +1.080,+0.968
1605758820,+3.39, +4.062, +1.079,+0.968
1605758880,+3.40, +4.062, +1.076,+0.968
1605758940,+3.40, +4.083, +1.072,+0.968
1605759000,+3.40, +4.062, +1.072,+0.968
1605759060,+3.40, +4.093, +1.073,+0.968
1605759120,+3.40, +4.083, +1.073,+0.968
1605759180,+3.40, +4.093, +1.073,+0.968
1605759240,+3.39, +4.041, +1.075,+0.968
1605759300,+3.40, +4.083, +1.067,+0.968
1605759360,+3.40, +4.072, +1.066,+0.968
1605759420,+3.40, +4.093, +1.064,+0.968
1605759480,+3.40, +4.083, +1.058,+0.968
1605759540,+3.39, +4.093, +1.057,+0.968
1605759600,+3.40, +4.072, +1.058,+0.968
1605759660,+3.40, +4.072, +1.055,+0.968
1605759720,+3.40, +4.103, +1.054,+0.968
1605759780,+3.40, +4.072, +1.057,+0.968
1605759840,+3.40, +4.072, +1.055,+0.968
1605759900,+3.40, +4.083, +1.053,+0.968
1605759960,+3.40, +4.072, +1.052,+0.968
1605760020,+3.40, +4.062, +1.053,+0.968
1605760080,+3.40, +4.072, +1.053,+0.968
1605760140,+3.40, +4.072, +1.052,+0.968
1605760200,+3.40, +4.103, +1.049,+0.968
1605760260,+3.40, +4.062, +1.055,+0.968
1605760320,+3.40, +4.093, +1.053,+0.968
1605760380,+3.39, +4.083, +1.052,+0.968
1605760440,+3.40, +4.072, +1.055,+0.968
1605760500,+3.40, +4.072, +1.051,+0.968
1605760560,+3.40, +4.083, +1.046,+0.968
1605760620,+3.40, +4.083, +1.047,+0.968
1605760680,+3.40, +4.083, +1.047,+0.968
1605760740,+3.40, +4.083, +1.044,+0.968
1605760800,+3.40, +4.062, +1.042,+0.968
1605760860,+3.40, +4.072, +1.041,+0.968
1605760920,+3.40, +4.093, +1.040,+0.968
1605760980,+3.40, +4.083, +1.038,+0.968
1605761040,+3.40, +4.103, +1.041,+0.968
1605761100,+3.40, +4.072, +1.040,+0.968
1605761160,+3.40, +4.083, +1.038,+0.968
1605761220,+3.40, +4.072, +1.041,+0.968
1605761280,+3.40, +4.083, +1.040,+0.968
1605761340,+3.40, +4.083, +1.040,+0.968
1605761400,+3.40, +4.093, +1.041,+0.968
1605761460,+3.40, +4.083, +1.041,+0.968
1605761520,+3.40, +4.083, +1.041,+0.968
1605761580,+3.40, +4.072, +1.041,+0.968
1605761640,+3.40, +4.072, +1.042,+0.968
1605761700,+3.40, +4.083, +1.045,+0.968
1605761760,+3.40, +4.062, +1.046,+0.968
1605761820,+3.40, +4.083, +1.046,+0.968
1605761880,+3.40, +4.072, +1.050,+0.968
1605761940,+3.39, +4.072, +1.052,+0.968
1605762000,+3.40, +4.083, +1.055,+0.968
1605762060,+3.40, +4.072, +1.044,+0.968
1605762120,+3.40, +4.114, +1.040,+0.968
1605762180,+3.40, +4.114, +1.040,+0.968
1605762240,+3.40, +4.052, +1.045,+0.968
1605762300,+3.40, +4.062, +1.043,+0.968
1605762360,+3.40, +4.093, +1.044,+0.968
1605762420,+3.40, +4.072, +1.044,+0.968
1605762480,+3.40, +4.072, +1.042,+0.968
1605762540,+3.40, +4.083, +1.039,+0.968
1605762600,+3.40, +4.093, +1.037,+0.968
1605762660,+3.39, +4.052, +1.036,+0.968
1605762720,+3.40, +4.103, +1.033,+0.968
1605762780,+3.40, +4.083, +1.034,+0.968
1605762840,+3.40, +4.093, +1.033,+0.968
1605762900,+3.40, +4.093, +1.033,+0.968
1605762960,+3.40, +4.083, +1.033,+0.968
1605763020,+3.39, +4.083, +1.037,+0.968
1605763080,+3.39, +4.093, +1.033,+0.968
1605763140,+3.40, +4.083, +1.035,+0.968
1605763200,+3.40, +4.072, +1.034,+0.968
1605763260,+3.40, +4.083, +1.033,+0.968
1605763320,+3.40, +4.114, +1.030,+0.968
1605763380,+3.40, +4.103, +1.032,+0.968
1605763440,+3.40, +4.072, +1.034,+0.968
1605763500,+3.40, +4.083, +1.036,+0.968
1605763560,+3.39, +4.083, +1.037,+0.968
1605763620,+3.40, +4.093, +1.038,+0.968
1605763680,+3.40, +4.072, +1.042,+0.968
1605763740,+3.39, +4.072, +1.044,+0.968
1605763800,+3.40, +4.072, +1.045,+0.968
1605763860,+3.40, +4.072, +1.048,+0.968
1605763920,+3.40, +4.072, +1.043,+0.968
1605763980,+3.40, +4.093, +1.042,+0.968
1605764040,+3.40, +4.072, +1.040,+0.968
1605764100,+3.40, +4.062, +1.042,+0.968
1605764160,+3.40, +4.083, +1.042,+0.968
1605764220,+3.39, +4.072, +1.044,+0.968
1605764280,+3.40, +4.093, +1.043,+0.968
1605764340,+3.40, +4.114, +1.043,+0.968
1605764400,+3.40, +4.103, +1.046,+0.968
1605764460,+3.40, +4.103, +1.051,+0.968
1605764520,+3.40, +4.083, +1.053,+0.968
1605764580,+3.40, +4.093, +1.055,+0.968
1605764640,+3.40, +4.083, +1.054,+0.968
1605764700,+3.40, +4.083, +1.054,+0.968
1605764760,+3.40, +4.083, +1.052,+0.968
1605764820,+3.40, +4.083, +1.049,+0.968
1605764880,+3.40, +4.083, +1.044,+0.968
1605764940,+3.40, +4.083, +1.045,+0.968
1605765000,+3.40, +4.072, +1.044,+0.968
1605765060,+3.40, +4.062, +1.043,+0.968
1605765120,+3.40, +4.072, +1.043,+0.968
1605765180,+3.40, +4.114, +1.038,+0.968
1605765240,+3.40, +4.072, +1.042,+0.968
1605765300,+3.39, +4.083, +1.041,+0.968
1605765360,+3.39, +4.052, +1.045,+0.968
1605765420,+3.39, +4.072, +1.042,+0.968
1605765480,+3.40, +4.072, +1.039,+0.968
1605765540,+3.40, +4.083, +1.038,+0.968
1605765600,+3.40, +4.083, +1.037,+0.968
1605765660,+3.40, +4.093, +1.035,+0.968
1605765720,+3.40, +4.083, +1.032,+0.967
1605765780,+3.40, +4.083, +1.032,+0.968
1605765840,+3.40, +4.052, +1.036,+0.968
1605765900,+3.40, +4.072, +1.033,+0.968
1605765960,+3.40, +4.072, +1.035,+0.968
1605766020,+3.40, +4.072, +1.032,+0.968
1605766080,+3.40, +4.083, +1.032,+0.968
1605766140,+3.39, +4.062, +1.033,+0.968
1605766200,+3.39, +4.062, +1.029,+0.967
1605766260,+3.40, +4.103, +1.028,+0.968
1605766320,+3.39, +4.083, +1.025,+0.968
1605766380,+3.40, +4.052, +1.023,+0.968
1605766440,+3.40, +4.052, +1.021,+0.968
1605766500,+3.39, +4.083, +1.018,+0.967
1605766560,+3.39, +4.072, +1.019,+0.968
1605766620,+3.40, +4.103, +1.012,+0.968
1605766680,+3.40, +4.114, +1.011,+0.968
1605766740,+3.40, +4.093, +1.011,+0.967
1605766800,+3.40, +4.072, +1.011,+0.968
1605766860,+3.40, +4.083, +1.011,+0.968
1605766920,+3.40, +4.093, +1.014,+0.968
1605766980,+3.40, +4.062, +1.020,+0.968
1605767040,+3.40, +4.083, +1.019,+0.967
1605767100,+3.40, +4.052, +1.023,+0.968
1605767160,+3.40, +4.083, +1.022,+0.968
1605767220,+3.40, +4.052, +1.015,+0.968
1605767280,+3.40, +4.072, +1.001,+0.967
1605767340,+3.40, +4.083, +0.997,+0.967
1605767400,+3.40, +4.072, +0.994,+0.967
1605767460,+3.40, +4.072, +0.991,+0.967
1605767520,+3.40, +4.093, +0.985,+0.967
1605767580,+3.40, +4.103, +0.979,+0.967
1605767640,+3.39, +4.093, +0.976,+0.967
1605767700,+3.40, +4.103, +0.975,+0.967
1605767760,+3.40, +4.083, +0.978,+0.967
1605767820,+3.39, +4.103, +0.980,+0.967
1605767880,+3.40, +4.062, +0.987,+0.967
1605767940,+3.40, +4.062, +0.991,+0.967
1605768000,+3.40, +4.072, +0.996,+0.967
1605768060,+3.40, +4.072, +0.997,+0.967
1605768120,+3.40, +4.103, +0.993,+0.967
1605768180,+3.40, +4.062, +0.997,+0.967
1605768240,+3.40, +4.062, +0.995,+0.967
1605768300,+3.40, +4.062, +0.991,+0.967
1605768360,+3.40, +4.062, +0.989,+0.967
1605768420,+3.39, +4.093, +0.985,+0.967
1605768480,+3.40, +4.072, +0.987,+0.967
1605768540,+3.40, +4.093, +0.990,+0.967
1605768600,+3.40, +4.062, +0.989,+0.967
1605768660,+3.40, +4.093, +0.988,+0.967
1605768720,+3.39, +4.093, +0.988,+0.967
1605768780,+3.39, +4.072, +0.991,+0.967
1605768840,+3.40, +4.093, +0.990,+0.967
1605768900,+3.40, +4.103, +0.992,+0.968
1605768960,+3.40, +4.083, +0.994,+0.968
1605769020,+3.40, +4.114, +0.988,+0.967
1605769080,+3.39, +4.083, +0.989,+0.967
1605769140,+3.40, +4.103, +0.986,+0.967
1605769200,+3.40, +4.072, +0.986,+0.967
1605769260,+3.40, +4.083, +0.983,+0.967
1605769320,+3.40, +4.093, +0.983,+0.967
1605769380,+3.40, +4.072, +0.986,+0.967
1605769440,+3.40, +4.093, +0.988,+0.967
1605769500,+3.39, +4.072, +0.987,+0.967
1605769560,+3.40, +4.093, +0.986,+0.967
1605769620,+3.40, +4.114, +0.982,+0.967
1605769680,+3.40, +4.093, +0.983,+0.967
1605769740,+3.40, +4.093, +0.981,+0.967
1605769800,+3.40, +4.103, +0.978,+0.967
1605769860,+3.40, +4.062, +0.978,+0.967
1605769920,+3.40, +4.072, +0.977,+0.967
1605769980,+3.40, +4.072, +0.974,+0.967
1605770040,+3.40, +4.083, +0.975,+0.967
1605770100,+3.40, +4.083, +0.972,+0.967
1605770160,+3.40, +4.083, +0.971,+0.967
1605770220,+3.40, +4.083, +0.968,+0.967
1605770280,+3.40, +4.052, +0.970,+0.967
1605770340,+3.40, +4.062, +0.967,+0.967
1605770400,+3.40, +4.062, +0.963,+0.967
1605770460,+3.40, +4.072, +0.957,+0.967
1605770520,+3.40, +4.072, +0.956,+0.967
1605770580,+3.40, +4.062, +0.952,+0.967
1605770640,+3.39, +4.062, +0.948,+0.967
1605770700,+3.39, +4.062, +0.944,+0.966
1605770760,+3.39, +4.072, +0.943,+0.967
1605770820,+3.40, +4.031, +0.943,+0.967
1605770880,+3.40, +4.103, +0.940,+0.967
1605770940,+3.40, +4.103, +0.941,+0.967
1605771000,+3.40, +4.114, +0.941,+0.967
1605771060,+3.40, +4.072, +0.943,+0.967
1605771120,+3.40, +4.083, +0.941,+0.967
1605771180,+3.39, +4.072, +0.942,+0.967
1605771240,+3.40, +4.072, +0.942,+0.967
1605771300,+3.40, +4.093, +0.942,+0.967
1605771360,+3.40, +4.083, +0.945,+0.967
1605771420,+3.40, +4.062, +0.948,+0.967
1605771480,+3.40, +4.093, +0.942,+0.967
1605771540,+3.40, +4.072, +0.943,+0.967
1605771600,+3.40, +4.062, +0.942,+0.967
1605771660,+3.40, +4.093, +0.941,+0.967
1605771720,+3.40, +4.083, +0.939,+0.966
1605771780,+3.40, +4.072, +0.938,+0.966
1605771840,+3.40, +4.072, +0.939,+0.967
1605771900,+3.40, +4.083, +0.936,+0.967
1605771960,+3.40, +4.062, +0.937,+0.967
1605772020,+3.40, +4.093, +0.929,+0.967
1605772080,+3.40, +4.083, +0.926,+0.966
1605772140,+3.40, +4.072, +0.925,+0.966
1605772200,+3.40, +4.093, +0.926,+0.967
1605772260,+3.39, +4.083, +0.922,+0.966
1605772320,+3.40, +4.093, +0.921,+0.966
1605772380,+3.40, +4.072, +0.921,+0.966
1605772440,+3.40, +4.062, +0.925,+0.966
1605772500,+3.40, +4.103, +0.924,+0.967
1605772560,+3.40, +4.072, +0.931,+0.967
1605772620,+3.40, +4.072, +0.928,+0.967
1605772680,+3.40, +4.083, +0.928,+0.967
1605772740,+3.39, +4.072, +0.929,+0.966
1605772800,+3.40, +4.103, +0.928,+0.966
1605772860,+3.40, +4.072, +0.929,+0.967
1605772920,+3.40, +4.062, +0.927,+0.966
1605772980,+3.40, +4.103, +0.927,+0.967
1605773040,+3.40, +4.093, +0.927,+0.967
1605773100,+3.40, +4.114, +0.928,+0.967
1605773160,+3.40, +4.083, +0.928,+0.967
1605773220,+3.40, +4.083, +0.928,+0.966
1605773280,+3.40, +4.083, +0.925,+0.966
1605773340,+3.40, +4.062, +0.926,+0.967
1605773400,+3.40, +4.072, +0.923,+0.966
1605773460,+3.40, +4.072, +0.926,+0.966
1605773520,+3.40, +4.072, +0.922,+0.966
1605773580,+3.40, +4.052, +0.924,+0.966
1605773640,+3.40, +4.072, +0.928,+0.966
1605773700,+3.40, +4.103, +0.927,+0.966
1605773760,+3.40, +4.103, +0.930,+0.967
1605773820,+3.40, +4.052, +0.932,+0.967
1605773880,+3.39, +4.083, +0.931,+0.967
1605773940,+3.40, +4.072, +0.932,+0.967
1605774000,+3.39, +4.062, +0.931,+0.966
1605774060,+3.40, +4.083, +0.934,+0.967
1605774120,+3.40, +4.083, +0.933,+0.967
1605774180,+3.40, +4.083, +0.934,+0.967
1605774240,+3.40, +4.083, +0.935,+0.966
1605774300,+3.40, +4.083, +0.937,+0.967
1605774360,+3.40, +4.083, +0.933,+0.966
1605774420,+3.39, +4.083, +0.932,+0.967
1605774480,+3.40, +4.062, +0.934,+0.967
1605774540,+3.40, +4.103, +0.932,+0.967
1605774600,+3.40, +4.103, +0.930,+0.967
1605774660,+3.39, +4.052, +0.937,+0.967
1605774720,+3.40, +4.093, +0.935,+0.967
1605774780,+3.40, +4.052, +0.940,+0.967
1605774840,+3.40, +4.083, +0.937,+0.967
1605774900,+3.40, +4.103, +0.935,+0.967
1605774960,+3.40, +4.062, +0.936,+0.967
1605775020,+3.40, +4.083, +0.935,+0.967
1605775080,+3.40, +4.072, +0.936,+0.967
1605775140,+3.40, +4.072, +0.935,+0.967
1605775200,+3.40, +4.083, +0.934,+0.967
1605775260,+3.40, +4.052, +0.935,+0.966
1605775320,+3.40, +4.072, +0.935,+0.967
1605775380,+3.40, +4.052, +0.938,+0.967
1605775440,+3.40, +4.103, +0.933,+0.967
1605775500,+3.39, +4.093, +0.932,+0.967
1605775560,+3.40, +4.062, +0.937,+0.967
1605775620,+3.40, +4.083, +0.932,+0.967
1605775680,+3.40, +4.103, +0.933,+0.967
1605775740,+3.40, +4.062, +0.934,+0.966
1605775800,+3.40, +4.072, +0.937,+0.967
1605775860,+3.40, +4.093, +0.931,+0.967
1605775920,+3.40, +4.093, +0.933,+0.967
1605775980,+3.40, +4.062, +0.933,+0.967
1605776040,+3.40, +4.072, +0.933,+0.966
1605776100,+3.40, +4.062, +0.931,+0.966
1605776160,+3.40, +4.083, +0.931,+0.967
1605776220,+3.40, +4.083, +0.930,+0.966
1605776280,+3.40, +4.103, +0.928,+0.967
1605776340,+3.40, +4.083, +0.931,+0.967
1605776400,+3.40, +4.083, +0.930,+0.967
1605776460,+3.40, +4.083, +0.929,+0.967
1605776520,+3.40, +4.072, +0.929,+0.966
1605776580,+3.40, +4.072, +0.927,+0.967
1605776640,+3.40, +4.041, +0.927,+0.967
1605776700,+3.40, +4.072, +0.924,+0.966
1605776760,+3.40, +4.072, +0.922,+0.966
1605776820,+3.40, +4.072, +0.921,+0.966
1605776880,+3.40, +4.083, +0.919,+0.966
1605776940,+3.40, +4.093, +0.918,+0.966
1605777000,+3.40, +4.072, +0.916,+0.966
1605777060,+3.40, +4.083, +0.915,+0.966
1605777120,+3.40, +4.093, +0.913,+0.967
1605777180,+3.40, +4.072, +0.915,+0.967
1605777240,+3.40, +4.093, +0.910,+0.966
1605777300,+3.40, +4.093, +0.907,+0.966
1605777360,+3.40, +4.072, +0.907,+0.966
1605777420,+3.39, +4.103, +0.905,+0.966
1605777480,+3.39, +4.093, +0.904,+0.966
1605777540,+3.40, +4.114, +0.898,+0.966
1605777600,+3.40, +4.052, +0.901,+0.966
1605777660,+3.40, +4.103, +0.894,+0.966
1605777720,+3.40, +4.052, +0.894,+0.966
1605777780,+3.40, +4.052, +0.892,+0.966
1605777840,+3.40, +4.052, +0.886,+0.966
1605777900,+3.40, +4.083, +0.882,+0.966
1605777960,+3.40, +4.072, +0.879,+0.966
1605778020,+3.40, +4.052, +0.876,+0.966
1605778080,+3.40, +4.093, +0.870,+0.966
1605778140,+3.40, +4.093, +0.868,+0.966
1605778200,+3.40, +4.062, +0.867,+0.966
1605778260,+3.40, +4.083, +0.863,+0.966
1605778320,+3.40, +4.072, +0.859,+0.966
1605778380,+3.40, +4.052, +0.859,+0.966
1605778440,+3.40, +4.083, +0.854,+0.966
1605778500,+3.40, +4.103, +0.850,+0.966
1605778560,+3.40, +4.072, +0.852,+0.965
1605778620,+3.40, +4.072, +0.850,+0.966
1605778680,+3.40, +4.062, +0.849,+0.966
1605778740,+3.40, +4.083, +0.847,+0.966
1605778800,+3.40, +4.093, +0.843,+0.966
1605778860,+3.40, +4.093, +0.843,+0.965
1605778920,+3.40, +4.093, +0.841,+0.966
1605778980,+3.40, +4.072, +0.839,+0.965
1605779040,+3.40, +4.062, +0.835,+0.965
1605779100,+3.40, +4.052, +0.834,+0.965
1605779160,+3.39, +4.072, +0.829,+0.965
1605779220,+3.40, +4.083, +0.826,+0.965
1605779280,+3.40, +4.072, +0.823,+0.965
1605779340,+3.40, +4.072, +0.817,+0.965
1605779400,+3.40, +4.062, +0.810,+0.965
1605779460,+3.40, +4.072, +0.808,+0.965
1605779520,+3.40, +4.083, +0.802,+0.965
1605779580,+3.40, +4.093, +0.798,+0.965
1605779640,+3.40, +4.103, +0.794,+0.965
1605779700,+3.40, +4.072, +0.795,+0.965
1605779760,+3.40, +4.083, +0.792,+0.965
1605779820,+3.40, +4.093, +0.788,+0.965
1605779880,+3.40, +4.020, +0.786,+0.964
1605779940,+3.39, +4.083, +0.781,+0.964
1605780000,+3.40, +4.093, +0.781,+0.965
1605780060,+3.39, +4.062, +0.778,+0.965
1605780120,+3.40, +4.093, +0.775,+0.965
1605780180,+3.40, +4.083, +0.771,+0.965
1605780240,+3.40, +4.072, +0.771,+0.964
1605780300,+3.40, +4.072, +0.767,+0.964
1605780360,+3.40, +4.072, +0.766,+0.965
1605780420,+3.40, +4.072, +0.762,+0.965
1605780480,+3.40, +4.083, +0.759,+0.964
1605780540,+3.40, +4.093, +0.756,+0.964
1605780600,+3.40, +4.083, +0.755,+0.964
1605780660,+3.40, +4.072, +0.752,+0.964
1605780720,+3.40, +4.083, +0.751,+0.964
1605780780,+3.40, +4.103, +0.749,+0.964
1605780840,+3.40, +4.062, +0.749,+0.964
1605780900,+3.40, +4.062, +0.747,+0.964
1605780960,+3.40, +4.083, +0.745,+0.964
1605781020,+3.40, +4.083, +0.745,+0.964
1605781080,+3.40, +4.052, +0.747,+0.964
1605781140,+3.40, +4.072, +0.744,+0.964
1605781200,+3.40, +4.072, +0.742,+0.964
1605781260,+3.40, +4.072, +0.740,+0.964
1605781320,+3.40, +4.072, +0.738,+0.964
1605781380,+3.40, +4.072, +0.738,+0.964
1605781440,+3.40, +4.072, +0.738,+0.964
1605781500,+3.40, +4.083, +0.734,+0.964
1605781560,+3.40, +4.083, +0.734,+0.964
1605781620,+3.40, +4.062, +0.733,+0.964
1605781680,+3.39, +4.083, +0.730,+0.964
1605781740,+3.40, +4.062, +0.728,+0.964
1605781800,+3.40, +4.072, +0.728,+0.964
1605781860,+3.40, +4.093, +0.720,+0.964
1605781920,+3.40, +4.103, +0.721,+0.964
1605781980,+3.40, +4.093, +0.719,+0.964
1605782040,+3.40, +4.093, +0.715,+0.964
1605782100,+3.40, +4.083, +0.717,+0.964
1605782160,+3.39, +4.072, +0.715,+0.963
1605782220,+3.40, +4.093, +0.717,+0.964
1605782280,+3.39, +4.052, +0.716,+0.964
1605782340,+3.40, +4.083, +0.717,+0.964
1605782400,+3.40, +4.093, +0.717,+0.964
1605782460,+3.40, +4.072, +0.717,+0.964
1605782520,+3.40, +4.093, +0.716,+0.964
1605782580,+3.40, +4.093, +0.717,+0.964
1605782640,+3.40, +4.062, +0.719,+0.964
1605782700,+3.40, +4.083, +0.719,+0.964
1605782760,+3.40, +4.083, +0.720,+0.964
1605782820,+3.40, +4.093, +0.720,+0.964
1605782880,+3.40, +4.072, +0.719,+0.964
1605782940,+3.40, +4.062, +0.719,+0.964
1605783000,+3.40, +4.083, +0.717,+0.964
1605783060,+3.40, +4.072, +0.718,+0.964
1605783120,+3.40, +4.041, +0.718,+0.964
1605783180,+3.40, +4.083, +0.717,+0.964
1605783240,+3.40, +4.083, +0.719,+0.964
1605783300,+3.40, +4.093, +0.719,+0.964
1605783360,+3.40, +4.072, +0.720,+0.964
1605783420,+3.40, +4.083, +0.719,+0.964
1605783480,+3.40, +4.072, +0.724,+0.964
1605783540,+3.40, +4.072, +0.726,+0.964
1605783600,+3.40, +4.072, +0.721,+0.964
1605783660,+3.40, +4.083, +0.753,+0.964
1605783720,+3.40, +4.083, +0.773,+0.965
1605783780,+3.40, +4.124, +0.785,+0.965
1605783840,+3.40, +4.072, +0.794,+0.965
1605783900,+3.40, +4.072, +0.801,+0.965
1605783960,+3.40, +4.072, +0.806,+0.965
1605784020,+3.40, +4.093, +0.810,+0.965
1605784080,+3.40, +4.103, +0.814,+0.965
1605784140,+3.40, +4.062, +0.818,+0.965
1605784200,+3.40, +4.083, +0.820,+0.965
1605784260,+3.40, +4.083, +0.822,+0.965
1605784320,+3.40, +4.103, +0.824,+0.965
1605784380,+3.40, +4.083, +0.826,+0.965
1605784440,+3.40, +4.072, +0.828,+0.965
1605784500,+3.40, +4.072, +0.828,+0.965
1605784560,+3.40, +4.072, +0.831,+0.965
1605784620,+3.40, +4.052, +0.833,+0.965
1605784680,+3.40, +4.072, +0.831,+0.965
1605784740,+3.40, +4.083, +0.832,+0.965
1605784800,+3.40, +4.083, +0.834,+0.966
1605784860,+3.40, +4.072, +0.834,+0.965
1605784920,+3.40, +4.052, +0.835,+0.965
1605784980,+3.40, +4.114, +0.832,+0.965
1605785040,+3.40, +4.083, +0.834,+0.965
1605785100,+3.40, +4.052, +0.835,+0.965
1605785160,+3.40, +4.114, +0.832,+0.965
1605785220,+3.40, +4.103, +0.831,+0.966
1605785280,+3.40, +4.083, +0.831,+0.965
1605785340,+3.40, +4.083, +0.829,+0.965
1605785400,+3.40, +4.072, +0.827,+0.965
1605785460,+3.40, +4.093, +0.824,+0.965
1605785520,+3.40, +4.083, +0.822,+0.965
1605785580,+3.40, +4.072, +0.819,+0.965
1605785640,+3.40, +4.083, +0.815,+0.965
1605785700,+3.40, +4.072, +0.811,+0.965
1605785760,+3.40, +4.072, +0.807,+0.965
1605785820,+3.40, +4.072, +0.802,+0.965
1605785880,+3.39, +4.072, +0.799,+0.965
1605785940,+3.40, +4.083, +0.795,+0.965
1605786000,+3.40, +4.083, +0.791,+0.965
1605786060,+3.40, +4.083, +0.791,+0.965
1605786120,+3.40, +4.072, +0.787,+0.965
1605786180,+3.40, +4.083, +0.785,+0.965
1605786240,+3.40, +4.083, +0.782,+0.965
1605786300,+3.40, +4.093, +0.780,+0.965
1605786360,+3.40, +4.072, +0.781,+0.965
1605786420,+3.40, +4.083, +0.779,+0.965
1605786480,+3.40, +4.072, +0.778,+0.965
1605786540,+3.40, +4.072, +0.778,+0.965
1605786600,+3.40, +4.093, +0.777,+0.965
1605786660,+3.40, +4.072, +0.776,+0.964
1605786720,+3.40, +4.072, +0.775,+0.964
1605786780,+3.40, +4.072, +0.775,+0.965
1605786840,+3.40, +4.103, +0.772,+0.964
1605786900,+3.40, +4.052, +0.772,+0.965
1605786960,+3.40, +4.062, +0.768,+0.965
1605787020,+3.40, +4.072, +0.765,+0.964
1605787080,+3.40, +4.093, +0.759,+0.964
1605787140,+3.40, +4.093, +0.757,+0.964
1605787200,+3.40, +4.072, +0.754,+0.964
1605787260,+3.40, +4.072, +0.748,+0.964
1605787320,+3.40, +4.083, +0.744,+0.964
1605787380,+3.39, +4.072, +0.741,+0.964
1605787440,+3.40, +4.041, +0.740,+0.964
1605787500,+3.40, +4.083, +0.731,+0.964
1605787560,+3.40, +4.083, +0.725,+0.964
1605787620,+3.40, +4.083, +0.723,+0.964
1605787680,+3.40, +4.062, +0.720,+0.964
1605787740,+3.40, +4.062, +0.716,+0.964
1605787800,+3.40, +4.072, +0.712,+0.964
1605787860,+3.40, +4.072, +0.711,+0.964
1605787920,+3.40, +4.072, +0.710,+0.964
1605787980,+3.40, +4.072, +0.710,+0.964
1605788040,+3.40, +4.062, +0.710,+0.963
1605788100,+3.40, +4.093, +0.711,+0.964
1605788160,+3.40, +4.083, +0.713,+0.964
1605788220,+3.40, +4.052, +0.716,+0.964
1605788280,+3.40, +4.103, +0.717,+0.964
1605788340,+3.40, +4.083, +0.723,+0.964
1605788400,+3.40, +4.072, +0.725,+0.964
1605788460,+3.40, +4.083, +0.727,+0.964
1605788520,+3.40, +4.083, +0.728,+0.964
1605788580,+3.40, +4.083, +0.731,+0.964
1605788640,+3.40, +4.103, +0.731,+0.964
1605788700,+3.40, +4.093, +0.732,+0.964
1605788760,+3.39, +4.083, +0.735,+0.964
1605788820,+3.40, +4.072, +0.738,+0.964
1605788880,+3.40, +4.093, +0.737,+0.964
1605788940,+3.40, +4.083, +0.738,+0.964
1605789000,+3.40, +4.103, +0.736,+0.964
1605789060,+3.40, +4.083, +0.736,+0.964
1605789120,+3.40, +4.031, +0.738,+0.964
1605789180,+3.40, +4.114, +0.732,+0.964
1605789240,+3.40, +4.083, +0.733,+0.964
1605789300,+3.40, +4.093, +0.733,+0.964
1605789360,+3.40, +4.093, +0.728,+0.964
1605789420,+3.40, +4.083, +0.730,+0.964
1605789480,+3.40, +4.083, +0.730,+0.964
1605789540,+3.40, +4.072, +0.731,+0.964
1605789600,+3.39, +4.072, +0.730,+0.964
1605789660,+3.39, +4.114, +0.729,+0.964
1605789720,+3.39, +4.114, +0.732,+0.964
1605789780,+3.39, +4.083, +0.733,+0.964
1605789840,+3.39, +4.072, +0.736,+0.964
1605789900,+3.40, +4.093, +0.736,+0.964
1605789960,+3.39, +4.062, +0.740,+0.964
1605790020,+3.39, +4.052, +0.739,+0.964
1605790080,+3.39, +4.083, +0.742,+0.964
1605790140,+3.39, +4.083, +0.742,+0.964
1605790200,+3.40, +4.083, +0.742,+0.964
1605790260,+3.39, +4.083, +0.744,+0.964
1605790320,+3.40, +4.072, +0.743,+0.964
1605790380,+3.39, +4.072, +0.744,+0.964
1605790440,+3.40, +4.083, +0.742,+0.964
1605790500,+3.40, +4.062, +0.742,+0.964
1605790560,+3.39, +4.093, +0.741,+0.964
1605790620,+3.39, +4.093, +0.740,+0.964
1605790680,+3.39, +4.062, +0.738,+0.964
1605790740,+3.39, +4.093, +0.741,+0.964
1605790800,+3.39, +4.083, +0.739,+0.964
1605790860,+3.40, +4.083, +0.739,+0.964
1605790920,+3.39, +4.083, +0.742,+0.964
1605790980,+3.39, +4.062, +0.742,+0.964
1605791040,+3.39, +4.072, +0.741,+0.964
1605791100,+3.39, +4.072, +0.740,+0.964
1605791160,+3.40, +4.083, +0.741,+0.964
1605791220,+3.39, +4.093, +0.740,+0.964
1605791280,+3.39, +4.072, +0.741,+0.964
1605791340,+3.39, +4.062, +0.741,+0.964
1605791400,+3.39, +4.093, +0.741,+0.964
1605791460,+3.40, +4.093, +0.739,+0.964
1605791520,+3.39, +4.041, +0.742,+0.964
1605791580,+3.39, +4.072, +0.739,+0.964
1605791640,+3.40, +4.103, +0.736,+0.964
1605791700,+3.39, +4.103, +0.735,+0.964
1605791760,+3.39, +4.072, +0.732,+0.964
1605791820,+3.40, +4.083, +0.731,+0.964
1605791880,+3.39, +4.093, +0.726,+0.964
1605791940,+3.40, +4.093, +0.718,+0.964
1605792000,+3.39, +4.072, +0.719,+0.964
1605792060,+3.40, +4.083, +0.713,+0.964
1605792120,+3.39, +4.062, +0.713,+0.964
1605792180,+3.39, +4.083, +0.710,+0.964
1605792240,+3.39, +4.072, +0.710,+0.964
1605792300,+3.39, +4.093, +0.707,+0.964
1605792360,+3.40, +4.072, +0.707,+0.964
1605792420,+3.39, +4.083, +0.706,+0.964
1605792480,+3.40, +4.072, +0.705,+0.964
1605792540,+3.39, +4.062, +0.705,+0.964
1605792600,+3.39, +4.083, +0.707,+0.964
1605792660,+3.39, +4.072, +0.710,+0.964
1605792720,+3.40, +4.083, +0.709,+0.964
1605792780,+3.39, +4.093, +0.708,+0.964
1605792840,+3.39, +4.052, +0.712,+0.964
1605792900,+3.40, +4.072, +0.712,+0.964
1605792960,+3.39, +4.083, +0.714,+0.964
1605793020,+3.39, +4.052, +0.716,+0.964
1605793080,+3.39, +4.093, +0.715,+0.964
1605793140,+3.40, +4.083, +0.715,+0.964
1605793200,+3.39, +4.072, +0.719,+0.964
1605793260,+3.39, +4.062, +0.719,+0.964
1605793320,+3.39, +4.072, +0.720,+0.964
1605793380,+3.40, +4.072, +0.722,+0.964
1605793440,+3.39, +4.072, +0.723,+0.964
1605793500,+3.40, +4.072, +0.727,+0.964
1605793560,+3.39, +4.072, +0.727,+0.964
1605793620,+3.39, +4.072, +0.729,+0.964
1605793680,+3.39, +4.052, +0.730,+0.964
1605793740,+3.39, +4.072, +0.732,+0.964
1605793800,+3.39, +4.083, +0.735,+0.964
1605793860,+3.39, +4.093, +0.734,+0.964
1605793920,+3.40, +4.083, +0.735,+0.964
1605793980,+3.40, +4.103, +0.737,+0.964
1605794040,+3.39, +4.103, +0.738,+0.964
1605794100,+3.39, +4.041, +0.743,+0.964
1605794160,+3.39, +4.072, +0.741,+0.964
1605794220,+3.39, +4.072, +0.743,+0.964
1605794280,+3.39, +4.093, +0.745,+0.964
1605794340,+3.40, +4.072, +0.746,+0.964
1605794400,+3.39, +4.093, +0.746,+0.965
1605794460,+3.39, +4.072, +0.745,+0.964
1605794520,+3.40, +4.072, +0.744,+0.964
1605794580,+3.40, +4.114, +0.743,+0.964
1605794640,+3.39, +4.052, +0.745,+0.964
1605794700,+3.39, +4.103, +0.741,+0.964
1605794760,+3.40, +4.093, +0.738,+0.964
1605794820,+3.40, +4.062, +0.739,+0.964
1605794880,+3.40, +4.072, +0.737,+0.964
1605794940,+3.40, +4.062, +0.735,+0.964
1605795000,+3.39, +4.083, +0.732,+0.964
1605795060,+3.40, +4.093, +0.730,+0.964
1605795120,+3.39, +4.083, +0.727,+0.964
1605795180,+3.40, +4.072, +0.726,+0.964
1605795240,+3.39, +4.103, +0.722,+0.964
1605795300,+3.39, +4.062, +0.722,+0.964
1605795360,+3.40, +4.041, +0.721,+0.964
1605795420,+3.39, +4.062, +0.717,+0.964
1605795480,+3.40, +4.062, +0.716,+0.964
1605795540,+3.40, +4.041, +0.714,+0.963
1605795600,+3.40, +4.093, +0.710,+0.964
1605795660,+3.40, +4.093, +0.707,+0.964
1605795720,+3.39, +4.052, +0.708,+0.964
1605795780,+3.39, +4.052, +0.706,+0.964
1605795840,+3.40, +4.083, +0.704,+0.964
1605795900,+3.39, +4.052, +0.702,+0.964
1605795960,+3.40, +4.072, +0.699,+0.964
1605796020,+3.40, +4.083, +0.695,+0.963
1605796080,+3.39, +4.083, +0.693,+0.963
1605796140,+3.40, +4.052, +0.697,+0.964
1605796200,+3.40, +4.083, +0.690,+0.963
1605796260,+3.39, +4.062, +0.690,+0.964
1605796320,+3.39, +4.062, +0.688,+0.963
1605796380,+3.39, +4.031, +0.690,+0.963
1605796440,+3.39, +4.041, +0.688,+0.963
1605796500,+3.39, +4.072, +0.686,+0.963
1605796560,+3.40, +4.041, +0.687,+0.963
1605796620,+3.39, +4.114, +0.684,+0.963
1605796680,+3.39, +4.062, +0.686,+0.963
1605796740,+3.39, +4.093, +0.685,+0.964
1605796800,+3.40, +4.083, +0.684,+0.963
1605796860,+3.39, +4.031, +0.689,+0.963
1605796920,+3.39, +4.072, +0.688,+0.964
1605796980,+3.40, +4.062, +0.688,+0.963
1605797040,+3.40, +4.083, +0.690,+0.964
1605797100,+3.39, +4.062, +0.691,+0.963
1605797160,+3.39, +4.072, +0.691,+0.963
1605797220,+3.39, +4.072, +0.691,+0.964
1605797280,+3.39, +4.052, +0.693,+0.963
1605797340,+3.40, +4.062, +0.695,+0.963
1605797400,+3.39, +4.052, +0.693,+0.963
1605797460,+3.39, +4.062, +0.694,+0.964
1605797520,+3.39, +4.072, +0.693,+0.964
1605797580,+3.39, +4.052, +0.694,+0.963
1605797640,+3.39, +4.083, +0.692,+0.963
1605797700,+3.39, +4.062, +0.694,+0.963
1605797760,+3.39, +4.062, +0.693,+0.963
1605797820,+3.40, +4.103, +0.693,+0.964
1605797880,+3.40, +4.093, +0.693,+0.964
1605797940,+3.40, +4.083, +0.692,+0.963
1605798000,+3.40, +4.072, +0.695,+0.964
1605798060,+3.40, +4.072, +0.694,+0.964
1605798120,+3.39, +4.062, +0.696,+0.963
1605798180,+3.40, +4.072, +0.699,+0.964
1605798240,+3.40, +4.052, +0.702,+0.964
1605798300,+3.39, +4.062, +0.700,+0.963
1605798360,+3.39, +4.072, +0.702,+0.964
1605798420,+3.40, +4.041, +0.704,+0.964
1605798480,+3.40, +4.062, +0.704,+0.964
1605798540,+3.40, +4.083, +0.704,+0.964
1605798600,+3.40, +4.041, +0.708,+0.964
1605798660,+3.40, +4.072, +0.706,+0.964
1605798720,+3.40, +4.072, +0.708,+0.964
1605798780,+3.39, +4.062, +0.708,+0.963
1605798840,+3.40, +4.062, +0.709,+0.964
1605798900,+3.40, +4.093, +0.709,+0.964
1605798960,+3.39, +4.072, +0.712,+0.964
1605799020,+3.40, +4.083, +0.715,+0.964
1605799080,+3.39, +4.062, +0.721,+0.964
1605799140,+3.40, +4.062, +0.721,+0.964
1605799200,+3.39, +4.041, +0.724,+0.964
1605799260,+3.40, +4.072, +0.721,+0.964
1605799320,+3.40, +4.093, +0.722,+0.964
1605799380,+3.39, +4.062, +0.728,+0.964
1605799440,+3.40, +4.093, +0.726,+0.964
1605799500,+3.39, +4.062, +0.733,+0.964
1605799560,+3.40, +4.062, +0.736,+0.964
1605799620,+3.39, +4.072, +0.737,+0.964
1605799680,+3.39, +4.052, +0.740,+0.964
1605799740,+3.39, +4.052, +0.741,+0.964
1605799800,+3.40, +4.072, +0.740,+0.964
1605799860,+3.40, +4.041, +0.740,+0.964
1605799920,+3.40, +4.072, +0.743,+0.964
1605799980,+3.40, +4.062, +0.744,+0.964
1605800040,+3.40, +4.062, +0.751,+0.964
1605800100,+3.39, +4.062, +0.755,+0.964
1605800160,+3.39, +4.083, +0.755,+0.964
1605800220,+3.39, +4.052, +0.758,+0.964
1605800280,+3.40, +4.052, +0.762,+0.964
1605800340,+3.40, +4.114, +0.764,+0.965
1605800400,+3.40, +4.041, +0.772,+0.964
1605800460,+3.39, +4.062, +0.779,+0.965
1605800520,+3.40, +4.062, +0.788,+0.965
1605800580,+3.40, +4.072, +0.795,+0.965
1605800640,+3.39, +4.062, +0.800,+0.965
1605800700,+3.39, +4.052, +0.813,+0.965
1605800760,+3.39, +4.072, +0.818,+0.965
1605800820,+3.39, +4.052, +0.825,+0.965
1605800880,+3.40, +4.072, +0.828,+0.965
1605800940,+3.39, +4.072, +0.836,+0.965
1605801000,+3.40, +4.062, +0.844,+0.965
1605801060,+3.39, +4.072, +0.851,+0.966
1605801120,+3.40, +4.083, +0.853,+0.966
1605801180,+3.40, +4.062, +0.854,+0.966
1605801240,+3.40, +4.052, +0.858,+0.965
1605801300,+3.40, +4.052, +0.861,+0.966
1605801360,+3.40, +4.083, +0.864,+0.966
1605801420,+3.40, +4.083, +0.868,+0.966
1605801480,+3.40, +4.052, +0.876,+0.966
1605801540,+3.40, +4.052, +0.877,+0.966
1605801600,+3.40, +4.072, +0.877,+0.966
1605801660,+3.40, +4.062, +0.880,+0.966
1605801720,+3.40, +4.062, +0.882,+0.966
1605801780,+3.40, +4.072, +0.883,+0.966
1605801840,+3.40, +4.072, +0.881,+0.966
1605801900,+3.40, +4.052, +0.883,+0.966
1605801960,+3.40, +4.062, +0.879,+0.966
1605802020,+3.40, +4.072, +0.880,+0.966
1605802080,+3.40, +4.062, +0.878,+0.966
1605802140,+3.40, +4.062, +0.879,+0.966
1605802200,+3.40, +4.072, +0.878,+0.966
1605802260,+3.39, +4.072, +0.878,+0.966
1605802320,+3.40, +4.072, +0.874,+0.966
1605802380,+3.40, +4.072, +0.871,+0.966
1605802440,+3.40, +4.083, +0.867,+0.966
1605802500,+3.40, +4.103, +0.866,+0.966
1605802560,+3.40, +4.072, +0.866,+0.966
1605802620,+3.40, +4.083, +0.864,+0.966
1605802680,+3.40, +4.083, +0.861,+0.966
1605802740,+3.40, +4.083, +0.859,+0.966
1605802800,+3.40, +4.052, +0.859,+0.966
1605802860,+3.40, +4.093, +0.854,+0.966
1605802920,+3.39, +4.052, +0.852,+0.966
1605802980,+3.40, +4.062, +0.848,+0.965
1605803040,+3.40, +4.072, +0.846,+0.966
1605803100,+3.40, +4.093, +0.843,+0.966
1605803160,+3.40, +4.062, +0.842,+0.966
1605803220,+3.40, +4.031, +0.839,+0.965
1605803280,+3.40, +4.062, +0.837,+0.965
1605803340,+3.40, +4.062, +0.838,+0.966
1605803400,+3.40, +4.072, +0.837,+0.965
1605803460,+3.40, +4.093, +0.836,+0.965
1605803520,+3.39, +4.062, +0.841,+0.965
1605803580,+3.40, +4.093, +0.842,+0.966
1605803640,+3.40, +4.083, +0.847,+0.966
1605803700,+3.40, +4.062, +0.854,+0.966
1605803760,+3.40, +4.072, +0.854,+0.966
1605803820,+3.40, +4.083, +0.853,+0.965
1605803880,+3.40, +4.083, +0.859,+0.966
1605803940,+3.40, +4.062, +0.865,+0.966
1605804000,+3.40, +4.072, +0.865,+0.966
