7392-570653
OS REV: 1.11 Sensor Cal: 1428445788
Time (sec),  BV (Volts),  T (deg C),  DO (mg/l),  Q ()
1617381660,+3.39, +3.989, +0.169,+0.944
1617381720,+3.39, +3.989, +0.170,+0.944
1617381780,+3.39, +3.989, +0.169,+0.944
1617381840,+3.39, +3.989, +0.169,+0.944
1617381900,+3.39, +4.010, +0.172,+0.944
1617381960,+3.39, +4.010, +0.169,+0.944
1617382020,+3.39, +4.020, +0.170,+0.944
1617382080,+3.39, +4.020, +0.171,+0.944
1617382140,+3.39, +3.989, +0.170,+0.944
1617382200,+3.39, +4.010, +0.171,+0.944
1617382260,+3.39, +4.010, +0.171,+0.944
1617382320,+3.39, +4.010, +0.172,+0.944
1617382380,+3.39, +4.000, +0.172,+0.944
1617382440,+3.39, +4.010, +0.170,+0.944
1617382500,+3.39, +4.020, +0.169,+0.944
1617382560,+3.39, +4.010, +0.171,+0.944
1617382620,+3.39, +4.000, +0.171,+0.944
1617382680,+3.39, +4.000, +0.174,+0.944
1617382740,+3.39, +3.989, +0.175,+0.944
1617382800,+3.39, +4.010, +0.173,+0.945
1617382860,+3.39, +4.020, +0.170,+0.945
1617382920,+3.39, +3.937, +0.174,+0.945
1617382980,+3.39, +3.989, +0.172,+0.945
1617383040,+3.39, +3.989, +0.172,+0.945
1617383100,+3.39, +4.010, +0.170,+0.945
1617383160,+3.39, +4.010, +0.168,+0.945
1617383220,+3.39, +4.000, +0.170,+0.945
1617383280,+3.39, +4.000, +0.171,+0.945
1617383340,+3.39, +4.000, +0.170,+0.945
1617383400,+3.39, +4.010, +0.171,+0.945
1617383460,+3.39, +4.020, +0.173,+0.945
1617383520,+3.39, +4.000, +0.170,+0.945
1617383580,+3.39, +3.989, +0.170,+0.945
1617383640,+3.39, +4.000, +0.174,+0.945
1617383700,+3.39, +4.020, +0.175,+0.945
1617383760,+3.39, +4.020, +0.178,+0.945
1617383820,+3.39, +4.010, +0.178,+0.945
1617383880,+3.39, +4.010, +0.180,+0.945
1617383940,+3.39, +4.010, +0.182,+0.945
1617384000,+3.39, +4.010, +0.183,+0.945
1617384060,+3.39, +4.000, +0.188,+0.945
1617384120,+3.39, +4.020, +0.188,+0.945
1617384180,+3.39, +4.020, +0.193,+0.945
1617384240,+3.39, +4.020, +0.198,+0.945
1617384300,+3.39, +4.031, +0.198,+0.945
1617384360,+3.39, +4.020, +0.201,+0.945
1617384420,+3.39, +4.031, +0.203,+0.945
1617384480,+3.39, +4.020, +0.209,+0.945
1617384540,+3.39, +4.000, +0.214,+0.945
1617384600,+3.39, +3.979, +0.219,+0.945
1617384660,+3.39, +4.031, +0.222,+0.946
1617384720,+3.39, +4.031, +0.226,+0.946
1617384780,+3.39, +4.000, +0.231,+0.946
1617384840,+3.39, +4.000, +0.232,+0.946
1617384900,+3.39, +4.010, +0.236,+0.946
1617384960,+3.39, +4.031, +0.234,+0.946
1617385020,+3.39, +4.020, +0.234,+0.946
1617385080,+3.39, +4.010, +0.235,+0.946
1617385140,+3.39, +4.010, +0.234,+0.946
1617385200,+3.39, +4.010, +0.233,+0.946
1617385260,+3.39, +4.010, +0.235,+0.946
1617385320,+3.39, +4.010, +0.235,+0.946
1617385380,+3.39, +4.000, +0.235,+0.946
1617385440,+3.39, +4.000, +0.231,+0.946
1617385500,+3.39, +4.000, +0.229,+0.946
1617385560,+3.40, +4.010, +0.225,+0.945
1617385620,+3.39, +3.989, +0.222,+0.945
1617385680,+3.39, +4.010, +0.219,+0.945
1617385740,+3.39, +4.010, +0.216,+0.946
1617385800,+3.39, +4.020, +0.210,+0.945
1617385860,+3.39, +4.031, +0.208,+0.945
1617385920,+3.39, +4.020, +0.203,+0.945
1617385980,+3.39, +4.010, +0.200,+0.945
1617386040,+3.39, +4.020, +0.199,+0.945
1617386100,+3.39, +3.979, +0.197,+0.945
1617386160,+3.39, +4.010, +0.196,+0.945
1617386220,+3.39, +4.031, +0.197,+0.945
1617386280,+3.39, +4.020, +0.198,+0.945
1617386340,+3.39, +4.020, +0.199,+0.945
1617386400,+3.39, +4.041, +0.200,+0.945
1617386460,+3.39, +4.031, +0.198,+0.945
1617386520,+3.39, +3.989, +0.198,+0.945
1617386580,+3.39, +3.989, +0.193,+0.945
1617386640,+3.39, +4.020, +0.191,+0.945
1617386700,+3.39, +4.010, +0.190,+0.945
1617386760,+3.39, +4.020, +0.189,+0.945
1617386820,+3.39, +4.010, +0.188,+0.945
1617386880,+3.39, +4.010, +0.188,+0.945
1617386940,+3.39, +4.000, +0.187,+0.945
1617387000,+3.39, +4.010, +0.183,+0.945
1617387060,+3.39, +4.000, +0.185,+0.945
1617387120,+3.39, +4.010, +0.183,+0.945
1617387180,+3.39, +4.010, +0.183,+0.945
1617387240,+3.39, +4.020, +0.183,+0.945
1617387300,+3.39, +4.031, +0.183,+0.945
1617387360,+3.39, +4.031, +0.184,+0.945
1617387420,+3.39, +4.031, +0.184,+0.945
1617387480,+3.39, +4.010, +0.186,+0.945
1617387540,+3.39, +4.041, +0.186,+0.945
1617387600,+3.39, +3.989, +0.189,+0.945
1617387660,+3.39, +4.000, +0.185,+0.945
1617387720,+3.39, +4.010, +0.186,+0.945
1617387780,+3.39, +4.031, +0.184,+0.945
1617387840,+3.39, +4.031, +0.184,+0.945
1617387900,+3.39, +4.031, +0.182,+0.945
1617387960,+3.39, +4.010, +0.184,+0.945
1617388020,+3.39, +4.020, +0.189,+0.945
1617388080,+3.39, +4.031, +0.193,+0.945
1617388140,+3.39, +4.010, +0.197,+0.945
1617388200,+3.39, +4.000, +0.200,+0.945
1617388260,+3.39, +4.031, +0.193,+0.945
1617388320,+3.39, +4.020, +0.193,+0.945
1617388380,+3.39, +4.031, +0.191,+0.945
1617388440,+3.39, +4.031, +0.191,+0.945
1617388500,+3.39, +4.020, +0.187,+0.945
1617388560,+3.39, +4.020, +0.186,+0.945
1617388620,+3.39, +4.031, +0.185,+0.945
1617388680,+3.39, +4.000, +0.182,+0.945
1617388740,+3.39, +4.031, +0.180,+0.945
1617388800,+3.39, +4.020, +0.178,+0.945
1617388860,+3.39, +4.041, +0.175,+0.945
1617388920,+3.39, +4.000, +0.174,+0.945
1617388980,+3.39, +4.020, +0.174,+0.945
1617389040,+3.39, +4.010, +0.188,+0.945
1617389100,+3.39, +3.989, +0.266,+0.946
1617389160,+3.39, +4.010, +0.336,+0.948
1617389220,+3.39, +4.031, +0.378,+0.948
1617389280,+3.39, +4.020, +0.411,+0.949
1617389340,+3.39, +4.020, +0.429,+0.949
1617389400,+3.39, +4.041, +0.442,+0.949
1617389460,+3.39, +4.031, +0.449,+0.949
1617389520,+3.39, +4.020, +0.454,+0.949
1617389580,+3.39, +4.020, +0.446,+0.949
1617389640,+3.39, +4.000, +0.427,+0.949
1617389700,+3.39, +4.041, +0.399,+0.949
1617389760,+3.39, +4.020, +0.377,+0.948
1617389820,+3.39, +4.041, +0.358,+0.948
1617389880,+3.39, +4.010, +0.345,+0.948
1617389940,+3.39, +4.020, +0.333,+0.947
1617390000,+3.39, +4.031, +0.324,+0.947
1617390060,+3.39, +4.020, +0.306,+0.947
1617390120,+3.39, +4.020, +0.294,+0.947
1617390180,+3.39, +4.000, +0.285,+0.947
1617390240,+3.39, +4.010, +0.283,+0.946
1617390300,+3.39, +4.010, +0.292,+0.947
1617390360,+3.39, +4.010, +0.297,+0.947
1617390420,+3.39, +4.010, +0.311,+0.947
1617390480,+3.39, +4.020, +0.321,+0.947
1617390540,+3.39, +4.010, +0.328,+0.947
1617390600,+3.39, +4.010, +0.330,+0.947
1617390660,+3.39, +4.020, +0.332,+0.947
1617390720,+3.39, +4.052, +0.336,+0.948
1617390780,+3.39, +4.031, +0.334,+0.947
1617390840,+3.39, +4.031, +0.334,+0.947
1617390900,+3.39, +4.000, +0.329,+0.947
1617390960,+3.39, +4.031, +0.328,+0.947
1617391020,+3.39, +4.020, +0.323,+0.947
1617391080,+3.39, +4.020, +0.324,+0.947
1617391140,+3.39, +4.010, +0.329,+0.947
1617391200,+3.39, +4.031, +0.333,+0.948
1617391260,+3.39, +4.000, +0.331,+0.947
1617391320,+3.39, +4.010, +0.327,+0.947
1617391380,+3.39, +4.020, +0.319,+0.947
1617391440,+3.39, +3.989, +0.309,+0.947
1617391500,+3.39, +4.031, +0.299,+0.947
1617391560,+3.39, +4.000, +0.291,+0.947
1617391620,+3.39, +4.000, +0.280,+0.946
1617391680,+3.39, +4.000, +0.271,+0.946
1617391740,+3.39, +4.020, +0.264,+0.946
1617391800,+3.39, +4.031, +0.257,+0.946
1617391860,+3.39, +4.020, +0.251,+0.946
1617391920,+3.39, +4.031, +0.247,+0.946
1617391980,+3.39, +4.020, +0.248,+0.946
1617392040,+3.39, +4.010, +0.248,+0.946
1617392100,+3.39, +4.000, +0.253,+0.946
1617392160,+3.39, +3.979, +0.261,+0.946
1617392220,+3.39, +4.010, +0.274,+0.946
1617392280,+3.39, +4.031, +0.277,+0.946
1617392340,+3.39, +4.000, +0.281,+0.946
1617392400,+3.39, +4.020, +0.283,+0.947
1617392460,+3.39, +4.000, +0.284,+0.947
1617392520,+3.39, +3.989, +0.287,+0.946
1617392580,+3.39, +4.020, +0.291,+0.947
1617392640,+3.39, +4.041, +0.294,+0.947
1617392700,+3.39, +4.010, +0.302,+0.947
1617392760,+3.39, +4.020, +0.305,+0.947
1617392820,+3.39, +4.010, +0.304,+0.947
1617392880,+3.39, +4.010, +0.301,+0.947
1617392940,+3.39, +4.083, +0.300,+0.947
1617393000,+3.39, +4.031, +0.299,+0.947
1617393060,+3.40, +4.020, +0.298,+0.947
1617393120,+3.39, +4.020, +0.298,+0.947
1617393180,+3.39, +4.020, +0.297,+0.947
1617393240,+3.39, +4.020, +0.301,+0.947
1617393300,+3.39, +4.000, +0.300,+0.947
1617393360,+3.39, +4.020, +0.296,+0.947
1617393420,+3.39, +4.020, +0.291,+0.947
1617393480,+3.39, +4.000, +0.285,+0.946
1617393540,+3.39, +4.000, +0.278,+0.946
1617393600,+3.39, +4.000, +0.275,+0.946
1617393660,+3.39, +4.031, +0.272,+0.947
1617393720,+3.39, +4.031, +0.267,+0.946
1617393780,+3.39, +4.031, +0.267,+0.946
1617393840,+3.39, +4.020, +0.264,+0.946
1617393900,+3.39, +4.020, +0.265,+0.946
1617393960,+3.39, +4.020, +0.261,+0.946
1617394020,+3.39, +4.010, +0.260,+0.946
1617394080,+3.40, +4.041, +0.251,+0.946
1617394140,+3.39, +4.010, +0.243,+0.946
1617394200,+3.39, +4.010, +0.240,+0.946
1617394260,+3.39, +4.020, +0.236,+0.946
1617394320,+3.39, +4.020, +0.231,+0.946
1617394380,+3.39, +4.010, +0.227,+0.946
1617394440,+3.39, +3.989, +0.224,+0.945
1617394500,+3.39, +4.020, +0.222,+0.945
1617394560,+3.39, +4.020, +0.221,+0.946
1617394620,+3.39, +4.010, +0.216,+0.945
1617394680,+3.39, +4.010, +0.214,+0.945
1617394740,+3.39, +4.010, +0.212,+0.945
1617394800,+3.39, +4.020, +0.208,+0.945
1617394860,+3.39, +4.020, +0.209,+0.945
1617394920,+3.39, +4.000, +0.205,+0.945
1617394980,+3.39, +4.020, +0.205,+0.945
1617395040,+3.39, +3.989, +0.203,+0.945
1617395100,+3.39, +4.020, +0.200,+0.945
1617395160,+3.39, +4.052, +0.196,+0.945
1617395220,+3.39, +4.010, +0.192,+0.945
1617395280,+3.39, +4.020, +0.191,+0.945
1617395340,+3.39, +4.000, +0.190,+0.945
1617395400,+3.39, +4.000, +0.189,+0.945
1617395460,+3.39, +4.041, +0.185,+0.945
1617395520,+3.39, +4.010, +0.186,+0.945
1617395580,+3.39, +4.020, +0.185,+0.945
1617395640,+3.39, +4.010, +0.184,+0.945
1617395700,+3.39, +4.031, +0.181,+0.945
1617395760,+3.39, +4.041, +0.179,+0.945
1617395820,+3.39, +4.031, +0.179,+0.945
1617395880,+3.39, +4.000, +0.179,+0.945
1617395940,+3.39, +4.031, +0.180,+0.945
1617396000,+3.39, +4.020, +0.179,+0.945
1617396060,+3.39, +4.031, +0.177,+0.945
1617396120,+3.39, +4.000, +0.178,+0.945
1617396180,+3.40, +4.031, +0.175,+0.944
1617396240,+3.39, +4.010, +0.177,+0.945
1617396300,+3.39, +4.020, +0.176,+0.945
1617396360,+3.39, +4.031, +0.174,+0.945
1617396420,+3.39, +4.020, +0.176,+0.945
1617396480,+3.39, +4.031, +0.175,+0.945
1617396540,+3.39, +4.031, +0.174,+0.945
1617396600,+3.39, +4.010, +0.172,+0.944
1617396660,+3.39, +4.010, +0.173,+0.945
1617396720,+3.39, +4.031, +0.171,+0.945
1617396780,+3.39, +4.020, +0.174,+0.945
1617396840,+3.39, +4.020, +0.173,+0.944
1617396900,+3.39, +4.041, +0.173,+0.945
1617396960,+3.39, +4.010, +0.171,+0.944
1617397020,+3.39, +4.041, +0.170,+0.944
1617397080,+3.39, +4.031, +0.173,+0.945
1617397140,+3.40, +4.020, +0.170,+0.945
1617397200,+3.39, +3.989, +0.173,+0.945
1617397260,+3.39, +4.010, +0.173,+0.945
1617397320,+3.39, +4.020, +0.171,+0.945
1617397380,+3.39, +4.020, +0.172,+0.944
1617397440,+3.40, +4.062, +0.173,+0.945
1617397500,+3.39, +4.031, +0.170,+0.945
1617397560,+3.40, +4.052, +0.170,+0.945
1617397620,+3.39, +4.052, +0.170,+0.945
1617397680,+3.39, +4.031, +0.169,+0.944
1617397740,+3.39, +4.052, +0.173,+0.945
1617397800,+3.39, +4.072, +0.171,+0.945
1617397860,+3.39, +4.031, +0.172,+0.944
1617397920,+3.39, +4.041, +0.171,+0.945
1617397980,+3.39, +4.072, +0.172,+0.945
1617398040,+3.39, +4.041, +0.172,+0.944
1617398100,+3.39, +4.052, +0.170,+0.944
1617398160,+3.40, +4.031, +0.173,+0.944
1617398220,+3.39, +4.010, +0.179,+0.945
1617398280,+3.39, +4.052, +0.180,+0.945
1617398340,+3.39, +4.041, +0.182,+0.944
1617398400,+3.39, +4.020, +0.180,+0.945
1617398460,+3.39, +4.031, +0.179,+0.945
1617398520,+3.39, +4.020, +0.177,+0.945
1617398580,+3.39, +4.052, +0.176,+0.945
1617398640,+3.39, +4.041, +0.175,+0.945
1617398700,+3.39, +4.020, +0.173,+0.945
1617398760,+3.39, +4.041, +0.173,+0.944
1617398820,+3.39, +4.052, +0.171,+0.945
1617398880,+3.39, +4.031, +0.173,+0.945
1617398940,+3.39, +4.010, +0.172,+0.944
1617399000,+3.39, +4.041, +0.172,+0.944
1617399060,+3.39, +4.000, +0.173,+0.944
1617399120,+3.39, +4.041, +0.171,+0.945
1617399180,+3.39, +4.041, +0.171,+0.945
1617399240,+3.39, +4.052, +0.171,+0.945
1617399300,+3.39, +4.020, +0.171,+0.944
1617399360,+3.40, +4.062, +0.171,+0.945
1617399420,+3.39, +4.020, +0.170,+0.944
1617399480,+3.39, +4.052, +0.169,+0.944
1617399540,+3.40, +4.041, +0.171,+0.944
1617399600,+3.39, +4.041, +0.170,+0.944
1617399660,+3.39, +4.041, +0.170,+0.945
1617399720,+3.39, +4.031, +0.171,+0.945
1617399780,+3.40, +4.020, +0.171,+0.944
1617399840,+3.39, +4.031, +0.170,+0.944
1617399900,+3.39, +4.052, +0.170,+0.944
1617399960,+3.39, +4.020, +0.172,+0.944
1617400020,+3.40, +4.041, +0.170,+0.945
1617400080,+3.39, +4.052, +0.170,+0.944
1617400140,+3.39, +4.052, +0.170,+0.945
1617400200,+3.39, +4.041, +0.171,+0.945
1617400260,+3.39, +4.062, +0.171,+0.945
1617400320,+3.39, +4.031, +0.172,+0.944
1617400380,+3.39, +4.052, +0.171,+0.944
1617400440,+3.39, +4.020, +0.171,+0.944
1617400500,+3.39, +4.052, +0.171,+0.944
1617400560,+3.39, +4.083, +0.170,+0.945
1617400620,+3.39, +4.062, +0.171,+0.945
1617400680,+3.39, +4.041, +0.171,+0.944
1617400740,+3.39, +4.072, +0.171,+0.944
1617400800,+3.39, +4.072, +0.169,+0.945
1617400860,+3.39, +4.041, +0.171,+0.945
1617400920,+3.39, +4.052, +0.170,+0.944
1617400980,+3.39, +4.052, +0.171,+0.945
1617401040,+3.39, +4.072, +0.170,+0.945
1617401100,+3.39, +4.041, +0.171,+0.945
1617401160,+3.39, +4.031, +0.170,+0.944
1617401220,+3.39, +4.052, +0.170,+0.944
1617401280,+3.39, +4.062, +0.170,+0.944
1617401340,+3.39, +4.083, +0.171,+0.945
1617401400,+3.39, +4.041, +0.170,+0.944
1617401460,+3.39, +4.062, +0.171,+0.944
1617401520,+3.40, +4.041, +0.171,+0.944
1617401580,+3.39, +4.062, +0.171,+0.945
1617401640,+3.39, +4.041, +0.172,+0.945
1617401700,+3.39, +4.041, +0.173,+0.945
1617401760,+3.39, +4.031, +0.173,+0.944
1617401820,+3.39, +4.031, +0.175,+0.944
1617401880,+3.39, +4.062, +0.173,+0.944
1617401940,+3.39, +4.062, +0.174,+0.944
1617402000,+3.39, +4.052, +0.176,+0.945
1617402060,+3.39, +4.052, +0.174,+0.944
1617402120,+3.39, +4.072, +0.175,+0.945
1617402180,+3.39, +4.052, +0.176,+0.945
1617402240,+3.39, +4.010, +0.176,+0.944
1617402300,+3.39, +4.062, +0.175,+0.945
1617402360,+3.39, +4.041, +0.174,+0.945
1617402420,+3.39, +4.041, +0.172,+0.944
1617402480,+3.39, +4.031, +0.172,+0.944
1617402540,+3.39, +4.062, +0.170,+0.944
1617402600,+3.39, +4.031, +0.170,+0.944
1617402660,+3.40, +4.072, +0.170,+0.944
1617402720,+3.39, +4.062, +0.170,+0.945
1617402780,+3.39, +4.062, +0.170,+0.945
1617402840,+3.39, +4.020, +0.170,+0.944
1617402900,+3.39, +4.062, +0.172,+0.944
1617402960,+3.39, +4.041, +0.170,+0.944
1617403020,+3.39, +4.041, +0.169,+0.944
1617403080,+3.39, +4.031, +0.171,+0.944
1617403140,+3.39, +4.031, +0.172,+0.945
1617403200,+3.39, +4.052, +0.170,+0.944
1617403260,+3.40, +4.062, +0.170,+0.944
1617403320,+3.39, +4.052, +0.168,+0.944
1617403380,+3.39, +4.052, +0.170,+0.944
1617403440,+3.39, +4.103, +0.169,+0.944
1617403500,+3.39, +4.041, +0.171,+0.944
1617403560,+3.39, +4.020, +0.172,+0.944
1617403620,+3.39, +4.072, +0.175,+0.945
1617403680,+3.39, +4.052, +0.176,+0.945
1617403740,+3.40, +4.062, +0.176,+0.944
1617403800,+3.39, +4.052, +0.175,+0.945
1617403860,+3.40, +4.072, +0.176,+0.945
1617403920,+3.39, +4.000, +0.178,+0.945
1617403980,+3.39, +4.041, +0.176,+0.945
1617404040,+3.39, +4.031, +0.174,+0.945
1617404100,+3.39, +4.052, +0.173,+0.944
1617404160,+3.39, +4.041, +0.172,+0.945
1617404220,+3.39, +4.031, +0.172,+0.944
1617404280,+3.39, +4.041, +0.172,+0.944
1617404340,+3.40, +4.072, +0.170,+0.944
1617404400,+3.39, +4.041, +0.171,+0.945
1617404460,+3.39, +4.041, +0.173,+0.945
1617404520,+3.39, +4.031, +0.171,+0.945
1617404580,+3.39, +4.041, +0.171,+0.945
1617404640,+3.39, +4.052, +0.171,+0.945
1617404700,+3.39, +4.052, +0.170,+0.945
1617404760,+3.39, +4.052, +0.169,+0.945
1617404820,+3.39, +4.062, +0.171,+0.945
1617404880,+3.39, +4.020, +0.170,+0.945
1617404940,+3.39, +4.062, +0.169,+0.945
1617405000,+3.39, +4.031, +0.171,+0.945
1617405060,+3.39, +4.052, +0.170,+0.945
1617405120,+3.39, +4.031, +0.170,+0.945
1617405180,+3.39, +4.031, +0.169,+0.945
1617405240,+3.39, +4.052, +0.170,+0.945
1617405300,+3.39, +4.062, +0.169,+0.944
1617405360,+3.40, +4.052, +0.170,+0.945
1617405420,+3.39, +4.041, +0.170,+0.945
1617405480,+3.39, +4.052, +0.171,+0.945
1617405540,+3.39, +4.062, +0.168,+0.945
1617405600,+3.39, +4.052, +0.169,+0.944
1617405660,+3.40, +4.041, +0.170,+0.945
1617405720,+3.39, +4.041, +0.171,+0.945
1617405780,+3.39, +4.062, +0.169,+0.945
1617405840,+3.39, +4.062, +0.169,+0.944
1617405900,+3.39, +4.052, +0.170,+0.944
1617405960,+3.39, +4.020, +0.169,+0.945
1617406020,+3.39, +4.031, +0.171,+0.944
1617406080,+3.39, +4.052, +0.173,+0.944
1617406140,+3.39, +4.041, +0.174,+0.945
1617406200,+3.39, +4.052, +0.174,+0.945
1617406260,+3.39, +4.041, +0.174,+0.945
1617406320,+3.39, +4.041, +0.172,+0.945
1617406380,+3.39, +4.062, +0.175,+0.945
1617406440,+3.40, +4.062, +0.173,+0.944
1617406500,+3.39, +4.031, +0.172,+0.944
1617406560,+3.40, +4.020, +0.172,+0.944
1617406620,+3.39, +4.041, +0.173,+0.944
1617406680,+3.40, +4.072, +0.172,+0.945
1617406740,+3.39, +4.041, +0.172,+0.944
1617406800,+3.39, +4.041, +0.173,+0.945
1617406860,+3.40, +4.052, +0.170,+0.945
1617406920,+3.40, +4.052, +0.171,+0.944
1617406980,+3.39, +4.062, +0.171,+0.944
1617407040,+3.40, +4.062, +0.172,+0.945
1617407100,+3.39, +4.062, +0.171,+0.944
1617407160,+3.40, +4.020, +0.173,+0.944
1617407220,+3.39, +4.062, +0.172,+0.944
1617407280,+3.39, +4.052, +0.174,+0.944
1617407340,+3.39, +4.031, +0.178,+0.944
1617407400,+3.39, +4.031, +0.178,+0.944
1617407460,+3.40, +4.052, +0.177,+0.944
1617407520,+3.39, +4.041, +0.177,+0.944
1617407580,+3.40, +4.072, +0.176,+0.945
1617407640,+3.39, +4.062, +0.176,+0.944
1617407700,+3.39, +4.052, +0.177,+0.944
1617407760,+3.40, +4.093, +0.173,+0.944
1617407820,+3.39, +4.062, +0.175,+0.944
1617407880,+3.40, +4.062, +0.174,+0.944
1617407940,+3.39, +4.052, +0.173,+0.944
1617408000,+3.39, +4.062, +0.173,+0.944
1617408060,+3.39, +4.062, +0.173,+0.944
1617408120,+3.39, +4.052, +0.174,+0.944
1617408180,+3.40, +4.072, +0.175,+0.945
1617408240,+3.39, +4.041, +0.176,+0.944
1617408300,+3.39, +4.041, +0.175,+0.944
1617408360,+3.39, +4.010, +0.176,+0.944
1617408420,+3.39, +4.052, +0.175,+0.945
1617408480,+3.39, +4.052, +0.174,+0.944
1617408540,+3.39, +4.031, +0.173,+0.944
1617408600,+3.40, +4.052, +0.171,+0.944
1617408660,+3.39, +4.052, +0.172,+0.944
1617408720,+3.39, +4.041, +0.171,+0.944
1617408780,+3.39, +4.041, +0.171,+0.944
1617408840,+3.39, +4.020, +0.173,+0.945
1617408900,+3.40, +4.062, +0.170,+0.944
1617408960,+3.39, +4.031, +0.171,+0.944
1617409020,+3.39, +4.062, +0.171,+0.944
1617409080,+3.39, +4.020, +0.170,+0.944
1617409140,+3.39, +4.000, +0.170,+0.944
1617409200,+3.39, +4.031, +0.171,+0.944
1617409260,+3.40, +4.031, +0.171,+0.944
1617409320,+3.39, +4.052, +0.170,+0.944
1617409380,+3.39, +4.052, +0.169,+0.944
1617409440,+3.39, +4.020, +0.171,+0.944
1617409500,+3.39, +4.031, +0.171,+0.944
1617409560,+3.39, +4.031, +0.170,+0.944
1617409620,+3.40, +4.052, +0.170,+0.944
1617409680,+3.39, +4.041, +0.170,+0.944
1617409740,+3.39, +4.052, +0.171,+0.944
1617409800,+3.39, +4.052, +0.171,+0.944
1617409860,+3.39, +4.052, +0.171,+0.944
1617409920,+3.39, +4.062, +0.170,+0.944
1617409980,+3.39, +4.062, +0.171,+0.944
1617410040,+3.40, +4.052, +0.170,+0.944
1617410100,+3.39, +4.010, +0.170,+0.944
1617410160,+3.39, +4.041, +0.170,+0.944
1617410220,+3.39, +4.083, +0.170,+0.944
1617410280,+3.39, +4.052, +0.172,+0.944
1617410340,+3.39, +4.052, +0.171,+0.944
1617410400,+3.39, +4.052, +0.170,+0.944
1617410460,+3.39, +4.072, +0.170,+0.944
1617410520,+3.39, +4.052, +0.169,+0.944
1617410580,+3.39, +4.052, +0.170,+0.944
1617410640,+3.39, +4.020, +0.170,+0.944
1617410700,+3.39, +4.031, +0.170,+0.944
1617410760,+3.40, +4.062, +0.170,+0.944
1617410820,+3.39, +4.031, +0.173,+0.944
1617410880,+3.40, +4.072, +0.170,+0.944
1617410940,+3.40, +4.041, +0.171,+0.944
1617411000,+3.40, +4.072, +0.171,+0.944
1617411060,+3.39, +4.052, +0.171,+0.944
1617411120,+3.39, +4.052, +0.171,+0.944
1617411180,+3.39, +4.041, +0.171,+0.944
1617411240,+3.39, +4.052, +0.171,+0.944
1617411300,+3.40, +4.083, +0.171,+0.944
1617411360,+3.39, +4.041, +0.171,+0.944
1617411420,+3.39, +4.052, +0.171,+0.944
1617411480,+3.39, +4.041, +0.171,+0.944
1617411540,+3.39, +4.072, +0.171,+0.944
1617411600,+3.39, +4.072, +0.170,+0.944
1617411660,+3.39, +4.062, +0.172,+0.944
1617411720,+3.40, +4.062, +0.171,+0.944
1617411780,+3.39, +4.041, +0.171,+0.944
1617411840,+3.40, +4.052, +0.171,+0.944
1617411900,+3.39, +4.052, +0.171,+0.944
1617411960,+3.39, +4.062, +0.170,+0.944
1617412020,+3.39, +4.062, +0.169,+0.944
1617412080,+3.39, +4.072, +0.171,+0.944
1617412140,+3.39, +4.041, +0.172,+0.944
1617412200,+3.39, +4.041, +0.171,+0.944
1617412260,+3.39, +4.052, +0.170,+0.944
1617412320,+3.40, +4.062, +0.171,+0.944
1617412380,+3.39, +4.062, +0.170,+0.944
1617412440,+3.39, +4.052, +0.172,+0.944
1617412500,+3.40, +4.062, +0.172,+0.944
1617412560,+3.39, +4.062, +0.171,+0.944
1617412620,+3.40, +4.031, +0.171,+0.944
1617412680,+3.40, +4.041, +0.172,+0.944
1617412740,+3.40, +4.052, +0.173,+0.944
1617412800,+3.39, +4.062, +0.169,+0.944
1617412860,+3.39, +4.020, +0.174,+0.944
1617412920,+3.39, +4.062, +0.171,+0.944
1617412980,+3.39, +4.041, +0.171,+0.944
1617413040,+3.39, +4.031, +0.171,+0.944
1617413100,+3.39, +4.052, +0.171,+0.944
1617413160,+3.40, +4.062, +0.169,+0.944
1617413220,+3.39, +4.031, +0.171,+0.944
1617413280,+3.39, +4.020, +0.170,+0.944
1617413340,+3.39, +4.031, +0.171,+0.944
1617413400,+3.39, +4.020, +0.170,+0.944
1617413460,+3.40, +4.062, +0.171,+0.944
1617413520,+3.39, +4.031, +0.170,+0.944
1617413580,+3.39, +4.041, +0.171,+0.944
1617413640,+3.39, +4.020, +0.172,+0.944
1617413700,+3.39, +4.031, +0.173,+0.944
1617413760,+3.39, +4.041, +0.171,+0.944
1617413820,+3.40, +4.041, +0.170,+0.944
1617413880,+3.39, +4.031, +0.172,+0.944
1617413940,+3.40, +4.020, +0.170,+0.944
1617414000,+3.39, +4.041, +0.170,+0.944
1617414060,+3.39, +3.989, +0.172,+0.944
1617414120,+3.39, +4.052, +0.170,+0.944
1617414180,+3.39, +4.031, +0.170,+0.944
1617414240,+3.40, +4.041, +0.170,+0.944
1617414300,+3.40, +4.041, +0.172,+0.944
1617414360,+3.40, +4.020, +0.170,+0.944
1617414420,+3.39, +4.031, +0.171,+0.944
1617414480,+3.40, +4.062, +0.170,+0.944
1617414540,+3.39, +4.020, +0.172,+0.944
1617414600,+3.39, +4.041, +0.171,+0.944
1617414660,+3.39, +4.031, +0.171,+0.944
1617414720,+3.40, +4.041, +0.173,+0.944
1617414780,+3.40, +4.031, +0.172,+0.944
1617414840,+3.40, +4.041, +0.171,+0.944
1617414900,+3.40, +4.031, +0.170,+0.944
1617414960,+3.39, +4.020, +0.172,+0.944
1617415020,+3.39, +4.020, +0.171,+0.944
1617415080,+3.39, +4.020, +0.171,+0.944
1617415140,+3.39, +4.031, +0.170,+0.944
1617415200,+3.39, +4.031, +0.171,+0.944
1617415260,+3.39, +4.041, +0.170,+0.944
1617415320,+3.39, +4.031, +0.170,+0.944
1617415380,+3.39, +4.031, +0.170,+0.944
1617415440,+3.39, +4.041, +0.171,+0.944
1617415500,+3.39, +4.031, +0.171,+0.944
1617415560,+3.39, +4.062, +0.171,+0.944
1617415620,+3.39, +4.062, +0.171,+0.944
1617415680,+3.40, +4.041, +0.171,+0.944
1617415740,+3.39, +4.052, +0.170,+0.944
1617415800,+3.39, +4.041, +0.171,+0.944
1617415860,+3.40, +4.031, +0.171,+0.944
1617415920,+3.39, +4.031, +0.172,+0.945
1617415980,+3.40, +4.031, +0.173,+0.944
1617416040,+3.40, +4.052, +0.171,+0.944
1617416100,+3.40, +4.031, +0.170,+0.944
1617416160,+3.40, +4.000, +0.172,+0.944
1617416220,+3.40, +4.041, +0.169,+0.944
1617416280,+3.39, +4.010, +0.171,+0.944
1617416340,+3.39, +4.010, +0.171,+0.944
1617416400,+3.39, +4.020, +0.170,+0.944
1617416460,+3.40, +4.052, +0.171,+0.944
1617416520,+3.39, +4.020, +0.173,+0.944
1617416580,+3.39, +4.031, +0.170,+0.944
1617416640,+3.39, +4.052, +0.170,+0.944
1617416700,+3.39, +4.031, +0.170,+0.944
1617416760,+3.39, +4.020, +0.170,+0.944
1617416820,+3.39, +4.052, +0.170,+0.944
1617416880,+3.40, +4.041, +0.171,+0.944
1617416940,+3.39, +4.041, +0.170,+0.944
1617417000,+3.39, +4.031, +0.171,+0.944
1617417060,+3.40, +4.041, +0.170,+0.944
1617417120,+3.39, +4.041, +0.168,+0.944
1617417180,+3.39, +4.041, +0.172,+0.945
1617417240,+3.39, +4.000, +0.173,+0.944
1617417300,+3.39, +4.031, +0.170,+0.944
1617417360,+3.39, +4.041, +0.171,+0.944
1617417420,+3.39, +4.020, +0.170,+0.944
1617417480,+3.39, +4.031, +0.171,+0.944
1617417540,+3.40, +4.052, +0.171,+0.944
1617417600,+3.40, +3.989, +0.171,+0.944
1617417660,+3.39, +4.031, +0.171,+0.944
1617417720,+3.39, +4.052, +0.171,+0.944
1617417780,+3.39, +4.041, +0.172,+0.944
1617417840,+3.39, +4.031, +0.171,+0.944
1617417900,+3.39, +4.052, +0.171,+0.944
1617417960,+3.39, +3.979, +0.173,+0.944
1617418020,+3.39, +4.041, +0.171,+0.944
1617418080,+3.39, +4.010, +0.172,+0.944
1617418140,+3.39, +4.031, +0.170,+0.944
1617418200,+3.39, +4.041, +0.172,+0.944
1617418260,+3.39, +4.031, +0.173,+0.944
1617418320,+3.39, +4.020, +0.172,+0.944
1617418380,+3.39, +4.041, +0.171,+0.944
1617418440,+3.39, +4.020, +0.171,+0.944
1617418500,+3.39, +4.020, +0.170,+0.944
1617418560,+3.39, +4.041, +0.172,+0.944
1617418620,+3.39, +4.031, +0.171,+0.944
1617418680,+3.40, +4.031, +0.170,+0.944
1617418740,+3.39, +4.031, +0.171,+0.944
1617418800,+3.39, +3.969, +0.172,+0.944
1617418860,+3.39, +4.072, +0.169,+0.944
1617418920,+3.39, +4.041, +0.171,+0.944
1617418980,+3.39, +4.020, +0.171,+0.944
1617419040,+3.39, +4.031, +0.171,+0.944
1617419100,+3.39, +4.041, +0.172,+0.945
1617419160,+3.40, +4.010, +0.170,+0.944
1617419220,+3.39, +4.031, +0.169,+0.944
1617419280,+3.39, +4.010, +0.172,+0.944
1617419340,+3.40, +4.031, +0.173,+0.945
1617419400,+3.39, +4.000, +0.171,+0.944
1617419460,+3.40, +4.020, +0.174,+0.945
1617419520,+3.39, +4.010, +0.170,+0.944
1617419580,+3.39, +4.031, +0.171,+0.944
1617419640,+3.39, +4.020, +0.170,+0.944
1617419700,+3.39, +4.031, +0.172,+0.945
1617419760,+3.39, +4.052, +0.171,+0.945
1617419820,+3.39, +4.010, +0.171,+0.944
1617419880,+3.39, +4.031, +0.170,+0.944
1617419940,+3.39, +4.010, +0.171,+0.944
1617420000,+3.39, +4.031, +0.171,+0.944
1617420060,+3.39, +4.031, +0.170,+0.944
1617420120,+3.39, +4.041, +0.171,+0.944
1617420180,+3.40, +4.052, +0.169,+0.944
1617420240,+3.39, +4.031, +0.170,+0.944
1617420300,+3.39, +4.031, +0.172,+0.944
1617420360,+3.39, +4.020, +0.170,+0.944
1617420420,+3.39, +4.031, +0.171,+0.944
1617420480,+3.39, +4.031, +0.170,+0.944
1617420540,+3.39, +4.020, +0.174,+0.944
1617420600,+3.39, +4.010, +0.171,+0.944
1617420660,+3.39, +4.031, +0.168,+0.944
1617420720,+3.40, +4.031, +0.170,+0.944
1617420780,+3.39, +4.031, +0.169,+0.944
1617420840,+3.39, +4.041, +0.170,+0.944
1617420900,+3.40, +4.041, +0.171,+0.944
1617420960,+3.39, +4.000, +0.172,+0.944
1617421020,+3.39, +4.031, +0.171,+0.944
1617421080,+3.39, +4.031, +0.168,+0.944
1617421140,+3.39, +4.052, +0.170,+0.944
1617421200,+3.39, +4.010, +0.171,+0.944
1617421260,+3.40, +4.041, +0.169,+0.944
1617421320,+3.39, +4.020, +0.171,+0.944
1617421380,+3.40, +4.020, +0.172,+0.944
1617421440,+3.40, +4.031, +0.171,+0.944
1617421500,+3.39, +4.041, +0.171,+0.944
1617421560,+3.39, +4.041, +0.172,+0.944
1617421620,+3.39, +4.041, +0.172,+0.944
1617421680,+3.39, +4.020, +0.173,+0.945
1617421740,+3.40, +4.041, +0.171,+0.944
1617421800,+3.39, +4.052, +0.170,+0.944
1617421860,+3.39, +4.031, +0.172,+0.944
1617421920,+3.39, +4.000, +0.173,+0.944
1617421980,+3.39, +4.041, +0.171,+0.944
1617422040,+3.39, +4.020, +0.170,+0.944
1617422100,+3.39, +4.031, +0.171,+0.944
1617422160,+3.39, +4.031, +0.170,+0.944
1617422220,+3.39, +4.052, +0.170,+0.944
1617422280,+3.39, +4.020, +0.171,+0.944
1617422340,+3.39, +4.052, +0.172,+0.944
1617422400,+3.39, +4.041, +0.171,+0.944
1617422460,+3.40, +4.072, +0.171,+0.944
1617422520,+3.39, +4.020, +0.171,+0.944
1617422580,+3.40, +4.041, +0.171,+0.944
1617422640,+3.39, +4.041, +0.171,+0.944
1617422700,+3.40, +4.052, +0.171,+0.945
1617422760,+3.39, +4.020, +0.171,+0.944
1617422820,+3.39, +4.052, +0.170,+0.944
1617422880,+3.40, +4.031, +0.169,+0.944
1617422940,+3.39, +4.010, +0.172,+0.944
1617423000,+3.39, +4.031, +0.172,+0.944
1617423060,+3.39, +4.020, +0.172,+0.944
1617423120,+3.39, +4.031, +0.171,+0.944
1617423180,+3.39, +4.031, +0.170,+0.944
1617423240,+3.40, +4.031, +0.171,+0.944
1617423300,+3.39, +4.031, +0.170,+0.944
1617423360,+3.39, +4.031, +0.172,+0.944
1617423420,+3.39, +4.000, +0.170,+0.944
1617423480,+3.39, +4.010, +0.171,+0.944
1617423540,+3.39, +4.041, +0.170,+0.944
1617423600,+3.39, +4.041, +0.171,+0.944
1617423660,+3.39, +4.052, +0.170,+0.944
1617423720,+3.39, +4.052, +0.169,+0.944
1617423780,+3.39, +4.052, +0.169,+0.944
1617423840,+3.39, +4.020, +0.172,+0.944
1617423900,+3.40, +4.031, +0.172,+0.944
1617423960,+3.39, +4.010, +0.172,+0.944
1617424020,+3.39, +4.041, +0.172,+0.944
1617424080,+3.39, +4.052, +0.170,+0.944
1617424140,+3.40, +4.031, +0.171,+0.944
1617424200,+3.40, +4.052, +0.170,+0.944
1617424260,+3.40, +4.031, +0.171,+0.944
1617424320,+3.39, +4.041, +0.171,+0.944
1617424380,+3.39, +4.062, +0.172,+0.944
1617424440,+3.39, +4.041, +0.172,+0.944
1617424500,+3.39, +4.052, +0.172,+0.944
1617424560,+3.39, +4.031, +0.172,+0.944
1617424620,+3.39, +4.041, +0.172,+0.944
1617424680,+3.39, +4.010, +0.174,+0.944
1617424740,+3.39, +4.031, +0.174,+0.944
1617424800,+3.39, +4.083, +0.173,+0.944
1617424860,+3.40, +4.052, +0.173,+0.944
1617424920,+3.39, +4.041, +0.172,+0.944
1617424980,+3.40, +4.020, +0.172,+0.944
1617425040,+3.40, +4.031, +0.173,+0.944
1617425100,+3.39, +4.052, +0.171,+0.944
1617425160,+3.40, +4.041, +0.171,+0.944
1617425220,+3.40, +4.041, +0.171,+0.944
1617425280,+3.39, +4.031, +0.172,+0.944
1617425340,+3.39, +4.031, +0.171,+0.944
1617425400,+3.40, +4.052, +0.172,+0.944
1617425460,+3.39, +4.031, +0.171,+0.944
1617425520,+3.40, +4.031, +0.171,+0.944
1617425580,+3.39, +4.020, +0.172,+0.944
1617425640,+3.39, +4.020, +0.170,+0.944
1617425700,+3.39, +4.010, +0.171,+0.944
1617425760,+3.39, +4.041, +0.172,+0.944
1617425820,+3.39, +4.031, +0.171,+0.944
1617425880,+3.40, +4.041, +0.170,+0.944
1617425940,+3.39, +4.020, +0.170,+0.944
1617426000,+3.39, +4.010, +0.170,+0.944
1617426060,+3.40, +4.020, +0.170,+0.944
1617426120,+3.39, +4.031, +0.170,+0.944
1617426180,+3.39, +4.031, +0.169,+0.944
1617426240,+3.39, +4.031, +0.169,+0.944
1617426300,+3.39, +3.989, +0.171,+0.944
1617426360,+3.39, +4.020, +0.170,+0.944
1617426420,+3.40, +4.041, +0.169,+0.944
1617426480,+3.39, +4.020, +0.168,+0.944
1617426540,+3.39, +4.041, +0.169,+0.944
1617426600,+3.39, +4.010, +0.171,+0.944
1617426660,+3.39, +4.020, +0.169,+0.944
1617426720,+3.39, +4.031, +0.168,+0.944
1617426780,+3.39, +4.052, +0.171,+0.944
1617426840,+3.39, +4.031, +0.171,+0.944
1617426900,+3.39, +4.020, +0.170,+0.944
1617426960,+3.39, +4.031, +0.170,+0.944
1617427020,+3.39, +4.031, +0.170,+0.944
1617427080,+3.39, +4.020, +0.171,+0.944
1617427140,+3.39, +4.031, +0.167,+0.944
1617427200,+3.39, +4.052, +0.170,+0.944
1617427260,+3.40, +4.041, +0.172,+0.944
1617427320,+3.40, +4.031, +0.169,+0.944
1617427380,+3.39, +4.031, +0.169,+0.944
1617427440,+3.39, +4.031, +0.169,+0.944
1617427500,+3.39, +4.031, +0.170,+0.944
1617427560,+3.39, +4.031, +0.170,+0.944
1617427620,+3.39, +4.031, +0.169,+0.944
1617427680,+3.39, +4.031, +0.169,+0.944
1617427740,+3.39, +4.020, +0.170,+0.944
1617427800,+3.40, +4.031, +0.171,+0.944
1617427860,+3.39, +4.020, +0.169,+0.944
1617427920,+3.40, +4.031, +0.171,+0.944
1617427980,+3.39, +4.010, +0.169,+0.944
1617428040,+3.39, +4.020, +0.171,+0.944
1617428100,+3.40, +4.010, +0.171,+0.944
1617428160,+3.40, +4.062, +0.169,+0.944
1617428220,+3.40, +4.010, +0.172,+0.944
1617428280,+3.39, +4.010, +0.171,+0.944
1617428340,+3.39, +4.020, +0.170,+0.944
1617428400,+3.39, +4.041, +0.169,+0.944
1617428460,+3.39, +4.041, +0.171,+0.944
1617428520,+3.40, +4.031, +0.170,+0.944
1617428580,+3.40, +4.041, +0.169,+0.944
1617428640,+3.39, +4.010, +0.170,+0.944
1617428700,+3.39, +4.052, +0.170,+0.944
1617428760,+3.39, +4.031, +0.170,+0.944
1617428820,+3.39, +4.010, +0.171,+0.944
1617428880,+3.39, +4.020, +0.169,+0.944
1617428940,+3.40, +4.020, +0.170,+0.944
1617429000,+3.39, +4.052, +0.169,+0.944
1617429060,+3.39, +4.010, +0.171,+0.944
1617429120,+3.39, +4.000, +0.169,+0.944
1617429180,+3.39, +4.031, +0.170,+0.944
1617429240,+3.39, +4.052, +0.171,+0.944
1617429300,+3.39, +4.031, +0.169,+0.944
1617429360,+3.40, +4.052, +0.168,+0.944
1617429420,+3.39, +4.020, +0.171,+0.944
1617429480,+3.39, +4.031, +0.171,+0.944
1617429540,+3.39, +4.052, +0.171,+0.944
1617429600,+3.39, +4.031, +0.171,+0.944
1617429660,+3.39, +4.031, +0.169,+0.944
1617429720,+3.39, +4.020, +0.169,+0.944
1617429780,+3.39, +4.020, +0.171,+0.944
1617429840,+3.39, +4.020, +0.171,+0.944
1617429900,+3.39, +4.020, +0.170,+0.944
1617429960,+3.40, +4.052, +0.171,+0.944
1617430020,+3.39, +4.020, +0.169,+0.944
1617430080,+3.39, +4.041, +0.169,+0.944
1617430140,+3.40, +4.031, +0.171,+0.944
1617430200,+3.39, +4.052, +0.170,+0.944
1617430260,+3.40, +4.031, +0.170,+0.944
1617430320,+3.39, +4.031, +0.169,+0.944
1617430380,+3.39, +4.020, +0.169,+0.944
1617430440,+3.39, +4.020, +0.170,+0.944
1617430500,+3.39, +4.031, +0.170,+0.944
1617430560,+3.39, +4.020, +0.169,+0.944
1617430620,+3.39, +4.010, +0.170,+0.944
1617430680,+3.40, +4.031, +0.169,+0.944
1617430740,+3.39, +4.000, +0.171,+0.944
1617430800,+3.39, +4.031, +0.170,+0.944
1617430860,+3.39, +4.020, +0.171,+0.944
1617430920,+3.40, +4.031, +0.171,+0.944
1617430980,+3.39, +4.031, +0.170,+0.944
1617431040,+3.40, +4.031, +0.169,+0.944
1617431100,+3.39, +4.020, +0.170,+0.944
1617431160,+3.39, +4.031, +0.172,+0.944
1617431220,+3.40, +4.020, +0.172,+0.944
1617431280,+3.39, +4.010, +0.171,+0.944
1617431340,+3.39, +4.010, +0.171,+0.944
1617431400,+3.39, +4.020, +0.171,+0.944
1617431460,+3.39, +4.041, +0.171,+0.944
1617431520,+3.40, +4.041, +0.169,+0.944
1617431580,+3.39, +4.000, +0.171,+0.944
1617431640,+3.39, +4.000, +0.171,+0.944
1617431700,+3.40, +4.041, +0.171,+0.944
1617431760,+3.40, +4.010, +0.171,+0.944
1617431820,+3.39, +4.031, +0.170,+0.944
1617431880,+3.40, +4.041, +0.171,+0.944
1617431940,+3.39, +4.041, +0.171,+0.944
1617432000,+3.39, +4.020, +0.171,+0.944
1617432060,+3.39, +4.041, +0.169,+0.944
1617432120,+3.40, +4.041, +0.171,+0.944
1617432180,+3.39, +4.031, +0.172,+0.944
1617432240,+3.40, +4.062, +0.171,+0.944
1617432300,+3.39, +4.031, +0.172,+0.944
1617432360,+3.39, +4.052, +0.171,+0.944
1617432420,+3.39, +4.031, +0.170,+0.944
1617432480,+3.39, +4.041, +0.172,+0.944
1617432540,+3.39, +4.031, +0.172,+0.944
1617432600,+3.39, +4.052, +0.171,+0.944
1617432660,+3.39, +4.041, +0.172,+0.944
1617432720,+3.39, +4.031, +0.173,+0.944
1617432780,+3.39, +4.020, +0.174,+0.944
1617432840,+3.40, +4.041, +0.174,+0.944
1617432900,+3.39, +4.041, +0.175,+0.944
1617432960,+3.39, +4.041, +0.174,+0.944
1617433020,+3.39, +4.041, +0.173,+0.944
1617433080,+3.39, +4.031, +0.175,+0.944
1617433140,+3.39, +4.062, +0.174,+0.944
1617433200,+3.39, +4.020, +0.175,+0.944
1617433260,+3.40, +4.000, +0.175,+0.944
1617433320,+3.39, +4.031, +0.173,+0.944
1617433380,+3.39, +4.031, +0.173,+0.944
1617433440,+3.39, +4.031, +0.175,+0.944
1617433500,+3.39, +4.031, +0.174,+0.944
1617433560,+3.39, +4.020, +0.172,+0.943
1617433620,+3.39, +4.052, +0.172,+0.944
1617433680,+3.40, +4.062, +0.172,+0.944
1617433740,+3.39, +4.010, +0.173,+0.944
1617433800,+3.39, +4.041, +0.172,+0.944
1617433860,+3.39, +4.041, +0.172,+0.944
1617433920,+3.39, +4.031, +0.173,+0.944
1617433980,+3.39, +4.020, +0.172,+0.944
1617434040,+3.39, +4.041, +0.172,+0.944
1617434100,+3.39, +4.020, +0.173,+0.944
1617434160,+3.39, +4.041, +0.172,+0.944
1617434220,+3.39, +4.041, +0.173,+0.944
1617434280,+3.39, +4.031, +0.175,+0.944
1617434340,+3.39, +4.031, +0.174,+0.943
1617434400,+3.39, +4.041, +0.175,+0.944
1617434460,+3.39, +4.031, +0.175,+0.943
1617434520,+3.39, +4.020, +0.176,+0.944
1617434580,+3.39, +4.020, +0.175,+0.944
1617434640,+3.39, +4.041, +0.175,+0.944
1617434700,+3.39, +3.989, +0.175,+0.943
1617434760,+3.40, +4.031, +0.175,+0.944
1617434820,+3.39, +4.041, +0.175,+0.944
1617434880,+3.39, +4.031, +0.173,+0.943
1617434940,+3.40, +4.052, +0.173,+0.943
1617435000,+3.39, +4.020, +0.174,+0.944
1617435060,+3.39, +4.031, +0.174,+0.943
1617435120,+3.39, +4.010, +0.173,+0.943
1617435180,+3.39, +4.031, +0.172,+0.943
1617435240,+3.39, +4.031, +0.174,+0.944
1617435300,+3.39, +4.020, +0.173,+0.943
1617435360,+3.39, +4.031, +0.172,+0.943
1617435420,+3.40, +4.052, +0.172,+0.944
1617435480,+3.39, +4.010, +0.173,+0.944
1617435540,+3.39, +4.052, +0.171,+0.944
1617435600,+3.40, +4.041, +0.172,+0.944
1617435660,+3.40, +4.010, +0.171,+0.943
1617435720,+3.39, +4.020, +0.173,+0.944
1617435780,+3.39, +4.020, +0.172,+0.943
1617435840,+3.39, +4.031, +0.172,+0.944
1617435900,+3.39, +4.020, +0.173,+0.944
1617435960,+3.39, +4.020, +0.172,+0.944
1617436020,+3.39, +4.020, +0.171,+0.943
1617436080,+3.39, +4.041, +0.171,+0.944
1617436140,+3.39, +4.020, +0.171,+0.944
1617436200,+3.39, +4.041, +0.171,+0.943
1617436260,+3.40, +4.020, +0.171,+0.943
1617436320,+3.39, +4.020, +0.170,+0.943
1617436380,+3.39, +4.020, +0.172,+0.944
1617436440,+3.39, +4.031, +0.172,+0.944
1617436500,+3.39, +4.020, +0.171,+0.944
1617436560,+3.39, +4.031, +0.170,+0.944
1617436620,+3.39, +4.052, +0.172,+0.944
1617436680,+3.39, +4.020, +0.172,+0.944
1617436740,+3.39, +4.031, +0.171,+0.944
1617436800,+3.39, +4.031, +0.173,+0.944
1617436860,+3.40, +4.020, +0.172,+0.943
1617436920,+3.40, +4.020, +0.171,+0.944
1617436980,+3.40, +4.031, +0.170,+0.944
1617437040,+3.39, +4.010, +0.172,+0.944
1617437100,+3.39, +4.000, +0.171,+0.943
1617437160,+3.39, +4.031, +0.171,+0.943
1617437220,+3.39, +4.031, +0.171,+0.943
1617437280,+3.39, +4.020, +0.172,+0.944
1617437340,+3.39, +4.041, +0.171,+0.944
1617437400,+3.39, +4.041, +0.170,+0.944
1617437460,+3.39, +4.000, +0.174,+0.944
1617437520,+3.39, +4.010, +0.172,+0.944
1617437580,+3.39, +4.031, +0.171,+0.944
1617437640,+3.40, +4.031, +0.172,+0.944
1617437700,+3.39, +4.010, +0.173,+0.944
1617437760,+3.39, +4.020, +0.172,+0.944
1617437820,+3.39, +4.031, +0.172,+0.944
1617437880,+3.39, +4.020, +0.171,+0.944
1617437940,+3.39, +4.020, +0.172,+0.944
1617438000,+3.39, +4.020, +0.171,+0.943
1617438060,+3.39, +4.010, +0.171,+0.944
1617438120,+3.40, +4.020, +0.170,+0.944
1617438180,+3.40, +4.020, +0.171,+0.943
1617438240,+3.39, +4.031, +0.171,+0.944
1617438300,+3.39, +3.979, +0.173,+0.943
1617438360,+3.39, +4.020, +0.171,+0.944
1617438420,+3.39, +4.052, +0.171,+0.944
1617438480,+3.39, +4.020, +0.172,+0.944
1617438540,+3.40, +4.031, +0.170,+0.944
1617438600,+3.39, +4.020, +0.171,+0.943
1617438660,+3.39, +4.041, +0.171,+0.943
1617438720,+3.39, +4.041, +0.171,+0.944
1617438780,+3.39, +4.020, +0.172,+0.944
1617438840,+3.39, +3.989, +0.171,+0.943
1617438900,+3.39, +4.031, +0.171,+0.944
1617438960,+3.39, +4.010, +0.173,+0.944
1617439020,+3.39, +4.020, +0.173,+0.944
1617439080,+3.39, +4.010, +0.171,+0.943
1617439140,+3.39, +4.010, +0.171,+0.943
1617439200,+3.39, +4.020, +0.170,+0.943
1617439260,+3.39, +4.010, +0.172,+0.944
1617439320,+3.40, +4.041, +0.172,+0.943
1617439380,+3.39, +4.041, +0.170,+0.944
1617439440,+3.39, +4.020, +0.171,+0.943
1617439500,+3.39, +4.000, +0.171,+0.943
1617439560,+3.39, +3.989, +0.172,+0.944
1617439620,+3.39, +4.010, +0.172,+0.944
1617439680,+3.39, +4.031, +0.171,+0.944
1617439740,+3.40, +4.010, +0.171,+0.944
1617439800,+3.40, +4.041, +0.170,+0.943
1617439860,+3.39, +4.031, +0.172,+0.944
1617439920,+3.39, +4.000, +0.170,+0.943
1617439980,+3.39, +4.000, +0.171,+0.943
1617440040,+3.39, +4.020, +0.169,+0.943
1617440100,+3.39, +4.020, +0.172,+0.944
1617440160,+3.39, +4.020, +0.172,+0.944
1617440220,+3.39, +4.020, +0.171,+0.944
1617440280,+3.39, +4.020, +0.171,+0.943
1617440340,+3.39, +4.010, +0.170,+0.943
1617440400,+3.39, +4.010, +0.171,+0.944
1617440460,+3.39, +3.969, +0.172,+0.943
1617440520,+3.39, +4.010, +0.171,+0.944
1617440580,+3.39, +4.031, +0.171,+0.944
1617440640,+3.39, +4.020, +0.170,+0.943
1617440700,+3.39, +4.010, +0.169,+0.943
1617440760,+3.39, +4.041, +0.170,+0.944
1617440820,+3.39, +4.041, +0.170,+0.944
1617440880,+3.39, +4.010, +0.171,+0.944
1617440940,+3.39, +4.041, +0.171,+0.944
1617441000,+3.39, +4.010, +0.171,+0.944
1617441060,+3.40, +4.020, +0.172,+0.944
1617441120,+3.39, +3.989, +0.172,+0.944
1617441180,+3.39, +4.000, +0.171,+0.943
1617441240,+3.39, +4.031, +0.171,+0.944
1617441300,+3.39, +4.031, +0.170,+0.943
1617441360,+3.39, +4.010, +0.172,+0.944
1617441420,+3.39, +4.031, +0.171,+0.944
1617441480,+3.39, +3.958, +0.172,+0.944
1617441540,+3.39, +4.020, +0.171,+0.944
1617441600,+3.39, +4.020, +0.171,+0.944
1617441660,+3.39, +4.020, +0.172,+0.944
1617441720,+3.39, +4.020, +0.174,+0.944
1617441780,+3.39, +4.031, +0.170,+0.944
1617441840,+3.39, +4.010, +0.170,+0.943
1617441900,+3.39, +4.020, +0.172,+0.944
1617441960,+3.39, +4.031, +0.171,+0.944
1617442020,+3.39, +4.010, +0.170,+0.944
1617442080,+3.39, +4.010, +0.173,+0.944
1617442140,+3.39, +4.031, +0.173,+0.944
1617442200,+3.39, +4.031, +0.172,+0.944
1617442260,+3.39, +4.041, +0.171,+0.944
1617442320,+3.39, +4.052, +0.171,+0.944
1617442380,+3.39, +4.031, +0.171,+0.944
1617442440,+3.39, +4.031, +0.171,+0.944
1617442500,+3.39, +4.041, +0.169,+0.943
1617442560,+3.39, +4.031, +0.170,+0.944
1617442620,+3.39, +4.052, +0.170,+0.944
1617442680,+3.39, +4.020, +0.171,+0.944
1617442740,+3.39, +4.020, +0.171,+0.944
1617442800,+3.39, +4.031, +0.171,+0.944
1617442860,+3.40, +4.010, +0.172,+0.944
1617442920,+3.39, +3.979, +0.170,+0.943
1617442980,+3.40, +4.020, +0.172,+0.944
1617443040,+3.39, +4.000, +0.171,+0.944
1617443100,+3.39, +4.020, +0.172,+0.944
1617443160,+3.39, +4.031, +0.173,+0.944
1617443220,+3.39, +4.010, +0.172,+0.944
1617443280,+3.39, +4.031, +0.172,+0.944
1617443340,+3.39, +4.031, +0.172,+0.944
1617443400,+3.39, +4.031, +0.171,+0.944
1617443460,+3.40, +4.031, +0.171,+0.944
1617443520,+3.39, +4.020, +0.172,+0.944
1617443580,+3.39, +4.020, +0.171,+0.944
1617443640,+3.40, +3.989, +0.172,+0.944
1617443700,+3.39, +4.031, +0.170,+0.944
1617443760,+3.39, +4.020, +0.170,+0.944
1617443820,+3.39, +4.041, +0.171,+0.944
1617443880,+3.39, +4.020, +0.170,+0.944
1617443940,+3.40, +4.031, +0.172,+0.944
1617444000,+3.39, +4.020, +0.174,+0.944
1617444060,+3.39, +4.031, +0.172,+0.944
1617444120,+3.39, +4.020, +0.172,+0.944
1617444180,+3.39, +4.031, +0.170,+0.944
1617444240,+3.39, +3.989, +0.171,+0.943
1617444300,+3.39, +4.031, +0.171,+0.944
1617444360,+3.40, +4.010, +0.172,+0.943
1617444420,+3.39, +4.020, +0.171,+0.943
1617444480,+3.39, +4.020, +0.171,+0.944
1617444540,+3.39, +4.010, +0.173,+0.944
1617444600,+3.39, +4.020, +0.171,+0.944
1617444660,+3.39, +4.062, +0.169,+0.944
1617444720,+3.40, +4.031, +0.171,+0.944
1617444780,+3.39, +4.010, +0.171,+0.944
1617444840,+3.39, +4.020, +0.171,+0.943
1617444900,+3.40, +4.020, +0.172,+0.944
1617444960,+3.39, +4.010, +0.169,+0.943
1617445020,+3.39, +4.010, +0.172,+0.944
1617445080,+3.39, +4.020, +0.172,+0.944
1617445140,+3.39, +4.031, +0.171,+0.944
1617445200,+3.39, +4.020, +0.171,+0.944
1617445260,+3.40, +4.010, +0.170,+0.943
1617445320,+3.39, +3.989, +0.172,+0.943
1617445380,+3.39, +4.031, +0.171,+0.944
1617445440,+3.39, +4.010, +0.172,+0.944
1617445500,+3.40, +4.052, +0.171,+0.944
1617445560,+3.39, +4.041, +0.170,+0.943
1617445620,+3.40, +4.031, +0.170,+0.944
1617445680,+3.39, +4.020, +0.171,+0.944
1617445740,+3.39, +4.010, +0.171,+0.944
1617445800,+3.39, +4.010, +0.171,+0.943
1617445860,+3.39, +4.041, +0.171,+0.944
1617445920,+3.39, +4.010, +0.171,+0.944
1617445980,+3.39, +4.031, +0.170,+0.944
1617446040,+3.39, +4.010, +0.172,+0.944
1617446100,+3.39, +4.020, +0.171,+0.944
1617446160,+3.39, +4.041, +0.171,+0.944
1617446220,+3.39, +4.031, +0.171,+0.944
1617446280,+3.40, +4.020, +0.171,+0.943
1617446340,+3.40, +4.041, +0.170,+0.944
1617446400,+3.40, +4.020, +0.171,+0.943
1617446460,+3.39, +4.031, +0.171,+0.944
1617446520,+3.40, +4.020, +0.171,+0.944
1617446580,+3.40, +4.031, +0.172,+0.944
1617446640,+3.39, +4.041, +0.170,+0.944
1617446700,+3.39, +4.020, +0.172,+0.944
1617446760,+3.39, +4.010, +0.171,+0.944
1617446820,+3.39, +4.020, +0.172,+0.944
1617446880,+3.39, +4.031, +0.171,+0.944
1617446940,+3.40, +4.031, +0.170,+0.944
1617447000,+3.39, +4.020, +0.171,+0.944
1617447060,+3.39, +4.031, +0.170,+0.943
1617447120,+3.39, +4.010, +0.171,+0.943
1617447180,+3.39, +3.979, +0.172,+0.944
1617447240,+3.39, +4.031, +0.172,+0.944
1617447300,+3.39, +4.031, +0.172,+0.944
1617447360,+3.39, +4.010, +0.172,+0.944
1617447420,+3.39, +4.031, +0.171,+0.943
1617447480,+3.40, +4.031, +0.171,+0.944
1617447540,+3.40, +4.041, +0.171,+0.944
1617447600,+3.40, +4.010, +0.169,+0.945
1617447660,+3.39, +4.031, +0.168,+0.945
1617447720,+3.40, +4.041, +0.169,+0.945
1617447780,+3.39, +4.020, +0.169,+0.945
1617447840,+3.40, +4.041, +0.168,+0.945
1617447900,+3.39, +4.020, +0.170,+0.945
1617447960,+3.39, +4.000, +0.169,+0.945
1617448020,+3.39, +3.989, +0.169,+0.945
1617448080,+3.39, +4.020, +0.170,+0.945
1617448140,+3.39, +4.010, +0.169,+0.945
1617448200,+3.39, +4.020, +0.169,+0.945
1617448260,+3.39, +4.031, +0.168,+0.945
1617448320,+3.39, +4.000, +0.169,+0.945
1617448380,+3.39, +4.031, +0.169,+0.945
1617448440,+3.39, +4.041, +0.168,+0.945
1617448500,+3.39, +4.010, +0.171,+0.945
1617448560,+3.39, +4.020, +0.170,+0.945
1617448620,+3.40, +4.020, +0.170,+0.945
1617448680,+3.39, +4.020, +0.169,+0.945
1617448740,+3.39, +4.031, +0.169,+0.945
1617448800,+3.39, +4.000, +0.170,+0.945
1617448860,+3.40, +4.020, +0.171,+0.945
1617448920,+3.40, +4.010, +0.170,+0.945
1617448980,+3.39, +4.020, +0.168,+0.945
1617449040,+3.39, +4.041, +0.170,+0.945
1617449100,+3.39, +4.041, +0.168,+0.945
1617449160,+3.39, +4.010, +0.171,+0.945
1617449220,+3.40, +4.020, +0.172,+0.945
1617449280,+3.40, +4.031, +0.170,+0.945
1617449340,+3.39, +4.031, +0.170,+0.945
1617449400,+3.39, +4.031, +0.170,+0.945
1617449460,+3.40, +4.010, +0.170,+0.945
1617449520,+3.39, +4.041, +0.169,+0.945
1617449580,+3.40, +4.031, +0.169,+0.945
1617449640,+3.39, +4.031, +0.170,+0.945
1617449700,+3.39, +4.031, +0.169,+0.945
1617449760,+3.40, +4.031, +0.170,+0.945
1617449820,+3.39, +4.031, +0.171,+0.945
1617449880,+3.39, +4.052, +0.169,+0.945
1617449940,+3.39, +4.031, +0.171,+0.945
1617450000,+3.39, +4.031, +0.169,+0.945
1617450060,+3.39, +4.041, +0.171,+0.945
1617450120,+3.40, +4.041, +0.170,+0.945
1617450180,+3.40, +4.041, +0.169,+0.945
1617450240,+3.39, +4.020, +0.169,+0.945
1617450300,+3.39, +4.062, +0.170,+0.945
1617450360,+3.39, +4.041, +0.170,+0.945
1617450420,+3.39, +4.031, +0.170,+0.945
1617450480,+3.39, +4.020, +0.170,+0.945
1617450540,+3.39, +4.041, +0.171,+0.945
1617450600,+3.39, +4.020, +0.170,+0.945
1617450660,+3.39, +4.041, +0.170,+0.945
1617450720,+3.39, +4.020, +0.170,+0.945
1617450780,+3.40, +4.031, +0.171,+0.945
1617450840,+3.39, +4.052, +0.171,+0.945
1617450900,+3.39, +4.031, +0.169,+0.945
1617450960,+3.39, +4.031, +0.170,+0.945
1617451020,+3.39, +4.020, +0.170,+0.945
1617451080,+3.39, +4.020, +0.169,+0.945
1617451140,+3.39, +4.031, +0.171,+0.945
1617451200,+3.39, +4.031, +0.169,+0.945
1617451260,+3.40, +4.041, +0.169,+0.945
1617451320,+3.39, +4.020, +0.171,+0.945
1617451380,+3.39, +4.000, +0.170,+0.945
1617451440,+3.39, +4.020, +0.170,+0.945
1617451500,+3.39, +4.041, +0.168,+0.945
1617451560,+3.39, +4.010, +0.170,+0.945
1617451620,+3.39, +4.052, +0.170,+0.945
1617451680,+3.39, +4.020, +0.169,+0.944
1617451740,+3.39, +4.031, +0.170,+0.945
1617451800,+3.39, +4.031, +0.170,+0.945
1617451860,+3.39, +4.041, +0.169,+0.945
1617451920,+3.40, +4.020, +0.170,+0.945
1617451980,+3.39, +4.010, +0.170,+0.944
1617452040,+3.39, +4.010, +0.172,+0.945
1617452100,+3.39, +4.031, +0.170,+0.945
1617452160,+3.39, +4.020, +0.170,+0.945
1617452220,+3.39, +4.031, +0.170,+0.945
1617452280,+3.39, +4.020, +0.170,+0.944
1617452340,+3.39, +4.020, +0.170,+0.945
1617452400,+3.39, +4.010, +0.171,+0.945
1617452460,+3.39, +4.041, +0.170,+0.945
1617452520,+3.39, +4.052, +0.169,+0.944
1617452580,+3.40, +4.031, +0.168,+0.944
1617452640,+3.39, +4.052, +0.170,+0.945
1617452700,+3.39, +4.041, +0.170,+0.945
1617452760,+3.39, +4.020, +0.170,+0.944
1617452820,+3.40, +4.052, +0.169,+0.945
1617452880,+3.40, +4.041, +0.170,+0.945
1617452940,+3.39, +4.062, +0.170,+0.945
1617453000,+3.39, +4.020, +0.171,+0.944
1617453060,+3.39, +4.041, +0.170,+0.945
1617453120,+3.39, +4.031, +0.171,+0.945
1617453180,+3.39, +4.031, +0.170,+0.945
1617453240,+3.40, +4.020, +0.172,+0.945
1617453300,+3.39, +4.020, +0.169,+0.944
1617453360,+3.39, +4.041, +0.172,+0.945
1617453420,+3.39, +4.052, +0.169,+0.944
1617453480,+3.39, +4.020, +0.169,+0.944
1617453540,+3.39, +4.052, +0.171,+0.945
1617453600,+3.39, +4.041, +0.170,+0.945
1617453660,+3.39, +4.052, +0.170,+0.945
1617453720,+3.39, +4.031, +0.169,+0.944
1617453780,+3.39, +4.052, +0.170,+0.944
1617453840,+3.39, +4.031, +0.171,+0.945
1617453900,+3.39, +4.031, +0.169,+0.944
1617453960,+3.39, +4.041, +0.170,+0.944
1617454020,+3.39, +3.989, +0.171,+0.944
1617454080,+3.39, +4.052, +0.170,+0.945
1617454140,+3.39, +4.041, +0.170,+0.945
1617454200,+3.39, +4.020, +0.170,+0.944
1617454260,+3.39, +4.031, +0.169,+0.944
1617454320,+3.39, +4.020, +0.170,+0.945
1617454380,+3.39, +4.041, +0.171,+0.945
1617454440,+3.39, +4.031, +0.170,+0.945
1617454500,+3.39, +4.031, +0.171,+0.945
1617454560,+3.39, +4.000, +0.172,+0.945
1617454620,+3.39, +4.052, +0.170,+0.945
1617454680,+3.39, +4.041, +0.171,+0.945
1617454740,+3.39, +4.031, +0.170,+0.944
1617454800,+3.39, +4.010, +0.169,+0.944
1617454860,+3.39, +4.031, +0.171,+0.945
1617454920,+3.39, +4.031, +0.171,+0.944
1617454980,+3.39, +4.020, +0.172,+0.944
1617455040,+3.39, +4.031, +0.171,+0.944
1617455100,+3.39, +4.031, +0.169,+0.944
1617455160,+3.39, +4.020, +0.171,+0.944
1617455220,+3.39, +4.041, +0.170,+0.944
1617455280,+3.39, +4.031, +0.169,+0.944
1617455340,+3.39, +4.041, +0.172,+0.944
1617455400,+3.39, +4.041, +0.170,+0.944
1617455460,+3.39, +4.031, +0.171,+0.945
1617455520,+3.39, +4.031, +0.170,+0.944
1617455580,+3.39, +4.052, +0.172,+0.945
1617455640,+3.39, +4.041, +0.172,+0.945
1617455700,+3.39, +4.041, +0.170,+0.945
1617455760,+3.39, +4.052, +0.170,+0.944
1617455820,+3.39, +4.031, +0.170,+0.944
1617455880,+3.39, +4.041, +0.170,+0.944
1617455940,+3.39, +4.052, +0.169,+0.945
1617456000,+3.39, +4.052, +0.170,+0.944
1617456060,+3.39, +4.062, +0.169,+0.944
1617456120,+3.39, +4.041, +0.169,+0.944
1617456180,+3.39, +4.052, +0.171,+0.945
1617456240,+3.39, +4.041, +0.171,+0.945
1617456300,+3.39, +4.031, +0.169,+0.944
1617456360,+3.39, +4.020, +0.170,+0.944
1617456420,+3.39, +4.031, +0.171,+0.945
1617456480,+3.39, +4.020, +0.172,+0.945
1617456540,+3.39, +4.041, +0.172,+0.945
1617456600,+3.39, +4.041, +0.172,+0.945
1617456660,+3.39, +4.041, +0.171,+0.944
1617456720,+3.39, +4.031, +0.171,+0.944
1617456780,+3.39, +4.031, +0.170,+0.944
1617456840,+3.39, +4.052, +0.171,+0.944
1617456900,+3.39, +4.041, +0.171,+0.945
1617456960,+3.39, +4.041, +0.172,+0.945
1617457020,+3.39, +4.000, +0.173,+0.944
1617457080,+3.39, +4.020, +0.171,+0.944
1617457140,+3.39, +4.020, +0.171,+0.944
1617457200,+3.39, +4.031, +0.169,+0.944
1617457260,+3.39, +4.041, +0.171,+0.945
1617457320,+3.39, +4.041, +0.171,+0.945
1617457380,+3.39, +4.031, +0.169,+0.944
1617457440,+3.39, +4.031, +0.170,+0.944
1617457500,+3.39, +3.989, +0.171,+0.944
1617457560,+3.39, +4.031, +0.170,+0.944
1617457620,+3.39, +4.031, +0.170,+0.945
1617457680,+3.39, +4.031, +0.172,+0.945
1617457740,+3.39, +4.041, +0.170,+0.944
1617457800,+3.39, +4.010, +0.172,+0.945
1617457860,+3.39, +3.989, +0.173,+0.944
1617457920,+3.39, +3.979, +0.170,+0.944
1617457980,+3.39, +4.020, +0.173,+0.945
1617458040,+3.39, +4.020, +0.173,+0.944
1617458100,+3.39, +4.020, +0.172,+0.944
1617458160,+3.39, +4.031, +0.173,+0.945
1617458220,+3.39, +4.031, +0.172,+0.945
1617458280,+3.39, +4.031, +0.170,+0.944
1617458340,+3.39, +4.010, +0.171,+0.944
1617458400,+3.39, +4.031, +0.170,+0.944
1617458460,+3.39, +4.031, +0.171,+0.945
1617458520,+3.39, +4.031, +0.171,+0.945
1617458580,+3.39, +4.010, +0.174,+0.945
1617458640,+3.39, +4.041, +0.171,+0.945
1617458700,+3.39, +4.031, +0.171,+0.945
1617458760,+3.39, +4.020, +0.170,+0.944
1617458820,+3.39, +4.052, +0.172,+0.945
1617458880,+3.39, +4.041, +0.172,+0.945
1617458940,+3.40, +4.041, +0.170,+0.945
1617459000,+3.39, +4.031, +0.173,+0.945
1617459060,+3.39, +4.020, +0.171,+0.944
1617459120,+3.39, +4.020, +0.172,+0.945
1617459180,+3.39, +4.041, +0.172,+0.945
1617459240,+3.39, +4.052, +0.171,+0.944
1617459300,+3.39, +4.031, +0.172,+0.944
1617459360,+3.39, +4.020, +0.171,+0.944
1617459420,+3.39, +4.041, +0.172,+0.945
1617459480,+3.39, +4.083, +0.171,+0.945
1617459540,+3.39, +4.041, +0.173,+0.945
1617459600,+3.39, +4.031, +0.174,+0.945
1617459660,+3.39, +4.031, +0.174,+0.945
1617459720,+3.39, +4.020, +0.172,+0.944
1617459780,+3.39, +4.052, +0.173,+0.945
1617459840,+3.39, +4.020, +0.172,+0.944
1617459900,+3.39, +4.031, +0.174,+0.945
1617459960,+3.39, +4.041, +0.172,+0.945
1617460020,+3.39, +4.041, +0.173,+0.945
1617460080,+3.39, +4.041, +0.174,+0.945
1617460140,+3.39, +4.031, +0.174,+0.945
1617460200,+3.39, +4.062, +0.174,+0.945
1617460260,+3.39, +4.020, +0.173,+0.944
1617460320,+3.39, +4.020, +0.173,+0.945
1617460380,+3.39, +4.041, +0.174,+0.945
1617460440,+3.39, +4.041, +0.174,+0.945
1617460500,+3.40, +4.010, +0.176,+0.945
1617460560,+3.39, +4.031, +0.173,+0.945
1617460620,+3.39, +4.020, +0.175,+0.944
1617460680,+3.39, +4.041, +0.173,+0.945
1617460740,+3.39, +4.031, +0.174,+0.945
1617460800,+3.39, +4.010, +0.175,+0.945
1617460860,+3.39, +4.010, +0.173,+0.945
1617460920,+3.39, +4.010, +0.175,+0.944
1617460980,+3.39, +4.041, +0.174,+0.945
1617461040,+3.39, +4.041, +0.174,+0.945
1617461100,+3.39, +4.031, +0.174,+0.944
1617461160,+3.39, +4.031, +0.172,+0.945
1617461220,+3.39, +4.041, +0.174,+0.945
1617461280,+3.39, +4.052, +0.175,+0.945
1617461340,+3.39, +4.031, +0.173,+0.945
1617461400,+3.39, +4.041, +0.172,+0.945
1617461460,+3.39, +4.020, +0.172,+0.944
1617461520,+3.39, +4.020, +0.174,+0.945
1617461580,+3.39, +4.041, +0.173,+0.945
1617461640,+3.39, +4.000, +0.174,+0.944
1617461700,+3.39, +4.020, +0.173,+0.944
1617461760,+3.39, +4.031, +0.174,+0.945
1617461820,+3.39, +4.031, +0.173,+0.945
1617461880,+3.39, +4.010, +0.173,+0.944
1617461940,+3.39, +4.052, +0.171,+0.944
1617462000,+3.39, +4.020, +0.173,+0.945
1617462060,+3.39, +4.041, +0.173,+0.944
1617462120,+3.39, +4.041, +0.173,+0.945
1617462180,+3.39, +4.052, +0.172,+0.944
1617462240,+3.40, +4.041, +0.173,+0.945
1617462300,+3.39, +4.062, +0.171,+0.945
1617462360,+3.39, +4.020, +0.171,+0.945
1617462420,+3.39, +4.031, +0.171,+0.944
1617462480,+3.39, +4.020, +0.171,+0.944
1617462540,+3.39, +4.020, +0.170,+0.944
1617462600,+3.39, +4.020, +0.172,+0.944
1617462660,+3.39, +4.010, +0.170,+0.944
1617462720,+3.39, +4.010, +0.171,+0.944
1617462780,+3.40, +4.041, +0.170,+0.945
1617462840,+3.39, +4.020, +0.170,+0.944
1617462900,+3.39, +4.031, +0.172,+0.945
1617462960,+3.39, +4.020, +0.172,+0.944
1617463020,+3.39, +4.031, +0.172,+0.945
1617463080,+3.39, +4.031, +0.171,+0.944
1617463140,+3.39, +4.031, +0.173,+0.945
1617463200,+3.39, +4.041, +0.172,+0.945
1617463260,+3.39, +4.041, +0.174,+0.945
1617463320,+3.39, +4.031, +0.174,+0.945
1617463380,+3.39, +4.031, +0.175,+0.945
1617463440,+3.39, +4.031, +0.175,+0.945
1617463500,+3.39, +4.052, +0.175,+0.944
1617463560,+3.39, +4.041, +0.176,+0.945
1617463620,+3.39, +4.020, +0.175,+0.945
1617463680,+3.39, +4.041, +0.173,+0.944
1617463740,+3.39, +3.979, +0.174,+0.944
1617463800,+3.39, +4.020, +0.173,+0.944
1617463860,+3.39, +4.041, +0.175,+0.945
1617463920,+3.39, +4.041, +0.173,+0.945
1617463980,+3.39, +4.031, +0.171,+0.944
1617464040,+3.39, +4.010, +0.173,+0.945
1617464100,+3.39, +4.031, +0.172,+0.945
1617464160,+3.39, +4.020, +0.172,+0.944
1617464220,+3.39, +4.041, +0.171,+0.945
1617464280,+3.39, +4.000, +0.172,+0.944
1617464340,+3.39, +4.020, +0.172,+0.945
1617464400,+3.39, +4.031, +0.169,+0.945
1617464460,+3.39, +4.031, +0.172,+0.945
1617464520,+3.39, +4.041, +0.170,+0.944
1617464580,+3.39, +4.010, +0.173,+0.945
1617464640,+3.39, +4.031, +0.171,+0.945
1617464700,+3.39, +3.989, +0.172,+0.944
1617464760,+3.39, +4.031, +0.171,+0.945
1617464820,+3.40, +4.041, +0.171,+0.945
1617464880,+3.39, +4.031, +0.170,+0.945
1617464940,+3.39, +4.031, +0.170,+0.945
1617465000,+3.39, +4.031, +0.169,+0.945
1617465060,+3.39, +4.041, +0.172,+0.945
1617465120,+3.39, +4.031, +0.170,+0.944
1617465180,+3.39, +4.031, +0.170,+0.944
1617465240,+3.39, +4.031, +0.169,+0.945
1617465300,+3.39, +4.031, +0.171,+0.945
1617465360,+3.40, +4.020, +0.170,+0.944
1617465420,+3.39, +4.020, +0.171,+0.944
1617465480,+3.39, +4.041, +0.171,+0.945
1617465540,+3.39, +4.010, +0.169,+0.944
1617465600,+3.39, +4.041, +0.172,+0.945
1617465660,+3.39, +4.020, +0.172,+0.944
1617465720,+3.39, +4.041, +0.173,+0.945
1617465780,+3.39, +4.020, +0.174,+0.944
1617465840,+3.39, +4.020, +0.172,+0.944
1617465900,+3.39, +4.020, +0.174,+0.945
1617465960,+3.39, +4.041, +0.172,+0.944
1617466020,+3.39, +4.041, +0.173,+0.945
1617466080,+3.39, +4.052, +0.173,+0.945
1617466140,+3.39, +4.031, +0.173,+0.945
1617466200,+3.39, +4.020, +0.174,+0.944
1617466260,+3.39, +4.031, +0.174,+0.945
1617466320,+3.39, +4.031, +0.172,+0.944
1617466380,+3.39, +4.041, +0.172,+0.944
1617466440,+3.39, +4.031, +0.173,+0.945
1617466500,+3.39, +4.031, +0.172,+0.945
1617466560,+3.39, +4.031, +0.172,+0.945
1617466620,+3.39, +4.041, +0.172,+0.945
1617466680,+3.39, +4.052, +0.172,+0.945
1617466740,+3.40, +4.062, +0.171,+0.945
1617466800,+3.39, +4.041, +0.171,+0.945
1617466860,+3.39, +4.020, +0.171,+0.945
1617466920,+3.39, +4.031, +0.172,+0.945
1617466980,+3.39, +4.031, +0.172,+0.945
1617467040,+3.39, +4.020, +0.170,+0.944
1617467100,+3.39, +4.010, +0.173,+0.945
1617467160,+3.39, +4.031, +0.172,+0.945
1617467220,+3.39, +4.031, +0.172,+0.945
1617467280,+3.39, +4.020, +0.172,+0.945
1617467340,+3.39, +4.020, +0.170,+0.944
1617467400,+3.39, +4.041, +0.171,+0.945
1617467460,+3.39, +4.052, +0.169,+0.945
1617467520,+3.39, +4.010, +0.170,+0.944
1617467580,+3.39, +4.010, +0.172,+0.945
1617467640,+3.39, +4.020, +0.169,+0.944
1617467700,+3.39, +4.020, +0.170,+0.944
1617467760,+3.39, +4.041, +0.171,+0.945
1617467820,+3.39, +4.031, +0.171,+0.945
1617467880,+3.39, +4.041, +0.170,+0.945
1617467940,+3.39, +4.020, +0.171,+0.945
1617468000,+3.39, +4.041, +0.170,+0.945
