7392-570653
OS REV: 1.11 Sensor Cal: 1428445788
Time (sec),  BV (Volts),  T (deg C),  DO (mg/l),  Q ()
1609346460,+3.39, +3.625, +0.168,+0.956
1609346520,+3.39, +3.604, +0.170,+0.957
1609346580,+3.39, +3.646, +0.166,+0.957
1609346640,+3.39, +3.625, +0.167,+0.957
1609346700,+3.39, +3.625, +0.167,+0.957
1609346760,+3.39, +3.625, +0.169,+0.957
1609346820,+3.39, +3.646, +0.169,+0.957
1609346880,+3.39, +3.614, +0.169,+0.957
1609346940,+3.39, +3.635, +0.167,+0.957
1609347000,+3.39, +3.625, +0.168,+0.957
1609347060,+3.39, +3.625, +0.168,+0.957
1609347120,+3.39, +3.625, +0.169,+0.957
1609347180,+3.39, +3.625, +0.170,+0.957
1609347240,+3.39, +3.614, +0.169,+0.957
1609347300,+3.39, +3.594, +0.168,+0.957
1609347360,+3.39, +3.614, +0.167,+0.956
1609347420,+3.39, +3.604, +0.169,+0.957
1609347480,+3.39, +3.656, +0.168,+0.957
1609347540,+3.39, +3.646, +0.170,+0.957
1609347600,+3.39, +3.614, +0.169,+0.957
1609347660,+3.39, +3.635, +0.167,+0.957
1609347720,+3.39, +3.635, +0.168,+0.957
1609347780,+3.39, +3.646, +0.166,+0.957
1609347840,+3.39, +3.656, +0.170,+0.957
1609347900,+3.39, +3.573, +0.170,+0.956
1609347960,+3.39, +3.604, +0.168,+0.956
1609348020,+3.39, +3.635, +0.169,+0.957
1609348080,+3.39, +3.625, +0.168,+0.956
1609348140,+3.39, +3.625, +0.168,+0.957
1609348200,+3.39, +3.614, +0.168,+0.956
1609348260,+3.39, +3.635, +0.168,+0.957
1609348320,+3.39, +3.625, +0.169,+0.957
1609348380,+3.39, +3.604, +0.168,+0.957
1609348440,+3.39, +3.614, +0.168,+0.957
1609348500,+3.39, +3.656, +0.168,+0.957
1609348560,+3.39, +3.604, +0.167,+0.957
1609348620,+3.39, +3.594, +0.168,+0.956
1609348680,+3.39, +3.635, +0.169,+0.957
1609348740,+3.39, +3.614, +0.171,+0.957
1609348800,+3.39, +3.625, +0.168,+0.957
1609348860,+3.39, +3.635, +0.169,+0.957
1609348920,+3.39, +3.614, +0.169,+0.957
1609348980,+3.40, +3.614, +0.167,+0.956
1609349040,+3.39, +3.635, +0.170,+0.957
1609349100,+3.39, +3.646, +0.168,+0.957
1609349160,+3.39, +3.635, +0.169,+0.957
1609349220,+3.39, +3.625, +0.169,+0.956
1609349280,+3.39, +3.625, +0.168,+0.957
1609349340,+3.39, +3.625, +0.168,+0.956
1609349400,+3.39, +3.604, +0.170,+0.957
1609349460,+3.39, +3.646, +0.170,+0.957
1609349520,+3.39, +3.583, +0.168,+0.956
1609349580,+3.39, +3.646, +0.168,+0.956
1609349640,+3.39, +3.635, +0.167,+0.957
1609349700,+3.39, +3.625, +0.169,+0.957
1609349760,+3.39, +3.635, +0.167,+0.957
1609349820,+3.39, +3.635, +0.167,+0.957
1609349880,+3.39, +3.625, +0.168,+0.957
1609349940,+3.39, +3.614, +0.168,+0.957
1609350000,+3.39, +3.625, +0.170,+0.957
1609350060,+3.39, +3.635, +0.167,+0.957
1609350120,+3.39, +3.625, +0.167,+0.957
1609350180,+3.39, +3.635, +0.168,+0.957
1609350240,+3.39, +3.635, +0.168,+0.957
1609350300,+3.39, +3.573, +0.169,+0.957
1609350360,+3.39, +3.667, +0.168,+0.957
1609350420,+3.39, +3.625, +0.169,+0.957
1609350480,+3.39, +3.635, +0.168,+0.957
1609350540,+3.39, +3.625, +0.168,+0.957
1609350600,+3.39, +3.635, +0.168,+0.956
1609350660,+3.39, +3.625, +0.169,+0.957
1609350720,+3.39, +3.614, +0.168,+0.957
1609350780,+3.39, +3.604, +0.170,+0.957
1609350840,+3.39, +3.614, +0.169,+0.957
1609350900,+3.39, +3.625, +0.167,+0.957
1609350960,+3.39, +3.604, +0.169,+0.957
1609351020,+3.39, +3.625, +0.167,+0.956
1609351080,+3.39, +3.604, +0.168,+0.956
1609351140,+3.39, +3.646, +0.168,+0.957
1609351200,+3.39, +3.635, +0.169,+0.957
1609351260,+3.39, +3.614, +0.170,+0.957
1609351320,+3.39, +3.625, +0.168,+0.956
1609351380,+3.39, +3.656, +0.168,+0.957
1609351440,+3.39, +3.604, +0.168,+0.956
1609351500,+3.39, +3.625, +0.168,+0.956
1609351560,+3.39, +3.646, +0.166,+0.957
1609351620,+3.39, +3.614, +0.169,+0.957
1609351680,+3.39, +3.614, +0.169,+0.956
1609351740,+3.39, +3.614, +0.169,+0.957
1609351800,+3.39, +3.625, +0.167,+0.957
1609351860,+3.39, +3.635, +0.168,+0.956
1609351920,+3.39, +3.614, +0.169,+0.957
1609351980,+3.39, +3.604, +0.170,+0.957
1609352040,+3.39, +3.614, +0.169,+0.957
1609352100,+3.39, +3.625, +0.169,+0.957
1609352160,+3.39, +3.646, +0.168,+0.957
1609352220,+3.39, +3.594, +0.168,+0.956
1609352280,+3.39, +3.614, +0.169,+0.957
1609352340,+3.39, +3.614, +0.169,+0.957
1609352400,+3.39, +3.635, +0.167,+0.956
1609352460,+3.39, +3.614, +0.168,+0.957
1609352520,+3.39, +3.614, +0.169,+0.957
1609352580,+3.39, +3.625, +0.168,+0.957
1609352640,+3.39, +3.604, +0.170,+0.957
1609352700,+3.39, +3.614, +0.168,+0.956
1609352760,+3.39, +3.625, +0.168,+0.957
1609352820,+3.39, +3.625, +0.169,+0.957
1609352880,+3.39, +3.614, +0.170,+0.957
1609352940,+3.39, +3.614, +0.170,+0.957
1609353000,+3.39, +3.583, +0.171,+0.957
1609353060,+3.39, +3.594, +0.169,+0.957
1609353120,+3.39, +3.614, +0.170,+0.957
1609353180,+3.39, +3.594, +0.168,+0.956
1609353240,+3.39, +3.614, +0.168,+0.956
1609353300,+3.39, +3.625, +0.167,+0.956
1609353360,+3.39, +3.625, +0.170,+0.957
1609353420,+3.40, +3.604, +0.169,+0.957
1609353480,+3.39, +3.625, +0.168,+0.957
1609353540,+3.39, +3.635, +0.168,+0.957
1609353600,+3.39, +3.604, +0.170,+0.957
1609353660,+3.39, +3.625, +0.167,+0.956
1609353720,+3.39, +3.594, +0.167,+0.956
1609353780,+3.39, +3.614, +0.169,+0.957
1609353840,+3.39, +3.635, +0.168,+0.957
1609353900,+3.39, +3.604, +0.168,+0.957
1609353960,+3.39, +3.625, +0.167,+0.957
1609354020,+3.39, +3.614, +0.168,+0.957
1609354080,+3.39, +3.635, +0.169,+0.957
1609354140,+3.39, +3.635, +0.168,+0.957
1609354200,+3.39, +3.656, +0.168,+0.957
1609354260,+3.39, +3.625, +0.167,+0.956
1609354320,+3.39, +3.635, +0.168,+0.957
1609354380,+3.39, +3.594, +0.168,+0.956
1609354440,+3.39, +3.594, +0.169,+0.956
1609354500,+3.39, +3.583, +0.169,+0.957
1609354560,+3.39, +3.625, +0.170,+0.957
1609354620,+3.39, +3.604, +0.168,+0.957
1609354680,+3.39, +3.667, +0.168,+0.957
1609354740,+3.39, +3.635, +0.169,+0.957
1609354800,+3.39, +3.625, +0.168,+0.957
1609354860,+3.39, +3.635, +0.169,+0.957
1609354920,+3.39, +3.635, +0.168,+0.956
1609354980,+3.39, +3.614, +0.168,+0.956
1609355040,+3.39, +3.625, +0.168,+0.957
1609355100,+3.39, +3.614, +0.168,+0.957
1609355160,+3.39, +3.625, +0.169,+0.957
1609355220,+3.39, +3.614, +0.169,+0.957
1609355280,+3.39, +3.604, +0.170,+0.957
1609355340,+3.39, +3.625, +0.168,+0.957
1609355400,+3.39, +3.646, +0.167,+0.957
1609355460,+3.39, +3.625, +0.169,+0.957
1609355520,+3.39, +3.625, +0.169,+0.957
1609355580,+3.39, +3.614, +0.167,+0.956
1609355640,+3.39, +3.604, +0.167,+0.956
1609355700,+3.39, +3.614, +0.168,+0.957
1609355760,+3.39, +3.646, +0.168,+0.956
1609355820,+3.39, +3.614, +0.169,+0.957
1609355880,+3.39, +3.635, +0.168,+0.957
1609355940,+3.39, +3.614, +0.168,+0.957
1609356000,+3.39, +3.614, +0.167,+0.956
1609356060,+3.39, +3.625, +0.168,+0.957
1609356120,+3.39, +3.583, +0.170,+0.957
1609356180,+3.39, +3.635, +0.169,+0.957
1609356240,+3.39, +3.614, +0.166,+0.957
1609356300,+3.39, +3.625, +0.169,+0.957
1609356360,+3.39, +3.625, +0.169,+0.957
1609356420,+3.39, +3.635, +0.170,+0.957
1609356480,+3.39, +3.625, +0.168,+0.956
1609356540,+3.39, +3.635, +0.168,+0.957
1609356600,+3.39, +3.604, +0.168,+0.956
1609356660,+3.39, +3.604, +0.167,+0.956
1609356720,+3.39, +3.614, +0.167,+0.956
1609356780,+3.39, +3.604, +0.170,+0.957
1609356840,+3.39, +3.604, +0.169,+0.957
1609356900,+3.39, +3.594, +0.170,+0.956
1609356960,+3.39, +3.614, +0.168,+0.957
1609357020,+3.39, +3.604, +0.169,+0.957
1609357080,+3.39, +3.614, +0.167,+0.956
1609357140,+3.39, +3.625, +0.167,+0.956
1609357200,+3.39, +3.614, +0.169,+0.956
1609357260,+3.39, +3.604, +0.167,+0.956
1609357320,+3.39, +3.625, +0.168,+0.957
1609357380,+3.39, +3.604, +0.169,+0.956
1609357440,+3.39, +3.604, +0.170,+0.957
1609357500,+3.39, +3.625, +0.169,+0.957
1609357560,+3.39, +3.614, +0.167,+0.957
1609357620,+3.39, +3.614, +0.170,+0.957
1609357680,+3.39, +3.604, +0.169,+0.956
1609357740,+3.39, +3.625, +0.169,+0.957
1609357800,+3.39, +3.635, +0.169,+0.957
1609357860,+3.39, +3.614, +0.170,+0.957
1609357920,+3.39, +3.625, +0.169,+0.957
1609357980,+3.39, +3.614, +0.167,+0.956
1609358040,+3.39, +3.625, +0.169,+0.957
1609358100,+3.39, +3.604, +0.168,+0.957
1609358160,+3.39, +3.635, +0.169,+0.957
1609358220,+3.39, +3.614, +0.168,+0.957
1609358280,+3.39, +3.625, +0.169,+0.957
1609358340,+3.39, +3.604, +0.169,+0.957
1609358400,+3.39, +3.625, +0.168,+0.957
1609358460,+3.39, +3.614, +0.168,+0.956
1609358520,+3.39, +3.614, +0.167,+0.956
1609358580,+3.39, +3.635, +0.168,+0.957
1609358640,+3.39, +3.625, +0.169,+0.957
1609358700,+3.39, +3.614, +0.168,+0.956
1609358760,+3.39, +3.614, +0.168,+0.957
1609358820,+3.39, +3.625, +0.168,+0.956
1609358880,+3.39, +3.635, +0.167,+0.957
1609358940,+3.39, +3.625, +0.170,+0.957
1609359000,+3.39, +3.625, +0.169,+0.956
1609359060,+3.39, +3.625, +0.168,+0.957
1609359120,+3.39, +3.614, +0.168,+0.956
1609359180,+3.39, +3.614, +0.170,+0.957
1609359240,+3.39, +3.604, +0.170,+0.957
1609359300,+3.39, +3.604, +0.169,+0.956
1609359360,+3.39, +3.614, +0.169,+0.957
1609359420,+3.39, +3.625, +0.169,+0.956
1609359480,+3.39, +3.614, +0.170,+0.957
1609359540,+3.39, +3.635, +0.166,+0.956
1609359600,+3.39, +3.594, +0.168,+0.956
1609359660,+3.39, +3.614, +0.168,+0.956
1609359720,+3.39, +3.625, +0.170,+0.957
1609359780,+3.39, +3.635, +0.168,+0.957
1609359840,+3.39, +3.625, +0.169,+0.957
1609359900,+3.39, +3.625, +0.170,+0.957
1609359960,+3.39, +3.594, +0.169,+0.956
1609360020,+3.39, +3.625, +0.170,+0.957
1609360080,+3.39, +3.646, +0.167,+0.956
1609360140,+3.39, +3.614, +0.169,+0.957
1609360200,+3.39, +3.635, +0.170,+0.957
1609360260,+3.39, +3.625, +0.168,+0.956
1609360320,+3.39, +3.625, +0.168,+0.956
1609360380,+3.39, +3.646, +0.168,+0.957
1609360440,+3.39, +3.625, +0.170,+0.957
1609360500,+3.39, +3.625, +0.168,+0.957
1609360560,+3.39, +3.625, +0.168,+0.957
1609360620,+3.39, +3.604, +0.168,+0.956
1609360680,+3.39, +3.625, +0.168,+0.956
1609360740,+3.39, +3.625, +0.167,+0.956
1609360800,+3.39, +3.635, +0.166,+0.956
1609360860,+3.39, +3.635, +0.168,+0.956
1609360920,+3.39, +3.646, +0.167,+0.956
1609360980,+3.39, +3.625, +0.169,+0.956
1609361040,+3.39, +3.614, +0.168,+0.956
1609361100,+3.39, +3.604, +0.169,+0.957
1609361160,+3.39, +3.625, +0.168,+0.956
1609361220,+3.39, +3.635, +0.168,+0.957
1609361280,+3.39, +3.635, +0.168,+0.957
1609361340,+3.39, +3.646, +0.167,+0.957
1609361400,+3.39, +3.625, +0.168,+0.957
1609361460,+3.39, +3.635, +0.170,+0.957
1609361520,+3.39, +3.635, +0.169,+0.957
1609361580,+3.39, +3.635, +0.169,+0.957
1609361640,+3.39, +3.604, +0.168,+0.956
1609361700,+3.39, +3.635, +0.169,+0.957
1609361760,+3.39, +3.625, +0.168,+0.956
1609361820,+3.39, +3.614, +0.167,+0.956
1609361880,+3.39, +3.646, +0.168,+0.957
1609361940,+3.39, +3.594, +0.170,+0.957
1609362000,+3.39, +3.614, +0.168,+0.957
1609362060,+3.39, +3.594, +0.167,+0.956
1609362120,+3.39, +3.614, +0.169,+0.956
1609362180,+3.39, +3.625, +0.169,+0.957
1609362240,+3.39, +3.625, +0.168,+0.957
1609362300,+3.39, +3.614, +0.169,+0.956
1609362360,+3.39, +3.604, +0.169,+0.957
1609362420,+3.39, +3.614, +0.169,+0.957
1609362480,+3.39, +3.625, +0.168,+0.957
1609362540,+3.39, +3.604, +0.169,+0.957
1609362600,+3.39, +3.635, +0.169,+0.957
1609362660,+3.39, +3.594, +0.168,+0.956
1609362720,+3.39, +3.614, +0.169,+0.957
1609362780,+3.39, +3.583, +0.170,+0.956
1609362840,+3.39, +3.625, +0.169,+0.957
1609362900,+3.39, +3.614, +0.170,+0.957
1609362960,+3.39, +3.583, +0.168,+0.957
1609363020,+3.39, +3.635, +0.169,+0.957
1609363080,+3.39, +3.625, +0.168,+0.956
1609363140,+3.39, +3.625, +0.168,+0.957
1609363200,+3.39, +3.625, +0.168,+0.957
1609363260,+3.39, +3.594, +0.168,+0.956
1609363320,+3.39, +3.614, +0.167,+0.956
1609363380,+3.39, +3.646, +0.167,+0.956
1609363440,+3.39, +3.614, +0.168,+0.957
1609363500,+3.39, +3.583, +0.170,+0.957
1609363560,+3.39, +3.625, +0.168,+0.957
1609363620,+3.39, +3.604, +0.169,+0.956
1609363680,+3.39, +3.614, +0.168,+0.957
1609363740,+3.39, +3.625, +0.169,+0.957
1609363800,+3.39, +3.625, +0.169,+0.957
1609363860,+3.39, +3.614, +0.168,+0.957
1609363920,+3.39, +3.604, +0.170,+0.957
1609363980,+3.39, +3.614, +0.170,+0.957
1609364040,+3.39, +3.635, +0.168,+0.956
1609364100,+3.39, +3.646, +0.168,+0.957
1609364160,+3.39, +3.625, +0.168,+0.957
1609364220,+3.39, +3.625, +0.167,+0.956
1609364280,+3.39, +3.656, +0.168,+0.957
1609364340,+3.39, +3.594, +0.169,+0.956
1609364400,+3.40, +3.635, +0.167,+0.956
1609364460,+3.39, +3.625, +0.167,+0.956
1609364520,+3.39, +3.635, +0.169,+0.957
1609364580,+3.39, +3.604, +0.170,+0.956
1609364640,+3.39, +3.635, +0.168,+0.957
1609364700,+3.39, +3.614, +0.169,+0.957
1609364760,+3.39, +3.625, +0.168,+0.957
1609364820,+3.39, +3.614, +0.168,+0.957
1609364880,+3.39, +3.635, +0.168,+0.957
1609364940,+3.39, +3.604, +0.170,+0.957
1609365000,+3.39, +3.635, +0.168,+0.957
1609365060,+3.39, +3.635, +0.169,+0.957
1609365120,+3.39, +3.625, +0.167,+0.956
1609365180,+3.39, +3.635, +0.167,+0.957
1609365240,+3.39, +3.625, +0.166,+0.956
1609365300,+3.39, +3.635, +0.168,+0.957
1609365360,+3.39, +3.604, +0.169,+0.957
1609365420,+3.39, +3.594, +0.169,+0.957
1609365480,+3.39, +3.614, +0.168,+0.956
1609365540,+3.39, +3.625, +0.168,+0.957
1609365600,+3.39, +3.625, +0.168,+0.957
1609365660,+3.39, +3.635, +0.167,+0.956
1609365720,+3.39, +3.614, +0.169,+0.957
1609365780,+3.39, +3.635, +0.168,+0.957
1609365840,+3.39, +3.614, +0.168,+0.956
1609365900,+3.39, +3.625, +0.168,+0.956
1609365960,+3.39, +3.625, +0.170,+0.957
1609366020,+3.39, +3.614, +0.170,+0.957
1609366080,+3.39, +3.614, +0.167,+0.956
1609366140,+3.39, +3.614, +0.169,+0.957
1609366200,+3.39, +3.625, +0.167,+0.957
1609366260,+3.39, +3.614, +0.168,+0.956
1609366320,+3.39, +3.604, +0.168,+0.956
1609366380,+3.39, +3.625, +0.167,+0.956
1609366440,+3.39, +3.614, +0.167,+0.956
1609366500,+3.39, +3.635, +0.169,+0.957
1609366560,+3.40, +3.614, +0.168,+0.957
1609366620,+3.39, +3.625, +0.169,+0.957
1609366680,+3.39, +3.656, +0.168,+0.957
1609366740,+3.39, +3.604, +0.169,+0.957
1609366800,+3.40, +3.604, +0.168,+0.957
1609366860,+3.39, +3.614, +0.168,+0.957
1609366920,+3.39, +3.646, +0.168,+0.957
1609366980,+3.39, +3.614, +0.167,+0.956
1609367040,+3.39, +3.635, +0.168,+0.957
1609367100,+3.39, +3.614, +0.169,+0.957
1609367160,+3.39, +3.604, +0.169,+0.956
1609367220,+3.39, +3.614, +0.170,+0.957
1609367280,+3.39, +3.604, +0.169,+0.957
1609367340,+3.39, +3.614, +0.169,+0.957
1609367400,+3.39, +3.635, +0.168,+0.956
1609367460,+3.39, +3.583, +0.170,+0.957
1609367520,+3.39, +3.635, +0.169,+0.957
1609367580,+3.39, +3.604, +0.169,+0.957
1609367640,+3.39, +3.625, +0.169,+0.957
1609367700,+3.39, +3.635, +0.169,+0.956
1609367760,+3.39, +3.625, +0.167,+0.957
1609367820,+3.39, +3.646, +0.168,+0.957
1609367880,+3.39, +3.594, +0.167,+0.957
1609367940,+3.39, +3.614, +0.169,+0.956
1609368000,+3.40, +3.614, +0.169,+0.957
1609368060,+3.39, +3.635, +0.168,+0.956
1609368120,+3.39, +3.625, +0.168,+0.957
1609368180,+3.39, +3.625, +0.167,+0.957
1609368240,+3.39, +3.625, +0.170,+0.957
1609368300,+3.39, +3.614, +0.167,+0.956
1609368360,+3.39, +3.573, +0.169,+0.956
1609368420,+3.39, +3.625, +0.168,+0.957
1609368480,+3.39, +3.625, +0.167,+0.956
1609368540,+3.39, +3.635, +0.167,+0.956
1609368600,+3.39, +3.604, +0.167,+0.956
1609368660,+3.39, +3.583, +0.170,+0.956
1609368720,+3.39, +3.594, +0.169,+0.957
1609368780,+3.39, +3.635, +0.170,+0.957
1609368840,+3.39, +3.594, +0.168,+0.956
1609368900,+3.39, +3.625, +0.169,+0.957
1609368960,+3.39, +3.625, +0.171,+0.957
1609369020,+3.39, +3.604, +0.169,+0.956
1609369080,+3.39, +3.635, +0.170,+0.957
1609369140,+3.39, +3.625, +0.170,+0.957
1609369200,+3.39, +3.614, +0.168,+0.957
1609369260,+3.39, +3.604, +0.168,+0.956
1609369320,+3.39, +3.635, +0.168,+0.957
1609369380,+3.39, +3.614, +0.168,+0.957
1609369440,+3.39, +3.614, +0.168,+0.957
1609369500,+3.39, +3.646, +0.168,+0.957
1609369560,+3.39, +3.635, +0.168,+0.957
1609369620,+3.39, +3.625, +0.168,+0.957
1609369680,+3.39, +3.625, +0.166,+0.957
1609369740,+3.39, +3.635, +0.169,+0.957
1609369800,+3.39, +3.614, +0.170,+0.957
1609369860,+3.39, +3.614, +0.169,+0.957
1609369920,+3.39, +3.625, +0.169,+0.957
1609369980,+3.39, +3.614, +0.168,+0.957
1609370040,+3.39, +3.625, +0.170,+0.957
1609370100,+3.39, +3.646, +0.168,+0.957
1609370160,+3.39, +3.635, +0.168,+0.957
1609370220,+3.39, +3.625, +0.170,+0.957
1609370280,+3.39, +3.625, +0.168,+0.957
1609370340,+3.39, +3.614, +0.170,+0.957
1609370400,+3.39, +3.604, +0.169,+0.957
1609370460,+3.39, +3.635, +0.169,+0.957
1609370520,+3.39, +3.614, +0.170,+0.957
1609370580,+3.39, +3.604, +0.169,+0.957
1609370640,+3.39, +3.604, +0.168,+0.957
1609370700,+3.39, +3.614, +0.168,+0.957
1609370760,+3.39, +3.594, +0.169,+0.957
1609370820,+3.39, +3.604, +0.169,+0.957
1609370880,+3.39, +3.614, +0.168,+0.957
1609370940,+3.39, +3.604, +0.169,+0.957
1609371000,+3.39, +3.646, +0.167,+0.957
1609371060,+3.39, +3.604, +0.169,+0.957
1609371120,+3.39, +3.635, +0.168,+0.957
1609371180,+3.39, +3.614, +0.169,+0.957
1609371240,+3.39, +3.604, +0.167,+0.957
1609371300,+3.39, +3.594, +0.169,+0.957
1609371360,+3.39, +3.604, +0.170,+0.957
1609371420,+3.40, +3.614, +0.169,+0.957
1609371480,+3.39, +3.604, +0.169,+0.957
1609371540,+3.39, +3.583, +0.170,+0.957
1609371600,+3.39, +3.604, +0.170,+0.957
1609371660,+3.39, +3.635, +0.166,+0.957
1609371720,+3.39, +3.614, +0.167,+0.957
1609371780,+3.39, +3.604, +0.169,+0.957
1609371840,+3.39, +3.604, +0.169,+0.957
1609371900,+3.39, +3.625, +0.166,+0.956
1609371960,+3.39, +3.604, +0.169,+0.957
1609372020,+3.40, +3.604, +0.169,+0.957
1609372080,+3.39, +3.625, +0.165,+0.956
1609372140,+3.39, +3.604, +0.168,+0.957
1609372200,+3.39, +3.625, +0.170,+0.957
1609372260,+3.39, +3.625, +0.167,+0.957
1609372320,+3.39, +3.614, +0.166,+0.957
1609372380,+3.39, +3.583, +0.169,+0.957
1609372440,+3.39, +3.604, +0.168,+0.957
1609372500,+3.39, +3.614, +0.168,+0.957
1609372560,+3.39, +3.594, +0.168,+0.957
1609372620,+3.39, +3.604, +0.168,+0.957
1609372680,+3.39, +3.635, +0.168,+0.957
1609372740,+3.39, +3.604, +0.169,+0.957
1609372800,+3.39, +3.604, +0.169,+0.957
1609372860,+3.39, +3.594, +0.169,+0.957
1609372920,+3.39, +3.614, +0.168,+0.956
1609372980,+3.39, +3.604, +0.169,+0.957
1609373040,+3.39, +3.614, +0.169,+0.957
1609373100,+3.39, +3.635, +0.168,+0.957
1609373160,+3.39, +3.614, +0.170,+0.957
1609373220,+3.39, +3.614, +0.168,+0.957
1609373280,+3.39, +3.635, +0.168,+0.957
1609373340,+3.39, +3.625, +0.167,+0.957
1609373400,+3.39, +3.625, +0.168,+0.957
1609373460,+3.39, +3.625, +0.168,+0.957
1609373520,+3.39, +3.625, +0.169,+0.957
1609373580,+3.39, +3.614, +0.168,+0.957
1609373640,+3.39, +3.635, +0.168,+0.957
1609373700,+3.39, +3.614, +0.170,+0.957
1609373760,+3.39, +3.614, +0.168,+0.957
1609373820,+3.39, +3.594, +0.169,+0.957
1609373880,+3.39, +3.635, +0.169,+0.957
1609373940,+3.39, +3.614, +0.169,+0.957
1609374000,+3.39, +3.604, +0.169,+0.957
1609374060,+3.39, +3.604, +0.167,+0.957
1609374120,+3.39, +3.614, +0.169,+0.957
1609374180,+3.39, +3.604, +0.168,+0.957
1609374240,+3.39, +3.614, +0.171,+0.957
1609374300,+3.39, +3.635, +0.169,+0.957
1609374360,+3.39, +3.604, +0.168,+0.957
1609374420,+3.39, +3.604, +0.169,+0.957
1609374480,+3.39, +3.594, +0.170,+0.957
1609374540,+3.39, +3.614, +0.168,+0.957
1609374600,+3.39, +3.667, +0.167,+0.957
1609374660,+3.39, +3.614, +0.169,+0.957
1609374720,+3.39, +3.625, +0.168,+0.957
1609374780,+3.39, +3.625, +0.167,+0.957
1609374840,+3.39, +3.604, +0.168,+0.957
1609374900,+3.39, +3.614, +0.168,+0.957
1609374960,+3.39, +3.614, +0.169,+0.957
1609375020,+3.39, +3.625, +0.170,+0.957
1609375080,+3.39, +3.562, +0.169,+0.957
1609375140,+3.39, +3.604, +0.167,+0.956
1609375200,+3.39, +3.604, +0.169,+0.957
1609375260,+3.39, +3.604, +0.169,+0.957
1609375320,+3.39, +3.614, +0.168,+0.957
1609375380,+3.39, +3.594, +0.168,+0.956
1609375440,+3.39, +3.573, +0.169,+0.956
1609375500,+3.40, +3.614, +0.168,+0.957
1609375560,+3.39, +3.625, +0.168,+0.957
1609375620,+3.39, +3.614, +0.168,+0.957
1609375680,+3.39, +3.625, +0.168,+0.957
1609375740,+3.39, +3.635, +0.169,+0.957
1609375800,+3.39, +3.646, +0.168,+0.957
1609375860,+3.39, +3.625, +0.168,+0.957
1609375920,+3.39, +3.614, +0.169,+0.957
1609375980,+3.39, +3.614, +0.169,+0.957
1609376040,+3.39, +3.625, +0.170,+0.957
1609376100,+3.39, +3.604, +0.168,+0.956
1609376160,+3.40, +3.614, +0.170,+0.957
1609376220,+3.39, +3.604, +0.168,+0.956
1609376280,+3.39, +3.614, +0.170,+0.957
1609376340,+3.39, +3.604, +0.169,+0.957
1609376400,+3.39, +3.614, +0.169,+0.957
1609376460,+3.39, +3.604, +0.169,+0.957
1609376520,+3.39, +3.625, +0.167,+0.957
1609376580,+3.39, +3.646, +0.169,+0.957
1609376640,+3.39, +3.635, +0.168,+0.957
1609376700,+3.39, +3.614, +0.167,+0.956
1609376760,+3.39, +3.614, +0.170,+0.957
1609376820,+3.39, +3.604, +0.169,+0.957
1609376880,+3.39, +3.604, +0.169,+0.957
1609376940,+3.39, +3.604, +0.168,+0.956
1609377000,+3.39, +3.604, +0.168,+0.957
1609377060,+3.39, +3.635, +0.168,+0.957
1609377120,+3.39, +3.625, +0.168,+0.957
1609377180,+3.39, +3.594, +0.170,+0.957
1609377240,+3.39, +3.604, +0.171,+0.957
1609377300,+3.39, +3.625, +0.167,+0.956
1609377360,+3.39, +3.625, +0.168,+0.957
1609377420,+3.39, +3.614, +0.168,+0.957
1609377480,+3.39, +3.635, +0.167,+0.957
1609377540,+3.39, +3.614, +0.169,+0.957
1609377600,+3.39, +3.635, +0.168,+0.957
1609377660,+3.39, +3.604, +0.169,+0.957
1609377720,+3.39, +3.625, +0.167,+0.957
1609377780,+3.39, +3.614, +0.169,+0.957
1609377840,+3.39, +3.625, +0.170,+0.957
1609377900,+3.39, +3.635, +0.169,+0.957
1609377960,+3.39, +3.625, +0.167,+0.957
1609378020,+3.39, +3.604, +0.169,+0.957
1609378080,+3.39, +3.625, +0.170,+0.957
1609378140,+3.39, +3.594, +0.168,+0.956
1609378200,+3.39, +3.604, +0.168,+0.957
1609378260,+3.39, +3.635, +0.169,+0.957
1609378320,+3.39, +3.614, +0.168,+0.957
1609378380,+3.39, +3.635, +0.168,+0.957
1609378440,+3.39, +3.614, +0.169,+0.957
1609378500,+3.39, +3.614, +0.169,+0.957
1609378560,+3.39, +3.635, +0.167,+0.957
1609378620,+3.40, +3.646, +0.167,+0.957
1609378680,+3.39, +3.635, +0.168,+0.957
1609378740,+3.39, +3.625, +0.168,+0.957
1609378800,+3.39, +3.614, +0.168,+0.957
1609378860,+3.39, +3.614, +0.169,+0.957
1609378920,+3.39, +3.614, +0.168,+0.957
1609378980,+3.39, +3.604, +0.169,+0.957
1609379040,+3.39, +3.594, +0.169,+0.957
1609379100,+3.39, +3.594, +0.170,+0.957
1609379160,+3.39, +3.604, +0.167,+0.957
1609379220,+3.39, +3.625, +0.169,+0.957
1609379280,+3.39, +3.614, +0.167,+0.956
1609379340,+3.39, +3.604, +0.168,+0.957
1609379400,+3.39, +3.604, +0.168,+0.957
1609379460,+3.39, +3.625, +0.169,+0.957
1609379520,+3.39, +3.614, +0.169,+0.957
1609379580,+3.39, +3.604, +0.168,+0.957
1609379640,+3.39, +3.625, +0.168,+0.957
1609379700,+3.39, +3.604, +0.168,+0.957
1609379760,+3.39, +3.604, +0.169,+0.957
1609379820,+3.39, +3.625, +0.168,+0.957
1609379880,+3.39, +3.594, +0.169,+0.957
1609379940,+3.39, +3.635, +0.167,+0.957
1609380000,+3.39, +3.625, +0.167,+0.957
1609380060,+3.39, +3.604, +0.169,+0.957
1609380120,+3.39, +3.594, +0.167,+0.957
1609380180,+3.39, +3.614, +0.167,+0.957
1609380240,+3.39, +3.625, +0.168,+0.957
1609380300,+3.39, +3.614, +0.168,+0.957
1609380360,+3.39, +3.604, +0.169,+0.957
1609380420,+3.39, +3.614, +0.168,+0.957
1609380480,+3.39, +3.635, +0.167,+0.956
1609380540,+3.39, +3.625, +0.167,+0.957
1609380600,+3.39, +3.583, +0.167,+0.957
1609380660,+3.39, +3.604, +0.170,+0.957
1609380720,+3.39, +3.625, +0.170,+0.957
1609380780,+3.39, +3.635, +0.168,+0.957
1609380840,+3.39, +3.625, +0.169,+0.957
1609380900,+3.39, +3.625, +0.168,+0.957
1609380960,+3.39, +3.635, +0.167,+0.957
1609381020,+3.39, +3.625, +0.167,+0.957
1609381080,+3.39, +3.614, +0.170,+0.957
1609381140,+3.39, +3.614, +0.169,+0.957
1609381200,+3.39, +3.646, +0.166,+0.957
1609381260,+3.39, +3.604, +0.168,+0.957
1609381320,+3.39, +3.625, +0.169,+0.957
1609381380,+3.39, +3.625, +0.169,+0.957
1609381440,+3.39, +3.604, +0.170,+0.957
1609381500,+3.39, +3.614, +0.169,+0.957
1609381560,+3.39, +3.583, +0.170,+0.957
1609381620,+3.39, +3.614, +0.167,+0.957
1609381680,+3.39, +3.604, +0.169,+0.957
1609381740,+3.39, +3.614, +0.168,+0.957
1609381800,+3.40, +3.604, +0.170,+0.957
1609381860,+3.39, +3.614, +0.169,+0.957
1609381920,+3.39, +3.583, +0.170,+0.957
1609381980,+3.39, +3.614, +0.168,+0.957
1609382040,+3.39, +3.604, +0.169,+0.957
1609382100,+3.39, +3.604, +0.167,+0.957
1609382160,+3.39, +3.604, +0.169,+0.957
1609382220,+3.39, +3.635, +0.169,+0.957
1609382280,+3.39, +3.614, +0.167,+0.957
1609382340,+3.39, +3.614, +0.168,+0.957
1609382400,+3.39, +3.614, +0.168,+0.957
1609382460,+3.39, +3.604, +0.170,+0.957
1609382520,+3.39, +3.635, +0.166,+0.957
1609382580,+3.39, +3.604, +0.171,+0.957
1609382640,+3.39, +3.625, +0.169,+0.957
1609382700,+3.39, +3.614, +0.168,+0.956
1609382760,+3.39, +3.625, +0.169,+0.957
1609382820,+3.39, +3.594, +0.169,+0.957
1609382880,+3.39, +3.625, +0.168,+0.957
1609382940,+3.39, +3.604, +0.168,+0.957
1609383000,+3.39, +3.646, +0.167,+0.957
1609383060,+3.39, +3.604, +0.168,+0.957
1609383120,+3.39, +3.594, +0.169,+0.957
1609383180,+3.39, +3.604, +0.168,+0.957
1609383240,+3.39, +3.614, +0.168,+0.957
1609383300,+3.40, +3.594, +0.169,+0.957
1609383360,+3.39, +3.614, +0.168,+0.957
1609383420,+3.39, +3.625, +0.167,+0.957
1609383480,+3.39, +3.594, +0.170,+0.957
1609383540,+3.39, +3.646, +0.169,+0.957
1609383600,+3.39, +3.604, +0.168,+0.956
1609383660,+3.39, +3.635, +0.169,+0.957
1609383720,+3.39, +3.594, +0.170,+0.957
1609383780,+3.39, +3.604, +0.170,+0.957
1609383840,+3.39, +3.614, +0.169,+0.957
1609383900,+3.39, +3.614, +0.169,+0.957
1609383960,+3.39, +3.604, +0.169,+0.957
1609384020,+3.39, +3.614, +0.169,+0.957
1609384080,+3.39, +3.625, +0.170,+0.957
1609384140,+3.39, +3.625, +0.168,+0.957
1609384200,+3.39, +3.614, +0.167,+0.957
1609384260,+3.39, +3.614, +0.168,+0.957
1609384320,+3.39, +3.625, +0.169,+0.957
1609384380,+3.39, +3.625, +0.168,+0.956
1609384440,+3.39, +3.635, +0.167,+0.957
1609384500,+3.39, +3.635, +0.167,+0.957
1609384560,+3.39, +3.625, +0.168,+0.957
1609384620,+3.39, +3.604, +0.169,+0.957
1609384680,+3.39, +3.614, +0.168,+0.957
1609384740,+3.39, +3.594, +0.170,+0.957
1609384800,+3.39, +3.614, +0.168,+0.957
1609384860,+3.39, +3.635, +0.170,+0.957
1609384920,+3.39, +3.625, +0.169,+0.957
1609384980,+3.39, +3.625, +0.168,+0.957
1609385040,+3.39, +3.614, +0.169,+0.957
1609385100,+3.39, +3.625, +0.169,+0.957
1609385160,+3.39, +3.625, +0.167,+0.957
1609385220,+3.39, +3.583, +0.169,+0.957
1609385280,+3.39, +3.625, +0.167,+0.957
1609385340,+3.39, +3.594, +0.169,+0.957
1609385400,+3.40, +3.604, +0.170,+0.957
1609385460,+3.39, +3.625, +0.170,+0.957
1609385520,+3.39, +3.625, +0.168,+0.957
1609385580,+3.39, +3.614, +0.168,+0.957
1609385640,+3.39, +3.625, +0.166,+0.957
1609385700,+3.39, +3.583, +0.170,+0.957
1609385760,+3.39, +3.594, +0.169,+0.957
1609385820,+3.39, +3.625, +0.169,+0.957
1609385880,+3.39, +3.614, +0.170,+0.957
1609385940,+3.39, +3.625, +0.168,+0.957
1609386000,+3.39, +3.614, +0.169,+0.957
1609386060,+3.39, +3.604, +0.170,+0.957
1609386120,+3.39, +3.625, +0.168,+0.957
1609386180,+3.39, +3.594, +0.170,+0.957
1609386240,+3.39, +3.614, +0.168,+0.957
1609386300,+3.39, +3.625, +0.170,+0.957
1609386360,+3.39, +3.614, +0.168,+0.957
1609386420,+3.39, +3.614, +0.168,+0.957
1609386480,+3.39, +3.625, +0.168,+0.957
1609386540,+3.39, +3.614, +0.169,+0.957
1609386600,+3.39, +3.604, +0.169,+0.957
1609386660,+3.39, +3.614, +0.168,+0.957
1609386720,+3.39, +3.594, +0.169,+0.957
1609386780,+3.39, +3.635, +0.167,+0.957
1609386840,+3.39, +3.594, +0.168,+0.957
1609386900,+3.39, +3.625, +0.169,+0.957
1609386960,+3.39, +3.604, +0.168,+0.957
1609387020,+3.39, +3.614, +0.170,+0.957
1609387080,+3.39, +3.614, +0.171,+0.957
1609387140,+3.39, +3.583, +0.168,+0.957
1609387200,+3.39, +3.635, +0.168,+0.957
1609387260,+3.39, +3.614, +0.167,+0.957
1609387320,+3.39, +3.614, +0.167,+0.957
1609387380,+3.39, +3.614, +0.168,+0.957
1609387440,+3.39, +3.614, +0.168,+0.957
1609387500,+3.39, +3.614, +0.168,+0.957
1609387560,+3.39, +3.625, +0.167,+0.957
1609387620,+3.39, +3.614, +0.170,+0.957
1609387680,+3.39, +3.614, +0.168,+0.957
1609387740,+3.39, +3.625, +0.169,+0.957
1609387800,+3.39, +3.614, +0.169,+0.957
1609387860,+3.39, +3.614, +0.170,+0.957
1609387920,+3.39, +3.625, +0.167,+0.957
1609387980,+3.39, +3.625, +0.169,+0.957
1609388040,+3.39, +3.625, +0.169,+0.957
1609388100,+3.39, +3.583, +0.169,+0.956
1609388160,+3.39, +3.635, +0.169,+0.957
1609388220,+3.39, +3.614, +0.169,+0.957
1609388280,+3.39, +3.614, +0.169,+0.957
1609388340,+3.39, +3.614, +0.169,+0.957
1609388400,+3.39, +3.635, +0.169,+0.957
1609388460,+3.39, +3.594, +0.169,+0.957
1609388520,+3.39, +3.594, +0.168,+0.957
1609388580,+3.39, +3.625, +0.169,+0.957
1609388640,+3.39, +3.614, +0.169,+0.957
1609388700,+3.39, +3.583, +0.170,+0.957
1609388760,+3.39, +3.604, +0.168,+0.957
1609388820,+3.39, +3.604, +0.169,+0.956
1609388880,+3.39, +3.614, +0.170,+0.957
1609388940,+3.39, +3.614, +0.169,+0.957
1609389000,+3.39, +3.604, +0.170,+0.957
1609389060,+3.40, +3.625, +0.168,+0.957
1609389120,+3.39, +3.625, +0.168,+0.957
1609389180,+3.39, +3.594, +0.170,+0.957
1609389240,+3.39, +3.625, +0.167,+0.957
1609389300,+3.39, +3.562, +0.170,+0.957
1609389360,+3.39, +3.625, +0.170,+0.957
1609389420,+3.39, +3.604, +0.169,+0.957
1609389480,+3.39, +3.625, +0.167,+0.957
1609389540,+3.39, +3.614, +0.167,+0.957
1609389600,+3.39, +3.604, +0.168,+0.957
1609389660,+3.39, +3.625, +0.168,+0.957
1609389720,+3.39, +3.635, +0.169,+0.957
1609389780,+3.39, +3.614, +0.169,+0.957
1609389840,+3.39, +3.625, +0.167,+0.957
1609389900,+3.39, +3.625, +0.169,+0.957
1609389960,+3.39, +3.604, +0.168,+0.957
1609390020,+3.39, +3.625, +0.168,+0.956
1609390080,+3.39, +3.614, +0.168,+0.957
1609390140,+3.39, +3.614, +0.168,+0.957
1609390200,+3.39, +3.594, +0.170,+0.957
1609390260,+3.39, +3.614, +0.170,+0.957
1609390320,+3.39, +3.594, +0.169,+0.957
1609390380,+3.39, +3.625, +0.168,+0.957
1609390440,+3.39, +3.625, +0.168,+0.957
1609390500,+3.39, +3.625, +0.170,+0.957
1609390560,+3.39, +3.614, +0.169,+0.957
1609390620,+3.39, +3.614, +0.171,+0.957
1609390680,+3.39, +3.625, +0.166,+0.956
1609390740,+3.39, +3.614, +0.167,+0.956
1609390800,+3.39, +3.604, +0.170,+0.957
1609390860,+3.39, +3.614, +0.169,+0.957
1609390920,+3.39, +3.625, +0.167,+0.957
1609390980,+3.39, +3.614, +0.169,+0.957
1609391040,+3.39, +3.614, +0.168,+0.956
1609391100,+3.39, +3.614, +0.169,+0.957
1609391160,+3.39, +3.614, +0.168,+0.957
1609391220,+3.39, +3.646, +0.169,+0.957
1609391280,+3.39, +3.604, +0.169,+0.957
1609391340,+3.39, +3.594, +0.170,+0.957
1609391400,+3.39, +3.614, +0.168,+0.956
1609391460,+3.39, +3.646, +0.167,+0.957
1609391520,+3.39, +3.625, +0.169,+0.957
1609391580,+3.39, +3.635, +0.167,+0.956
1609391640,+3.39, +3.635, +0.169,+0.957
1609391700,+3.39, +3.635, +0.168,+0.957
1609391760,+3.39, +3.573, +0.169,+0.956
1609391820,+3.39, +3.635, +0.169,+0.957
1609391880,+3.39, +3.635, +0.168,+0.957
1609391940,+3.39, +3.604, +0.169,+0.957
1609392000,+3.39, +3.635, +0.168,+0.957
1609392060,+3.39, +3.614, +0.168,+0.957
1609392120,+3.39, +3.635, +0.168,+0.957
1609392180,+3.39, +3.646, +0.168,+0.957
1609392240,+3.39, +3.625, +0.166,+0.957
1609392300,+3.39, +3.614, +0.167,+0.956
1609392360,+3.39, +3.604, +0.169,+0.957
1609392420,+3.39, +3.625, +0.167,+0.957
1609392480,+3.39, +3.625, +0.168,+0.957
1609392540,+3.39, +3.604, +0.168,+0.957
1609392600,+3.39, +3.635, +0.168,+0.957
1609392660,+3.39, +3.614, +0.167,+0.956
1609392720,+3.39, +3.614, +0.169,+0.957
1609392780,+3.39, +3.635, +0.169,+0.957
1609392840,+3.39, +3.604, +0.168,+0.957
1609392900,+3.39, +3.635, +0.169,+0.957
1609392960,+3.39, +3.625, +0.168,+0.957
1609393020,+3.39, +3.625, +0.168,+0.957
1609393080,+3.39, +3.583, +0.170,+0.957
1609393140,+3.39, +3.604, +0.169,+0.957
1609393200,+3.39, +3.614, +0.167,+0.956
1609393260,+3.39, +3.614, +0.169,+0.957
1609393320,+3.39, +3.594, +0.170,+0.957
1609393380,+3.39, +3.604, +0.170,+0.957
1609393440,+3.39, +3.614, +0.168,+0.956
1609393500,+3.39, +3.604, +0.169,+0.957
1609393560,+3.39, +3.614, +0.168,+0.957
1609393620,+3.39, +3.614, +0.169,+0.957
1609393680,+3.39, +3.625, +0.168,+0.957
1609393740,+3.39, +3.625, +0.168,+0.957
1609393800,+3.39, +3.625, +0.167,+0.956
1609393860,+3.39, +3.614, +0.168,+0.957
1609393920,+3.39, +3.625, +0.168,+0.957
1609393980,+3.39, +3.594, +0.168,+0.957
1609394040,+3.39, +3.625, +0.167,+0.956
1609394100,+3.39, +3.625, +0.169,+0.957
1609394160,+3.39, +3.604, +0.171,+0.957
1609394220,+3.39, +3.614, +0.169,+0.957
1609394280,+3.39, +3.625, +0.169,+0.957
1609394340,+3.39, +3.625, +0.168,+0.957
1609394400,+3.39, +3.646, +0.169,+0.957
1609394460,+3.39, +3.604, +0.170,+0.957
1609394520,+3.39, +3.625, +0.168,+0.957
1609394580,+3.39, +3.594, +0.169,+0.956
1609394640,+3.39, +3.614, +0.169,+0.957
1609394700,+3.39, +3.625, +0.168,+0.956
1609394760,+3.39, +3.625, +0.168,+0.956
1609394820,+3.39, +3.604, +0.169,+0.957
1609394880,+3.39, +3.635, +0.169,+0.957
1609394940,+3.39, +3.604, +0.169,+0.956
1609395000,+3.40, +3.625, +0.168,+0.957
1609395060,+3.39, +3.614, +0.169,+0.957
1609395120,+3.39, +3.635, +0.169,+0.957
1609395180,+3.39, +3.625, +0.168,+0.957
1609395240,+3.39, +3.625, +0.169,+0.957
1609395300,+3.39, +3.625, +0.167,+0.956
1609395360,+3.39, +3.614, +0.169,+0.957
1609395420,+3.39, +3.625, +0.169,+0.957
1609395480,+3.39, +3.604, +0.169,+0.957
1609395540,+3.39, +3.614, +0.168,+0.956
1609395600,+3.39, +3.604, +0.170,+0.957
1609395660,+3.39, +3.625, +0.168,+0.957
1609395720,+3.39, +3.614, +0.169,+0.956
1609395780,+3.39, +3.604, +0.169,+0.957
1609395840,+3.40, +3.604, +0.169,+0.957
1609395900,+3.39, +3.604, +0.169,+0.957
1609395960,+3.40, +3.604, +0.168,+0.957
1609396020,+3.39, +3.646, +0.168,+0.957
1609396080,+3.39, +3.656, +0.167,+0.957
1609396140,+3.39, +3.625, +0.168,+0.956
1609396200,+3.39, +3.646, +0.168,+0.957
1609396260,+3.39, +3.614, +0.168,+0.957
1609396320,+3.39, +3.635, +0.168,+0.957
1609396380,+3.39, +3.604, +0.170,+0.957
1609396440,+3.39, +3.635, +0.170,+0.957
1609396500,+3.39, +3.646, +0.166,+0.957
1609396560,+3.39, +3.604, +0.170,+0.957
1609396620,+3.39, +3.614, +0.168,+0.957
1609396680,+3.39, +3.635, +0.169,+0.957
1609396740,+3.39, +3.614, +0.168,+0.957
1609396800,+3.39, +3.625, +0.166,+0.956
1609396860,+3.39, +3.583, +0.169,+0.956
1609396920,+3.39, +3.614, +0.169,+0.957
1609396980,+3.39, +3.625, +0.170,+0.956
1609397040,+3.39, +3.614, +0.169,+0.957
1609397100,+3.39, +3.614, +0.167,+0.957
1609397160,+3.39, +3.614, +0.168,+0.956
1609397220,+3.39, +3.604, +0.169,+0.957
1609397280,+3.39, +3.635, +0.166,+0.956
1609397340,+3.39, +3.625, +0.169,+0.957
1609397400,+3.39, +3.635, +0.168,+0.957
1609397460,+3.39, +3.625, +0.169,+0.957
1609397520,+3.39, +3.614, +0.168,+0.956
1609397580,+3.39, +3.614, +0.170,+0.957
1609397640,+3.39, +3.614, +0.168,+0.957
1609397700,+3.39, +3.635, +0.168,+0.957
1609397760,+3.39, +3.594, +0.170,+0.957
1609397820,+3.39, +3.604, +0.169,+0.957
1609397880,+3.39, +3.614, +0.168,+0.957
1609397940,+3.39, +3.604, +0.170,+0.957
1609398000,+3.39, +3.614, +0.169,+0.957
1609398060,+3.39, +3.635, +0.168,+0.957
1609398120,+3.39, +3.614, +0.168,+0.956
1609398180,+3.39, +3.625, +0.168,+0.957
1609398240,+3.39, +3.635, +0.167,+0.957
1609398300,+3.39, +3.646, +0.168,+0.957
1609398360,+3.39, +3.625, +0.168,+0.957
1609398420,+3.39, +3.614, +0.168,+0.957
1609398480,+3.40, +3.635, +0.171,+0.957
1609398540,+3.39, +3.604, +0.169,+0.957
1609398600,+3.39, +3.594, +0.170,+0.957
1609398660,+3.39, +3.594, +0.168,+0.956
1609398720,+3.39, +3.614, +0.167,+0.956
1609398780,+3.39, +3.625, +0.169,+0.957
1609398840,+3.39, +3.583, +0.169,+0.956
1609398900,+3.39, +3.625, +0.169,+0.957
1609398960,+3.39, +3.614, +0.168,+0.956
1609399020,+3.39, +3.625, +0.169,+0.957
1609399080,+3.39, +3.614, +0.168,+0.957
1609399140,+3.39, +3.604, +0.170,+0.957
1609399200,+3.39, +3.614, +0.168,+0.957
1609399260,+3.39, +3.646, +0.168,+0.957
1609399320,+3.39, +3.625, +0.169,+0.957
1609399380,+3.39, +3.614, +0.166,+0.956
1609399440,+3.39, +3.635, +0.168,+0.957
1609399500,+3.39, +3.635, +0.169,+0.957
1609399560,+3.39, +3.625, +0.168,+0.957
1609399620,+3.40, +3.625, +0.167,+0.956
1609399680,+3.39, +3.614, +0.169,+0.957
1609399740,+3.39, +3.614, +0.170,+0.957
1609399800,+3.39, +3.614, +0.168,+0.956
1609399860,+3.39, +3.625, +0.169,+0.957
1609399920,+3.39, +3.594, +0.169,+0.957
1609399980,+3.39, +3.646, +0.168,+0.957
1609400040,+3.39, +3.614, +0.168,+0.957
1609400100,+3.39, +3.614, +0.167,+0.957
1609400160,+3.40, +3.646, +0.167,+0.957
1609400220,+3.39, +3.614, +0.168,+0.957
1609400280,+3.39, +3.625, +0.166,+0.956
1609400340,+3.39, +3.625, +0.168,+0.957
1609400400,+3.39, +3.625, +0.170,+0.957
1609400460,+3.39, +3.625, +0.169,+0.957
1609400520,+3.39, +3.635, +0.169,+0.957
1609400580,+3.39, +3.552, +0.170,+0.956
1609400640,+3.39, +3.614, +0.167,+0.957
1609400700,+3.39, +3.625, +0.168,+0.957
1609400760,+3.39, +3.604, +0.169,+0.957
1609400820,+3.39, +3.656, +0.169,+0.957
1609400880,+3.39, +3.614, +0.167,+0.957
1609400940,+3.39, +3.604, +0.169,+0.957
1609401000,+3.39, +3.625, +0.168,+0.957
1609401060,+3.39, +3.614, +0.168,+0.957
1609401120,+3.39, +3.635, +0.169,+0.957
1609401180,+3.39, +3.604, +0.169,+0.957
1609401240,+3.39, +3.552, +0.169,+0.956
1609401300,+3.39, +3.635, +0.169,+0.957
1609401360,+3.39, +3.614, +0.168,+0.957
1609401420,+3.39, +3.583, +0.169,+0.957
1609401480,+3.39, +3.625, +0.170,+0.957
1609401540,+3.39, +3.614, +0.168,+0.956
1609401600,+3.39, +3.604, +0.169,+0.957
1609401660,+3.39, +3.646, +0.169,+0.957
1609401720,+3.39, +3.635, +0.168,+0.957
1609401780,+3.39, +3.625, +0.170,+0.957
1609401840,+3.39, +3.573, +0.168,+0.956
1609401900,+3.39, +3.625, +0.168,+0.957
1609401960,+3.39, +3.604, +0.169,+0.956
1609402020,+3.39, +3.614, +0.168,+0.956
1609402080,+3.39, +3.594, +0.169,+0.956
1609402140,+3.39, +3.614, +0.169,+0.957
1609402200,+3.39, +3.625, +0.169,+0.957
1609402260,+3.39, +3.625, +0.169,+0.957
1609402320,+3.39, +3.594, +0.169,+0.957
1609402380,+3.39, +3.614, +0.167,+0.956
1609402440,+3.39, +3.594, +0.170,+0.956
1609402500,+3.39, +3.625, +0.168,+0.957
1609402560,+3.39, +3.614, +0.169,+0.957
1609402620,+3.39, +3.614, +0.169,+0.957
1609402680,+3.39, +3.625, +0.168,+0.957
1609402740,+3.39, +3.625, +0.169,+0.957
1609402800,+3.39, +3.625, +0.169,+0.957
1609402860,+3.39, +3.625, +0.168,+0.956
1609402920,+3.39, +3.625, +0.168,+0.957
1609402980,+3.39, +3.594, +0.169,+0.957
1609403040,+3.39, +3.646, +0.169,+0.957
1609403100,+3.39, +3.604, +0.168,+0.956
1609403160,+3.39, +3.635, +0.168,+0.957
1609403220,+3.39, +3.625, +0.168,+0.957
1609403280,+3.39, +3.635, +0.169,+0.957
1609403340,+3.39, +3.635, +0.168,+0.956
1609403400,+3.39, +3.646, +0.168,+0.957
1609403460,+3.40, +3.614, +0.168,+0.956
1609403520,+3.39, +3.614, +0.168,+0.957
1609403580,+3.39, +3.625, +0.169,+0.957
1609403640,+3.39, +3.625, +0.168,+0.956
1609403700,+3.39, +3.614, +0.168,+0.956
1609403760,+3.39, +3.614, +0.169,+0.957
1609403820,+3.39, +3.625, +0.168,+0.957
1609403880,+3.39, +3.594, +0.168,+0.957
1609403940,+3.39, +3.614, +0.170,+0.956
1609404000,+3.39, +3.614, +0.168,+0.957
1609404060,+3.39, +3.625, +0.169,+0.957
1609404120,+3.39, +3.614, +0.170,+0.957
1609404180,+3.39, +3.635, +0.168,+0.957
1609404240,+3.39, +3.625, +0.168,+0.956
1609404300,+3.39, +3.614, +0.168,+0.956
1609404360,+3.39, +3.646, +0.168,+0.957
1609404420,+3.39, +3.604, +0.169,+0.957
1609404480,+3.39, +3.646, +0.169,+0.957
1609404540,+3.39, +3.646, +0.168,+0.957
1609404600,+3.39, +3.625, +0.169,+0.957
1609404660,+3.39, +3.646, +0.168,+0.957
1609404720,+3.39, +3.635, +0.168,+0.956
1609404780,+3.39, +3.635, +0.167,+0.957
1609404840,+3.39, +3.614, +0.169,+0.957
1609404900,+3.39, +3.625, +0.168,+0.956
1609404960,+3.39, +3.604, +0.169,+0.956
1609405020,+3.39, +3.635, +0.169,+0.957
1609405080,+3.39, +3.625, +0.169,+0.957
1609405140,+3.39, +3.635, +0.167,+0.957
1609405200,+3.39, +3.625, +0.169,+0.957
1609405260,+3.39, +3.635, +0.169,+0.957
1609405320,+3.39, +3.604, +0.169,+0.956
1609405380,+3.40, +3.635, +0.168,+0.957
1609405440,+3.39, +3.614, +0.168,+0.957
1609405500,+3.39, +3.635, +0.168,+0.957
1609405560,+3.39, +3.625, +0.169,+0.957
1609405620,+3.39, +3.625, +0.167,+0.957
1609405680,+3.39, +3.625, +0.167,+0.957
1609405740,+3.39, +3.625, +0.169,+0.957
1609405800,+3.39, +3.614, +0.167,+0.957
1609405860,+3.39, +3.646, +0.168,+0.957
1609405920,+3.39, +3.614, +0.168,+0.957
1609405980,+3.39, +3.604, +0.169,+0.957
1609406040,+3.39, +3.625, +0.168,+0.956
1609406100,+3.39, +3.635, +0.167,+0.957
1609406160,+3.39, +3.646, +0.168,+0.957
1609406220,+3.39, +3.614, +0.170,+0.957
1609406280,+3.39, +3.635, +0.171,+0.957
1609406340,+3.39, +3.594, +0.169,+0.956
1609406400,+3.39, +3.604, +0.169,+0.957
1609406460,+3.39, +3.646, +0.167,+0.957
1609406520,+3.39, +3.614, +0.168,+0.957
1609406580,+3.39, +3.614, +0.169,+0.957
1609406640,+3.39, +3.625, +0.169,+0.957
1609406700,+3.39, +3.614, +0.169,+0.957
1609406760,+3.39, +3.614, +0.168,+0.957
1609406820,+3.39, +3.604, +0.170,+0.957
1609406880,+3.39, +3.625, +0.168,+0.957
1609406940,+3.39, +3.625, +0.168,+0.957
1609407000,+3.39, +3.646, +0.168,+0.957
1609407060,+3.39, +3.614, +0.169,+0.957
1609407120,+3.39, +3.625, +0.167,+0.956
1609407180,+3.39, +3.604, +0.169,+0.956
1609407240,+3.39, +3.614, +0.168,+0.957
1609407300,+3.39, +3.614, +0.167,+0.957
1609407360,+3.39, +3.604, +0.170,+0.957
1609407420,+3.39, +3.625, +0.168,+0.957
1609407480,+3.39, +3.604, +0.169,+0.957
1609407540,+3.39, +3.635, +0.169,+0.957
1609407600,+3.39, +3.635, +0.169,+0.957
1609407660,+3.39, +3.614, +0.168,+0.956
1609407720,+3.39, +3.625, +0.167,+0.957
1609407780,+3.39, +3.625, +0.167,+0.956
1609407840,+3.39, +3.635, +0.167,+0.956
1609407900,+3.39, +3.614, +0.168,+0.957
1609407960,+3.39, +3.635, +0.168,+0.957
1609408020,+3.39, +3.646, +0.168,+0.957
1609408080,+3.39, +3.635, +0.167,+0.957
1609408140,+3.39, +3.625, +0.168,+0.957
1609408200,+3.39, +3.635, +0.168,+0.957
1609408260,+3.39, +3.594, +0.170,+0.957
1609408320,+3.39, +3.635, +0.168,+0.957
1609408380,+3.39, +3.614, +0.169,+0.957
1609408440,+3.39, +3.614, +0.169,+0.956
1609408500,+3.39, +3.625, +0.170,+0.957
1609408560,+3.39, +3.625, +0.168,+0.957
1609408620,+3.39, +3.614, +0.168,+0.957
1609408680,+3.39, +3.541, +0.171,+0.957
1609408740,+3.39, +3.594, +0.169,+0.957
1609408800,+3.39, +3.625, +0.167,+0.957
1609408860,+3.39, +3.656, +0.168,+0.957
1609408920,+3.40, +3.635, +0.167,+0.956
1609408980,+3.39, +3.635, +0.169,+0.957
1609409040,+3.39, +3.635, +0.169,+0.957
1609409100,+3.39, +3.635, +0.169,+0.957
1609409160,+3.39, +3.635, +0.168,+0.956
1609409220,+3.39, +3.614, +0.170,+0.957
1609409280,+3.39, +3.656, +0.168,+0.957
1609409340,+3.39, +3.625, +0.168,+0.957
1609409400,+3.39, +3.625, +0.170,+0.957
1609409460,+3.39, +3.614, +0.170,+0.957
1609409520,+3.39, +3.594, +0.168,+0.957
1609409580,+3.39, +3.635, +0.167,+0.957
1609409640,+3.39, +3.646, +0.168,+0.957
1609409700,+3.39, +3.646, +0.167,+0.957
1609409760,+3.39, +3.646, +0.167,+0.957
1609409820,+3.39, +3.614, +0.169,+0.957
1609409880,+3.39, +3.635, +0.168,+0.957
1609409940,+3.39, +3.614, +0.169,+0.956
1609410000,+3.39, +3.614, +0.167,+0.957
1609410060,+3.39, +3.625, +0.167,+0.957
1609410120,+3.39, +3.604, +0.169,+0.957
1609410180,+3.39, +3.614, +0.169,+0.957
1609410240,+3.39, +3.604, +0.169,+0.957
1609410300,+3.39, +3.604, +0.170,+0.957
1609410360,+3.39, +3.625, +0.169,+0.957
1609410420,+3.39, +3.635, +0.168,+0.957
1609410480,+3.39, +3.614, +0.168,+0.956
1609410540,+3.39, +3.594, +0.167,+0.956
1609410600,+3.39, +3.635, +0.167,+0.956
1609410660,+3.39, +3.646, +0.169,+0.957
1609410720,+3.39, +3.625, +0.169,+0.957
1609410780,+3.39, +3.625, +0.168,+0.957
1609410840,+3.39, +3.635, +0.169,+0.957
1609410900,+3.39, +3.646, +0.168,+0.957
1609410960,+3.40, +3.614, +0.170,+0.957
1609411020,+3.39, +3.625, +0.168,+0.956
1609411080,+3.39, +3.614, +0.168,+0.956
1609411140,+3.39, +3.614, +0.170,+0.957
1609411200,+3.39, +3.614, +0.168,+0.957
1609411260,+3.39, +3.583, +0.169,+0.957
1609411320,+3.39, +3.614, +0.171,+0.957
1609411380,+3.39, +3.635, +0.168,+0.957
1609411440,+3.39, +3.635, +0.167,+0.957
1609411500,+3.39, +3.635, +0.170,+0.957
1609411560,+3.39, +3.614, +0.168,+0.956
1609411620,+3.39, +3.625, +0.166,+0.956
1609411680,+3.39, +3.625, +0.169,+0.957
1609411740,+3.39, +3.625, +0.170,+0.957
1609411800,+3.39, +3.614, +0.170,+0.957
1609411860,+3.39, +3.604, +0.169,+0.957
1609411920,+3.39, +3.625, +0.168,+0.956
1609411980,+3.39, +3.635, +0.167,+0.957
1609412040,+3.39, +3.625, +0.168,+0.957
1609412100,+3.39, +3.646, +0.168,+0.957
1609412160,+3.39, +3.635, +0.169,+0.957
1609412220,+3.39, +3.604, +0.169,+0.957
1609412280,+3.39, +3.635, +0.167,+0.956
1609412340,+3.39, +3.625, +0.169,+0.957
1609412400,+3.39, +3.635, +0.169,+0.957
1609412460,+3.39, +3.635, +0.169,+0.957
1609412520,+3.39, +3.646, +0.169,+0.957
1609412580,+3.39, +3.614, +0.168,+0.957
1609412640,+3.39, +3.625, +0.167,+0.957
1609412700,+3.39, +3.635, +0.168,+0.957
1609412760,+3.39, +3.604, +0.169,+0.957
1609412820,+3.39, +3.625, +0.166,+0.957
1609412880,+3.40, +3.635, +0.169,+0.957
1609412940,+3.39, +3.635, +0.170,+0.957
1609413000,+3.39, +3.614, +0.169,+0.957
1609413060,+3.39, +3.614, +0.170,+0.957
1609413120,+3.39, +3.625, +0.168,+0.957
1609413180,+3.39, +3.594, +0.169,+0.957
1609413240,+3.39, +3.635, +0.166,+0.956
1609413300,+3.39, +3.635, +0.167,+0.957
1609413360,+3.39, +3.635, +0.167,+0.956
1609413420,+3.39, +3.646, +0.168,+0.957
1609413480,+3.39, +3.625, +0.168,+0.957
1609413540,+3.39, +3.625, +0.167,+0.957
1609413600,+3.39, +3.614, +0.169,+0.957
1609413660,+3.39, +3.604, +0.169,+0.957
1609413720,+3.39, +3.667, +0.167,+0.957
1609413780,+3.39, +3.604, +0.167,+0.957
1609413840,+3.39, +3.614, +0.168,+0.957
1609413900,+3.39, +3.604, +0.170,+0.957
1609413960,+3.39, +3.625, +0.169,+0.957
1609414020,+3.39, +3.646, +0.168,+0.957
1609414080,+3.39, +3.635, +0.168,+0.957
1609414140,+3.39, +3.594, +0.170,+0.957
1609414200,+3.39, +3.614, +0.168,+0.957
1609414260,+3.39, +3.614, +0.168,+0.957
1609414320,+3.39, +3.625, +0.168,+0.957
1609414380,+3.39, +3.625, +0.169,+0.957
1609414440,+3.39, +3.614, +0.169,+0.956
1609414500,+3.39, +3.614, +0.169,+0.957
1609414560,+3.39, +3.604, +0.167,+0.957
1609414620,+3.39, +3.635, +0.168,+0.957
1609414680,+3.39, +3.604, +0.171,+0.957
1609414740,+3.39, +3.635, +0.167,+0.957
1609414800,+3.39, +3.635, +0.169,+0.957
1609414860,+3.39, +3.604, +0.169,+0.957
1609414920,+3.39, +3.625, +0.168,+0.957
1609414980,+3.39, +3.625, +0.168,+0.957
1609415040,+3.39, +3.646, +0.169,+0.957
1609415100,+3.39, +3.625, +0.170,+0.957
1609415160,+3.39, +3.656, +0.168,+0.957
1609415220,+3.39, +3.604, +0.169,+0.957
1609415280,+3.39, +3.614, +0.169,+0.957
1609415340,+3.39, +3.667, +0.169,+0.957
1609415400,+3.39, +3.625, +0.170,+0.957
1609415460,+3.39, +3.625, +0.168,+0.957
1609415520,+3.39, +3.604, +0.167,+0.956
1609415580,+3.39, +3.614, +0.166,+0.957
1609415640,+3.39, +3.604, +0.169,+0.957
1609415700,+3.39, +3.635, +0.168,+0.957
1609415760,+3.39, +3.604, +0.169,+0.957
1609415820,+3.39, +3.614, +0.169,+0.957
1609415880,+3.39, +3.614, +0.169,+0.957
1609415940,+3.39, +3.646, +0.168,+0.957
1609416000,+3.39, +3.656, +0.167,+0.957
1609416060,+3.39, +3.625, +0.169,+0.957
1609416120,+3.39, +3.625, +0.169,+0.957
1609416180,+3.39, +3.635, +0.168,+0.957
1609416240,+3.39, +3.625, +0.169,+0.957
1609416300,+3.39, +3.635, +0.167,+0.957
1609416360,+3.39, +3.625, +0.169,+0.957
1609416420,+3.39, +3.635, +0.169,+0.957
1609416480,+3.39, +3.614, +0.169,+0.957
1609416540,+3.39, +3.635, +0.169,+0.957
1609416600,+3.39, +3.614, +0.169,+0.957
1609416660,+3.39, +3.646, +0.168,+0.957
1609416720,+3.39, +3.625, +0.168,+0.957
1609416780,+3.39, +3.625, +0.169,+0.957
1609416840,+3.39, +3.614, +0.168,+0.957
1609416900,+3.39, +3.594, +0.170,+0.957
1609416960,+3.39, +3.635, +0.168,+0.957
1609417020,+3.39, +3.646, +0.170,+0.957
1609417080,+3.39, +3.604, +0.168,+0.957
1609417140,+3.39, +3.646, +0.169,+0.957
1609417200,+3.39, +3.614, +0.167,+0.957
1609417260,+3.39, +3.614, +0.168,+0.957
1609417320,+3.39, +3.646, +0.169,+0.957
1609417380,+3.39, +3.635, +0.168,+0.957
1609417440,+3.39, +3.635, +0.168,+0.957
1609417500,+3.39, +3.604, +0.168,+0.957
1609417560,+3.39, +3.614, +0.168,+0.957
1609417620,+3.39, +3.625, +0.168,+0.957
1609417680,+3.39, +3.604, +0.167,+0.957
1609417740,+3.39, +3.625, +0.168,+0.957
1609417800,+3.39, +3.635, +0.169,+0.957
1609417860,+3.39, +3.625, +0.169,+0.957
1609417920,+3.39, +3.614, +0.169,+0.957
1609417980,+3.39, +3.625, +0.170,+0.957
1609418040,+3.39, +3.625, +0.169,+0.957
1609418100,+3.39, +3.635, +0.168,+0.957
1609418160,+3.39, +3.614, +0.168,+0.956
1609418220,+3.39, +3.594, +0.168,+0.957
1609418280,+3.39, +3.614, +0.167,+0.956
1609418340,+3.39, +3.646, +0.168,+0.957
1609418400,+3.39, +3.625, +0.169,+0.957
1609418460,+3.39, +3.614, +0.169,+0.957
1609418520,+3.39, +3.646, +0.167,+0.957
1609418580,+3.39, +3.635, +0.168,+0.957
1609418640,+3.39, +3.594, +0.169,+0.957
1609418700,+3.39, +3.635, +0.169,+0.957
1609418760,+3.39, +3.625, +0.167,+0.957
1609418820,+3.39, +3.625, +0.169,+0.957
1609418880,+3.39, +3.604, +0.168,+0.957
1609418940,+3.39, +3.614, +0.168,+0.956
1609419000,+3.39, +3.614, +0.168,+0.957
1609419060,+3.39, +3.625, +0.167,+0.957
1609419120,+3.39, +3.635, +0.168,+0.957
1609419180,+3.39, +3.604, +0.168,+0.957
1609419240,+3.39, +3.625, +0.168,+0.957
1609419300,+3.39, +3.604, +0.168,+0.957
1609419360,+3.39, +3.625, +0.169,+0.957
1609419420,+3.39, +3.604, +0.169,+0.957
1609419480,+3.39, +3.594, +0.169,+0.957
1609419540,+3.39, +3.635, +0.168,+0.957
1609419600,+3.39, +3.594, +0.169,+0.957
1609419660,+3.39, +3.614, +0.168,+0.956
1609419720,+3.39, +3.614, +0.169,+0.957
1609419780,+3.39, +3.625, +0.167,+0.957
1609419840,+3.39, +3.625, +0.169,+0.957
1609419900,+3.39, +3.635, +0.167,+0.957
1609419960,+3.39, +3.614, +0.169,+0.957
1609420020,+3.39, +3.614, +0.169,+0.957
1609420080,+3.39, +3.614, +0.169,+0.957
1609420140,+3.39, +3.646, +0.167,+0.957
1609420200,+3.39, +3.635, +0.170,+0.957
1609420260,+3.39, +3.614, +0.168,+0.957
1609420320,+3.39, +3.635, +0.169,+0.957
1609420380,+3.39, +3.614, +0.168,+0.957
1609420440,+3.39, +3.646, +0.167,+0.957
1609420500,+3.39, +3.614, +0.168,+0.957
1609420560,+3.39, +3.614, +0.168,+0.957
1609420620,+3.39, +3.614, +0.169,+0.957
1609420680,+3.39, +3.625, +0.169,+0.957
1609420740,+3.39, +3.635, +0.169,+0.957
1609420800,+3.39, +3.614, +0.169,+0.957
1609420860,+3.39, +3.594, +0.170,+0.957
1609420920,+3.39, +3.635, +0.168,+0.957
1609420980,+3.39, +3.635, +0.170,+0.957
1609421040,+3.39, +3.604, +0.168,+0.957
1609421100,+3.39, +3.614, +0.168,+0.957
1609421160,+3.39, +3.604, +0.167,+0.957
1609421220,+3.39, +3.594, +0.168,+0.956
1609421280,+3.39, +3.656, +0.168,+0.957
1609421340,+3.39, +3.635, +0.167,+0.957
1609421400,+3.39, +3.625, +0.167,+0.956
1609421460,+3.39, +3.614, +0.169,+0.957
1609421520,+3.39, +3.625, +0.167,+0.957
1609421580,+3.39, +3.614, +0.168,+0.956
1609421640,+3.39, +3.625, +0.169,+0.957
1609421700,+3.39, +3.625, +0.168,+0.957
1609421760,+3.39, +3.614, +0.169,+0.957
1609421820,+3.39, +3.635, +0.167,+0.957
1609421880,+3.39, +3.625, +0.169,+0.957
1609421940,+3.39, +3.635, +0.168,+0.957
1609422000,+3.39, +3.614, +0.169,+0.957
1609422060,+3.39, +3.646, +0.168,+0.957
1609422120,+3.39, +3.614, +0.169,+0.957
1609422180,+3.39, +3.604, +0.169,+0.957
1609422240,+3.39, +3.625, +0.168,+0.957
1609422300,+3.39, +3.656, +0.169,+0.957
1609422360,+3.39, +3.635, +0.169,+0.957
1609422420,+3.39, +3.614, +0.169,+0.957
1609422480,+3.39, +3.646, +0.169,+0.957
1609422540,+3.39, +3.635, +0.168,+0.957
1609422600,+3.39, +3.625, +0.168,+0.957
1609422660,+3.39, +3.541, +0.168,+0.956
1609422720,+3.39, +3.614, +0.168,+0.957
1609422780,+3.39, +3.604, +0.168,+0.957
1609422840,+3.39, +3.635, +0.169,+0.957
1609422900,+3.39, +3.635, +0.169,+0.957
1609422960,+3.39, +3.614, +0.169,+0.957
1609423020,+3.39, +3.614, +0.168,+0.957
1609423080,+3.39, +3.656, +0.169,+0.957
1609423140,+3.39, +3.646, +0.169,+0.957
1609423200,+3.39, +3.614, +0.168,+0.957
1609423260,+3.39, +3.604, +0.170,+0.956
1609423320,+3.39, +3.625, +0.168,+0.957
1609423380,+3.39, +3.625, +0.168,+0.957
1609423440,+3.39, +3.614, +0.168,+0.957
1609423500,+3.39, +3.635, +0.168,+0.957
1609423560,+3.39, +3.635, +0.168,+0.957
1609423620,+3.39, +3.625, +0.168,+0.956
1609423680,+3.39, +3.646, +0.168,+0.957
1609423740,+3.39, +3.625, +0.168,+0.957
1609423800,+3.39, +3.594, +0.168,+0.957
1609423860,+3.39, +3.635, +0.168,+0.957
1609423920,+3.39, +3.614, +0.168,+0.957
1609423980,+3.39, +3.614, +0.168,+0.957
1609424040,+3.39, +3.625, +0.168,+0.957
1609424100,+3.39, +3.614, +0.168,+0.957
1609424160,+3.39, +3.635, +0.168,+0.957
1609424220,+3.39, +3.635, +0.168,+0.957
1609424280,+3.39, +3.625, +0.169,+0.957
1609424340,+3.39, +3.604, +0.169,+0.957
1609424400,+3.39, +3.604, +0.169,+0.957
1609424460,+3.39, +3.614, +0.168,+0.956
1609424520,+3.39, +3.604, +0.168,+0.957
1609424580,+3.39, +3.604, +0.169,+0.957
1609424640,+3.39, +3.625, +0.169,+0.957
1609424700,+3.39, +3.614, +0.167,+0.957
1609424760,+3.39, +3.625, +0.169,+0.957
1609424820,+3.39, +3.594, +0.167,+0.957
1609424880,+3.39, +3.604, +0.169,+0.957
1609424940,+3.39, +3.635, +0.167,+0.957
1609425000,+3.39, +3.625, +0.168,+0.957
1609425060,+3.39, +3.625, +0.169,+0.957
1609425120,+3.39, +3.635, +0.168,+0.957
1609425180,+3.39, +3.625, +0.169,+0.957
1609425240,+3.39, +3.667, +0.168,+0.957
1609425300,+3.39, +3.594, +0.169,+0.957
1609425360,+3.39, +3.604, +0.170,+0.957
1609425420,+3.39, +3.635, +0.168,+0.957
1609425480,+3.39, +3.614, +0.169,+0.957
1609425540,+3.39, +3.625, +0.169,+0.957
1609425600,+3.39, +3.635, +0.169,+0.957
1609425660,+3.39, +3.604, +0.169,+0.957
1609425720,+3.39, +3.625, +0.169,+0.957
1609425780,+3.39, +3.614, +0.171,+0.957
1609425840,+3.39, +3.625, +0.167,+0.956
1609425900,+3.39, +3.625, +0.169,+0.957
1609425960,+3.39, +3.625, +0.169,+0.957
1609426020,+3.39, +3.614, +0.170,+0.957
1609426080,+3.39, +3.625, +0.169,+0.957
1609426140,+3.39, +3.614, +0.169,+0.957
1609426200,+3.39, +3.635, +0.170,+0.957
1609426260,+3.39, +3.646, +0.169,+0.957
1609426320,+3.39, +3.646, +0.169,+0.957
1609426380,+3.39, +3.614, +0.169,+0.957
1609426440,+3.39, +3.635, +0.169,+0.956
1609426500,+3.39, +3.614, +0.170,+0.957
1609426560,+3.39, +3.614, +0.168,+0.956
1609426620,+3.39, +3.625, +0.168,+0.957
1609426680,+3.39, +3.625, +0.169,+0.957
1609426740,+3.39, +3.656, +0.168,+0.957
1609426800,+3.39, +3.646, +0.168,+0.957
1609426860,+3.39, +3.614, +0.169,+0.957
1609426920,+3.39, +3.625, +0.168,+0.957
1609426980,+3.40, +3.604, +0.168,+0.957
1609427040,+3.39, +3.594, +0.169,+0.957
1609427100,+3.39, +3.604, +0.169,+0.957
1609427160,+3.39, +3.635, +0.169,+0.957
1609427220,+3.39, +3.614, +0.167,+0.957
1609427280,+3.39, +3.625, +0.169,+0.957
1609427340,+3.39, +3.614, +0.167,+0.957
1609427400,+3.39, +3.614, +0.168,+0.957
1609427460,+3.39, +3.625, +0.170,+0.957
1609427520,+3.39, +3.635, +0.168,+0.957
1609427580,+3.39, +3.646, +0.167,+0.956
1609427640,+3.39, +3.614, +0.169,+0.957
1609427700,+3.39, +3.646, +0.168,+0.957
1609427760,+3.39, +3.635, +0.167,+0.957
1609427820,+3.39, +3.594, +0.168,+0.956
1609427880,+3.39, +3.625, +0.167,+0.956
1609427940,+3.39, +3.614, +0.169,+0.957
1609428000,+3.39, +3.604, +0.169,+0.957
1609428060,+3.39, +3.635, +0.169,+0.957
1609428120,+3.39, +3.562, +0.169,+0.956
1609428180,+3.39, +3.614, +0.168,+0.957
1609428240,+3.39, +3.614, +0.168,+0.957
1609428300,+3.39, +3.625, +0.168,+0.957
1609428360,+3.39, +3.614, +0.169,+0.957
1609428420,+3.39, +3.614, +0.169,+0.957
1609428480,+3.39, +3.625, +0.167,+0.957
1609428540,+3.39, +3.635, +0.169,+0.957
1609428600,+3.39, +3.625, +0.169,+0.957
1609428660,+3.39, +3.656, +0.169,+0.957
1609428720,+3.39, +3.635, +0.168,+0.957
1609428780,+3.39, +3.604, +0.170,+0.957
1609428840,+3.39, +3.646, +0.168,+0.957
1609428900,+3.39, +3.635, +0.168,+0.957
1609428960,+3.39, +3.614, +0.169,+0.957
1609429020,+3.39, +3.604, +0.170,+0.957
1609429080,+3.39, +3.614, +0.169,+0.957
1609429140,+3.39, +3.625, +0.169,+0.957
1609429200,+3.39, +3.625, +0.168,+0.957
1609429260,+3.39, +3.635, +0.170,+0.957
1609429320,+3.39, +3.625, +0.168,+0.957
1609429380,+3.39, +3.604, +0.168,+0.957
1609429440,+3.39, +3.625, +0.168,+0.957
1609429500,+3.39, +3.614, +0.169,+0.957
1609429560,+3.39, +3.625, +0.168,+0.957
1609429620,+3.39, +3.625, +0.168,+0.957
1609429680,+3.39, +3.594, +0.167,+0.956
1609429740,+3.39, +3.604, +0.169,+0.957
1609429800,+3.39, +3.646, +0.168,+0.957
1609429860,+3.39, +3.625, +0.167,+0.956
1609429920,+3.39, +3.614, +0.169,+0.957
1609429980,+3.39, +3.635, +0.168,+0.957
1609430040,+3.39, +3.625, +0.169,+0.957
1609430100,+3.39, +3.625, +0.169,+0.957
1609430160,+3.39, +3.614, +0.170,+0.957
1609430220,+3.39, +3.635, +0.168,+0.957
1609430280,+3.39, +3.625, +0.168,+0.957
1609430340,+3.39, +3.625, +0.168,+0.957
1609430400,+3.39, +3.625, +0.168,+0.957
1609430460,+3.39, +3.635, +0.169,+0.957
1609430520,+3.39, +3.625, +0.169,+0.957
1609430580,+3.39, +3.625, +0.169,+0.957
1609430640,+3.39, +3.614, +0.168,+0.956
1609430700,+3.39, +3.635, +0.167,+0.957
1609430760,+3.39, +3.625, +0.169,+0.957
1609430820,+3.39, +3.594, +0.168,+0.956
1609430880,+3.39, +3.614, +0.169,+0.957
1609430940,+3.39, +3.604, +0.168,+0.956
1609431000,+3.39, +3.625, +0.169,+0.957
1609431060,+3.39, +3.625, +0.169,+0.957
1609431120,+3.39, +3.625, +0.168,+0.957
1609431180,+3.39, +3.604, +0.170,+0.957
1609431240,+3.39, +3.614, +0.168,+0.957
1609431300,+3.39, +3.625, +0.169,+0.957
1609431360,+3.39, +3.635, +0.169,+0.957
1609431420,+3.39, +3.604, +0.169,+0.957
1609431480,+3.39, +3.614, +0.170,+0.957
1609431540,+3.39, +3.614, +0.169,+0.957
1609431600,+3.39, +3.625, +0.169,+0.957
1609431660,+3.39, +3.614, +0.169,+0.957
1609431720,+3.39, +3.614, +0.167,+0.957
1609431780,+3.39, +3.594, +0.169,+0.957
1609431840,+3.39, +3.614, +0.169,+0.957
1609431900,+3.39, +3.604, +0.170,+0.957
1609431960,+3.39, +3.625, +0.170,+0.957
1609432020,+3.39, +3.656, +0.168,+0.957
1609432080,+3.39, +3.625, +0.168,+0.957
1609432140,+3.39, +3.625, +0.168,+0.957
1609432200,+3.39, +3.625, +0.169,+0.957
1609432260,+3.39, +3.614, +0.169,+0.957
1609432320,+3.39, +3.625, +0.167,+0.957
1609432380,+3.40, +3.646, +0.167,+0.957
1609432440,+3.39, +3.646, +0.170,+0.957
1609432500,+3.39, +3.594, +0.169,+0.957
1609432560,+3.39, +3.614, +0.168,+0.957
1609432620,+3.39, +3.614, +0.170,+0.957
1609432680,+3.39, +3.614, +0.168,+0.957
1609432740,+3.39, +3.635, +0.168,+0.957
1609432800,+3.39, +3.625, +0.168,+0.957
