7392-570653
OS REV: 1.11 Sensor Cal: 1428445788
Time (sec),  BV (Volts),  T (deg C),  DO (mg/l),  Q ()
1606236060,+3.40, +4.031, +0.197,+0.956
1606236120,+3.40, +4.010, +0.195,+0.956
1606236180,+3.40, +4.041, +0.195,+0.956
1606236240,+3.39, +4.020, +0.194,+0.956
1606236300,+3.40, +4.020, +0.195,+0.956
1606236360,+3.39, +4.031, +0.194,+0.956
1606236420,+3.39, +4.031, +0.195,+0.956
1606236480,+3.39, +4.020, +0.193,+0.956
1606236540,+3.40, +4.031, +0.194,+0.956
1606236600,+3.40, +4.041, +0.193,+0.956
1606236660,+3.40, +4.031, +0.192,+0.956
1606236720,+3.40, +4.031, +0.191,+0.956
1606236780,+3.39, +4.020, +0.192,+0.956
1606236840,+3.39, +4.010, +0.192,+0.956
1606236900,+3.39, +4.000, +0.194,+0.956
1606236960,+3.40, +4.031, +0.191,+0.956
1606237020,+3.40, +4.041, +0.189,+0.956
1606237080,+3.40, +4.020, +0.191,+0.956
1606237140,+3.40, +4.031, +0.189,+0.956
1606237200,+3.39, +4.010, +0.187,+0.956
1606237260,+3.40, +4.031, +0.191,+0.956
1606237320,+3.39, +4.052, +0.192,+0.956
1606237380,+3.40, +4.031, +0.193,+0.956
1606237440,+3.40, +4.031, +0.195,+0.956
1606237500,+3.40, +4.041, +0.195,+0.956
1606237560,+3.39, +4.041, +0.196,+0.956
1606237620,+3.40, +4.031, +0.197,+0.956
1606237680,+3.40, +4.052, +0.196,+0.956
1606237740,+3.40, +4.041, +0.197,+0.956
1606237800,+3.40, +4.062, +0.197,+0.956
1606237860,+3.40, +4.000, +0.200,+0.956
1606237920,+3.40, +4.062, +0.199,+0.956
1606237980,+3.39, +4.020, +0.201,+0.957
1606238040,+3.40, +4.041, +0.199,+0.956
1606238100,+3.40, +4.020, +0.198,+0.956
1606238160,+3.39, +4.031, +0.201,+0.956
1606238220,+3.39, +4.062, +0.200,+0.956
1606238280,+3.40, +4.041, +0.199,+0.956
1606238340,+3.40, +4.010, +0.201,+0.956
1606238400,+3.40, +4.041, +0.200,+0.956
1606238460,+3.40, +4.052, +0.199,+0.956
1606238520,+3.40, +4.020, +0.198,+0.956
1606238580,+3.39, +4.031, +0.199,+0.956
1606238640,+3.39, +4.020, +0.198,+0.956
1606238700,+3.40, +4.020, +0.200,+0.956
1606238760,+3.40, +4.031, +0.199,+0.956
1606238820,+3.40, +4.020, +0.196,+0.956
1606238880,+3.40, +4.031, +0.197,+0.956
1606238940,+3.39, +4.031, +0.196,+0.956
1606239000,+3.40, +4.020, +0.195,+0.956
1606239060,+3.40, +4.031, +0.195,+0.956
1606239120,+3.40, +4.041, +0.194,+0.956
1606239180,+3.40, +4.031, +0.196,+0.956
1606239240,+3.40, +4.031, +0.197,+0.956
1606239300,+3.40, +4.041, +0.196,+0.956
1606239360,+3.40, +4.041, +0.195,+0.956
1606239420,+3.40, +4.031, +0.197,+0.956
1606239480,+3.40, +4.052, +0.196,+0.956
1606239540,+3.40, +4.031, +0.196,+0.956
1606239600,+3.40, +4.052, +0.194,+0.956
1606239660,+3.40, +4.041, +0.195,+0.956
1606239720,+3.39, +4.010, +0.195,+0.956
1606239780,+3.40, +4.031, +0.194,+0.956
1606239840,+3.40, +4.052, +0.194,+0.956
1606239900,+3.40, +4.031, +0.193,+0.956
1606239960,+3.40, +4.031, +0.193,+0.956
1606240020,+3.39, +4.031, +0.193,+0.956
1606240080,+3.40, +4.010, +0.194,+0.956
1606240140,+3.40, +4.031, +0.193,+0.956
1606240200,+3.40, +4.041, +0.193,+0.956
1606240260,+3.40, +4.031, +0.193,+0.956
1606240320,+3.40, +4.020, +0.192,+0.956
1606240380,+3.39, +4.041, +0.192,+0.956
1606240440,+3.40, +4.041, +0.193,+0.956
1606240500,+3.39, +4.041, +0.192,+0.956
1606240560,+3.40, +4.031, +0.190,+0.956
1606240620,+3.39, +4.031, +0.192,+0.956
1606240680,+3.39, +4.052, +0.191,+0.956
1606240740,+3.40, +4.031, +0.191,+0.956
1606240800,+3.40, +4.020, +0.191,+0.956
1606240860,+3.40, +4.020, +0.189,+0.956
1606240920,+3.40, +4.052, +0.189,+0.956
1606240980,+3.40, +4.052, +0.188,+0.956
1606241040,+3.39, +3.979, +0.189,+0.956
1606241100,+3.40, +4.041, +0.189,+0.956
1606241160,+3.39, +4.041, +0.190,+0.956
1606241220,+3.39, +4.031, +0.190,+0.956
1606241280,+3.39, +4.041, +0.188,+0.956
1606241340,+3.40, +4.031, +0.188,+0.956
1606241400,+3.40, +4.052, +0.189,+0.956
1606241460,+3.40, +4.041, +0.190,+0.956
1606241520,+3.40, +4.041, +0.189,+0.956
1606241580,+3.40, +4.020, +0.189,+0.956
1606241640,+3.40, +4.020, +0.189,+0.956
1606241700,+3.40, +4.062, +0.187,+0.956
1606241760,+3.40, +4.041, +0.189,+0.956
1606241820,+3.40, +4.041, +0.189,+0.956
1606241880,+3.40, +4.020, +0.189,+0.956
1606241940,+3.39, +4.031, +0.189,+0.956
1606242000,+3.40, +4.062, +0.190,+0.956
1606242060,+3.40, +4.031, +0.188,+0.956
1606242120,+3.39, +4.031, +0.190,+0.956
1606242180,+3.40, +4.010, +0.190,+0.956
1606242240,+3.40, +4.020, +0.189,+0.956
1606242300,+3.40, +4.020, +0.189,+0.956
1606242360,+3.40, +4.031, +0.190,+0.956
1606242420,+3.40, +4.010, +0.190,+0.956
1606242480,+3.40, +4.020, +0.189,+0.956
1606242540,+3.40, +4.041, +0.189,+0.956
1606242600,+3.40, +4.062, +0.190,+0.956
1606242660,+3.40, +4.062, +0.189,+0.956
1606242720,+3.40, +4.041, +0.191,+0.956
1606242780,+3.40, +4.010, +0.190,+0.956
1606242840,+3.40, +4.062, +0.191,+0.956
1606242900,+3.40, +4.031, +0.191,+0.956
1606242960,+3.40, +4.041, +0.191,+0.956
1606243020,+3.40, +4.052, +0.190,+0.956
1606243080,+3.40, +4.031, +0.191,+0.956
1606243140,+3.40, +4.041, +0.191,+0.956
1606243200,+3.40, +4.041, +0.191,+0.956
1606243260,+3.39, +4.031, +0.192,+0.956
1606243320,+3.40, +4.041, +0.192,+0.956
1606243380,+3.40, +4.041, +0.191,+0.956
1606243440,+3.40, +4.052, +0.193,+0.956
1606243500,+3.40, +4.041, +0.193,+0.956
1606243560,+3.40, +4.041, +0.191,+0.956
1606243620,+3.40, +4.031, +0.193,+0.956
1606243680,+3.40, +4.020, +0.192,+0.956
1606243740,+3.40, +4.041, +0.192,+0.956
1606243800,+3.39, +4.052, +0.192,+0.956
1606243860,+3.40, +4.031, +0.194,+0.956
1606243920,+3.40, +4.052, +0.193,+0.956
1606243980,+3.40, +4.020, +0.194,+0.956
1606244040,+3.40, +4.000, +0.193,+0.956
1606244100,+3.40, +4.052, +0.192,+0.956
1606244160,+3.39, +4.041, +0.192,+0.956
1606244220,+3.40, +4.052, +0.192,+0.956
1606244280,+3.40, +4.031, +0.191,+0.956
1606244340,+3.40, +4.031, +0.192,+0.956
1606244400,+3.40, +4.052, +0.192,+0.956
1606244460,+3.39, +4.041, +0.192,+0.956
1606244520,+3.40, +4.020, +0.191,+0.956
1606244580,+3.40, +4.041, +0.190,+0.956
1606244640,+3.40, +4.041, +0.190,+0.956
1606244700,+3.40, +4.031, +0.191,+0.956
1606244760,+3.39, +4.010, +0.192,+0.956
1606244820,+3.39, +4.041, +0.191,+0.956
1606244880,+3.40, +4.052, +0.193,+0.956
1606244940,+3.39, +4.020, +0.192,+0.956
1606245000,+3.40, +4.062, +0.190,+0.956
1606245060,+3.40, +4.020, +0.192,+0.956
1606245120,+3.40, +4.031, +0.190,+0.956
1606245180,+3.40, +4.041, +0.192,+0.956
1606245240,+3.40, +4.052, +0.191,+0.956
1606245300,+3.40, +4.041, +0.191,+0.956
1606245360,+3.40, +4.041, +0.193,+0.956
1606245420,+3.40, +4.041, +0.191,+0.956
1606245480,+3.39, +4.031, +0.192,+0.956
1606245540,+3.40, +4.052, +0.192,+0.956
1606245600,+3.40, +4.041, +0.192,+0.956
1606245660,+3.40, +4.041, +0.191,+0.956
1606245720,+3.40, +4.031, +0.191,+0.956
1606245780,+3.40, +4.031, +0.191,+0.956
1606245840,+3.40, +4.041, +0.189,+0.956
1606245900,+3.40, +4.041, +0.191,+0.956
1606245960,+3.39, +4.052, +0.190,+0.956
1606246020,+3.39, +4.020, +0.190,+0.956
1606246080,+3.40, +4.062, +0.191,+0.956
1606246140,+3.40, +4.052, +0.191,+0.956
1606246200,+3.39, +4.041, +0.189,+0.956
1606246260,+3.40, +4.000, +0.189,+0.956
1606246320,+3.40, +4.062, +0.190,+0.956
1606246380,+3.40, +4.031, +0.189,+0.956
1606246440,+3.40, +4.031, +0.189,+0.956
1606246500,+3.40, +4.052, +0.190,+0.956
1606246560,+3.40, +4.020, +0.190,+0.956
1606246620,+3.40, +4.052, +0.189,+0.956
1606246680,+3.40, +4.041, +0.187,+0.956
1606246740,+3.40, +4.041, +0.185,+0.956
1606246800,+3.40, +4.031, +0.188,+0.956
1606246860,+3.40, +4.020, +0.187,+0.956
1606246920,+3.40, +4.010, +0.189,+0.956
1606246980,+3.40, +4.031, +0.186,+0.956
1606247040,+3.40, +4.031, +0.188,+0.956
1606247100,+3.40, +4.041, +0.186,+0.956
1606247160,+3.40, +4.031, +0.188,+0.956
1606247220,+3.39, +4.010, +0.189,+0.956
1606247280,+3.40, +4.062, +0.189,+0.956
1606247340,+3.40, +4.031, +0.187,+0.956
1606247400,+3.40, +4.041, +0.186,+0.956
1606247460,+3.40, +4.041, +0.186,+0.956
1606247520,+3.40, +4.020, +0.186,+0.956
1606247580,+3.40, +4.020, +0.187,+0.956
1606247640,+3.40, +4.020, +0.187,+0.956
1606247700,+3.39, +4.000, +0.188,+0.956
1606247760,+3.40, +4.031, +0.188,+0.956
1606247820,+3.40, +4.052, +0.187,+0.956
1606247880,+3.40, +4.052, +0.186,+0.956
1606247940,+3.40, +4.031, +0.186,+0.956
1606248000,+3.40, +4.041, +0.187,+0.956
1606248060,+3.40, +4.041, +0.186,+0.956
1606248120,+3.40, +4.052, +0.185,+0.956
1606248180,+3.40, +4.031, +0.186,+0.956
1606248240,+3.40, +4.052, +0.186,+0.956
1606248300,+3.39, +4.031, +0.183,+0.956
1606248360,+3.40, +4.041, +0.185,+0.956
1606248420,+3.40, +4.000, +0.185,+0.956
1606248480,+3.40, +4.041, +0.185,+0.956
1606248540,+3.40, +4.041, +0.185,+0.956
1606248600,+3.40, +4.010, +0.186,+0.956
1606248660,+3.40, +4.041, +0.185,+0.956
1606248720,+3.40, +4.020, +0.185,+0.956
1606248780,+3.40, +4.010, +0.184,+0.956
1606248840,+3.40, +4.031, +0.185,+0.956
1606248900,+3.40, +4.052, +0.186,+0.956
1606248960,+3.39, +4.031, +0.183,+0.956
1606249020,+3.40, +4.031, +0.182,+0.956
1606249080,+3.40, +4.041, +0.183,+0.956
1606249140,+3.40, +4.052, +0.184,+0.956
1606249200,+3.40, +4.041, +0.183,+0.956
1606249260,+3.40, +4.041, +0.184,+0.956
1606249320,+3.40, +4.031, +0.184,+0.956
1606249380,+3.40, +4.072, +0.183,+0.956
1606249440,+3.40, +4.052, +0.184,+0.956
1606249500,+3.40, +4.031, +0.184,+0.956
1606249560,+3.40, +4.041, +0.184,+0.956
1606249620,+3.40, +4.041, +0.183,+0.956
1606249680,+3.40, +4.041, +0.184,+0.956
1606249740,+3.40, +4.020, +0.183,+0.956
1606249800,+3.40, +4.031, +0.183,+0.956
1606249860,+3.40, +4.041, +0.183,+0.956
1606249920,+3.40, +4.052, +0.183,+0.956
1606249980,+3.40, +4.041, +0.184,+0.956
1606250040,+3.40, +4.031, +0.185,+0.956
1606250100,+3.40, +4.052, +0.183,+0.956
1606250160,+3.40, +4.031, +0.186,+0.956
1606250220,+3.40, +4.031, +0.184,+0.956
1606250280,+3.40, +4.031, +0.182,+0.956
1606250340,+3.40, +4.052, +0.184,+0.956
1606250400,+3.40, +4.062, +0.184,+0.956
1606250460,+3.40, +4.010, +0.184,+0.956
1606250520,+3.40, +4.052, +0.185,+0.956
1606250580,+3.40, +4.052, +0.183,+0.956
1606250640,+3.40, +3.989, +0.185,+0.956
1606250700,+3.40, +4.041, +0.183,+0.956
1606250760,+3.40, +4.031, +0.185,+0.956
1606250820,+3.40, +4.031, +0.183,+0.956
1606250880,+3.40, +4.041, +0.184,+0.956
1606250940,+3.40, +4.052, +0.183,+0.956
1606251000,+3.40, +4.020, +0.185,+0.956
1606251060,+3.40, +4.052, +0.182,+0.956
1606251120,+3.39, +4.041, +0.181,+0.956
1606251180,+3.40, +4.062, +0.181,+0.956
1606251240,+3.40, +4.010, +0.184,+0.956
1606251300,+3.40, +4.031, +0.182,+0.956
1606251360,+3.40, +3.979, +0.182,+0.956
1606251420,+3.40, +4.031, +0.183,+0.956
1606251480,+3.40, +4.041, +0.180,+0.956
1606251540,+3.40, +4.020, +0.182,+0.956
1606251600,+3.40, +4.041, +0.182,+0.956
1606251660,+3.40, +4.031, +0.182,+0.956
1606251720,+3.40, +4.020, +0.182,+0.956
1606251780,+3.40, +4.010, +0.181,+0.956
1606251840,+3.40, +4.041, +0.181,+0.956
1606251900,+3.40, +4.041, +0.180,+0.956
1606251960,+3.40, +4.031, +0.181,+0.956
1606252020,+3.40, +4.031, +0.180,+0.956
1606252080,+3.40, +4.052, +0.180,+0.956
1606252140,+3.40, +4.020, +0.179,+0.956
1606252200,+3.40, +4.020, +0.181,+0.956
1606252260,+3.40, +4.052, +0.180,+0.956
1606252320,+3.40, +4.020, +0.181,+0.956
1606252380,+3.40, +4.041, +0.179,+0.956
1606252440,+3.40, +4.031, +0.178,+0.956
1606252500,+3.40, +4.041, +0.180,+0.956
1606252560,+3.40, +4.041, +0.178,+0.956
1606252620,+3.40, +4.031, +0.178,+0.956
1606252680,+3.40, +4.020, +0.180,+0.956
1606252740,+3.40, +4.041, +0.179,+0.956
1606252800,+3.39, +4.041, +0.178,+0.956
1606252860,+3.40, +4.052, +0.178,+0.956
1606252920,+3.40, +4.052, +0.177,+0.956
1606252980,+3.40, +4.041, +0.178,+0.956
1606253040,+3.40, +4.020, +0.178,+0.956
1606253100,+3.40, +4.052, +0.178,+0.956
1606253160,+3.40, +3.989, +0.178,+0.956
1606253220,+3.40, +4.020, +0.178,+0.956
1606253280,+3.40, +4.041, +0.177,+0.956
1606253340,+3.40, +4.031, +0.178,+0.956
1606253400,+3.40, +4.041, +0.177,+0.956
1606253460,+3.40, +4.072, +0.179,+0.956
1606253520,+3.40, +4.062, +0.177,+0.956
1606253580,+3.40, +4.031, +0.178,+0.956
1606253640,+3.40, +4.041, +0.177,+0.956
1606253700,+3.40, +4.062, +0.177,+0.956
1606253760,+3.40, +4.041, +0.179,+0.956
1606253820,+3.40, +4.052, +0.178,+0.956
1606253880,+3.40, +4.031, +0.177,+0.956
1606253940,+3.40, +4.041, +0.177,+0.956
1606254000,+3.39, +4.010, +0.176,+0.956
1606254060,+3.40, +4.041, +0.176,+0.956
1606254120,+3.40, +4.041, +0.178,+0.956
1606254180,+3.40, +4.041, +0.176,+0.956
1606254240,+3.40, +4.031, +0.177,+0.956
1606254300,+3.40, +4.041, +0.177,+0.956
1606254360,+3.40, +4.000, +0.177,+0.956
1606254420,+3.40, +4.031, +0.177,+0.956
1606254480,+3.40, +4.041, +0.177,+0.956
1606254540,+3.40, +4.010, +0.178,+0.956
1606254600,+3.40, +4.010, +0.177,+0.956
1606254660,+3.40, +4.031, +0.177,+0.956
1606254720,+3.40, +4.020, +0.178,+0.956
1606254780,+3.40, +4.052, +0.178,+0.956
1606254840,+3.40, +4.072, +0.176,+0.956
1606254900,+3.40, +4.041, +0.177,+0.956
1606254960,+3.40, +4.031, +0.176,+0.956
1606255020,+3.40, +4.052, +0.176,+0.956
1606255080,+3.40, +4.000, +0.176,+0.956
1606255140,+3.40, +4.031, +0.176,+0.956
1606255200,+3.40, +4.052, +0.177,+0.956
1606255260,+3.40, +4.062, +0.178,+0.956
1606255320,+3.40, +4.052, +0.177,+0.956
1606255380,+3.40, +4.031, +0.177,+0.956
1606255440,+3.40, +4.020, +0.176,+0.956
1606255500,+3.40, +4.041, +0.178,+0.956
1606255560,+3.40, +4.041, +0.176,+0.956
1606255620,+3.40, +4.020, +0.178,+0.956
1606255680,+3.40, +4.031, +0.177,+0.956
1606255740,+3.40, +4.031, +0.178,+0.956
1606255800,+3.40, +4.052, +0.177,+0.956
1606255860,+3.40, +4.020, +0.177,+0.956
1606255920,+3.40, +4.031, +0.177,+0.956
1606255980,+3.40, +4.031, +0.177,+0.956
1606256040,+3.40, +4.031, +0.176,+0.956
1606256100,+3.40, +4.031, +0.177,+0.956
1606256160,+3.40, +4.031, +0.177,+0.956
1606256220,+3.39, +4.041, +0.176,+0.956
1606256280,+3.40, +4.041, +0.175,+0.956
1606256340,+3.40, +4.072, +0.177,+0.956
1606256400,+3.40, +4.052, +0.176,+0.956
1606256460,+3.40, +4.031, +0.177,+0.956
1606256520,+3.40, +4.041, +0.177,+0.956
1606256580,+3.40, +4.052, +0.178,+0.956
1606256640,+3.40, +4.052, +0.176,+0.956
1606256700,+3.40, +4.062, +0.176,+0.956
1606256760,+3.40, +4.041, +0.175,+0.956
1606256820,+3.39, +4.031, +0.177,+0.956
1606256880,+3.40, +4.041, +0.177,+0.956
1606256940,+3.39, +4.010, +0.176,+0.956
1606257000,+3.40, +4.041, +0.175,+0.956
1606257060,+3.40, +4.041, +0.176,+0.956
1606257120,+3.40, +4.052, +0.177,+0.956
1606257180,+3.40, +4.052, +0.177,+0.956
1606257240,+3.40, +4.052, +0.177,+0.956
1606257300,+3.40, +4.052, +0.176,+0.956
1606257360,+3.40, +4.031, +0.177,+0.956
1606257420,+3.40, +4.020, +0.176,+0.956
1606257480,+3.40, +4.031, +0.177,+0.956
1606257540,+3.40, +4.031, +0.176,+0.956
1606257600,+3.40, +4.062, +0.176,+0.956
1606257660,+3.40, +4.041, +0.176,+0.956
1606257720,+3.40, +4.031, +0.177,+0.956
1606257780,+3.40, +4.031, +0.177,+0.956
1606257840,+3.39, +4.020, +0.178,+0.956
1606257900,+3.40, +4.041, +0.177,+0.956
1606257960,+3.40, +4.041, +0.176,+0.956
1606258020,+3.40, +4.041, +0.178,+0.956
1606258080,+3.40, +4.031, +0.177,+0.956
1606258140,+3.40, +4.010, +0.178,+0.956
1606258200,+3.40, +4.041, +0.179,+0.956
1606258260,+3.40, +4.020, +0.178,+0.956
1606258320,+3.39, +4.020, +0.176,+0.956
1606258380,+3.40, +4.031, +0.177,+0.956
1606258440,+3.40, +4.010, +0.178,+0.956
1606258500,+3.40, +4.020, +0.179,+0.956
1606258560,+3.40, +4.010, +0.178,+0.956
1606258620,+3.40, +4.020, +0.178,+0.956
1606258680,+3.40, +4.020, +0.177,+0.956
1606258740,+3.40, +4.010, +0.178,+0.956
1606258800,+3.40, +4.000, +0.179,+0.956
1606258860,+3.40, +4.041, +0.180,+0.956
1606258920,+3.40, +4.031, +0.179,+0.956
1606258980,+3.40, +4.052, +0.178,+0.956
1606259040,+3.40, +3.989, +0.179,+0.956
1606259100,+3.40, +4.020, +0.178,+0.956
1606259160,+3.40, +4.020, +0.178,+0.956
1606259220,+3.40, +4.000, +0.178,+0.956
1606259280,+3.40, +4.031, +0.178,+0.956
1606259340,+3.40, +4.041, +0.177,+0.956
1606259400,+3.40, +4.010, +0.180,+0.956
1606259460,+3.40, +4.031, +0.178,+0.956
1606259520,+3.40, +4.052, +0.178,+0.956
1606259580,+3.40, +4.052, +0.178,+0.956
1606259640,+3.40, +4.031, +0.179,+0.956
1606259700,+3.40, +4.062, +0.176,+0.956
1606259760,+3.40, +4.041, +0.179,+0.956
1606259820,+3.40, +4.031, +0.179,+0.956
1606259880,+3.40, +4.041, +0.177,+0.956
1606259940,+3.40, +4.052, +0.177,+0.956
1606260000,+3.40, +4.031, +0.177,+0.956
1606260060,+3.40, +4.031, +0.179,+0.956
1606260120,+3.40, +4.010, +0.178,+0.956
1606260180,+3.40, +4.010, +0.178,+0.956
1606260240,+3.40, +4.031, +0.178,+0.956
1606260300,+3.40, +4.031, +0.177,+0.956
1606260360,+3.40, +4.020, +0.179,+0.956
1606260420,+3.40, +4.010, +0.178,+0.956
1606260480,+3.40, +4.020, +0.178,+0.956
1606260540,+3.39, +4.031, +0.177,+0.956
1606260600,+3.40, +4.031, +0.176,+0.956
1606260660,+3.40, +4.031, +0.177,+0.956
1606260720,+3.40, +4.031, +0.177,+0.956
1606260780,+3.40, +4.052, +0.177,+0.956
1606260840,+3.40, +4.020, +0.176,+0.956
1606260900,+3.40, +3.989, +0.178,+0.956
1606260960,+3.40, +4.031, +0.177,+0.956
1606261020,+3.40, +4.020, +0.178,+0.956
1606261080,+3.40, +3.989, +0.176,+0.956
1606261140,+3.40, +3.979, +0.176,+0.956
1606261200,+3.40, +4.020, +0.177,+0.956
1606261260,+3.40, +4.010, +0.176,+0.956
1606261320,+3.40, +4.010, +0.177,+0.956
1606261380,+3.40, +4.010, +0.174,+0.956
1606261440,+3.40, +4.031, +0.175,+0.956
1606261500,+3.40, +4.010, +0.176,+0.956
1606261560,+3.40, +4.010, +0.176,+0.956
1606261620,+3.40, +4.020, +0.175,+0.956
1606261680,+3.40, +4.020, +0.178,+0.956
1606261740,+3.40, +4.020, +0.179,+0.956
1606261800,+3.40, +4.010, +0.179,+0.956
1606261860,+3.40, +4.020, +0.182,+0.956
1606261920,+3.40, +4.031, +0.183,+0.956
1606261980,+3.40, +4.010, +0.182,+0.956
1606262040,+3.40, +4.010, +0.183,+0.956
1606262100,+3.40, +4.020, +0.181,+0.956
1606262160,+3.40, +4.010, +0.182,+0.956
1606262220,+3.40, +4.000, +0.184,+0.956
1606262280,+3.40, +4.031, +0.184,+0.956
1606262340,+3.40, +4.010, +0.184,+0.956
1606262400,+3.40, +3.979, +0.184,+0.956
1606262460,+3.40, +3.989, +0.184,+0.956
1606262520,+3.40, +4.010, +0.183,+0.956
1606262580,+3.40, +3.989, +0.185,+0.956
1606262640,+3.40, +4.010, +0.184,+0.956
1606262700,+3.40, +4.000, +0.185,+0.956
1606262760,+3.40, +4.000, +0.185,+0.956
1606262820,+3.40, +3.989, +0.185,+0.956
1606262880,+3.40, +3.989, +0.183,+0.956
1606262940,+3.40, +4.010, +0.186,+0.956
1606263000,+3.40, +4.000, +0.185,+0.956
1606263060,+3.40, +4.010, +0.184,+0.956
1606263120,+3.40, +3.989, +0.185,+0.956
1606263180,+3.40, +3.979, +0.186,+0.956
1606263240,+3.40, +3.958, +0.186,+0.956
1606263300,+3.40, +3.969, +0.185,+0.956
1606263360,+3.40, +4.000, +0.187,+0.956
1606263420,+3.40, +3.969, +0.183,+0.956
1606263480,+3.40, +4.000, +0.185,+0.956
1606263540,+3.40, +4.000, +0.187,+0.956
1606263600,+3.40, +3.958, +0.187,+0.956
1606263660,+3.40, +4.000, +0.185,+0.956
1606263720,+3.40, +3.958, +0.185,+0.956
1606263780,+3.40, +4.000, +0.184,+0.956
1606263840,+3.40, +3.989, +0.184,+0.956
1606263900,+3.40, +4.000, +0.183,+0.956
1606263960,+3.40, +3.989, +0.183,+0.956
1606264020,+3.39, +4.000, +0.182,+0.956
1606264080,+3.40, +4.000, +0.181,+0.956
1606264140,+3.40, +3.969, +0.184,+0.956
1606264200,+3.40, +3.979, +0.182,+0.956
1606264260,+3.40, +3.969, +0.181,+0.956
1606264320,+3.40, +4.000, +0.178,+0.956
1606264380,+3.40, +3.979, +0.181,+0.956
1606264440,+3.40, +3.969, +0.180,+0.956
1606264500,+3.40, +4.000, +0.179,+0.956
1606264560,+3.40, +3.979, +0.180,+0.956
1606264620,+3.40, +3.969, +0.180,+0.956
1606264680,+3.40, +3.979, +0.181,+0.956
1606264740,+3.40, +4.000, +0.178,+0.956
1606264800,+3.39, +3.979, +0.180,+0.956
1606264860,+3.40, +3.979, +0.180,+0.956
1606264920,+3.39, +3.979, +0.180,+0.956
1606264980,+3.40, +4.000, +0.183,+0.956
1606265040,+3.40, +3.969, +0.187,+0.956
1606265100,+3.40, +4.020, +0.187,+0.956
1606265160,+3.40, +3.989, +0.187,+0.956
1606265220,+3.40, +4.010, +0.188,+0.956
1606265280,+3.40, +4.010, +0.190,+0.956
1606265340,+3.40, +3.989, +0.191,+0.956
1606265400,+3.39, +3.979, +0.190,+0.956
1606265460,+3.40, +4.031, +0.188,+0.956
1606265520,+3.40, +3.979, +0.191,+0.956
1606265580,+3.39, +4.000, +0.189,+0.956
1606265640,+3.40, +4.010, +0.190,+0.956
1606265700,+3.39, +3.989, +0.191,+0.956
1606265760,+3.40, +4.010, +0.190,+0.956
1606265820,+3.40, +3.979, +0.190,+0.956
1606265880,+3.40, +3.989, +0.192,+0.956
1606265940,+3.40, +3.989, +0.192,+0.956
1606266000,+3.40, +4.010, +0.191,+0.956
1606266060,+3.40, +4.020, +0.190,+0.956
1606266120,+3.40, +4.010, +0.190,+0.956
1606266180,+3.40, +4.000, +0.191,+0.956
1606266240,+3.40, +4.000, +0.191,+0.956
1606266300,+3.40, +4.020, +0.192,+0.956
1606266360,+3.40, +3.989, +0.190,+0.956
1606266420,+3.40, +4.000, +0.190,+0.956
1606266480,+3.40, +4.010, +0.190,+0.956
1606266540,+3.40, +4.041, +0.190,+0.956
1606266600,+3.39, +4.010, +0.190,+0.956
1606266660,+3.40, +4.031, +0.191,+0.956
1606266720,+3.40, +4.000, +0.190,+0.956
1606266780,+3.40, +4.000, +0.192,+0.956
1606266840,+3.40, +3.989, +0.192,+0.956
1606266900,+3.40, +4.010, +0.190,+0.956
1606266960,+3.40, +4.010, +0.190,+0.956
1606267020,+3.40, +3.979, +0.191,+0.956
1606267080,+3.40, +4.020, +0.191,+0.956
1606267140,+3.40, +3.989, +0.189,+0.956
1606267200,+3.40, +3.989, +0.189,+0.956
1606267260,+3.40, +4.000, +0.189,+0.956
1606267320,+3.40, +4.031, +0.188,+0.956
1606267380,+3.40, +4.000, +0.187,+0.956
1606267440,+3.40, +4.010, +0.187,+0.956
1606267500,+3.40, +3.979, +0.189,+0.956
1606267560,+3.40, +4.010, +0.187,+0.956
1606267620,+3.40, +4.000, +0.187,+0.956
1606267680,+3.40, +4.031, +0.187,+0.956
1606267740,+3.40, +4.041, +0.186,+0.956
1606267800,+3.40, +4.000, +0.185,+0.956
1606267860,+3.40, +4.041, +0.185,+0.956
1606267920,+3.40, +4.020, +0.186,+0.956
1606267980,+3.40, +4.010, +0.185,+0.956
1606268040,+3.40, +4.010, +0.186,+0.956
1606268100,+3.40, +4.031, +0.185,+0.956
1606268160,+3.40, +4.000, +0.187,+0.956
1606268220,+3.40, +4.010, +0.186,+0.956
1606268280,+3.40, +4.031, +0.186,+0.956
1606268340,+3.40, +4.020, +0.185,+0.956
1606268400,+3.40, +4.000, +0.185,+0.956
1606268460,+3.40, +4.020, +0.185,+0.956
1606268520,+3.40, +4.010, +0.187,+0.956
1606268580,+3.40, +4.031, +0.185,+0.956
1606268640,+3.40, +4.041, +0.186,+0.956
1606268700,+3.40, +4.041, +0.186,+0.956
1606268760,+3.40, +4.010, +0.186,+0.956
1606268820,+3.40, +4.041, +0.186,+0.956
1606268880,+3.40, +3.989, +0.187,+0.956
1606268940,+3.40, +4.010, +0.188,+0.956
1606269000,+3.40, +4.020, +0.186,+0.956
1606269060,+3.40, +4.010, +0.185,+0.956
1606269120,+3.40, +4.010, +0.186,+0.956
1606269180,+3.39, +4.031, +0.185,+0.956
1606269240,+3.40, +4.020, +0.184,+0.956
1606269300,+3.40, +3.979, +0.185,+0.956
1606269360,+3.40, +4.020, +0.185,+0.956
1606269420,+3.40, +4.020, +0.185,+0.956
1606269480,+3.40, +4.020, +0.185,+0.956
1606269540,+3.40, +4.000, +0.185,+0.956
1606269600,+3.39, +4.010, +0.185,+0.956
1606269660,+3.40, +4.031, +0.185,+0.956
1606269720,+3.40, +4.041, +0.185,+0.956
1606269780,+3.40, +4.031, +0.183,+0.956
1606269840,+3.40, +4.020, +0.186,+0.956
1606269900,+3.40, +4.020, +0.185,+0.956
1606269960,+3.40, +4.031, +0.186,+0.956
1606270020,+3.40, +4.020, +0.184,+0.956
1606270080,+3.40, +4.010, +0.184,+0.956
1606270140,+3.40, +3.989, +0.185,+0.956
1606270200,+3.40, +4.031, +0.186,+0.956
1606270260,+3.40, +4.010, +0.185,+0.956
1606270320,+3.40, +4.031, +0.183,+0.956
1606270380,+3.40, +3.989, +0.185,+0.956
1606270440,+3.40, +4.010, +0.184,+0.956
1606270500,+3.39, +4.010, +0.184,+0.956
1606270560,+3.40, +4.000, +0.181,+0.956
1606270620,+3.40, +4.020, +0.184,+0.956
1606270680,+3.40, +4.020, +0.183,+0.956
1606270740,+3.40, +4.010, +0.183,+0.956
1606270800,+3.40, +4.020, +0.182,+0.956
1606270860,+3.40, +4.052, +0.180,+0.956
1606270920,+3.39, +4.000, +0.182,+0.956
1606270980,+3.40, +4.031, +0.180,+0.956
1606271040,+3.40, +4.041, +0.182,+0.956
1606271100,+3.39, +4.010, +0.182,+0.956
1606271160,+3.40, +4.010, +0.181,+0.956
1606271220,+3.40, +4.041, +0.182,+0.956
1606271280,+3.40, +3.989, +0.181,+0.956
1606271340,+3.40, +4.010, +0.180,+0.956
1606271400,+3.39, +4.000, +0.181,+0.956
1606271460,+3.40, +4.020, +0.181,+0.956
1606271520,+3.40, +4.031, +0.178,+0.956
1606271580,+3.39, +4.000, +0.182,+0.956
1606271640,+3.40, +4.000, +0.179,+0.956
1606271700,+3.40, +4.020, +0.180,+0.956
1606271760,+3.40, +4.041, +0.180,+0.956
1606271820,+3.40, +4.010, +0.180,+0.956
1606271880,+3.40, +4.041, +0.179,+0.956
1606271940,+3.40, +4.010, +0.179,+0.956
1606272000,+3.40, +4.020, +0.179,+0.956
1606272060,+3.40, +4.010, +0.179,+0.956
1606272120,+3.40, +4.020, +0.178,+0.956
1606272180,+3.40, +4.010, +0.179,+0.956
1606272240,+3.40, +4.031, +0.179,+0.956
1606272300,+3.39, +4.020, +0.180,+0.956
1606272360,+3.40, +4.031, +0.180,+0.956
1606272420,+3.40, +4.031, +0.179,+0.956
1606272480,+3.40, +4.020, +0.179,+0.956
1606272540,+3.39, +3.989, +0.180,+0.956
1606272600,+3.40, +3.989, +0.181,+0.956
1606272660,+3.40, +3.979, +0.181,+0.956
1606272720,+3.40, +4.020, +0.179,+0.956
1606272780,+3.40, +4.031, +0.180,+0.956
1606272840,+3.40, +4.020, +0.180,+0.956
1606272900,+3.40, +4.010, +0.180,+0.956
1606272960,+3.40, +4.010, +0.182,+0.956
1606273020,+3.40, +4.031, +0.182,+0.956
1606273080,+3.40, +4.041, +0.180,+0.956
1606273140,+3.40, +3.989, +0.183,+0.956
1606273200,+3.39, +4.062, +0.182,+0.956
1606273260,+3.39, +4.031, +0.182,+0.956
1606273320,+3.40, +4.020, +0.180,+0.956
1606273380,+3.40, +4.020, +0.184,+0.956
1606273440,+3.40, +4.020, +0.182,+0.956
1606273500,+3.40, +3.989, +0.184,+0.956
1606273560,+3.40, +4.000, +0.184,+0.956
1606273620,+3.40, +3.989, +0.184,+0.956
1606273680,+3.40, +4.041, +0.184,+0.956
1606273740,+3.40, +4.020, +0.185,+0.956
1606273800,+3.40, +4.041, +0.184,+0.956
1606273860,+3.40, +4.010, +0.186,+0.956
1606273920,+3.40, +4.010, +0.185,+0.956
1606273980,+3.40, +4.000, +0.185,+0.956
1606274040,+3.40, +4.020, +0.185,+0.956
1606274100,+3.40, +4.031, +0.185,+0.956
1606274160,+3.40, +4.031, +0.185,+0.956
1606274220,+3.40, +4.020, +0.184,+0.956
1606274280,+3.40, +4.010, +0.186,+0.956
1606274340,+3.39, +3.979, +0.186,+0.956
1606274400,+3.40, +4.010, +0.186,+0.956
1606274460,+3.40, +4.031, +0.185,+0.956
1606274520,+3.40, +4.010, +0.184,+0.956
1606274580,+3.40, +4.041, +0.188,+0.956
1606274640,+3.40, +4.010, +0.187,+0.956
1606274700,+3.40, +4.031, +0.185,+0.956
1606274760,+3.40, +4.020, +0.186,+0.956
1606274820,+3.40, +4.010, +0.184,+0.956
1606274880,+3.40, +4.020, +0.185,+0.956
1606274940,+3.40, +4.020, +0.186,+0.956
1606275000,+3.40, +4.052, +0.186,+0.956
1606275060,+3.40, +4.020, +0.186,+0.956
1606275120,+3.40, +4.000, +0.186,+0.956
1606275180,+3.40, +3.989, +0.187,+0.956
1606275240,+3.40, +4.000, +0.185,+0.956
1606275300,+3.40, +4.000, +0.186,+0.956
1606275360,+3.40, +4.010, +0.186,+0.956
1606275420,+3.40, +4.031, +0.186,+0.956
1606275480,+3.40, +4.020, +0.185,+0.956
1606275540,+3.40, +4.010, +0.182,+0.956
1606275600,+3.40, +4.031, +0.185,+0.956
1606275660,+3.40, +4.010, +0.185,+0.956
1606275720,+3.40, +4.000, +0.184,+0.956
1606275780,+3.40, +4.041, +0.183,+0.956
1606275840,+3.39, +4.000, +0.185,+0.956
1606275900,+3.40, +4.020, +0.183,+0.956
1606275960,+3.40, +4.000, +0.183,+0.956
1606276020,+3.40, +4.010, +0.183,+0.956
1606276080,+3.40, +4.020, +0.183,+0.956
1606276140,+3.39, +4.031, +0.182,+0.956
1606276200,+3.39, +4.020, +0.183,+0.956
1606276260,+3.40, +4.000, +0.182,+0.956
1606276320,+3.40, +4.010, +0.184,+0.956
1606276380,+3.40, +4.020, +0.182,+0.956
1606276440,+3.40, +4.031, +0.182,+0.956
1606276500,+3.40, +4.010, +0.182,+0.956
1606276560,+3.40, +4.010, +0.181,+0.956
1606276620,+3.40, +4.020, +0.181,+0.956
1606276680,+3.40, +4.020, +0.182,+0.956
1606276740,+3.40, +4.000, +0.182,+0.956
1606276800,+3.40, +4.041, +0.181,+0.956
1606276860,+3.40, +4.010, +0.181,+0.956
1606276920,+3.40, +4.031, +0.179,+0.956
1606276980,+3.40, +4.031, +0.180,+0.956
1606277040,+3.40, +4.010, +0.180,+0.956
1606277100,+3.40, +3.989, +0.181,+0.956
1606277160,+3.40, +4.020, +0.180,+0.956
1606277220,+3.40, +4.010, +0.180,+0.956
1606277280,+3.40, +4.052, +0.180,+0.956
1606277340,+3.40, +4.000, +0.180,+0.956
1606277400,+3.40, +4.041, +0.178,+0.956
1606277460,+3.40, +4.031, +0.179,+0.956
1606277520,+3.40, +4.000, +0.179,+0.956
1606277580,+3.40, +4.010, +0.180,+0.956
1606277640,+3.40, +4.010, +0.179,+0.956
1606277700,+3.40, +4.010, +0.180,+0.956
1606277760,+3.40, +4.031, +0.177,+0.956
1606277820,+3.40, +4.010, +0.180,+0.956
1606277880,+3.40, +4.020, +0.178,+0.956
1606277940,+3.40, +4.020, +0.177,+0.956
1606278000,+3.40, +4.010, +0.178,+0.956
1606278060,+3.40, +4.010, +0.177,+0.956
1606278120,+3.40, +4.000, +0.178,+0.956
1606278180,+3.40, +4.031, +0.177,+0.956
1606278240,+3.40, +4.031, +0.179,+0.956
1606278300,+3.40, +4.020, +0.175,+0.956
1606278360,+3.40, +4.020, +0.177,+0.956
1606278420,+3.40, +4.020, +0.176,+0.956
1606278480,+3.40, +4.041, +0.175,+0.956
1606278540,+3.40, +4.020, +0.176,+0.956
1606278600,+3.40, +4.031, +0.177,+0.956
1606278660,+3.40, +4.041, +0.176,+0.956
1606278720,+3.40, +4.031, +0.174,+0.956
1606278780,+3.40, +4.010, +0.176,+0.956
1606278840,+3.40, +4.010, +0.178,+0.956
1606278900,+3.40, +4.010, +0.175,+0.956
1606278960,+3.40, +3.989, +0.177,+0.956
1606279020,+3.40, +4.020, +0.175,+0.956
1606279080,+3.40, +4.020, +0.175,+0.956
1606279140,+3.40, +4.000, +0.176,+0.956
1606279200,+3.40, +4.010, +0.174,+0.956
1606279260,+3.40, +4.000, +0.175,+0.956
1606279320,+3.40, +4.010, +0.174,+0.956
1606279380,+3.40, +4.020, +0.176,+0.956
1606279440,+3.40, +4.031, +0.176,+0.956
1606279500,+3.40, +4.000, +0.175,+0.956
1606279560,+3.40, +4.020, +0.175,+0.956
1606279620,+3.40, +4.000, +0.175,+0.956
1606279680,+3.40, +4.000, +0.176,+0.956
1606279740,+3.40, +4.031, +0.176,+0.956
1606279800,+3.40, +4.020, +0.178,+0.956
1606279860,+3.40, +4.031, +0.175,+0.956
1606279920,+3.40, +4.000, +0.178,+0.956
1606279980,+3.40, +4.020, +0.177,+0.956
1606280040,+3.40, +4.020, +0.178,+0.956
1606280100,+3.40, +4.031, +0.177,+0.956
1606280160,+3.40, +4.031, +0.177,+0.956
1606280220,+3.40, +4.010, +0.178,+0.956
1606280280,+3.40, +4.020, +0.178,+0.956
1606280340,+3.40, +4.010, +0.178,+0.956
1606280400,+3.40, +4.010, +0.177,+0.955
1606280460,+3.40, +4.010, +0.178,+0.956
1606280520,+3.40, +4.010, +0.177,+0.956
1606280580,+3.40, +4.020, +0.176,+0.956
1606280640,+3.40, +4.010, +0.178,+0.956
1606280700,+3.40, +4.020, +0.178,+0.956
1606280760,+3.40, +4.000, +0.179,+0.956
1606280820,+3.40, +4.031, +0.176,+0.956
1606280880,+3.40, +3.989, +0.178,+0.956
1606280940,+3.40, +4.020, +0.178,+0.956
1606281000,+3.40, +4.020, +0.178,+0.956
1606281060,+3.40, +4.000, +0.177,+0.956
1606281120,+3.40, +4.031, +0.179,+0.956
1606281180,+3.40, +4.010, +0.178,+0.956
1606281240,+3.40, +4.041, +0.176,+0.956
1606281300,+3.40, +4.052, +0.175,+0.956
1606281360,+3.40, +3.989, +0.177,+0.956
1606281420,+3.40, +4.000, +0.177,+0.956
1606281480,+3.40, +4.010, +0.176,+0.956
1606281540,+3.40, +4.000, +0.176,+0.956
1606281600,+3.40, +4.031, +0.177,+0.956
1606281660,+3.40, +4.031, +0.176,+0.956
1606281720,+3.40, +3.989, +0.177,+0.956
1606281780,+3.40, +4.010, +0.176,+0.956
1606281840,+3.40, +4.031, +0.176,+0.956
1606281900,+3.40, +4.020, +0.174,+0.956
1606281960,+3.40, +4.020, +0.177,+0.956
1606282020,+3.40, +4.010, +0.177,+0.956
1606282080,+3.40, +4.031, +0.175,+0.956
1606282140,+3.40, +4.000, +0.174,+0.956
1606282200,+3.40, +4.010, +0.176,+0.956
1606282260,+3.40, +4.010, +0.175,+0.956
1606282320,+3.40, +4.010, +0.174,+0.956
1606282380,+3.40, +4.020, +0.175,+0.956
1606282440,+3.40, +4.010, +0.174,+0.956
1606282500,+3.40, +4.020, +0.174,+0.956
1606282560,+3.40, +4.031, +0.175,+0.956
1606282620,+3.40, +4.000, +0.174,+0.956
1606282680,+3.39, +4.010, +0.173,+0.956
1606282740,+3.40, +4.020, +0.174,+0.956
1606282800,+3.40, +4.020, +0.174,+0.956
1606282860,+3.40, +4.020, +0.174,+0.956
1606282920,+3.40, +4.010, +0.175,+0.956
1606282980,+3.40, +4.020, +0.175,+0.956
1606283040,+3.40, +4.010, +0.174,+0.956
1606283100,+3.40, +4.020, +0.173,+0.956
1606283160,+3.40, +4.000, +0.173,+0.956
1606283220,+3.40, +4.031, +0.172,+0.956
1606283280,+3.40, +4.000, +0.173,+0.956
1606283340,+3.40, +4.000, +0.173,+0.956
1606283400,+3.40, +4.031, +0.174,+0.956
1606283460,+3.40, +4.041, +0.173,+0.956
1606283520,+3.40, +3.989, +0.174,+0.956
1606283580,+3.40, +4.020, +0.174,+0.956
1606283640,+3.40, +4.020, +0.174,+0.956
1606283700,+3.40, +4.020, +0.172,+0.956
1606283760,+3.40, +4.000, +0.173,+0.956
1606283820,+3.40, +3.989, +0.173,+0.956
1606283880,+3.40, +3.969, +0.174,+0.956
1606283940,+3.40, +4.010, +0.173,+0.956
1606284000,+3.40, +4.020, +0.173,+0.956
1606284060,+3.40, +4.031, +0.172,+0.956
1606284120,+3.39, +4.020, +0.172,+0.956
1606284180,+3.40, +4.031, +0.170,+0.956
1606284240,+3.40, +4.000, +0.171,+0.956
1606284300,+3.40, +4.010, +0.171,+0.956
1606284360,+3.40, +4.010, +0.170,+0.956
1606284420,+3.40, +4.020, +0.170,+0.956
1606284480,+3.40, +4.000, +0.171,+0.956
1606284540,+3.40, +4.010, +0.170,+0.956
1606284600,+3.40, +4.010, +0.170,+0.956
1606284660,+3.40, +4.010, +0.171,+0.956
1606284720,+3.40, +4.020, +0.171,+0.956
1606284780,+3.39, +4.010, +0.170,+0.956
1606284840,+3.40, +3.989, +0.170,+0.956
1606284900,+3.40, +4.010, +0.169,+0.956
1606284960,+3.40, +4.010, +0.170,+0.956
1606285020,+3.40, +4.020, +0.171,+0.956
1606285080,+3.40, +4.031, +0.171,+0.956
1606285140,+3.39, +4.010, +0.170,+0.956
1606285200,+3.39, +4.010, +0.171,+0.956
1606285260,+3.39, +4.020, +0.171,+0.956
1606285320,+3.40, +4.010, +0.169,+0.956
1606285380,+3.40, +4.000, +0.170,+0.956
1606285440,+3.40, +4.031, +0.170,+0.956
1606285500,+3.40, +4.020, +0.170,+0.956
1606285560,+3.40, +4.020, +0.169,+0.956
1606285620,+3.40, +4.000, +0.172,+0.956
1606285680,+3.40, +4.010, +0.172,+0.956
1606285740,+3.40, +4.020, +0.173,+0.956
1606285800,+3.40, +3.979, +0.173,+0.956
1606285860,+3.40, +4.031, +0.172,+0.956
1606285920,+3.40, +4.020, +0.172,+0.956
1606285980,+3.40, +3.979, +0.174,+0.956
1606286040,+3.40, +4.010, +0.173,+0.956
1606286100,+3.40, +4.010, +0.174,+0.956
1606286160,+3.40, +4.041, +0.174,+0.956
1606286220,+3.40, +4.020, +0.175,+0.956
1606286280,+3.40, +4.020, +0.174,+0.956
1606286340,+3.40, +4.020, +0.176,+0.956
1606286400,+3.40, +4.020, +0.174,+0.956
1606286460,+3.39, +4.020, +0.176,+0.956
1606286520,+3.40, +4.010, +0.176,+0.956
1606286580,+3.40, +4.010, +0.177,+0.956
1606286640,+3.40, +4.010, +0.177,+0.956
1606286700,+3.40, +4.031, +0.177,+0.956
1606286760,+3.40, +4.010, +0.180,+0.956
1606286820,+3.40, +3.989, +0.178,+0.956
1606286880,+3.40, +4.000, +0.178,+0.956
1606286940,+3.40, +4.010, +0.180,+0.956
1606287000,+3.40, +4.031, +0.179,+0.956
1606287060,+3.40, +4.000, +0.179,+0.956
1606287120,+3.40, +4.020, +0.180,+0.956
1606287180,+3.40, +3.989, +0.179,+0.956
1606287240,+3.40, +4.010, +0.178,+0.956
1606287300,+3.40, +4.000, +0.178,+0.956
1606287360,+3.40, +4.020, +0.180,+0.956
1606287420,+3.40, +4.000, +0.180,+0.956
1606287480,+3.40, +4.031, +0.179,+0.956
1606287540,+3.40, +4.041, +0.179,+0.956
1606287600,+3.40, +4.031, +0.177,+0.956
1606287660,+3.40, +4.000, +0.177,+0.956
1606287720,+3.40, +4.041, +0.180,+0.956
1606287780,+3.40, +4.020, +0.178,+0.956
1606287840,+3.40, +4.031, +0.178,+0.956
1606287900,+3.40, +4.020, +0.178,+0.956
1606287960,+3.40, +4.010, +0.176,+0.956
1606288020,+3.40, +4.020, +0.178,+0.956
1606288080,+3.40, +4.020, +0.177,+0.956
1606288140,+3.40, +3.989, +0.177,+0.956
1606288200,+3.40, +4.031, +0.178,+0.956
1606288260,+3.40, +4.010, +0.176,+0.956
1606288320,+3.40, +4.020, +0.176,+0.956
1606288380,+3.40, +4.020, +0.176,+0.956
1606288440,+3.40, +4.010, +0.177,+0.956
1606288500,+3.40, +4.031, +0.178,+0.956
1606288560,+3.40, +4.031, +0.175,+0.956
1606288620,+3.40, +4.010, +0.176,+0.956
1606288680,+3.40, +3.989, +0.176,+0.956
1606288740,+3.40, +4.020, +0.177,+0.956
1606288800,+3.40, +4.010, +0.174,+0.956
1606288860,+3.40, +4.041, +0.174,+0.956
1606288920,+3.40, +4.010, +0.176,+0.956
1606288980,+3.40, +4.031, +0.174,+0.956
1606289040,+3.40, +4.031, +0.174,+0.956
1606289100,+3.40, +4.020, +0.175,+0.956
1606289160,+3.39, +4.020, +0.175,+0.956
1606289220,+3.40, +4.020, +0.174,+0.956
1606289280,+3.40, +4.020, +0.174,+0.956
1606289340,+3.40, +4.020, +0.172,+0.956
1606289400,+3.40, +4.020, +0.173,+0.956
1606289460,+3.40, +3.989, +0.173,+0.956
1606289520,+3.40, +4.031, +0.174,+0.956
1606289580,+3.40, +4.031, +0.174,+0.956
1606289640,+3.40, +4.010, +0.173,+0.956
1606289700,+3.40, +4.000, +0.173,+0.956
1606289760,+3.40, +4.031, +0.172,+0.956
1606289820,+3.40, +4.010, +0.173,+0.956
1606289880,+3.40, +4.041, +0.172,+0.956
1606289940,+3.40, +4.010, +0.172,+0.956
1606290000,+3.40, +4.000, +0.172,+0.956
1606290060,+3.40, +4.031, +0.172,+0.956
1606290120,+3.40, +4.000, +0.172,+0.956
1606290180,+3.40, +4.000, +0.172,+0.956
1606290240,+3.40, +4.020, +0.172,+0.956
1606290300,+3.40, +4.010, +0.173,+0.956
1606290360,+3.40, +4.010, +0.170,+0.956
1606290420,+3.40, +4.020, +0.172,+0.956
1606290480,+3.40, +4.010, +0.172,+0.956
1606290540,+3.40, +3.989, +0.171,+0.956
1606290600,+3.40, +3.979, +0.173,+0.956
1606290660,+3.40, +4.010, +0.172,+0.956
1606290720,+3.40, +4.010, +0.172,+0.956
1606290780,+3.39, +3.979, +0.172,+0.956
1606290840,+3.40, +4.031, +0.172,+0.956
1606290900,+3.40, +4.020, +0.172,+0.956
1606290960,+3.40, +4.031, +0.173,+0.956
1606291020,+3.40, +4.010, +0.173,+0.956
1606291080,+3.40, +4.020, +0.171,+0.956
1606291140,+3.40, +4.010, +0.172,+0.956
1606291200,+3.40, +4.010, +0.172,+0.956
1606291260,+3.40, +4.010, +0.171,+0.956
1606291320,+3.40, +3.989, +0.171,+0.956
1606291380,+3.40, +4.031, +0.173,+0.956
1606291440,+3.40, +3.989, +0.172,+0.956
1606291500,+3.40, +4.010, +0.172,+0.956
1606291560,+3.40, +4.031, +0.172,+0.956
1606291620,+3.40, +3.989, +0.174,+0.956
1606291680,+3.40, +4.000, +0.173,+0.956
1606291740,+3.40, +3.989, +0.173,+0.956
1606291800,+3.40, +4.010, +0.172,+0.956
1606291860,+3.40, +4.020, +0.172,+0.956
1606291920,+3.40, +4.000, +0.172,+0.956
1606291980,+3.40, +4.031, +0.174,+0.956
1606292040,+3.40, +4.020, +0.172,+0.956
1606292100,+3.40, +3.989, +0.173,+0.956
1606292160,+3.40, +4.000, +0.173,+0.956
1606292220,+3.40, +4.020, +0.172,+0.956
1606292280,+3.40, +4.010, +0.171,+0.956
1606292340,+3.40, +4.000, +0.171,+0.956
1606292400,+3.40, +4.052, +0.170,+0.956
1606292460,+3.40, +4.020, +0.171,+0.956
1606292520,+3.40, +4.010, +0.172,+0.956
1606292580,+3.39, +4.031, +0.171,+0.956
1606292640,+3.40, +3.989, +0.172,+0.956
1606292700,+3.40, +4.041, +0.171,+0.956
1606292760,+3.40, +4.000, +0.172,+0.956
1606292820,+3.40, +4.020, +0.171,+0.956
1606292880,+3.40, +3.989, +0.170,+0.956
1606292940,+3.40, +3.989, +0.169,+0.956
1606293000,+3.40, +4.000, +0.171,+0.956
1606293060,+3.40, +3.979, +0.170,+0.956
1606293120,+3.40, +4.010, +0.170,+0.956
1606293180,+3.40, +4.010, +0.172,+0.956
1606293240,+3.40, +4.010, +0.169,+0.956
1606293300,+3.40, +4.000, +0.170,+0.956
1606293360,+3.40, +4.041, +0.171,+0.956
1606293420,+3.40, +4.031, +0.170,+0.956
1606293480,+3.40, +4.000, +0.171,+0.956
1606293540,+3.40, +4.031, +0.169,+0.956
1606293600,+3.40, +3.979, +0.169,+0.956
1606293660,+3.40, +4.020, +0.170,+0.956
1606293720,+3.40, +4.020, +0.169,+0.956
1606293780,+3.40, +4.000, +0.169,+0.956
1606293840,+3.40, +4.020, +0.168,+0.956
1606293900,+3.40, +4.031, +0.169,+0.956
1606293960,+3.40, +4.010, +0.169,+0.956
1606294020,+3.40, +4.020, +0.169,+0.956
1606294080,+3.40, +4.031, +0.168,+0.956
1606294140,+3.40, +4.000, +0.169,+0.956
1606294200,+3.40, +4.041, +0.168,+0.956
1606294260,+3.40, +4.031, +0.169,+0.956
1606294320,+3.40, +4.031, +0.167,+0.956
1606294380,+3.40, +4.020, +0.168,+0.956
1606294440,+3.40, +4.020, +0.169,+0.956
1606294500,+3.40, +4.010, +0.169,+0.956
1606294560,+3.39, +4.000, +0.169,+0.956
1606294620,+3.40, +3.979, +0.169,+0.956
1606294680,+3.40, +4.031, +0.168,+0.956
1606294740,+3.40, +4.010, +0.168,+0.956
1606294800,+3.40, +4.031, +0.168,+0.956
1606294860,+3.39, +4.010, +0.167,+0.956
1606294920,+3.40, +4.000, +0.170,+0.956
1606294980,+3.40, +4.020, +0.168,+0.956
1606295040,+3.40, +4.010, +0.167,+0.956
1606295100,+3.40, +4.010, +0.168,+0.956
1606295160,+3.40, +4.020, +0.168,+0.956
1606295220,+3.40, +4.020, +0.167,+0.956
1606295280,+3.40, +4.020, +0.166,+0.956
1606295340,+3.40, +4.010, +0.169,+0.956
1606295400,+3.40, +4.000, +0.167,+0.956
1606295460,+3.40, +4.041, +0.166,+0.956
1606295520,+3.39, +3.989, +0.167,+0.956
1606295580,+3.40, +4.010, +0.168,+0.956
1606295640,+3.40, +4.010, +0.168,+0.956
1606295700,+3.40, +4.020, +0.166,+0.956
1606295760,+3.40, +3.969, +0.168,+0.956
1606295820,+3.40, +4.000, +0.167,+0.956
1606295880,+3.40, +4.010, +0.167,+0.956
1606295940,+3.40, +4.000, +0.168,+0.956
1606296000,+3.40, +4.020, +0.168,+0.956
1606296060,+3.40, +4.052, +0.166,+0.956
1606296120,+3.40, +3.979, +0.169,+0.956
1606296180,+3.40, +4.020, +0.167,+0.956
1606296240,+3.40, +3.989, +0.167,+0.956
1606296300,+3.40, +4.010, +0.169,+0.956
1606296360,+3.40, +4.041, +0.168,+0.956
1606296420,+3.40, +4.000, +0.167,+0.956
1606296480,+3.40, +3.969, +0.168,+0.956
1606296540,+3.40, +4.020, +0.167,+0.956
1606296600,+3.40, +4.020, +0.166,+0.956
1606296660,+3.40, +4.031, +0.167,+0.956
1606296720,+3.40, +4.031, +0.167,+0.956
1606296780,+3.40, +4.000, +0.167,+0.956
1606296840,+3.40, +4.020, +0.167,+0.956
1606296900,+3.40, +4.010, +0.166,+0.956
1606296960,+3.40, +4.000, +0.167,+0.956
1606297020,+3.40, +3.989, +0.167,+0.956
1606297080,+3.40, +4.010, +0.166,+0.956
1606297140,+3.40, +4.000, +0.166,+0.956
1606297200,+3.40, +4.020, +0.167,+0.956
1606297260,+3.40, +3.989, +0.167,+0.956
1606297320,+3.40, +4.010, +0.166,+0.956
1606297380,+3.40, +4.000, +0.166,+0.956
1606297440,+3.40, +3.989, +0.166,+0.956
1606297500,+3.40, +4.000, +0.167,+0.956
1606297560,+3.40, +4.020, +0.167,+0.956
1606297620,+3.40, +4.020, +0.167,+0.956
1606297680,+3.40, +4.020, +0.166,+0.956
1606297740,+3.40, +4.010, +0.166,+0.956
1606297800,+3.40, +3.989, +0.168,+0.956
1606297860,+3.40, +4.000, +0.168,+0.956
1606297920,+3.40, +4.031, +0.166,+0.956
1606297980,+3.40, +4.020, +0.166,+0.956
1606298040,+3.40, +4.031, +0.166,+0.956
1606298100,+3.40, +4.020, +0.166,+0.956
1606298160,+3.40, +4.010, +0.165,+0.956
1606298220,+3.40, +4.031, +0.167,+0.956
1606298280,+3.40, +4.041, +0.167,+0.956
1606298340,+3.40, +4.000, +0.165,+0.956
1606298400,+3.40, +4.010, +0.168,+0.956
1606298460,+3.40, +4.020, +0.165,+0.956
1606298520,+3.40, +4.000, +0.166,+0.956
1606298580,+3.40, +4.031, +0.166,+0.956
1606298640,+3.40, +4.020, +0.167,+0.956
1606298700,+3.40, +4.010, +0.165,+0.956
1606298760,+3.40, +4.031, +0.165,+0.956
1606298820,+3.40, +4.010, +0.166,+0.956
1606298880,+3.40, +4.020, +0.166,+0.956
1606298940,+3.40, +4.010, +0.165,+0.956
1606299000,+3.40, +3.989, +0.166,+0.956
1606299060,+3.40, +4.000, +0.165,+0.956
1606299120,+3.40, +4.031, +0.165,+0.956
1606299180,+3.40, +4.072, +0.164,+0.956
1606299240,+3.40, +3.989, +0.167,+0.956
1606299300,+3.39, +4.031, +0.165,+0.956
1606299360,+3.40, +4.010, +0.166,+0.956
1606299420,+3.40, +4.041, +0.165,+0.956
1606299480,+3.39, +4.031, +0.165,+0.956
1606299540,+3.40, +4.000, +0.165,+0.956
1606299600,+3.40, +3.989, +0.167,+0.956
1606299660,+3.40, +3.989, +0.166,+0.956
1606299720,+3.40, +4.020, +0.166,+0.956
1606299780,+3.40, +4.052, +0.165,+0.956
1606299840,+3.40, +4.020, +0.166,+0.956
1606299900,+3.40, +4.062, +0.164,+0.956
1606299960,+3.40, +4.000, +0.166,+0.956
1606300020,+3.40, +3.989, +0.166,+0.956
1606300080,+3.40, +4.020, +0.165,+0.956
1606300140,+3.40, +4.031, +0.166,+0.956
1606300200,+3.40, +4.031, +0.164,+0.956
1606300260,+3.40, +4.000, +0.165,+0.956
1606300320,+3.40, +4.031, +0.165,+0.956
1606300380,+3.40, +4.010, +0.165,+0.956
1606300440,+3.39, +4.010, +0.165,+0.956
1606300500,+3.40, +4.020, +0.166,+0.956
1606300560,+3.40, +4.041, +0.163,+0.956
1606300620,+3.40, +4.000, +0.165,+0.955
1606300680,+3.40, +4.000, +0.166,+0.956
1606300740,+3.40, +4.031, +0.164,+0.956
1606300800,+3.40, +4.000, +0.165,+0.956
1606300860,+3.40, +4.010, +0.167,+0.956
1606300920,+3.40, +4.031, +0.165,+0.956
1606300980,+3.40, +4.020, +0.166,+0.956
1606301040,+3.40, +4.020, +0.165,+0.956
1606301100,+3.39, +4.041, +0.165,+0.956
1606301160,+3.40, +4.000, +0.166,+0.956
1606301220,+3.40, +4.010, +0.165,+0.956
1606301280,+3.40, +4.041, +0.167,+0.956
1606301340,+3.40, +4.020, +0.168,+0.956
1606301400,+3.40, +4.010, +0.166,+0.956
1606301460,+3.40, +4.020, +0.165,+0.956
1606301520,+3.40, +4.031, +0.166,+0.956
1606301580,+3.40, +4.000, +0.164,+0.955
1606301640,+3.40, +4.000, +0.165,+0.956
1606301700,+3.40, +4.010, +0.165,+0.956
1606301760,+3.40, +4.031, +0.166,+0.956
1606301820,+3.40, +3.989, +0.166,+0.956
1606301880,+3.40, +4.010, +0.166,+0.956
1606301940,+3.40, +4.031, +0.166,+0.956
1606302000,+3.40, +4.020, +0.165,+0.955
1606302060,+3.40, +4.020, +0.166,+0.956
1606302120,+3.40, +4.062, +0.165,+0.956
1606302180,+3.40, +4.000, +0.167,+0.956
1606302240,+3.40, +4.010, +0.166,+0.956
1606302300,+3.40, +4.000, +0.168,+0.956
1606302360,+3.40, +4.031, +0.166,+0.956
1606302420,+3.40, +4.041, +0.166,+0.956
1606302480,+3.40, +3.979, +0.166,+0.956
1606302540,+3.40, +4.020, +0.166,+0.956
1606302600,+3.40, +4.020, +0.166,+0.956
1606302660,+3.40, +4.010, +0.166,+0.956
1606302720,+3.40, +4.000, +0.167,+0.956
1606302780,+3.39, +4.010, +0.165,+0.956
1606302840,+3.40, +3.989, +0.167,+0.956
1606302900,+3.40, +4.000, +0.166,+0.956
1606302960,+3.40, +4.020, +0.165,+0.956
1606303020,+3.40, +4.000, +0.167,+0.956
1606303080,+3.40, +4.000, +0.167,+0.956
1606303140,+3.40, +4.000, +0.166,+0.956
1606303200,+3.40, +4.031, +0.163,+0.956
1606303260,+3.40, +3.989, +0.164,+0.956
1606303320,+3.40, +4.000, +0.164,+0.956
1606303380,+3.40, +4.010, +0.165,+0.956
1606303440,+3.40, +4.041, +0.165,+0.956
1606303500,+3.40, +4.052, +0.165,+0.956
1606303560,+3.40, +4.010, +0.163,+0.956
1606303620,+3.40, +4.000, +0.166,+0.956
1606303680,+3.40, +4.031, +0.165,+0.956
1606303740,+3.40, +4.020, +0.165,+0.956
1606303800,+3.40, +4.000, +0.165,+0.956
1606303860,+3.40, +4.020, +0.167,+0.956
1606303920,+3.40, +4.031, +0.166,+0.956
1606303980,+3.40, +4.000, +0.166,+0.956
1606304040,+3.40, +4.000, +0.167,+0.956
1606304100,+3.39, +4.041, +0.164,+0.956
1606304160,+3.40, +4.020, +0.164,+0.956
1606304220,+3.40, +4.000, +0.165,+0.956
1606304280,+3.40, +4.020, +0.166,+0.956
1606304340,+3.40, +4.031, +0.167,+0.956
1606304400,+3.40, +4.010, +0.165,+0.956
1606304460,+3.40, +4.020, +0.165,+0.956
1606304520,+3.40, +4.010, +0.165,+0.956
1606304580,+3.40, +4.020, +0.164,+0.956
1606304640,+3.40, +3.989, +0.165,+0.956
1606304700,+3.40, +4.020, +0.166,+0.956
1606304760,+3.40, +4.010, +0.167,+0.956
1606304820,+3.40, +4.000, +0.164,+0.956
1606304880,+3.40, +4.000, +0.165,+0.956
1606304940,+3.40, +4.000, +0.165,+0.956
1606305000,+3.40, +4.020, +0.167,+0.956
1606305060,+3.40, +4.000, +0.165,+0.956
1606305120,+3.40, +4.031, +0.165,+0.956
1606305180,+3.40, +4.020, +0.165,+0.956
1606305240,+3.40, +4.041, +0.164,+0.956
1606305300,+3.40, +4.020, +0.166,+0.956
1606305360,+3.40, +4.041, +0.163,+0.956
1606305420,+3.40, +4.020, +0.164,+0.956
1606305480,+3.40, +4.010, +0.165,+0.956
1606305540,+3.40, +4.000, +0.166,+0.956
1606305600,+3.39, +4.000, +0.165,+0.956
1606305660,+3.40, +4.020, +0.165,+0.956
1606305720,+3.40, +4.020, +0.166,+0.956
1606305780,+3.40, +4.041, +0.166,+0.956
1606305840,+3.40, +4.031, +0.166,+0.956
1606305900,+3.40, +4.010, +0.166,+0.956
1606305960,+3.40, +4.000, +0.167,+0.956
1606306020,+3.40, +4.010, +0.165,+0.956
1606306080,+3.40, +4.041, +0.166,+0.956
1606306140,+3.39, +4.020, +0.165,+0.956
1606306200,+3.40, +4.031, +0.165,+0.956
1606306260,+3.39, +4.020, +0.166,+0.956
1606306320,+3.40, +4.031, +0.165,+0.956
1606306380,+3.40, +4.020, +0.164,+0.956
1606306440,+3.39, +3.979, +0.166,+0.956
1606306500,+3.40, +4.000, +0.165,+0.956
1606306560,+3.40, +4.020, +0.165,+0.956
1606306620,+3.40, +4.041, +0.165,+0.956
1606306680,+3.40, +4.031, +0.167,+0.956
1606306740,+3.40, +4.020, +0.164,+0.956
1606306800,+3.40, +4.000, +0.166,+0.956
1606306860,+3.40, +4.031, +0.164,+0.956
1606306920,+3.40, +4.020, +0.165,+0.956
1606306980,+3.40, +4.031, +0.168,+0.956
1606307040,+3.40, +4.000, +0.167,+0.956
1606307100,+3.40, +4.010, +0.166,+0.956
1606307160,+3.40, +4.010, +0.165,+0.956
1606307220,+3.40, +4.010, +0.166,+0.956
1606307280,+3.40, +4.000, +0.167,+0.956
1606307340,+3.40, +3.989, +0.166,+0.956
1606307400,+3.40, +4.031, +0.165,+0.956
1606307460,+3.39, +3.989, +0.166,+0.956
1606307520,+3.40, +4.010, +0.167,+0.956
1606307580,+3.40, +4.010, +0.165,+0.956
1606307640,+3.40, +4.020, +0.165,+0.956
1606307700,+3.40, +3.989, +0.164,+0.956
1606307760,+3.40, +4.020, +0.165,+0.956
1606307820,+3.40, +4.072, +0.163,+0.956
1606307880,+3.39, +4.031, +0.165,+0.956
1606307940,+3.40, +4.020, +0.165,+0.956
1606308000,+3.39, +3.989, +0.165,+0.956
1606308060,+3.39, +3.989, +0.164,+0.956
1606308120,+3.40, +4.020, +0.164,+0.956
1606308180,+3.39, +4.031, +0.166,+0.956
1606308240,+3.39, +4.020, +0.165,+0.956
1606308300,+3.39, +4.000, +0.165,+0.956
1606308360,+3.39, +4.031, +0.166,+0.956
1606308420,+3.39, +4.062, +0.165,+0.956
1606308480,+3.39, +4.000, +0.168,+0.956
1606308540,+3.39, +4.020, +0.166,+0.956
1606308600,+3.39, +4.031, +0.165,+0.956
1606308660,+3.39, +4.020, +0.165,+0.956
1606308720,+3.40, +4.031, +0.165,+0.956
1606308780,+3.39, +4.020, +0.165,+0.956
1606308840,+3.40, +4.010, +0.164,+0.956
1606308900,+3.39, +4.020, +0.165,+0.956
1606308960,+3.39, +3.989, +0.165,+0.956
1606309020,+3.39, +4.020, +0.165,+0.956
1606309080,+3.39, +4.010, +0.166,+0.956
1606309140,+3.39, +4.031, +0.164,+0.956
1606309200,+3.39, +4.010, +0.167,+0.956
1606309260,+3.39, +4.031, +0.165,+0.956
1606309320,+3.39, +4.020, +0.165,+0.956
1606309380,+3.39, +4.000, +0.163,+0.956
1606309440,+3.39, +3.979, +0.166,+0.956
1606309500,+3.39, +4.010, +0.166,+0.956
1606309560,+3.40, +4.010, +0.164,+0.956
1606309620,+3.39, +4.020, +0.164,+0.956
1606309680,+3.40, +4.010, +0.166,+0.956
1606309740,+3.40, +4.041, +0.165,+0.956
1606309800,+3.39, +4.010, +0.164,+0.956
1606309860,+3.39, +3.989, +0.164,+0.956
1606309920,+3.39, +4.031, +0.164,+0.956
1606309980,+3.39, +4.031, +0.164,+0.956
1606310040,+3.39, +4.010, +0.165,+0.956
1606310100,+3.40, +4.031, +0.164,+0.956
1606310160,+3.39, +4.010, +0.165,+0.956
1606310220,+3.39, +4.000, +0.164,+0.956
1606310280,+3.39, +3.989, +0.165,+0.956
1606310340,+3.39, +4.031, +0.165,+0.956
1606310400,+3.39, +4.010, +0.165,+0.956
1606310460,+3.39, +4.010, +0.165,+0.956
1606310520,+3.39, +4.031, +0.164,+0.956
1606310580,+3.39, +4.000, +0.165,+0.956
1606310640,+3.39, +4.010, +0.165,+0.956
1606310700,+3.39, +3.989, +0.165,+0.956
1606310760,+3.40, +4.000, +0.165,+0.956
1606310820,+3.39, +4.031, +0.165,+0.956
1606310880,+3.39, +3.989, +0.166,+0.956
1606310940,+3.39, +4.031, +0.165,+0.956
1606311000,+3.40, +4.020, +0.167,+0.956
1606311060,+3.40, +4.020, +0.164,+0.956
1606311120,+3.39, +3.989, +0.165,+0.956
1606311180,+3.39, +4.000, +0.165,+0.956
1606311240,+3.39, +4.010, +0.165,+0.956
1606311300,+3.39, +4.041, +0.164,+0.956
1606311360,+3.39, +4.010, +0.164,+0.956
1606311420,+3.39, +3.969, +0.165,+0.956
1606311480,+3.39, +3.989, +0.166,+0.956
1606311540,+3.40, +4.020, +0.166,+0.956
1606311600,+3.39, +4.020, +0.165,+0.956
1606311660,+3.39, +4.010, +0.166,+0.956
1606311720,+3.40, +4.020, +0.163,+0.956
1606311780,+3.39, +4.020, +0.165,+0.956
1606311840,+3.39, +3.917, +0.167,+0.956
1606311900,+3.40, +4.010, +0.164,+0.956
1606311960,+3.40, +4.020, +0.165,+0.956
1606312020,+3.39, +4.000, +0.165,+0.956
1606312080,+3.39, +4.000, +0.165,+0.956
1606312140,+3.39, +3.989, +0.166,+0.956
1606312200,+3.39, +3.989, +0.166,+0.956
1606312260,+3.40, +4.010, +0.166,+0.956
1606312320,+3.39, +4.020, +0.166,+0.956
1606312380,+3.39, +4.010, +0.166,+0.956
1606312440,+3.39, +4.020, +0.167,+0.956
1606312500,+3.39, +4.010, +0.167,+0.956
1606312560,+3.39, +4.031, +0.166,+0.956
1606312620,+3.39, +3.989, +0.168,+0.956
1606312680,+3.40, +3.989, +0.167,+0.956
1606312740,+3.40, +4.010, +0.166,+0.956
1606312800,+3.39, +4.010, +0.168,+0.956
1606312860,+3.39, +3.989, +0.167,+0.956
1606312920,+3.39, +4.020, +0.167,+0.956
1606312980,+3.40, +4.020, +0.166,+0.956
1606313040,+3.39, +3.989, +0.166,+0.956
1606313100,+3.39, +4.020, +0.166,+0.956
1606313160,+3.39, +4.020, +0.165,+0.956
1606313220,+3.40, +4.031, +0.166,+0.956
1606313280,+3.40, +4.031, +0.166,+0.956
1606313340,+3.39, +4.010, +0.166,+0.956
1606313400,+3.40, +4.000, +0.167,+0.956
1606313460,+3.39, +4.020, +0.165,+0.956
1606313520,+3.40, +4.000, +0.166,+0.956
1606313580,+3.40, +4.000, +0.166,+0.956
1606313640,+3.39, +4.010, +0.166,+0.956
1606313700,+3.39, +4.000, +0.165,+0.956
1606313760,+3.39, +4.000, +0.166,+0.956
1606313820,+3.40, +4.020, +0.166,+0.956
1606313880,+3.40, +4.020, +0.166,+0.956
1606313940,+3.40, +4.000, +0.166,+0.956
1606314000,+3.40, +4.000, +0.165,+0.956
1606314060,+3.39, +3.989, +0.165,+0.956
1606314120,+3.39, +4.010, +0.165,+0.956
1606314180,+3.39, +4.020, +0.165,+0.956
1606314240,+3.40, +4.031, +0.167,+0.956
1606314300,+3.40, +4.031, +0.163,+0.956
1606314360,+3.39, +4.010, +0.166,+0.956
1606314420,+3.40, +3.989, +0.167,+0.956
1606314480,+3.40, +4.000, +0.166,+0.956
1606314540,+3.39, +4.020, +0.164,+0.956
1606314600,+3.39, +4.020, +0.164,+0.956
1606314660,+3.39, +4.031, +0.167,+0.956
1606314720,+3.39, +4.020, +0.165,+0.956
1606314780,+3.40, +4.052, +0.165,+0.956
1606314840,+3.39, +4.020, +0.166,+0.956
1606314900,+3.40, +4.000, +0.165,+0.956
1606314960,+3.40, +4.041, +0.165,+0.956
1606315020,+3.39, +4.010, +0.166,+0.956
1606315080,+3.39, +4.031, +0.164,+0.956
1606315140,+3.39, +4.041, +0.165,+0.956
1606315200,+3.39, +4.031, +0.165,+0.956
1606315260,+3.40, +4.000, +0.165,+0.956
1606315320,+3.40, +4.020, +0.165,+0.956
1606315380,+3.39, +4.020, +0.165,+0.956
1606315440,+3.40, +4.000, +0.166,+0.956
1606315500,+3.39, +4.010, +0.166,+0.956
1606315560,+3.39, +4.000, +0.165,+0.956
1606315620,+3.40, +4.020, +0.166,+0.956
1606315680,+3.39, +4.000, +0.167,+0.956
1606315740,+3.40, +4.000, +0.166,+0.956
1606315800,+3.39, +4.020, +0.166,+0.956
1606315860,+3.39, +4.020, +0.166,+0.956
1606315920,+3.39, +4.010, +0.165,+0.956
1606315980,+3.40, +4.010, +0.166,+0.956
1606316040,+3.39, +3.948, +0.168,+0.956
1606316100,+3.40, +4.000, +0.165,+0.956
1606316160,+3.40, +4.000, +0.166,+0.956
1606316220,+3.40, +3.989, +0.165,+0.956
1606316280,+3.40, +4.031, +0.166,+0.956
1606316340,+3.40, +3.958, +0.167,+0.956
1606316400,+3.40, +4.010, +0.166,+0.956
1606316460,+3.39, +4.020, +0.166,+0.956
1606316520,+3.40, +4.010, +0.164,+0.956
1606316580,+3.39, +4.020, +0.165,+0.956
1606316640,+3.40, +4.031, +0.165,+0.956
1606316700,+3.40, +4.010, +0.165,+0.956
1606316760,+3.40, +4.010, +0.166,+0.956
1606316820,+3.40, +4.000, +0.165,+0.956
1606316880,+3.40, +3.948, +0.166,+0.956
1606316940,+3.39, +3.989, +0.167,+0.956
1606317000,+3.40, +4.020, +0.165,+0.956
1606317060,+3.39, +4.000, +0.167,+0.956
1606317120,+3.40, +4.000, +0.166,+0.956
1606317180,+3.40, +3.989, +0.166,+0.956
1606317240,+3.39, +4.010, +0.164,+0.956
1606317300,+3.39, +3.989, +0.165,+0.956
1606317360,+3.40, +4.010, +0.166,+0.956
1606317420,+3.39, +3.979, +0.166,+0.956
1606317480,+3.39, +4.000, +0.165,+0.956
1606317540,+3.39, +4.010, +0.165,+0.956
1606317600,+3.39, +4.020, +0.165,+0.956
1606317660,+3.40, +4.000, +0.166,+0.956
1606317720,+3.40, +4.000, +0.167,+0.956
1606317780,+3.40, +3.989, +0.165,+0.956
1606317840,+3.40, +4.041, +0.164,+0.956
1606317900,+3.39, +4.020, +0.165,+0.956
1606317960,+3.39, +4.020, +0.165,+0.956
1606318020,+3.40, +3.989, +0.165,+0.956
1606318080,+3.40, +4.031, +0.167,+0.956
1606318140,+3.40, +4.020, +0.164,+0.956
1606318200,+3.40, +4.000, +0.166,+0.956
1606318260,+3.40, +4.010, +0.165,+0.956
1606318320,+3.39, +4.020, +0.165,+0.956
1606318380,+3.39, +4.020, +0.164,+0.956
1606318440,+3.39, +3.989, +0.165,+0.956
1606318500,+3.40, +3.989, +0.165,+0.956
1606318560,+3.40, +4.000, +0.166,+0.956
1606318620,+3.40, +3.969, +0.165,+0.956
1606318680,+3.40, +4.000, +0.165,+0.956
1606318740,+3.40, +4.010, +0.164,+0.956
1606318800,+3.40, +4.020, +0.165,+0.956
1606318860,+3.40, +4.010, +0.165,+0.956
1606318920,+3.40, +4.010, +0.165,+0.956
1606318980,+3.39, +4.020, +0.165,+0.956
1606319040,+3.39, +3.989, +0.165,+0.956
1606319100,+3.40, +3.989, +0.167,+0.956
1606319160,+3.40, +4.020, +0.165,+0.956
1606319220,+3.39, +3.979, +0.166,+0.956
1606319280,+3.40, +4.031, +0.164,+0.956
1606319340,+3.39, +3.989, +0.164,+0.956
1606319400,+3.40, +3.969, +0.166,+0.956
1606319460,+3.39, +4.020, +0.165,+0.956
1606319520,+3.40, +3.979, +0.167,+0.956
1606319580,+3.39, +4.000, +0.163,+0.956
1606319640,+3.40, +4.000, +0.165,+0.956
1606319700,+3.40, +3.989, +0.165,+0.956
1606319760,+3.40, +4.010, +0.165,+0.956
1606319820,+3.40, +4.041, +0.165,+0.956
1606319880,+3.40, +4.000, +0.166,+0.956
1606319940,+3.39, +4.000, +0.164,+0.956
1606320000,+3.40, +4.031, +0.165,+0.956
1606320060,+3.39, +4.010, +0.166,+0.956
1606320120,+3.40, +4.020, +0.166,+0.956
1606320180,+3.40, +4.010, +0.165,+0.956
1606320240,+3.40, +4.020, +0.165,+0.956
1606320300,+3.40, +4.041, +0.164,+0.956
1606320360,+3.40, +4.010, +0.164,+0.956
1606320420,+3.40, +4.010, +0.165,+0.956
1606320480,+3.40, +4.020, +0.164,+0.956
1606320540,+3.40, +4.000, +0.165,+0.956
1606320600,+3.40, +4.010, +0.164,+0.956
1606320660,+3.39, +3.979, +0.164,+0.956
1606320720,+3.40, +4.010, +0.165,+0.956
1606320780,+3.40, +4.020, +0.163,+0.956
1606320840,+3.39, +4.020, +0.165,+0.956
1606320900,+3.39, +4.010, +0.165,+0.956
1606320960,+3.40, +4.000, +0.166,+0.956
1606321020,+3.40, +4.000, +0.165,+0.956
1606321080,+3.39, +4.031, +0.164,+0.956
1606321140,+3.40, +4.020, +0.164,+0.956
1606321200,+3.40, +4.000, +0.165,+0.956
1606321260,+3.40, +4.020, +0.164,+0.956
1606321320,+3.39, +3.989, +0.166,+0.956
1606321380,+3.39, +3.989, +0.166,+0.956
1606321440,+3.40, +4.031, +0.164,+0.956
1606321500,+3.39, +4.010, +0.164,+0.956
1606321560,+3.40, +4.000, +0.166,+0.956
1606321620,+3.40, +4.010, +0.165,+0.956
1606321680,+3.39, +4.010, +0.165,+0.956
1606321740,+3.40, +4.052, +0.164,+0.956
1606321800,+3.40, +4.041, +0.164,+0.956
1606321860,+3.40, +4.010, +0.165,+0.956
1606321920,+3.40, +4.010, +0.165,+0.956
1606321980,+3.40, +3.989, +0.164,+0.956
1606322040,+3.39, +4.020, +0.163,+0.956
1606322100,+3.40, +4.041, +0.164,+0.956
1606322160,+3.40, +4.010, +0.163,+0.956
1606322220,+3.40, +4.000, +0.165,+0.956
1606322280,+3.40, +4.041, +0.164,+0.956
1606322340,+3.40, +4.031, +0.166,+0.956
1606322400,+3.40, +4.010, +0.167,+0.956
