7392-570653
OS REV: 1.11 Sensor Cal: 1428445788
Time (sec),  BV (Volts),  T (deg C),  DO (mg/l),  Q ()
1608482460,+3.39, +3.729, +0.166,+0.957
1608482520,+3.39, +3.708, +0.168,+0.956
1608482580,+3.39, +3.708, +0.168,+0.957
1608482640,+3.39, +3.698, +0.169,+0.957
1608482700,+3.39, +3.688, +0.167,+0.956
1608482760,+3.39, +3.708, +0.167,+0.956
1608482820,+3.39, +3.719, +0.166,+0.956
1608482880,+3.39, +3.698, +0.167,+0.956
1608482940,+3.39, +3.729, +0.168,+0.957
1608483000,+3.39, +3.698, +0.168,+0.956
1608483060,+3.39, +3.708, +0.169,+0.957
1608483120,+3.39, +3.729, +0.168,+0.956
1608483180,+3.39, +3.719, +0.166,+0.956
1608483240,+3.39, +3.708, +0.167,+0.956
1608483300,+3.39, +3.719, +0.167,+0.956
1608483360,+3.39, +3.688, +0.168,+0.956
1608483420,+3.39, +3.719, +0.165,+0.956
1608483480,+3.39, +3.719, +0.169,+0.957
1608483540,+3.39, +3.729, +0.167,+0.957
1608483600,+3.39, +3.729, +0.167,+0.957
1608483660,+3.39, +3.708, +0.167,+0.957
1608483720,+3.39, +3.708, +0.166,+0.956
1608483780,+3.39, +3.719, +0.167,+0.956
1608483840,+3.39, +3.719, +0.166,+0.956
1608483900,+3.39, +3.698, +0.168,+0.957
1608483960,+3.39, +3.708, +0.169,+0.957
1608484020,+3.39, +3.729, +0.167,+0.957
1608484080,+3.39, +3.740, +0.167,+0.957
1608484140,+3.39, +3.688, +0.167,+0.956
1608484200,+3.39, +3.729, +0.167,+0.956
1608484260,+3.39, +3.708, +0.167,+0.956
1608484320,+3.39, +3.719, +0.166,+0.956
1608484380,+3.39, +3.719, +0.167,+0.956
1608484440,+3.39, +3.708, +0.167,+0.956
1608484500,+3.39, +3.740, +0.165,+0.956
1608484560,+3.39, +3.677, +0.167,+0.956
1608484620,+3.39, +3.719, +0.166,+0.956
1608484680,+3.39, +3.719, +0.167,+0.957
1608484740,+3.39, +3.750, +0.168,+0.957
1608484800,+3.39, +3.708, +0.168,+0.957
1608484860,+3.39, +3.729, +0.166,+0.956
1608484920,+3.39, +3.719, +0.168,+0.957
1608484980,+3.39, +3.677, +0.168,+0.956
1608485040,+3.39, +3.708, +0.168,+0.956
1608485100,+3.39, +3.708, +0.168,+0.957
1608485160,+3.39, +3.708, +0.168,+0.957
1608485220,+3.39, +3.761, +0.166,+0.957
1608485280,+3.39, +3.719, +0.167,+0.957
1608485340,+3.39, +3.719, +0.167,+0.957
1608485400,+3.39, +3.708, +0.167,+0.956
1608485460,+3.39, +3.719, +0.166,+0.956
1608485520,+3.39, +3.708, +0.167,+0.956
1608485580,+3.39, +3.719, +0.168,+0.956
1608485640,+3.39, +3.698, +0.167,+0.957
1608485700,+3.39, +3.698, +0.167,+0.956
1608485760,+3.39, +3.719, +0.168,+0.956
1608485820,+3.39, +3.708, +0.166,+0.956
1608485880,+3.39, +3.708, +0.167,+0.956
1608485940,+3.39, +3.708, +0.166,+0.956
1608486000,+3.39, +3.729, +0.167,+0.957
1608486060,+3.39, +3.698, +0.168,+0.956
1608486120,+3.40, +3.698, +0.168,+0.957
1608486180,+3.39, +3.708, +0.167,+0.956
1608486240,+3.39, +3.708, +0.167,+0.956
1608486300,+3.39, +3.729, +0.168,+0.957
1608486360,+3.39, +3.688, +0.168,+0.957
1608486420,+3.39, +3.729, +0.168,+0.956
1608486480,+3.39, +3.708, +0.168,+0.956
1608486540,+3.40, +3.698, +0.168,+0.956
1608486600,+3.39, +3.729, +0.168,+0.957
1608486660,+3.39, +3.719, +0.167,+0.957
1608486720,+3.39, +3.719, +0.167,+0.956
1608486780,+3.39, +3.708, +0.167,+0.956
1608486840,+3.39, +3.698, +0.168,+0.957
1608486900,+3.39, +3.688, +0.169,+0.957
1608486960,+3.39, +3.708, +0.168,+0.957
1608487020,+3.39, +3.719, +0.166,+0.956
1608487080,+3.39, +3.698, +0.167,+0.956
1608487140,+3.39, +3.719, +0.167,+0.957
1608487200,+3.39, +3.698, +0.168,+0.957
1608487260,+3.39, +3.698, +0.166,+0.956
1608487320,+3.39, +3.708, +0.167,+0.956
1608487380,+3.39, +3.719, +0.168,+0.956
1608487440,+3.40, +3.698, +0.166,+0.956
1608487500,+3.39, +3.677, +0.166,+0.956
1608487560,+3.39, +3.729, +0.168,+0.957
1608487620,+3.39, +3.698, +0.168,+0.957
1608487680,+3.39, +3.656, +0.168,+0.957
1608487740,+3.39, +3.677, +0.167,+0.957
1608487800,+3.39, +3.729, +0.166,+0.956
1608487860,+3.39, +3.656, +0.168,+0.956
1608487920,+3.39, +3.698, +0.168,+0.956
1608487980,+3.39, +3.708, +0.167,+0.957
1608488040,+3.39, +3.740, +0.166,+0.957
1608488100,+3.39, +3.708, +0.167,+0.956
1608488160,+3.39, +3.719, +0.168,+0.956
1608488220,+3.39, +3.708, +0.167,+0.956
1608488280,+3.39, +3.698, +0.168,+0.957
1608488340,+3.39, +3.729, +0.169,+0.957
1608488400,+3.39, +3.719, +0.167,+0.957
1608488460,+3.39, +3.719, +0.168,+0.956
1608488520,+3.39, +3.688, +0.168,+0.957
1608488580,+3.39, +3.698, +0.167,+0.957
1608488640,+3.39, +3.708, +0.168,+0.956
1608488700,+3.39, +3.708, +0.168,+0.957
1608488760,+3.39, +3.719, +0.166,+0.956
1608488820,+3.39, +3.729, +0.166,+0.956
1608488880,+3.39, +3.708, +0.169,+0.957
1608488940,+3.39, +3.719, +0.166,+0.956
1608489000,+3.39, +3.688, +0.167,+0.956
1608489060,+3.40, +3.688, +0.166,+0.956
1608489120,+3.39, +3.708, +0.168,+0.957
1608489180,+3.39, +3.698, +0.168,+0.957
1608489240,+3.39, +3.719, +0.169,+0.957
1608489300,+3.40, +3.708, +0.166,+0.957
1608489360,+3.39, +3.729, +0.167,+0.957
1608489420,+3.39, +3.708, +0.167,+0.957
1608489480,+3.39, +3.698, +0.167,+0.956
1608489540,+3.40, +3.708, +0.167,+0.956
1608489600,+3.39, +3.667, +0.168,+0.956
1608489660,+3.39, +3.698, +0.168,+0.956
1608489720,+3.39, +3.708, +0.167,+0.956
1608489780,+3.39, +3.698, +0.167,+0.956
1608489840,+3.39, +3.698, +0.166,+0.956
1608489900,+3.40, +3.708, +0.167,+0.957
1608489960,+3.39, +3.698, +0.168,+0.957
1608490020,+3.40, +3.708, +0.168,+0.957
1608490080,+3.39, +3.708, +0.168,+0.956
1608490140,+3.39, +3.688, +0.167,+0.956
1608490200,+3.39, +3.677, +0.167,+0.956
1608490260,+3.39, +3.688, +0.167,+0.956
1608490320,+3.39, +3.708, +0.167,+0.956
1608490380,+3.39, +3.719, +0.168,+0.956
1608490440,+3.40, +3.708, +0.167,+0.956
1608490500,+3.40, +3.719, +0.166,+0.957
1608490560,+3.39, +3.740, +0.167,+0.957
1608490620,+3.39, +3.698, +0.167,+0.956
1608490680,+3.39, +3.729, +0.166,+0.957
1608490740,+3.39, +3.719, +0.167,+0.956
1608490800,+3.39, +3.708, +0.167,+0.956
1608490860,+3.39, +3.688, +0.168,+0.956
1608490920,+3.39, +3.698, +0.169,+0.956
1608490980,+3.39, +3.719, +0.168,+0.956
1608491040,+3.39, +3.719, +0.167,+0.956
1608491100,+3.39, +3.698, +0.167,+0.956
1608491160,+3.39, +3.698, +0.167,+0.956
1608491220,+3.39, +3.740, +0.167,+0.957
1608491280,+3.39, +3.719, +0.167,+0.956
1608491340,+3.39, +3.708, +0.168,+0.956
1608491400,+3.39, +3.708, +0.167,+0.956
1608491460,+3.39, +3.698, +0.167,+0.956
1608491520,+3.39, +3.719, +0.169,+0.956
1608491580,+3.39, +3.729, +0.166,+0.956
1608491640,+3.40, +3.698, +0.167,+0.956
1608491700,+3.39, +3.719, +0.168,+0.956
1608491760,+3.39, +3.698, +0.168,+0.956
1608491820,+3.39, +3.719, +0.166,+0.956
1608491880,+3.39, +3.698, +0.170,+0.957
1608491940,+3.39, +3.708, +0.167,+0.956
1608492000,+3.39, +3.729, +0.165,+0.956
1608492060,+3.39, +3.719, +0.167,+0.957
1608492120,+3.39, +3.740, +0.166,+0.957
1608492180,+3.39, +3.708, +0.166,+0.956
1608492240,+3.39, +3.698, +0.168,+0.957
1608492300,+3.39, +3.708, +0.168,+0.957
1608492360,+3.39, +3.719, +0.167,+0.957
1608492420,+3.39, +3.688, +0.167,+0.956
1608492480,+3.39, +3.708, +0.168,+0.956
1608492540,+3.39, +3.698, +0.169,+0.956
1608492600,+3.39, +3.719, +0.165,+0.956
1608492660,+3.40, +3.729, +0.168,+0.957
1608492720,+3.39, +3.719, +0.165,+0.956
1608492780,+3.39, +3.688, +0.167,+0.956
1608492840,+3.39, +3.719, +0.169,+0.957
1608492900,+3.39, +3.708, +0.168,+0.957
1608492960,+3.39, +3.729, +0.167,+0.957
1608493020,+3.39, +3.708, +0.168,+0.956
1608493080,+3.39, +3.719, +0.167,+0.956
1608493140,+3.39, +3.688, +0.167,+0.956
1608493200,+3.40, +3.729, +0.166,+0.956
1608493260,+3.39, +3.698, +0.169,+0.956
1608493320,+3.39, +3.698, +0.168,+0.956
1608493380,+3.39, +3.698, +0.167,+0.956
1608493440,+3.39, +3.729, +0.168,+0.957
1608493500,+3.40, +3.708, +0.167,+0.956
1608493560,+3.39, +3.698, +0.167,+0.956
1608493620,+3.39, +3.698, +0.166,+0.956
1608493680,+3.39, +3.719, +0.167,+0.957
1608493740,+3.39, +3.719, +0.168,+0.956
1608493800,+3.39, +3.719, +0.167,+0.956
1608493860,+3.40, +3.708, +0.168,+0.956
1608493920,+3.40, +3.698, +0.167,+0.956
1608493980,+3.40, +3.729, +0.167,+0.956
1608494040,+3.39, +3.656, +0.167,+0.956
1608494100,+3.39, +3.698, +0.167,+0.956
1608494160,+3.39, +3.719, +0.167,+0.956
1608494220,+3.39, +3.719, +0.166,+0.956
1608494280,+3.39, +3.698, +0.166,+0.956
1608494340,+3.40, +3.688, +0.168,+0.956
1608494400,+3.39, +3.708, +0.167,+0.957
1608494460,+3.39, +3.708, +0.169,+0.957
1608494520,+3.39, +3.708, +0.166,+0.956
1608494580,+3.40, +3.708, +0.168,+0.956
1608494640,+3.39, +3.719, +0.167,+0.956
1608494700,+3.39, +3.729, +0.166,+0.956
1608494760,+3.39, +3.708, +0.167,+0.957
1608494820,+3.39, +3.698, +0.166,+0.956
1608494880,+3.39, +3.688, +0.168,+0.956
1608494940,+3.40, +3.708, +0.166,+0.956
1608495000,+3.39, +3.708, +0.168,+0.957
1608495060,+3.39, +3.708, +0.167,+0.956
1608495120,+3.39, +3.719, +0.166,+0.956
1608495180,+3.39, +3.698, +0.168,+0.957
1608495240,+3.39, +3.698, +0.168,+0.956
1608495300,+3.39, +3.719, +0.168,+0.956
1608495360,+3.39, +3.677, +0.167,+0.956
1608495420,+3.39, +3.740, +0.166,+0.957
1608495480,+3.39, +3.719, +0.167,+0.956
1608495540,+3.39, +3.708, +0.167,+0.956
1608495600,+3.39, +3.729, +0.168,+0.957
1608495660,+3.39, +3.698, +0.168,+0.956
1608495720,+3.39, +3.708, +0.167,+0.956
1608495780,+3.39, +3.698, +0.167,+0.956
1608495840,+3.39, +3.708, +0.167,+0.956
1608495900,+3.39, +3.740, +0.167,+0.956
1608495960,+3.39, +3.729, +0.168,+0.957
1608496020,+3.39, +3.719, +0.166,+0.956
1608496080,+3.39, +3.719, +0.167,+0.957
1608496140,+3.39, +3.719, +0.166,+0.956
1608496200,+3.39, +3.698, +0.167,+0.956
1608496260,+3.39, +3.698, +0.167,+0.956
1608496320,+3.40, +3.719, +0.168,+0.957
1608496380,+3.39, +3.708, +0.166,+0.956
1608496440,+3.39, +3.719, +0.168,+0.957
1608496500,+3.40, +3.750, +0.167,+0.957
1608496560,+3.39, +3.708, +0.167,+0.957
1608496620,+3.39, +3.729, +0.168,+0.957
1608496680,+3.39, +3.698, +0.169,+0.956
1608496740,+3.39, +3.719, +0.167,+0.957
1608496800,+3.39, +3.729, +0.166,+0.956
1608496860,+3.40, +3.729, +0.168,+0.957
1608496920,+3.39, +3.698, +0.167,+0.957
1608496980,+3.40, +3.708, +0.166,+0.956
1608497040,+3.39, +3.708, +0.168,+0.957
1608497100,+3.39, +3.740, +0.166,+0.956
1608497160,+3.39, +3.708, +0.169,+0.957
1608497220,+3.39, +3.719, +0.167,+0.956
1608497280,+3.39, +3.719, +0.165,+0.956
1608497340,+3.40, +3.708, +0.168,+0.957
1608497400,+3.39, +3.719, +0.167,+0.956
1608497460,+3.39, +3.719, +0.167,+0.957
1608497520,+3.39, +3.708, +0.165,+0.956
1608497580,+3.40, +3.729, +0.166,+0.957
1608497640,+3.39, +3.740, +0.167,+0.957
1608497700,+3.39, +3.719, +0.168,+0.957
1608497760,+3.39, +3.708, +0.166,+0.956
1608497820,+3.39, +3.729, +0.166,+0.956
1608497880,+3.40, +3.729, +0.166,+0.956
1608497940,+3.39, +3.708, +0.168,+0.956
1608498000,+3.39, +3.719, +0.165,+0.956
1608498060,+3.39, +3.708, +0.168,+0.957
1608498120,+3.40, +3.677, +0.167,+0.956
1608498180,+3.39, +3.708, +0.167,+0.956
1608498240,+3.39, +3.708, +0.168,+0.957
1608498300,+3.39, +3.698, +0.169,+0.957
1608498360,+3.39, +3.698, +0.167,+0.956
1608498420,+3.39, +3.719, +0.167,+0.956
1608498480,+3.39, +3.708, +0.169,+0.957
1608498540,+3.39, +3.719, +0.168,+0.957
1608498600,+3.39, +3.729, +0.166,+0.957
1608498660,+3.39, +3.708, +0.168,+0.956
1608498720,+3.40, +3.719, +0.165,+0.956
1608498780,+3.39, +3.719, +0.166,+0.956
1608498840,+3.40, +3.719, +0.166,+0.956
1608498900,+3.40, +3.698, +0.168,+0.956
1608498960,+3.39, +3.729, +0.167,+0.957
1608499020,+3.39, +3.719, +0.167,+0.956
1608499080,+3.39, +3.729, +0.169,+0.957
1608499140,+3.39, +3.719, +0.168,+0.957
1608499200,+3.39, +3.708, +0.167,+0.956
1608499260,+3.39, +3.740, +0.167,+0.957
1608499320,+3.40, +3.708, +0.169,+0.956
1608499380,+3.40, +3.688, +0.169,+0.957
1608499440,+3.39, +3.740, +0.167,+0.957
1608499500,+3.39, +3.698, +0.166,+0.956
1608499560,+3.39, +3.698, +0.167,+0.956
1608499620,+3.39, +3.698, +0.168,+0.956
1608499680,+3.39, +3.729, +0.167,+0.957
1608499740,+3.39, +3.729, +0.166,+0.957
1608499800,+3.40, +3.708, +0.167,+0.957
1608499860,+3.39, +3.719, +0.167,+0.956
1608499920,+3.39, +3.719, +0.168,+0.956
1608499980,+3.39, +3.719, +0.167,+0.956
1608500040,+3.39, +3.729, +0.166,+0.956
1608500100,+3.39, +3.729, +0.167,+0.956
1608500160,+3.39, +3.698, +0.167,+0.957
1608500220,+3.39, +3.729, +0.167,+0.957
1608500280,+3.39, +3.708, +0.168,+0.956
1608500340,+3.40, +3.719, +0.167,+0.956
1608500400,+3.39, +3.698, +0.167,+0.956
1608500460,+3.39, +3.708, +0.168,+0.957
1608500520,+3.39, +3.719, +0.167,+0.957
1608500580,+3.39, +3.719, +0.168,+0.957
1608500640,+3.39, +3.708, +0.167,+0.956
1608500700,+3.39, +3.708, +0.167,+0.956
1608500760,+3.39, +3.729, +0.167,+0.957
1608500820,+3.39, +3.708, +0.167,+0.956
1608500880,+3.40, +3.708, +0.166,+0.956
1608500940,+3.39, +3.698, +0.169,+0.957
1608501000,+3.39, +3.729, +0.168,+0.956
1608501060,+3.39, +3.719, +0.168,+0.957
1608501120,+3.39, +3.698, +0.168,+0.956
1608501180,+3.39, +3.719, +0.167,+0.957
1608501240,+3.39, +3.708, +0.167,+0.957
1608501300,+3.40, +3.740, +0.167,+0.956
1608501360,+3.40, +3.667, +0.168,+0.956
1608501420,+3.39, +3.698, +0.168,+0.957
1608501480,+3.39, +3.719, +0.166,+0.956
1608501540,+3.39, +3.719, +0.167,+0.957
1608501600,+3.39, +3.719, +0.168,+0.957
1608501660,+3.39, +3.708, +0.168,+0.956
1608501720,+3.39, +3.719, +0.168,+0.957
1608501780,+3.39, +3.761, +0.165,+0.956
1608501840,+3.39, +3.719, +0.167,+0.957
1608501900,+3.39, +3.708, +0.167,+0.956
1608501960,+3.39, +3.698, +0.168,+0.956
1608502020,+3.39, +3.698, +0.166,+0.956
1608502080,+3.39, +3.729, +0.168,+0.957
1608502140,+3.39, +3.740, +0.167,+0.956
1608502200,+3.39, +3.719, +0.167,+0.956
1608502260,+3.39, +3.708, +0.166,+0.956
1608502320,+3.39, +3.719, +0.167,+0.957
1608502380,+3.39, +3.729, +0.166,+0.957
1608502440,+3.39, +3.729, +0.167,+0.957
1608502500,+3.39, +3.719, +0.167,+0.957
1608502560,+3.39, +3.719, +0.166,+0.956
1608502620,+3.39, +3.719, +0.167,+0.956
1608502680,+3.39, +3.688, +0.168,+0.957
1608502740,+3.39, +3.698, +0.168,+0.956
1608502800,+3.39, +3.604, +0.171,+0.956
1608502860,+3.39, +3.708, +0.167,+0.957
1608502920,+3.39, +3.729, +0.165,+0.956
1608502980,+3.39, +3.719, +0.167,+0.956
1608503040,+3.40, +3.698, +0.169,+0.956
1608503100,+3.39, +3.719, +0.166,+0.957
1608503160,+3.40, +3.708, +0.167,+0.956
1608503220,+3.40, +3.708, +0.166,+0.956
1608503280,+3.39, +3.698, +0.168,+0.956
1608503340,+3.40, +3.708, +0.169,+0.957
1608503400,+3.40, +3.708, +0.166,+0.956
1608503460,+3.39, +3.729, +0.167,+0.956
1608503520,+3.39, +3.719, +0.168,+0.957
1608503580,+3.39, +3.740, +0.167,+0.957
1608503640,+3.39, +3.708, +0.166,+0.956
1608503700,+3.39, +3.719, +0.167,+0.956
1608503760,+3.39, +3.729, +0.167,+0.956
1608503820,+3.39, +3.708, +0.167,+0.957
1608503880,+3.39, +3.729, +0.167,+0.957
1608503940,+3.39, +3.698, +0.168,+0.956
1608504000,+3.39, +3.740, +0.168,+0.957
1608504060,+3.39, +3.677, +0.167,+0.956
1608504120,+3.40, +3.688, +0.168,+0.956
1608504180,+3.39, +3.729, +0.168,+0.957
1608504240,+3.39, +3.719, +0.167,+0.956
1608504300,+3.39, +3.719, +0.168,+0.957
1608504360,+3.39, +3.708, +0.167,+0.956
1608504420,+3.39, +3.740, +0.167,+0.956
1608504480,+3.39, +3.698, +0.167,+0.956
1608504540,+3.39, +3.740, +0.167,+0.957
1608504600,+3.39, +3.708, +0.168,+0.956
1608504660,+3.39, +3.729, +0.167,+0.956
1608504720,+3.39, +3.719, +0.168,+0.956
1608504780,+3.39, +3.708, +0.167,+0.956
1608504840,+3.40, +3.719, +0.167,+0.956
1608504900,+3.39, +3.719, +0.166,+0.956
1608504960,+3.39, +3.708, +0.167,+0.956
1608505020,+3.39, +3.729, +0.168,+0.956
1608505080,+3.40, +3.708, +0.168,+0.957
1608505140,+3.39, +3.719, +0.167,+0.957
1608505200,+3.39, +3.708, +0.167,+0.957
1608505260,+3.39, +3.729, +0.166,+0.957
1608505320,+3.39, +3.698, +0.168,+0.956
1608505380,+3.39, +3.719, +0.166,+0.956
1608505440,+3.39, +3.708, +0.166,+0.956
1608505500,+3.39, +3.688, +0.168,+0.957
1608505560,+3.39, +3.708, +0.167,+0.957
1608505620,+3.39, +3.719, +0.168,+0.957
1608505680,+3.40, +3.719, +0.168,+0.957
1608505740,+3.39, +3.698, +0.168,+0.956
1608505800,+3.39, +3.719, +0.166,+0.957
1608505860,+3.40, +3.708, +0.167,+0.956
1608505920,+3.39, +3.698, +0.168,+0.957
1608505980,+3.39, +3.740, +0.167,+0.956
1608506040,+3.40, +3.688, +0.168,+0.957
1608506100,+3.39, +3.729, +0.166,+0.956
1608506160,+3.39, +3.729, +0.168,+0.957
1608506220,+3.39, +3.698, +0.168,+0.956
1608506280,+3.39, +3.719, +0.167,+0.956
1608506340,+3.40, +3.729, +0.166,+0.956
1608506400,+3.40, +3.708, +0.165,+0.956
1608506460,+3.40, +3.719, +0.168,+0.957
1608506520,+3.39, +3.708, +0.167,+0.956
1608506580,+3.39, +3.761, +0.165,+0.957
1608506640,+3.39, +3.708, +0.168,+0.957
1608506700,+3.40, +3.708, +0.167,+0.957
1608506760,+3.39, +3.719, +0.167,+0.956
1608506820,+3.40, +3.708, +0.165,+0.956
1608506880,+3.39, +3.708, +0.167,+0.956
1608506940,+3.40, +3.719, +0.167,+0.957
1608507000,+3.39, +3.698, +0.167,+0.956
1608507060,+3.39, +3.719, +0.167,+0.956
1608507120,+3.40, +3.750, +0.167,+0.957
1608507180,+3.39, +3.708, +0.166,+0.956
1608507240,+3.39, +3.708, +0.167,+0.956
1608507300,+3.39, +3.719, +0.168,+0.957
1608507360,+3.39, +3.719, +0.166,+0.956
1608507420,+3.39, +3.708, +0.168,+0.957
1608507480,+3.39, +3.708, +0.165,+0.956
1608507540,+3.39, +3.698, +0.168,+0.956
1608507600,+3.39, +3.719, +0.168,+0.957
1608507660,+3.39, +3.688, +0.168,+0.956
1608507720,+3.39, +3.719, +0.167,+0.956
1608507780,+3.39, +3.740, +0.166,+0.956
1608507840,+3.39, +3.740, +0.167,+0.957
1608507900,+3.39, +3.729, +0.167,+0.957
1608507960,+3.40, +3.708, +0.168,+0.957
1608508020,+3.40, +3.729, +0.167,+0.956
1608508080,+3.39, +3.719, +0.169,+0.957
1608508140,+3.39, +3.719, +0.168,+0.957
1608508200,+3.39, +3.688, +0.167,+0.956
1608508260,+3.39, +3.740, +0.168,+0.957
1608508320,+3.39, +3.719, +0.166,+0.956
1608508380,+3.39, +3.719, +0.167,+0.957
1608508440,+3.39, +3.698, +0.167,+0.956
1608508500,+3.40, +3.708, +0.166,+0.956
1608508560,+3.40, +3.708, +0.168,+0.956
1608508620,+3.40, +3.719, +0.167,+0.957
1608508680,+3.39, +3.719, +0.167,+0.957
1608508740,+3.40, +3.708, +0.168,+0.957
1608508800,+3.39, +3.708, +0.168,+0.956
1608508860,+3.40, +3.708, +0.166,+0.956
1608508920,+3.39, +3.719, +0.168,+0.957
1608508980,+3.39, +3.729, +0.166,+0.956
1608509040,+3.39, +3.708, +0.168,+0.956
1608509100,+3.39, +3.740, +0.167,+0.957
1608509160,+3.39, +3.708, +0.169,+0.957
1608509220,+3.39, +3.698, +0.168,+0.956
1608509280,+3.39, +3.719, +0.166,+0.956
1608509340,+3.39, +3.677, +0.169,+0.956
1608509400,+3.40, +3.698, +0.168,+0.957
1608509460,+3.39, +3.719, +0.167,+0.956
1608509520,+3.39, +3.729, +0.167,+0.957
1608509580,+3.39, +3.719, +0.169,+0.957
1608509640,+3.39, +3.719, +0.167,+0.956
1608509700,+3.40, +3.708, +0.166,+0.956
1608509760,+3.39, +3.698, +0.168,+0.956
1608509820,+3.39, +3.698, +0.168,+0.957
1608509880,+3.39, +3.719, +0.168,+0.957
1608509940,+3.39, +3.708, +0.168,+0.956
1608510000,+3.39, +3.708, +0.166,+0.956
1608510060,+3.39, +3.646, +0.170,+0.957
1608510120,+3.40, +3.698, +0.168,+0.956
1608510180,+3.39, +3.719, +0.167,+0.956
1608510240,+3.39, +3.719, +0.167,+0.956
1608510300,+3.39, +3.719, +0.168,+0.957
1608510360,+3.40, +3.729, +0.165,+0.956
1608510420,+3.39, +3.708, +0.168,+0.957
1608510480,+3.39, +3.719, +0.167,+0.956
1608510540,+3.39, +3.708, +0.168,+0.956
1608510600,+3.39, +3.708, +0.165,+0.956
1608510660,+3.39, +3.729, +0.166,+0.957
1608510720,+3.39, +3.708, +0.167,+0.956
1608510780,+3.39, +3.708, +0.169,+0.957
1608510840,+3.39, +3.698, +0.167,+0.956
1608510900,+3.39, +3.698, +0.167,+0.956
1608510960,+3.39, +3.698, +0.168,+0.957
1608511020,+3.39, +3.698, +0.167,+0.957
1608511080,+3.40, +3.688, +0.166,+0.956
1608511140,+3.39, +3.719, +0.167,+0.957
1608511200,+3.39, +3.729, +0.165,+0.956
1608511260,+3.39, +3.688, +0.169,+0.957
1608511320,+3.39, +3.698, +0.168,+0.956
1608511380,+3.39, +3.698, +0.168,+0.956
1608511440,+3.39, +3.698, +0.167,+0.956
1608511500,+3.39, +3.667, +0.168,+0.956
1608511560,+3.39, +3.698, +0.169,+0.957
1608511620,+3.39, +3.708, +0.167,+0.956
1608511680,+3.39, +3.677, +0.169,+0.957
1608511740,+3.39, +3.729, +0.165,+0.956
1608511800,+3.39, +3.698, +0.168,+0.956
1608511860,+3.39, +3.688, +0.168,+0.956
1608511920,+3.39, +3.719, +0.167,+0.956
1608511980,+3.39, +3.729, +0.166,+0.956
1608512040,+3.40, +3.698, +0.167,+0.956
1608512100,+3.39, +3.698, +0.168,+0.957
1608512160,+3.39, +3.698, +0.168,+0.956
1608512220,+3.40, +3.719, +0.168,+0.956
1608512280,+3.40, +3.698, +0.168,+0.957
1608512340,+3.39, +3.708, +0.168,+0.957
1608512400,+3.40, +3.698, +0.167,+0.957
1608512460,+3.39, +3.708, +0.167,+0.956
1608512520,+3.40, +3.688, +0.167,+0.956
1608512580,+3.39, +3.698, +0.167,+0.956
1608512640,+3.39, +3.677, +0.167,+0.956
1608512700,+3.39, +3.719, +0.166,+0.956
1608512760,+3.39, +3.698, +0.167,+0.956
1608512820,+3.39, +3.698, +0.168,+0.957
1608512880,+3.40, +3.698, +0.167,+0.956
1608512940,+3.39, +3.698, +0.167,+0.956
1608513000,+3.39, +3.708, +0.168,+0.956
1608513060,+3.39, +3.677, +0.169,+0.957
1608513120,+3.39, +3.698, +0.169,+0.957
1608513180,+3.39, +3.688, +0.166,+0.956
1608513240,+3.39, +3.698, +0.166,+0.956
1608513300,+3.39, +3.688, +0.167,+0.956
1608513360,+3.40, +3.708, +0.168,+0.957
1608513420,+3.39, +3.677, +0.167,+0.956
1608513480,+3.39, +3.708, +0.167,+0.956
1608513540,+3.39, +3.688, +0.170,+0.957
1608513600,+3.39, +3.688, +0.167,+0.956
1608513660,+3.40, +3.677, +0.168,+0.956
1608513720,+3.39, +3.729, +0.167,+0.957
1608513780,+3.39, +3.719, +0.168,+0.956
1608513840,+3.40, +3.719, +0.166,+0.956
1608513900,+3.39, +3.708, +0.166,+0.956
1608513960,+3.39, +3.667, +0.168,+0.956
1608514020,+3.40, +3.698, +0.167,+0.956
1608514080,+3.39, +3.708, +0.167,+0.956
1608514140,+3.39, +3.708, +0.168,+0.956
1608514200,+3.40, +3.698, +0.167,+0.956
1608514260,+3.40, +3.708, +0.167,+0.956
1608514320,+3.39, +3.719, +0.167,+0.956
1608514380,+3.39, +3.719, +0.166,+0.957
1608514440,+3.40, +3.719, +0.168,+0.956
1608514500,+3.39, +3.688, +0.168,+0.957
1608514560,+3.39, +3.729, +0.167,+0.957
1608514620,+3.39, +3.698, +0.168,+0.957
1608514680,+3.39, +3.708, +0.167,+0.956
1608514740,+3.39, +3.698, +0.168,+0.957
1608514800,+3.39, +3.719, +0.169,+0.957
1608514860,+3.39, +3.708, +0.167,+0.957
1608514920,+3.40, +3.708, +0.167,+0.956
1608514980,+3.39, +3.698, +0.168,+0.956
1608515040,+3.39, +3.677, +0.169,+0.956
1608515100,+3.39, +3.708, +0.167,+0.956
1608515160,+3.39, +3.708, +0.167,+0.956
1608515220,+3.39, +3.719, +0.167,+0.956
1608515280,+3.39, +3.677, +0.168,+0.956
1608515340,+3.39, +3.688, +0.167,+0.956
1608515400,+3.40, +3.708, +0.167,+0.956
1608515460,+3.39, +3.719, +0.167,+0.956
1608515520,+3.39, +3.677, +0.167,+0.957
1608515580,+3.39, +3.719, +0.168,+0.956
1608515640,+3.39, +3.708, +0.167,+0.957
1608515700,+3.39, +3.688, +0.167,+0.956
1608515760,+3.39, +3.708, +0.167,+0.957
1608515820,+3.40, +3.729, +0.167,+0.956
1608515880,+3.39, +3.719, +0.167,+0.956
1608515940,+3.40, +3.719, +0.167,+0.956
1608516000,+3.39, +3.719, +0.169,+0.957
1608516060,+3.40, +3.698, +0.168,+0.957
1608516120,+3.40, +3.698, +0.166,+0.956
1608516180,+3.40, +3.708, +0.167,+0.957
1608516240,+3.39, +3.698, +0.167,+0.957
1608516300,+3.39, +3.708, +0.167,+0.957
1608516360,+3.39, +3.688, +0.168,+0.956
1608516420,+3.40, +3.708, +0.168,+0.957
1608516480,+3.39, +3.698, +0.167,+0.956
1608516540,+3.40, +3.698, +0.168,+0.956
1608516600,+3.40, +3.677, +0.168,+0.956
1608516660,+3.40, +3.719, +0.168,+0.957
1608516720,+3.40, +3.688, +0.168,+0.957
1608516780,+3.39, +3.698, +0.168,+0.956
1608516840,+3.39, +3.698, +0.169,+0.957
1608516900,+3.40, +3.708, +0.167,+0.956
1608516960,+3.39, +3.698, +0.168,+0.956
1608517020,+3.39, +3.698, +0.168,+0.956
1608517080,+3.40, +3.698, +0.167,+0.956
1608517140,+3.40, +3.708, +0.167,+0.956
1608517200,+3.40, +3.698, +0.169,+0.957
1608517260,+3.39, +3.708, +0.166,+0.956
1608517320,+3.39, +3.677, +0.169,+0.957
1608517380,+3.39, +3.698, +0.166,+0.956
1608517440,+3.39, +3.677, +0.168,+0.956
1608517500,+3.40, +3.698, +0.167,+0.956
1608517560,+3.40, +3.698, +0.167,+0.956
1608517620,+3.39, +3.708, +0.168,+0.957
1608517680,+3.39, +3.708, +0.167,+0.957
1608517740,+3.39, +3.729, +0.167,+0.956
1608517800,+3.39, +3.708, +0.167,+0.956
1608517860,+3.39, +3.698, +0.167,+0.957
1608517920,+3.40, +3.698, +0.167,+0.956
1608517980,+3.40, +3.708, +0.168,+0.956
1608518040,+3.40, +3.688, +0.166,+0.956
1608518100,+3.39, +3.688, +0.169,+0.957
1608518160,+3.40, +3.719, +0.167,+0.956
1608518220,+3.40, +3.698, +0.168,+0.956
1608518280,+3.39, +3.688, +0.168,+0.956
1608518340,+3.39, +3.688, +0.166,+0.956
1608518400,+3.39, +3.719, +0.167,+0.957
1608518460,+3.40, +3.698, +0.169,+0.957
1608518520,+3.40, +3.708, +0.167,+0.956
1608518580,+3.39, +3.729, +0.167,+0.957
1608518640,+3.39, +3.698, +0.168,+0.956
1608518700,+3.40, +3.729, +0.167,+0.956
1608518760,+3.40, +3.719, +0.168,+0.957
1608518820,+3.40, +3.688, +0.167,+0.956
1608518880,+3.40, +3.708, +0.168,+0.957
1608518940,+3.40, +3.729, +0.166,+0.956
1608519000,+3.40, +3.719, +0.167,+0.956
1608519060,+3.39, +3.708, +0.168,+0.957
1608519120,+3.39, +3.708, +0.166,+0.956
1608519180,+3.40, +3.708, +0.169,+0.957
1608519240,+3.40, +3.708, +0.167,+0.956
1608519300,+3.39, +3.698, +0.166,+0.956
1608519360,+3.39, +3.698, +0.167,+0.956
1608519420,+3.39, +3.698, +0.170,+0.957
1608519480,+3.39, +3.698, +0.166,+0.956
1608519540,+3.39, +3.708, +0.166,+0.956
1608519600,+3.40, +3.698, +0.168,+0.956
1608519660,+3.39, +3.708, +0.168,+0.956
1608519720,+3.39, +3.740, +0.166,+0.957
1608519780,+3.40, +3.667, +0.169,+0.957
1608519840,+3.40, +3.667, +0.168,+0.957
1608519900,+3.39, +3.729, +0.167,+0.957
1608519960,+3.39, +3.677, +0.167,+0.956
1608520020,+3.40, +3.698, +0.168,+0.956
1608520080,+3.40, +3.677, +0.167,+0.956
1608520140,+3.40, +3.708, +0.168,+0.957
1608520200,+3.39, +3.708, +0.168,+0.957
1608520260,+3.39, +3.677, +0.167,+0.956
1608520320,+3.40, +3.688, +0.168,+0.957
1608520380,+3.39, +3.708, +0.166,+0.957
1608520440,+3.39, +3.698, +0.168,+0.957
1608520500,+3.39, +3.708, +0.168,+0.957
1608520560,+3.39, +3.688, +0.167,+0.957
1608520620,+3.39, +3.688, +0.168,+0.957
1608520680,+3.39, +3.677, +0.168,+0.957
1608520740,+3.39, +3.729, +0.166,+0.956
1608520800,+3.40, +3.698, +0.166,+0.956
1608520860,+3.39, +3.708, +0.165,+0.956
1608520920,+3.39, +3.698, +0.167,+0.956
1608520980,+3.40, +3.708, +0.167,+0.957
1608521040,+3.39, +3.698, +0.167,+0.956
1608521100,+3.39, +3.688, +0.168,+0.956
1608521160,+3.39, +3.719, +0.169,+0.957
1608521220,+3.39, +3.698, +0.168,+0.957
1608521280,+3.39, +3.698, +0.169,+0.957
1608521340,+3.39, +3.677, +0.168,+0.957
1608521400,+3.40, +3.688, +0.167,+0.956
1608521460,+3.39, +3.688, +0.168,+0.957
1608521520,+3.39, +3.698, +0.167,+0.956
1608521580,+3.40, +3.677, +0.168,+0.957
1608521640,+3.40, +3.688, +0.166,+0.956
1608521700,+3.39, +3.698, +0.166,+0.956
1608521760,+3.39, +3.698, +0.168,+0.956
1608521820,+3.39, +3.688, +0.167,+0.956
1608521880,+3.40, +3.698, +0.168,+0.956
1608521940,+3.39, +3.698, +0.167,+0.956
1608522000,+3.39, +3.698, +0.168,+0.957
1608522060,+3.40, +3.698, +0.167,+0.956
1608522120,+3.39, +3.708, +0.167,+0.957
1608522180,+3.39, +3.688, +0.167,+0.956
1608522240,+3.39, +3.698, +0.169,+0.957
1608522300,+3.39, +3.698, +0.167,+0.956
1608522360,+3.39, +3.688, +0.166,+0.957
1608522420,+3.39, +3.677, +0.169,+0.957
1608522480,+3.39, +3.688, +0.166,+0.956
1608522540,+3.39, +3.708, +0.168,+0.957
1608522600,+3.39, +3.698, +0.167,+0.956
1608522660,+3.39, +3.688, +0.168,+0.956
1608522720,+3.39, +3.677, +0.167,+0.956
1608522780,+3.39, +3.688, +0.169,+0.957
1608522840,+3.40, +3.698, +0.167,+0.956
1608522900,+3.40, +3.667, +0.167,+0.956
1608522960,+3.39, +3.708, +0.167,+0.956
1608523020,+3.39, +3.688, +0.168,+0.957
1608523080,+3.40, +3.677, +0.167,+0.956
1608523140,+3.39, +3.698, +0.166,+0.956
1608523200,+3.39, +3.698, +0.166,+0.956
1608523260,+3.39, +3.698, +0.168,+0.957
1608523320,+3.40, +3.677, +0.169,+0.957
1608523380,+3.39, +3.719, +0.167,+0.957
1608523440,+3.39, +3.698, +0.167,+0.956
1608523500,+3.39, +3.698, +0.166,+0.956
1608523560,+3.39, +3.698, +0.168,+0.956
1608523620,+3.39, +3.698, +0.166,+0.956
1608523680,+3.40, +3.708, +0.167,+0.957
1608523740,+3.39, +3.708, +0.168,+0.957
1608523800,+3.39, +3.677, +0.168,+0.956
1608523860,+3.39, +3.698, +0.168,+0.957
1608523920,+3.40, +3.708, +0.165,+0.956
1608523980,+3.39, +3.698, +0.168,+0.957
1608524040,+3.39, +3.688, +0.169,+0.956
1608524100,+3.39, +3.729, +0.167,+0.956
1608524160,+3.39, +3.688, +0.167,+0.956
1608524220,+3.39, +3.708, +0.167,+0.957
1608524280,+3.39, +3.677, +0.166,+0.956
1608524340,+3.40, +3.708, +0.168,+0.957
1608524400,+3.39, +3.719, +0.168,+0.957
1608524460,+3.40, +3.688, +0.166,+0.956
1608524520,+3.39, +3.688, +0.168,+0.956
1608524580,+3.40, +3.688, +0.166,+0.956
1608524640,+3.39, +3.677, +0.168,+0.957
1608524700,+3.39, +3.688, +0.167,+0.956
1608524760,+3.40, +3.677, +0.167,+0.957
1608524820,+3.39, +3.698, +0.166,+0.956
1608524880,+3.40, +3.667, +0.168,+0.956
1608524940,+3.39, +3.646, +0.169,+0.957
1608525000,+3.39, +3.677, +0.170,+0.957
1608525060,+3.40, +3.677, +0.167,+0.956
1608525120,+3.39, +3.708, +0.167,+0.956
1608525180,+3.39, +3.667, +0.168,+0.957
1608525240,+3.39, +3.667, +0.169,+0.956
1608525300,+3.39, +3.688, +0.166,+0.956
1608525360,+3.39, +3.667, +0.168,+0.956
1608525420,+3.39, +3.698, +0.168,+0.957
1608525480,+3.39, +3.688, +0.167,+0.956
1608525540,+3.40, +3.667, +0.169,+0.957
1608525600,+3.39, +3.688, +0.168,+0.957
1608525660,+3.39, +3.656, +0.167,+0.956
1608525720,+3.39, +3.677, +0.168,+0.957
1608525780,+3.39, +3.698, +0.168,+0.956
1608525840,+3.40, +3.677, +0.167,+0.956
1608525900,+3.39, +3.698, +0.168,+0.956
1608525960,+3.39, +3.667, +0.167,+0.956
1608526020,+3.40, +3.688, +0.166,+0.956
1608526080,+3.39, +3.698, +0.166,+0.956
1608526140,+3.39, +3.677, +0.168,+0.956
1608526200,+3.39, +3.698, +0.167,+0.956
1608526260,+3.39, +3.698, +0.169,+0.956
1608526320,+3.40, +3.688, +0.168,+0.957
1608526380,+3.40, +3.677, +0.168,+0.956
1608526440,+3.39, +3.708, +0.165,+0.956
1608526500,+3.39, +3.688, +0.168,+0.957
1608526560,+3.39, +3.708, +0.168,+0.957
1608526620,+3.39, +3.688, +0.167,+0.956
1608526680,+3.39, +3.698, +0.167,+0.957
1608526740,+3.40, +3.688, +0.167,+0.956
1608526800,+3.39, +3.677, +0.166,+0.956
1608526860,+3.40, +3.677, +0.167,+0.957
1608526920,+3.39, +3.698, +0.166,+0.956
1608526980,+3.39, +3.688, +0.167,+0.957
1608527040,+3.40, +3.688, +0.166,+0.957
1608527100,+3.39, +3.688, +0.167,+0.957
1608527160,+3.39, +3.688, +0.166,+0.956
1608527220,+3.39, +3.667, +0.168,+0.956
1608527280,+3.39, +3.688, +0.167,+0.957
1608527340,+3.39, +3.708, +0.166,+0.957
1608527400,+3.39, +3.688, +0.169,+0.957
1608527460,+3.39, +3.688, +0.167,+0.957
1608527520,+3.39, +3.677, +0.168,+0.957
1608527580,+3.39, +3.667, +0.168,+0.956
1608527640,+3.39, +3.698, +0.168,+0.957
1608527700,+3.39, +3.667, +0.168,+0.957
1608527760,+3.39, +3.677, +0.167,+0.956
1608527820,+3.39, +3.667, +0.166,+0.956
1608527880,+3.40, +3.677, +0.167,+0.957
1608527940,+3.40, +3.667, +0.168,+0.957
1608528000,+3.39, +3.656, +0.168,+0.956
1608528060,+3.39, +3.698, +0.167,+0.956
1608528120,+3.39, +3.677, +0.167,+0.957
1608528180,+3.39, +3.677, +0.167,+0.956
1608528240,+3.40, +3.667, +0.168,+0.957
1608528300,+3.39, +3.698, +0.166,+0.957
1608528360,+3.39, +3.677, +0.168,+0.957
1608528420,+3.39, +3.677, +0.168,+0.957
1608528480,+3.39, +3.667, +0.168,+0.957
1608528540,+3.39, +3.698, +0.166,+0.957
1608528600,+3.39, +3.646, +0.169,+0.957
1608528660,+3.39, +3.677, +0.167,+0.957
1608528720,+3.39, +3.625, +0.168,+0.956
1608528780,+3.39, +3.646, +0.169,+0.957
1608528840,+3.40, +3.677, +0.168,+0.957
1608528900,+3.39, +3.688, +0.168,+0.957
1608528960,+3.39, +3.688, +0.167,+0.956
1608529020,+3.39, +3.719, +0.166,+0.957
1608529080,+3.39, +3.656, +0.167,+0.956
1608529140,+3.39, +3.677, +0.168,+0.957
1608529200,+3.39, +3.667, +0.168,+0.957
1608529260,+3.39, +3.698, +0.167,+0.956
1608529320,+3.39, +3.656, +0.167,+0.957
1608529380,+3.39, +3.667, +0.169,+0.957
1608529440,+3.39, +3.688, +0.168,+0.957
1608529500,+3.39, +3.677, +0.167,+0.956
1608529560,+3.39, +3.698, +0.168,+0.957
1608529620,+3.39, +3.667, +0.168,+0.957
1608529680,+3.39, +3.677, +0.168,+0.957
1608529740,+3.39, +3.667, +0.167,+0.956
1608529800,+3.39, +3.708, +0.168,+0.957
1608529860,+3.39, +3.677, +0.169,+0.957
1608529920,+3.39, +3.677, +0.167,+0.956
1608529980,+3.39, +3.688, +0.168,+0.957
1608530040,+3.39, +3.677, +0.166,+0.956
1608530100,+3.40, +3.708, +0.167,+0.957
1608530160,+3.39, +3.677, +0.166,+0.956
1608530220,+3.39, +3.677, +0.169,+0.956
1608530280,+3.39, +3.688, +0.167,+0.957
1608530340,+3.39, +3.688, +0.167,+0.957
1608530400,+3.39, +3.698, +0.167,+0.956
1608530460,+3.40, +3.698, +0.166,+0.957
1608530520,+3.39, +3.719, +0.168,+0.957
1608530580,+3.39, +3.688, +0.167,+0.956
1608530640,+3.39, +3.677, +0.167,+0.956
1608530700,+3.39, +3.688, +0.169,+0.956
1608530760,+3.39, +3.688, +0.166,+0.957
1608530820,+3.39, +3.698, +0.169,+0.957
1608530880,+3.39, +3.708, +0.167,+0.957
1608530940,+3.39, +3.688, +0.168,+0.957
1608531000,+3.40, +3.688, +0.168,+0.956
1608531060,+3.39, +3.677, +0.168,+0.957
1608531120,+3.39, +3.708, +0.168,+0.957
1608531180,+3.39, +3.708, +0.168,+0.957
1608531240,+3.39, +3.698, +0.168,+0.956
1608531300,+3.40, +3.677, +0.167,+0.957
1608531360,+3.39, +3.677, +0.169,+0.957
1608531420,+3.40, +3.688, +0.167,+0.957
1608531480,+3.39, +3.719, +0.166,+0.956
1608531540,+3.39, +3.708, +0.166,+0.956
1608531600,+3.40, +3.677, +0.167,+0.957
1608531660,+3.39, +3.688, +0.168,+0.957
1608531720,+3.39, +3.688, +0.169,+0.957
1608531780,+3.39, +3.719, +0.167,+0.957
1608531840,+3.39, +3.688, +0.168,+0.957
1608531900,+3.39, +3.677, +0.168,+0.957
1608531960,+3.39, +3.698, +0.168,+0.957
1608532020,+3.39, +3.698, +0.168,+0.956
1608532080,+3.39, +3.688, +0.169,+0.957
1608532140,+3.39, +3.698, +0.168,+0.957
1608532200,+3.40, +3.688, +0.167,+0.956
1608532260,+3.39, +3.708, +0.166,+0.956
1608532320,+3.40, +3.729, +0.167,+0.957
1608532380,+3.39, +3.688, +0.167,+0.957
1608532440,+3.39, +3.708, +0.168,+0.957
1608532500,+3.39, +3.698, +0.168,+0.957
1608532560,+3.39, +3.667, +0.169,+0.956
1608532620,+3.40, +3.677, +0.168,+0.957
1608532680,+3.39, +3.698, +0.168,+0.957
1608532740,+3.39, +3.698, +0.166,+0.957
1608532800,+3.39, +3.708, +0.168,+0.957
1608532860,+3.40, +3.677, +0.167,+0.956
1608532920,+3.39, +3.688, +0.167,+0.956
1608532980,+3.39, +3.719, +0.168,+0.957
1608533040,+3.40, +3.708, +0.169,+0.957
1608533100,+3.39, +3.719, +0.167,+0.957
1608533160,+3.39, +3.729, +0.168,+0.957
1608533220,+3.39, +3.677, +0.168,+0.956
1608533280,+3.39, +3.688, +0.168,+0.957
1608533340,+3.39, +3.719, +0.167,+0.957
1608533400,+3.40, +3.708, +0.168,+0.957
1608533460,+3.39, +3.708, +0.168,+0.957
1608533520,+3.39, +3.708, +0.168,+0.957
1608533580,+3.39, +3.708, +0.167,+0.956
1608533640,+3.39, +3.771, +0.165,+0.957
1608533700,+3.40, +3.698, +0.166,+0.956
1608533760,+3.40, +3.729, +0.167,+0.957
1608533820,+3.39, +3.719, +0.166,+0.957
1608533880,+3.39, +3.677, +0.169,+0.956
1608533940,+3.39, +3.708, +0.168,+0.956
1608534000,+3.39, +3.698, +0.168,+0.956
1608534060,+3.39, +3.688, +0.168,+0.957
1608534120,+3.39, +3.708, +0.168,+0.957
1608534180,+3.40, +3.708, +0.167,+0.957
1608534240,+3.39, +3.708, +0.168,+0.957
1608534300,+3.39, +3.708, +0.168,+0.957
1608534360,+3.39, +3.677, +0.168,+0.956
1608534420,+3.39, +3.708, +0.167,+0.957
1608534480,+3.39, +3.698, +0.167,+0.956
1608534540,+3.39, +3.708, +0.167,+0.957
1608534600,+3.39, +3.708, +0.167,+0.956
1608534660,+3.39, +3.708, +0.168,+0.957
1608534720,+3.39, +3.708, +0.168,+0.957
1608534780,+3.39, +3.729, +0.166,+0.957
1608534840,+3.39, +3.708, +0.167,+0.957
1608534900,+3.39, +3.698, +0.168,+0.957
1608534960,+3.39, +3.688, +0.168,+0.957
1608535020,+3.39, +3.667, +0.167,+0.956
1608535080,+3.39, +3.729, +0.168,+0.957
1608535140,+3.39, +3.708, +0.167,+0.956
1608535200,+3.40, +3.708, +0.168,+0.957
1608535260,+3.39, +3.656, +0.169,+0.956
1608535320,+3.39, +3.719, +0.168,+0.956
1608535380,+3.40, +3.729, +0.167,+0.956
1608535440,+3.40, +3.698, +0.168,+0.956
1608535500,+3.39, +3.719, +0.168,+0.957
1608535560,+3.39, +3.729, +0.167,+0.957
1608535620,+3.39, +3.688, +0.167,+0.956
1608535680,+3.39, +3.729, +0.167,+0.957
1608535740,+3.39, +3.719, +0.168,+0.957
1608535800,+3.39, +3.677, +0.169,+0.957
1608535860,+3.40, +3.698, +0.169,+0.957
1608535920,+3.40, +3.729, +0.167,+0.957
1608535980,+3.39, +3.729, +0.167,+0.957
1608536040,+3.39, +3.708, +0.165,+0.957
1608536100,+3.39, +3.708, +0.168,+0.957
1608536160,+3.39, +3.719, +0.168,+0.956
1608536220,+3.39, +3.719, +0.168,+0.957
1608536280,+3.39, +3.719, +0.166,+0.956
1608536340,+3.40, +3.708, +0.166,+0.957
1608536400,+3.39, +3.719, +0.167,+0.957
1608536460,+3.39, +3.719, +0.168,+0.956
1608536520,+3.39, +3.719, +0.167,+0.956
1608536580,+3.39, +3.729, +0.166,+0.957
1608536640,+3.39, +3.708, +0.167,+0.957
1608536700,+3.39, +3.719, +0.166,+0.956
1608536760,+3.40, +3.719, +0.168,+0.956
1608536820,+3.39, +3.708, +0.167,+0.956
1608536880,+3.40, +3.729, +0.166,+0.956
1608536940,+3.39, +3.698, +0.168,+0.957
1608537000,+3.40, +3.698, +0.168,+0.957
1608537060,+3.40, +3.708, +0.168,+0.957
1608537120,+3.39, +3.698, +0.168,+0.957
1608537180,+3.39, +3.740, +0.168,+0.957
1608537240,+3.39, +3.708, +0.168,+0.956
1608537300,+3.39, +3.740, +0.167,+0.957
1608537360,+3.39, +3.719, +0.166,+0.956
1608537420,+3.40, +3.688, +0.168,+0.957
1608537480,+3.39, +3.625, +0.169,+0.956
1608537540,+3.39, +3.708, +0.167,+0.957
1608537600,+3.39, +3.708, +0.168,+0.957
1608537660,+3.39, +3.729, +0.167,+0.957
1608537720,+3.39, +3.729, +0.167,+0.957
1608537780,+3.39, +3.719, +0.168,+0.957
1608537840,+3.39, +3.698, +0.168,+0.957
1608537900,+3.39, +3.667, +0.167,+0.956
1608537960,+3.39, +3.698, +0.167,+0.956
1608538020,+3.39, +3.698, +0.167,+0.956
1608538080,+3.39, +3.698, +0.167,+0.956
1608538140,+3.40, +3.708, +0.166,+0.957
1608538200,+3.40, +3.719, +0.167,+0.957
1608538260,+3.39, +3.708, +0.166,+0.956
1608538320,+3.39, +3.688, +0.169,+0.956
1608538380,+3.39, +3.708, +0.169,+0.957
1608538440,+3.39, +3.688, +0.167,+0.957
1608538500,+3.39, +3.677, +0.167,+0.956
1608538560,+3.39, +3.698, +0.167,+0.957
1608538620,+3.39, +3.729, +0.167,+0.957
1608538680,+3.39, +3.708, +0.167,+0.957
1608538740,+3.39, +3.708, +0.168,+0.957
1608538800,+3.39, +3.698, +0.168,+0.956
1608538860,+3.39, +3.698, +0.167,+0.957
1608538920,+3.40, +3.698, +0.168,+0.957
1608538980,+3.40, +3.708, +0.169,+0.956
1608539040,+3.39, +3.708, +0.167,+0.957
1608539100,+3.39, +3.708, +0.165,+0.956
1608539160,+3.39, +3.719, +0.165,+0.956
1608539220,+3.40, +3.708, +0.167,+0.957
1608539280,+3.40, +3.729, +0.166,+0.957
1608539340,+3.39, +3.688, +0.168,+0.957
1608539400,+3.40, +3.719, +0.166,+0.956
1608539460,+3.40, +3.740, +0.166,+0.956
1608539520,+3.39, +3.698, +0.167,+0.956
1608539580,+3.39, +3.729, +0.167,+0.956
1608539640,+3.39, +3.698, +0.167,+0.956
1608539700,+3.39, +3.729, +0.166,+0.957
1608539760,+3.39, +3.719, +0.167,+0.957
1608539820,+3.39, +3.729, +0.168,+0.957
1608539880,+3.40, +3.719, +0.167,+0.956
1608539940,+3.39, +3.719, +0.168,+0.957
1608540000,+3.39, +3.708, +0.166,+0.956
1608540060,+3.39, +3.729, +0.167,+0.957
1608540120,+3.39, +3.719, +0.167,+0.956
1608540180,+3.39, +3.708, +0.167,+0.956
1608540240,+3.39, +3.719, +0.166,+0.957
1608540300,+3.39, +3.729, +0.167,+0.957
1608540360,+3.39, +3.729, +0.167,+0.957
1608540420,+3.40, +3.708, +0.168,+0.957
1608540480,+3.39, +3.740, +0.167,+0.957
1608540540,+3.40, +3.708, +0.167,+0.957
1608540600,+3.39, +3.740, +0.168,+0.957
1608540660,+3.39, +3.719, +0.169,+0.957
1608540720,+3.40, +3.719, +0.168,+0.957
1608540780,+3.39, +3.688, +0.167,+0.956
1608540840,+3.40, +3.740, +0.168,+0.957
1608540900,+3.40, +3.708, +0.168,+0.957
1608540960,+3.39, +3.719, +0.167,+0.956
1608541020,+3.40, +3.719, +0.165,+0.956
1608541080,+3.39, +3.729, +0.167,+0.957
1608541140,+3.39, +3.708, +0.169,+0.957
1608541200,+3.39, +3.729, +0.166,+0.956
1608541260,+3.39, +3.708, +0.168,+0.956
1608541320,+3.39, +3.740, +0.169,+0.957
1608541380,+3.39, +3.708, +0.167,+0.957
1608541440,+3.39, +3.708, +0.168,+0.956
1608541500,+3.39, +3.708, +0.168,+0.957
1608541560,+3.39, +3.688, +0.168,+0.956
1608541620,+3.39, +3.708, +0.167,+0.956
1608541680,+3.40, +3.708, +0.168,+0.957
1608541740,+3.39, +3.750, +0.166,+0.957
1608541800,+3.40, +3.688, +0.169,+0.957
1608541860,+3.39, +3.708, +0.167,+0.957
1608541920,+3.39, +3.740, +0.166,+0.957
1608541980,+3.39, +3.729, +0.165,+0.956
1608542040,+3.39, +3.708, +0.166,+0.956
1608542100,+3.40, +3.708, +0.167,+0.956
1608542160,+3.39, +3.719, +0.166,+0.956
1608542220,+3.39, +3.698, +0.168,+0.957
1608542280,+3.39, +3.698, +0.168,+0.956
1608542340,+3.39, +3.740, +0.167,+0.957
1608542400,+3.39, +3.688, +0.168,+0.957
1608542460,+3.39, +3.719, +0.168,+0.956
1608542520,+3.39, +3.708, +0.168,+0.956
1608542580,+3.39, +3.708, +0.167,+0.957
1608542640,+3.40, +3.719, +0.166,+0.957
1608542700,+3.39, +3.719, +0.169,+0.957
1608542760,+3.39, +3.698, +0.167,+0.957
1608542820,+3.39, +3.719, +0.165,+0.956
1608542880,+3.40, +3.708, +0.168,+0.957
1608542940,+3.39, +3.698, +0.168,+0.957
1608543000,+3.39, +3.698, +0.166,+0.956
1608543060,+3.39, +3.750, +0.166,+0.957
1608543120,+3.39, +3.688, +0.166,+0.956
1608543180,+3.39, +3.719, +0.168,+0.957
1608543240,+3.40, +3.719, +0.168,+0.957
1608543300,+3.40, +3.729, +0.166,+0.957
1608543360,+3.40, +3.708, +0.168,+0.957
1608543420,+3.40, +3.698, +0.169,+0.957
1608543480,+3.39, +3.698, +0.168,+0.957
1608543540,+3.39, +3.729, +0.168,+0.957
1608543600,+3.39, +3.719, +0.166,+0.956
1608543660,+3.40, +3.698, +0.168,+0.957
1608543720,+3.40, +3.708, +0.168,+0.957
1608543780,+3.39, +3.729, +0.166,+0.956
1608543840,+3.39, +3.698, +0.167,+0.956
1608543900,+3.39, +3.740, +0.168,+0.957
1608543960,+3.39, +3.729, +0.167,+0.956
1608544020,+3.39, +3.708, +0.166,+0.956
1608544080,+3.39, +3.729, +0.167,+0.957
1608544140,+3.39, +3.719, +0.166,+0.956
1608544200,+3.40, +3.688, +0.166,+0.956
1608544260,+3.39, +3.719, +0.168,+0.956
1608544320,+3.39, +3.729, +0.166,+0.956
1608544380,+3.39, +3.719, +0.166,+0.956
1608544440,+3.39, +3.708, +0.168,+0.956
1608544500,+3.40, +3.708, +0.167,+0.957
1608544560,+3.40, +3.698, +0.166,+0.956
1608544620,+3.39, +3.708, +0.169,+0.956
1608544680,+3.40, +3.708, +0.168,+0.957
1608544740,+3.40, +3.698, +0.167,+0.957
1608544800,+3.40, +3.708, +0.166,+0.957
1608544860,+3.39, +3.708, +0.167,+0.957
1608544920,+3.40, +3.708, +0.167,+0.957
1608544980,+3.40, +3.698, +0.168,+0.956
1608545040,+3.39, +3.698, +0.168,+0.956
1608545100,+3.39, +3.698, +0.167,+0.957
1608545160,+3.39, +3.688, +0.167,+0.956
1608545220,+3.39, +3.698, +0.166,+0.957
1608545280,+3.39, +3.708, +0.168,+0.956
1608545340,+3.39, +3.698, +0.167,+0.956
1608545400,+3.40, +3.708, +0.168,+0.957
1608545460,+3.39, +3.698, +0.166,+0.957
1608545520,+3.39, +3.698, +0.167,+0.957
1608545580,+3.40, +3.750, +0.167,+0.957
1608545640,+3.40, +3.635, +0.168,+0.956
1608545700,+3.39, +3.708, +0.168,+0.956
1608545760,+3.39, +3.688, +0.167,+0.956
1608545820,+3.39, +3.719, +0.167,+0.957
1608545880,+3.39, +3.708, +0.167,+0.956
1608545940,+3.39, +3.708, +0.167,+0.957
1608546000,+3.40, +3.708, +0.167,+0.956
1608546060,+3.40, +3.698, +0.166,+0.956
1608546120,+3.39, +3.719, +0.169,+0.957
1608546180,+3.40, +3.688, +0.169,+0.957
1608546240,+3.39, +3.667, +0.167,+0.956
1608546300,+3.39, +3.698, +0.166,+0.956
1608546360,+3.39, +3.698, +0.167,+0.956
1608546420,+3.39, +3.708, +0.167,+0.956
1608546480,+3.39, +3.677, +0.169,+0.956
1608546540,+3.39, +3.688, +0.167,+0.956
1608546600,+3.39, +3.708, +0.168,+0.957
1608546660,+3.40, +3.688, +0.166,+0.956
1608546720,+3.39, +3.667, +0.168,+0.956
1608546780,+3.39, +3.698, +0.167,+0.957
1608546840,+3.40, +3.656, +0.170,+0.957
1608546900,+3.39, +3.688, +0.165,+0.956
1608546960,+3.39, +3.719, +0.167,+0.957
1608547020,+3.39, +3.688, +0.168,+0.957
1608547080,+3.39, +3.688, +0.167,+0.956
1608547140,+3.39, +3.708, +0.167,+0.957
1608547200,+3.39, +3.719, +0.166,+0.957
1608547260,+3.39, +3.698, +0.168,+0.956
1608547320,+3.39, +3.667, +0.169,+0.956
1608547380,+3.40, +3.698, +0.167,+0.957
1608547440,+3.39, +3.698, +0.166,+0.956
1608547500,+3.39, +3.719, +0.166,+0.956
1608547560,+3.39, +3.729, +0.166,+0.956
1608547620,+3.39, +3.698, +0.168,+0.957
1608547680,+3.39, +3.740, +0.166,+0.957
1608547740,+3.40, +3.708, +0.167,+0.957
1608547800,+3.39, +3.698, +0.167,+0.956
1608547860,+3.40, +3.708, +0.167,+0.956
1608547920,+3.39, +3.719, +0.167,+0.956
1608547980,+3.39, +3.698, +0.167,+0.956
1608548040,+3.39, +3.698, +0.166,+0.957
1608548100,+3.39, +3.698, +0.167,+0.956
1608548160,+3.39, +3.688, +0.169,+0.957
1608548220,+3.39, +3.698, +0.167,+0.957
1608548280,+3.39, +3.740, +0.167,+0.957
1608548340,+3.40, +3.708, +0.167,+0.957
1608548400,+3.39, +3.708, +0.167,+0.957
1608548460,+3.39, +3.688, +0.167,+0.957
1608548520,+3.39, +3.698, +0.167,+0.956
1608548580,+3.39, +3.708, +0.166,+0.957
1608548640,+3.39, +3.719, +0.167,+0.957
1608548700,+3.39, +3.740, +0.168,+0.957
1608548760,+3.39, +3.708, +0.168,+0.957
1608548820,+3.39, +3.719, +0.168,+0.957
1608548880,+3.39, +3.729, +0.168,+0.957
1608548940,+3.39, +3.708, +0.168,+0.957
1608549000,+3.39, +3.708, +0.167,+0.957
1608549060,+3.39, +3.698, +0.167,+0.957
1608549120,+3.39, +3.698, +0.168,+0.956
1608549180,+3.40, +3.708, +0.168,+0.957
1608549240,+3.39, +3.708, +0.166,+0.956
1608549300,+3.39, +3.729, +0.168,+0.957
1608549360,+3.39, +3.708, +0.168,+0.957
1608549420,+3.40, +3.729, +0.166,+0.957
1608549480,+3.39, +3.719, +0.168,+0.957
1608549540,+3.39, +3.729, +0.167,+0.956
1608549600,+3.40, +3.719, +0.168,+0.957
1608549660,+3.40, +3.708, +0.165,+0.956
1608549720,+3.39, +3.708, +0.168,+0.957
1608549780,+3.40, +3.719, +0.168,+0.957
1608549840,+3.39, +3.698, +0.169,+0.957
1608549900,+3.39, +3.719, +0.168,+0.957
1608549960,+3.40, +3.708, +0.166,+0.956
1608550020,+3.39, +3.698, +0.167,+0.956
1608550080,+3.40, +3.719, +0.167,+0.957
1608550140,+3.39, +3.708, +0.167,+0.957
1608550200,+3.39, +3.708, +0.166,+0.956
1608550260,+3.39, +3.708, +0.168,+0.956
1608550320,+3.39, +3.698, +0.166,+0.956
1608550380,+3.39, +3.719, +0.167,+0.956
1608550440,+3.39, +3.719, +0.166,+0.957
1608550500,+3.39, +3.698, +0.167,+0.957
1608550560,+3.39, +3.688, +0.167,+0.957
1608550620,+3.39, +3.698, +0.167,+0.957
1608550680,+3.39, +3.698, +0.168,+0.957
1608550740,+3.39, +3.698, +0.169,+0.957
1608550800,+3.39, +3.708, +0.166,+0.956
1608550860,+3.40, +3.698, +0.168,+0.957
1608550920,+3.39, +3.635, +0.169,+0.956
1608550980,+3.39, +3.688, +0.167,+0.956
1608551040,+3.39, +3.729, +0.167,+0.957
1608551100,+3.40, +3.646, +0.169,+0.956
1608551160,+3.39, +3.729, +0.167,+0.957
1608551220,+3.39, +3.698, +0.168,+0.957
1608551280,+3.39, +3.688, +0.168,+0.957
1608551340,+3.39, +3.708, +0.167,+0.957
1608551400,+3.39, +3.656, +0.168,+0.956
1608551460,+3.39, +3.688, +0.167,+0.956
1608551520,+3.39, +3.688, +0.169,+0.957
1608551580,+3.39, +3.698, +0.169,+0.957
1608551640,+3.39, +3.708, +0.166,+0.956
1608551700,+3.39, +3.719, +0.167,+0.957
1608551760,+3.39, +3.698, +0.168,+0.957
1608551820,+3.40, +3.708, +0.168,+0.957
1608551880,+3.39, +3.729, +0.166,+0.957
1608551940,+3.39, +3.698, +0.167,+0.957
1608552000,+3.39, +3.698, +0.169,+0.957
1608552060,+3.39, +3.688, +0.169,+0.957
1608552120,+3.40, +3.698, +0.168,+0.957
1608552180,+3.40, +3.698, +0.168,+0.957
1608552240,+3.39, +3.688, +0.168,+0.957
1608552300,+3.40, +3.688, +0.167,+0.956
1608552360,+3.39, +3.719, +0.166,+0.957
1608552420,+3.39, +3.708, +0.168,+0.957
1608552480,+3.40, +3.719, +0.167,+0.957
1608552540,+3.39, +3.688, +0.167,+0.957
1608552600,+3.40, +3.698, +0.166,+0.956
1608552660,+3.39, +3.698, +0.167,+0.956
1608552720,+3.39, +3.708, +0.167,+0.956
1608552780,+3.39, +3.708, +0.165,+0.956
1608552840,+3.39, +3.698, +0.166,+0.956
1608552900,+3.39, +3.688, +0.168,+0.956
1608552960,+3.39, +3.677, +0.165,+0.956
1608553020,+3.39, +3.698, +0.170,+0.957
1608553080,+3.39, +3.698, +0.167,+0.957
1608553140,+3.39, +3.719, +0.167,+0.957
1608553200,+3.39, +3.719, +0.169,+0.957
1608553260,+3.40, +3.708, +0.166,+0.956
1608553320,+3.39, +3.688, +0.167,+0.956
1608553380,+3.39, +3.708, +0.166,+0.956
1608553440,+3.40, +3.708, +0.166,+0.956
1608553500,+3.39, +3.698, +0.168,+0.957
1608553560,+3.39, +3.708, +0.168,+0.957
1608553620,+3.39, +3.688, +0.167,+0.956
1608553680,+3.39, +3.719, +0.165,+0.956
1608553740,+3.39, +3.698, +0.168,+0.957
1608553800,+3.39, +3.698, +0.168,+0.957
1608553860,+3.39, +3.698, +0.166,+0.956
1608553920,+3.39, +3.708, +0.166,+0.956
1608553980,+3.40, +3.698, +0.169,+0.957
1608554040,+3.40, +3.698, +0.168,+0.957
1608554100,+3.39, +3.688, +0.167,+0.956
1608554160,+3.40, +3.698, +0.167,+0.957
1608554220,+3.39, +3.708, +0.166,+0.956
1608554280,+3.39, +3.719, +0.166,+0.956
1608554340,+3.39, +3.708, +0.166,+0.956
1608554400,+3.39, +3.698, +0.169,+0.956
1608554460,+3.39, +3.719, +0.167,+0.957
1608554520,+3.39, +3.708, +0.167,+0.957
1608554580,+3.39, +3.729, +0.166,+0.956
1608554640,+3.39, +3.708, +0.167,+0.957
1608554700,+3.39, +3.698, +0.169,+0.956
1608554760,+3.39, +3.698, +0.167,+0.956
1608554820,+3.39, +3.688, +0.168,+0.957
1608554880,+3.39, +3.698, +0.167,+0.957
1608554940,+3.39, +3.698, +0.167,+0.956
1608555000,+3.39, +3.688, +0.167,+0.956
1608555060,+3.39, +3.677, +0.167,+0.957
1608555120,+3.39, +3.646, +0.168,+0.956
1608555180,+3.39, +3.698, +0.166,+0.956
1608555240,+3.39, +3.708, +0.166,+0.956
1608555300,+3.39, +3.688, +0.167,+0.957
1608555360,+3.39, +3.698, +0.167,+0.957
1608555420,+3.39, +3.708, +0.166,+0.957
1608555480,+3.39, +3.708, +0.168,+0.957
1608555540,+3.39, +3.688, +0.168,+0.957
1608555600,+3.39, +3.698, +0.167,+0.956
1608555660,+3.39, +3.750, +0.167,+0.957
1608555720,+3.39, +3.708, +0.168,+0.957
1608555780,+3.39, +3.708, +0.167,+0.957
1608555840,+3.39, +3.677, +0.167,+0.956
1608555900,+3.39, +3.708, +0.167,+0.957
1608555960,+3.39, +3.708, +0.168,+0.957
1608556020,+3.39, +3.698, +0.167,+0.956
1608556080,+3.39, +3.708, +0.169,+0.957
1608556140,+3.39, +3.698, +0.169,+0.957
1608556200,+3.39, +3.729, +0.166,+0.957
1608556260,+3.39, +3.719, +0.166,+0.957
1608556320,+3.39, +3.708, +0.167,+0.956
1608556380,+3.39, +3.698, +0.168,+0.957
1608556440,+3.39, +3.688, +0.169,+0.956
1608556500,+3.39, +3.719, +0.167,+0.957
1608556560,+3.39, +3.698, +0.168,+0.957
1608556620,+3.39, +3.677, +0.168,+0.956
1608556680,+3.39, +3.698, +0.169,+0.957
1608556740,+3.39, +3.708, +0.166,+0.956
1608556800,+3.39, +3.698, +0.167,+0.956
1608556860,+3.39, +3.698, +0.167,+0.956
1608556920,+3.39, +3.698, +0.168,+0.956
1608556980,+3.39, +3.708, +0.167,+0.956
1608557040,+3.39, +3.698, +0.167,+0.956
1608557100,+3.39, +3.688, +0.168,+0.956
1608557160,+3.39, +3.708, +0.167,+0.957
1608557220,+3.39, +3.708, +0.167,+0.956
1608557280,+3.39, +3.708, +0.167,+0.956
1608557340,+3.39, +3.708, +0.167,+0.957
1608557400,+3.39, +3.698, +0.168,+0.957
1608557460,+3.39, +3.688, +0.167,+0.956
1608557520,+3.39, +3.729, +0.166,+0.957
1608557580,+3.39, +3.708, +0.167,+0.957
1608557640,+3.39, +3.740, +0.165,+0.956
1608557700,+3.39, +3.708, +0.166,+0.957
1608557760,+3.39, +3.719, +0.169,+0.957
1608557820,+3.39, +3.708, +0.167,+0.957
1608557880,+3.39, +3.688, +0.167,+0.957
1608557940,+3.39, +3.719, +0.166,+0.956
1608558000,+3.39, +3.719, +0.168,+0.957
1608558060,+3.39, +3.698, +0.168,+0.956
1608558120,+3.39, +3.698, +0.167,+0.956
1608558180,+3.39, +3.740, +0.168,+0.957
1608558240,+3.39, +3.729, +0.168,+0.957
1608558300,+3.39, +3.708, +0.167,+0.956
1608558360,+3.39, +3.688, +0.167,+0.957
1608558420,+3.39, +3.708, +0.166,+0.957
1608558480,+3.39, +3.698, +0.168,+0.957
1608558540,+3.39, +3.708, +0.166,+0.957
1608558600,+3.39, +3.719, +0.167,+0.956
1608558660,+3.39, +3.729, +0.167,+0.957
1608558720,+3.39, +3.719, +0.168,+0.957
1608558780,+3.39, +3.688, +0.167,+0.956
1608558840,+3.39, +3.719, +0.166,+0.957
1608558900,+3.39, +3.719, +0.166,+0.957
1608558960,+3.39, +3.719, +0.167,+0.957
1608559020,+3.39, +3.708, +0.167,+0.957
1608559080,+3.39, +3.708, +0.167,+0.956
1608559140,+3.39, +3.708, +0.168,+0.956
1608559200,+3.39, +3.708, +0.168,+0.957
1608559260,+3.39, +3.719, +0.166,+0.956
1608559320,+3.39, +3.719, +0.167,+0.957
1608559380,+3.39, +3.708, +0.166,+0.956
1608559440,+3.39, +3.729, +0.169,+0.957
1608559500,+3.39, +3.708, +0.168,+0.957
1608559560,+3.39, +3.729, +0.165,+0.956
1608559620,+3.39, +3.708, +0.166,+0.957
1608559680,+3.39, +3.729, +0.168,+0.957
1608559740,+3.39, +3.708, +0.168,+0.957
1608559800,+3.39, +3.708, +0.169,+0.957
1608559860,+3.40, +3.708, +0.168,+0.957
1608559920,+3.39, +3.698, +0.168,+0.957
1608559980,+3.39, +3.667, +0.166,+0.956
1608560040,+3.39, +3.729, +0.166,+0.957
1608560100,+3.39, +3.719, +0.166,+0.956
1608560160,+3.39, +3.719, +0.166,+0.956
1608560220,+3.39, +3.719, +0.166,+0.957
1608560280,+3.39, +3.698, +0.169,+0.957
1608560340,+3.39, +3.729, +0.168,+0.957
1608560400,+3.39, +3.729, +0.167,+0.957
1608560460,+3.39, +3.708, +0.169,+0.957
1608560520,+3.39, +3.688, +0.168,+0.956
1608560580,+3.39, +3.719, +0.168,+0.957
1608560640,+3.39, +3.708, +0.167,+0.956
1608560700,+3.39, +3.719, +0.168,+0.957
1608560760,+3.39, +3.719, +0.167,+0.957
1608560820,+3.39, +3.729, +0.168,+0.957
1608560880,+3.39, +3.708, +0.168,+0.957
1608560940,+3.39, +3.708, +0.166,+0.956
1608561000,+3.39, +3.688, +0.168,+0.956
1608561060,+3.39, +3.688, +0.169,+0.956
1608561120,+3.39, +3.750, +0.167,+0.957
1608561180,+3.39, +3.719, +0.167,+0.957
1608561240,+3.39, +3.719, +0.166,+0.957
1608561300,+3.39, +3.708, +0.166,+0.956
1608561360,+3.39, +3.729, +0.167,+0.957
1608561420,+3.39, +3.729, +0.168,+0.957
1608561480,+3.39, +3.688, +0.166,+0.956
1608561540,+3.39, +3.729, +0.166,+0.957
1608561600,+3.39, +3.740, +0.167,+0.957
1608561660,+3.39, +3.729, +0.167,+0.957
1608561720,+3.39, +3.719, +0.167,+0.956
1608561780,+3.39, +3.708, +0.168,+0.957
1608561840,+3.39, +3.719, +0.168,+0.957
1608561900,+3.39, +3.708, +0.168,+0.957
1608561960,+3.39, +3.708, +0.168,+0.957
1608562020,+3.39, +3.719, +0.167,+0.956
1608562080,+3.39, +3.698, +0.168,+0.957
1608562140,+3.39, +3.708, +0.169,+0.957
1608562200,+3.39, +3.740, +0.168,+0.957
1608562260,+3.39, +3.729, +0.168,+0.957
1608562320,+3.39, +3.719, +0.166,+0.956
1608562380,+3.39, +3.729, +0.168,+0.957
1608562440,+3.39, +3.719, +0.167,+0.957
1608562500,+3.39, +3.719, +0.167,+0.956
1608562560,+3.39, +3.729, +0.167,+0.957
1608562620,+3.39, +3.719, +0.167,+0.957
1608562680,+3.39, +3.729, +0.168,+0.957
1608562740,+3.39, +3.708, +0.167,+0.957
1608562800,+3.39, +3.719, +0.167,+0.956
1608562860,+3.39, +3.698, +0.169,+0.956
1608562920,+3.39, +3.719, +0.166,+0.957
1608562980,+3.39, +3.719, +0.169,+0.957
1608563040,+3.39, +3.708, +0.167,+0.957
1608563100,+3.39, +3.708, +0.166,+0.956
1608563160,+3.39, +3.708, +0.168,+0.957
1608563220,+3.39, +3.719, +0.167,+0.957
1608563280,+3.39, +3.708, +0.168,+0.956
1608563340,+3.39, +3.729, +0.167,+0.957
1608563400,+3.39, +3.698, +0.167,+0.956
1608563460,+3.39, +3.698, +0.168,+0.957
1608563520,+3.39, +3.708, +0.166,+0.956
1608563580,+3.39, +3.740, +0.167,+0.957
1608563640,+3.39, +3.708, +0.167,+0.956
1608563700,+3.39, +3.740, +0.164,+0.956
1608563760,+3.39, +3.708, +0.169,+0.957
1608563820,+3.39, +3.719, +0.167,+0.956
1608563880,+3.39, +3.729, +0.167,+0.957
1608563940,+3.39, +3.698, +0.169,+0.957
1608564000,+3.39, +3.719, +0.167,+0.956
1608564060,+3.39, +3.708, +0.166,+0.956
1608564120,+3.39, +3.729, +0.168,+0.956
1608564180,+3.39, +3.719, +0.166,+0.956
1608564240,+3.39, +3.729, +0.166,+0.956
1608564300,+3.40, +3.708, +0.168,+0.957
1608564360,+3.39, +3.729, +0.167,+0.956
1608564420,+3.39, +3.667, +0.168,+0.957
1608564480,+3.39, +3.708, +0.168,+0.957
1608564540,+3.39, +3.688, +0.167,+0.956
1608564600,+3.39, +3.667, +0.169,+0.956
1608564660,+3.39, +3.719, +0.168,+0.957
1608564720,+3.39, +3.729, +0.167,+0.957
1608564780,+3.39, +3.719, +0.167,+0.956
1608564840,+3.39, +3.719, +0.165,+0.956
1608564900,+3.40, +3.729, +0.165,+0.956
1608564960,+3.39, +3.740, +0.167,+0.957
1608565020,+3.39, +3.677, +0.168,+0.956
1608565080,+3.39, +3.729, +0.168,+0.957
1608565140,+3.39, +3.708, +0.167,+0.956
1608565200,+3.39, +3.688, +0.166,+0.956
1608565260,+3.39, +3.708, +0.167,+0.956
1608565320,+3.39, +3.708, +0.169,+0.957
1608565380,+3.40, +3.719, +0.167,+0.956
1608565440,+3.39, +3.708, +0.168,+0.956
1608565500,+3.39, +3.708, +0.169,+0.957
1608565560,+3.39, +3.708, +0.166,+0.957
1608565620,+3.39, +3.698, +0.168,+0.957
1608565680,+3.39, +3.708, +0.166,+0.956
1608565740,+3.39, +3.740, +0.167,+0.956
1608565800,+3.39, +3.750, +0.167,+0.957
1608565860,+3.39, +3.708, +0.168,+0.956
1608565920,+3.39, +3.708, +0.167,+0.957
1608565980,+3.39, +3.688, +0.168,+0.957
1608566040,+3.39, +3.698, +0.166,+0.956
1608566100,+3.39, +3.698, +0.168,+0.956
1608566160,+3.39, +3.698, +0.167,+0.957
1608566220,+3.40, +3.729, +0.167,+0.956
1608566280,+3.39, +3.688, +0.165,+0.956
1608566340,+3.39, +3.677, +0.168,+0.956
1608566400,+3.39, +3.719, +0.167,+0.957
1608566460,+3.39, +3.698, +0.167,+0.956
1608566520,+3.39, +3.677, +0.168,+0.956
1608566580,+3.39, +3.729, +0.169,+0.957
1608566640,+3.39, +3.708, +0.167,+0.957
1608566700,+3.39, +3.729, +0.166,+0.956
1608566760,+3.39, +3.698, +0.169,+0.957
1608566820,+3.39, +3.708, +0.167,+0.956
1608566880,+3.39, +3.698, +0.168,+0.956
1608566940,+3.39, +3.688, +0.168,+0.957
1608567000,+3.39, +3.729, +0.167,+0.957
1608567060,+3.40, +3.708, +0.170,+0.957
1608567120,+3.39, +3.698, +0.166,+0.956
1608567180,+3.39, +3.719, +0.168,+0.957
1608567240,+3.39, +3.698, +0.169,+0.957
1608567300,+3.39, +3.708, +0.168,+0.957
1608567360,+3.39, +3.688, +0.167,+0.956
1608567420,+3.39, +3.698, +0.166,+0.956
1608567480,+3.39, +3.708, +0.167,+0.956
1608567540,+3.39, +3.677, +0.166,+0.956
1608567600,+3.39, +3.708, +0.167,+0.957
1608567660,+3.39, +3.708, +0.169,+0.957
1608567720,+3.39, +3.698, +0.167,+0.956
1608567780,+3.39, +3.688, +0.169,+0.956
1608567840,+3.39, +3.708, +0.169,+0.957
1608567900,+3.39, +3.740, +0.167,+0.957
1608567960,+3.39, +3.719, +0.168,+0.957
1608568020,+3.39, +3.698, +0.168,+0.957
1608568080,+3.40, +3.708, +0.168,+0.956
1608568140,+3.39, +3.698, +0.167,+0.956
1608568200,+3.40, +3.708, +0.168,+0.957
1608568260,+3.40, +3.708, +0.167,+0.956
1608568320,+3.39, +3.698, +0.168,+0.956
1608568380,+3.39, +3.688, +0.167,+0.956
1608568440,+3.39, +3.698, +0.168,+0.956
1608568500,+3.39, +3.708, +0.167,+0.956
1608568560,+3.40, +3.698, +0.168,+0.957
1608568620,+3.39, +3.708, +0.166,+0.956
1608568680,+3.39, +3.698, +0.168,+0.957
1608568740,+3.39, +3.698, +0.168,+0.957
1608568800,+3.39, +3.708, +0.169,+0.957
