7392-570653
OS REV: 1.11 Sensor Cal: 1428445788
Time (sec),  BV (Volts),  T (deg C),  DO (mg/l),  Q ()
1604767260,+3.39, +4.371, +0.162,+0.954
1604767320,+3.39, +4.371, +0.161,+0.954
1604767380,+3.39, +4.371, +0.162,+0.954
1604767440,+3.39, +4.371, +0.163,+0.954
1604767500,+3.39, +4.351, +0.163,+0.954
1604767560,+3.39, +4.371, +0.160,+0.954
1604767620,+3.39, +4.381, +0.163,+0.954
1604767680,+3.39, +4.381, +0.162,+0.954
1604767740,+3.39, +4.381, +0.162,+0.954
1604767800,+3.39, +4.412, +0.162,+0.954
1604767860,+3.39, +4.402, +0.162,+0.954
1604767920,+3.40, +4.361, +0.161,+0.954
1604767980,+3.39, +4.392, +0.162,+0.954
1604768040,+3.39, +4.381, +0.162,+0.954
1604768100,+3.39, +4.392, +0.163,+0.954
1604768160,+3.40, +4.381, +0.161,+0.954
1604768220,+3.39, +4.402, +0.162,+0.954
1604768280,+3.39, +4.309, +0.162,+0.954
1604768340,+3.39, +4.361, +0.163,+0.954
1604768400,+3.39, +4.371, +0.164,+0.954
1604768460,+3.39, +4.381, +0.162,+0.954
1604768520,+3.39, +4.351, +0.163,+0.954
1604768580,+3.39, +4.392, +0.163,+0.954
1604768640,+3.39, +4.433, +0.161,+0.954
1604768700,+3.39, +4.412, +0.163,+0.954
1604768760,+3.39, +4.402, +0.162,+0.954
1604768820,+3.39, +4.371, +0.162,+0.954
1604768880,+3.40, +4.453, +0.161,+0.954
1604768940,+3.39, +4.422, +0.163,+0.954
1604769000,+3.39, +4.392, +0.162,+0.954
1604769060,+3.39, +4.392, +0.161,+0.954
1604769120,+3.39, +4.330, +0.164,+0.954
1604769180,+3.39, +4.330, +0.161,+0.954
1604769240,+3.39, +4.330, +0.163,+0.954
1604769300,+3.39, +4.340, +0.161,+0.954
1604769360,+3.39, +4.361, +0.162,+0.954
1604769420,+3.39, +4.340, +0.162,+0.954
1604769480,+3.39, +4.361, +0.161,+0.954
1604769540,+3.39, +4.320, +0.162,+0.954
1604769600,+3.39, +4.371, +0.164,+0.954
1604769660,+3.39, +4.309, +0.163,+0.954
1604769720,+3.39, +4.351, +0.162,+0.954
1604769780,+3.39, +4.371, +0.162,+0.954
1604769840,+3.40, +4.371, +0.163,+0.954
1604769900,+3.39, +4.381, +0.162,+0.954
1604769960,+3.39, +4.371, +0.164,+0.954
1604770020,+3.39, +4.392, +0.164,+0.954
1604770080,+3.39, +4.412, +0.162,+0.954
1604770140,+3.39, +4.443, +0.161,+0.954
1604770200,+3.39, +4.515, +0.162,+0.954
1604770260,+3.39, +4.627, +0.164,+0.955
1604770320,+3.39, +4.637, +0.167,+0.954
1604770380,+3.39, +4.668, +0.164,+0.954
1604770440,+3.39, +4.637, +0.164,+0.954
1604770500,+3.40, +4.576, +0.164,+0.954
1604770560,+3.39, +4.556, +0.162,+0.954
1604770620,+3.39, +4.515, +0.161,+0.954
1604770680,+3.39, +4.494, +0.160,+0.954
1604770740,+3.39, +4.504, +0.161,+0.954
1604770800,+3.39, +4.576, +0.159,+0.954
1604770860,+3.40, +4.535, +0.161,+0.954
1604770920,+3.40, +4.515, +0.163,+0.954
1604770980,+3.39, +4.586, +0.161,+0.954
1604771040,+3.40, +4.566, +0.162,+0.954
1604771100,+3.39, +4.556, +0.161,+0.954
1604771160,+3.39, +4.545, +0.161,+0.954
1604771220,+3.40, +4.586, +0.161,+0.954
1604771280,+3.39, +4.617, +0.162,+0.954
1604771340,+3.39, +4.637, +0.160,+0.954
1604771400,+3.39, +4.617, +0.160,+0.954
1604771460,+3.40, +4.637, +0.160,+0.954
1604771520,+3.39, +4.647, +0.161,+0.954
1604771580,+3.40, +4.658, +0.161,+0.954
1604771640,+3.39, +4.678, +0.160,+0.954
1604771700,+3.39, +4.647, +0.159,+0.954
1604771760,+3.39, +4.617, +0.159,+0.954
1604771820,+3.40, +4.607, +0.160,+0.954
1604771880,+3.40, +4.586, +0.161,+0.954
1604771940,+3.40, +4.586, +0.161,+0.954
1604772000,+3.40, +4.596, +0.160,+0.954
1604772060,+3.39, +4.607, +0.163,+0.954
1604772120,+3.39, +4.617, +0.162,+0.954
1604772180,+3.39, +4.556, +0.159,+0.954
1604772240,+3.40, +4.617, +0.164,+0.954
1604772300,+3.39, +4.678, +0.159,+0.954
1604772360,+3.39, +4.678, +0.162,+0.954
1604772420,+3.39, +4.658, +0.160,+0.954
1604772480,+3.40, +4.658, +0.161,+0.954
1604772540,+3.40, +4.658, +0.160,+0.954
1604772600,+3.39, +4.637, +0.161,+0.954
1604772660,+3.40, +4.607, +0.162,+0.954
1604772720,+3.40, +4.596, +0.161,+0.954
1604772780,+3.40, +4.596, +0.160,+0.954
1604772840,+3.40, +4.596, +0.161,+0.954
1604772900,+3.39, +4.556, +0.161,+0.954
1604772960,+3.40, +4.545, +0.160,+0.954
1604773020,+3.40, +4.556, +0.161,+0.954
1604773080,+3.39, +4.556, +0.160,+0.954
1604773140,+3.40, +4.545, +0.161,+0.954
1604773200,+3.40, +4.494, +0.160,+0.954
1604773260,+3.40, +4.484, +0.159,+0.954
1604773320,+3.39, +4.474, +0.162,+0.954
1604773380,+3.39, +4.484, +0.161,+0.954
1604773440,+3.40, +4.453, +0.163,+0.954
1604773500,+3.40, +4.443, +0.160,+0.954
1604773560,+3.40, +4.422, +0.161,+0.954
1604773620,+3.40, +4.412, +0.161,+0.954
1604773680,+3.40, +4.392, +0.163,+0.954
1604773740,+3.39, +4.392, +0.161,+0.954
1604773800,+3.40, +4.381, +0.161,+0.954
1604773860,+3.40, +4.340, +0.163,+0.954
1604773920,+3.40, +4.371, +0.163,+0.954
1604773980,+3.39, +4.381, +0.160,+0.954
1604774040,+3.40, +4.340, +0.161,+0.954
1604774100,+3.39, +4.351, +0.163,+0.954
1604774160,+3.40, +4.351, +0.160,+0.954
1604774220,+3.39, +4.351, +0.162,+0.953
1604774280,+3.39, +4.392, +0.164,+0.954
1604774340,+3.39, +4.422, +0.162,+0.954
1604774400,+3.40, +4.392, +0.162,+0.954
1604774460,+3.39, +4.392, +0.160,+0.954
1604774520,+3.39, +4.392, +0.161,+0.954
1604774580,+3.39, +4.371, +0.164,+0.954
1604774640,+3.39, +4.402, +0.163,+0.954
1604774700,+3.40, +4.371, +0.162,+0.954
1604774760,+3.39, +4.351, +0.163,+0.954
1604774820,+3.39, +4.351, +0.163,+0.954
1604774880,+3.39, +4.340, +0.162,+0.954
1604774940,+3.40, +4.361, +0.162,+0.954
1604775000,+3.40, +4.361, +0.162,+0.954
1604775060,+3.40, +4.351, +0.163,+0.954
1604775120,+3.39, +4.371, +0.162,+0.954
1604775180,+3.40, +4.351, +0.161,+0.954
1604775240,+3.39, +4.361, +0.163,+0.954
1604775300,+3.39, +4.371, +0.162,+0.954
1604775360,+3.39, +4.381, +0.161,+0.954
1604775420,+3.40, +4.361, +0.163,+0.954
1604775480,+3.39, +4.361, +0.162,+0.954
1604775540,+3.40, +4.351, +0.163,+0.954
1604775600,+3.39, +4.351, +0.163,+0.954
1604775660,+3.39, +4.381, +0.163,+0.954
1604775720,+3.40, +4.412, +0.161,+0.954
1604775780,+3.40, +4.392, +0.162,+0.954
1604775840,+3.39, +4.422, +0.162,+0.954
1604775900,+3.39, +4.402, +0.164,+0.954
1604775960,+3.39, +4.422, +0.161,+0.954
1604776020,+3.40, +4.443, +0.163,+0.954
1604776080,+3.40, +4.494, +0.160,+0.954
1604776140,+3.40, +4.443, +0.161,+0.954
1604776200,+3.39, +4.474, +0.161,+0.954
1604776260,+3.40, +4.443, +0.162,+0.954
1604776320,+3.39, +4.453, +0.160,+0.954
1604776380,+3.39, +4.412, +0.163,+0.954
1604776440,+3.40, +4.433, +0.162,+0.954
1604776500,+3.40, +4.412, +0.163,+0.954
1604776560,+3.40, +4.402, +0.163,+0.954
1604776620,+3.39, +4.422, +0.161,+0.954
1604776680,+3.40, +4.463, +0.161,+0.954
1604776740,+3.40, +4.535, +0.162,+0.954
1604776800,+3.40, +4.596, +0.161,+0.954
1604776860,+3.39, +4.637, +0.164,+0.954
1604776920,+3.40, +4.739, +0.161,+0.954
1604776980,+3.40, +4.749, +0.160,+0.954
1604777040,+3.39, +4.749, +0.160,+0.954
1604777100,+3.40, +4.719, +0.159,+0.954
1604777160,+3.40, +4.627, +0.160,+0.954
1604777220,+3.40, +4.586, +0.160,+0.954
1604777280,+3.40, +4.576, +0.159,+0.954
1604777340,+3.40, +4.494, +0.160,+0.954
1604777400,+3.40, +4.463, +0.160,+0.954
1604777460,+3.39, +4.463, +0.159,+0.953
1604777520,+3.39, +4.412, +0.162,+0.954
1604777580,+3.40, +4.381, +0.161,+0.953
1604777640,+3.40, +4.381, +0.160,+0.954
1604777700,+3.40, +4.392, +0.163,+0.954
1604777760,+3.40, +4.392, +0.162,+0.954
1604777820,+3.40, +4.433, +0.163,+0.954
1604777880,+3.40, +4.453, +0.162,+0.954
1604777940,+3.40, +4.422, +0.163,+0.954
1604778000,+3.40, +4.433, +0.164,+0.954
1604778060,+3.39, +4.371, +0.162,+0.954
1604778120,+3.39, +4.412, +0.161,+0.954
1604778180,+3.40, +4.381, +0.161,+0.954
1604778240,+3.40, +4.381, +0.163,+0.954
1604778300,+3.40, +4.351, +0.163,+0.954
1604778360,+3.39, +4.381, +0.162,+0.954
1604778420,+3.39, +4.361, +0.163,+0.954
1604778480,+3.39, +4.381, +0.162,+0.954
1604778540,+3.40, +4.371, +0.162,+0.954
1604778600,+3.39, +4.351, +0.162,+0.954
1604778660,+3.40, +4.381, +0.164,+0.954
1604778720,+3.40, +4.402, +0.162,+0.954
1604778780,+3.39, +4.443, +0.162,+0.954
1604778840,+3.39, +4.484, +0.162,+0.954
1604778900,+3.39, +4.474, +0.162,+0.954
1604778960,+3.39, +4.515, +0.162,+0.954
1604779020,+3.40, +4.535, +0.162,+0.954
1604779080,+3.39, +4.525, +0.162,+0.954
1604779140,+3.39, +4.515, +0.161,+0.954
1604779200,+3.39, +4.484, +0.161,+0.954
1604779260,+3.40, +4.463, +0.162,+0.954
1604779320,+3.40, +4.525, +0.163,+0.954
1604779380,+3.39, +4.596, +0.160,+0.954
1604779440,+3.39, +4.607, +0.160,+0.954
1604779500,+3.39, +4.535, +0.161,+0.954
1604779560,+3.39, +4.515, +0.160,+0.954
1604779620,+3.40, +4.494, +0.162,+0.954
1604779680,+3.39, +4.484, +0.161,+0.954
1604779740,+3.40, +4.463, +0.161,+0.954
1604779800,+3.40, +4.443, +0.162,+0.954
1604779860,+3.40, +4.453, +0.162,+0.954
1604779920,+3.40, +4.463, +0.163,+0.954
1604779980,+3.40, +4.453, +0.162,+0.954
1604780040,+3.39, +4.463, +0.162,+0.954
1604780100,+3.40, +4.443, +0.161,+0.954
1604780160,+3.40, +4.443, +0.162,+0.954
1604780220,+3.39, +4.443, +0.161,+0.954
1604780280,+3.40, +4.474, +0.161,+0.954
1604780340,+3.39, +4.463, +0.162,+0.954
1604780400,+3.40, +4.433, +0.162,+0.954
1604780460,+3.39, +4.422, +0.161,+0.954
1604780520,+3.39, +4.443, +0.161,+0.954
1604780580,+3.40, +4.433, +0.163,+0.954
1604780640,+3.39, +4.433, +0.162,+0.954
1604780700,+3.39, +4.422, +0.162,+0.954
1604780760,+3.40, +4.412, +0.163,+0.954
1604780820,+3.39, +4.422, +0.161,+0.954
1604780880,+3.40, +4.381, +0.161,+0.954
1604780940,+3.39, +4.453, +0.162,+0.954
1604781000,+3.40, +4.453, +0.161,+0.954
1604781060,+3.39, +4.433, +0.163,+0.954
1604781120,+3.40, +4.422, +0.163,+0.954
1604781180,+3.40, +4.422, +0.163,+0.954
1604781240,+3.40, +4.433, +0.161,+0.954
1604781300,+3.40, +4.402, +0.162,+0.954
1604781360,+3.40, +4.402, +0.161,+0.954
1604781420,+3.39, +4.402, +0.161,+0.954
1604781480,+3.40, +4.412, +0.160,+0.954
1604781540,+3.40, +4.392, +0.162,+0.954
1604781600,+3.39, +4.412, +0.161,+0.954
1604781660,+3.39, +4.392, +0.163,+0.954
1604781720,+3.39, +4.381, +0.161,+0.954
1604781780,+3.39, +4.381, +0.162,+0.954
1604781840,+3.40, +4.381, +0.161,+0.954
1604781900,+3.39, +4.392, +0.162,+0.954
1604781960,+3.40, +4.371, +0.163,+0.954
1604782020,+3.40, +4.392, +0.162,+0.954
1604782080,+3.40, +4.412, +0.162,+0.954
1604782140,+3.40, +4.371, +0.162,+0.954
1604782200,+3.39, +4.422, +0.161,+0.954
1604782260,+3.40, +4.422, +0.161,+0.954
1604782320,+3.40, +4.412, +0.161,+0.954
1604782380,+3.40, +4.412, +0.162,+0.954
1604782440,+3.40, +4.433, +0.161,+0.954
1604782500,+3.39, +4.412, +0.162,+0.954
1604782560,+3.39, +4.402, +0.161,+0.954
1604782620,+3.39, +4.371, +0.162,+0.954
1604782680,+3.39, +4.361, +0.163,+0.954
1604782740,+3.40, +4.371, +0.163,+0.954
1604782800,+3.39, +4.371, +0.162,+0.954
1604782860,+3.39, +4.361, +0.163,+0.954
1604782920,+3.39, +4.371, +0.160,+0.954
1604782980,+3.40, +4.330, +0.163,+0.954
1604783040,+3.40, +4.351, +0.162,+0.954
1604783100,+3.39, +4.351, +0.163,+0.954
1604783160,+3.40, +4.340, +0.163,+0.954
1604783220,+3.40, +4.330, +0.160,+0.954
1604783280,+3.39, +4.351, +0.162,+0.954
1604783340,+3.40, +4.351, +0.163,+0.954
1604783400,+3.39, +4.371, +0.161,+0.954
1604783460,+3.40, +4.351, +0.163,+0.954
1604783520,+3.39, +4.443, +0.162,+0.954
1604783580,+3.39, +4.474, +0.163,+0.954
1604783640,+3.40, +4.494, +0.161,+0.954
1604783700,+3.40, +4.474, +0.162,+0.954
1604783760,+3.39, +4.474, +0.161,+0.954
1604783820,+3.40, +4.463, +0.162,+0.954
1604783880,+3.40, +4.463, +0.162,+0.954
1604783940,+3.39, +4.463, +0.162,+0.954
1604784000,+3.40, +4.484, +0.162,+0.954
1604784060,+3.40, +4.515, +0.160,+0.954
1604784120,+3.40, +4.545, +0.160,+0.954
1604784180,+3.39, +4.545, +0.163,+0.954
1604784240,+3.40, +4.535, +0.161,+0.954
1604784300,+3.40, +4.556, +0.163,+0.954
1604784360,+3.39, +4.576, +0.161,+0.954
1604784420,+3.39, +4.535, +0.163,+0.954
1604784480,+3.40, +4.525, +0.162,+0.954
1604784540,+3.39, +4.504, +0.160,+0.954
1604784600,+3.40, +4.515, +0.161,+0.954
1604784660,+3.40, +4.484, +0.163,+0.954
1604784720,+3.40, +4.474, +0.161,+0.954
1604784780,+3.39, +4.525, +0.162,+0.954
1604784840,+3.40, +4.515, +0.164,+0.954
1604784900,+3.40, +4.535, +0.161,+0.954
1604784960,+3.40, +4.545, +0.161,+0.954
1604785020,+3.39, +4.545, +0.159,+0.954
1604785080,+3.40, +4.545, +0.161,+0.954
1604785140,+3.40, +4.525, +0.161,+0.954
1604785200,+3.40, +4.515, +0.162,+0.954
1604785260,+3.40, +4.504, +0.162,+0.954
1604785320,+3.40, +4.515, +0.160,+0.954
1604785380,+3.40, +4.494, +0.162,+0.954
1604785440,+3.39, +4.504, +0.162,+0.954
1604785500,+3.39, +4.515, +0.161,+0.954
1604785560,+3.39, +4.545, +0.160,+0.954
1604785620,+3.39, +4.566, +0.160,+0.954
1604785680,+3.39, +4.535, +0.162,+0.954
1604785740,+3.40, +4.556, +0.160,+0.954
1604785800,+3.40, +4.566, +0.160,+0.954
1604785860,+3.39, +4.566, +0.160,+0.954
1604785920,+3.40, +4.576, +0.160,+0.954
1604785980,+3.40, +4.566, +0.160,+0.954
1604786040,+3.39, +4.576, +0.159,+0.954
1604786100,+3.39, +4.566, +0.160,+0.954
1604786160,+3.40, +4.545, +0.161,+0.954
1604786220,+3.40, +4.525, +0.161,+0.954
1604786280,+3.39, +4.535, +0.161,+0.954
1604786340,+3.40, +4.515, +0.162,+0.954
1604786400,+3.40, +4.515, +0.160,+0.954
1604786460,+3.40, +4.515, +0.161,+0.954
1604786520,+3.40, +4.504, +0.162,+0.954
1604786580,+3.40, +4.494, +0.161,+0.954
1604786640,+3.40, +4.484, +0.160,+0.954
1604786700,+3.39, +4.484, +0.161,+0.954
1604786760,+3.40, +4.474, +0.161,+0.954
1604786820,+3.40, +4.484, +0.162,+0.954
1604786880,+3.39, +4.463, +0.161,+0.954
1604786940,+3.39, +4.433, +0.160,+0.954
1604787000,+3.40, +4.453, +0.163,+0.954
1604787060,+3.39, +4.453, +0.164,+0.954
1604787120,+3.40, +4.443, +0.161,+0.954
1604787180,+3.40, +4.535, +0.160,+0.954
1604787240,+3.40, +4.433, +0.160,+0.954
1604787300,+3.40, +4.463, +0.160,+0.954
1604787360,+3.39, +4.484, +0.162,+0.954
1604787420,+3.39, +4.474, +0.160,+0.954
1604787480,+3.40, +4.484, +0.164,+0.954
1604787540,+3.40, +4.484, +0.161,+0.954
1604787600,+3.40, +4.494, +0.162,+0.954
1604787660,+3.40, +4.484, +0.161,+0.954
1604787720,+3.40, +4.474, +0.162,+0.954
1604787780,+3.40, +4.484, +0.162,+0.954
1604787840,+3.39, +4.494, +0.163,+0.954
1604787900,+3.40, +4.494, +0.163,+0.954
1604787960,+3.40, +4.504, +0.162,+0.954
1604788020,+3.39, +4.463, +0.163,+0.954
1604788080,+3.40, +4.453, +0.162,+0.954
1604788140,+3.40, +4.443, +0.161,+0.954
1604788200,+3.40, +4.433, +0.160,+0.954
1604788260,+3.40, +4.433, +0.163,+0.954
1604788320,+3.40, +4.422, +0.162,+0.954
1604788380,+3.39, +4.453, +0.162,+0.954
1604788440,+3.39, +4.463, +0.162,+0.954
1604788500,+3.40, +4.433, +0.161,+0.954
1604788560,+3.39, +4.443, +0.162,+0.954
1604788620,+3.40, +4.463, +0.162,+0.954
1604788680,+3.39, +4.453, +0.160,+0.954
1604788740,+3.39, +4.453, +0.161,+0.954
1604788800,+3.40, +4.433, +0.162,+0.954
1604788860,+3.40, +4.422, +0.162,+0.954
1604788920,+3.40, +4.412, +0.162,+0.954
1604788980,+3.39, +4.433, +0.161,+0.954
1604789040,+3.40, +4.453, +0.161,+0.954
1604789100,+3.40, +4.433, +0.161,+0.954
1604789160,+3.39, +4.453, +0.162,+0.954
1604789220,+3.39, +4.453, +0.162,+0.954
1604789280,+3.40, +4.474, +0.162,+0.954
1604789340,+3.40, +4.453, +0.161,+0.954
1604789400,+3.40, +4.494, +0.162,+0.954
1604789460,+3.39, +4.494, +0.161,+0.954
1604789520,+3.39, +4.494, +0.162,+0.954
1604789580,+3.40, +4.515, +0.162,+0.954
1604789640,+3.39, +4.504, +0.161,+0.954
1604789700,+3.40, +4.504, +0.161,+0.954
1604789760,+3.40, +4.515, +0.161,+0.954
1604789820,+3.40, +4.484, +0.161,+0.954
1604789880,+3.40, +4.494, +0.161,+0.954
1604789940,+3.40, +4.494, +0.161,+0.954
1604790000,+3.40, +4.484, +0.159,+0.954
1604790060,+3.40, +4.484, +0.161,+0.954
1604790120,+3.40, +4.515, +0.162,+0.954
1604790180,+3.40, +4.484, +0.161,+0.954
1604790240,+3.39, +4.474, +0.162,+0.954
1604790300,+3.40, +4.474, +0.161,+0.954
1604790360,+3.40, +4.453, +0.161,+0.954
1604790420,+3.40, +4.463, +0.162,+0.954
1604790480,+3.40, +4.474, +0.161,+0.954
1604790540,+3.39, +4.463, +0.160,+0.954
1604790600,+3.40, +4.443, +0.162,+0.954
1604790660,+3.40, +4.433, +0.162,+0.954
1604790720,+3.40, +4.453, +0.162,+0.954
1604790780,+3.40, +4.463, +0.162,+0.954
1604790840,+3.40, +4.474, +0.162,+0.954
1604790900,+3.40, +4.484, +0.162,+0.954
1604790960,+3.40, +4.515, +0.162,+0.954
1604791020,+3.39, +4.515, +0.160,+0.954
1604791080,+3.40, +4.515, +0.160,+0.954
1604791140,+3.40, +4.504, +0.161,+0.954
1604791200,+3.39, +4.535, +0.162,+0.954
1604791260,+3.39, +4.504, +0.161,+0.954
1604791320,+3.40, +4.504, +0.162,+0.954
1604791380,+3.40, +4.535, +0.161,+0.954
1604791440,+3.40, +4.545, +0.162,+0.954
1604791500,+3.40, +4.504, +0.162,+0.954
1604791560,+3.40, +4.525, +0.160,+0.954
1604791620,+3.40, +4.515, +0.162,+0.954
1604791680,+3.40, +4.535, +0.162,+0.954
1604791740,+3.40, +4.515, +0.161,+0.954
1604791800,+3.39, +4.545, +0.161,+0.954
1604791860,+3.40, +4.545, +0.162,+0.954
1604791920,+3.40, +4.545, +0.161,+0.954
1604791980,+3.40, +4.525, +0.161,+0.954
1604792040,+3.40, +4.566, +0.161,+0.954
1604792100,+3.39, +4.525, +0.161,+0.954
1604792160,+3.40, +4.535, +0.160,+0.954
1604792220,+3.40, +4.525, +0.162,+0.954
1604792280,+3.40, +4.535, +0.160,+0.954
1604792340,+3.40, +4.535, +0.161,+0.954
1604792400,+3.40, +4.535, +0.161,+0.954
1604792460,+3.40, +4.525, +0.160,+0.954
1604792520,+3.39, +4.504, +0.162,+0.954
1604792580,+3.40, +4.494, +0.162,+0.954
1604792640,+3.40, +4.515, +0.162,+0.954
1604792700,+3.40, +4.525, +0.162,+0.954
1604792760,+3.40, +4.515, +0.162,+0.954
1604792820,+3.39, +4.535, +0.162,+0.954
1604792880,+3.40, +4.515, +0.162,+0.954
1604792940,+3.40, +4.515, +0.161,+0.954
1604793000,+3.39, +4.556, +0.161,+0.954
1604793060,+3.40, +4.525, +0.161,+0.954
1604793120,+3.40, +4.515, +0.162,+0.954
1604793180,+3.40, +4.535, +0.161,+0.954
1604793240,+3.40, +4.504, +0.161,+0.954
1604793300,+3.39, +4.535, +0.161,+0.954
1604793360,+3.40, +4.525, +0.162,+0.954
1604793420,+3.40, +4.535, +0.161,+0.954
1604793480,+3.40, +4.515, +0.162,+0.954
1604793540,+3.39, +4.515, +0.162,+0.954
1604793600,+3.40, +4.556, +0.161,+0.954
1604793660,+3.40, +4.556, +0.161,+0.954
1604793720,+3.40, +4.545, +0.159,+0.954
1604793780,+3.40, +4.545, +0.161,+0.954
1604793840,+3.40, +4.525, +0.163,+0.954
1604793900,+3.40, +4.535, +0.160,+0.954
1604793960,+3.40, +4.504, +0.162,+0.954
1604794020,+3.39, +4.545, +0.161,+0.954
1604794080,+3.40, +4.525, +0.161,+0.954
1604794140,+3.39, +4.576, +0.159,+0.954
1604794200,+3.40, +4.535, +0.160,+0.954
1604794260,+3.40, +4.535, +0.161,+0.954
1604794320,+3.40, +4.494, +0.162,+0.954
1604794380,+3.40, +4.494, +0.161,+0.954
1604794440,+3.39, +4.504, +0.160,+0.954
1604794500,+3.40, +4.494, +0.162,+0.954
1604794560,+3.40, +4.504, +0.161,+0.954
1604794620,+3.40, +4.504, +0.162,+0.954
1604794680,+3.40, +4.515, +0.162,+0.954
1604794740,+3.40, +4.484, +0.161,+0.954
1604794800,+3.40, +4.515, +0.163,+0.954
1604794860,+3.40, +4.484, +0.162,+0.954
1604794920,+3.40, +4.494, +0.163,+0.954
1604794980,+3.40, +4.494, +0.160,+0.954
1604795040,+3.40, +4.463, +0.161,+0.954
1604795100,+3.40, +4.474, +0.163,+0.954
1604795160,+3.40, +4.504, +0.161,+0.954
1604795220,+3.40, +4.515, +0.163,+0.954
1604795280,+3.40, +4.545, +0.161,+0.954
1604795340,+3.40, +4.515, +0.160,+0.954
1604795400,+3.40, +4.463, +0.162,+0.954
1604795460,+3.40, +4.494, +0.161,+0.954
1604795520,+3.40, +4.453, +0.161,+0.954
1604795580,+3.40, +4.474, +0.161,+0.954
1604795640,+3.40, +4.525, +0.161,+0.954
1604795700,+3.40, +4.586, +0.160,+0.954
1604795760,+3.39, +4.525, +0.163,+0.954
1604795820,+3.40, +4.576, +0.161,+0.954
1604795880,+3.40, +4.596, +0.162,+0.954
1604795940,+3.40, +4.566, +0.161,+0.954
1604796000,+3.39, +4.566, +0.162,+0.954
1604796060,+3.40, +4.566, +0.160,+0.954
1604796120,+3.40, +4.556, +0.161,+0.954
1604796180,+3.40, +4.556, +0.159,+0.954
1604796240,+3.40, +4.545, +0.162,+0.954
1604796300,+3.40, +4.556, +0.161,+0.954
1604796360,+3.40, +4.566, +0.161,+0.954
1604796420,+3.40, +4.494, +0.162,+0.954
1604796480,+3.40, +4.545, +0.162,+0.954
1604796540,+3.40, +4.566, +0.160,+0.954
1604796600,+3.40, +4.607, +0.161,+0.954
1604796660,+3.39, +4.556, +0.162,+0.954
1604796720,+3.40, +4.576, +0.162,+0.954
1604796780,+3.40, +4.596, +0.160,+0.954
1604796840,+3.40, +4.586, +0.160,+0.954
1604796900,+3.40, +4.556, +0.160,+0.954
1604796960,+3.40, +4.566, +0.160,+0.954
1604797020,+3.40, +4.535, +0.160,+0.954
1604797080,+3.40, +4.535, +0.161,+0.954
1604797140,+3.40, +4.504, +0.162,+0.954
1604797200,+3.40, +4.504, +0.161,+0.954
1604797260,+3.40, +4.494, +0.162,+0.954
1604797320,+3.40, +4.484, +0.162,+0.954
1604797380,+3.40, +4.463, +0.161,+0.954
1604797440,+3.40, +4.474, +0.160,+0.954
1604797500,+3.40, +4.463, +0.162,+0.954
1604797560,+3.40, +4.453, +0.161,+0.954
1604797620,+3.40, +4.443, +0.161,+0.954
1604797680,+3.40, +4.412, +0.160,+0.954
1604797740,+3.40, +4.412, +0.163,+0.954
1604797800,+3.40, +4.392, +0.163,+0.954
1604797860,+3.39, +4.433, +0.161,+0.954
1604797920,+3.40, +4.422, +0.160,+0.954
1604797980,+3.40, +4.433, +0.162,+0.954
1604798040,+3.40, +4.463, +0.161,+0.954
1604798100,+3.40, +4.422, +0.162,+0.954
1604798160,+3.40, +4.402, +0.162,+0.954
1604798220,+3.40, +4.402, +0.162,+0.954
1604798280,+3.40, +4.422, +0.162,+0.954
1604798340,+3.40, +4.422, +0.161,+0.954
1604798400,+3.40, +4.422, +0.164,+0.954
1604798460,+3.40, +4.453, +0.162,+0.954
1604798520,+3.40, +4.433, +0.162,+0.954
1604798580,+3.40, +4.443, +0.161,+0.954
1604798640,+3.40, +4.412, +0.163,+0.954
1604798700,+3.40, +4.463, +0.164,+0.954
1604798760,+3.40, +4.422, +0.162,+0.954
1604798820,+3.40, +4.443, +0.161,+0.954
1604798880,+3.40, +4.453, +0.163,+0.954
1604798940,+3.40, +4.433, +0.162,+0.954
1604799000,+3.39, +4.463, +0.162,+0.954
1604799060,+3.40, +4.453, +0.161,+0.954
1604799120,+3.40, +4.453, +0.161,+0.954
1604799180,+3.39, +4.443, +0.161,+0.954
1604799240,+3.40, +4.474, +0.162,+0.954
1604799300,+3.40, +4.494, +0.160,+0.954
1604799360,+3.39, +4.504, +0.162,+0.954
1604799420,+3.40, +4.515, +0.163,+0.954
1604799480,+3.40, +4.535, +0.162,+0.954
1604799540,+3.40, +4.535, +0.162,+0.954
1604799600,+3.40, +4.525, +0.161,+0.954
1604799660,+3.40, +4.504, +0.162,+0.954
1604799720,+3.40, +4.504, +0.162,+0.954
1604799780,+3.40, +4.453, +0.161,+0.954
1604799840,+3.40, +4.525, +0.162,+0.954
1604799900,+3.40, +4.535, +0.161,+0.954
1604799960,+3.40, +4.515, +0.159,+0.954
1604800020,+3.40, +4.484, +0.162,+0.954
1604800080,+3.40, +4.484, +0.162,+0.954
1604800140,+3.40, +4.474, +0.162,+0.954
1604800200,+3.40, +4.474, +0.162,+0.954
1604800260,+3.40, +4.474, +0.162,+0.954
1604800320,+3.40, +4.474, +0.161,+0.954
1604800380,+3.40, +4.474, +0.163,+0.954
1604800440,+3.40, +4.443, +0.162,+0.954
1604800500,+3.40, +4.453, +0.164,+0.954
1604800560,+3.40, +4.484, +0.161,+0.954
1604800620,+3.40, +4.453, +0.161,+0.954
1604800680,+3.40, +4.453, +0.162,+0.954
1604800740,+3.40, +4.474, +0.161,+0.954
1604800800,+3.40, +4.443, +0.162,+0.954
1604800860,+3.40, +4.463, +0.161,+0.954
1604800920,+3.40, +4.463, +0.162,+0.954
1604800980,+3.40, +4.433, +0.162,+0.954
1604801040,+3.40, +4.422, +0.162,+0.954
1604801100,+3.40, +4.443, +0.162,+0.954
1604801160,+3.40, +4.422, +0.162,+0.954
1604801220,+3.39, +4.453, +0.163,+0.954
1604801280,+3.40, +4.443, +0.162,+0.954
1604801340,+3.40, +4.433, +0.161,+0.954
1604801400,+3.40, +4.422, +0.161,+0.954
1604801460,+3.40, +4.433, +0.163,+0.954
1604801520,+3.39, +4.433, +0.161,+0.954
1604801580,+3.40, +4.402, +0.164,+0.954
1604801640,+3.40, +4.402, +0.162,+0.954
1604801700,+3.39, +4.402, +0.163,+0.954
1604801760,+3.40, +4.392, +0.162,+0.954
1604801820,+3.40, +4.443, +0.161,+0.954
1604801880,+3.40, +4.412, +0.163,+0.954
1604801940,+3.40, +4.422, +0.161,+0.954
1604802000,+3.39, +4.402, +0.162,+0.954
1604802060,+3.40, +4.392, +0.163,+0.954
1604802120,+3.40, +4.422, +0.161,+0.954
1604802180,+3.40, +4.381, +0.161,+0.954
1604802240,+3.39, +4.402, +0.162,+0.954
1604802300,+3.40, +4.412, +0.162,+0.954
1604802360,+3.40, +4.392, +0.162,+0.954
1604802420,+3.40, +4.381, +0.161,+0.954
1604802480,+3.39, +4.371, +0.161,+0.954
1604802540,+3.40, +4.402, +0.162,+0.954
1604802600,+3.40, +4.412, +0.162,+0.954
1604802660,+3.40, +4.381, +0.163,+0.954
1604802720,+3.40, +4.392, +0.163,+0.954
1604802780,+3.40, +4.433, +0.162,+0.954
1604802840,+3.40, +4.453, +0.162,+0.954
1604802900,+3.39, +4.474, +0.162,+0.954
1604802960,+3.40, +4.525, +0.163,+0.954
1604803020,+3.40, +4.535, +0.163,+0.954
1604803080,+3.40, +4.525, +0.163,+0.954
1604803140,+3.40, +4.535, +0.162,+0.954
1604803200,+3.40, +4.566, +0.162,+0.954
1604803260,+3.40, +4.556, +0.161,+0.954
1604803320,+3.40, +4.556, +0.160,+0.954
1604803380,+3.40, +4.504, +0.161,+0.954
1604803440,+3.40, +4.525, +0.160,+0.954
1604803500,+3.40, +4.504, +0.162,+0.954
1604803560,+3.40, +4.515, +0.161,+0.954
1604803620,+3.40, +4.494, +0.160,+0.954
1604803680,+3.40, +4.484, +0.163,+0.954
1604803740,+3.40, +4.504, +0.162,+0.954
1604803800,+3.40, +4.463, +0.162,+0.954
1604803860,+3.40, +4.474, +0.161,+0.954
1604803920,+3.40, +4.484, +0.159,+0.954
1604803980,+3.40, +4.474, +0.162,+0.954
1604804040,+3.40, +4.453, +0.162,+0.954
1604804100,+3.39, +4.443, +0.162,+0.954
1604804160,+3.40, +4.453, +0.161,+0.954
1604804220,+3.40, +4.433, +0.164,+0.954
1604804280,+3.40, +4.412, +0.162,+0.954
1604804340,+3.40, +4.433, +0.162,+0.954
1604804400,+3.40, +4.433, +0.162,+0.954
1604804460,+3.40, +4.412, +0.163,+0.954
1604804520,+3.40, +4.433, +0.160,+0.954
1604804580,+3.40, +4.422, +0.160,+0.954
1604804640,+3.40, +4.433, +0.162,+0.954
1604804700,+3.40, +4.443, +0.162,+0.954
1604804760,+3.40, +4.484, +0.162,+0.954
1604804820,+3.39, +4.463, +0.161,+0.954
1604804880,+3.40, +4.474, +0.162,+0.954
1604804940,+3.40, +4.474, +0.163,+0.954
1604805000,+3.40, +4.484, +0.161,+0.954
1604805060,+3.40, +4.474, +0.159,+0.954
1604805120,+3.40, +4.453, +0.160,+0.954
1604805180,+3.40, +4.484, +0.163,+0.954
1604805240,+3.40, +4.494, +0.162,+0.954
1604805300,+3.40, +4.515, +0.162,+0.954
1604805360,+3.40, +4.525, +0.163,+0.954
1604805420,+3.40, +4.515, +0.162,+0.954
1604805480,+3.40, +4.535, +0.162,+0.954
1604805540,+3.40, +4.525, +0.161,+0.954
1604805600,+3.40, +4.515, +0.161,+0.954
1604805660,+3.40, +4.504, +0.161,+0.954
1604805720,+3.40, +4.504, +0.161,+0.954
1604805780,+3.40, +4.494, +0.162,+0.954
1604805840,+3.40, +4.474, +0.162,+0.954
1604805900,+3.40, +4.474, +0.162,+0.954
1604805960,+3.40, +4.433, +0.162,+0.954
1604806020,+3.40, +4.484, +0.161,+0.954
1604806080,+3.40, +4.453, +0.162,+0.954
1604806140,+3.40, +4.463, +0.161,+0.954
1604806200,+3.40, +4.453, +0.164,+0.954
1604806260,+3.40, +4.433, +0.161,+0.954
1604806320,+3.39, +4.453, +0.161,+0.954
1604806380,+3.40, +4.422, +0.160,+0.954
1604806440,+3.40, +4.474, +0.161,+0.954
1604806500,+3.40, +4.494, +0.163,+0.954
1604806560,+3.40, +4.474, +0.162,+0.954
1604806620,+3.40, +4.494, +0.163,+0.954
1604806680,+3.40, +4.474, +0.160,+0.954
1604806740,+3.40, +4.535, +0.160,+0.954
1604806800,+3.40, +4.484, +0.160,+0.954
1604806860,+3.40, +4.515, +0.161,+0.954
1604806920,+3.40, +4.474, +0.160,+0.954
1604806980,+3.40, +4.504, +0.161,+0.954
1604807040,+3.40, +4.453, +0.164,+0.954
1604807100,+3.40, +4.433, +0.163,+0.954
1604807160,+3.40, +4.433, +0.162,+0.954
1604807220,+3.40, +4.453, +0.162,+0.954
1604807280,+3.40, +4.453, +0.163,+0.954
1604807340,+3.40, +4.453, +0.162,+0.954
1604807400,+3.40, +4.463, +0.160,+0.954
1604807460,+3.40, +4.484, +0.161,+0.954
1604807520,+3.40, +4.443, +0.161,+0.954
1604807580,+3.40, +4.474, +0.160,+0.954
1604807640,+3.39, +4.474, +0.162,+0.954
1604807700,+3.40, +4.463, +0.161,+0.954
1604807760,+3.40, +4.453, +0.162,+0.954
1604807820,+3.40, +4.433, +0.162,+0.954
1604807880,+3.40, +4.443, +0.162,+0.954
1604807940,+3.39, +4.412, +0.161,+0.954
1604808000,+3.40, +4.433, +0.161,+0.954
1604808060,+3.40, +4.443, +0.162,+0.954
1604808120,+3.40, +4.412, +0.162,+0.954
1604808180,+3.40, +4.453, +0.161,+0.954
1604808240,+3.39, +4.433, +0.161,+0.954
1604808300,+3.40, +4.433, +0.162,+0.954
1604808360,+3.40, +4.443, +0.162,+0.954
1604808420,+3.40, +4.463, +0.162,+0.954
1604808480,+3.40, +4.453, +0.160,+0.954
1604808540,+3.40, +4.433, +0.163,+0.954
1604808600,+3.40, +4.433, +0.161,+0.954
1604808660,+3.40, +4.463, +0.161,+0.954
1604808720,+3.40, +4.422, +0.162,+0.954
1604808780,+3.40, +4.463, +0.162,+0.954
1604808840,+3.40, +4.422, +0.162,+0.954
1604808900,+3.39, +4.443, +0.161,+0.954
1604808960,+3.40, +4.433, +0.162,+0.954
1604809020,+3.40, +4.443, +0.162,+0.954
1604809080,+3.40, +4.433, +0.163,+0.954
1604809140,+3.40, +4.463, +0.160,+0.954
1604809200,+3.40, +4.453, +0.161,+0.954
1604809260,+3.40, +4.463, +0.162,+0.954
1604809320,+3.40, +4.474, +0.161,+0.954
1604809380,+3.40, +4.484, +0.163,+0.954
1604809440,+3.40, +4.504, +0.162,+0.954
1604809500,+3.40, +4.484, +0.160,+0.954
1604809560,+3.40, +4.535, +0.161,+0.954
1604809620,+3.40, +4.535, +0.161,+0.954
1604809680,+3.40, +4.525, +0.159,+0.954
1604809740,+3.40, +4.504, +0.162,+0.954
1604809800,+3.40, +4.525, +0.162,+0.954
1604809860,+3.40, +4.504, +0.161,+0.954
1604809920,+3.40, +4.566, +0.160,+0.954
1604809980,+3.40, +4.556, +0.161,+0.954
1604810040,+3.40, +4.566, +0.163,+0.954
1604810100,+3.39, +4.525, +0.161,+0.954
1604810160,+3.40, +4.545, +0.162,+0.954
1604810220,+3.40, +4.576, +0.161,+0.954
1604810280,+3.40, +4.535, +0.161,+0.954
1604810340,+3.40, +4.515, +0.160,+0.954
1604810400,+3.40, +4.545, +0.162,+0.954
1604810460,+3.40, +4.556, +0.161,+0.954
1604810520,+3.40, +4.566, +0.162,+0.954
1604810580,+3.40, +4.545, +0.161,+0.954
1604810640,+3.39, +4.576, +0.160,+0.954
1604810700,+3.39, +4.535, +0.161,+0.954
1604810760,+3.40, +4.535, +0.162,+0.954
1604810820,+3.39, +4.545, +0.160,+0.954
1604810880,+3.40, +4.545, +0.162,+0.954
1604810940,+3.40, +4.545, +0.162,+0.954
1604811000,+3.40, +4.535, +0.162,+0.954
1604811060,+3.40, +4.545, +0.160,+0.954
1604811120,+3.40, +4.515, +0.162,+0.954
1604811180,+3.40, +4.556, +0.162,+0.954
1604811240,+3.40, +4.515, +0.162,+0.954
1604811300,+3.40, +4.556, +0.161,+0.954
1604811360,+3.40, +4.525, +0.163,+0.954
1604811420,+3.40, +4.556, +0.161,+0.954
1604811480,+3.40, +4.576, +0.161,+0.954
1604811540,+3.40, +4.586, +0.162,+0.954
1604811600,+3.40, +4.566, +0.162,+0.954
1604811660,+3.40, +4.556, +0.162,+0.954
1604811720,+3.40, +4.576, +0.162,+0.954
1604811780,+3.40, +4.586, +0.160,+0.954
1604811840,+3.40, +4.566, +0.160,+0.954
1604811900,+3.40, +4.515, +0.162,+0.954
1604811960,+3.40, +4.515, +0.161,+0.954
1604812020,+3.40, +4.504, +0.161,+0.954
1604812080,+3.40, +4.494, +0.161,+0.954
1604812140,+3.40, +4.484, +0.162,+0.954
1604812200,+3.40, +4.474, +0.162,+0.954
1604812260,+3.40, +4.463, +0.160,+0.954
1604812320,+3.40, +4.484, +0.162,+0.954
1604812380,+3.40, +4.463, +0.161,+0.954
1604812440,+3.39, +4.443, +0.162,+0.954
1604812500,+3.40, +4.463, +0.160,+0.954
1604812560,+3.40, +4.443, +0.163,+0.954
1604812620,+3.40, +4.443, +0.163,+0.954
1604812680,+3.40, +4.433, +0.162,+0.954
1604812740,+3.40, +4.453, +0.162,+0.954
1604812800,+3.39, +4.463, +0.161,+0.954
1604812860,+3.40, +4.484, +0.163,+0.954
1604812920,+3.40, +4.463, +0.161,+0.954
1604812980,+3.40, +4.453, +0.161,+0.954
1604813040,+3.40, +4.453, +0.162,+0.954
1604813100,+3.40, +4.453, +0.162,+0.954
1604813160,+3.40, +4.494, +0.159,+0.954
1604813220,+3.40, +4.494, +0.160,+0.954
1604813280,+3.40, +4.474, +0.160,+0.954
1604813340,+3.40, +4.494, +0.160,+0.954
1604813400,+3.40, +4.484, +0.162,+0.954
1604813460,+3.40, +4.463, +0.161,+0.954
1604813520,+3.40, +4.463, +0.162,+0.954
1604813580,+3.39, +4.484, +0.162,+0.954
1604813640,+3.40, +4.443, +0.160,+0.954
1604813700,+3.40, +4.453, +0.162,+0.954
1604813760,+3.40, +4.463, +0.162,+0.954
1604813820,+3.40, +4.474, +0.163,+0.954
1604813880,+3.40, +4.504, +0.161,+0.954
1604813940,+3.40, +4.494, +0.161,+0.954
1604814000,+3.40, +4.525, +0.162,+0.954
1604814060,+3.40, +4.525, +0.161,+0.954
1604814120,+3.40, +4.515, +0.161,+0.954
1604814180,+3.40, +4.535, +0.163,+0.954
1604814240,+3.40, +4.545, +0.162,+0.954
1604814300,+3.40, +4.586, +0.162,+0.954
1604814360,+3.40, +4.576, +0.161,+0.954
1604814420,+3.40, +4.596, +0.162,+0.954
1604814480,+3.40, +4.617, +0.162,+0.954
1604814540,+3.40, +4.607, +0.161,+0.954
1604814600,+3.40, +4.607, +0.160,+0.954
1604814660,+3.40, +4.586, +0.160,+0.954
1604814720,+3.40, +4.576, +0.161,+0.954
1604814780,+3.39, +4.607, +0.162,+0.954
1604814840,+3.40, +4.586, +0.160,+0.954
1604814900,+3.40, +4.556, +0.161,+0.954
1604814960,+3.40, +4.545, +0.160,+0.954
1604815020,+3.40, +4.545, +0.160,+0.954
1604815080,+3.40, +4.525, +0.160,+0.954
1604815140,+3.40, +4.515, +0.162,+0.954
1604815200,+3.40, +4.484, +0.162,+0.954
1604815260,+3.40, +4.484, +0.162,+0.954
1604815320,+3.40, +4.504, +0.161,+0.954
1604815380,+3.40, +4.515, +0.162,+0.954
1604815440,+3.40, +4.494, +0.161,+0.954
1604815500,+3.40, +4.484, +0.159,+0.954
1604815560,+3.39, +4.494, +0.162,+0.954
1604815620,+3.40, +4.463, +0.162,+0.954
1604815680,+3.40, +4.494, +0.162,+0.954
1604815740,+3.40, +4.474, +0.163,+0.954
1604815800,+3.40, +4.453, +0.163,+0.954
1604815860,+3.40, +4.474, +0.162,+0.954
1604815920,+3.40, +4.484, +0.163,+0.954
1604815980,+3.40, +4.504, +0.160,+0.954
1604816040,+3.40, +4.535, +0.161,+0.954
1604816100,+3.40, +4.525, +0.161,+0.954
1604816160,+3.40, +4.556, +0.160,+0.954
1604816220,+3.40, +4.566, +0.162,+0.954
1604816280,+3.40, +4.576, +0.161,+0.954
1604816340,+3.40, +4.586, +0.161,+0.954
1604816400,+3.40, +4.566, +0.161,+0.954
1604816460,+3.40, +4.535, +0.159,+0.954
1604816520,+3.40, +4.535, +0.161,+0.954
1604816580,+3.40, +4.515, +0.162,+0.954
1604816640,+3.40, +4.515, +0.163,+0.954
1604816700,+3.40, +4.504, +0.161,+0.954
1604816760,+3.40, +4.494, +0.162,+0.954
1604816820,+3.40, +4.504, +0.160,+0.954
1604816880,+3.40, +4.484, +0.162,+0.954
1604816940,+3.40, +4.484, +0.162,+0.954
1604817000,+3.40, +4.453, +0.159,+0.954
1604817060,+3.40, +4.474, +0.161,+0.954
1604817120,+3.40, +4.484, +0.163,+0.954
1604817180,+3.40, +4.453, +0.162,+0.954
1604817240,+3.40, +4.453, +0.162,+0.954
1604817300,+3.40, +4.463, +0.161,+0.954
1604817360,+3.40, +4.474, +0.161,+0.954
1604817420,+3.40, +4.453, +0.161,+0.954
1604817480,+3.40, +4.443, +0.162,+0.954
1604817540,+3.40, +4.443, +0.163,+0.954
1604817600,+3.40, +4.443, +0.161,+0.954
1604817660,+3.40, +4.433, +0.163,+0.954
1604817720,+3.40, +4.402, +0.162,+0.954
1604817780,+3.40, +4.453, +0.161,+0.954
1604817840,+3.40, +4.474, +0.162,+0.954
1604817900,+3.40, +4.443, +0.162,+0.954
1604817960,+3.40, +4.463, +0.161,+0.954
1604818020,+3.40, +4.453, +0.162,+0.954
1604818080,+3.40, +4.453, +0.163,+0.954
1604818140,+3.40, +4.463, +0.162,+0.954
1604818200,+3.40, +4.463, +0.162,+0.954
1604818260,+3.40, +4.443, +0.162,+0.954
1604818320,+3.40, +4.463, +0.162,+0.954
1604818380,+3.40, +4.422, +0.162,+0.954
1604818440,+3.40, +4.463, +0.161,+0.954
1604818500,+3.40, +4.453, +0.163,+0.954
1604818560,+3.40, +4.463, +0.161,+0.954
1604818620,+3.40, +4.484, +0.162,+0.954
1604818680,+3.40, +4.453, +0.162,+0.954
1604818740,+3.40, +4.463, +0.162,+0.954
1604818800,+3.40, +4.453, +0.161,+0.954
1604818860,+3.40, +4.474, +0.162,+0.954
1604818920,+3.40, +4.474, +0.162,+0.954
1604818980,+3.40, +4.463, +0.161,+0.954
1604819040,+3.40, +4.463, +0.163,+0.954
1604819100,+3.39, +4.484, +0.161,+0.954
1604819160,+3.40, +4.494, +0.160,+0.954
1604819220,+3.40, +4.504, +0.164,+0.954
1604819280,+3.40, +4.494, +0.161,+0.954
1604819340,+3.40, +4.463, +0.162,+0.954
1604819400,+3.40, +4.504, +0.160,+0.954
1604819460,+3.40, +4.494, +0.162,+0.954
1604819520,+3.40, +4.484, +0.163,+0.954
1604819580,+3.40, +4.504, +0.161,+0.954
1604819640,+3.40, +4.525, +0.161,+0.954
1604819700,+3.40, +4.525, +0.161,+0.954
1604819760,+3.40, +4.463, +0.160,+0.954
1604819820,+3.40, +4.504, +0.163,+0.954
1604819880,+3.40, +4.504, +0.161,+0.954
1604819940,+3.40, +4.515, +0.160,+0.954
1604820000,+3.40, +4.484, +0.163,+0.954
1604820060,+3.40, +4.504, +0.162,+0.954
1604820120,+3.40, +4.515, +0.160,+0.954
1604820180,+3.40, +4.504, +0.162,+0.954
1604820240,+3.39, +4.484, +0.163,+0.954
1604820300,+3.40, +4.515, +0.161,+0.954
1604820360,+3.40, +4.515, +0.161,+0.954
1604820420,+3.40, +4.504, +0.161,+0.954
1604820480,+3.40, +4.494, +0.161,+0.954
1604820540,+3.40, +4.504, +0.164,+0.954
1604820600,+3.40, +4.463, +0.162,+0.954
1604820660,+3.40, +4.494, +0.162,+0.954
1604820720,+3.40, +4.545, +0.162,+0.954
1604820780,+3.40, +4.515, +0.162,+0.954
1604820840,+3.40, +4.504, +0.160,+0.954
1604820900,+3.40, +4.515, +0.160,+0.954
1604820960,+3.40, +4.463, +0.162,+0.954
1604821020,+3.40, +4.463, +0.163,+0.954
1604821080,+3.40, +4.474, +0.161,+0.954
1604821140,+3.40, +4.463, +0.163,+0.954
1604821200,+3.40, +4.474, +0.162,+0.954
1604821260,+3.40, +4.463, +0.162,+0.954
1604821320,+3.40, +4.484, +0.163,+0.954
1604821380,+3.40, +4.484, +0.162,+0.954
1604821440,+3.40, +4.443, +0.162,+0.954
1604821500,+3.40, +4.474, +0.161,+0.954
1604821560,+3.40, +4.494, +0.162,+0.954
1604821620,+3.40, +4.474, +0.163,+0.954
1604821680,+3.40, +4.422, +0.163,+0.954
1604821740,+3.40, +4.463, +0.160,+0.954
1604821800,+3.40, +4.453, +0.161,+0.954
1604821860,+3.40, +4.443, +0.162,+0.954
1604821920,+3.39, +4.453, +0.163,+0.954
1604821980,+3.40, +4.433, +0.161,+0.954
1604822040,+3.40, +4.453, +0.163,+0.954
1604822100,+3.40, +4.453, +0.161,+0.954
1604822160,+3.40, +4.443, +0.162,+0.954
1604822220,+3.40, +4.443, +0.163,+0.954
1604822280,+3.40, +4.474, +0.161,+0.954
1604822340,+3.40, +4.504, +0.162,+0.954
1604822400,+3.40, +4.494, +0.161,+0.954
1604822460,+3.40, +4.545, +0.162,+0.954
1604822520,+3.40, +4.525, +0.160,+0.954
1604822580,+3.40, +4.504, +0.163,+0.954
1604822640,+3.40, +4.515, +0.162,+0.954
1604822700,+3.40, +4.494, +0.161,+0.954
1604822760,+3.40, +4.515, +0.160,+0.954
1604822820,+3.40, +4.453, +0.162,+0.954
1604822880,+3.40, +4.474, +0.159,+0.954
1604822940,+3.40, +4.463, +0.161,+0.954
1604823000,+3.40, +4.463, +0.162,+0.954
1604823060,+3.40, +4.453, +0.163,+0.954
1604823120,+3.40, +4.463, +0.160,+0.954
1604823180,+3.40, +4.463, +0.162,+0.954
1604823240,+3.40, +4.453, +0.162,+0.954
1604823300,+3.40, +4.494, +0.162,+0.954
1604823360,+3.40, +4.494, +0.162,+0.954
1604823420,+3.40, +4.443, +0.162,+0.954
1604823480,+3.39, +4.504, +0.160,+0.954
1604823540,+3.40, +4.515, +0.161,+0.954
1604823600,+3.40, +4.515, +0.162,+0.954
1604823660,+3.40, +4.494, +0.161,+0.954
1604823720,+3.40, +4.515, +0.161,+0.954
1604823780,+3.40, +4.504, +0.162,+0.954
1604823840,+3.40, +4.463, +0.160,+0.954
1604823900,+3.40, +4.463, +0.162,+0.954
1604823960,+3.40, +4.463, +0.162,+0.954
1604824020,+3.40, +4.474, +0.161,+0.954
1604824080,+3.40, +4.494, +0.161,+0.954
1604824140,+3.40, +4.504, +0.160,+0.954
1604824200,+3.40, +4.535, +0.161,+0.954
1604824260,+3.40, +4.545, +0.162,+0.954
1604824320,+3.40, +4.556, +0.162,+0.954
1604824380,+3.40, +4.556, +0.159,+0.954
1604824440,+3.40, +4.545, +0.162,+0.954
1604824500,+3.40, +4.556, +0.161,+0.954
1604824560,+3.40, +4.566, +0.159,+0.954
1604824620,+3.40, +4.566, +0.160,+0.954
1604824680,+3.40, +4.576, +0.161,+0.954
1604824740,+3.40, +4.576, +0.160,+0.954
1604824800,+3.40, +4.586, +0.161,+0.954
1604824860,+3.40, +4.556, +0.161,+0.954
1604824920,+3.40, +4.566, +0.161,+0.954
1604824980,+3.40, +4.566, +0.160,+0.954
1604825040,+3.40, +4.535, +0.159,+0.954
1604825100,+3.40, +4.535, +0.162,+0.954
1604825160,+3.40, +4.556, +0.162,+0.954
1604825220,+3.40, +4.504, +0.162,+0.954
1604825280,+3.40, +4.535, +0.160,+0.954
1604825340,+3.39, +4.535, +0.160,+0.954
1604825400,+3.40, +4.504, +0.160,+0.954
1604825460,+3.39, +4.504, +0.161,+0.954
1604825520,+3.40, +4.525, +0.161,+0.954
1604825580,+3.40, +4.515, +0.160,+0.954
1604825640,+3.40, +4.504, +0.161,+0.954
1604825700,+3.40, +4.474, +0.160,+0.954
1604825760,+3.40, +4.463, +0.161,+0.954
1604825820,+3.40, +4.474, +0.162,+0.954
1604825880,+3.40, +4.453, +0.160,+0.954
1604825940,+3.40, +4.443, +0.163,+0.954
1604826000,+3.40, +4.463, +0.161,+0.954
1604826060,+3.40, +4.484, +0.162,+0.954
1604826120,+3.40, +4.453, +0.163,+0.954
1604826180,+3.40, +4.463, +0.161,+0.954
1604826240,+3.40, +4.443, +0.162,+0.954
1604826300,+3.40, +4.474, +0.162,+0.954
1604826360,+3.40, +4.443, +0.161,+0.954
1604826420,+3.40, +4.443, +0.162,+0.954
1604826480,+3.40, +4.433, +0.162,+0.954
1604826540,+3.40, +4.433, +0.161,+0.954
1604826600,+3.40, +4.422, +0.162,+0.954
1604826660,+3.40, +4.392, +0.161,+0.954
1604826720,+3.39, +4.392, +0.162,+0.954
1604826780,+3.40, +4.381, +0.161,+0.954
1604826840,+3.40, +4.381, +0.164,+0.954
1604826900,+3.40, +4.371, +0.163,+0.954
1604826960,+3.40, +4.392, +0.160,+0.954
1604827020,+3.40, +4.371, +0.162,+0.954
1604827080,+3.39, +4.381, +0.162,+0.954
1604827140,+3.39, +4.402, +0.161,+0.954
1604827200,+3.40, +4.371, +0.162,+0.954
1604827260,+3.40, +4.412, +0.161,+0.954
1604827320,+3.40, +4.371, +0.161,+0.954
1604827380,+3.40, +4.351, +0.163,+0.954
1604827440,+3.40, +4.371, +0.162,+0.954
1604827500,+3.40, +4.361, +0.163,+0.954
1604827560,+3.40, +4.351, +0.164,+0.954
1604827620,+3.40, +4.402, +0.163,+0.954
1604827680,+3.40, +4.402, +0.161,+0.954
1604827740,+3.40, +4.402, +0.162,+0.954
1604827800,+3.40, +4.412, +0.162,+0.954
1604827860,+3.40, +4.392, +0.161,+0.954
1604827920,+3.40, +4.412, +0.162,+0.954
1604827980,+3.40, +4.402, +0.162,+0.954
1604828040,+3.39, +4.422, +0.162,+0.954
1604828100,+3.40, +4.392, +0.160,+0.954
1604828160,+3.40, +4.402, +0.163,+0.954
1604828220,+3.40, +4.381, +0.164,+0.954
1604828280,+3.40, +4.402, +0.163,+0.954
1604828340,+3.40, +4.433, +0.164,+0.954
1604828400,+3.39, +4.453, +0.162,+0.954
1604828460,+3.40, +4.433, +0.162,+0.954
1604828520,+3.40, +4.443, +0.162,+0.954
1604828580,+3.40, +4.433, +0.161,+0.954
1604828640,+3.40, +4.392, +0.162,+0.954
1604828700,+3.40, +4.412, +0.162,+0.954
1604828760,+3.40, +4.412, +0.162,+0.954
1604828820,+3.40, +4.433, +0.162,+0.954
1604828880,+3.40, +4.453, +0.160,+0.954
1604828940,+3.40, +4.443, +0.163,+0.954
1604829000,+3.40, +4.453, +0.161,+0.954
1604829060,+3.40, +4.453, +0.161,+0.954
1604829120,+3.40, +4.463, +0.162,+0.954
1604829180,+3.40, +4.474, +0.160,+0.954
1604829240,+3.40, +4.463, +0.163,+0.954
1604829300,+3.40, +4.494, +0.161,+0.954
1604829360,+3.40, +4.474, +0.162,+0.954
1604829420,+3.40, +4.525, +0.161,+0.954
1604829480,+3.40, +4.504, +0.162,+0.954
1604829540,+3.40, +4.504, +0.162,+0.954
1604829600,+3.40, +4.515, +0.160,+0.954
1604829660,+3.40, +4.504, +0.161,+0.954
1604829720,+3.40, +4.494, +0.163,+0.954
1604829780,+3.40, +4.484, +0.161,+0.954
1604829840,+3.40, +4.494, +0.162,+0.954
1604829900,+3.40, +4.463, +0.162,+0.954
1604829960,+3.40, +4.484, +0.162,+0.954
1604830020,+3.40, +4.474, +0.161,+0.954
1604830080,+3.40, +4.443, +0.161,+0.954
1604830140,+3.40, +4.433, +0.160,+0.954
1604830200,+3.40, +4.453, +0.162,+0.954
1604830260,+3.40, +4.453, +0.162,+0.954
1604830320,+3.39, +4.453, +0.161,+0.954
1604830380,+3.40, +4.453, +0.163,+0.954
1604830440,+3.40, +4.443, +0.162,+0.954
1604830500,+3.40, +4.433, +0.162,+0.954
1604830560,+3.40, +4.443, +0.162,+0.954
1604830620,+3.40, +4.443, +0.161,+0.954
1604830680,+3.40, +4.443, +0.161,+0.954
1604830740,+3.40, +4.453, +0.161,+0.954
1604830800,+3.40, +4.525, +0.160,+0.954
1604830860,+3.40, +4.453, +0.162,+0.954
1604830920,+3.40, +4.494, +0.163,+0.954
1604830980,+3.40, +4.484, +0.161,+0.954
1604831040,+3.40, +4.504, +0.162,+0.954
1604831100,+3.40, +4.494, +0.161,+0.954
1604831160,+3.40, +4.494, +0.162,+0.954
1604831220,+3.40, +4.515, +0.162,+0.954
1604831280,+3.40, +4.515, +0.161,+0.954
1604831340,+3.40, +4.535, +0.160,+0.954
1604831400,+3.40, +4.545, +0.161,+0.954
1604831460,+3.39, +4.545, +0.163,+0.954
1604831520,+3.40, +4.545, +0.162,+0.954
1604831580,+3.39, +4.535, +0.162,+0.954
1604831640,+3.40, +4.566, +0.162,+0.954
1604831700,+3.40, +4.525, +0.161,+0.954
1604831760,+3.40, +4.535, +0.161,+0.954
1604831820,+3.40, +4.525, +0.161,+0.954
1604831880,+3.40, +4.525, +0.161,+0.954
1604831940,+3.40, +4.515, +0.160,+0.954
1604832000,+3.40, +4.535, +0.162,+0.954
1604832060,+3.40, +4.504, +0.161,+0.954
1604832120,+3.40, +4.484, +0.162,+0.954
1604832180,+3.40, +4.515, +0.160,+0.954
1604832240,+3.40, +4.515, +0.160,+0.954
1604832300,+3.39, +4.484, +0.162,+0.954
1604832360,+3.40, +4.515, +0.160,+0.954
1604832420,+3.40, +4.484, +0.161,+0.954
1604832480,+3.40, +4.474, +0.163,+0.954
1604832540,+3.39, +4.474, +0.161,+0.954
1604832600,+3.40, +4.494, +0.161,+0.954
1604832660,+3.40, +4.484, +0.163,+0.954
1604832720,+3.40, +4.463, +0.161,+0.954
1604832780,+3.40, +4.453, +0.161,+0.954
1604832840,+3.40, +4.474, +0.161,+0.954
1604832900,+3.40, +4.484, +0.161,+0.954
1604832960,+3.40, +4.463, +0.161,+0.954
1604833020,+3.40, +4.484, +0.160,+0.954
1604833080,+3.40, +4.494, +0.161,+0.954
1604833140,+3.40, +4.484, +0.162,+0.954
1604833200,+3.40, +4.474, +0.162,+0.954
1604833260,+3.40, +4.463, +0.163,+0.954
1604833320,+3.40, +4.504, +0.162,+0.954
1604833380,+3.40, +4.484, +0.161,+0.954
1604833440,+3.40, +4.504, +0.162,+0.954
1604833500,+3.40, +4.535, +0.161,+0.954
1604833560,+3.40, +4.494, +0.161,+0.954
1604833620,+3.40, +4.545, +0.161,+0.954
1604833680,+3.40, +4.596, +0.162,+0.954
1604833740,+3.40, +4.617, +0.162,+0.954
1604833800,+3.40, +4.596, +0.161,+0.954
1604833860,+3.40, +4.627, +0.160,+0.954
1604833920,+3.40, +4.637, +0.161,+0.954
1604833980,+3.40, +4.627, +0.162,+0.954
1604834040,+3.40, +4.607, +0.160,+0.954
1604834100,+3.40, +4.617, +0.161,+0.954
1604834160,+3.40, +4.607, +0.160,+0.954
1604834220,+3.40, +4.586, +0.160,+0.954
1604834280,+3.40, +4.556, +0.161,+0.954
1604834340,+3.40, +4.525, +0.160,+0.954
1604834400,+3.40, +4.535, +0.161,+0.954
1604834460,+3.40, +4.494, +0.160,+0.954
1604834520,+3.40, +4.494, +0.161,+0.954
1604834580,+3.40, +4.463, +0.162,+0.954
1604834640,+3.40, +4.504, +0.161,+0.954
1604834700,+3.40, +4.474, +0.162,+0.954
1604834760,+3.40, +4.463, +0.163,+0.954
1604834820,+3.40, +4.484, +0.161,+0.954
1604834880,+3.40, +4.443, +0.161,+0.954
1604834940,+3.40, +4.443, +0.161,+0.954
1604835000,+3.40, +4.443, +0.163,+0.954
1604835060,+3.40, +4.433, +0.161,+0.954
1604835120,+3.40, +4.433, +0.162,+0.954
1604835180,+3.40, +4.422, +0.161,+0.954
1604835240,+3.40, +4.402, +0.162,+0.954
1604835300,+3.40, +4.412, +0.162,+0.954
1604835360,+3.40, +4.392, +0.163,+0.954
1604835420,+3.40, +4.402, +0.161,+0.954
1604835480,+3.40, +4.402, +0.160,+0.954
1604835540,+3.40, +4.371, +0.162,+0.954
1604835600,+3.40, +4.381, +0.162,+0.954
1604835660,+3.40, +4.412, +0.163,+0.954
1604835720,+3.40, +4.422, +0.161,+0.954
1604835780,+3.40, +4.443, +0.163,+0.954
1604835840,+3.40, +4.422, +0.163,+0.954
1604835900,+3.40, +4.453, +0.160,+0.954
1604835960,+3.40, +4.463, +0.162,+0.954
1604836020,+3.40, +4.443, +0.161,+0.954
1604836080,+3.40, +4.463, +0.163,+0.954
1604836140,+3.40, +4.453, +0.163,+0.954
1604836200,+3.40, +4.433, +0.163,+0.954
1604836260,+3.40, +4.463, +0.162,+0.954
1604836320,+3.39, +4.443, +0.161,+0.954
1604836380,+3.40, +4.463, +0.160,+0.954
1604836440,+3.40, +4.453, +0.161,+0.954
1604836500,+3.40, +4.433, +0.162,+0.954
1604836560,+3.40, +4.433, +0.161,+0.954
1604836620,+3.40, +4.402, +0.162,+0.954
1604836680,+3.40, +4.392, +0.164,+0.954
1604836740,+3.40, +4.412, +0.162,+0.954
1604836800,+3.40, +4.412, +0.163,+0.954
1604836860,+3.40, +4.402, +0.164,+0.954
1604836920,+3.40, +4.392, +0.161,+0.954
1604836980,+3.40, +4.392, +0.163,+0.954
1604837040,+3.40, +4.433, +0.162,+0.954
1604837100,+3.40, +4.412, +0.163,+0.954
1604837160,+3.40, +4.463, +0.160,+0.954
1604837220,+3.40, +4.463, +0.163,+0.954
1604837280,+3.40, +4.484, +0.162,+0.954
1604837340,+3.40, +4.504, +0.162,+0.954
1604837400,+3.40, +4.494, +0.162,+0.954
1604837460,+3.40, +4.484, +0.162,+0.954
1604837520,+3.39, +4.463, +0.163,+0.954
1604837580,+3.40, +4.422, +0.162,+0.954
1604837640,+3.40, +4.422, +0.163,+0.954
1604837700,+3.40, +4.412, +0.162,+0.954
1604837760,+3.40, +4.422, +0.162,+0.954
1604837820,+3.40, +4.422, +0.162,+0.954
1604837880,+3.39, +4.392, +0.162,+0.954
1604837940,+3.40, +4.392, +0.163,+0.954
1604838000,+3.40, +4.412, +0.162,+0.954
1604838060,+3.40, +4.402, +0.161,+0.954
1604838120,+3.40, +4.433, +0.163,+0.954
1604838180,+3.40, +4.422, +0.162,+0.954
1604838240,+3.40, +4.402, +0.163,+0.954
1604838300,+3.39, +4.412, +0.161,+0.954
1604838360,+3.39, +4.433, +0.161,+0.954
1604838420,+3.40, +4.433, +0.162,+0.954
1604838480,+3.40, +4.433, +0.161,+0.954
1604838540,+3.40, +4.433, +0.161,+0.954
1604838600,+3.40, +4.453, +0.161,+0.954
1604838660,+3.40, +4.433, +0.162,+0.954
1604838720,+3.40, +4.463, +0.163,+0.954
1604838780,+3.40, +4.515, +0.162,+0.954
1604838840,+3.40, +4.474, +0.160,+0.954
1604838900,+3.40, +4.494, +0.162,+0.954
1604838960,+3.40, +4.484, +0.162,+0.954
1604839020,+3.40, +4.504, +0.161,+0.954
1604839080,+3.40, +4.494, +0.162,+0.954
1604839140,+3.40, +4.474, +0.161,+0.954
1604839200,+3.39, +4.484, +0.162,+0.954
1604839260,+3.39, +4.484, +0.162,+0.954
1604839320,+3.39, +4.504, +0.159,+0.954
1604839380,+3.39, +4.463, +0.163,+0.954
1604839440,+3.39, +4.463, +0.162,+0.954
1604839500,+3.40, +4.463, +0.162,+0.954
1604839560,+3.39, +4.443, +0.161,+0.954
1604839620,+3.39, +4.463, +0.161,+0.954
1604839680,+3.39, +4.433, +0.163,+0.954
1604839740,+3.39, +4.484, +0.162,+0.954
1604839800,+3.39, +4.422, +0.162,+0.954
1604839860,+3.40, +4.433, +0.161,+0.954
1604839920,+3.39, +4.453, +0.162,+0.954
1604839980,+3.39, +4.453, +0.162,+0.954
1604840040,+3.40, +4.453, +0.163,+0.954
1604840100,+3.40, +4.433, +0.163,+0.954
1604840160,+3.40, +4.443, +0.163,+0.954
1604840220,+3.40, +4.463, +0.161,+0.954
1604840280,+3.39, +4.494, +0.163,+0.954
1604840340,+3.39, +4.484, +0.160,+0.954
1604840400,+3.40, +4.474, +0.160,+0.954
1604840460,+3.39, +4.463, +0.162,+0.954
1604840520,+3.39, +4.453, +0.162,+0.954
1604840580,+3.39, +4.433, +0.162,+0.954
1604840640,+3.39, +4.453, +0.161,+0.954
1604840700,+3.39, +4.453, +0.163,+0.954
1604840760,+3.39, +4.412, +0.162,+0.954
1604840820,+3.39, +4.474, +0.162,+0.954
1604840880,+3.39, +4.463, +0.161,+0.954
1604840940,+3.39, +4.484, +0.162,+0.954
1604841000,+3.39, +4.463, +0.162,+0.954
1604841060,+3.39, +4.433, +0.161,+0.954
1604841120,+3.40, +4.433, +0.162,+0.954
1604841180,+3.40, +4.422, +0.162,+0.954
1604841240,+3.40, +4.412, +0.160,+0.954
1604841300,+3.39, +4.412, +0.161,+0.954
1604841360,+3.39, +4.402, +0.162,+0.954
1604841420,+3.39, +4.402, +0.163,+0.954
1604841480,+3.39, +4.443, +0.161,+0.954
1604841540,+3.40, +4.433, +0.162,+0.954
1604841600,+3.39, +4.422, +0.160,+0.954
1604841660,+3.39, +4.422, +0.161,+0.954
1604841720,+3.40, +4.392, +0.162,+0.954
1604841780,+3.39, +4.422, +0.160,+0.954
1604841840,+3.40, +4.433, +0.160,+0.954
1604841900,+3.39, +4.433, +0.161,+0.954
1604841960,+3.40, +4.443, +0.162,+0.954
1604842020,+3.40, +4.453, +0.162,+0.954
1604842080,+3.39, +4.433, +0.162,+0.954
1604842140,+3.40, +4.443, +0.162,+0.954
1604842200,+3.40, +4.443, +0.163,+0.954
1604842260,+3.39, +4.453, +0.162,+0.954
1604842320,+3.39, +4.474, +0.162,+0.954
1604842380,+3.39, +4.463, +0.163,+0.954
1604842440,+3.39, +4.494, +0.160,+0.954
1604842500,+3.39, +4.504, +0.161,+0.954
1604842560,+3.39, +4.504, +0.161,+0.954
1604842620,+3.40, +4.494, +0.163,+0.954
1604842680,+3.40, +4.504, +0.162,+0.954
1604842740,+3.39, +4.525, +0.159,+0.954
1604842800,+3.39, +4.484, +0.161,+0.954
1604842860,+3.40, +4.515, +0.161,+0.954
1604842920,+3.39, +4.535, +0.162,+0.954
1604842980,+3.40, +4.545, +0.162,+0.954
1604843040,+3.40, +4.545, +0.162,+0.954
1604843100,+3.40, +4.545, +0.161,+0.954
1604843160,+3.40, +4.566, +0.161,+0.954
1604843220,+3.40, +4.566, +0.162,+0.954
1604843280,+3.40, +4.586, +0.161,+0.954
1604843340,+3.40, +4.545, +0.162,+0.954
1604843400,+3.40, +4.596, +0.159,+0.954
1604843460,+3.39, +4.576, +0.162,+0.954
1604843520,+3.40, +4.535, +0.161,+0.954
1604843580,+3.39, +4.566, +0.161,+0.954
1604843640,+3.40, +4.525, +0.160,+0.954
1604843700,+3.40, +4.535, +0.163,+0.954
1604843760,+3.39, +4.545, +0.161,+0.954
1604843820,+3.40, +4.556, +0.161,+0.954
1604843880,+3.40, +4.576, +0.162,+0.954
1604843940,+3.39, +4.617, +0.164,+0.954
1604844000,+3.39, +4.586, +0.162,+0.954
1604844060,+3.40, +4.607, +0.161,+0.954
1604844120,+3.39, +4.607, +0.161,+0.954
1604844180,+3.40, +4.586, +0.162,+0.954
1604844240,+3.40, +4.586, +0.161,+0.954
1604844300,+3.40, +4.566, +0.161,+0.954
1604844360,+3.39, +4.545, +0.161,+0.954
1604844420,+3.40, +4.566, +0.161,+0.954
1604844480,+3.39, +4.566, +0.162,+0.954
1604844540,+3.40, +4.535, +0.161,+0.954
1604844600,+3.40, +4.535, +0.161,+0.954
1604844660,+3.40, +4.504, +0.161,+0.954
1604844720,+3.40, +4.515, +0.162,+0.954
1604844780,+3.40, +4.504, +0.163,+0.954
1604844840,+3.40, +4.515, +0.161,+0.954
1604844900,+3.40, +4.525, +0.160,+0.954
1604844960,+3.40, +4.494, +0.162,+0.954
1604845020,+3.40, +4.494, +0.159,+0.954
1604845080,+3.40, +4.494, +0.161,+0.954
1604845140,+3.40, +4.494, +0.161,+0.954
1604845200,+3.40, +4.494, +0.162,+0.954
1604845260,+3.40, +4.504, +0.160,+0.954
1604845320,+3.40, +4.525, +0.162,+0.954
1604845380,+3.40, +4.494, +0.162,+0.954
1604845440,+3.40, +4.494, +0.163,+0.954
1604845500,+3.40, +4.494, +0.162,+0.954
1604845560,+3.39, +4.535, +0.163,+0.954
1604845620,+3.40, +4.494, +0.162,+0.954
1604845680,+3.39, +4.515, +0.161,+0.954
1604845740,+3.40, +4.515, +0.161,+0.954
1604845800,+3.39, +4.535, +0.162,+0.954
1604845860,+3.39, +4.504, +0.161,+0.954
1604845920,+3.40, +4.504, +0.161,+0.954
1604845980,+3.40, +4.494, +0.163,+0.954
1604846040,+3.39, +4.484, +0.162,+0.954
1604846100,+3.40, +4.463, +0.161,+0.954
1604846160,+3.40, +4.504, +0.161,+0.954
1604846220,+3.40, +4.474, +0.161,+0.954
1604846280,+3.40, +4.494, +0.161,+0.954
1604846340,+3.40, +4.474, +0.161,+0.954
1604846400,+3.40, +4.463, +0.162,+0.954
1604846460,+3.40, +4.422, +0.162,+0.954
1604846520,+3.40, +4.433, +0.162,+0.954
1604846580,+3.40, +4.453, +0.161,+0.954
1604846640,+3.40, +4.463, +0.162,+0.954
1604846700,+3.40, +4.433, +0.161,+0.954
1604846760,+3.40, +4.402, +0.163,+0.954
1604846820,+3.40, +4.484, +0.164,+0.954
1604846880,+3.40, +4.463, +0.162,+0.954
1604846940,+3.40, +4.412, +0.164,+0.954
1604847000,+3.40, +4.453, +0.161,+0.954
1604847060,+3.40, +4.453, +0.162,+0.954
1604847120,+3.40, +4.422, +0.162,+0.954
1604847180,+3.40, +4.433, +0.163,+0.954
1604847240,+3.40, +4.422, +0.162,+0.954
1604847300,+3.40, +4.412, +0.162,+0.954
1604847360,+3.40, +4.433, +0.162,+0.954
1604847420,+3.40, +4.422, +0.163,+0.954
1604847480,+3.40, +4.402, +0.162,+0.954
1604847540,+3.40, +4.422, +0.162,+0.954
1604847600,+3.40, +4.392, +0.163,+0.954
1604847660,+3.40, +4.443, +0.162,+0.954
1604847720,+3.40, +4.422, +0.161,+0.954
1604847780,+3.40, +4.402, +0.162,+0.954
1604847840,+3.40, +4.443, +0.163,+0.954
1604847900,+3.40, +4.412, +0.162,+0.954
1604847960,+3.40, +4.412, +0.162,+0.954
1604848020,+3.39, +4.402, +0.161,+0.954
1604848080,+3.39, +4.422, +0.162,+0.954
1604848140,+3.40, +4.422, +0.161,+0.954
1604848200,+3.40, +4.433, +0.163,+0.954
1604848260,+3.39, +4.422, +0.162,+0.954
1604848320,+3.40, +4.463, +0.162,+0.954
1604848380,+3.40, +4.443, +0.163,+0.954
1604848440,+3.40, +4.443, +0.161,+0.954
1604848500,+3.40, +4.433, +0.163,+0.954
1604848560,+3.40, +4.433, +0.163,+0.954
1604848620,+3.40, +4.453, +0.162,+0.954
1604848680,+3.40, +4.463, +0.161,+0.954
1604848740,+3.40, +4.474, +0.160,+0.954
1604848800,+3.40, +4.443, +0.162,+0.954
1604848860,+3.40, +4.412, +0.163,+0.954
1604848920,+3.40, +4.412, +0.162,+0.954
1604848980,+3.40, +4.381, +0.162,+0.954
1604849040,+3.40, +4.381, +0.161,+0.954
1604849100,+3.39, +4.402, +0.163,+0.954
1604849160,+3.40, +4.412, +0.162,+0.954
1604849220,+3.40, +4.453, +0.160,+0.954
1604849280,+3.40, +4.443, +0.162,+0.954
1604849340,+3.40, +4.422, +0.164,+0.954
1604849400,+3.40, +4.422, +0.163,+0.954
1604849460,+3.39, +4.422, +0.164,+0.954
1604849520,+3.39, +4.453, +0.161,+0.954
1604849580,+3.39, +4.474, +0.161,+0.954
1604849640,+3.40, +4.484, +0.162,+0.954
1604849700,+3.39, +4.494, +0.161,+0.954
1604849760,+3.40, +4.453, +0.161,+0.954
1604849820,+3.40, +4.463, +0.162,+0.954
1604849880,+3.40, +4.494, +0.161,+0.954
1604849940,+3.40, +4.515, +0.162,+0.954
1604850000,+3.40, +4.474, +0.164,+0.954
1604850060,+3.40, +4.484, +0.162,+0.954
1604850120,+3.40, +4.494, +0.163,+0.954
1604850180,+3.40, +4.504, +0.161,+0.954
1604850240,+3.40, +4.515, +0.162,+0.954
1604850300,+3.40, +4.515, +0.160,+0.954
1604850360,+3.40, +4.504, +0.161,+0.954
1604850420,+3.40, +4.474, +0.161,+0.954
1604850480,+3.40, +4.494, +0.161,+0.954
1604850540,+3.40, +4.484, +0.160,+0.954
1604850600,+3.40, +4.474, +0.160,+0.954
1604850660,+3.40, +4.474, +0.164,+0.954
1604850720,+3.40, +4.474, +0.163,+0.954
1604850780,+3.40, +4.484, +0.162,+0.954
1604850840,+3.40, +4.463, +0.162,+0.954
1604850900,+3.40, +4.484, +0.161,+0.954
1604850960,+3.40, +4.484, +0.160,+0.954
1604851020,+3.40, +4.484, +0.161,+0.954
1604851080,+3.40, +4.515, +0.162,+0.954
1604851140,+3.40, +4.494, +0.161,+0.954
1604851200,+3.40, +4.484, +0.162,+0.954
1604851260,+3.40, +4.463, +0.162,+0.954
1604851320,+3.39, +4.494, +0.162,+0.954
1604851380,+3.40, +4.484, +0.161,+0.954
1604851440,+3.40, +4.463, +0.162,+0.954
1604851500,+3.40, +4.443, +0.162,+0.954
1604851560,+3.40, +4.433, +0.161,+0.954
1604851620,+3.40, +4.443, +0.164,+0.954
1604851680,+3.40, +4.422, +0.160,+0.954
1604851740,+3.40, +4.443, +0.162,+0.954
1604851800,+3.40, +4.453, +0.162,+0.954
1604851860,+3.40, +4.494, +0.162,+0.954
1604851920,+3.40, +4.484, +0.162,+0.954
1604851980,+3.40, +4.463, +0.162,+0.954
1604852040,+3.40, +4.474, +0.161,+0.954
1604852100,+3.40, +4.443, +0.160,+0.954
1604852160,+3.40, +4.484, +0.161,+0.954
1604852220,+3.40, +4.484, +0.163,+0.954
1604852280,+3.40, +4.474, +0.160,+0.954
1604852340,+3.40, +4.453, +0.163,+0.954
1604852400,+3.39, +4.453, +0.162,+0.954
1604852460,+3.40, +4.422, +0.162,+0.954
1604852520,+3.40, +4.463, +0.161,+0.954
1604852580,+3.40, +4.453, +0.161,+0.954
1604852640,+3.40, +4.484, +0.163,+0.954
1604852700,+3.40, +4.494, +0.161,+0.954
1604852760,+3.39, +4.535, +0.163,+0.954
1604852820,+3.40, +4.525, +0.160,+0.954
1604852880,+3.40, +4.504, +0.162,+0.954
1604852940,+3.40, +4.515, +0.162,+0.954
1604853000,+3.40, +4.494, +0.161,+0.954
1604853060,+3.40, +4.484, +0.160,+0.954
1604853120,+3.40, +4.463, +0.161,+0.954
1604853180,+3.40, +4.453, +0.162,+0.954
1604853240,+3.40, +4.422, +0.161,+0.954
1604853300,+3.40, +4.412, +0.161,+0.954
1604853360,+3.40, +4.412, +0.161,+0.954
1604853420,+3.40, +4.412, +0.161,+0.954
1604853480,+3.40, +4.402, +0.161,+0.954
1604853540,+3.40, +4.433, +0.162,+0.954
1604853600,+3.40, +4.443, +0.162,+0.954
