7392-570653
OS REV: 1.11 Sensor Cal: 1428445788
Time (sec),  BV (Volts),  T (deg C),  DO (mg/l),  Q ()
1604162460,+3.38, +4.176, +0.164,+0.952
1604162520,+3.38, +4.145, +0.164,+0.952
1604162580,+3.38, +4.176, +0.165,+0.952
1604162640,+3.38, +4.186, +0.164,+0.952
1604162700,+3.38, +4.165, +0.163,+0.952
1604162760,+3.38, +4.165, +0.165,+0.952
1604162820,+3.38, +4.155, +0.165,+0.952
1604162880,+3.38, +4.176, +0.164,+0.952
1604162940,+3.38, +4.176, +0.165,+0.952
1604163000,+3.38, +4.176, +0.164,+0.952
1604163060,+3.38, +4.165, +0.164,+0.952
1604163120,+3.38, +4.186, +0.164,+0.952
1604163180,+3.38, +4.165, +0.164,+0.952
1604163240,+3.38, +4.165, +0.163,+0.952
1604163300,+3.38, +4.176, +0.165,+0.952
1604163360,+3.38, +4.165, +0.165,+0.952
1604163420,+3.38, +4.176, +0.163,+0.952
1604163480,+3.38, +4.165, +0.164,+0.952
1604163540,+3.38, +4.155, +0.164,+0.952
1604163600,+3.38, +4.165, +0.164,+0.952
1604163660,+3.38, +4.186, +0.162,+0.952
1604163720,+3.38, +4.145, +0.164,+0.952
1604163780,+3.38, +4.165, +0.162,+0.952
1604163840,+3.38, +4.186, +0.165,+0.952
1604163900,+3.38, +4.165, +0.163,+0.952
1604163960,+3.38, +4.155, +0.164,+0.952
1604164020,+3.38, +4.165, +0.165,+0.952
1604164080,+3.38, +4.155, +0.163,+0.952
1604164140,+3.38, +4.186, +0.163,+0.952
1604164200,+3.38, +4.176, +0.164,+0.952
1604164260,+3.38, +4.176, +0.162,+0.952
1604164320,+3.38, +4.165, +0.164,+0.952
1604164380,+3.38, +4.155, +0.165,+0.952
1604164440,+3.38, +4.186, +0.167,+0.952
1604164500,+3.38, +4.237, +0.165,+0.953
1604164560,+3.38, +4.176, +0.165,+0.952
1604164620,+3.38, +4.206, +0.166,+0.952
1604164680,+3.38, +4.176, +0.167,+0.952
1604164740,+3.38, +4.196, +0.165,+0.952
1604164800,+3.38, +4.196, +0.169,+0.952
1604164860,+3.38, +4.186, +0.179,+0.953
1604164920,+3.38, +4.176, +0.181,+0.953
1604164980,+3.38, +4.186, +0.184,+0.953
1604165040,+3.38, +4.186, +0.191,+0.953
1604165100,+3.38, +4.176, +0.185,+0.952
1604165160,+3.38, +4.176, +0.182,+0.953
1604165220,+3.38, +4.165, +0.176,+0.952
1604165280,+3.38, +4.176, +0.172,+0.952
1604165340,+3.38, +4.155, +0.170,+0.952
1604165400,+3.38, +4.165, +0.168,+0.952
1604165460,+3.38, +4.145, +0.171,+0.952
1604165520,+3.38, +4.134, +0.167,+0.952
1604165580,+3.38, +4.165, +0.169,+0.952
1604165640,+3.38, +4.176, +0.180,+0.953
1604165700,+3.38, +4.165, +0.179,+0.952
1604165760,+3.38, +4.176, +0.179,+0.953
1604165820,+3.38, +4.165, +0.180,+0.952
1604165880,+3.38, +4.176, +0.184,+0.953
1604165940,+3.38, +4.176, +0.184,+0.952
1604166000,+3.38, +4.165, +0.184,+0.953
1604166060,+3.38, +4.134, +0.185,+0.952
1604166120,+3.38, +4.165, +0.188,+0.953
1604166180,+3.38, +4.145, +0.188,+0.953
1604166240,+3.38, +4.165, +0.190,+0.953
1604166300,+3.38, +4.134, +0.187,+0.952
1604166360,+3.38, +4.134, +0.188,+0.953
1604166420,+3.38, +4.176, +0.180,+0.953
1604166480,+3.38, +4.155, +0.174,+0.952
1604166540,+3.38, +4.145, +0.172,+0.952
1604166600,+3.38, +4.176, +0.169,+0.952
1604166660,+3.38, +4.186, +0.166,+0.952
1604166720,+3.38, +4.155, +0.167,+0.952
1604166780,+3.38, +4.176, +0.175,+0.952
1604166840,+3.38, +4.165, +0.171,+0.952
1604166900,+3.38, +4.155, +0.170,+0.952
1604166960,+3.38, +4.155, +0.171,+0.952
1604167020,+3.38, +4.155, +0.171,+0.952
1604167080,+3.38, +4.176, +0.176,+0.953
1604167140,+3.38, +4.176, +0.179,+0.953
1604167200,+3.38, +4.165, +0.184,+0.953
1604167260,+3.38, +4.155, +0.189,+0.953
1604167320,+3.38, +4.165, +0.193,+0.953
1604167380,+3.38, +4.176, +0.193,+0.953
1604167440,+3.38, +4.186, +0.189,+0.953
1604167500,+3.38, +4.155, +0.183,+0.953
1604167560,+3.38, +4.155, +0.180,+0.952
1604167620,+3.38, +4.155, +0.176,+0.952
1604167680,+3.38, +4.196, +0.176,+0.953
1604167740,+3.38, +4.145, +0.175,+0.952
1604167800,+3.38, +4.176, +0.176,+0.953
1604167860,+3.38, +4.155, +0.176,+0.952
1604167920,+3.38, +4.176, +0.173,+0.952
1604167980,+3.38, +4.165, +0.188,+0.953
1604168040,+3.38, +4.155, +0.184,+0.953
1604168100,+3.38, +4.176, +0.176,+0.952
1604168160,+3.38, +4.165, +0.178,+0.952
1604168220,+3.38, +4.165, +0.178,+0.952
1604168280,+3.38, +4.155, +0.180,+0.953
1604168340,+3.38, +4.165, +0.179,+0.953
1604168400,+3.38, +4.176, +0.180,+0.953
1604168460,+3.38, +4.186, +0.180,+0.953
1604168520,+3.38, +4.134, +0.181,+0.952
1604168580,+3.38, +4.155, +0.179,+0.952
1604168640,+3.38, +4.155, +0.179,+0.953
1604168700,+3.38, +4.145, +0.182,+0.952
1604168760,+3.38, +4.155, +0.184,+0.953
1604168820,+3.38, +4.145, +0.186,+0.953
1604168880,+3.38, +4.165, +0.192,+0.953
1604168940,+3.38, +4.155, +0.195,+0.953
1604169000,+3.38, +4.196, +0.196,+0.953
1604169060,+3.38, +4.165, +0.196,+0.953
1604169120,+3.38, +4.176, +0.195,+0.953
1604169180,+3.38, +4.186, +0.194,+0.953
1604169240,+3.38, +4.145, +0.190,+0.953
1604169300,+3.38, +4.165, +0.185,+0.953
1604169360,+3.38, +4.155, +0.183,+0.952
1604169420,+3.38, +4.145, +0.178,+0.952
1604169480,+3.38, +4.155, +0.176,+0.952
1604169540,+3.38, +4.155, +0.171,+0.952
1604169600,+3.38, +4.155, +0.171,+0.952
1604169660,+3.38, +4.155, +0.167,+0.952
1604169720,+3.38, +4.124, +0.167,+0.952
1604169780,+3.38, +4.134, +0.167,+0.952
1604169840,+3.38, +4.145, +0.165,+0.952
1604169900,+3.38, +4.155, +0.163,+0.952
1604169960,+3.38, +4.114, +0.166,+0.952
1604170020,+3.38, +4.145, +0.167,+0.953
1604170080,+3.38, +4.134, +0.164,+0.952
1604170140,+3.38, +4.145, +0.166,+0.952
1604170200,+3.38, +4.155, +0.167,+0.952
1604170260,+3.38, +4.165, +0.165,+0.952
1604170320,+3.38, +4.145, +0.164,+0.952
1604170380,+3.38, +4.145, +0.167,+0.952
1604170440,+3.38, +4.124, +0.167,+0.952
1604170500,+3.38, +4.145, +0.167,+0.952
1604170560,+3.38, +4.134, +0.166,+0.952
1604170620,+3.38, +4.093, +0.167,+0.952
1604170680,+3.38, +4.134, +0.168,+0.952
1604170740,+3.38, +4.155, +0.170,+0.952
1604170800,+3.38, +4.155, +0.181,+0.953
1604170860,+3.38, +4.145, +0.182,+0.952
1604170920,+3.38, +4.155, +0.180,+0.953
1604170980,+3.38, +4.145, +0.180,+0.953
1604171040,+3.38, +4.124, +0.178,+0.952
1604171100,+3.38, +4.155, +0.174,+0.952
1604171160,+3.38, +4.145, +0.172,+0.952
1604171220,+3.38, +4.165, +0.172,+0.952
1604171280,+3.38, +4.165, +0.173,+0.953
1604171340,+3.38, +4.124, +0.170,+0.952
1604171400,+3.38, +4.145, +0.171,+0.952
1604171460,+3.38, +4.155, +0.167,+0.952
1604171520,+3.38, +4.124, +0.168,+0.952
1604171580,+3.38, +4.134, +0.168,+0.952
1604171640,+3.38, +4.134, +0.169,+0.952
1604171700,+3.38, +4.124, +0.166,+0.952
1604171760,+3.38, +4.114, +0.166,+0.952
1604171820,+3.38, +4.103, +0.165,+0.952
1604171880,+3.38, +4.145, +0.163,+0.952
1604171940,+3.38, +4.103, +0.165,+0.952
1604172000,+3.38, +4.103, +0.166,+0.952
1604172060,+3.38, +4.155, +0.166,+0.952
1604172120,+3.38, +4.134, +0.164,+0.952
1604172180,+3.38, +4.114, +0.166,+0.952
1604172240,+3.38, +4.103, +0.163,+0.952
1604172300,+3.38, +4.145, +0.164,+0.952
1604172360,+3.38, +4.103, +0.167,+0.952
1604172420,+3.38, +4.093, +0.166,+0.952
1604172480,+3.38, +4.124, +0.164,+0.952
1604172540,+3.38, +4.145, +0.164,+0.952
1604172600,+3.38, +4.114, +0.165,+0.952
1604172660,+3.38, +4.103, +0.166,+0.952
1604172720,+3.38, +4.103, +0.166,+0.952
1604172780,+3.38, +4.124, +0.165,+0.952
1604172840,+3.38, +4.124, +0.166,+0.952
1604172900,+3.38, +4.124, +0.164,+0.952
1604172960,+3.38, +4.145, +0.165,+0.952
1604173020,+3.38, +4.134, +0.168,+0.952
1604173080,+3.38, +4.114, +0.165,+0.952
1604173140,+3.38, +4.124, +0.167,+0.952
1604173200,+3.38, +4.124, +0.166,+0.952
1604173260,+3.38, +4.134, +0.167,+0.952
1604173320,+3.38, +4.114, +0.165,+0.952
1604173380,+3.38, +4.093, +0.167,+0.952
1604173440,+3.38, +4.124, +0.164,+0.952
1604173500,+3.38, +4.124, +0.164,+0.952
1604173560,+3.38, +4.134, +0.163,+0.952
1604173620,+3.38, +4.145, +0.167,+0.952
1604173680,+3.38, +4.186, +0.173,+0.952
1604173740,+3.38, +4.155, +0.175,+0.952
1604173800,+3.38, +4.176, +0.177,+0.953
1604173860,+3.38, +4.186, +0.174,+0.952
1604173920,+3.38, +4.186, +0.175,+0.952
1604173980,+3.38, +4.196, +0.175,+0.953
1604174040,+3.38, +4.186, +0.175,+0.952
1604174100,+3.38, +4.186, +0.171,+0.952
1604174160,+3.38, +4.176, +0.171,+0.952
1604174220,+3.38, +4.196, +0.171,+0.952
1604174280,+3.38, +4.165, +0.171,+0.952
1604174340,+3.38, +4.186, +0.171,+0.952
1604174400,+3.38, +4.165, +0.169,+0.952
1604174460,+3.38, +4.196, +0.166,+0.952
1604174520,+3.38, +4.165, +0.168,+0.952
1604174580,+3.38, +4.155, +0.168,+0.952
1604174640,+3.38, +4.165, +0.165,+0.952
1604174700,+3.38, +4.165, +0.165,+0.952
1604174760,+3.38, +4.155, +0.166,+0.952
1604174820,+3.38, +4.124, +0.167,+0.952
1604174880,+3.38, +4.165, +0.164,+0.952
1604174940,+3.38, +4.145, +0.165,+0.952
1604175000,+3.38, +4.155, +0.168,+0.953
1604175060,+3.38, +4.165, +0.167,+0.952
1604175120,+3.38, +4.155, +0.167,+0.952
1604175180,+3.38, +4.186, +0.168,+0.952
1604175240,+3.38, +4.176, +0.168,+0.952
1604175300,+3.38, +4.165, +0.168,+0.952
1604175360,+3.38, +4.186, +0.171,+0.952
1604175420,+3.38, +4.217, +0.173,+0.953
1604175480,+3.38, +4.217, +0.173,+0.952
1604175540,+3.38, +4.206, +0.186,+0.953
1604175600,+3.38, +4.248, +0.199,+0.953
1604175660,+3.38, +4.237, +0.211,+0.953
1604175720,+3.38, +4.268, +0.217,+0.953
1604175780,+3.38, +4.289, +0.223,+0.953
1604175840,+3.38, +4.309, +0.227,+0.954
1604175900,+3.38, +4.299, +0.238,+0.954
1604175960,+3.38, +4.320, +0.251,+0.954
1604176020,+3.38, +4.340, +0.259,+0.954
1604176080,+3.38, +4.361, +0.265,+0.954
1604176140,+3.38, +4.351, +0.267,+0.954
1604176200,+3.38, +4.351, +0.275,+0.954
1604176260,+3.38, +4.340, +0.286,+0.954
1604176320,+3.38, +4.361, +0.292,+0.955
1604176380,+3.38, +4.361, +0.295,+0.954
1604176440,+3.38, +4.371, +0.299,+0.955
1604176500,+3.38, +4.371, +0.301,+0.955
1604176560,+3.38, +4.381, +0.297,+0.955
1604176620,+3.38, +4.340, +0.299,+0.954
1604176680,+3.38, +4.371, +0.310,+0.955
1604176740,+3.38, +4.361, +0.316,+0.955
1604176800,+3.38, +4.392, +0.317,+0.955
1604176860,+3.38, +4.381, +0.319,+0.955
1604176920,+3.38, +4.361, +0.327,+0.955
1604176980,+3.38, +4.402, +0.335,+0.955
1604177040,+3.38, +4.402, +0.338,+0.955
1604177100,+3.38, +4.412, +0.341,+0.955
1604177160,+3.38, +4.392, +0.340,+0.955
1604177220,+3.38, +4.402, +0.334,+0.955
1604177280,+3.38, +4.392, +0.332,+0.955
1604177340,+3.38, +4.392, +0.329,+0.955
1604177400,+3.38, +4.371, +0.338,+0.955
1604177460,+3.38, +4.433, +0.350,+0.956
1604177520,+3.38, +4.443, +0.361,+0.956
1604177580,+3.38, +4.443, +0.368,+0.956
1604177640,+3.38, +4.433, +0.374,+0.956
1604177700,+3.38, +4.412, +0.382,+0.956
1604177760,+3.38, +4.433, +0.388,+0.956
1604177820,+3.38, +4.371, +0.390,+0.956
1604177880,+3.38, +4.443, +0.391,+0.956
1604177940,+3.38, +4.433, +0.375,+0.956
1604178000,+3.38, +4.402, +0.361,+0.955
1604178060,+3.38, +4.433, +0.363,+0.956
1604178120,+3.38, +4.412, +0.367,+0.956
1604178180,+3.38, +4.433, +0.362,+0.956
1604178240,+3.38, +4.443, +0.360,+0.956
1604178300,+3.38, +4.433, +0.362,+0.956
1604178360,+3.38, +4.412, +0.359,+0.956
1604178420,+3.38, +4.402, +0.346,+0.955
1604178480,+3.38, +4.392, +0.334,+0.955
1604178540,+3.38, +4.412, +0.332,+0.955
1604178600,+3.38, +4.402, +0.344,+0.955
1604178660,+3.38, +4.412, +0.345,+0.955
1604178720,+3.38, +4.412, +0.346,+0.955
1604178780,+3.38, +4.412, +0.349,+0.955
1604178840,+3.38, +4.402, +0.346,+0.955
1604178900,+3.38, +4.392, +0.338,+0.955
1604178960,+3.38, +4.392, +0.334,+0.955
1604179020,+3.38, +4.412, +0.334,+0.955
1604179080,+3.38, +4.392, +0.336,+0.955
1604179140,+3.38, +4.371, +0.320,+0.955
1604179200,+3.38, +4.361, +0.306,+0.955
1604179260,+3.38, +4.361, +0.294,+0.954
1604179320,+3.38, +4.330, +0.274,+0.954
1604179380,+3.38, +4.371, +0.267,+0.954
1604179440,+3.38, +4.320, +0.262,+0.954
1604179500,+3.38, +4.340, +0.257,+0.954
1604179560,+3.38, +4.340, +0.251,+0.954
1604179620,+3.38, +4.320, +0.245,+0.954
1604179680,+3.38, +4.330, +0.237,+0.953
1604179740,+3.38, +4.289, +0.231,+0.954
1604179800,+3.38, +4.340, +0.224,+0.953
1604179860,+3.38, +4.299, +0.220,+0.953
1604179920,+3.38, +4.320, +0.215,+0.953
1604179980,+3.38, +4.309, +0.224,+0.953
1604180040,+3.38, +4.309, +0.230,+0.953
1604180100,+3.38, +4.320, +0.227,+0.953
1604180160,+3.38, +4.351, +0.228,+0.954
1604180220,+3.38, +4.309, +0.222,+0.953
1604180280,+3.38, +4.279, +0.215,+0.953
1604180340,+3.38, +4.309, +0.209,+0.953
1604180400,+3.38, +4.268, +0.207,+0.953
1604180460,+3.38, +4.279, +0.204,+0.953
1604180520,+3.38, +4.279, +0.208,+0.953
1604180580,+3.38, +4.279, +0.211,+0.953
1604180640,+3.38, +4.320, +0.211,+0.953
1604180700,+3.38, +4.289, +0.212,+0.953
1604180760,+3.38, +4.330, +0.217,+0.953
1604180820,+3.38, +4.309, +0.219,+0.953
1604180880,+3.38, +4.289, +0.218,+0.953
1604180940,+3.38, +4.309, +0.218,+0.953
1604181000,+3.38, +4.289, +0.211,+0.953
1604181060,+3.38, +4.268, +0.212,+0.953
1604181120,+3.38, +4.309, +0.209,+0.953
1604181180,+3.38, +4.279, +0.208,+0.953
1604181240,+3.38, +4.268, +0.204,+0.953
1604181300,+3.38, +4.258, +0.202,+0.953
1604181360,+3.38, +4.268, +0.202,+0.953
1604181420,+3.38, +4.268, +0.200,+0.953
1604181480,+3.38, +4.299, +0.199,+0.953
1604181540,+3.38, +4.268, +0.200,+0.953
1604181600,+3.38, +4.268, +0.200,+0.953
1604181660,+3.38, +4.289, +0.202,+0.953
1604181720,+3.38, +4.279, +0.199,+0.953
1604181780,+3.38, +4.289, +0.203,+0.953
1604181840,+3.38, +4.268, +0.204,+0.953
1604181900,+3.38, +4.258, +0.205,+0.953
1604181960,+3.38, +4.279, +0.205,+0.953
1604182020,+3.38, +4.258, +0.206,+0.953
1604182080,+3.38, +4.289, +0.207,+0.953
1604182140,+3.38, +4.299, +0.206,+0.953
1604182200,+3.38, +4.289, +0.205,+0.953
1604182260,+3.38, +4.289, +0.206,+0.953
1604182320,+3.38, +4.299, +0.206,+0.953
1604182380,+3.38, +4.289, +0.204,+0.953
1604182440,+3.38, +4.320, +0.201,+0.953
1604182500,+3.38, +4.268, +0.204,+0.953
1604182560,+3.38, +4.299, +0.203,+0.953
1604182620,+3.38, +4.299, +0.203,+0.953
1604182680,+3.38, +4.309, +0.204,+0.953
1604182740,+3.38, +4.299, +0.207,+0.953
1604182800,+3.38, +4.279, +0.209,+0.953
1604182860,+3.38, +4.289, +0.208,+0.953
1604182920,+3.38, +4.289, +0.209,+0.953
1604182980,+3.38, +4.299, +0.209,+0.953
1604183040,+3.38, +4.320, +0.215,+0.953
1604183100,+3.38, +4.330, +0.234,+0.954
1604183160,+3.38, +4.340, +0.245,+0.954
1604183220,+3.38, +4.361, +0.252,+0.954
1604183280,+3.38, +4.371, +0.258,+0.954
1604183340,+3.38, +4.351, +0.252,+0.954
1604183400,+3.38, +4.340, +0.244,+0.954
1604183460,+3.38, +4.340, +0.239,+0.954
1604183520,+3.38, +4.351, +0.240,+0.954
1604183580,+3.38, +4.340, +0.245,+0.954
1604183640,+3.38, +4.351, +0.244,+0.954
1604183700,+3.38, +4.361, +0.245,+0.954
1604183760,+3.38, +4.361, +0.246,+0.954
1604183820,+3.38, +4.320, +0.252,+0.954
1604183880,+3.38, +4.381, +0.258,+0.954
1604183940,+3.38, +4.371, +0.266,+0.954
1604184000,+3.38, +4.392, +0.270,+0.954
1604184060,+3.38, +4.381, +0.272,+0.954
1604184120,+3.38, +4.371, +0.272,+0.954
1604184180,+3.38, +4.392, +0.273,+0.954
1604184240,+3.38, +4.402, +0.278,+0.954
1604184300,+3.38, +4.422, +0.279,+0.955
1604184360,+3.38, +4.371, +0.279,+0.954
1604184420,+3.38, +4.371, +0.284,+0.954
1604184480,+3.38, +4.402, +0.291,+0.954
1604184540,+3.38, +4.412, +0.291,+0.955
1604184600,+3.38, +4.422, +0.290,+0.955
1604184660,+3.38, +4.422, +0.289,+0.955
1604184720,+3.38, +4.412, +0.293,+0.954
1604184780,+3.38, +4.422, +0.305,+0.955
1604184840,+3.38, +4.422, +0.314,+0.955
1604184900,+3.38, +4.422, +0.322,+0.955
1604184960,+3.38, +4.422, +0.325,+0.955
1604185020,+3.38, +4.422, +0.325,+0.955
1604185080,+3.38, +4.422, +0.328,+0.955
1604185140,+3.38, +4.433, +0.331,+0.955
1604185200,+3.38, +4.433, +0.336,+0.955
1604185260,+3.38, +4.412, +0.331,+0.955
1604185320,+3.38, +4.443, +0.333,+0.955
1604185380,+3.38, +4.453, +0.337,+0.955
1604185440,+3.38, +4.463, +0.341,+0.956
1604185500,+3.38, +4.443, +0.342,+0.955
1604185560,+3.38, +4.453, +0.349,+0.956
1604185620,+3.38, +4.443, +0.350,+0.955
1604185680,+3.38, +4.463, +0.354,+0.956
1604185740,+3.38, +4.433, +0.357,+0.956
1604185800,+3.38, +4.433, +0.360,+0.956
1604185860,+3.38, +4.443, +0.361,+0.956
1604185920,+3.38, +4.453, +0.364,+0.956
1604185980,+3.38, +4.453, +0.369,+0.956
1604186040,+3.38, +4.422, +0.372,+0.956
1604186100,+3.38, +4.443, +0.373,+0.956
1604186160,+3.38, +4.443, +0.375,+0.956
1604186220,+3.38, +4.422, +0.379,+0.956
1604186280,+3.38, +4.443, +0.379,+0.956
1604186340,+3.38, +4.443, +0.381,+0.956
1604186400,+3.38, +4.463, +0.379,+0.956
1604186460,+3.38, +4.443, +0.382,+0.956
1604186520,+3.38, +4.463, +0.380,+0.956
1604186580,+3.38, +4.443, +0.381,+0.956
1604186640,+3.38, +4.443, +0.384,+0.956
1604186700,+3.38, +4.453, +0.394,+0.956
1604186760,+3.38, +4.463, +0.409,+0.957
1604186820,+3.38, +4.463, +0.415,+0.957
1604186880,+3.38, +4.463, +0.416,+0.956
1604186940,+3.38, +4.474, +0.414,+0.957
1604187000,+3.38, +4.463, +0.412,+0.957
1604187060,+3.38, +4.453, +0.410,+0.956
1604187120,+3.38, +4.474, +0.413,+0.957
1604187180,+3.38, +4.463, +0.414,+0.956
1604187240,+3.38, +4.453, +0.414,+0.956
1604187300,+3.38, +4.453, +0.419,+0.956
1604187360,+3.38, +4.474, +0.421,+0.957
1604187420,+3.38, +4.474, +0.423,+0.957
1604187480,+3.38, +4.474, +0.426,+0.957
1604187540,+3.38, +4.474, +0.426,+0.957
1604187600,+3.38, +4.484, +0.424,+0.957
1604187660,+3.38, +4.474, +0.427,+0.957
1604187720,+3.38, +4.474, +0.427,+0.957
1604187780,+3.38, +4.484, +0.429,+0.957
1604187840,+3.38, +4.474, +0.433,+0.957
1604187900,+3.38, +4.474, +0.434,+0.957
1604187960,+3.38, +4.474, +0.436,+0.957
1604188020,+3.38, +4.463, +0.435,+0.957
1604188080,+3.38, +4.474, +0.436,+0.957
1604188140,+3.38, +4.474, +0.436,+0.957
1604188200,+3.38, +4.453, +0.437,+0.957
1604188260,+3.38, +4.474, +0.440,+0.957
1604188320,+3.38, +4.484, +0.439,+0.957
1604188380,+3.38, +4.474, +0.437,+0.957
1604188440,+3.38, +4.463, +0.436,+0.957
1604188500,+3.38, +4.474, +0.439,+0.957
1604188560,+3.38, +4.474, +0.435,+0.957
1604188620,+3.38, +4.474, +0.434,+0.957
1604188680,+3.38, +4.463, +0.434,+0.957
1604188740,+3.38, +4.474, +0.431,+0.957
1604188800,+3.38, +4.463, +0.431,+0.957
1604188860,+3.38, +4.504, +0.430,+0.957
1604188920,+3.38, +4.494, +0.428,+0.957
1604188980,+3.38, +4.494, +0.425,+0.957
1604189040,+3.38, +4.474, +0.423,+0.957
1604189100,+3.38, +4.474, +0.417,+0.957
1604189160,+3.38, +4.484, +0.413,+0.956
1604189220,+3.38, +4.484, +0.403,+0.956
1604189280,+3.38, +4.474, +0.395,+0.956
1604189340,+3.38, +4.474, +0.385,+0.956
1604189400,+3.38, +4.474, +0.379,+0.956
1604189460,+3.38, +4.463, +0.371,+0.956
1604189520,+3.38, +4.453, +0.368,+0.956
1604189580,+3.38, +4.474, +0.359,+0.956
1604189640,+3.38, +4.463, +0.355,+0.955
1604189700,+3.38, +4.381, +0.352,+0.955
1604189760,+3.38, +4.443, +0.352,+0.955
1604189820,+3.38, +4.463, +0.353,+0.955
1604189880,+3.38, +4.463, +0.361,+0.955
1604189940,+3.38, +4.463, +0.372,+0.956
1604190000,+3.38, +4.484, +0.379,+0.956
1604190060,+3.38, +4.474, +0.382,+0.956
1604190120,+3.38, +4.463, +0.379,+0.956
1604190180,+3.38, +4.463, +0.368,+0.956
1604190240,+3.38, +4.453, +0.359,+0.956
1604190300,+3.38, +4.453, +0.352,+0.955
1604190360,+3.38, +4.443, +0.357,+0.955
1604190420,+3.38, +4.484, +0.356,+0.955
1604190480,+3.38, +4.463, +0.359,+0.955
1604190540,+3.38, +4.474, +0.357,+0.956
1604190600,+3.38, +4.443, +0.356,+0.955
1604190660,+3.38, +4.443, +0.349,+0.955
1604190720,+3.38, +4.463, +0.345,+0.955
1604190780,+3.38, +4.453, +0.348,+0.955
1604190840,+3.38, +4.474, +0.352,+0.955
1604190900,+3.38, +4.463, +0.351,+0.956
1604190960,+3.38, +4.474, +0.350,+0.955
1604191020,+3.38, +4.474, +0.349,+0.955
1604191080,+3.38, +4.474, +0.350,+0.955
1604191140,+3.38, +4.484, +0.350,+0.955
1604191200,+3.38, +4.463, +0.352,+0.955
1604191260,+3.38, +4.463, +0.355,+0.955
1604191320,+3.38, +4.443, +0.357,+0.955
1604191380,+3.38, +4.494, +0.361,+0.956
1604191440,+3.38, +4.484, +0.366,+0.956
1604191500,+3.38, +4.474, +0.367,+0.956
1604191560,+3.38, +4.474, +0.371,+0.956
1604191620,+3.38, +4.494, +0.372,+0.956
1604191680,+3.38, +4.463, +0.375,+0.956
1604191740,+3.38, +4.474, +0.378,+0.956
1604191800,+3.38, +4.463, +0.378,+0.956
1604191860,+3.38, +4.453, +0.373,+0.956
1604191920,+3.38, +4.463, +0.367,+0.956
1604191980,+3.38, +4.474, +0.363,+0.956
1604192040,+3.38, +4.494, +0.356,+0.956
1604192100,+3.38, +4.474, +0.353,+0.955
1604192160,+3.38, +4.463, +0.346,+0.955
1604192220,+3.38, +4.463, +0.335,+0.955
1604192280,+3.38, +4.474, +0.328,+0.955
1604192340,+3.38, +4.453, +0.322,+0.955
1604192400,+3.38, +4.463, +0.317,+0.955
1604192460,+3.38, +4.453, +0.319,+0.955
1604192520,+3.38, +4.453, +0.320,+0.955
1604192580,+3.38, +4.463, +0.320,+0.955
1604192640,+3.38, +4.443, +0.317,+0.955
1604192700,+3.38, +4.453, +0.320,+0.955
1604192760,+3.38, +4.463, +0.314,+0.955
1604192820,+3.38, +4.453, +0.308,+0.955
1604192880,+3.38, +4.474, +0.303,+0.955
1604192940,+3.38, +4.443, +0.296,+0.954
1604193000,+3.38, +4.463, +0.315,+0.955
1604193060,+3.38, +4.474, +0.314,+0.955
1604193120,+3.38, +4.433, +0.311,+0.955
1604193180,+3.38, +4.453, +0.314,+0.955
1604193240,+3.38, +4.463, +0.333,+0.955
1604193300,+3.38, +4.463, +0.333,+0.955
1604193360,+3.38, +4.443, +0.320,+0.955
1604193420,+3.38, +4.433, +0.307,+0.954
1604193480,+3.38, +4.453, +0.299,+0.955
1604193540,+3.38, +4.443, +0.294,+0.955
1604193600,+3.38, +4.453, +0.303,+0.955
1604193660,+3.38, +4.433, +0.309,+0.955
1604193720,+3.38, +4.443, +0.307,+0.955
1604193780,+3.38, +4.433, +0.310,+0.955
1604193840,+3.38, +4.443, +0.324,+0.955
1604193900,+3.38, +4.453, +0.326,+0.955
1604193960,+3.38, +4.453, +0.332,+0.955
1604194020,+3.38, +4.453, +0.335,+0.955
1604194080,+3.38, +4.494, +0.328,+0.955
1604194140,+3.38, +4.453, +0.331,+0.955
1604194200,+3.38, +4.453, +0.323,+0.955
1604194260,+3.38, +4.453, +0.321,+0.955
1604194320,+3.38, +4.443, +0.316,+0.955
1604194380,+3.38, +4.433, +0.313,+0.955
1604194440,+3.38, +4.443, +0.320,+0.955
1604194500,+3.38, +4.453, +0.315,+0.955
1604194560,+3.38, +4.453, +0.311,+0.955
1604194620,+3.38, +4.412, +0.301,+0.954
1604194680,+3.38, +4.433, +0.286,+0.955
1604194740,+3.38, +4.422, +0.279,+0.954
1604194800,+3.38, +4.402, +0.273,+0.954
1604194860,+3.38, +4.412, +0.270,+0.954
1604194920,+3.38, +4.433, +0.265,+0.954
1604194980,+3.38, +4.402, +0.260,+0.954
1604195040,+3.38, +4.402, +0.253,+0.954
1604195100,+3.38, +4.402, +0.245,+0.954
1604195160,+3.38, +4.402, +0.232,+0.953
1604195220,+3.38, +4.412, +0.237,+0.954
1604195280,+3.38, +4.412, +0.249,+0.954
1604195340,+3.38, +4.422, +0.246,+0.954
1604195400,+3.38, +4.443, +0.251,+0.954
1604195460,+3.38, +4.422, +0.255,+0.954
1604195520,+3.38, +4.443, +0.279,+0.954
1604195580,+3.38, +4.422, +0.297,+0.955
1604195640,+3.38, +4.443, +0.310,+0.955
1604195700,+3.38, +4.433, +0.317,+0.955
1604195760,+3.38, +4.422, +0.320,+0.955
1604195820,+3.38, +4.453, +0.321,+0.955
1604195880,+3.38, +4.443, +0.327,+0.955
1604195940,+3.38, +4.453, +0.323,+0.955
1604196000,+3.38, +4.433, +0.324,+0.955
1604196060,+3.38, +4.463, +0.322,+0.955
1604196120,+3.38, +4.443, +0.323,+0.955
1604196180,+3.38, +4.443, +0.324,+0.955
1604196240,+3.38, +4.453, +0.328,+0.955
1604196300,+3.38, +4.433, +0.327,+0.955
1604196360,+3.38, +4.474, +0.330,+0.955
1604196420,+3.38, +4.463, +0.334,+0.955
1604196480,+3.38, +4.433, +0.335,+0.955
1604196540,+3.38, +4.484, +0.339,+0.955
1604196600,+3.38, +4.422, +0.341,+0.955
1604196660,+3.38, +4.463, +0.343,+0.955
1604196720,+3.38, +4.453, +0.338,+0.955
1604196780,+3.38, +4.453, +0.332,+0.955
1604196840,+3.38, +4.443, +0.318,+0.955
1604196900,+3.38, +4.443, +0.297,+0.954
1604196960,+3.38, +4.433, +0.288,+0.954
1604197020,+3.38, +4.422, +0.289,+0.954
1604197080,+3.38, +4.463, +0.290,+0.955
1604197140,+3.38, +4.463, +0.308,+0.955
1604197200,+3.38, +4.453, +0.331,+0.955
1604197260,+3.38, +4.463, +0.326,+0.955
1604197320,+3.38, +4.443, +0.328,+0.955
1604197380,+3.38, +4.453, +0.334,+0.955
1604197440,+3.38, +4.463, +0.347,+0.955
1604197500,+3.38, +4.453, +0.359,+0.956
1604197560,+3.38, +4.453, +0.369,+0.956
1604197620,+3.38, +4.443, +0.378,+0.956
1604197680,+3.38, +4.443, +0.377,+0.956
1604197740,+3.38, +4.453, +0.373,+0.956
1604197800,+3.38, +4.453, +0.366,+0.956
1604197860,+3.38, +4.484, +0.357,+0.956
1604197920,+3.38, +4.433, +0.354,+0.955
1604197980,+3.38, +4.453, +0.351,+0.955
1604198040,+3.38, +4.433, +0.364,+0.956
1604198100,+3.38, +4.422, +0.391,+0.956
1604198160,+3.38, +4.474, +0.398,+0.956
1604198220,+3.38, +4.443, +0.399,+0.956
1604198280,+3.38, +4.443, +0.395,+0.956
1604198340,+3.38, +4.443, +0.392,+0.956
1604198400,+3.38, +4.433, +0.400,+0.956
1604198460,+3.39, +4.443, +0.399,+0.956
1604198520,+3.38, +4.443, +0.404,+0.956
1604198580,+3.38, +4.412, +0.409,+0.956
1604198640,+3.38, +4.433, +0.412,+0.956
1604198700,+3.38, +4.443, +0.415,+0.956
1604198760,+3.38, +4.433, +0.420,+0.956
1604198820,+3.38, +4.433, +0.426,+0.957
1604198880,+3.38, +4.433, +0.427,+0.957
1604198940,+3.38, +4.433, +0.431,+0.957
1604199000,+3.38, +4.412, +0.437,+0.957
1604199060,+3.38, +4.453, +0.438,+0.957
1604199120,+3.38, +4.433, +0.441,+0.957
1604199180,+3.38, +4.422, +0.445,+0.957
1604199240,+3.38, +4.443, +0.448,+0.957
1604199300,+3.38, +4.433, +0.448,+0.957
1604199360,+3.38, +4.443, +0.454,+0.957
1604199420,+3.38, +4.443, +0.462,+0.957
1604199480,+3.38, +4.422, +0.455,+0.957
1604199540,+3.38, +4.412, +0.445,+0.957
1604199600,+3.38, +4.412, +0.441,+0.957
1604199660,+3.38, +4.433, +0.437,+0.957
1604199720,+3.38, +4.422, +0.432,+0.957
1604199780,+3.38, +4.463, +0.428,+0.957
1604199840,+3.38, +4.422, +0.425,+0.957
1604199900,+3.38, +4.422, +0.418,+0.956
1604199960,+3.38, +4.422, +0.407,+0.956
1604200020,+3.38, +4.433, +0.409,+0.956
1604200080,+3.38, +4.433, +0.410,+0.956
1604200140,+3.38, +4.422, +0.409,+0.957
1604200200,+3.38, +4.433, +0.407,+0.957
1604200260,+3.38, +4.453, +0.411,+0.957
1604200320,+3.38, +4.443, +0.410,+0.957
1604200380,+3.38, +4.443, +0.415,+0.957
1604200440,+3.38, +4.433, +0.416,+0.956
1604200500,+3.38, +4.433, +0.417,+0.957
1604200560,+3.38, +4.453, +0.421,+0.957
1604200620,+3.38, +4.433, +0.421,+0.957
1604200680,+3.38, +4.422, +0.419,+0.957
1604200740,+3.38, +4.433, +0.412,+0.956
1604200800,+3.38, +4.433, +0.407,+0.956
1604200860,+3.38, +4.443, +0.399,+0.956
1604200920,+3.38, +4.453, +0.396,+0.956
1604200980,+3.38, +4.433, +0.397,+0.956
1604201040,+3.38, +4.433, +0.397,+0.956
1604201100,+3.38, +4.433, +0.396,+0.956
1604201160,+3.38, +4.443, +0.397,+0.956
1604201220,+3.38, +4.453, +0.395,+0.956
1604201280,+3.38, +4.443, +0.391,+0.956
1604201340,+3.38, +4.453, +0.392,+0.956
1604201400,+3.38, +4.463, +0.392,+0.956
1604201460,+3.38, +4.443, +0.389,+0.956
1604201520,+3.38, +4.474, +0.381,+0.956
1604201580,+3.38, +4.443, +0.380,+0.956
1604201640,+3.38, +4.443, +0.385,+0.956
1604201700,+3.38, +4.443, +0.385,+0.956
1604201760,+3.38, +4.453, +0.383,+0.956
1604201820,+3.38, +4.453, +0.382,+0.956
1604201880,+3.38, +4.422, +0.383,+0.956
1604201940,+3.38, +4.443, +0.385,+0.956
1604202000,+3.38, +4.422, +0.385,+0.956
1604202060,+3.38, +4.443, +0.384,+0.956
1604202120,+3.39, +4.422, +0.386,+0.956
1604202180,+3.38, +4.453, +0.381,+0.956
1604202240,+3.38, +4.422, +0.379,+0.956
1604202300,+3.38, +4.433, +0.376,+0.956
1604202360,+3.38, +4.412, +0.376,+0.956
1604202420,+3.38, +4.402, +0.372,+0.956
1604202480,+3.38, +4.412, +0.370,+0.956
1604202540,+3.38, +4.422, +0.369,+0.956
1604202600,+3.38, +4.392, +0.367,+0.956
1604202660,+3.38, +4.392, +0.366,+0.956
1604202720,+3.38, +4.392, +0.365,+0.956
1604202780,+3.38, +4.392, +0.362,+0.955
1604202840,+3.38, +4.381, +0.360,+0.956
1604202900,+3.38, +4.371, +0.358,+0.955
1604202960,+3.38, +4.371, +0.359,+0.955
1604203020,+3.38, +4.402, +0.356,+0.955
1604203080,+3.38, +4.392, +0.356,+0.956
1604203140,+3.38, +4.381, +0.356,+0.956
1604203200,+3.38, +4.330, +0.356,+0.955
1604203260,+3.38, +4.381, +0.357,+0.956
1604203320,+3.38, +4.381, +0.358,+0.956
1604203380,+3.39, +4.371, +0.356,+0.955
1604203440,+3.38, +4.361, +0.356,+0.956
1604203500,+3.38, +4.371, +0.356,+0.956
1604203560,+3.38, +4.381, +0.353,+0.956
1604203620,+3.38, +4.361, +0.355,+0.955
1604203680,+3.38, +4.361, +0.358,+0.956
1604203740,+3.38, +4.361, +0.356,+0.955
1604203800,+3.38, +4.371, +0.354,+0.955
1604203860,+3.38, +4.371, +0.351,+0.955
1604203920,+3.38, +4.361, +0.354,+0.956
1604203980,+3.38, +4.422, +0.353,+0.956
1604204040,+3.38, +4.392, +0.356,+0.956
1604204100,+3.38, +4.392, +0.359,+0.956
1604204160,+3.38, +4.371, +0.357,+0.956
1604204220,+3.38, +4.371, +0.359,+0.955
1604204280,+3.38, +4.361, +0.358,+0.956
1604204340,+3.38, +4.361, +0.362,+0.956
1604204400,+3.38, +4.392, +0.358,+0.956
1604204460,+3.38, +4.371, +0.356,+0.955
1604204520,+3.38, +4.371, +0.359,+0.956
1604204580,+3.38, +4.340, +0.358,+0.955
1604204640,+3.38, +4.361, +0.358,+0.955
1604204700,+3.38, +4.381, +0.358,+0.955
1604204760,+3.38, +4.351, +0.358,+0.955
1604204820,+3.38, +4.361, +0.356,+0.955
1604204880,+3.38, +4.361, +0.356,+0.956
1604204940,+3.38, +4.351, +0.355,+0.956
1604205000,+3.38, +4.351, +0.356,+0.956
1604205060,+3.38, +4.361, +0.354,+0.955
1604205120,+3.38, +4.381, +0.354,+0.956
1604205180,+3.38, +4.381, +0.350,+0.955
1604205240,+3.38, +4.361, +0.343,+0.955
1604205300,+3.38, +4.371, +0.340,+0.955
1604205360,+3.38, +4.340, +0.337,+0.955
1604205420,+3.38, +4.361, +0.334,+0.955
1604205480,+3.38, +4.351, +0.338,+0.955
1604205540,+3.38, +4.402, +0.334,+0.955
1604205600,+3.38, +4.361, +0.328,+0.955
1604205660,+3.38, +4.330, +0.329,+0.955
1604205720,+3.38, +4.351, +0.325,+0.955
1604205780,+3.38, +4.371, +0.320,+0.955
1604205840,+3.38, +4.381, +0.319,+0.955
1604205900,+3.38, +4.361, +0.319,+0.955
1604205960,+3.38, +4.361, +0.325,+0.955
1604206020,+3.38, +4.299, +0.330,+0.955
1604206080,+3.38, +4.361, +0.333,+0.955
1604206140,+3.38, +4.361, +0.335,+0.955
1604206200,+3.39, +4.361, +0.338,+0.955
1604206260,+3.38, +4.361, +0.338,+0.955
1604206320,+3.38, +4.351, +0.339,+0.955
1604206380,+3.38, +4.340, +0.338,+0.955
1604206440,+3.38, +4.371, +0.340,+0.955
1604206500,+3.38, +4.361, +0.339,+0.955
1604206560,+3.38, +4.361, +0.339,+0.955
1604206620,+3.38, +4.361, +0.336,+0.955
1604206680,+3.38, +4.361, +0.337,+0.955
1604206740,+3.38, +4.371, +0.337,+0.955
1604206800,+3.38, +4.361, +0.338,+0.955
1604206860,+3.38, +4.351, +0.332,+0.955
1604206920,+3.38, +4.381, +0.332,+0.955
1604206980,+3.38, +4.361, +0.332,+0.955
1604207040,+3.38, +4.371, +0.338,+0.955
1604207100,+3.38, +4.402, +0.334,+0.955
1604207160,+3.38, +4.361, +0.336,+0.955
1604207220,+3.38, +4.361, +0.338,+0.955
1604207280,+3.38, +4.361, +0.338,+0.955
1604207340,+3.38, +4.330, +0.337,+0.955
1604207400,+3.38, +4.381, +0.337,+0.955
1604207460,+3.38, +4.361, +0.337,+0.955
1604207520,+3.38, +4.361, +0.337,+0.955
1604207580,+3.38, +4.371, +0.337,+0.955
1604207640,+3.38, +4.361, +0.335,+0.955
1604207700,+3.38, +4.361, +0.332,+0.955
1604207760,+3.38, +4.361, +0.333,+0.955
1604207820,+3.38, +4.351, +0.330,+0.955
1604207880,+3.38, +4.402, +0.326,+0.955
1604207940,+3.38, +4.371, +0.321,+0.955
1604208000,+3.38, +4.361, +0.322,+0.955
1604208060,+3.38, +4.330, +0.321,+0.955
1604208120,+3.38, +4.371, +0.318,+0.955
1604208180,+3.38, +4.351, +0.319,+0.955
1604208240,+3.38, +4.361, +0.318,+0.955
1604208300,+3.38, +4.330, +0.318,+0.955
1604208360,+3.38, +4.320, +0.327,+0.955
1604208420,+3.38, +4.351, +0.327,+0.955
1604208480,+3.38, +4.340, +0.327,+0.955
1604208540,+3.38, +4.340, +0.323,+0.955
1604208600,+3.38, +4.340, +0.324,+0.955
1604208660,+3.38, +4.340, +0.321,+0.955
1604208720,+3.38, +4.351, +0.323,+0.955
1604208780,+3.39, +4.351, +0.321,+0.955
1604208840,+3.38, +4.330, +0.322,+0.955
1604208900,+3.38, +4.330, +0.321,+0.955
1604208960,+3.38, +4.340, +0.319,+0.955
1604209020,+3.38, +4.309, +0.317,+0.955
1604209080,+3.38, +4.340, +0.313,+0.955
1604209140,+3.38, +4.330, +0.311,+0.955
1604209200,+3.38, +4.330, +0.315,+0.955
1604209260,+3.38, +4.320, +0.317,+0.955
1604209320,+3.38, +4.309, +0.319,+0.955
1604209380,+3.38, +4.309, +0.317,+0.955
1604209440,+3.38, +4.320, +0.317,+0.955
1604209500,+3.38, +4.330, +0.314,+0.955
1604209560,+3.38, +4.299, +0.312,+0.955
1604209620,+3.38, +4.330, +0.312,+0.955
1604209680,+3.38, +4.330, +0.321,+0.955
1604209740,+3.38, +4.320, +0.322,+0.955
1604209800,+3.38, +4.320, +0.322,+0.955
1604209860,+3.38, +4.309, +0.327,+0.955
1604209920,+3.38, +4.248, +0.327,+0.955
1604209980,+3.38, +4.299, +0.323,+0.955
1604210040,+3.38, +4.299, +0.320,+0.955
1604210100,+3.38, +4.320, +0.317,+0.955
1604210160,+3.38, +4.320, +0.308,+0.955
1604210220,+3.38, +4.309, +0.302,+0.955
1604210280,+3.38, +4.320, +0.311,+0.955
1604210340,+3.38, +4.330, +0.309,+0.955
1604210400,+3.38, +4.309, +0.315,+0.955
1604210460,+3.38, +4.320, +0.313,+0.955
1604210520,+3.38, +4.309, +0.313,+0.955
1604210580,+3.38, +4.309, +0.300,+0.954
1604210640,+3.38, +4.330, +0.292,+0.955
1604210700,+3.38, +4.309, +0.284,+0.954
1604210760,+3.38, +4.309, +0.271,+0.954
1604210820,+3.38, +4.309, +0.266,+0.954
1604210880,+3.38, +4.299, +0.261,+0.954
1604210940,+3.38, +4.330, +0.262,+0.954
1604211000,+3.38, +4.320, +0.262,+0.954
1604211060,+3.38, +4.309, +0.268,+0.954
1604211120,+3.38, +4.330, +0.269,+0.954
1604211180,+3.38, +4.330, +0.271,+0.954
1604211240,+3.38, +4.299, +0.273,+0.954
1604211300,+3.38, +4.279, +0.276,+0.954
1604211360,+3.38, +4.268, +0.277,+0.954
1604211420,+3.38, +4.279, +0.273,+0.954
1604211480,+3.38, +4.289, +0.272,+0.954
1604211540,+3.38, +4.279, +0.276,+0.954
1604211600,+3.38, +4.299, +0.292,+0.955
1604211660,+3.38, +4.289, +0.299,+0.955
1604211720,+3.38, +4.289, +0.302,+0.955
1604211780,+3.38, +4.289, +0.288,+0.954
1604211840,+3.38, +4.258, +0.282,+0.954
1604211900,+3.38, +4.279, +0.274,+0.954
1604211960,+3.38, +4.248, +0.273,+0.954
1604212020,+3.38, +4.268, +0.271,+0.954
1604212080,+3.38, +4.279, +0.274,+0.954
1604212140,+3.38, +4.279, +0.280,+0.954
1604212200,+3.38, +4.258, +0.287,+0.954
1604212260,+3.38, +4.258, +0.296,+0.955
1604212320,+3.38, +4.289, +0.303,+0.955
1604212380,+3.38, +4.279, +0.300,+0.955
1604212440,+3.38, +4.227, +0.290,+0.954
1604212500,+3.38, +4.248, +0.285,+0.954
1604212560,+3.38, +4.258, +0.277,+0.954
1604212620,+3.38, +4.299, +0.271,+0.954
1604212680,+3.38, +4.289, +0.265,+0.954
1604212740,+3.38, +4.248, +0.264,+0.954
1604212800,+3.38, +4.248, +0.253,+0.954
1604212860,+3.38, +4.279, +0.247,+0.954
1604212920,+3.38, +4.299, +0.242,+0.954
1604212980,+3.38, +4.279, +0.239,+0.954
1604213040,+3.38, +4.268, +0.241,+0.954
1604213100,+3.38, +4.279, +0.237,+0.953
1604213160,+3.38, +4.279, +0.238,+0.954
1604213220,+3.38, +4.289, +0.235,+0.954
1604213280,+3.38, +4.268, +0.234,+0.954
1604213340,+3.38, +4.279, +0.232,+0.954
1604213400,+3.38, +4.268, +0.237,+0.954
1604213460,+3.38, +4.268, +0.241,+0.954
1604213520,+3.38, +4.268, +0.235,+0.954
1604213580,+3.38, +4.289, +0.233,+0.954
1604213640,+3.38, +4.258, +0.233,+0.954
1604213700,+3.38, +4.248, +0.229,+0.953
1604213760,+3.38, +4.206, +0.226,+0.953
1604213820,+3.38, +4.268, +0.224,+0.954
1604213880,+3.38, +4.258, +0.223,+0.954
1604213940,+3.38, +4.237, +0.217,+0.953
1604214000,+3.38, +4.237, +0.216,+0.953
1604214060,+3.38, +4.268, +0.215,+0.954
1604214120,+3.38, +4.237, +0.213,+0.953
1604214180,+3.39, +4.279, +0.217,+0.953
1604214240,+3.38, +4.248, +0.231,+0.954
1604214300,+3.38, +4.227, +0.264,+0.954
1604214360,+3.38, +4.237, +0.267,+0.954
1604214420,+3.38, +4.279, +0.266,+0.954
1604214480,+3.38, +4.227, +0.260,+0.954
1604214540,+3.38, +4.258, +0.265,+0.954
1604214600,+3.38, +4.268, +0.261,+0.954
1604214660,+3.38, +4.227, +0.249,+0.954
1604214720,+3.38, +4.258, +0.237,+0.954
1604214780,+3.38, +4.258, +0.228,+0.954
1604214840,+3.39, +4.258, +0.218,+0.954
1604214900,+3.38, +4.268, +0.212,+0.953
1604214960,+3.38, +4.227, +0.210,+0.953
1604215020,+3.38, +4.237, +0.209,+0.953
1604215080,+3.38, +4.206, +0.218,+0.953
1604215140,+3.38, +4.248, +0.216,+0.953
1604215200,+3.38, +4.237, +0.217,+0.953
1604215260,+3.38, +4.248, +0.220,+0.954
1604215320,+3.38, +4.258, +0.217,+0.953
1604215380,+3.38, +4.237, +0.218,+0.954
1604215440,+3.38, +4.217, +0.213,+0.953
1604215500,+3.38, +4.248, +0.210,+0.953
1604215560,+3.38, +4.227, +0.208,+0.953
1604215620,+3.38, +4.227, +0.210,+0.953
1604215680,+3.38, +4.217, +0.211,+0.953
1604215740,+3.38, +4.227, +0.209,+0.953
1604215800,+3.38, +4.217, +0.207,+0.953
1604215860,+3.38, +4.206, +0.206,+0.953
1604215920,+3.38, +4.196, +0.207,+0.953
1604215980,+3.38, +4.206, +0.204,+0.953
1604216040,+3.38, +4.155, +0.203,+0.953
1604216100,+3.38, +4.206, +0.205,+0.953
1604216160,+3.38, +4.227, +0.206,+0.953
1604216220,+3.38, +4.196, +0.218,+0.953
1604216280,+3.38, +4.186, +0.223,+0.953
1604216340,+3.38, +4.217, +0.225,+0.953
1604216400,+3.38, +4.206, +0.227,+0.954
1604216460,+3.38, +4.206, +0.227,+0.954
1604216520,+3.38, +4.217, +0.238,+0.954
1604216580,+3.38, +4.196, +0.237,+0.954
1604216640,+3.38, +4.237, +0.239,+0.954
1604216700,+3.38, +4.237, +0.234,+0.954
1604216760,+3.38, +4.206, +0.229,+0.954
1604216820,+3.38, +4.217, +0.230,+0.954
1604216880,+3.38, +4.196, +0.228,+0.954
1604216940,+3.38, +4.206, +0.222,+0.953
1604217000,+3.38, +4.186, +0.221,+0.953
1604217060,+3.38, +4.217, +0.220,+0.953
1604217120,+3.38, +4.237, +0.222,+0.953
1604217180,+3.38, +4.217, +0.230,+0.954
1604217240,+3.38, +4.186, +0.244,+0.954
1604217300,+3.38, +4.196, +0.253,+0.954
1604217360,+3.38, +4.186, +0.258,+0.954
1604217420,+3.38, +4.217, +0.251,+0.954
1604217480,+3.38, +4.227, +0.250,+0.954
1604217540,+3.38, +4.217, +0.238,+0.954
1604217600,+3.38, +4.206, +0.231,+0.954
1604217660,+3.38, +4.186, +0.223,+0.953
1604217720,+3.38, +4.206, +0.211,+0.953
1604217780,+3.38, +4.206, +0.206,+0.953
1604217840,+3.38, +4.206, +0.205,+0.953
1604217900,+3.38, +4.206, +0.204,+0.953
1604217960,+3.38, +4.217, +0.206,+0.953
1604218020,+3.38, +4.237, +0.204,+0.953
1604218080,+3.38, +4.186, +0.210,+0.953
1604218140,+3.38, +4.206, +0.223,+0.953
1604218200,+3.38, +4.196, +0.227,+0.953
1604218260,+3.38, +4.217, +0.231,+0.954
1604218320,+3.38, +4.206, +0.235,+0.954
1604218380,+3.38, +4.206, +0.237,+0.954
1604218440,+3.38, +4.196, +0.241,+0.954
1604218500,+3.38, +4.206, +0.239,+0.954
1604218560,+3.38, +4.206, +0.234,+0.954
1604218620,+3.38, +4.227, +0.229,+0.954
1604218680,+3.38, +4.186, +0.230,+0.954
1604218740,+3.38, +4.176, +0.229,+0.954
1604218800,+3.38, +4.196, +0.230,+0.954
1604218860,+3.38, +4.196, +0.223,+0.954
1604218920,+3.38, +4.196, +0.214,+0.953
1604218980,+3.38, +4.196, +0.215,+0.953
1604219040,+3.38, +4.206, +0.213,+0.953
1604219100,+3.38, +4.186, +0.213,+0.953
1604219160,+3.38, +4.186, +0.212,+0.953
1604219220,+3.38, +4.237, +0.213,+0.954
1604219280,+3.38, +4.186, +0.220,+0.953
1604219340,+3.38, +4.217, +0.218,+0.954
1604219400,+3.38, +4.176, +0.212,+0.953
1604219460,+3.38, +4.206, +0.206,+0.953
1604219520,+3.38, +4.196, +0.205,+0.953
1604219580,+3.38, +4.155, +0.206,+0.953
1604219640,+3.38, +4.196, +0.205,+0.953
1604219700,+3.38, +4.176, +0.206,+0.953
1604219760,+3.38, +4.206, +0.204,+0.953
1604219820,+3.38, +4.206, +0.202,+0.953
1604219880,+3.38, +4.206, +0.194,+0.953
1604219940,+3.38, +4.206, +0.195,+0.953
1604220000,+3.38, +4.217, +0.195,+0.953
1604220060,+3.38, +4.196, +0.197,+0.953
1604220120,+3.38, +4.206, +0.195,+0.953
1604220180,+3.38, +4.227, +0.192,+0.953
1604220240,+3.38, +4.186, +0.192,+0.953
1604220300,+3.38, +4.186, +0.193,+0.953
1604220360,+3.38, +4.176, +0.203,+0.953
1604220420,+3.38, +4.217, +0.214,+0.954
1604220480,+3.38, +4.186, +0.217,+0.953
1604220540,+3.38, +4.165, +0.214,+0.953
1604220600,+3.38, +4.206, +0.209,+0.953
1604220660,+3.38, +4.176, +0.206,+0.953
1604220720,+3.38, +4.176, +0.207,+0.953
1604220780,+3.38, +4.196, +0.202,+0.953
1604220840,+3.38, +4.227, +0.201,+0.953
1604220900,+3.38, +4.155, +0.202,+0.953
1604220960,+3.38, +4.176, +0.197,+0.953
1604221020,+3.38, +4.196, +0.189,+0.953
1604221080,+3.38, +4.196, +0.187,+0.953
1604221140,+3.38, +4.176, +0.188,+0.953
1604221200,+3.38, +4.196, +0.191,+0.953
1604221260,+3.38, +4.165, +0.197,+0.953
1604221320,+3.38, +4.176, +0.197,+0.953
1604221380,+3.38, +4.196, +0.195,+0.953
1604221440,+3.38, +4.176, +0.195,+0.953
1604221500,+3.38, +4.176, +0.192,+0.953
1604221560,+3.38, +4.196, +0.188,+0.953
1604221620,+3.38, +4.196, +0.186,+0.953
1604221680,+3.38, +4.186, +0.184,+0.953
1604221740,+3.38, +4.237, +0.181,+0.953
1604221800,+3.38, +4.196, +0.180,+0.953
1604221860,+3.38, +4.196, +0.177,+0.953
1604221920,+3.38, +4.206, +0.175,+0.953
1604221980,+3.38, +4.186, +0.178,+0.953
1604222040,+3.38, +4.206, +0.175,+0.953
1604222100,+3.38, +4.176, +0.176,+0.953
1604222160,+3.38, +4.186, +0.183,+0.953
1604222220,+3.38, +4.196, +0.186,+0.953
1604222280,+3.38, +4.196, +0.186,+0.953
1604222340,+3.38, +4.206, +0.186,+0.953
1604222400,+3.38, +4.206, +0.183,+0.953
1604222460,+3.38, +4.186, +0.184,+0.953
1604222520,+3.38, +4.176, +0.185,+0.953
1604222580,+3.38, +4.176, +0.185,+0.953
1604222640,+3.38, +4.186, +0.189,+0.953
1604222700,+3.38, +4.196, +0.183,+0.953
1604222760,+3.38, +4.186, +0.182,+0.952
1604222820,+3.38, +4.176, +0.182,+0.953
1604222880,+3.38, +4.083, +0.183,+0.952
1604222940,+3.38, +4.186, +0.179,+0.953
1604223000,+3.38, +4.176, +0.177,+0.953
1604223060,+3.38, +4.176, +0.174,+0.953
1604223120,+3.38, +4.155, +0.172,+0.953
1604223180,+3.38, +4.206, +0.168,+0.952
1604223240,+3.38, +4.165, +0.168,+0.952
1604223300,+3.38, +4.227, +0.166,+0.952
1604223360,+3.38, +4.176, +0.165,+0.952
1604223420,+3.38, +4.196, +0.168,+0.953
1604223480,+3.38, +4.176, +0.167,+0.952
1604223540,+3.38, +4.165, +0.165,+0.952
1604223600,+3.38, +4.176, +0.170,+0.952
1604223660,+3.38, +4.165, +0.168,+0.952
1604223720,+3.38, +4.176, +0.167,+0.952
1604223780,+3.38, +4.165, +0.168,+0.953
1604223840,+3.38, +4.145, +0.166,+0.952
1604223900,+3.38, +4.155, +0.166,+0.953
1604223960,+3.38, +4.165, +0.167,+0.952
1604224020,+3.38, +4.165, +0.168,+0.953
1604224080,+3.38, +4.176, +0.164,+0.952
1604224140,+3.38, +4.186, +0.168,+0.953
1604224200,+3.39, +4.155, +0.167,+0.953
1604224260,+3.38, +4.155, +0.165,+0.952
1604224320,+3.38, +4.124, +0.165,+0.952
1604224380,+3.38, +4.165, +0.165,+0.953
1604224440,+3.38, +4.176, +0.164,+0.952
1604224500,+3.38, +4.145, +0.164,+0.952
1604224560,+3.38, +4.155, +0.165,+0.952
1604224620,+3.38, +4.145, +0.164,+0.952
1604224680,+3.38, +4.155, +0.166,+0.952
1604224740,+3.38, +4.165, +0.164,+0.952
1604224800,+3.38, +4.155, +0.165,+0.953
1604224860,+3.38, +4.155, +0.165,+0.952
1604224920,+3.38, +4.124, +0.165,+0.952
1604224980,+3.38, +4.155, +0.169,+0.953
1604225040,+3.38, +4.155, +0.175,+0.953
1604225100,+3.38, +4.155, +0.176,+0.953
1604225160,+3.38, +4.134, +0.180,+0.953
1604225220,+3.38, +4.186, +0.180,+0.953
1604225280,+3.38, +4.165, +0.179,+0.953
1604225340,+3.38, +4.134, +0.174,+0.952
1604225400,+3.38, +4.176, +0.175,+0.953
1604225460,+3.38, +4.186, +0.175,+0.953
1604225520,+3.38, +4.165, +0.176,+0.953
1604225580,+3.38, +4.165, +0.177,+0.953
1604225640,+3.38, +4.145, +0.180,+0.953
1604225700,+3.38, +4.155, +0.182,+0.953
1604225760,+3.38, +4.165, +0.185,+0.953
1604225820,+3.38, +4.155, +0.191,+0.953
1604225880,+3.38, +4.134, +0.202,+0.953
1604225940,+3.38, +4.124, +0.206,+0.953
1604226000,+3.38, +4.145, +0.196,+0.953
1604226060,+3.38, +4.134, +0.192,+0.953
1604226120,+3.38, +4.165, +0.190,+0.953
1604226180,+3.38, +4.145, +0.186,+0.953
1604226240,+3.38, +4.145, +0.182,+0.953
1604226300,+3.38, +4.145, +0.183,+0.953
1604226360,+3.38, +4.124, +0.178,+0.952
1604226420,+3.38, +4.165, +0.176,+0.953
1604226480,+3.38, +4.176, +0.172,+0.953
1604226540,+3.38, +4.155, +0.170,+0.953
1604226600,+3.38, +4.155, +0.170,+0.953
1604226660,+3.38, +4.134, +0.172,+0.953
1604226720,+3.38, +4.145, +0.176,+0.953
1604226780,+3.38, +4.165, +0.177,+0.953
1604226840,+3.38, +4.155, +0.183,+0.953
1604226900,+3.38, +4.165, +0.185,+0.953
1604226960,+3.38, +4.196, +0.188,+0.953
1604227020,+3.38, +4.134, +0.189,+0.953
1604227080,+3.38, +4.155, +0.189,+0.953
1604227140,+3.38, +4.155, +0.190,+0.953
1604227200,+3.38, +4.176, +0.191,+0.953
1604227260,+3.38, +4.155, +0.192,+0.953
1604227320,+3.38, +4.145, +0.192,+0.953
1604227380,+3.38, +4.155, +0.196,+0.953
1604227440,+3.38, +4.155, +0.195,+0.953
1604227500,+3.38, +4.165, +0.193,+0.953
1604227560,+3.38, +4.155, +0.192,+0.953
1604227620,+3.38, +4.155, +0.194,+0.953
1604227680,+3.38, +4.155, +0.190,+0.953
1604227740,+3.38, +4.165, +0.187,+0.953
1604227800,+3.38, +4.155, +0.183,+0.953
1604227860,+3.38, +4.145, +0.183,+0.953
1604227920,+3.38, +4.176, +0.178,+0.953
1604227980,+3.38, +4.165, +0.178,+0.953
1604228040,+3.38, +4.155, +0.178,+0.953
1604228100,+3.38, +4.165, +0.176,+0.953
1604228160,+3.38, +4.155, +0.176,+0.953
1604228220,+3.38, +4.176, +0.173,+0.953
1604228280,+3.38, +4.176, +0.171,+0.953
1604228340,+3.38, +4.196, +0.169,+0.953
1604228400,+3.38, +4.165, +0.182,+0.953
1604228460,+3.38, +4.186, +0.180,+0.953
1604228520,+3.38, +4.165, +0.180,+0.953
1604228580,+3.38, +4.176, +0.184,+0.953
1604228640,+3.38, +4.176, +0.193,+0.953
1604228700,+3.38, +4.145, +0.197,+0.953
1604228760,+3.38, +4.145, +0.195,+0.953
1604228820,+3.38, +4.165, +0.193,+0.953
1604228880,+3.38, +4.165, +0.195,+0.953
1604228940,+3.38, +4.155, +0.196,+0.953
1604229000,+3.38, +4.155, +0.191,+0.953
1604229060,+3.38, +4.155, +0.189,+0.953
1604229120,+3.38, +4.155, +0.189,+0.953
1604229180,+3.38, +4.124, +0.190,+0.953
1604229240,+3.38, +4.124, +0.195,+0.953
1604229300,+3.38, +4.124, +0.199,+0.953
1604229360,+3.38, +4.155, +0.194,+0.953
1604229420,+3.38, +4.134, +0.188,+0.953
1604229480,+3.38, +4.165, +0.184,+0.953
1604229540,+3.38, +4.155, +0.182,+0.953
1604229600,+3.38, +4.155, +0.184,+0.953
1604229660,+3.38, +4.145, +0.192,+0.953
1604229720,+3.38, +4.155, +0.196,+0.953
1604229780,+3.38, +4.145, +0.196,+0.953
1604229840,+3.38, +4.145, +0.196,+0.953
1604229900,+3.38, +4.145, +0.197,+0.953
1604229960,+3.38, +4.114, +0.196,+0.953
1604230020,+3.38, +4.134, +0.192,+0.953
1604230080,+3.38, +4.145, +0.190,+0.953
1604230140,+3.38, +4.124, +0.183,+0.953
1604230200,+3.38, +4.155, +0.180,+0.953
1604230260,+3.38, +4.155, +0.179,+0.953
1604230320,+3.39, +4.134, +0.177,+0.953
1604230380,+3.38, +4.145, +0.175,+0.953
1604230440,+3.38, +4.145, +0.176,+0.953
1604230500,+3.38, +4.145, +0.174,+0.953
1604230560,+3.38, +4.145, +0.172,+0.952
1604230620,+3.38, +4.155, +0.173,+0.953
1604230680,+3.38, +4.145, +0.172,+0.953
1604230740,+3.38, +4.114, +0.176,+0.953
1604230800,+3.38, +4.134, +0.183,+0.953
1604230860,+3.38, +4.155, +0.177,+0.953
1604230920,+3.38, +4.145, +0.177,+0.953
1604230980,+3.38, +4.155, +0.174,+0.953
1604231040,+3.38, +4.165, +0.174,+0.953
1604231100,+3.38, +4.134, +0.173,+0.953
1604231160,+3.38, +4.155, +0.171,+0.952
1604231220,+3.38, +4.134, +0.175,+0.953
1604231280,+3.38, +4.155, +0.175,+0.953
1604231340,+3.38, +4.145, +0.177,+0.953
1604231400,+3.38, +4.165, +0.174,+0.953
1604231460,+3.38, +4.145, +0.177,+0.953
1604231520,+3.38, +4.145, +0.177,+0.953
1604231580,+3.38, +4.155, +0.176,+0.953
1604231640,+3.38, +4.145, +0.175,+0.953
1604231700,+3.38, +4.145, +0.175,+0.953
1604231760,+3.38, +4.176, +0.172,+0.953
1604231820,+3.38, +4.145, +0.173,+0.953
1604231880,+3.38, +4.145, +0.177,+0.953
1604231940,+3.38, +4.145, +0.176,+0.952
1604232000,+3.38, +4.114, +0.189,+0.953
1604232060,+3.38, +4.114, +0.207,+0.953
1604232120,+3.38, +4.134, +0.233,+0.954
1604232180,+3.38, +4.114, +0.235,+0.954
1604232240,+3.38, +4.103, +0.234,+0.954
1604232300,+3.38, +4.093, +0.238,+0.954
1604232360,+3.38, +4.093, +0.244,+0.954
1604232420,+3.38, +4.103, +0.245,+0.954
1604232480,+3.38, +4.093, +0.246,+0.954
1604232540,+3.38, +4.093, +0.247,+0.954
1604232600,+3.38, +4.103, +0.248,+0.954
1604232660,+3.38, +4.062, +0.243,+0.954
1604232720,+3.38, +4.093, +0.243,+0.954
1604232780,+3.38, +4.083, +0.241,+0.954
1604232840,+3.38, +4.083, +0.249,+0.954
1604232900,+3.38, +4.062, +0.250,+0.954
1604232960,+3.38, +4.083, +0.245,+0.954
1604233020,+3.38, +4.103, +0.234,+0.954
1604233080,+3.38, +4.072, +0.231,+0.954
1604233140,+3.38, +4.083, +0.230,+0.954
1604233200,+3.38, +4.072, +0.227,+0.954
1604233260,+3.38, +4.103, +0.219,+0.953
1604233320,+3.38, +4.103, +0.214,+0.953
1604233380,+3.38, +4.083, +0.212,+0.953
1604233440,+3.38, +4.114, +0.206,+0.953
1604233500,+3.38, +4.103, +0.201,+0.953
1604233560,+3.38, +4.114, +0.194,+0.953
1604233620,+3.38, +4.145, +0.192,+0.953
1604233680,+3.38, +4.124, +0.191,+0.953
1604233740,+3.38, +4.124, +0.190,+0.953
1604233800,+3.38, +4.103, +0.192,+0.953
1604233860,+3.38, +4.145, +0.192,+0.953
1604233920,+3.38, +4.155, +0.192,+0.953
1604233980,+3.38, +4.114, +0.201,+0.953
1604234040,+3.38, +4.103, +0.198,+0.953
1604234100,+3.38, +4.124, +0.201,+0.953
1604234160,+3.38, +4.124, +0.208,+0.953
1604234220,+3.38, +4.103, +0.206,+0.953
1604234280,+3.38, +4.114, +0.204,+0.953
1604234340,+3.38, +4.124, +0.202,+0.953
1604234400,+3.38, +4.145, +0.201,+0.953
1604234460,+3.38, +4.124, +0.202,+0.953
1604234520,+3.38, +4.124, +0.203,+0.953
1604234580,+3.38, +4.124, +0.205,+0.953
1604234640,+3.38, +4.124, +0.204,+0.953
1604234700,+3.38, +4.124, +0.206,+0.953
1604234760,+3.38, +4.134, +0.205,+0.953
1604234820,+3.38, +4.124, +0.202,+0.953
1604234880,+3.38, +4.124, +0.201,+0.953
1604234940,+3.38, +4.134, +0.198,+0.953
1604235000,+3.38, +4.124, +0.196,+0.953
1604235060,+3.38, +4.114, +0.198,+0.953
1604235120,+3.38, +4.114, +0.195,+0.953
1604235180,+3.38, +4.124, +0.191,+0.953
1604235240,+3.38, +4.134, +0.190,+0.953
1604235300,+3.38, +4.114, +0.189,+0.953
1604235360,+3.38, +4.124, +0.191,+0.953
1604235420,+3.38, +4.114, +0.189,+0.953
1604235480,+3.38, +4.145, +0.187,+0.953
1604235540,+3.38, +4.165, +0.183,+0.953
1604235600,+3.38, +4.165, +0.181,+0.953
1604235660,+3.38, +4.145, +0.183,+0.953
1604235720,+3.38, +4.155, +0.183,+0.953
1604235780,+3.38, +4.165, +0.184,+0.953
1604235840,+3.38, +4.134, +0.181,+0.953
1604235900,+3.38, +4.145, +0.183,+0.953
1604235960,+3.38, +4.145, +0.182,+0.953
1604236020,+3.38, +4.165, +0.184,+0.953
1604236080,+3.38, +4.145, +0.182,+0.953
1604236140,+3.38, +4.145, +0.183,+0.953
1604236200,+3.38, +4.145, +0.184,+0.953
1604236260,+3.38, +4.134, +0.186,+0.953
1604236320,+3.38, +4.145, +0.184,+0.953
1604236380,+3.38, +4.134, +0.185,+0.953
1604236440,+3.38, +4.124, +0.186,+0.953
1604236500,+3.38, +4.176, +0.185,+0.953
1604236560,+3.38, +4.134, +0.191,+0.953
1604236620,+3.38, +4.124, +0.190,+0.953
1604236680,+3.38, +4.145, +0.192,+0.953
1604236740,+3.38, +4.124, +0.191,+0.953
1604236800,+3.38, +4.114, +0.192,+0.953
1604236860,+3.38, +4.134, +0.192,+0.953
1604236920,+3.38, +4.114, +0.192,+0.953
1604236980,+3.38, +4.124, +0.197,+0.953
1604237040,+3.38, +4.124, +0.195,+0.953
1604237100,+3.38, +4.114, +0.196,+0.953
1604237160,+3.38, +4.114, +0.199,+0.953
1604237220,+3.38, +4.083, +0.197,+0.953
1604237280,+3.38, +4.093, +0.199,+0.953
1604237340,+3.38, +4.103, +0.200,+0.953
1604237400,+3.38, +4.114, +0.198,+0.953
1604237460,+3.38, +4.155, +0.203,+0.953
1604237520,+3.38, +4.093, +0.204,+0.953
1604237580,+3.38, +4.093, +0.203,+0.953
1604237640,+3.38, +4.124, +0.202,+0.953
1604237700,+3.38, +4.072, +0.200,+0.953
1604237760,+3.38, +4.114, +0.204,+0.953
1604237820,+3.38, +4.103, +0.204,+0.953
1604237880,+3.38, +4.124, +0.216,+0.953
1604237940,+3.38, +4.083, +0.212,+0.953
1604238000,+3.38, +4.093, +0.216,+0.953
1604238060,+3.38, +4.093, +0.215,+0.953
1604238120,+3.38, +4.083, +0.220,+0.953
1604238180,+3.38, +4.083, +0.219,+0.953
1604238240,+3.38, +4.103, +0.215,+0.953
1604238300,+3.38, +4.093, +0.204,+0.953
1604238360,+3.38, +4.103, +0.196,+0.953
1604238420,+3.38, +4.114, +0.189,+0.953
1604238480,+3.38, +4.124, +0.187,+0.953
1604238540,+3.38, +4.134, +0.184,+0.953
1604238600,+3.38, +4.134, +0.181,+0.953
1604238660,+3.38, +4.134, +0.183,+0.953
1604238720,+3.38, +4.103, +0.182,+0.953
1604238780,+3.38, +4.124, +0.186,+0.953
1604238840,+3.38, +4.093, +0.185,+0.953
1604238900,+3.38, +4.114, +0.195,+0.953
1604238960,+3.38, +4.124, +0.207,+0.953
1604239020,+3.38, +4.103, +0.214,+0.953
1604239080,+3.38, +4.093, +0.211,+0.953
1604239140,+3.38, +4.114, +0.208,+0.953
1604239200,+3.38, +4.114, +0.208,+0.953
1604239260,+3.38, +4.114, +0.207,+0.953
1604239320,+3.38, +4.093, +0.228,+0.954
1604239380,+3.38, +4.093, +0.234,+0.954
1604239440,+3.38, +4.041, +0.238,+0.954
1604239500,+3.38, +4.072, +0.233,+0.954
1604239560,+3.38, +4.072, +0.229,+0.954
1604239620,+3.38, +4.083, +0.226,+0.953
1604239680,+3.38, +4.083, +0.226,+0.953
1604239740,+3.38, +4.103, +0.224,+0.954
1604239800,+3.38, +4.083, +0.223,+0.954
1604239860,+3.38, +4.083, +0.219,+0.954
1604239920,+3.38, +4.093, +0.214,+0.953
1604239980,+3.38, +4.083, +0.216,+0.954
1604240040,+3.38, +4.062, +0.219,+0.953
1604240100,+3.38, +4.072, +0.218,+0.954
1604240160,+3.38, +4.062, +0.223,+0.953
1604240220,+3.38, +4.041, +0.232,+0.954
1604240280,+3.38, +4.052, +0.231,+0.954
1604240340,+3.38, +4.062, +0.234,+0.954
1604240400,+3.38, +4.072, +0.233,+0.954
1604240460,+3.38, +4.072, +0.226,+0.954
1604240520,+3.38, +4.083, +0.219,+0.954
1604240580,+3.38, +4.072, +0.222,+0.954
1604240640,+3.38, +4.093, +0.224,+0.954
1604240700,+3.38, +4.062, +0.223,+0.954
1604240760,+3.38, +4.072, +0.221,+0.954
1604240820,+3.38, +4.083, +0.222,+0.954
1604240880,+3.38, +4.062, +0.222,+0.954
1604240940,+3.38, +4.052, +0.216,+0.953
1604241000,+3.38, +4.093, +0.216,+0.953
1604241060,+3.38, +4.083, +0.215,+0.953
1604241120,+3.38, +4.093, +0.216,+0.953
1604241180,+3.38, +4.083, +0.216,+0.954
1604241240,+3.38, +4.103, +0.215,+0.954
1604241300,+3.38, +4.093, +0.208,+0.953
1604241360,+3.38, +4.114, +0.200,+0.953
1604241420,+3.38, +4.134, +0.188,+0.953
1604241480,+3.38, +4.134, +0.182,+0.953
1604241540,+3.38, +4.155, +0.179,+0.953
1604241600,+3.38, +4.165, +0.178,+0.953
1604241660,+3.38, +4.114, +0.180,+0.953
1604241720,+3.38, +4.103, +0.182,+0.953
1604241780,+3.38, +4.114, +0.180,+0.953
1604241840,+3.38, +4.134, +0.180,+0.953
1604241900,+3.38, +4.124, +0.177,+0.953
1604241960,+3.38, +4.103, +0.181,+0.953
1604242020,+3.38, +4.124, +0.179,+0.953
1604242080,+3.38, +4.114, +0.177,+0.953
1604242140,+3.38, +4.134, +0.173,+0.953
1604242200,+3.38, +4.145, +0.175,+0.953
1604242260,+3.38, +4.134, +0.177,+0.953
1604242320,+3.38, +4.134, +0.174,+0.953
1604242380,+3.38, +4.134, +0.173,+0.953
1604242440,+3.38, +4.134, +0.171,+0.953
1604242500,+3.38, +4.134, +0.174,+0.953
1604242560,+3.38, +4.124, +0.172,+0.953
1604242620,+3.38, +4.134, +0.172,+0.953
1604242680,+3.38, +4.124, +0.175,+0.953
1604242740,+3.38, +4.114, +0.174,+0.953
1604242800,+3.38, +4.145, +0.171,+0.953
1604242860,+3.38, +4.124, +0.170,+0.953
1604242920,+3.38, +4.134, +0.169,+0.952
1604242980,+3.38, +4.114, +0.171,+0.953
1604243040,+3.38, +4.134, +0.170,+0.953
1604243100,+3.38, +4.114, +0.167,+0.953
1604243160,+3.38, +4.124, +0.168,+0.952
1604243220,+3.38, +4.134, +0.169,+0.952
1604243280,+3.38, +4.124, +0.174,+0.953
1604243340,+3.38, +4.124, +0.177,+0.953
1604243400,+3.38, +4.145, +0.180,+0.953
1604243460,+3.38, +4.114, +0.180,+0.953
1604243520,+3.38, +4.114, +0.183,+0.953
1604243580,+3.38, +4.134, +0.180,+0.953
1604243640,+3.38, +4.114, +0.180,+0.953
1604243700,+3.38, +4.114, +0.186,+0.953
1604243760,+3.38, +4.114, +0.179,+0.953
1604243820,+3.38, +4.155, +0.175,+0.953
1604243880,+3.38, +4.134, +0.176,+0.953
1604243940,+3.38, +4.124, +0.175,+0.953
1604244000,+3.38, +4.114, +0.174,+0.953
1604244060,+3.38, +4.155, +0.170,+0.953
1604244120,+3.38, +4.124, +0.170,+0.953
1604244180,+3.38, +4.124, +0.171,+0.953
1604244240,+3.38, +4.176, +0.169,+0.953
1604244300,+3.38, +4.134, +0.170,+0.953
1604244360,+3.38, +4.124, +0.173,+0.953
1604244420,+3.38, +4.124, +0.168,+0.952
1604244480,+3.38, +4.145, +0.168,+0.953
1604244540,+3.38, +4.145, +0.165,+0.952
1604244600,+3.38, +4.176, +0.166,+0.953
1604244660,+3.38, +4.155, +0.167,+0.953
1604244720,+3.38, +4.165, +0.168,+0.953
1604244780,+3.38, +4.134, +0.177,+0.953
1604244840,+3.38, +4.134, +0.180,+0.953
1604244900,+3.38, +4.145, +0.184,+0.953
1604244960,+3.38, +4.155, +0.176,+0.953
1604245020,+3.38, +4.145, +0.172,+0.952
1604245080,+3.38, +4.155, +0.169,+0.953
1604245140,+3.38, +4.134, +0.169,+0.952
1604245200,+3.38, +4.155, +0.166,+0.952
1604245260,+3.38, +4.114, +0.167,+0.952
1604245320,+3.38, +4.134, +0.167,+0.952
1604245380,+3.38, +4.114, +0.174,+0.952
1604245440,+3.38, +4.114, +0.186,+0.953
1604245500,+3.38, +4.124, +0.193,+0.953
1604245560,+3.38, +4.114, +0.198,+0.953
1604245620,+3.38, +4.103, +0.212,+0.953
1604245680,+3.38, +4.093, +0.236,+0.954
1604245740,+3.38, +4.083, +0.243,+0.954
1604245800,+3.38, +4.072, +0.239,+0.954
1604245860,+3.38, +4.062, +0.252,+0.954
1604245920,+3.38, +4.072, +0.255,+0.954
1604245980,+3.38, +4.093, +0.246,+0.954
1604246040,+3.38, +4.062, +0.236,+0.954
1604246100,+3.38, +4.052, +0.258,+0.954
1604246160,+3.38, +4.052, +0.262,+0.954
1604246220,+3.38, +4.062, +0.259,+0.954
1604246280,+3.38, +4.062, +0.245,+0.954
1604246340,+3.38, +4.083, +0.228,+0.954
1604246400,+3.38, +4.093, +0.219,+0.954
1604246460,+3.38, +4.103, +0.208,+0.953
1604246520,+3.38, +4.114, +0.200,+0.953
1604246580,+3.38, +4.114, +0.193,+0.953
1604246640,+3.38, +4.124, +0.193,+0.953
1604246700,+3.38, +4.114, +0.197,+0.953
1604246760,+3.38, +4.062, +0.226,+0.954
1604246820,+3.38, +4.052, +0.248,+0.954
1604246880,+3.38, +4.052, +0.264,+0.954
1604246940,+3.38, +4.062, +0.265,+0.954
1604247000,+3.38, +4.062, +0.258,+0.954
1604247060,+3.38, +4.041, +0.240,+0.954
1604247120,+3.38, +4.052, +0.266,+0.954
1604247180,+3.38, +4.052, +0.248,+0.954
1604247240,+3.38, +4.052, +0.237,+0.954
1604247300,+3.38, +4.052, +0.239,+0.954
1604247360,+3.38, +4.010, +0.253,+0.954
1604247420,+3.38, +4.000, +0.235,+0.954
1604247480,+3.38, +4.052, +0.234,+0.954
1604247540,+3.38, +4.031, +0.234,+0.954
1604247600,+3.38, +4.052, +0.222,+0.954
1604247660,+3.38, +4.072, +0.210,+0.953
1604247720,+3.38, +4.083, +0.200,+0.953
1604247780,+3.38, +4.072, +0.202,+0.953
1604247840,+3.38, +4.072, +0.202,+0.953
1604247900,+3.38, +4.072, +0.207,+0.953
1604247960,+3.38, +4.072, +0.200,+0.953
1604248020,+3.38, +4.072, +0.192,+0.953
1604248080,+3.38, +4.093, +0.189,+0.953
1604248140,+3.38, +4.072, +0.191,+0.953
1604248200,+3.38, +4.031, +0.194,+0.953
1604248260,+3.38, +4.083, +0.194,+0.953
1604248320,+3.38, +4.062, +0.194,+0.953
1604248380,+3.38, +4.072, +0.194,+0.953
1604248440,+3.38, +4.093, +0.193,+0.953
1604248500,+3.38, +4.083, +0.189,+0.953
1604248560,+3.38, +4.072, +0.192,+0.953
1604248620,+3.38, +4.093, +0.191,+0.953
1604248680,+3.38, +4.083, +0.186,+0.953
1604248740,+3.38, +4.083, +0.182,+0.953
1604248800,+3.38, +4.093, +0.176,+0.953
