7392-570653
OS REV: 1.11 Sensor Cal: 1428445788
Time (sec),  BV (Volts),  T (deg C),  DO (mg/l),  Q ()
1605026460,+3.40, +4.790, +0.159,+0.954
1605026520,+3.40, +4.831, +0.160,+0.954
1605026580,+3.40, +4.841, +0.158,+0.954
1605026640,+3.40, +4.821, +0.161,+0.954
1605026700,+3.40, +4.851, +0.161,+0.954
1605026760,+3.40, +4.851, +0.160,+0.954
1605026820,+3.40, +4.851, +0.159,+0.954
1605026880,+3.40, +4.831, +0.160,+0.954
1605026940,+3.40, +4.851, +0.159,+0.954
1605027000,+3.40, +4.871, +0.159,+0.954
1605027060,+3.40, +4.881, +0.159,+0.954
1605027120,+3.40, +4.841, +0.159,+0.954
1605027180,+3.40, +4.871, +0.160,+0.954
1605027240,+3.40, +4.892, +0.159,+0.954
1605027300,+3.40, +4.902, +0.159,+0.954
1605027360,+3.40, +4.881, +0.160,+0.954
1605027420,+3.40, +4.952, +0.159,+0.954
1605027480,+3.40, +4.892, +0.159,+0.954
1605027540,+3.40, +4.861, +0.159,+0.954
1605027600,+3.40, +4.841, +0.160,+0.954
1605027660,+3.40, +4.851, +0.159,+0.954
1605027720,+3.40, +4.831, +0.159,+0.954
1605027780,+3.40, +4.790, +0.159,+0.954
1605027840,+3.40, +4.821, +0.160,+0.954
1605027900,+3.40, +4.790, +0.160,+0.954
1605027960,+3.40, +4.790, +0.160,+0.954
1605028020,+3.40, +4.780, +0.162,+0.954
1605028080,+3.40, +4.821, +0.160,+0.954
1605028140,+3.40, +4.831, +0.160,+0.954
1605028200,+3.40, +4.861, +0.157,+0.954
1605028260,+3.40, +4.810, +0.160,+0.954
1605028320,+3.40, +4.800, +0.160,+0.954
1605028380,+3.40, +4.770, +0.161,+0.954
1605028440,+3.40, +4.770, +0.160,+0.954
1605028500,+3.40, +4.810, +0.159,+0.954
1605028560,+3.40, +4.831, +0.158,+0.954
1605028620,+3.40, +4.810, +0.159,+0.954
1605028680,+3.40, +4.800, +0.160,+0.954
1605028740,+3.40, +4.800, +0.161,+0.954
1605028800,+3.40, +4.831, +0.160,+0.954
1605028860,+3.40, +4.841, +0.159,+0.954
1605028920,+3.40, +4.841, +0.158,+0.954
1605028980,+3.40, +4.861, +0.159,+0.954
1605029040,+3.40, +4.841, +0.160,+0.954
1605029100,+3.40, +4.861, +0.159,+0.954
1605029160,+3.40, +4.831, +0.159,+0.954
1605029220,+3.40, +4.892, +0.159,+0.954
1605029280,+3.40, +4.922, +0.159,+0.954
1605029340,+3.40, +4.963, +0.161,+0.955
1605029400,+3.40, +4.993, +0.159,+0.954
1605029460,+3.40, +4.932, +0.159,+0.954
1605029520,+3.40, +4.912, +0.160,+0.954
1605029580,+3.40, +4.932, +0.159,+0.954
1605029640,+3.40, +4.952, +0.159,+0.954
1605029700,+3.40, +4.851, +0.159,+0.954
1605029760,+3.40, +4.871, +0.158,+0.954
1605029820,+3.40, +4.871, +0.159,+0.954
1605029880,+3.40, +4.821, +0.160,+0.954
1605029940,+3.40, +4.821, +0.157,+0.954
1605030000,+3.40, +4.810, +0.160,+0.954
1605030060,+3.40, +4.831, +0.159,+0.954
1605030120,+3.40, +4.831, +0.159,+0.954
1605030180,+3.40, +4.841, +0.160,+0.954
1605030240,+3.40, +4.851, +0.159,+0.954
1605030300,+3.40, +4.902, +0.161,+0.955
1605030360,+3.40, +4.912, +0.159,+0.954
1605030420,+3.40, +4.932, +0.160,+0.954
1605030480,+3.40, +4.952, +0.160,+0.955
1605030540,+3.40, +4.942, +0.159,+0.954
1605030600,+3.40, +4.952, +0.160,+0.954
1605030660,+3.40, +4.912, +0.160,+0.954
1605030720,+3.40, +4.892, +0.160,+0.954
1605030780,+3.40, +4.912, +0.160,+0.955
1605030840,+3.40, +4.942, +0.159,+0.954
1605030900,+3.40, +4.942, +0.158,+0.954
1605030960,+3.40, +4.871, +0.160,+0.954
1605031020,+3.40, +4.912, +0.159,+0.954
1605031080,+3.40, +4.932, +0.160,+0.954
1605031140,+3.40, +4.932, +0.158,+0.954
1605031200,+3.40, +4.952, +0.159,+0.954
1605031260,+3.40, +4.983, +0.159,+0.954
1605031320,+3.40, +4.963, +0.159,+0.954
1605031380,+3.40, +5.013, +0.158,+0.954
1605031440,+3.40, +4.973, +0.159,+0.954
1605031500,+3.40, +4.973, +0.159,+0.954
1605031560,+3.40, +4.993, +0.159,+0.954
1605031620,+3.40, +5.043, +0.158,+0.954
1605031680,+3.40, +5.033, +0.158,+0.954
1605031740,+3.40, +5.013, +0.157,+0.954
1605031800,+3.40, +5.003, +0.159,+0.954
1605031860,+3.40, +5.033, +0.158,+0.954
1605031920,+3.40, +5.033, +0.159,+0.954
1605031980,+3.40, +5.043, +0.158,+0.954
1605032040,+3.40, +5.023, +0.158,+0.954
1605032100,+3.40, +5.013, +0.157,+0.954
1605032160,+3.40, +4.993, +0.157,+0.954
1605032220,+3.40, +4.983, +0.157,+0.954
1605032280,+3.40, +4.932, +0.157,+0.954
1605032340,+3.40, +4.922, +0.159,+0.954
1605032400,+3.40, +4.912, +0.159,+0.954
1605032460,+3.40, +4.902, +0.161,+0.954
1605032520,+3.40, +4.892, +0.160,+0.954
1605032580,+3.40, +4.902, +0.158,+0.954
1605032640,+3.40, +4.902, +0.159,+0.954
1605032700,+3.40, +4.892, +0.159,+0.954
1605032760,+3.40, +4.851, +0.159,+0.954
1605032820,+3.40, +4.851, +0.159,+0.954
1605032880,+3.40, +4.851, +0.160,+0.954
1605032940,+3.40, +4.851, +0.160,+0.954
1605033000,+3.40, +4.841, +0.159,+0.954
1605033060,+3.40, +4.841, +0.160,+0.954
1605033120,+3.40, +4.831, +0.160,+0.954
1605033180,+3.40, +4.861, +0.158,+0.954
1605033240,+3.40, +4.861, +0.160,+0.954
1605033300,+3.40, +4.892, +0.159,+0.954
1605033360,+3.40, +4.932, +0.160,+0.955
1605033420,+3.40, +4.983, +0.160,+0.954
1605033480,+3.40, +4.942, +0.159,+0.954
1605033540,+3.40, +4.912, +0.158,+0.954
1605033600,+3.40, +4.963, +0.158,+0.954
1605033660,+3.40, +4.952, +0.157,+0.954
1605033720,+3.40, +4.932, +0.158,+0.954
1605033780,+3.40, +4.932, +0.159,+0.954
1605033840,+3.40, +4.983, +0.158,+0.954
1605033900,+3.40, +5.003, +0.158,+0.954
1605033960,+3.40, +4.952, +0.158,+0.954
1605034020,+3.40, +4.922, +0.158,+0.954
1605034080,+3.40, +4.922, +0.158,+0.954
1605034140,+3.40, +4.902, +0.158,+0.954
1605034200,+3.40, +4.932, +0.159,+0.954
1605034260,+3.40, +4.912, +0.158,+0.954
1605034320,+3.40, +4.912, +0.159,+0.954
1605034380,+3.40, +4.902, +0.160,+0.954
1605034440,+3.40, +4.952, +0.157,+0.954
1605034500,+3.40, +4.942, +0.160,+0.954
1605034560,+3.40, +4.983, +0.159,+0.954
1605034620,+3.40, +4.922, +0.159,+0.954
1605034680,+3.40, +4.861, +0.160,+0.954
1605034740,+3.40, +4.912, +0.161,+0.954
1605034800,+3.40, +4.902, +0.159,+0.954
1605034860,+3.40, +4.912, +0.158,+0.954
1605034920,+3.40, +4.861, +0.160,+0.954
1605034980,+3.40, +4.821, +0.158,+0.954
1605035040,+3.40, +4.841, +0.158,+0.954
1605035100,+3.40, +4.821, +0.160,+0.954
1605035160,+3.40, +4.851, +0.158,+0.954
1605035220,+3.40, +4.800, +0.160,+0.954
1605035280,+3.40, +4.780, +0.160,+0.954
1605035340,+3.40, +4.760, +0.159,+0.954
1605035400,+3.40, +4.739, +0.160,+0.954
1605035460,+3.40, +4.739, +0.161,+0.954
1605035520,+3.40, +4.719, +0.159,+0.954
1605035580,+3.40, +4.719, +0.158,+0.954
1605035640,+3.40, +4.739, +0.159,+0.954
1605035700,+3.40, +4.719, +0.160,+0.954
1605035760,+3.40, +4.719, +0.158,+0.954
1605035820,+3.40, +4.709, +0.161,+0.954
1605035880,+3.40, +4.719, +0.162,+0.954
1605035940,+3.40, +4.709, +0.160,+0.954
1605036000,+3.40, +4.719, +0.159,+0.954
1605036060,+3.40, +4.729, +0.160,+0.954
1605036120,+3.40, +4.729, +0.160,+0.954
1605036180,+3.40, +4.749, +0.160,+0.954
1605036240,+3.40, +4.821, +0.160,+0.954
1605036300,+3.40, +4.892, +0.159,+0.954
1605036360,+3.40, +4.871, +0.159,+0.954
1605036420,+3.40, +4.892, +0.159,+0.955
1605036480,+3.40, +4.912, +0.160,+0.955
1605036540,+3.40, +4.952, +0.160,+0.955
1605036600,+3.40, +4.952, +0.159,+0.954
1605036660,+3.40, +5.003, +0.157,+0.954
1605036720,+3.40, +4.993, +0.160,+0.955
1605036780,+3.40, +4.942, +0.160,+0.954
1605036840,+3.40, +4.952, +0.159,+0.954
1605036900,+3.40, +4.952, +0.157,+0.954
1605036960,+3.40, +4.983, +0.160,+0.954
1605037020,+3.40, +4.993, +0.161,+0.954
1605037080,+3.40, +5.033, +0.159,+0.954
1605037140,+3.40, +5.043, +0.158,+0.954
1605037200,+3.40, +5.054, +0.158,+0.954
1605037260,+3.40, +5.023, +0.159,+0.955
1605037320,+3.40, +4.952, +0.157,+0.954
1605037380,+3.40, +4.963, +0.158,+0.954
1605037440,+3.40, +4.952, +0.160,+0.954
1605037500,+3.40, +4.942, +0.160,+0.954
1605037560,+3.40, +4.942, +0.159,+0.954
1605037620,+3.40, +4.952, +0.159,+0.954
1605037680,+3.40, +4.952, +0.157,+0.954
1605037740,+3.40, +4.841, +0.158,+0.954
1605037800,+3.40, +4.841, +0.159,+0.954
1605037860,+3.40, +4.841, +0.161,+0.954
1605037920,+3.40, +4.841, +0.159,+0.954
1605037980,+3.40, +4.810, +0.159,+0.954
1605038040,+3.40, +4.821, +0.159,+0.954
1605038100,+3.40, +4.810, +0.158,+0.954
1605038160,+3.40, +4.810, +0.160,+0.954
1605038220,+3.40, +4.841, +0.160,+0.954
1605038280,+3.40, +4.831, +0.161,+0.954
1605038340,+3.40, +4.851, +0.161,+0.954
1605038400,+3.40, +4.861, +0.159,+0.954
1605038460,+3.40, +4.871, +0.160,+0.954
1605038520,+3.40, +4.892, +0.160,+0.954
1605038580,+3.40, +4.902, +0.159,+0.954
1605038640,+3.40, +4.922, +0.159,+0.954
1605038700,+3.40, +4.932, +0.160,+0.955
1605038760,+3.40, +4.942, +0.159,+0.954
1605038820,+3.40, +4.942, +0.159,+0.954
1605038880,+3.40, +4.942, +0.158,+0.954
1605038940,+3.40, +4.942, +0.158,+0.954
1605039000,+3.40, +4.922, +0.159,+0.954
1605039060,+3.40, +4.871, +0.159,+0.954
1605039120,+3.40, +4.881, +0.160,+0.954
1605039180,+3.40, +4.831, +0.160,+0.954
1605039240,+3.40, +4.851, +0.161,+0.954
1605039300,+3.40, +4.821, +0.157,+0.954
1605039360,+3.40, +4.800, +0.159,+0.954
1605039420,+3.40, +4.821, +0.160,+0.954
1605039480,+3.40, +4.861, +0.160,+0.954
1605039540,+3.40, +4.841, +0.161,+0.954
1605039600,+3.40, +4.841, +0.159,+0.954
1605039660,+3.40, +4.831, +0.160,+0.954
1605039720,+3.40, +4.871, +0.158,+0.954
1605039780,+3.40, +4.790, +0.160,+0.954
1605039840,+3.40, +4.821, +0.159,+0.954
1605039900,+3.40, +4.780, +0.159,+0.954
1605039960,+3.40, +4.770, +0.159,+0.954
1605040020,+3.40, +4.780, +0.159,+0.954
1605040080,+3.40, +4.800, +0.159,+0.954
1605040140,+3.40, +4.800, +0.161,+0.954
1605040200,+3.40, +4.831, +0.159,+0.954
1605040260,+3.40, +4.821, +0.163,+0.954
1605040320,+3.40, +4.902, +0.158,+0.954
1605040380,+3.40, +4.871, +0.160,+0.954
1605040440,+3.40, +4.871, +0.159,+0.954
1605040500,+3.40, +4.871, +0.159,+0.954
1605040560,+3.40, +4.861, +0.159,+0.954
1605040620,+3.40, +4.810, +0.160,+0.954
1605040680,+3.40, +4.831, +0.158,+0.954
1605040740,+3.40, +4.831, +0.160,+0.954
1605040800,+3.40, +4.841, +0.161,+0.954
1605040860,+3.40, +4.861, +0.162,+0.954
1605040920,+3.40, +4.892, +0.160,+0.954
1605040980,+3.40, +4.912, +0.160,+0.954
1605041040,+3.40, +4.942, +0.159,+0.955
1605041100,+3.40, +4.952, +0.159,+0.955
1605041160,+3.40, +4.963, +0.159,+0.955
1605041220,+3.40, +4.892, +0.158,+0.954
1605041280,+3.40, +4.881, +0.159,+0.954
1605041340,+3.40, +4.861, +0.158,+0.954
1605041400,+3.40, +4.861, +0.160,+0.954
1605041460,+3.40, +4.902, +0.159,+0.954
1605041520,+3.40, +4.861, +0.160,+0.954
1605041580,+3.40, +4.871, +0.158,+0.954
1605041640,+3.40, +4.851, +0.160,+0.954
1605041700,+3.40, +4.831, +0.160,+0.954
1605041760,+3.40, +4.821, +0.159,+0.954
1605041820,+3.40, +4.831, +0.161,+0.954
1605041880,+3.40, +4.851, +0.159,+0.954
1605041940,+3.40, +4.821, +0.160,+0.954
1605042000,+3.40, +4.810, +0.161,+0.954
1605042060,+3.40, +4.810, +0.160,+0.954
1605042120,+3.40, +4.821, +0.159,+0.954
1605042180,+3.40, +4.810, +0.159,+0.954
1605042240,+3.40, +4.760, +0.160,+0.954
1605042300,+3.40, +4.790, +0.160,+0.954
1605042360,+3.40, +4.719, +0.160,+0.954
1605042420,+3.40, +4.729, +0.160,+0.954
1605042480,+3.40, +4.760, +0.158,+0.954
1605042540,+3.40, +4.749, +0.158,+0.954
1605042600,+3.40, +4.770, +0.159,+0.954
1605042660,+3.40, +4.729, +0.161,+0.954
1605042720,+3.40, +4.729, +0.160,+0.954
1605042780,+3.40, +4.810, +0.159,+0.954
1605042840,+3.40, +4.851, +0.159,+0.954
1605042900,+3.40, +4.821, +0.160,+0.954
1605042960,+3.40, +4.831, +0.161,+0.955
1605043020,+3.40, +4.851, +0.159,+0.954
1605043080,+3.40, +4.831, +0.160,+0.954
1605043140,+3.40, +4.800, +0.159,+0.954
1605043200,+3.40, +4.821, +0.161,+0.954
1605043260,+3.40, +4.861, +0.159,+0.954
1605043320,+3.40, +4.821, +0.161,+0.954
1605043380,+3.40, +4.881, +0.159,+0.954
1605043440,+3.40, +4.871, +0.158,+0.954
1605043500,+3.40, +4.780, +0.159,+0.954
1605043560,+3.40, +4.790, +0.160,+0.954
1605043620,+3.40, +4.790, +0.160,+0.954
1605043680,+3.40, +4.861, +0.160,+0.954
1605043740,+3.40, +4.810, +0.159,+0.954
1605043800,+3.40, +4.841, +0.158,+0.954
1605043860,+3.40, +4.851, +0.160,+0.954
1605043920,+3.40, +4.902, +0.159,+0.954
1605043980,+3.40, +4.952, +0.159,+0.954
1605044040,+3.40, +4.983, +0.160,+0.954
1605044100,+3.40, +4.993, +0.158,+0.954
1605044160,+3.40, +5.043, +0.159,+0.955
1605044220,+3.40, +5.084, +0.159,+0.955
1605044280,+3.40, +5.054, +0.159,+0.954
1605044340,+3.40, +5.094, +0.159,+0.954
1605044400,+3.40, +5.134, +0.159,+0.955
1605044460,+3.40, +5.144, +0.157,+0.955
1605044520,+3.40, +5.205, +0.158,+0.955
1605044580,+3.40, +5.185, +0.159,+0.955
1605044640,+3.40, +5.165, +0.157,+0.954
1605044700,+3.40, +5.175, +0.158,+0.954
1605044760,+3.40, +5.185, +0.158,+0.954
1605044820,+3.40, +5.205, +0.157,+0.954
1605044880,+3.40, +5.265, +0.156,+0.954
1605044940,+3.40, +5.235, +0.157,+0.954
1605045000,+3.40, +5.295, +0.156,+0.954
1605045060,+3.40, +5.346, +0.158,+0.954
1605045120,+3.40, +5.386, +0.156,+0.954
1605045180,+3.40, +5.416, +0.156,+0.954
1605045240,+3.40, +5.416, +0.155,+0.954
1605045300,+3.40, +5.406, +0.155,+0.955
1605045360,+3.40, +5.386, +0.158,+0.954
1605045420,+3.40, +5.426, +0.155,+0.954
1605045480,+3.40, +5.416, +0.156,+0.954
1605045540,+3.40, +5.396, +0.157,+0.955
1605045600,+3.40, +5.386, +0.155,+0.954
1605045660,+3.40, +5.346, +0.158,+0.954
1605045720,+3.40, +5.356, +0.154,+0.954
1605045780,+3.40, +5.265, +0.156,+0.954
1605045840,+3.40, +5.195, +0.156,+0.954
1605045900,+3.40, +5.104, +0.156,+0.954
1605045960,+3.40, +5.033, +0.158,+0.954
1605046020,+3.40, +4.993, +0.158,+0.954
1605046080,+3.40, +4.942, +0.158,+0.954
1605046140,+3.40, +4.881, +0.159,+0.954
1605046200,+3.40, +4.912, +0.158,+0.954
1605046260,+3.40, +4.892, +0.158,+0.954
1605046320,+3.40, +4.902, +0.158,+0.954
1605046380,+3.40, +4.851, +0.160,+0.954
1605046440,+3.40, +4.861, +0.159,+0.954
1605046500,+3.40, +4.861, +0.160,+0.954
1605046560,+3.40, +4.851, +0.158,+0.954
1605046620,+3.40, +4.780, +0.160,+0.954
1605046680,+3.40, +4.831, +0.160,+0.954
1605046740,+3.40, +4.831, +0.160,+0.954
1605046800,+3.40, +4.841, +0.159,+0.954
1605046860,+3.40, +4.821, +0.160,+0.954
1605046920,+3.40, +4.841, +0.158,+0.954
1605046980,+3.40, +4.810, +0.158,+0.954
1605047040,+3.40, +4.831, +0.159,+0.954
1605047100,+3.40, +4.851, +0.158,+0.954
1605047160,+3.40, +4.871, +0.158,+0.954
1605047220,+3.40, +4.861, +0.159,+0.954
1605047280,+3.40, +4.861, +0.159,+0.954
1605047340,+3.40, +4.871, +0.160,+0.954
1605047400,+3.40, +4.871, +0.159,+0.954
1605047460,+3.40, +4.861, +0.160,+0.954
1605047520,+3.40, +4.841, +0.160,+0.954
1605047580,+3.40, +4.861, +0.159,+0.954
1605047640,+3.40, +4.861, +0.158,+0.954
1605047700,+3.40, +4.831, +0.159,+0.954
1605047760,+3.40, +4.861, +0.160,+0.954
1605047820,+3.40, +4.881, +0.159,+0.954
1605047880,+3.40, +4.892, +0.158,+0.954
1605047940,+3.40, +4.841, +0.160,+0.954
1605048000,+3.40, +4.861, +0.158,+0.954
1605048060,+3.40, +4.841, +0.160,+0.954
1605048120,+3.40, +4.831, +0.158,+0.954
1605048180,+3.40, +4.841, +0.159,+0.954
1605048240,+3.40, +4.821, +0.161,+0.954
1605048300,+3.40, +4.932, +0.159,+0.954
1605048360,+3.40, +4.993, +0.159,+0.955
1605048420,+3.40, +5.023, +0.160,+0.955
1605048480,+3.40, +5.054, +0.159,+0.954
1605048540,+3.40, +5.054, +0.157,+0.954
1605048600,+3.40, +5.084, +0.160,+0.955
1605048660,+3.40, +5.144, +0.158,+0.954
1605048720,+3.40, +5.165, +0.157,+0.954
1605048780,+3.40, +5.134, +0.158,+0.955
1605048840,+3.40, +5.104, +0.158,+0.954
1605048900,+3.40, +5.134, +0.158,+0.954
1605048960,+3.40, +5.175, +0.158,+0.954
1605049020,+3.40, +5.134, +0.158,+0.954
1605049080,+3.40, +5.104, +0.158,+0.954
1605049140,+3.40, +5.084, +0.156,+0.954
1605049200,+3.40, +5.003, +0.158,+0.954
1605049260,+3.40, +4.973, +0.158,+0.954
1605049320,+3.40, +4.932, +0.158,+0.954
1605049380,+3.40, +4.932, +0.159,+0.954
1605049440,+3.40, +4.942, +0.158,+0.954
1605049500,+3.40, +4.922, +0.157,+0.954
1605049560,+3.40, +4.942, +0.158,+0.954
1605049620,+3.40, +4.912, +0.158,+0.954
1605049680,+3.40, +4.871, +0.158,+0.954
1605049740,+3.40, +4.841, +0.159,+0.954
1605049800,+3.40, +4.821, +0.160,+0.954
1605049860,+3.40, +4.841, +0.157,+0.954
1605049920,+3.40, +4.770, +0.159,+0.954
1605049980,+3.40, +4.749, +0.160,+0.954
1605050040,+3.40, +4.709, +0.159,+0.954
1605050100,+3.40, +4.709, +0.161,+0.954
1605050160,+3.40, +4.709, +0.159,+0.954
1605050220,+3.40, +4.668, +0.160,+0.954
1605050280,+3.40, +4.658, +0.159,+0.954
1605050340,+3.40, +4.658, +0.162,+0.954
1605050400,+3.40, +4.678, +0.159,+0.954
1605050460,+3.40, +4.729, +0.162,+0.954
1605050520,+3.40, +4.678, +0.162,+0.954
1605050580,+3.40, +4.688, +0.159,+0.954
1605050640,+3.40, +4.688, +0.160,+0.954
1605050700,+3.40, +4.678, +0.160,+0.954
1605050760,+3.40, +4.658, +0.161,+0.954
1605050820,+3.40, +4.678, +0.160,+0.954
1605050880,+3.40, +4.688, +0.161,+0.955
1605050940,+3.40, +4.637, +0.161,+0.954
1605051000,+3.40, +4.709, +0.161,+0.954
1605051060,+3.40, +4.709, +0.161,+0.954
1605051120,+3.40, +4.749, +0.159,+0.954
1605051180,+3.40, +4.739, +0.161,+0.955
1605051240,+3.40, +4.739, +0.159,+0.954
1605051300,+3.40, +4.709, +0.160,+0.954
1605051360,+3.40, +4.770, +0.161,+0.954
1605051420,+3.40, +4.810, +0.161,+0.954
1605051480,+3.40, +4.790, +0.159,+0.954
1605051540,+3.40, +4.729, +0.160,+0.954
1605051600,+3.40, +4.780, +0.161,+0.954
1605051660,+3.40, +4.841, +0.160,+0.955
1605051720,+3.40, +4.851, +0.160,+0.955
1605051780,+3.40, +4.841, +0.161,+0.955
1605051840,+3.40, +4.851, +0.159,+0.954
1605051900,+3.40, +4.861, +0.157,+0.954
1605051960,+3.40, +4.871, +0.160,+0.955
1605052020,+3.40, +4.892, +0.159,+0.954
1605052080,+3.40, +4.993, +0.159,+0.954
1605052140,+3.40, +5.023, +0.160,+0.955
1605052200,+3.40, +5.054, +0.160,+0.955
1605052260,+3.40, +5.054, +0.159,+0.954
1605052320,+3.40, +5.144, +0.158,+0.955
1605052380,+3.40, +5.185, +0.157,+0.955
1605052440,+3.40, +5.144, +0.157,+0.954
1605052500,+3.40, +5.124, +0.159,+0.954
1605052560,+3.40, +5.185, +0.158,+0.955
1605052620,+3.40, +5.205, +0.156,+0.954
1605052680,+3.40, +5.245, +0.156,+0.954
1605052740,+3.40, +5.245, +0.156,+0.955
1605052800,+3.40, +5.255, +0.158,+0.955
1605052860,+3.40, +5.154, +0.158,+0.954
1605052920,+3.40, +5.154, +0.157,+0.954
1605052980,+3.40, +5.104, +0.158,+0.954
1605053040,+3.40, +5.124, +0.157,+0.954
1605053100,+3.40, +5.104, +0.156,+0.954
1605053160,+3.40, +5.074, +0.158,+0.954
1605053220,+3.40, +4.993, +0.157,+0.954
1605053280,+3.40, +4.963, +0.157,+0.954
1605053340,+3.40, +4.952, +0.158,+0.954
1605053400,+3.40, +4.912, +0.161,+0.954
1605053460,+3.40, +4.851, +0.160,+0.954
1605053520,+3.40, +4.902, +0.159,+0.954
1605053580,+3.40, +4.861, +0.160,+0.954
1605053640,+3.40, +4.851, +0.159,+0.954
1605053700,+3.40, +4.841, +0.160,+0.954
1605053760,+3.40, +4.790, +0.160,+0.954
1605053820,+3.40, +4.739, +0.158,+0.954
1605053880,+3.40, +4.719, +0.161,+0.954
1605053940,+3.40, +4.770, +0.159,+0.954
1605054000,+3.40, +4.780, +0.159,+0.954
1605054060,+3.40, +4.729, +0.159,+0.954
1605054120,+3.40, +4.729, +0.160,+0.954
1605054180,+3.40, +4.709, +0.159,+0.954
1605054240,+3.40, +4.760, +0.159,+0.954
1605054300,+3.40, +4.709, +0.160,+0.954
1605054360,+3.40, +4.647, +0.160,+0.954
1605054420,+3.40, +4.627, +0.158,+0.954
1605054480,+3.40, +4.596, +0.160,+0.954
1605054540,+3.40, +4.617, +0.160,+0.954
1605054600,+3.40, +4.576, +0.161,+0.954
1605054660,+3.40, +4.586, +0.160,+0.954
1605054720,+3.40, +4.596, +0.160,+0.954
1605054780,+3.40, +4.617, +0.162,+0.954
1605054840,+3.40, +4.647, +0.161,+0.954
1605054900,+3.40, +4.760, +0.161,+0.955
1605054960,+3.40, +4.780, +0.159,+0.954
1605055020,+3.40, +4.821, +0.161,+0.955
1605055080,+3.40, +4.841, +0.160,+0.955
1605055140,+3.40, +4.780, +0.160,+0.954
1605055200,+3.40, +4.770, +0.158,+0.954
1605055260,+3.40, +4.770, +0.160,+0.954
1605055320,+3.40, +4.790, +0.160,+0.954
1605055380,+3.40, +4.851, +0.160,+0.954
1605055440,+3.40, +4.861, +0.159,+0.955
1605055500,+3.40, +4.912, +0.159,+0.955
1605055560,+3.40, +4.932, +0.160,+0.955
1605055620,+3.40, +4.932, +0.158,+0.955
1605055680,+3.40, +4.922, +0.161,+0.955
1605055740,+3.40, +4.993, +0.160,+0.955
1605055800,+3.40, +5.003, +0.160,+0.955
1605055860,+3.40, +5.043, +0.160,+0.955
1605055920,+3.40, +5.094, +0.158,+0.955
1605055980,+3.40, +5.074, +0.157,+0.955
1605056040,+3.40, +5.104, +0.158,+0.955
1605056100,+3.40, +5.165, +0.159,+0.955
1605056160,+3.40, +5.205, +0.157,+0.955
1605056220,+3.40, +5.144, +0.158,+0.954
1605056280,+3.40, +5.175, +0.157,+0.954
1605056340,+3.40, +5.205, +0.158,+0.955
1605056400,+3.40, +5.245, +0.158,+0.955
1605056460,+3.40, +5.305, +0.157,+0.955
1605056520,+3.40, +5.356, +0.157,+0.955
1605056580,+3.40, +5.356, +0.157,+0.955
1605056640,+3.40, +5.366, +0.157,+0.955
1605056700,+3.40, +5.366, +0.156,+0.955
1605056760,+3.40, +5.335, +0.157,+0.954
1605056820,+3.40, +5.356, +0.156,+0.954
1605056880,+3.40, +5.285, +0.156,+0.954
1605056940,+3.40, +5.265, +0.158,+0.954
1605057000,+3.40, +5.205, +0.156,+0.954
1605057060,+3.40, +5.154, +0.157,+0.954
1605057120,+3.40, +5.074, +0.157,+0.954
1605057180,+3.40, +5.043, +0.157,+0.954
1605057240,+3.40, +5.003, +0.156,+0.954
1605057300,+3.40, +4.983, +0.156,+0.954
1605057360,+3.40, +4.912, +0.157,+0.954
1605057420,+3.40, +4.922, +0.158,+0.954
1605057480,+3.40, +4.922, +0.159,+0.954
1605057540,+3.40, +4.983, +0.160,+0.954
1605057600,+3.40, +4.993, +0.159,+0.954
1605057660,+3.40, +5.013, +0.160,+0.954
1605057720,+3.40, +5.013, +0.159,+0.954
1605057780,+3.40, +5.023, +0.160,+0.954
1605057840,+3.40, +5.003, +0.159,+0.954
1605057900,+3.40, +5.064, +0.159,+0.954
1605057960,+3.40, +5.124, +0.155,+0.954
1605058020,+3.40, +5.124, +0.157,+0.954
1605058080,+3.40, +5.064, +0.158,+0.954
1605058140,+3.40, +5.074, +0.158,+0.954
1605058200,+3.40, +5.084, +0.158,+0.954
1605058260,+3.40, +5.114, +0.158,+0.954
1605058320,+3.40, +5.114, +0.158,+0.954
1605058380,+3.40, +5.124, +0.157,+0.954
1605058440,+3.40, +5.124, +0.156,+0.954
1605058500,+3.40, +5.104, +0.158,+0.954
1605058560,+3.40, +5.094, +0.159,+0.954
1605058620,+3.40, +5.104, +0.160,+0.955
1605058680,+3.40, +5.124, +0.158,+0.954
1605058740,+3.40, +5.094, +0.158,+0.954
1605058800,+3.40, +5.104, +0.157,+0.954
1605058860,+3.40, +5.064, +0.159,+0.954
1605058920,+3.40, +5.054, +0.160,+0.954
1605058980,+3.40, +5.054, +0.158,+0.954
1605059040,+3.40, +5.074, +0.156,+0.954
1605059100,+3.40, +5.074, +0.159,+0.954
1605059160,+3.40, +5.084, +0.158,+0.954
1605059220,+3.40, +5.084, +0.157,+0.954
1605059280,+3.40, +5.054, +0.157,+0.954
1605059340,+3.40, +5.074, +0.158,+0.954
1605059400,+3.40, +5.064, +0.158,+0.954
1605059460,+3.40, +5.074, +0.157,+0.954
1605059520,+3.40, +5.013, +0.159,+0.954
1605059580,+3.40, +4.963, +0.158,+0.954
1605059640,+3.40, +4.952, +0.160,+0.954
1605059700,+3.40, +4.963, +0.159,+0.954
1605059760,+3.40, +4.963, +0.159,+0.954
1605059820,+3.40, +4.983, +0.159,+0.954
1605059880,+3.40, +4.993, +0.160,+0.954
1605059940,+3.40, +4.983, +0.160,+0.954
1605060000,+3.40, +4.983, +0.159,+0.954
1605060060,+3.40, +4.993, +0.157,+0.954
1605060120,+3.40, +5.013, +0.159,+0.954
1605060180,+3.40, +5.094, +0.157,+0.954
1605060240,+3.40, +5.043, +0.158,+0.954
1605060300,+3.40, +5.084, +0.159,+0.955
1605060360,+3.40, +5.104, +0.158,+0.955
1605060420,+3.40, +5.114, +0.159,+0.954
1605060480,+3.40, +5.144, +0.159,+0.955
1605060540,+3.40, +5.245, +0.158,+0.954
1605060600,+3.40, +5.305, +0.158,+0.955
1605060660,+3.40, +5.325, +0.157,+0.955
1605060720,+3.40, +5.295, +0.157,+0.955
1605060780,+3.40, +5.325, +0.156,+0.954
1605060840,+3.40, +5.325, +0.157,+0.955
1605060900,+3.40, +5.325, +0.157,+0.955
1605060960,+3.40, +5.315, +0.158,+0.954
1605061020,+3.40, +5.315, +0.158,+0.955
1605061080,+3.40, +5.285, +0.156,+0.954
1605061140,+3.40, +5.325, +0.158,+0.955
1605061200,+3.40, +5.376, +0.158,+0.955
1605061260,+3.40, +5.386, +0.157,+0.955
1605061320,+3.40, +5.346, +0.156,+0.954
1605061380,+3.40, +5.376, +0.156,+0.954
1605061440,+3.40, +5.366, +0.158,+0.955
1605061500,+3.40, +5.416, +0.156,+0.954
1605061560,+3.40, +5.406, +0.156,+0.954
1605061620,+3.40, +5.335, +0.157,+0.954
1605061680,+3.40, +5.305, +0.153,+0.954
1605061740,+3.40, +5.225, +0.157,+0.954
1605061800,+3.40, +5.154, +0.156,+0.954
1605061860,+3.40, +5.104, +0.156,+0.954
1605061920,+3.40, +5.074, +0.158,+0.954
1605061980,+3.40, +5.043, +0.157,+0.954
1605062040,+3.40, +5.043, +0.158,+0.954
1605062100,+3.40, +5.043, +0.157,+0.954
1605062160,+3.40, +5.013, +0.158,+0.954
1605062220,+3.40, +5.033, +0.158,+0.954
1605062280,+3.40, +5.033, +0.158,+0.954
1605062340,+3.40, +5.013, +0.157,+0.954
1605062400,+3.40, +5.043, +0.158,+0.954
1605062460,+3.40, +4.993, +0.158,+0.954
1605062520,+3.40, +4.983, +0.159,+0.954
1605062580,+3.40, +4.983, +0.158,+0.954
1605062640,+3.40, +4.993, +0.158,+0.954
1605062700,+3.40, +4.963, +0.159,+0.954
1605062760,+3.40, +4.963, +0.159,+0.954
1605062820,+3.40, +4.932, +0.158,+0.954
1605062880,+3.40, +4.861, +0.160,+0.954
1605062940,+3.40, +4.871, +0.158,+0.954
1605063000,+3.40, +4.831, +0.159,+0.954
1605063060,+3.40, +4.821, +0.159,+0.954
1605063120,+3.40, +4.821, +0.159,+0.954
1605063180,+3.40, +4.790, +0.160,+0.954
1605063240,+3.40, +4.780, +0.160,+0.954
1605063300,+3.40, +4.790, +0.161,+0.954
1605063360,+3.40, +4.800, +0.159,+0.954
1605063420,+3.40, +4.790, +0.159,+0.954
1605063480,+3.40, +4.800, +0.159,+0.954
1605063540,+3.40, +4.790, +0.159,+0.954
1605063600,+3.40, +4.821, +0.160,+0.954
1605063660,+3.40, +4.871, +0.158,+0.954
1605063720,+3.40, +4.871, +0.160,+0.955
1605063780,+3.40, +4.851, +0.158,+0.954
1605063840,+3.40, +4.861, +0.160,+0.954
1605063900,+3.40, +4.922, +0.160,+0.955
1605063960,+3.40, +4.942, +0.159,+0.954
1605064020,+3.40, +4.983, +0.159,+0.955
1605064080,+3.40, +4.983, +0.157,+0.954
1605064140,+3.40, +5.013, +0.158,+0.954
1605064200,+3.40, +5.064, +0.159,+0.955
1605064260,+3.40, +5.084, +0.158,+0.954
1605064320,+3.40, +5.124, +0.158,+0.955
1605064380,+3.40, +5.124, +0.158,+0.955
1605064440,+3.40, +5.114, +0.159,+0.954
1605064500,+3.40, +5.114, +0.160,+0.954
1605064560,+3.40, +5.175, +0.157,+0.955
1605064620,+3.40, +5.175, +0.158,+0.954
1605064680,+3.40, +5.175, +0.156,+0.954
1605064740,+3.40, +5.175, +0.157,+0.955
1605064800,+3.40, +5.205, +0.157,+0.954
1605064860,+3.40, +5.165, +0.159,+0.954
1605064920,+3.40, +5.154, +0.158,+0.954
1605064980,+3.40, +5.175, +0.156,+0.954
1605065040,+3.40, +5.144, +0.157,+0.954
1605065100,+3.40, +5.134, +0.157,+0.954
1605065160,+3.40, +5.165, +0.159,+0.954
1605065220,+3.40, +5.235, +0.158,+0.955
1605065280,+3.40, +5.255, +0.157,+0.954
1605065340,+3.40, +5.275, +0.157,+0.955
1605065400,+3.40, +5.235, +0.156,+0.954
1605065460,+3.40, +5.235, +0.157,+0.954
1605065520,+3.40, +5.235, +0.157,+0.954
1605065580,+3.40, +5.245, +0.157,+0.954
1605065640,+3.40, +5.215, +0.158,+0.954
1605065700,+3.40, +5.235, +0.157,+0.954
1605065760,+3.40, +5.255, +0.159,+0.954
1605065820,+3.40, +5.295, +0.157,+0.954
1605065880,+3.40, +5.295, +0.156,+0.954
1605065940,+3.40, +5.295, +0.156,+0.954
1605066000,+3.40, +5.275, +0.157,+0.954
1605066060,+3.40, +5.245, +0.157,+0.954
1605066120,+3.40, +5.235, +0.157,+0.954
1605066180,+3.40, +5.225, +0.155,+0.954
1605066240,+3.40, +5.205, +0.157,+0.954
1605066300,+3.40, +5.154, +0.157,+0.954
1605066360,+3.40, +5.104, +0.158,+0.954
1605066420,+3.40, +5.114, +0.159,+0.954
1605066480,+3.40, +5.094, +0.158,+0.954
1605066540,+3.40, +5.094, +0.158,+0.954
1605066600,+3.40, +5.104, +0.157,+0.954
1605066660,+3.40, +5.094, +0.159,+0.954
1605066720,+3.40, +5.114, +0.158,+0.955
1605066780,+3.40, +5.084, +0.158,+0.954
1605066840,+3.40, +5.104, +0.157,+0.954
1605066900,+3.40, +5.074, +0.158,+0.954
1605066960,+3.40, +5.043, +0.157,+0.954
1605067020,+3.40, +5.023, +0.157,+0.954
1605067080,+3.40, +4.973, +0.158,+0.954
1605067140,+3.40, +5.013, +0.160,+0.954
1605067200,+3.40, +4.973, +0.158,+0.954
1605067260,+3.40, +4.983, +0.158,+0.954
1605067320,+3.40, +4.932, +0.159,+0.954
1605067380,+3.40, +4.922, +0.158,+0.954
1605067440,+3.40, +4.892, +0.159,+0.954
1605067500,+3.41, +4.912, +0.159,+0.954
1605067560,+3.40, +4.871, +0.158,+0.954
1605067620,+3.40, +4.831, +0.160,+0.954
1605067680,+3.40, +4.831, +0.160,+0.954
1605067740,+3.40, +4.821, +0.160,+0.954
1605067800,+3.40, +4.790, +0.159,+0.954
1605067860,+3.40, +4.790, +0.160,+0.954
1605067920,+3.40, +4.821, +0.159,+0.954
1605067980,+3.40, +4.821, +0.160,+0.954
1605068040,+3.40, +4.800, +0.161,+0.954
1605068100,+3.40, +4.851, +0.159,+0.954
1605068160,+3.40, +4.861, +0.159,+0.954
1605068220,+3.40, +4.892, +0.159,+0.954
1605068280,+3.40, +4.871, +0.160,+0.954
1605068340,+3.40, +4.851, +0.159,+0.954
1605068400,+3.40, +4.922, +0.159,+0.954
1605068460,+3.40, +4.912, +0.160,+0.954
1605068520,+3.40, +4.952, +0.158,+0.954
1605068580,+3.40, +4.932, +0.159,+0.954
1605068640,+3.40, +4.963, +0.159,+0.954
1605068700,+3.40, +4.942, +0.158,+0.954
1605068760,+3.40, +4.942, +0.159,+0.954
1605068820,+3.40, +4.912, +0.156,+0.954
1605068880,+3.40, +4.892, +0.159,+0.954
1605068940,+3.40, +4.881, +0.159,+0.954
1605069000,+3.40, +4.881, +0.161,+0.954
1605069060,+3.40, +4.922, +0.159,+0.954
1605069120,+3.40, +4.922, +0.161,+0.954
1605069180,+3.40, +4.952, +0.158,+0.954
1605069240,+3.40, +4.952, +0.158,+0.954
1605069300,+3.40, +4.942, +0.160,+0.954
1605069360,+3.40, +4.963, +0.158,+0.954
1605069420,+3.40, +4.993, +0.159,+0.954
1605069480,+3.40, +5.003, +0.161,+0.954
1605069540,+3.40, +5.043, +0.159,+0.954
1605069600,+3.40, +5.043, +0.158,+0.954
1605069660,+3.40, +4.993, +0.158,+0.954
1605069720,+3.40, +4.983, +0.158,+0.954
1605069780,+3.40, +4.993, +0.157,+0.954
1605069840,+3.40, +4.932, +0.160,+0.954
1605069900,+3.40, +4.932, +0.158,+0.954
1605069960,+3.40, +4.912, +0.159,+0.954
1605070020,+3.40, +4.912, +0.157,+0.954
1605070080,+3.40, +4.922, +0.158,+0.954
1605070140,+3.40, +4.922, +0.160,+0.954
1605070200,+3.40, +4.942, +0.158,+0.954
1605070260,+3.40, +4.922, +0.157,+0.954
1605070320,+3.40, +4.932, +0.159,+0.954
1605070380,+3.40, +4.902, +0.159,+0.954
1605070440,+3.40, +4.963, +0.160,+0.954
1605070500,+3.40, +4.993, +0.159,+0.954
1605070560,+3.40, +5.033, +0.159,+0.954
1605070620,+3.40, +5.054, +0.158,+0.954
1605070680,+3.40, +5.114, +0.160,+0.955
1605070740,+3.40, +5.064, +0.160,+0.954
1605070800,+3.40, +5.104, +0.158,+0.954
1605070860,+3.40, +5.104, +0.158,+0.954
1605070920,+3.40, +5.104, +0.159,+0.954
1605070980,+3.40, +5.094, +0.158,+0.954
1605071040,+3.40, +5.074, +0.159,+0.955
1605071100,+3.40, +5.054, +0.159,+0.954
1605071160,+3.40, +5.094, +0.159,+0.954
1605071220,+3.40, +5.064, +0.157,+0.954
1605071280,+3.40, +5.064, +0.158,+0.954
1605071340,+3.40, +5.074, +0.158,+0.954
1605071400,+3.40, +5.124, +0.159,+0.955
1605071460,+3.40, +5.114, +0.158,+0.954
1605071520,+3.40, +5.114, +0.157,+0.954
1605071580,+3.40, +5.104, +0.156,+0.954
1605071640,+3.40, +5.054, +0.157,+0.954
1605071700,+3.40, +5.074, +0.158,+0.954
1605071760,+3.40, +5.084, +0.158,+0.954
1605071820,+3.40, +5.074, +0.157,+0.954
1605071880,+3.40, +5.054, +0.157,+0.954
1605071940,+3.40, +5.084, +0.157,+0.954
1605072000,+3.40, +5.084, +0.158,+0.955
1605072060,+3.40, +5.054, +0.160,+0.954
1605072120,+3.40, +5.074, +0.159,+0.954
1605072180,+3.40, +5.074, +0.156,+0.954
1605072240,+3.40, +5.054, +0.158,+0.954
1605072300,+3.40, +5.054, +0.158,+0.954
1605072360,+3.40, +5.054, +0.156,+0.954
1605072420,+3.40, +5.054, +0.158,+0.954
1605072480,+3.40, +5.003, +0.159,+0.954
1605072540,+3.40, +4.983, +0.156,+0.954
1605072600,+3.40, +4.973, +0.158,+0.954
1605072660,+3.40, +4.973, +0.158,+0.954
1605072720,+3.40, +4.983, +0.159,+0.954
1605072780,+3.40, +4.952, +0.159,+0.954
1605072840,+3.40, +4.993, +0.158,+0.954
1605072900,+3.40, +4.932, +0.159,+0.954
1605072960,+3.40, +4.932, +0.158,+0.954
1605073020,+3.40, +4.942, +0.159,+0.954
1605073080,+3.40, +4.942, +0.158,+0.954
1605073140,+3.40, +4.942, +0.158,+0.954
1605073200,+3.40, +4.952, +0.159,+0.954
1605073260,+3.40, +4.983, +0.158,+0.954
1605073320,+3.40, +4.983, +0.159,+0.954
1605073380,+3.40, +4.973, +0.159,+0.954
1605073440,+3.40, +5.003, +0.157,+0.954
1605073500,+3.40, +5.013, +0.160,+0.954
1605073560,+3.40, +4.963, +0.159,+0.954
1605073620,+3.40, +4.952, +0.158,+0.954
1605073680,+3.40, +4.963, +0.158,+0.954
1605073740,+3.40, +4.993, +0.159,+0.954
1605073800,+3.40, +4.993, +0.159,+0.954
1605073860,+3.40, +5.003, +0.156,+0.954
1605073920,+3.40, +5.033, +0.158,+0.954
1605073980,+3.40, +5.023, +0.158,+0.954
1605074040,+3.40, +5.043, +0.159,+0.954
1605074100,+3.40, +5.054, +0.158,+0.954
1605074160,+3.40, +5.033, +0.158,+0.954
1605074220,+3.40, +5.023, +0.159,+0.954
1605074280,+3.40, +5.033, +0.158,+0.954
1605074340,+3.40, +5.023, +0.160,+0.954
1605074400,+3.40, +5.054, +0.157,+0.954
1605074460,+3.40, +5.094, +0.158,+0.954
1605074520,+3.40, +5.074, +0.160,+0.954
1605074580,+3.40, +5.043, +0.163,+0.954
1605074640,+3.40, +5.054, +0.163,+0.954
1605074700,+3.40, +5.064, +0.161,+0.954
1605074760,+3.40, +5.124, +0.161,+0.954
1605074820,+3.40, +5.144, +0.158,+0.954
1605074880,+3.40, +5.114, +0.159,+0.954
1605074940,+3.40, +5.154, +0.160,+0.954
1605075000,+3.40, +5.154, +0.159,+0.955
1605075060,+3.40, +5.114, +0.156,+0.954
1605075120,+3.40, +5.114, +0.158,+0.954
1605075180,+3.40, +5.154, +0.158,+0.954
1605075240,+3.40, +5.205, +0.159,+0.954
1605075300,+3.40, +5.265, +0.158,+0.955
1605075360,+3.40, +5.315, +0.158,+0.955
1605075420,+3.40, +5.325, +0.157,+0.954
1605075480,+3.40, +5.305, +0.157,+0.954
1605075540,+3.40, +5.366, +0.158,+0.955
1605075600,+3.40, +5.376, +0.156,+0.954
1605075660,+3.40, +5.335, +0.157,+0.954
1605075720,+3.40, +5.325, +0.158,+0.955
1605075780,+3.40, +5.315, +0.157,+0.954
1605075840,+3.40, +5.325, +0.156,+0.954
1605075900,+3.40, +5.275, +0.158,+0.954
1605075960,+3.40, +5.295, +0.158,+0.954
1605076020,+3.40, +5.356, +0.158,+0.955
1605076080,+3.40, +5.335, +0.157,+0.954
1605076140,+3.40, +5.315, +0.158,+0.955
1605076200,+3.40, +5.285, +0.157,+0.954
1605076260,+3.40, +5.275, +0.156,+0.954
1605076320,+3.40, +5.255, +0.157,+0.954
1605076380,+3.40, +5.255, +0.156,+0.954
1605076440,+3.40, +5.175, +0.158,+0.954
1605076500,+3.40, +5.144, +0.157,+0.954
1605076560,+3.40, +5.144, +0.157,+0.954
1605076620,+3.40, +5.114, +0.157,+0.954
1605076680,+3.40, +5.074, +0.159,+0.954
1605076740,+3.40, +5.134, +0.157,+0.954
1605076800,+3.40, +5.094, +0.158,+0.954
1605076860,+3.40, +5.054, +0.157,+0.954
1605076920,+3.40, +5.084, +0.158,+0.954
1605076980,+3.40, +5.074, +0.159,+0.954
1605077040,+3.40, +5.104, +0.158,+0.954
1605077100,+3.40, +5.124, +0.159,+0.954
1605077160,+3.40, +5.094, +0.156,+0.954
1605077220,+3.40, +5.094, +0.159,+0.954
1605077280,+3.40, +5.074, +0.158,+0.954
1605077340,+3.40, +5.084, +0.157,+0.954
1605077400,+3.40, +5.074, +0.157,+0.954
1605077460,+3.40, +5.064, +0.158,+0.954
1605077520,+3.40, +5.023, +0.158,+0.954
1605077580,+3.40, +5.003, +0.159,+0.954
1605077640,+3.40, +4.993, +0.157,+0.954
1605077700,+3.40, +4.942, +0.159,+0.954
1605077760,+3.40, +4.932, +0.159,+0.954
1605077820,+3.40, +4.912, +0.160,+0.954
1605077880,+3.40, +4.892, +0.159,+0.954
1605077940,+3.40, +4.922, +0.160,+0.954
1605078000,+3.40, +4.973, +0.160,+0.954
1605078060,+3.40, +4.942, +0.160,+0.954
1605078120,+3.40, +4.983, +0.160,+0.955
1605078180,+3.40, +4.922, +0.158,+0.954
1605078240,+3.40, +4.892, +0.159,+0.954
1605078300,+3.40, +4.902, +0.159,+0.954
1605078360,+3.40, +4.892, +0.160,+0.954
1605078420,+3.40, +4.881, +0.159,+0.954
1605078480,+3.40, +4.892, +0.160,+0.954
1605078540,+3.40, +4.922, +0.159,+0.954
1605078600,+3.40, +4.912, +0.160,+0.954
1605078660,+3.40, +4.871, +0.159,+0.954
1605078720,+3.40, +4.831, +0.160,+0.954
1605078780,+3.40, +4.841, +0.160,+0.954
1605078840,+3.40, +4.800, +0.158,+0.954
1605078900,+3.40, +4.790, +0.159,+0.954
1605078960,+3.40, +4.760, +0.160,+0.954
1605079020,+3.40, +4.780, +0.159,+0.954
1605079080,+3.40, +4.790, +0.162,+0.954
1605079140,+3.40, +4.780, +0.161,+0.954
1605079200,+3.40, +4.892, +0.159,+0.955
1605079260,+3.40, +4.871, +0.158,+0.954
1605079320,+3.40, +4.892, +0.159,+0.954
1605079380,+3.40, +4.932, +0.159,+0.954
1605079440,+3.40, +4.963, +0.161,+0.955
1605079500,+3.40, +4.973, +0.159,+0.955
1605079560,+3.40, +5.033, +0.159,+0.955
1605079620,+3.40, +5.043, +0.158,+0.954
1605079680,+3.40, +5.013, +0.157,+0.954
1605079740,+3.40, +5.084, +0.159,+0.955
1605079800,+3.40, +5.124, +0.159,+0.955
1605079860,+3.40, +5.134, +0.160,+0.955
1605079920,+3.40, +5.134, +0.159,+0.955
1605079980,+3.40, +5.134, +0.162,+0.955
1605080040,+3.40, +5.134, +0.161,+0.955
1605080100,+3.40, +5.144, +0.161,+0.955
1605080160,+3.40, +5.104, +0.159,+0.954
1605080220,+3.40, +5.104, +0.161,+0.954
1605080280,+3.40, +5.124, +0.162,+0.955
1605080340,+3.40, +5.154, +0.162,+0.954
1605080400,+3.40, +5.165, +0.167,+0.955
1605080460,+3.40, +5.295, +0.188,+0.955
1605080520,+3.40, +5.346, +0.194,+0.956
1605080580,+3.40, +5.366, +0.192,+0.955
1605080640,+3.40, +5.356, +0.184,+0.955
1605080700,+3.40, +5.366, +0.181,+0.955
1605080760,+3.40, +5.406, +0.192,+0.955
1605080820,+3.40, +5.506, +0.198,+0.956
1605080880,+3.40, +5.516, +0.198,+0.956
1605080940,+3.40, +5.486, +0.188,+0.955
1605081000,+3.40, +5.506, +0.187,+0.955
1605081060,+3.40, +5.526, +0.188,+0.955
1605081120,+3.40, +5.476, +0.194,+0.955
1605081180,+3.40, +5.466, +0.191,+0.955
1605081240,+3.40, +5.416, +0.200,+0.955
1605081300,+3.40, +5.346, +0.195,+0.955
1605081360,+3.40, +5.285, +0.184,+0.954
1605081420,+3.40, +5.325, +0.176,+0.954
1605081480,+3.40, +5.376, +0.173,+0.955
1605081540,+3.40, +5.295, +0.168,+0.954
1605081600,+3.40, +5.255, +0.167,+0.954
1605081660,+3.40, +5.235, +0.165,+0.954
1605081720,+3.40, +5.205, +0.161,+0.954
1605081780,+3.40, +5.134, +0.162,+0.954
1605081840,+3.40, +5.084, +0.160,+0.954
1605081900,+3.40, +5.033, +0.159,+0.954
1605081960,+3.40, +4.993, +0.159,+0.954
1605082020,+3.40, +4.912, +0.157,+0.954
1605082080,+3.40, +4.851, +0.160,+0.954
1605082140,+3.40, +4.881, +0.160,+0.954
1605082200,+3.40, +4.871, +0.161,+0.954
1605082260,+3.40, +4.841, +0.160,+0.954
1605082320,+3.40, +4.841, +0.160,+0.954
1605082380,+3.40, +4.821, +0.161,+0.954
1605082440,+3.40, +4.780, +0.160,+0.954
1605082500,+3.40, +4.790, +0.161,+0.954
1605082560,+3.40, +4.760, +0.162,+0.954
1605082620,+3.40, +4.749, +0.162,+0.954
1605082680,+3.40, +4.668, +0.161,+0.954
1605082740,+3.40, +4.688, +0.163,+0.954
1605082800,+3.40, +4.698, +0.163,+0.954
1605082860,+3.40, +4.658, +0.164,+0.954
1605082920,+3.40, +4.647, +0.162,+0.954
1605082980,+3.40, +4.586, +0.162,+0.954
1605083040,+3.40, +4.596, +0.161,+0.954
1605083100,+3.40, +4.566, +0.161,+0.954
1605083160,+3.40, +4.535, +0.164,+0.954
1605083220,+3.40, +4.525, +0.163,+0.954
1605083280,+3.40, +4.566, +0.162,+0.954
1605083340,+3.40, +4.607, +0.162,+0.954
1605083400,+3.40, +4.586, +0.163,+0.954
1605083460,+3.40, +4.637, +0.162,+0.954
1605083520,+3.40, +4.647, +0.162,+0.954
1605083580,+3.40, +4.637, +0.162,+0.954
1605083640,+3.40, +4.688, +0.162,+0.954
1605083700,+3.40, +4.770, +0.165,+0.955
1605083760,+3.40, +4.760, +0.165,+0.955
1605083820,+3.40, +4.800, +0.164,+0.955
1605083880,+3.40, +4.800, +0.162,+0.954
1605083940,+3.40, +4.831, +0.165,+0.955
1605084000,+3.40, +4.892, +0.162,+0.954
1605084060,+3.40, +4.973, +0.164,+0.955
1605084120,+3.40, +5.023, +0.165,+0.955
1605084180,+3.40, +5.054, +0.164,+0.955
1605084240,+3.40, +5.003, +0.164,+0.955
1605084300,+3.40, +5.054, +0.163,+0.955
1605084360,+3.40, +5.003, +0.161,+0.955
1605084420,+3.40, +4.973, +0.162,+0.955
1605084480,+3.40, +4.942, +0.160,+0.954
1605084540,+3.40, +4.963, +0.160,+0.954
1605084600,+3.40, +4.871, +0.160,+0.954
1605084660,+3.40, +4.871, +0.159,+0.954
1605084720,+3.40, +4.871, +0.159,+0.954
1605084780,+3.40, +4.821, +0.159,+0.954
1605084840,+3.40, +4.841, +0.160,+0.954
1605084900,+3.40, +4.841, +0.161,+0.954
1605084960,+3.40, +4.881, +0.161,+0.954
1605085020,+3.40, +4.902, +0.160,+0.954
1605085080,+3.40, +4.983, +0.159,+0.954
1605085140,+3.40, +5.003, +0.159,+0.954
1605085200,+3.40, +5.013, +0.160,+0.954
1605085260,+3.40, +5.074, +0.157,+0.954
1605085320,+3.40, +5.074, +0.158,+0.955
1605085380,+3.40, +5.094, +0.158,+0.955
1605085440,+3.40, +5.134, +0.159,+0.955
1605085500,+3.40, +5.144, +0.157,+0.955
1605085560,+3.40, +5.154, +0.159,+0.955
1605085620,+3.40, +5.134, +0.160,+0.955
1605085680,+3.40, +5.175, +0.160,+0.955
1605085740,+3.40, +5.195, +0.159,+0.955
1605085800,+3.40, +5.215, +0.158,+0.954
1605085860,+3.40, +5.215, +0.158,+0.954
1605085920,+3.40, +5.295, +0.159,+0.955
1605085980,+3.40, +5.335, +0.172,+0.955
1605086040,+3.40, +5.325, +0.183,+0.955
1605086100,+3.40, +5.285, +0.177,+0.955
1605086160,+3.40, +5.295, +0.173,+0.955
1605086220,+3.40, +5.285, +0.173,+0.955
1605086280,+3.40, +5.285, +0.171,+0.955
1605086340,+3.40, +5.295, +0.168,+0.955
1605086400,+3.40, +5.305, +0.164,+0.954
1605086460,+3.40, +5.356, +0.163,+0.955
1605086520,+3.40, +5.366, +0.162,+0.955
1605086580,+3.40, +5.366, +0.161,+0.955
1605086640,+3.40, +5.376, +0.160,+0.955
1605086700,+3.40, +5.376, +0.157,+0.954
1605086760,+3.40, +5.376, +0.158,+0.955
1605086820,+3.40, +5.396, +0.154,+0.954
1605086880,+3.40, +5.335, +0.157,+0.954
1605086940,+3.40, +5.285, +0.156,+0.954
1605087000,+3.40, +5.255, +0.158,+0.954
1605087060,+3.40, +5.205, +0.156,+0.954
1605087120,+3.40, +5.154, +0.159,+0.954
1605087180,+3.40, +5.165, +0.157,+0.954
1605087240,+3.40, +5.175, +0.157,+0.954
1605087300,+3.40, +5.144, +0.160,+0.954
1605087360,+3.40, +5.134, +0.159,+0.954
1605087420,+3.40, +5.104, +0.158,+0.954
1605087480,+3.40, +5.104, +0.158,+0.954
1605087540,+3.40, +5.074, +0.161,+0.954
1605087600,+3.40, +5.084, +0.160,+0.954
1605087660,+3.40, +5.175, +0.165,+0.955
1605087720,+3.40, +5.154, +0.165,+0.954
1605087780,+3.40, +5.094, +0.164,+0.954
1605087840,+3.40, +5.054, +0.163,+0.954
1605087900,+3.40, +5.013, +0.161,+0.954
1605087960,+3.40, +4.912, +0.161,+0.954
1605088020,+3.40, +4.912, +0.160,+0.954
1605088080,+3.40, +4.912, +0.162,+0.954
1605088140,+3.40, +4.973, +0.160,+0.954
1605088200,+3.40, +4.983, +0.160,+0.954
1605088260,+3.40, +4.963, +0.167,+0.954
1605088320,+3.40, +5.013, +0.166,+0.954
1605088380,+3.40, +4.983, +0.164,+0.954
1605088440,+3.40, +4.942, +0.164,+0.954
1605088500,+3.40, +5.023, +0.163,+0.954
1605088560,+3.40, +5.094, +0.164,+0.955
1605088620,+3.40, +5.144, +0.163,+0.955
1605088680,+3.40, +5.215, +0.162,+0.955
1605088740,+3.40, +5.255, +0.162,+0.955
1605088800,+3.40, +5.346, +0.164,+0.955
1605088860,+3.40, +5.426, +0.167,+0.955
1605088920,+3.40, +5.476, +0.169,+0.955
1605088980,+3.41, +5.426, +0.169,+0.955
1605089040,+3.40, +5.396, +0.176,+0.955
1605089100,+3.40, +5.406, +0.190,+0.955
1605089160,+3.41, +5.436, +0.202,+0.955
1605089220,+3.40, +5.396, +0.207,+0.956
1605089280,+3.40, +5.436, +0.210,+0.955
1605089340,+3.40, +5.446, +0.217,+0.956
1605089400,+3.40, +5.546, +0.227,+0.956
1605089460,+3.40, +5.516, +0.299,+0.957
1605089520,+3.41, +5.516, +0.294,+0.957
1605089580,+3.40, +5.396, +0.279,+0.956
1605089640,+3.40, +5.356, +0.282,+0.956
1605089700,+3.40, +5.325, +0.275,+0.956
1605089760,+3.40, +5.265, +0.240,+0.955
1605089820,+3.40, +5.215, +0.220,+0.955
1605089880,+3.40, +5.144, +0.200,+0.955
1605089940,+3.40, +5.104, +0.191,+0.954
1605090000,+3.40, +5.054, +0.182,+0.954
1605090060,+3.40, +5.013, +0.179,+0.954
1605090120,+3.40, +4.983, +0.172,+0.954
1605090180,+3.40, +4.952, +0.169,+0.954
1605090240,+3.40, +4.922, +0.166,+0.954
1605090300,+3.40, +4.881, +0.163,+0.954
1605090360,+3.40, +4.851, +0.163,+0.954
1605090420,+3.40, +4.851, +0.164,+0.954
1605090480,+3.40, +4.851, +0.164,+0.954
1605090540,+3.40, +4.861, +0.163,+0.954
1605090600,+3.40, +4.983, +0.164,+0.955
1605090660,+3.40, +5.064, +0.167,+0.955
1605090720,+3.40, +5.114, +0.173,+0.955
1605090780,+3.40, +5.134, +0.176,+0.955
1605090840,+3.40, +5.104, +0.173,+0.955
1605090900,+3.40, +5.023, +0.171,+0.954
1605090960,+3.40, +4.942, +0.168,+0.954
1605091020,+3.40, +4.942, +0.166,+0.954
1605091080,+3.40, +4.902, +0.166,+0.954
1605091140,+3.40, +4.881, +0.166,+0.954
1605091200,+3.40, +4.881, +0.164,+0.954
1605091260,+3.40, +4.922, +0.164,+0.954
1605091320,+3.40, +4.983, +0.164,+0.955
1605091380,+3.40, +4.952, +0.165,+0.954
1605091440,+3.40, +5.013, +0.163,+0.955
1605091500,+3.40, +4.983, +0.166,+0.955
1605091560,+3.40, +5.023, +0.167,+0.955
1605091620,+3.40, +4.993, +0.166,+0.954
1605091680,+3.40, +5.013, +0.165,+0.954
1605091740,+3.40, +4.973, +0.165,+0.954
1605091800,+3.40, +5.054, +0.164,+0.955
1605091860,+3.40, +5.104, +0.161,+0.955
1605091920,+3.40, +5.124, +0.162,+0.955
1605091980,+3.40, +5.124, +0.160,+0.954
1605092040,+3.40, +5.144, +0.163,+0.955
1605092100,+3.40, +5.195, +0.160,+0.955
1605092160,+3.40, +5.245, +0.161,+0.955
1605092220,+3.40, +5.245, +0.164,+0.955
1605092280,+3.40, +5.225, +0.165,+0.955
1605092340,+3.40, +5.275, +0.164,+0.955
1605092400,+3.40, +5.225, +0.167,+0.955
1605092460,+3.40, +5.285, +0.165,+0.955
1605092520,+3.40, +5.265, +0.166,+0.955
1605092580,+3.40, +5.275, +0.163,+0.955
1605092640,+3.40, +5.275, +0.165,+0.955
1605092700,+3.40, +5.295, +0.163,+0.955
1605092760,+3.40, +5.295, +0.163,+0.955
1605092820,+3.40, +5.285, +0.162,+0.955
1605092880,+3.40, +5.305, +0.163,+0.955
1605092940,+3.40, +5.285, +0.162,+0.955
1605093000,+3.40, +5.275, +0.161,+0.954
1605093060,+3.41, +5.255, +0.161,+0.954
1605093120,+3.40, +5.285, +0.159,+0.954
1605093180,+3.40, +5.285, +0.159,+0.955
1605093240,+3.40, +5.235, +0.158,+0.954
1605093300,+3.40, +5.175, +0.159,+0.954
1605093360,+3.40, +5.144, +0.158,+0.954
1605093420,+3.40, +5.134, +0.159,+0.954
1605093480,+3.40, +5.124, +0.159,+0.954
1605093540,+3.40, +5.124, +0.158,+0.954
1605093600,+3.40, +5.054, +0.159,+0.954
1605093660,+3.40, +5.084, +0.158,+0.954
1605093720,+3.40, +5.054, +0.159,+0.954
1605093780,+3.40, +5.114, +0.158,+0.954
1605093840,+3.40, +5.074, +0.160,+0.954
1605093900,+3.40, +5.084, +0.159,+0.954
1605093960,+3.40, +5.043, +0.161,+0.954
1605094020,+3.40, +5.074, +0.163,+0.955
1605094080,+3.40, +5.094, +0.163,+0.955
1605094140,+3.40, +5.124, +0.163,+0.954
1605094200,+3.40, +5.144, +0.164,+0.955
1605094260,+3.40, +5.144, +0.165,+0.955
1605094320,+3.40, +5.185, +0.165,+0.955
1605094380,+3.40, +5.205, +0.167,+0.955
1605094440,+3.40, +5.195, +0.168,+0.955
1605094500,+3.40, +5.255, +0.170,+0.955
1605094560,+3.40, +5.346, +0.184,+0.955
1605094620,+3.40, +5.335, +0.196,+0.956
1605094680,+3.40, +5.366, +0.199,+0.956
1605094740,+3.40, +5.446, +0.236,+0.956
1605094800,+3.40, +5.466, +0.262,+0.957
1605094860,+3.40, +5.446, +0.261,+0.957
1605094920,+3.40, +5.466, +0.250,+0.956
1605094980,+3.40, +5.476, +0.245,+0.956
1605095040,+3.41, +5.486, +0.244,+0.956
1605095100,+3.40, +5.496, +0.277,+0.957
1605095160,+3.40, +5.496, +0.277,+0.957
1605095220,+3.40, +5.506, +0.257,+0.956
1605095280,+3.40, +5.496, +0.235,+0.956
1605095340,+3.41, +5.506, +0.241,+0.956
1605095400,+3.41, +5.496, +0.327,+0.957
1605095460,+3.40, +5.426, +0.342,+0.958
1605095520,+3.40, +5.346, +0.337,+0.957
1605095580,+3.40, +5.275, +0.322,+0.957
1605095640,+3.40, +5.195, +0.295,+0.956
1605095700,+3.40, +5.134, +0.248,+0.955
1605095760,+3.40, +5.074, +0.233,+0.955
1605095820,+3.40, +5.033, +0.210,+0.955
1605095880,+3.40, +5.013, +0.195,+0.955
1605095940,+3.40, +5.023, +0.189,+0.955
1605096000,+3.41, +4.983, +0.185,+0.954
1605096060,+3.40, +4.983, +0.182,+0.954
1605096120,+3.40, +5.023, +0.181,+0.954
1605096180,+3.40, +5.013, +0.185,+0.955
1605096240,+3.40, +4.993, +0.184,+0.954
1605096300,+3.40, +5.003, +0.186,+0.955
1605096360,+3.40, +4.973, +0.183,+0.954
1605096420,+3.40, +4.983, +0.191,+0.955
1605096480,+3.40, +4.983, +0.194,+0.955
1605096540,+3.40, +5.013, +0.206,+0.955
1605096600,+3.40, +5.074, +0.236,+0.956
1605096660,+3.40, +5.033, +0.241,+0.956
1605096720,+3.40, +5.064, +0.257,+0.956
1605096780,+3.40, +5.084, +0.257,+0.956
1605096840,+3.40, +5.144, +0.285,+0.957
1605096900,+3.40, +5.205, +0.320,+0.957
1605096960,+3.40, +5.305, +0.384,+0.959
1605097020,+3.40, +5.366, +0.533,+0.961
1605097080,+3.40, +5.346, +0.584,+0.962
1605097140,+3.41, +5.406, +0.579,+0.962
1605097200,+3.41, +5.486, +0.710,+0.964
1605097260,+3.41, +5.546, +0.820,+0.966
1605097320,+3.41, +5.596, +0.936,+0.967
1605097380,+3.41, +5.566, +1.012,+0.968
1605097440,+3.40, +5.566, +0.984,+0.967
1605097500,+3.41, +5.496, +0.802,+0.965
1605097560,+3.40, +5.556, +0.623,+0.962
1605097620,+3.41, +5.526, +0.485,+0.960
1605097680,+3.41, +5.516, +0.410,+0.959
1605097740,+3.41, +5.506, +0.331,+0.957
1605097800,+3.41, +5.506, +0.383,+0.958
1605097860,+3.41, +5.526, +0.452,+0.960
1605097920,+3.41, +5.556, +0.584,+0.962
1605097980,+3.40, +5.536, +0.607,+0.962
1605098040,+3.40, +5.556, +0.559,+0.961
1605098100,+3.41, +5.616, +0.524,+0.961
1605098160,+3.41, +5.665, +0.600,+0.962
1605098220,+3.41, +5.685, +0.694,+0.964
1605098280,+3.41, +5.705, +0.714,+0.964
1605098340,+3.41, +5.735, +0.733,+0.964
1605098400,+3.40, +5.735, +0.912,+0.967
1605098460,+3.40, +5.715, +0.942,+0.967
1605098520,+3.40, +5.715, +1.077,+0.968
1605098580,+3.40, +5.655, +0.918,+0.966
1605098640,+3.40, +5.645, +0.908,+0.966
1605098700,+3.40, +5.586, +0.989,+0.967
1605098760,+3.40, +5.556, +0.917,+0.966
1605098820,+3.41, +5.486, +0.915,+0.966
1605098880,+3.41, +5.466, +0.807,+0.965
1605098940,+3.40, +5.456, +0.708,+0.963
1605099000,+3.40, +5.446, +0.640,+0.962
1605099060,+3.40, +5.436, +0.519,+0.960
1605099120,+3.40, +5.446, +0.423,+0.959
1605099180,+3.40, +5.386, +0.365,+0.958
1605099240,+3.40, +5.335, +0.324,+0.957
1605099300,+3.40, +5.285, +0.283,+0.956
1605099360,+3.40, +5.285, +0.251,+0.956
1605099420,+3.40, +5.285, +0.241,+0.956
1605099480,+3.40, +5.225, +0.237,+0.955
1605099540,+3.40, +5.215, +0.237,+0.956
1605099600,+3.41, +5.185, +0.235,+0.955
1605099660,+3.40, +5.195, +0.231,+0.955
1605099720,+3.40, +5.154, +0.214,+0.955
1605099780,+3.40, +5.114, +0.204,+0.955
1605099840,+3.40, +5.124, +0.198,+0.955
1605099900,+3.40, +5.074, +0.194,+0.955
1605099960,+3.40, +5.074, +0.192,+0.955
1605100020,+3.40, +5.104, +0.187,+0.954
1605100080,+3.40, +5.134, +0.183,+0.955
1605100140,+3.40, +5.104, +0.177,+0.955
1605100200,+3.40, +5.064, +0.176,+0.954
1605100260,+3.40, +5.064, +0.174,+0.955
1605100320,+3.40, +5.043, +0.174,+0.955
1605100380,+3.40, +5.054, +0.179,+0.955
1605100440,+3.40, +5.074, +0.181,+0.955
1605100500,+3.40, +5.013, +0.182,+0.954
1605100560,+3.40, +5.084, +0.194,+0.955
1605100620,+3.40, +5.134, +0.235,+0.956
1605100680,+3.40, +5.225, +0.248,+0.956
1605100740,+3.40, +5.265, +0.332,+0.958
1605100800,+3.40, +5.335, +0.454,+0.960
1605100860,+3.40, +5.325, +0.608,+0.962
1605100920,+3.40, +5.356, +0.669,+0.963
1605100980,+3.40, +5.356, +0.650,+0.963
1605101040,+3.40, +5.335, +0.629,+0.962
1605101100,+3.40, +5.305, +0.612,+0.962
1605101160,+3.40, +5.335, +0.569,+0.961
1605101220,+3.40, +5.305, +0.548,+0.961
1605101280,+3.40, +5.325, +0.515,+0.960
1605101340,+3.40, +5.315, +0.419,+0.959
1605101400,+3.40, +5.315, +0.354,+0.958
1605101460,+3.40, +5.305, +0.358,+0.958
1605101520,+3.40, +5.265, +0.401,+0.959
1605101580,+3.40, +5.275, +0.399,+0.959
1605101640,+3.40, +5.235, +0.395,+0.958
1605101700,+3.40, +5.275, +0.446,+0.959
1605101760,+3.40, +5.205, +0.465,+0.959
1605101820,+3.40, +5.144, +0.441,+0.959
1605101880,+3.40, +5.114, +0.411,+0.958
1605101940,+3.40, +5.084, +0.389,+0.958
1605102000,+3.40, +5.084, +0.347,+0.957
1605102060,+3.40, +5.054, +0.309,+0.957
1605102120,+3.40, +4.983, +0.265,+0.956
1605102180,+3.40, +4.942, +0.233,+0.955
1605102240,+3.40, +4.902, +0.210,+0.955
1605102300,+3.40, +4.912, +0.197,+0.954
1605102360,+3.40, +4.861, +0.191,+0.954
1605102420,+3.40, +4.821, +0.196,+0.954
1605102480,+3.40, +4.821, +0.217,+0.955
1605102540,+3.40, +4.780, +0.213,+0.955
1605102600,+3.40, +4.800, +0.205,+0.955
1605102660,+3.40, +4.770, +0.199,+0.955
1605102720,+3.40, +4.770, +0.196,+0.955
1605102780,+3.40, +4.780, +0.189,+0.955
1605102840,+3.40, +4.831, +0.187,+0.955
1605102900,+3.40, +4.851, +0.203,+0.955
1605102960,+3.40, +4.861, +0.215,+0.955
1605103020,+3.40, +4.912, +0.240,+0.956
1605103080,+3.40, +4.983, +0.249,+0.956
1605103140,+3.40, +5.003, +0.296,+0.957
1605103200,+3.40, +5.013, +0.309,+0.957
1605103260,+3.40, +5.013, +0.282,+0.957
1605103320,+3.40, +5.013, +0.262,+0.956
1605103380,+3.40, +5.074, +0.262,+0.956
1605103440,+3.40, +5.124, +0.287,+0.957
1605103500,+3.40, +5.205, +0.353,+0.958
1605103560,+3.40, +5.295, +0.524,+0.961
1605103620,+3.40, +5.386, +0.738,+0.964
1605103680,+3.41, +5.496, +1.290,+0.971
1605103740,+3.40, +5.586, +1.641,+0.974
1605103800,+3.40, +5.586, +1.833,+0.975
1605103860,+3.40, +5.596, +2.005,+0.976
1605103920,+3.40, +5.606, +2.115,+0.976
1605103980,+3.40, +5.636, +2.100,+0.976
1605104040,+3.40, +5.596, +1.845,+0.975
1605104100,+3.41, +5.616, +1.700,+0.974
1605104160,+3.40, +5.665, +1.936,+0.975
1605104220,+3.40, +5.685, +2.245,+0.977
1605104280,+3.40, +5.765, +2.662,+0.979
1605104340,+3.40, +5.725, +2.926,+0.979
1605104400,+3.40, +5.675, +2.909,+0.979
1605104460,+3.40, +5.616, +2.568,+0.978
1605104520,+3.40, +5.586, +2.377,+0.977
1605104580,+3.41, +5.486, +2.308,+0.976
1605104640,+3.41, +5.396, +2.138,+0.975
1605104700,+3.40, +5.315, +1.929,+0.974
1605104760,+3.40, +5.356, +1.671,+0.973
1605104820,+3.40, +5.346, +1.481,+0.971
1605104880,+3.40, +5.315, +1.324,+0.970
1605104940,+3.40, +5.275, +1.183,+0.968
1605105000,+3.41, +5.335, +1.103,+0.968
1605105060,+3.40, +5.325, +1.048,+0.967
1605105120,+3.40, +5.275, +1.023,+0.967
1605105180,+3.40, +5.325, +1.027,+0.967
1605105240,+3.40, +5.376, +1.143,+0.968
1605105300,+3.41, +5.315, +1.292,+0.970
1605105360,+3.40, +5.295, +1.347,+0.970
1605105420,+3.41, +5.255, +1.321,+0.970
1605105480,+3.40, +5.265, +1.276,+0.970
1605105540,+3.40, +5.275, +1.246,+0.969
1605105600,+3.41, +5.356, +1.196,+0.969
1605105660,+3.41, +5.436, +1.260,+0.970
1605105720,+3.40, +5.456, +1.398,+0.971
1605105780,+3.41, +5.396, +1.669,+0.973
1605105840,+3.40, +5.366, +1.815,+0.974
1605105900,+3.41, +5.386, +1.865,+0.974
1605105960,+3.40, +5.325, +1.789,+0.973
1605106020,+3.40, +5.325, +1.685,+0.973
1605106080,+3.40, +5.356, +1.455,+0.971
1605106140,+3.41, +5.386, +1.385,+0.971
1605106200,+3.41, +5.436, +1.389,+0.971
1605106260,+3.41, +5.476, +1.494,+0.972
1605106320,+3.41, +5.416, +1.432,+0.971
1605106380,+3.41, +5.396, +1.312,+0.970
1605106440,+3.41, +5.386, +1.239,+0.969
1605106500,+3.40, +5.285, +1.148,+0.968
1605106560,+3.40, +5.265, +1.063,+0.967
1605106620,+3.40, +5.215, +0.948,+0.966
1605106680,+3.40, +5.235, +0.822,+0.964
1605106740,+3.41, +5.366, +1.033,+0.967
1605106800,+3.41, +5.446, +1.330,+0.971
1605106860,+3.40, +5.506, +1.381,+0.971
1605106920,+3.41, +5.516, +1.381,+0.972
1605106980,+3.40, +5.546, +1.420,+0.972
1605107040,+3.41, +5.506, +1.478,+0.972
1605107100,+3.40, +5.526, +1.329,+0.971
1605107160,+3.41, +5.566, +1.628,+0.973
1605107220,+3.40, +5.616, +1.766,+0.974
1605107280,+3.41, +5.665, +1.854,+0.975
1605107340,+3.41, +5.616, +1.764,+0.974
1605107400,+3.41, +5.626, +1.644,+0.974
1605107460,+3.40, +5.626, +1.587,+0.973
1605107520,+3.41, +5.695, +1.664,+0.974
1605107580,+3.41, +5.705, +1.859,+0.975
1605107640,+3.41, +5.586, +1.384,+0.971
1605107700,+3.41, +5.476, +1.111,+0.968
1605107760,+3.41, +5.396, +0.966,+0.966
1605107820,+3.41, +5.396, +0.846,+0.965
1605107880,+3.41, +5.406, +0.763,+0.964
1605107940,+3.41, +5.466, +0.737,+0.964
1605108000,+3.41, +5.566, +0.724,+0.964
1605108060,+3.41, +5.516, +0.737,+0.964
1605108120,+3.41, +5.476, +0.747,+0.964
1605108180,+3.40, +5.496, +0.724,+0.963
1605108240,+3.41, +5.476, +0.667,+0.963
1605108300,+3.41, +5.406, +0.645,+0.962
1605108360,+3.40, +5.275, +0.522,+0.960
1605108420,+3.40, +5.215, +0.446,+0.959
1605108480,+3.40, +5.124, +0.408,+0.958
1605108540,+3.40, +5.084, +0.371,+0.957
1605108600,+3.41, +5.064, +0.322,+0.956
1605108660,+3.40, +5.074, +0.299,+0.956
1605108720,+3.40, +5.084, +0.271,+0.956
1605108780,+3.40, +5.124, +0.255,+0.956
1605108840,+3.41, +5.084, +0.238,+0.955
1605108900,+3.40, +5.084, +0.226,+0.955
1605108960,+3.40, +5.043, +0.215,+0.955
1605109020,+3.40, +5.043, +0.209,+0.955
1605109080,+3.40, +5.023, +0.203,+0.955
1605109140,+3.40, +4.993, +0.200,+0.955
1605109200,+3.40, +4.973, +0.197,+0.955
1605109260,+3.40, +4.952, +0.194,+0.955
1605109320,+3.40, +4.973, +0.192,+0.954
1605109380,+3.40, +4.983, +0.194,+0.955
1605109440,+3.40, +4.952, +0.196,+0.955
1605109500,+3.40, +5.043, +0.196,+0.955
1605109560,+3.40, +5.154, +0.206,+0.955
1605109620,+3.40, +5.265, +0.314,+0.957
1605109680,+3.40, +5.396, +0.683,+0.963
1605109740,+3.41, +5.446, +0.965,+0.967
1605109800,+3.40, +5.546, +1.598,+0.973
1605109860,+3.41, +5.636, +2.070,+0.976
1605109920,+3.40, +5.655, +2.359,+0.977
1605109980,+3.41, +5.715, +2.536,+0.978
1605110040,+3.40, +5.745, +2.750,+0.979
1605110100,+3.40, +5.725, +3.028,+0.980
1605110160,+3.41, +5.785, +3.212,+0.980
1605110220,+3.41, +5.795, +3.357,+0.980
1605110280,+3.41, +5.844, +3.472,+0.980
1605110340,+3.41, +5.834, +3.682,+0.980
1605110400,+3.40, +5.854, +3.876,+0.980
1605110460,+3.41, +5.854, +3.946,+0.981
1605110520,+3.40, +5.854, +3.949,+0.980
1605110580,+3.41, +5.824, +3.978,+0.980
1605110640,+3.41, +5.864, +4.011,+0.981
1605110700,+3.41, +5.874, +4.057,+0.980
1605110760,+3.40, +5.864, +4.064,+0.981
1605110820,+3.40, +5.884, +4.032,+0.980
1605110880,+3.41, +5.874, +4.009,+0.980
1605110940,+3.41, +5.884, +4.030,+0.981
1605111000,+3.41, +5.884, +4.193,+0.981
1605111060,+3.41, +5.894, +4.263,+0.981
1605111120,+3.41, +5.874, +4.295,+0.980
1605111180,+3.41, +5.884, +4.299,+0.980
1605111240,+3.41, +5.864, +4.291,+0.980
1605111300,+3.40, +5.824, +4.247,+0.980
1605111360,+3.41, +5.775, +4.021,+0.980
1605111420,+3.40, +5.795, +3.727,+0.980
1605111480,+3.41, +5.755, +3.650,+0.980
1605111540,+3.41, +5.745, +3.600,+0.980
1605111600,+3.41, +5.715, +3.612,+0.980
1605111660,+3.41, +5.715, +3.603,+0.980
1605111720,+3.41, +5.745, +3.535,+0.980
1605111780,+3.41, +5.725, +3.587,+0.980
1605111840,+3.41, +5.685, +3.446,+0.979
1605111900,+3.41, +5.626, +3.192,+0.979
1605111960,+3.41, +5.566, +2.874,+0.978
1605112020,+3.41, +5.476, +2.650,+0.977
1605112080,+3.41, +5.446, +2.451,+0.976
1605112140,+3.41, +5.366, +2.156,+0.975
1605112200,+3.41, +5.305, +1.769,+0.973
1605112260,+3.41, +5.265, +1.361,+0.970
1605112320,+3.41, +5.225, +1.103,+0.967
1605112380,+3.41, +5.225, +0.923,+0.965
1605112440,+3.40, +5.235, +0.807,+0.964
1605112500,+3.41, +5.235, +0.735,+0.963
1605112560,+3.40, +5.195, +0.627,+0.962
1605112620,+3.41, +5.215, +0.494,+0.960
1605112680,+3.41, +5.175, +0.413,+0.958
1605112740,+3.41, +5.165, +0.385,+0.958
1605112800,+3.41, +5.154, +0.362,+0.958
