7392-570653
OS REV: 1.11 Sensor Cal: 1428445788
Time (sec),  BV (Volts),  T (deg C),  DO (mg/l),  Q ()
1613752860,+3.38, +2.726, +0.176,+0.961
1613752920,+3.38, +2.726, +0.175,+0.961
1613752980,+3.38, +2.704, +0.176,+0.961
1613753040,+3.38, +2.736, +0.176,+0.961
1613753100,+3.38, +2.694, +0.176,+0.961
1613753160,+3.38, +2.747, +0.176,+0.961
1613753220,+3.38, +2.736, +0.176,+0.961
1613753280,+3.38, +2.726, +0.177,+0.961
1613753340,+3.38, +2.715, +0.178,+0.961
1613753400,+3.38, +2.694, +0.176,+0.961
1613753460,+3.38, +2.704, +0.177,+0.961
1613753520,+3.38, +2.715, +0.176,+0.961
1613753580,+3.38, +2.736, +0.176,+0.961
1613753640,+3.38, +2.726, +0.177,+0.961
1613753700,+3.39, +2.694, +0.176,+0.961
1613753760,+3.38, +2.715, +0.176,+0.961
1613753820,+3.38, +2.694, +0.176,+0.961
1613753880,+3.38, +2.704, +0.177,+0.961
1613753940,+3.38, +2.715, +0.175,+0.961
1613754000,+3.38, +2.736, +0.177,+0.963
1613754060,+3.38, +2.715, +0.177,+0.963
1613754120,+3.38, +2.726, +0.176,+0.962
1613754180,+3.38, +2.704, +0.175,+0.962
1613754240,+3.38, +2.704, +0.176,+0.962
1613754300,+3.38, +2.758, +0.176,+0.962
1613754360,+3.38, +2.683, +0.177,+0.962
1613754420,+3.38, +2.715, +0.177,+0.962
1613754480,+3.38, +2.736, +0.177,+0.962
1613754540,+3.38, +2.715, +0.176,+0.962
1613754600,+3.38, +2.726, +0.176,+0.962
1613754660,+3.38, +2.704, +0.176,+0.962
1613754720,+3.38, +2.726, +0.176,+0.962
1613754780,+3.38, +2.736, +0.173,+0.962
1613754840,+3.38, +2.683, +0.176,+0.962
1613754900,+3.38, +2.747, +0.176,+0.962
1613754960,+3.38, +2.726, +0.177,+0.962
1613755020,+3.38, +2.704, +0.176,+0.962
1613755080,+3.38, +2.736, +0.175,+0.962
1613755140,+3.38, +2.683, +0.176,+0.962
1613755200,+3.38, +2.715, +0.176,+0.962
1613755260,+3.38, +2.715, +0.176,+0.962
1613755320,+3.38, +2.683, +0.178,+0.962
1613755380,+3.38, +2.704, +0.177,+0.962
1613755440,+3.38, +2.683, +0.176,+0.962
1613755500,+3.38, +2.704, +0.175,+0.962
1613755560,+3.38, +2.726, +0.175,+0.962
1613755620,+3.38, +2.715, +0.177,+0.962
1613755680,+3.38, +2.704, +0.175,+0.962
1613755740,+3.38, +2.672, +0.177,+0.962
1613755800,+3.38, +2.694, +0.176,+0.962
1613755860,+3.38, +2.651, +0.176,+0.962
1613755920,+3.38, +2.726, +0.178,+0.962
1613755980,+3.38, +2.704, +0.176,+0.962
1613756040,+3.38, +2.726, +0.175,+0.962
1613756100,+3.38, +2.694, +0.176,+0.962
1613756160,+3.38, +2.715, +0.175,+0.962
1613756220,+3.38, +2.672, +0.174,+0.962
1613756280,+3.38, +2.704, +0.175,+0.962
1613756340,+3.38, +2.694, +0.176,+0.962
1613756400,+3.38, +2.704, +0.175,+0.962
1613756460,+3.38, +2.704, +0.175,+0.962
1613756520,+3.38, +2.704, +0.176,+0.962
1613756580,+3.38, +2.736, +0.175,+0.962
1613756640,+3.38, +2.683, +0.176,+0.962
1613756700,+3.38, +2.683, +0.177,+0.962
1613756760,+3.38, +2.704, +0.175,+0.962
1613756820,+3.38, +2.672, +0.177,+0.962
1613756880,+3.38, +2.704, +0.176,+0.962
1613756940,+3.38, +2.694, +0.177,+0.962
1613757000,+3.38, +2.694, +0.177,+0.962
1613757060,+3.38, +2.694, +0.175,+0.962
1613757120,+3.38, +2.715, +0.175,+0.962
1613757180,+3.39, +2.704, +0.174,+0.962
1613757240,+3.38, +2.704, +0.176,+0.962
1613757300,+3.39, +2.715, +0.177,+0.962
1613757360,+3.38, +2.704, +0.175,+0.962
1613757420,+3.38, +2.694, +0.179,+0.962
1613757480,+3.38, +2.704, +0.176,+0.962
1613757540,+3.39, +2.704, +0.177,+0.962
1613757600,+3.38, +2.715, +0.176,+0.962
1613757660,+3.38, +2.715, +0.175,+0.962
1613757720,+3.38, +2.704, +0.177,+0.962
1613757780,+3.38, +2.704, +0.176,+0.962
1613757840,+3.38, +2.736, +0.176,+0.962
1613757900,+3.39, +2.694, +0.177,+0.962
1613757960,+3.38, +2.704, +0.176,+0.962
1613758020,+3.38, +2.704, +0.177,+0.962
1613758080,+3.38, +2.704, +0.178,+0.962
1613758140,+3.39, +2.715, +0.176,+0.962
1613758200,+3.38, +2.683, +0.175,+0.962
1613758260,+3.38, +2.704, +0.178,+0.962
1613758320,+3.38, +2.715, +0.175,+0.962
1613758380,+3.38, +2.715, +0.176,+0.962
1613758440,+3.38, +2.683, +0.176,+0.962
1613758500,+3.38, +2.683, +0.176,+0.962
1613758560,+3.38, +2.629, +0.177,+0.962
1613758620,+3.38, +2.715, +0.175,+0.962
1613758680,+3.39, +2.694, +0.175,+0.962
1613758740,+3.38, +2.726, +0.177,+0.962
1613758800,+3.38, +2.672, +0.177,+0.962
1613758860,+3.38, +2.726, +0.174,+0.962
1613758920,+3.38, +2.672, +0.176,+0.962
1613758980,+3.38, +2.683, +0.175,+0.962
1613759040,+3.38, +2.683, +0.177,+0.962
1613759100,+3.38, +2.715, +0.174,+0.962
1613759160,+3.38, +2.683, +0.177,+0.962
1613759220,+3.38, +2.672, +0.178,+0.962
1613759280,+3.38, +2.715, +0.177,+0.962
1613759340,+3.38, +2.694, +0.177,+0.962
1613759400,+3.38, +2.694, +0.177,+0.962
1613759460,+3.38, +2.715, +0.176,+0.962
1613759520,+3.38, +2.683, +0.178,+0.962
1613759580,+3.38, +2.726, +0.176,+0.962
1613759640,+3.38, +2.694, +0.175,+0.962
1613759700,+3.38, +2.694, +0.176,+0.962
1613759760,+3.38, +2.683, +0.175,+0.962
1613759820,+3.38, +2.715, +0.175,+0.962
1613759880,+3.38, +2.715, +0.177,+0.962
1613759940,+3.38, +2.704, +0.175,+0.962
1613760000,+3.38, +2.694, +0.176,+0.962
1613760060,+3.38, +2.694, +0.177,+0.962
1613760120,+3.38, +2.694, +0.176,+0.962
1613760180,+3.38, +2.683, +0.176,+0.962
1613760240,+3.38, +2.694, +0.176,+0.962
1613760300,+3.38, +2.704, +0.175,+0.962
1613760360,+3.38, +2.672, +0.176,+0.962
1613760420,+3.38, +2.661, +0.177,+0.962
1613760480,+3.38, +2.694, +0.177,+0.962
1613760540,+3.38, +2.704, +0.176,+0.962
1613760600,+3.38, +2.715, +0.174,+0.962
1613760660,+3.38, +2.715, +0.176,+0.962
1613760720,+3.39, +2.704, +0.175,+0.962
1613760780,+3.38, +2.694, +0.176,+0.962
1613760840,+3.38, +2.694, +0.175,+0.962
1613760900,+3.38, +2.694, +0.175,+0.962
1613760960,+3.38, +2.694, +0.176,+0.962
1613761020,+3.38, +2.704, +0.176,+0.962
1613761080,+3.38, +2.694, +0.175,+0.962
1613761140,+3.38, +2.672, +0.177,+0.962
1613761200,+3.39, +2.704, +0.176,+0.962
1613761260,+3.39, +2.694, +0.175,+0.962
1613761320,+3.38, +2.694, +0.177,+0.962
1613761380,+3.38, +2.715, +0.175,+0.962
1613761440,+3.38, +2.715, +0.177,+0.962
1613761500,+3.38, +2.661, +0.176,+0.962
1613761560,+3.38, +2.726, +0.175,+0.962
1613761620,+3.38, +2.672, +0.177,+0.962
1613761680,+3.38, +2.661, +0.178,+0.962
1613761740,+3.38, +2.683, +0.177,+0.962
1613761800,+3.38, +2.694, +0.175,+0.962
1613761860,+3.38, +2.694, +0.175,+0.962
1613761920,+3.38, +2.704, +0.176,+0.962
1613761980,+3.38, +2.694, +0.175,+0.962
1613762040,+3.38, +2.704, +0.177,+0.962
1613762100,+3.38, +2.683, +0.176,+0.962
1613762160,+3.38, +2.661, +0.177,+0.962
1613762220,+3.38, +2.704, +0.175,+0.962
1613762280,+3.38, +2.672, +0.177,+0.962
1613762340,+3.38, +2.715, +0.176,+0.962
1613762400,+3.38, +2.694, +0.175,+0.962
1613762460,+3.39, +2.704, +0.177,+0.962
1613762520,+3.38, +2.683, +0.177,+0.962
1613762580,+3.38, +2.704, +0.175,+0.962
1613762640,+3.38, +2.704, +0.176,+0.962
1613762700,+3.38, +2.694, +0.175,+0.962
1613762760,+3.38, +2.694, +0.177,+0.962
1613762820,+3.38, +2.704, +0.177,+0.962
1613762880,+3.38, +2.704, +0.175,+0.962
1613762940,+3.38, +2.672, +0.176,+0.962
1613763000,+3.39, +2.683, +0.177,+0.962
1613763060,+3.38, +2.694, +0.176,+0.962
1613763120,+3.38, +2.704, +0.175,+0.962
1613763180,+3.38, +2.704, +0.175,+0.962
1613763240,+3.38, +2.704, +0.176,+0.962
1613763300,+3.38, +2.672, +0.176,+0.962
1613763360,+3.38, +2.694, +0.176,+0.962
1613763420,+3.38, +2.672, +0.177,+0.962
1613763480,+3.38, +2.672, +0.177,+0.962
1613763540,+3.38, +2.715, +0.176,+0.962
1613763600,+3.38, +2.694, +0.176,+0.962
1613763660,+3.38, +2.694, +0.174,+0.962
1613763720,+3.38, +2.704, +0.176,+0.962
1613763780,+3.38, +2.704, +0.176,+0.962
1613763840,+3.38, +2.704, +0.174,+0.962
1613763900,+3.39, +2.694, +0.176,+0.962
1613763960,+3.38, +2.704, +0.177,+0.962
1613764020,+3.38, +2.694, +0.177,+0.962
1613764080,+3.38, +2.672, +0.177,+0.962
1613764140,+3.38, +2.694, +0.177,+0.962
1613764200,+3.38, +2.672, +0.175,+0.962
1613764260,+3.39, +2.715, +0.177,+0.962
1613764320,+3.38, +2.683, +0.176,+0.962
1613764380,+3.38, +2.683, +0.177,+0.962
1613764440,+3.38, +2.683, +0.176,+0.962
1613764500,+3.38, +2.704, +0.176,+0.962
1613764560,+3.38, +2.704, +0.176,+0.962
1613764620,+3.38, +2.672, +0.176,+0.962
1613764680,+3.39, +2.704, +0.174,+0.962
1613764740,+3.38, +2.683, +0.176,+0.962
1613764800,+3.38, +2.694, +0.177,+0.962
1613764860,+3.38, +2.683, +0.176,+0.962
1613764920,+3.38, +2.683, +0.175,+0.962
1613764980,+3.38, +2.683, +0.176,+0.962
1613765040,+3.38, +2.694, +0.176,+0.962
1613765100,+3.38, +2.683, +0.177,+0.962
1613765160,+3.38, +2.704, +0.175,+0.962
1613765220,+3.38, +2.661, +0.176,+0.962
1613765280,+3.38, +2.704, +0.178,+0.962
1613765340,+3.38, +2.683, +0.178,+0.962
1613765400,+3.38, +2.672, +0.176,+0.962
1613765460,+3.38, +2.683, +0.176,+0.962
1613765520,+3.38, +2.726, +0.177,+0.962
1613765580,+3.38, +2.704, +0.176,+0.962
1613765640,+3.38, +2.694, +0.177,+0.962
1613765700,+3.38, +2.672, +0.176,+0.962
1613765760,+3.38, +2.683, +0.176,+0.962
1613765820,+3.39, +2.726, +0.175,+0.962
1613765880,+3.38, +2.704, +0.177,+0.962
1613765940,+3.38, +2.694, +0.175,+0.962
1613766000,+3.38, +2.683, +0.176,+0.962
1613766060,+3.38, +2.683, +0.177,+0.962
1613766120,+3.38, +2.694, +0.176,+0.962
1613766180,+3.38, +2.683, +0.175,+0.962
1613766240,+3.38, +2.704, +0.175,+0.962
1613766300,+3.38, +2.694, +0.177,+0.962
1613766360,+3.39, +2.715, +0.176,+0.962
1613766420,+3.38, +2.704, +0.177,+0.962
1613766480,+3.38, +2.715, +0.175,+0.962
1613766540,+3.38, +2.683, +0.176,+0.962
1613766600,+3.38, +2.694, +0.177,+0.962
1613766660,+3.38, +2.683, +0.176,+0.962
1613766720,+3.38, +2.726, +0.175,+0.962
1613766780,+3.38, +2.672, +0.177,+0.962
1613766840,+3.38, +2.715, +0.175,+0.962
1613766900,+3.38, +2.726, +0.176,+0.962
1613766960,+3.38, +2.694, +0.175,+0.962
1613767020,+3.38, +2.683, +0.177,+0.962
1613767080,+3.38, +2.683, +0.177,+0.962
1613767140,+3.38, +2.683, +0.175,+0.962
1613767200,+3.38, +2.715, +0.176,+0.962
1613767260,+3.38, +2.694, +0.175,+0.962
1613767320,+3.38, +2.672, +0.176,+0.962
1613767380,+3.38, +2.683, +0.177,+0.962
1613767440,+3.38, +2.704, +0.176,+0.962
1613767500,+3.38, +2.736, +0.177,+0.962
1613767560,+3.39, +2.715, +0.176,+0.962
1613767620,+3.38, +2.672, +0.176,+0.962
1613767680,+3.38, +2.704, +0.176,+0.962
1613767740,+3.38, +2.661, +0.177,+0.962
1613767800,+3.38, +2.715, +0.175,+0.962
1613767860,+3.38, +2.683, +0.176,+0.962
1613767920,+3.38, +2.704, +0.178,+0.962
1613767980,+3.38, +2.715, +0.177,+0.962
1613768040,+3.38, +2.694, +0.177,+0.962
1613768100,+3.38, +2.694, +0.176,+0.962
1613768160,+3.38, +2.683, +0.176,+0.962
1613768220,+3.39, +2.715, +0.174,+0.962
1613768280,+3.38, +2.726, +0.176,+0.962
1613768340,+3.38, +2.683, +0.176,+0.962
1613768400,+3.38, +2.694, +0.176,+0.962
1613768460,+3.39, +2.715, +0.175,+0.962
1613768520,+3.38, +2.694, +0.177,+0.962
1613768580,+3.38, +2.683, +0.177,+0.962
1613768640,+3.39, +2.715, +0.175,+0.962
1613768700,+3.38, +2.704, +0.176,+0.962
1613768760,+3.38, +2.726, +0.177,+0.962
1613768820,+3.38, +2.694, +0.176,+0.962
1613768880,+3.38, +2.683, +0.176,+0.962
1613768940,+3.38, +2.704, +0.176,+0.962
1613769000,+3.38, +2.683, +0.177,+0.962
1613769060,+3.38, +2.683, +0.178,+0.962
1613769120,+3.38, +2.683, +0.176,+0.962
1613769180,+3.38, +2.694, +0.177,+0.962
1613769240,+3.38, +2.694, +0.177,+0.962
1613769300,+3.38, +2.694, +0.176,+0.962
1613769360,+3.39, +2.715, +0.177,+0.962
1613769420,+3.38, +2.704, +0.177,+0.962
1613769480,+3.38, +2.715, +0.176,+0.962
1613769540,+3.38, +2.704, +0.176,+0.962
1613769600,+3.38, +2.704, +0.177,+0.962
1613769660,+3.38, +2.704, +0.174,+0.962
1613769720,+3.38, +2.704, +0.176,+0.962
1613769780,+3.38, +2.736, +0.177,+0.962
1613769840,+3.38, +2.726, +0.176,+0.962
1613769900,+3.38, +2.694, +0.176,+0.962
1613769960,+3.38, +2.704, +0.176,+0.962
1613770020,+3.39, +2.715, +0.176,+0.962
1613770080,+3.38, +2.704, +0.176,+0.962
1613770140,+3.38, +2.704, +0.175,+0.962
1613770200,+3.39, +2.704, +0.175,+0.962
1613770260,+3.38, +2.704, +0.176,+0.962
1613770320,+3.38, +2.694, +0.175,+0.962
1613770380,+3.38, +2.694, +0.176,+0.962
1613770440,+3.39, +2.736, +0.177,+0.962
1613770500,+3.38, +2.726, +0.175,+0.962
1613770560,+3.38, +2.683, +0.177,+0.962
1613770620,+3.38, +2.704, +0.174,+0.962
1613770680,+3.38, +2.672, +0.176,+0.962
1613770740,+3.38, +2.694, +0.176,+0.961
1613770800,+3.38, +2.715, +0.177,+0.962
1613770860,+3.38, +2.704, +0.176,+0.962
1613770920,+3.38, +2.672, +0.178,+0.962
1613770980,+3.38, +2.683, +0.177,+0.962
1613771040,+3.39, +2.747, +0.175,+0.962
1613771100,+3.38, +2.694, +0.178,+0.962
1613771160,+3.39, +2.715, +0.175,+0.962
1613771220,+3.38, +2.683, +0.177,+0.962
1613771280,+3.38, +2.694, +0.177,+0.962
1613771340,+3.38, +2.694, +0.177,+0.962
1613771400,+3.38, +2.715, +0.175,+0.962
1613771460,+3.38, +2.704, +0.176,+0.962
1613771520,+3.38, +2.704, +0.177,+0.962
1613771580,+3.38, +2.704, +0.175,+0.962
1613771640,+3.38, +2.694, +0.176,+0.962
1613771700,+3.38, +2.704, +0.176,+0.962
1613771760,+3.39, +2.715, +0.176,+0.962
1613771820,+3.38, +2.747, +0.174,+0.962
1613771880,+3.38, +2.694, +0.176,+0.962
1613771940,+3.38, +2.704, +0.177,+0.962
1613772000,+3.38, +2.726, +0.174,+0.962
1613772060,+3.38, +2.704, +0.176,+0.962
1613772120,+3.38, +2.715, +0.176,+0.962
1613772180,+3.38, +2.694, +0.178,+0.962
1613772240,+3.38, +2.715, +0.178,+0.962
1613772300,+3.38, +2.715, +0.175,+0.962
1613772360,+3.38, +2.715, +0.177,+0.962
1613772420,+3.39, +2.715, +0.175,+0.962
1613772480,+3.38, +2.715, +0.177,+0.962
1613772540,+3.38, +2.694, +0.175,+0.962
1613772600,+3.38, +2.704, +0.176,+0.962
1613772660,+3.38, +2.704, +0.176,+0.962
1613772720,+3.38, +2.736, +0.176,+0.962
1613772780,+3.39, +2.726, +0.176,+0.962
1613772840,+3.38, +2.726, +0.176,+0.962
1613772900,+3.38, +2.694, +0.177,+0.962
1613772960,+3.39, +2.715, +0.176,+0.962
1613773020,+3.38, +2.715, +0.175,+0.962
1613773080,+3.38, +2.704, +0.176,+0.962
1613773140,+3.38, +2.704, +0.176,+0.962
1613773200,+3.38, +2.694, +0.178,+0.962
1613773260,+3.38, +2.715, +0.175,+0.962
1613773320,+3.38, +2.704, +0.177,+0.962
1613773380,+3.38, +2.715, +0.175,+0.962
1613773440,+3.38, +2.704, +0.176,+0.962
1613773500,+3.38, +2.694, +0.176,+0.962
1613773560,+3.38, +2.704, +0.176,+0.962
1613773620,+3.39, +2.726, +0.176,+0.962
1613773680,+3.38, +2.726, +0.176,+0.962
1613773740,+3.38, +2.694, +0.177,+0.962
1613773800,+3.38, +2.704, +0.175,+0.962
1613773860,+3.38, +2.694, +0.177,+0.962
1613773920,+3.38, +2.704, +0.176,+0.962
1613773980,+3.39, +2.704, +0.176,+0.962
1613774040,+3.38, +2.683, +0.175,+0.962
1613774100,+3.38, +2.715, +0.175,+0.962
1613774160,+3.38, +2.726, +0.175,+0.962
1613774220,+3.38, +2.704, +0.177,+0.962
1613774280,+3.38, +2.715, +0.174,+0.962
1613774340,+3.38, +2.704, +0.177,+0.962
1613774400,+3.38, +2.694, +0.177,+0.962
1613774460,+3.39, +2.715, +0.175,+0.962
1613774520,+3.39, +2.715, +0.177,+0.962
1613774580,+3.38, +2.694, +0.175,+0.962
1613774640,+3.38, +2.683, +0.177,+0.962
1613774700,+3.38, +2.694, +0.178,+0.962
1613774760,+3.38, +2.704, +0.176,+0.962
1613774820,+3.38, +2.704, +0.175,+0.961
1613774880,+3.38, +2.683, +0.176,+0.962
1613774940,+3.38, +2.704, +0.175,+0.962
1613775000,+3.38, +2.715, +0.176,+0.962
1613775060,+3.38, +2.715, +0.176,+0.962
1613775120,+3.38, +2.704, +0.176,+0.962
1613775180,+3.38, +2.694, +0.176,+0.962
1613775240,+3.38, +2.715, +0.176,+0.962
1613775300,+3.38, +2.704, +0.175,+0.962
1613775360,+3.38, +2.704, +0.176,+0.962
1613775420,+3.38, +2.715, +0.176,+0.962
1613775480,+3.38, +2.726, +0.174,+0.962
1613775540,+3.38, +2.704, +0.177,+0.962
1613775600,+3.38, +2.704, +0.176,+0.962
1613775660,+3.39, +2.726, +0.175,+0.962
1613775720,+3.39, +2.726, +0.175,+0.962
1613775780,+3.38, +2.715, +0.176,+0.962
1613775840,+3.38, +2.704, +0.178,+0.962
1613775900,+3.38, +2.715, +0.176,+0.962
1613775960,+3.39, +2.747, +0.175,+0.962
1613776020,+3.39, +2.726, +0.176,+0.962
1613776080,+3.39, +2.704, +0.176,+0.962
1613776140,+3.38, +2.726, +0.176,+0.962
1613776200,+3.38, +2.704, +0.176,+0.962
1613776260,+3.38, +2.715, +0.176,+0.962
1613776320,+3.38, +2.704, +0.176,+0.962
1613776380,+3.38, +2.715, +0.175,+0.962
1613776440,+3.38, +2.736, +0.176,+0.962
1613776500,+3.38, +2.704, +0.177,+0.962
1613776560,+3.39, +2.726, +0.175,+0.962
1613776620,+3.39, +2.704, +0.177,+0.962
1613776680,+3.38, +2.726, +0.176,+0.962
1613776740,+3.38, +2.715, +0.176,+0.962
1613776800,+3.38, +2.715, +0.177,+0.962
1613776860,+3.39, +2.715, +0.175,+0.962
1613776920,+3.38, +2.704, +0.176,+0.962
1613776980,+3.38, +2.715, +0.177,+0.962
1613777040,+3.38, +2.736, +0.175,+0.962
1613777100,+3.38, +2.736, +0.175,+0.962
1613777160,+3.38, +2.715, +0.176,+0.962
1613777220,+3.39, +2.747, +0.175,+0.962
1613777280,+3.38, +2.715, +0.176,+0.962
1613777340,+3.38, +2.694, +0.176,+0.962
1613777400,+3.38, +2.768, +0.176,+0.962
1613777460,+3.38, +2.661, +0.178,+0.962
1613777520,+3.38, +2.704, +0.177,+0.962
1613777580,+3.38, +2.683, +0.177,+0.962
1613777640,+3.39, +2.726, +0.176,+0.962
1613777700,+3.38, +2.704, +0.176,+0.962
1613777760,+3.38, +2.704, +0.176,+0.962
1613777820,+3.38, +2.736, +0.175,+0.962
1613777880,+3.39, +2.726, +0.175,+0.962
1613777940,+3.38, +2.704, +0.178,+0.962
1613778000,+3.38, +2.704, +0.177,+0.962
1613778060,+3.38, +2.704, +0.177,+0.962
1613778120,+3.38, +2.683, +0.176,+0.962
1613778180,+3.38, +2.694, +0.176,+0.962
1613778240,+3.38, +2.726, +0.178,+0.962
1613778300,+3.38, +2.715, +0.176,+0.962
1613778360,+3.38, +2.704, +0.175,+0.962
1613778420,+3.38, +2.704, +0.176,+0.962
1613778480,+3.39, +2.694, +0.177,+0.962
1613778540,+3.38, +2.704, +0.177,+0.962
1613778600,+3.38, +2.715, +0.175,+0.962
1613778660,+3.38, +2.715, +0.175,+0.962
1613778720,+3.38, +2.704, +0.177,+0.962
1613778780,+3.38, +2.715, +0.176,+0.962
1613778840,+3.39, +2.683, +0.174,+0.961
1613778900,+3.38, +2.726, +0.176,+0.962
1613778960,+3.38, +2.704, +0.176,+0.962
1613779020,+3.38, +2.736, +0.175,+0.962
1613779080,+3.38, +2.704, +0.176,+0.962
1613779140,+3.38, +2.672, +0.177,+0.962
1613779200,+3.38, +2.715, +0.176,+0.962
1613779260,+3.38, +2.704, +0.176,+0.962
1613779320,+3.39, +2.726, +0.176,+0.962
1613779380,+3.38, +2.704, +0.176,+0.962
1613779440,+3.38, +2.683, +0.176,+0.962
1613779500,+3.39, +2.715, +0.175,+0.962
1613779560,+3.38, +2.715, +0.176,+0.962
1613779620,+3.38, +2.694, +0.176,+0.962
1613779680,+3.38, +2.694, +0.178,+0.962
1613779740,+3.38, +2.715, +0.177,+0.962
1613779800,+3.38, +2.694, +0.176,+0.962
1613779860,+3.39, +2.726, +0.175,+0.962
1613779920,+3.38, +2.704, +0.176,+0.962
1613779980,+3.38, +2.694, +0.177,+0.962
1613780040,+3.38, +2.726, +0.176,+0.962
1613780100,+3.38, +2.704, +0.176,+0.962
1613780160,+3.38, +2.715, +0.174,+0.961
1613780220,+3.39, +2.747, +0.176,+0.962
1613780280,+3.38, +2.661, +0.178,+0.962
1613780340,+3.38, +2.704, +0.176,+0.961
1613780400,+3.38, +2.704, +0.176,+0.962
1613780460,+3.39, +2.683, +0.176,+0.961
1613780520,+3.38, +2.715, +0.177,+0.962
1613780580,+3.38, +2.704, +0.177,+0.962
1613780640,+3.39, +2.736, +0.175,+0.962
1613780700,+3.38, +2.651, +0.176,+0.962
1613780760,+3.38, +2.715, +0.176,+0.962
1613780820,+3.38, +2.715, +0.174,+0.961
1613780880,+3.38, +2.726, +0.176,+0.962
1613780940,+3.38, +2.704, +0.175,+0.962
1613781000,+3.38, +2.704, +0.174,+0.962
1613781060,+3.39, +2.651, +0.176,+0.961
1613781120,+3.38, +2.704, +0.176,+0.962
1613781180,+3.38, +2.694, +0.174,+0.961
1613781240,+3.38, +2.704, +0.175,+0.962
1613781300,+3.38, +2.715, +0.176,+0.962
1613781360,+3.38, +2.704, +0.177,+0.962
1613781420,+3.38, +2.704, +0.176,+0.962
1613781480,+3.38, +2.704, +0.176,+0.962
1613781540,+3.38, +2.715, +0.176,+0.962
1613781600,+3.38, +2.758, +0.176,+0.962
1613781660,+3.38, +2.694, +0.177,+0.962
1613781720,+3.38, +2.715, +0.176,+0.962
1613781780,+3.38, +2.704, +0.177,+0.962
1613781840,+3.39, +2.683, +0.178,+0.962
1613781900,+3.38, +2.726, +0.176,+0.962
1613781960,+3.38, +2.704, +0.177,+0.962
1613782020,+3.39, +2.704, +0.174,+0.962
1613782080,+3.38, +2.683, +0.175,+0.962
1613782140,+3.38, +2.704, +0.176,+0.962
1613782200,+3.38, +2.715, +0.175,+0.962
1613782260,+3.38, +2.694, +0.176,+0.962
1613782320,+3.38, +2.726, +0.174,+0.962
1613782380,+3.38, +2.715, +0.176,+0.962
1613782440,+3.39, +2.704, +0.178,+0.962
1613782500,+3.38, +2.683, +0.178,+0.962
1613782560,+3.39, +2.683, +0.177,+0.962
1613782620,+3.39, +2.715, +0.174,+0.962
1613782680,+3.39, +2.715, +0.177,+0.962
1613782740,+3.38, +2.736, +0.175,+0.962
1613782800,+3.38, +2.694, +0.177,+0.962
1613782860,+3.38, +2.694, +0.175,+0.962
1613782920,+3.39, +2.694, +0.175,+0.962
1613782980,+3.38, +2.694, +0.175,+0.962
1613783040,+3.38, +2.704, +0.176,+0.962
1613783100,+3.38, +2.694, +0.177,+0.962
1613783160,+3.38, +2.704, +0.176,+0.962
1613783220,+3.38, +2.704, +0.177,+0.962
1613783280,+3.39, +2.715, +0.175,+0.962
1613783340,+3.39, +2.704, +0.176,+0.962
1613783400,+3.38, +2.726, +0.175,+0.962
1613783460,+3.38, +2.694, +0.176,+0.962
1613783520,+3.38, +2.715, +0.175,+0.962
1613783580,+3.38, +2.683, +0.177,+0.962
1613783640,+3.38, +2.683, +0.178,+0.962
1613783700,+3.38, +2.694, +0.176,+0.962
1613783760,+3.38, +2.683, +0.177,+0.962
1613783820,+3.38, +2.672, +0.177,+0.962
1613783880,+3.38, +2.726, +0.177,+0.962
1613783940,+3.38, +2.726, +0.176,+0.962
1613784000,+3.38, +2.694, +0.175,+0.962
1613784060,+3.38, +2.704, +0.175,+0.962
1613784120,+3.38, +2.715, +0.175,+0.962
1613784180,+3.38, +2.672, +0.176,+0.962
1613784240,+3.38, +2.715, +0.175,+0.962
1613784300,+3.38, +2.704, +0.175,+0.962
1613784360,+3.39, +2.683, +0.178,+0.962
1613784420,+3.38, +2.704, +0.178,+0.962
1613784480,+3.38, +2.704, +0.177,+0.962
1613784540,+3.38, +2.715, +0.178,+0.962
1613784600,+3.38, +2.704, +0.175,+0.962
1613784660,+3.39, +2.694, +0.175,+0.961
1613784720,+3.38, +2.661, +0.176,+0.962
1613784780,+3.38, +2.694, +0.176,+0.962
1613784840,+3.38, +2.715, +0.176,+0.962
1613784900,+3.38, +2.661, +0.177,+0.962
1613784960,+3.38, +2.715, +0.176,+0.962
1613785020,+3.38, +2.704, +0.176,+0.962
1613785080,+3.38, +2.672, +0.177,+0.962
1613785140,+3.38, +2.726, +0.175,+0.962
1613785200,+3.38, +2.694, +0.175,+0.962
1613785260,+3.38, +2.704, +0.177,+0.962
1613785320,+3.38, +2.704, +0.176,+0.961
1613785380,+3.38, +2.704, +0.176,+0.962
1613785440,+3.38, +2.694, +0.176,+0.962
1613785500,+3.39, +2.715, +0.174,+0.961
1613785560,+3.38, +2.683, +0.175,+0.961
1613785620,+3.38, +2.704, +0.176,+0.962
1613785680,+3.38, +2.726, +0.177,+0.962
1613785740,+3.38, +2.715, +0.178,+0.962
1613785800,+3.38, +2.736, +0.175,+0.962
1613785860,+3.38, +2.736, +0.177,+0.962
1613785920,+3.38, +2.704, +0.175,+0.962
1613785980,+3.38, +2.704, +0.175,+0.962
1613786040,+3.38, +2.694, +0.176,+0.962
1613786100,+3.38, +2.694, +0.175,+0.962
1613786160,+3.39, +2.704, +0.175,+0.962
1613786220,+3.38, +2.672, +0.176,+0.962
1613786280,+3.38, +2.672, +0.179,+0.962
1613786340,+3.38, +2.683, +0.175,+0.962
1613786400,+3.39, +2.704, +0.177,+0.962
1613786460,+3.38, +2.726, +0.176,+0.962
1613786520,+3.38, +2.694, +0.176,+0.962
1613786580,+3.38, +2.694, +0.178,+0.962
1613786640,+3.38, +2.694, +0.174,+0.962
1613786700,+3.39, +2.726, +0.176,+0.962
1613786760,+3.38, +2.694, +0.177,+0.962
1613786820,+3.38, +2.704, +0.176,+0.962
1613786880,+3.38, +2.672, +0.176,+0.962
1613786940,+3.38, +2.694, +0.176,+0.962
1613787000,+3.38, +2.694, +0.177,+0.962
1613787060,+3.39, +2.694, +0.176,+0.962
1613787120,+3.39, +2.726, +0.177,+0.962
1613787180,+3.38, +2.683, +0.177,+0.962
1613787240,+3.39, +2.715, +0.177,+0.962
1613787300,+3.39, +2.694, +0.176,+0.962
1613787360,+3.38, +2.694, +0.176,+0.961
1613787420,+3.38, +2.683, +0.176,+0.962
1613787480,+3.38, +2.715, +0.175,+0.962
1613787540,+3.38, +2.715, +0.175,+0.962
1613787600,+3.39, +2.704, +0.177,+0.962
1613787660,+3.38, +2.726, +0.177,+0.962
1613787720,+3.38, +2.704, +0.176,+0.962
1613787780,+3.38, +2.683, +0.176,+0.961
1613787840,+3.38, +2.704, +0.178,+0.962
1613787900,+3.38, +2.715, +0.175,+0.962
1613787960,+3.38, +2.715, +0.178,+0.962
1613788020,+3.38, +2.726, +0.175,+0.962
1613788080,+3.38, +2.694, +0.175,+0.962
1613788140,+3.38, +2.726, +0.178,+0.962
1613788200,+3.38, +2.715, +0.175,+0.962
1613788260,+3.38, +2.694, +0.177,+0.962
1613788320,+3.38, +2.715, +0.175,+0.962
1613788380,+3.38, +2.715, +0.176,+0.962
1613788440,+3.38, +2.683, +0.175,+0.961
1613788500,+3.38, +2.704, +0.177,+0.962
1613788560,+3.38, +2.715, +0.176,+0.962
1613788620,+3.38, +2.736, +0.176,+0.962
1613788680,+3.38, +2.694, +0.178,+0.962
1613788740,+3.38, +2.694, +0.176,+0.962
1613788800,+3.38, +2.726, +0.176,+0.962
1613788860,+3.38, +2.683, +0.177,+0.962
1613788920,+3.38, +2.715, +0.177,+0.962
1613788980,+3.38, +2.704, +0.178,+0.962
1613789040,+3.38, +2.704, +0.176,+0.962
1613789100,+3.38, +2.704, +0.175,+0.961
1613789160,+3.38, +2.715, +0.176,+0.962
1613789220,+3.39, +2.694, +0.177,+0.962
1613789280,+3.38, +2.640, +0.177,+0.962
1613789340,+3.38, +2.704, +0.176,+0.962
1613789400,+3.38, +2.704, +0.175,+0.962
1613789460,+3.38, +2.694, +0.177,+0.962
1613789520,+3.38, +2.726, +0.178,+0.962
1613789580,+3.38, +2.704, +0.174,+0.962
1613789640,+3.38, +2.736, +0.177,+0.962
1613789700,+3.39, +2.704, +0.176,+0.962
1613789760,+3.39, +2.704, +0.175,+0.961
1613789820,+3.38, +2.694, +0.176,+0.962
1613789880,+3.39, +2.694, +0.175,+0.961
1613789940,+3.38, +2.694, +0.177,+0.962
1613790000,+3.38, +2.704, +0.176,+0.962
1613790060,+3.38, +2.704, +0.176,+0.962
1613790120,+3.38, +2.715, +0.178,+0.962
1613790180,+3.38, +2.715, +0.175,+0.962
1613790240,+3.39, +2.672, +0.176,+0.962
1613790300,+3.38, +2.704, +0.176,+0.962
1613790360,+3.38, +2.694, +0.176,+0.962
1613790420,+3.38, +2.694, +0.177,+0.962
1613790480,+3.38, +2.694, +0.176,+0.962
1613790540,+3.39, +2.715, +0.175,+0.962
1613790600,+3.39, +2.683, +0.177,+0.962
1613790660,+3.38, +2.694, +0.177,+0.962
1613790720,+3.38, +2.694, +0.176,+0.962
1613790780,+3.39, +2.694, +0.176,+0.962
1613790840,+3.38, +2.715, +0.175,+0.962
1613790900,+3.38, +2.715, +0.177,+0.962
1613790960,+3.39, +2.736, +0.177,+0.962
1613791020,+3.39, +2.661, +0.176,+0.962
1613791080,+3.39, +2.726, +0.176,+0.962
1613791140,+3.38, +2.683, +0.177,+0.962
1613791200,+3.38, +2.694, +0.177,+0.962
1613791260,+3.39, +2.726, +0.176,+0.962
1613791320,+3.38, +2.694, +0.176,+0.962
1613791380,+3.38, +2.726, +0.176,+0.961
1613791440,+3.38, +2.704, +0.177,+0.962
1613791500,+3.38, +2.704, +0.177,+0.962
1613791560,+3.39, +2.704, +0.176,+0.962
1613791620,+3.38, +2.715, +0.175,+0.962
1613791680,+3.38, +2.694, +0.177,+0.962
1613791740,+3.38, +2.704, +0.178,+0.962
1613791800,+3.39, +2.694, +0.177,+0.961
1613791860,+3.38, +2.694, +0.177,+0.962
1613791920,+3.38, +2.715, +0.176,+0.962
1613791980,+3.38, +2.694, +0.176,+0.962
1613792040,+3.38, +2.715, +0.176,+0.962
1613792100,+3.38, +2.726, +0.175,+0.962
1613792160,+3.38, +2.704, +0.177,+0.962
1613792220,+3.38, +2.726, +0.176,+0.962
1613792280,+3.38, +2.672, +0.176,+0.962
1613792340,+3.38, +2.715, +0.176,+0.962
1613792400,+3.38, +2.694, +0.177,+0.961
1613792460,+3.39, +2.704, +0.176,+0.961
1613792520,+3.38, +2.715, +0.176,+0.962
1613792580,+3.38, +2.683, +0.175,+0.962
1613792640,+3.38, +2.704, +0.176,+0.962
1613792700,+3.39, +2.661, +0.177,+0.962
1613792760,+3.38, +2.704, +0.177,+0.962
1613792820,+3.38, +2.694, +0.175,+0.962
1613792880,+3.39, +2.683, +0.177,+0.962
1613792940,+3.38, +2.715, +0.176,+0.962
1613793000,+3.38, +2.704, +0.176,+0.962
1613793060,+3.38, +2.704, +0.177,+0.962
1613793120,+3.38, +2.683, +0.177,+0.962
1613793180,+3.38, +2.715, +0.174,+0.962
1613793240,+3.38, +2.694, +0.178,+0.962
1613793300,+3.39, +2.704, +0.175,+0.961
1613793360,+3.39, +2.726, +0.175,+0.962
1613793420,+3.39, +2.715, +0.176,+0.962
1613793480,+3.38, +2.694, +0.176,+0.962
1613793540,+3.38, +2.704, +0.175,+0.962
1613793600,+3.38, +2.715, +0.176,+0.962
1613793660,+3.39, +2.715, +0.175,+0.961
1613793720,+3.39, +2.704, +0.175,+0.961
1613793780,+3.38, +2.715, +0.175,+0.962
1613793840,+3.38, +2.736, +0.175,+0.962
1613793900,+3.38, +2.726, +0.176,+0.962
1613793960,+3.38, +2.726, +0.176,+0.962
1613794020,+3.38, +2.704, +0.176,+0.962
1613794080,+3.38, +2.715, +0.176,+0.962
1613794140,+3.38, +2.715, +0.177,+0.962
1613794200,+3.38, +2.704, +0.178,+0.962
1613794260,+3.38, +2.736, +0.176,+0.962
1613794320,+3.38, +2.736, +0.176,+0.962
1613794380,+3.38, +2.704, +0.175,+0.962
1613794440,+3.38, +2.747, +0.173,+0.962
1613794500,+3.39, +2.683, +0.176,+0.961
1613794560,+3.38, +2.704, +0.176,+0.962
1613794620,+3.38, +2.704, +0.176,+0.962
1613794680,+3.38, +2.715, +0.176,+0.962
1613794740,+3.38, +2.694, +0.177,+0.962
1613794800,+3.39, +2.704, +0.175,+0.961
1613794860,+3.38, +2.726, +0.175,+0.962
1613794920,+3.38, +2.683, +0.176,+0.961
1613794980,+3.38, +2.683, +0.177,+0.961
1613795040,+3.38, +2.715, +0.176,+0.962
1613795100,+3.38, +2.726, +0.175,+0.962
1613795160,+3.38, +2.704, +0.177,+0.962
1613795220,+3.38, +2.704, +0.175,+0.962
1613795280,+3.38, +2.715, +0.178,+0.962
1613795340,+3.38, +2.747, +0.174,+0.962
1613795400,+3.39, +2.704, +0.177,+0.961
1613795460,+3.38, +2.704, +0.175,+0.962
1613795520,+3.38, +2.694, +0.176,+0.961
1613795580,+3.38, +2.683, +0.177,+0.962
1613795640,+3.38, +2.715, +0.176,+0.962
1613795700,+3.38, +2.715, +0.177,+0.962
1613795760,+3.39, +2.715, +0.176,+0.962
1613795820,+3.38, +2.672, +0.176,+0.962
1613795880,+3.39, +2.726, +0.177,+0.962
1613795940,+3.39, +2.715, +0.176,+0.962
1613796000,+3.39, +2.747, +0.175,+0.962
1613796060,+3.38, +2.704, +0.177,+0.962
1613796120,+3.38, +2.715, +0.177,+0.962
1613796180,+3.38, +2.715, +0.175,+0.962
1613796240,+3.39, +2.726, +0.175,+0.962
1613796300,+3.38, +2.736, +0.176,+0.962
1613796360,+3.38, +2.726, +0.176,+0.962
1613796420,+3.38, +2.715, +0.174,+0.962
1613796480,+3.38, +2.715, +0.176,+0.962
1613796540,+3.38, +2.694, +0.177,+0.962
1613796600,+3.38, +2.694, +0.177,+0.962
1613796660,+3.38, +2.726, +0.175,+0.962
1613796720,+3.38, +2.694, +0.176,+0.962
1613796780,+3.38, +2.726, +0.177,+0.962
1613796840,+3.39, +2.726, +0.176,+0.962
1613796900,+3.38, +2.726, +0.176,+0.962
1613796960,+3.38, +2.704, +0.177,+0.962
1613797020,+3.38, +2.715, +0.175,+0.961
1613797080,+3.38, +2.736, +0.177,+0.962
1613797140,+3.39, +2.715, +0.177,+0.962
1613797200,+3.39, +2.704, +0.176,+0.961
1613797260,+3.38, +2.694, +0.177,+0.961
1613797320,+3.39, +2.726, +0.175,+0.961
1613797380,+3.38, +2.779, +0.175,+0.961
1613797440,+3.39, +2.704, +0.176,+0.961
1613797500,+3.38, +2.736, +0.175,+0.961
1613797560,+3.38, +2.694, +0.178,+0.961
1613797620,+3.38, +2.726, +0.177,+0.961
1613797680,+3.39, +2.715, +0.178,+0.961
1613797740,+3.38, +2.715, +0.177,+0.961
1613797800,+3.38, +2.694, +0.177,+0.961
1613797860,+3.39, +2.715, +0.176,+0.961
1613797920,+3.38, +2.683, +0.177,+0.961
1613797980,+3.38, +2.736, +0.174,+0.961
1613798040,+3.38, +2.726, +0.177,+0.961
1613798100,+3.38, +2.736, +0.174,+0.961
1613798160,+3.39, +2.726, +0.176,+0.961
1613798220,+3.38, +2.704, +0.177,+0.961
1613798280,+3.38, +2.736, +0.175,+0.961
1613798340,+3.38, +2.726, +0.175,+0.961
1613798400,+3.38, +2.715, +0.177,+0.961
1613798460,+3.38, +2.715, +0.176,+0.961
1613798520,+3.38, +2.694, +0.178,+0.961
1613798580,+3.38, +2.715, +0.177,+0.961
1613798640,+3.38, +2.704, +0.178,+0.961
1613798700,+3.39, +2.715, +0.175,+0.961
1613798760,+3.38, +2.715, +0.175,+0.961
1613798820,+3.38, +2.704, +0.177,+0.961
1613798880,+3.38, +2.736, +0.174,+0.961
1613798940,+3.39, +2.736, +0.176,+0.961
1613799000,+3.38, +2.704, +0.176,+0.961
1613799060,+3.39, +2.694, +0.177,+0.961
1613799120,+3.38, +2.736, +0.176,+0.961
1613799180,+3.38, +2.694, +0.176,+0.961
1613799240,+3.38, +2.715, +0.176,+0.961
1613799300,+3.38, +2.683, +0.177,+0.961
1613799360,+3.38, +2.683, +0.177,+0.961
1613799420,+3.38, +2.715, +0.176,+0.961
1613799480,+3.39, +2.736, +0.176,+0.961
1613799540,+3.38, +2.736, +0.176,+0.961
1613799600,+3.38, +2.715, +0.175,+0.961
1613799660,+3.38, +2.715, +0.177,+0.961
1613799720,+3.38, +2.715, +0.174,+0.961
1613799780,+3.38, +2.704, +0.175,+0.961
1613799840,+3.38, +2.715, +0.177,+0.961
1613799900,+3.38, +2.715, +0.177,+0.961
1613799960,+3.39, +2.704, +0.177,+0.961
1613800020,+3.39, +2.715, +0.176,+0.961
1613800080,+3.39, +2.715, +0.176,+0.961
1613800140,+3.39, +2.715, +0.177,+0.961
1613800200,+3.38, +2.715, +0.174,+0.961
1613800260,+3.38, +2.704, +0.176,+0.961
1613800320,+3.39, +2.704, +0.176,+0.961
1613800380,+3.39, +2.726, +0.176,+0.961
1613800440,+3.38, +2.694, +0.176,+0.961
1613800500,+3.38, +2.704, +0.177,+0.961
1613800560,+3.39, +2.726, +0.177,+0.961
1613800620,+3.39, +2.726, +0.178,+0.961
1613800680,+3.39, +2.736, +0.176,+0.961
1613800740,+3.38, +2.715, +0.176,+0.961
1613800800,+3.39, +2.726, +0.177,+0.961
1613800860,+3.38, +2.715, +0.176,+0.961
1613800920,+3.38, +2.715, +0.176,+0.961
1613800980,+3.39, +2.704, +0.176,+0.961
1613801040,+3.38, +2.704, +0.176,+0.961
1613801100,+3.38, +2.694, +0.177,+0.961
1613801160,+3.38, +2.715, +0.176,+0.961
1613801220,+3.39, +2.726, +0.175,+0.961
1613801280,+3.38, +2.704, +0.176,+0.961
1613801340,+3.38, +2.704, +0.176,+0.961
1613801400,+3.38, +2.715, +0.177,+0.961
1613801460,+3.38, +2.704, +0.177,+0.961
1613801520,+3.38, +2.715, +0.176,+0.961
1613801580,+3.39, +2.704, +0.176,+0.961
1613801640,+3.39, +2.704, +0.176,+0.961
1613801700,+3.39, +2.726, +0.176,+0.961
1613801760,+3.38, +2.726, +0.177,+0.961
1613801820,+3.38, +2.704, +0.175,+0.961
1613801880,+3.38, +2.726, +0.177,+0.961
1613801940,+3.39, +2.726, +0.176,+0.961
1613802000,+3.38, +2.704, +0.177,+0.961
1613802060,+3.38, +2.704, +0.176,+0.961
1613802120,+3.38, +2.704, +0.176,+0.961
1613802180,+3.38, +2.715, +0.177,+0.961
1613802240,+3.38, +2.694, +0.176,+0.961
1613802300,+3.39, +2.715, +0.176,+0.961
1613802360,+3.38, +2.704, +0.176,+0.961
1613802420,+3.38, +2.715, +0.176,+0.961
1613802480,+3.38, +2.747, +0.176,+0.961
1613802540,+3.38, +2.715, +0.177,+0.961
1613802600,+3.38, +2.726, +0.177,+0.961
1613802660,+3.38, +2.694, +0.175,+0.961
1613802720,+3.38, +2.704, +0.176,+0.961
1613802780,+3.38, +2.715, +0.177,+0.961
1613802840,+3.38, +2.704, +0.175,+0.961
1613802900,+3.38, +2.704, +0.175,+0.961
1613802960,+3.39, +2.768, +0.176,+0.961
1613803020,+3.38, +2.694, +0.175,+0.961
1613803080,+3.38, +2.715, +0.176,+0.961
1613803140,+3.39, +2.715, +0.174,+0.961
1613803200,+3.38, +2.694, +0.177,+0.961
1613803260,+3.38, +2.694, +0.177,+0.961
1613803320,+3.38, +2.715, +0.177,+0.961
1613803380,+3.38, +2.726, +0.176,+0.961
1613803440,+3.39, +2.704, +0.175,+0.961
1613803500,+3.38, +2.715, +0.176,+0.961
1613803560,+3.39, +2.683, +0.177,+0.961
1613803620,+3.38, +2.715, +0.175,+0.961
1613803680,+3.38, +2.704, +0.176,+0.961
1613803740,+3.38, +2.736, +0.176,+0.961
1613803800,+3.38, +2.704, +0.177,+0.961
1613803860,+3.39, +2.747, +0.175,+0.961
1613803920,+3.39, +2.736, +0.176,+0.961
1613803980,+3.38, +2.715, +0.176,+0.961
1613804040,+3.39, +2.726, +0.176,+0.961
1613804100,+3.39, +2.715, +0.176,+0.961
1613804160,+3.38, +2.694, +0.176,+0.961
1613804220,+3.38, +2.704, +0.176,+0.961
1613804280,+3.38, +2.683, +0.176,+0.961
1613804340,+3.38, +2.694, +0.176,+0.961
1613804400,+3.38, +2.736, +0.176,+0.961
1613804460,+3.39, +2.715, +0.177,+0.961
1613804520,+3.39, +2.683, +0.177,+0.961
1613804580,+3.39, +2.747, +0.176,+0.961
1613804640,+3.39, +2.726, +0.177,+0.961
1613804700,+3.38, +2.704, +0.177,+0.961
1613804760,+3.38, +2.694, +0.175,+0.961
1613804820,+3.38, +2.715, +0.174,+0.961
1613804880,+3.38, +2.704, +0.176,+0.961
1613804940,+3.38, +2.694, +0.178,+0.961
1613805000,+3.38, +2.758, +0.176,+0.961
1613805060,+3.39, +2.747, +0.176,+0.961
1613805120,+3.38, +2.736, +0.175,+0.961
1613805180,+3.39, +2.715, +0.176,+0.961
1613805240,+3.39, +2.726, +0.176,+0.961
1613805300,+3.38, +2.694, +0.176,+0.961
1613805360,+3.39, +2.736, +0.175,+0.961
1613805420,+3.38, +2.726, +0.176,+0.961
1613805480,+3.39, +2.736, +0.176,+0.961
1613805540,+3.39, +2.715, +0.175,+0.961
1613805600,+3.38, +2.726, +0.175,+0.961
1613805660,+3.38, +2.726, +0.178,+0.961
1613805720,+3.38, +2.726, +0.174,+0.961
1613805780,+3.38, +2.704, +0.176,+0.961
1613805840,+3.38, +2.726, +0.176,+0.961
1613805900,+3.39, +2.726, +0.177,+0.961
1613805960,+3.38, +2.715, +0.176,+0.961
1613806020,+3.38, +2.726, +0.177,+0.961
1613806080,+3.38, +2.704, +0.175,+0.961
1613806140,+3.38, +2.715, +0.176,+0.961
1613806200,+3.38, +2.726, +0.177,+0.961
1613806260,+3.39, +2.726, +0.176,+0.961
1613806320,+3.39, +2.726, +0.176,+0.961
1613806380,+3.38, +2.704, +0.175,+0.961
1613806440,+3.39, +2.736, +0.176,+0.961
1613806500,+3.38, +2.704, +0.175,+0.961
1613806560,+3.38, +2.704, +0.177,+0.961
1613806620,+3.39, +2.672, +0.177,+0.961
1613806680,+3.39, +2.736, +0.176,+0.961
1613806740,+3.38, +2.704, +0.175,+0.961
1613806800,+3.39, +2.715, +0.175,+0.961
1613806860,+3.39, +2.726, +0.175,+0.961
1613806920,+3.39, +2.726, +0.177,+0.961
1613806980,+3.39, +2.736, +0.175,+0.961
1613807040,+3.39, +2.726, +0.176,+0.961
1613807100,+3.39, +2.715, +0.176,+0.961
1613807160,+3.39, +2.704, +0.178,+0.961
1613807220,+3.38, +2.704, +0.178,+0.961
1613807280,+3.38, +2.683, +0.176,+0.961
1613807340,+3.38, +2.704, +0.176,+0.961
1613807400,+3.38, +2.694, +0.178,+0.961
1613807460,+3.39, +2.715, +0.176,+0.961
1613807520,+3.38, +2.694, +0.175,+0.961
1613807580,+3.38, +2.704, +0.175,+0.961
1613807640,+3.39, +2.715, +0.177,+0.961
1613807700,+3.38, +2.758, +0.176,+0.961
1613807760,+3.39, +2.715, +0.176,+0.961
1613807820,+3.39, +2.726, +0.175,+0.961
1613807880,+3.38, +2.715, +0.176,+0.961
1613807940,+3.38, +2.715, +0.174,+0.961
1613808000,+3.38, +2.694, +0.175,+0.961
1613808060,+3.39, +2.747, +0.176,+0.961
1613808120,+3.38, +2.726, +0.175,+0.961
1613808180,+3.38, +2.694, +0.176,+0.961
1613808240,+3.39, +2.726, +0.176,+0.961
1613808300,+3.38, +2.715, +0.175,+0.961
1613808360,+3.38, +2.715, +0.175,+0.961
1613808420,+3.38, +2.694, +0.177,+0.961
1613808480,+3.39, +2.726, +0.175,+0.961
1613808540,+3.38, +2.704, +0.175,+0.961
1613808600,+3.39, +2.726, +0.176,+0.961
1613808660,+3.38, +2.715, +0.176,+0.961
1613808720,+3.38, +2.726, +0.176,+0.961
1613808780,+3.38, +2.694, +0.176,+0.961
1613808840,+3.38, +2.704, +0.177,+0.961
1613808900,+3.38, +2.704, +0.175,+0.961
1613808960,+3.39, +2.704, +0.177,+0.961
1613809020,+3.38, +2.715, +0.176,+0.961
1613809080,+3.38, +2.683, +0.175,+0.961
1613809140,+3.39, +2.715, +0.175,+0.961
1613809200,+3.38, +2.736, +0.177,+0.961
1613809260,+3.38, +2.715, +0.176,+0.961
1613809320,+3.39, +2.736, +0.176,+0.961
1613809380,+3.38, +2.715, +0.176,+0.961
1613809440,+3.39, +2.736, +0.176,+0.961
1613809500,+3.39, +2.736, +0.175,+0.961
1613809560,+3.38, +2.715, +0.176,+0.961
1613809620,+3.38, +2.694, +0.177,+0.961
1613809680,+3.38, +2.715, +0.176,+0.961
1613809740,+3.38, +2.704, +0.178,+0.961
1613809800,+3.39, +2.726, +0.175,+0.961
1613809860,+3.39, +2.747, +0.176,+0.961
1613809920,+3.39, +2.726, +0.176,+0.961
1613809980,+3.38, +2.704, +0.176,+0.961
1613810040,+3.39, +2.715, +0.176,+0.961
1613810100,+3.38, +2.726, +0.176,+0.961
1613810160,+3.38, +2.715, +0.176,+0.961
1613810220,+3.38, +2.715, +0.176,+0.961
1613810280,+3.38, +2.704, +0.177,+0.961
1613810340,+3.38, +2.715, +0.175,+0.961
1613810400,+3.39, +2.715, +0.176,+0.961
1613810460,+3.38, +2.726, +0.177,+0.961
1613810520,+3.38, +2.704, +0.176,+0.961
1613810580,+3.38, +2.715, +0.176,+0.961
1613810640,+3.38, +2.704, +0.177,+0.961
1613810700,+3.39, +2.704, +0.176,+0.961
1613810760,+3.38, +2.726, +0.175,+0.961
1613810820,+3.38, +2.790, +0.173,+0.961
1613810880,+3.39, +2.715, +0.177,+0.961
1613810940,+3.38, +2.715, +0.177,+0.961
1613811000,+3.38, +2.768, +0.176,+0.961
1613811060,+3.39, +2.715, +0.176,+0.961
1613811120,+3.38, +2.704, +0.179,+0.961
1613811180,+3.38, +2.747, +0.174,+0.961
1613811240,+3.39, +2.726, +0.174,+0.961
1613811300,+3.38, +2.736, +0.177,+0.961
1613811360,+3.39, +2.736, +0.177,+0.961
1613811420,+3.38, +2.704, +0.175,+0.961
1613811480,+3.38, +2.715, +0.178,+0.961
1613811540,+3.38, +2.715, +0.177,+0.961
1613811600,+3.38, +2.672, +0.177,+0.961
1613811660,+3.38, +2.715, +0.176,+0.961
1613811720,+3.38, +2.704, +0.177,+0.961
1613811780,+3.38, +2.747, +0.176,+0.961
1613811840,+3.38, +2.715, +0.175,+0.961
1613811900,+3.38, +2.715, +0.176,+0.961
1613811960,+3.38, +2.704, +0.177,+0.961
1613812020,+3.38, +2.726, +0.176,+0.961
1613812080,+3.39, +2.726, +0.176,+0.961
1613812140,+3.39, +2.694, +0.178,+0.961
1613812200,+3.38, +2.683, +0.176,+0.961
1613812260,+3.38, +2.715, +0.175,+0.961
1613812320,+3.38, +2.715, +0.177,+0.961
1613812380,+3.39, +2.726, +0.178,+0.961
1613812440,+3.39, +2.726, +0.177,+0.961
1613812500,+3.38, +2.704, +0.177,+0.961
1613812560,+3.39, +2.736, +0.177,+0.961
1613812620,+3.38, +2.726, +0.175,+0.961
1613812680,+3.39, +2.704, +0.177,+0.961
1613812740,+3.39, +2.726, +0.176,+0.961
1613812800,+3.38, +2.726, +0.176,+0.961
1613812860,+3.38, +2.715, +0.175,+0.961
1613812920,+3.39, +2.726, +0.176,+0.961
1613812980,+3.38, +2.715, +0.176,+0.961
1613813040,+3.38, +2.726, +0.176,+0.961
1613813100,+3.39, +2.726, +0.177,+0.961
1613813160,+3.38, +2.726, +0.176,+0.961
1613813220,+3.38, +2.704, +0.179,+0.961
1613813280,+3.38, +2.715, +0.176,+0.961
1613813340,+3.38, +2.726, +0.174,+0.961
1613813400,+3.39, +2.704, +0.175,+0.961
1613813460,+3.38, +2.726, +0.177,+0.961
1613813520,+3.39, +2.726, +0.176,+0.961
1613813580,+3.38, +2.715, +0.175,+0.961
1613813640,+3.38, +2.694, +0.177,+0.961
1613813700,+3.39, +2.747, +0.174,+0.961
1613813760,+3.38, +2.704, +0.177,+0.961
1613813820,+3.39, +2.736, +0.175,+0.961
1613813880,+3.39, +2.747, +0.176,+0.961
1613813940,+3.39, +2.715, +0.176,+0.961
1613814000,+3.38, +2.726, +0.176,+0.961
1613814060,+3.38, +2.726, +0.176,+0.961
1613814120,+3.39, +2.726, +0.176,+0.961
1613814180,+3.38, +2.704, +0.175,+0.961
1613814240,+3.39, +2.747, +0.175,+0.961
1613814300,+3.38, +2.683, +0.177,+0.961
1613814360,+3.38, +2.736, +0.175,+0.961
1613814420,+3.38, +2.726, +0.175,+0.961
1613814480,+3.38, +2.736, +0.176,+0.961
1613814540,+3.38, +2.726, +0.176,+0.961
1613814600,+3.38, +2.715, +0.176,+0.961
1613814660,+3.38, +2.694, +0.176,+0.961
1613814720,+3.38, +2.704, +0.175,+0.961
1613814780,+3.38, +2.704, +0.178,+0.961
1613814840,+3.39, +2.747, +0.176,+0.961
1613814900,+3.38, +2.715, +0.178,+0.961
1613814960,+3.39, +2.726, +0.177,+0.961
1613815020,+3.38, +2.726, +0.176,+0.961
1613815080,+3.38, +2.715, +0.177,+0.961
1613815140,+3.38, +2.726, +0.177,+0.961
1613815200,+3.38, +2.704, +0.175,+0.961
1613815260,+3.38, +2.704, +0.177,+0.961
1613815320,+3.38, +2.726, +0.175,+0.961
1613815380,+3.39, +2.715, +0.176,+0.961
1613815440,+3.38, +2.704, +0.175,+0.961
1613815500,+3.38, +2.683, +0.176,+0.961
1613815560,+3.38, +2.704, +0.176,+0.961
1613815620,+3.39, +2.726, +0.177,+0.961
1613815680,+3.38, +2.726, +0.175,+0.961
1613815740,+3.39, +2.694, +0.177,+0.961
1613815800,+3.39, +2.726, +0.177,+0.961
1613815860,+3.38, +2.715, +0.175,+0.961
1613815920,+3.38, +2.704, +0.177,+0.961
1613815980,+3.38, +2.715, +0.176,+0.961
1613816040,+3.38, +2.726, +0.175,+0.961
1613816100,+3.39, +2.715, +0.177,+0.961
1613816160,+3.38, +2.726, +0.175,+0.961
1613816220,+3.38, +2.726, +0.177,+0.961
1613816280,+3.39, +2.715, +0.176,+0.961
1613816340,+3.38, +2.715, +0.177,+0.961
1613816400,+3.39, +2.694, +0.177,+0.961
1613816460,+3.38, +2.715, +0.177,+0.961
1613816520,+3.38, +2.715, +0.175,+0.961
1613816580,+3.38, +2.704, +0.175,+0.961
1613816640,+3.39, +2.736, +0.175,+0.961
1613816700,+3.39, +2.704, +0.175,+0.961
1613816760,+3.38, +2.672, +0.175,+0.961
1613816820,+3.38, +2.715, +0.177,+0.961
1613816880,+3.39, +2.694, +0.177,+0.961
1613816940,+3.38, +2.726, +0.175,+0.961
1613817000,+3.38, +2.726, +0.175,+0.961
1613817060,+3.38, +2.758, +0.174,+0.961
1613817120,+3.38, +2.672, +0.176,+0.961
1613817180,+3.39, +2.694, +0.177,+0.961
1613817240,+3.38, +2.704, +0.176,+0.961
1613817300,+3.38, +2.704, +0.177,+0.961
1613817360,+3.38, +2.726, +0.177,+0.961
1613817420,+3.38, +2.694, +0.176,+0.961
1613817480,+3.39, +2.736, +0.177,+0.961
1613817540,+3.38, +2.715, +0.176,+0.961
1613817600,+3.38, +2.694, +0.177,+0.961
1613817660,+3.39, +2.715, +0.175,+0.961
1613817720,+3.38, +2.683, +0.178,+0.961
1613817780,+3.38, +2.704, +0.175,+0.961
1613817840,+3.39, +2.726, +0.176,+0.961
1613817900,+3.39, +2.694, +0.177,+0.961
1613817960,+3.38, +2.694, +0.177,+0.961
1613818020,+3.39, +2.726, +0.176,+0.961
1613818080,+3.38, +2.683, +0.176,+0.961
1613818140,+3.38, +2.683, +0.176,+0.961
1613818200,+3.38, +2.715, +0.176,+0.961
1613818260,+3.38, +2.704, +0.175,+0.961
1613818320,+3.38, +2.704, +0.176,+0.961
1613818380,+3.38, +2.704, +0.176,+0.961
1613818440,+3.38, +2.694, +0.178,+0.961
1613818500,+3.39, +2.704, +0.176,+0.961
1613818560,+3.39, +2.726, +0.176,+0.961
1613818620,+3.39, +2.715, +0.176,+0.961
1613818680,+3.38, +2.715, +0.177,+0.961
1613818740,+3.38, +2.683, +0.178,+0.961
1613818800,+3.38, +2.726, +0.177,+0.961
1613818860,+3.38, +2.715, +0.176,+0.962
1613818920,+3.38, +2.726, +0.175,+0.962
1613818980,+3.39, +2.715, +0.176,+0.963
1613819040,+3.38, +2.715, +0.176,+0.962
1613819100,+3.38, +2.726, +0.177,+0.963
1613819160,+3.38, +2.726, +0.174,+0.962
1613819220,+3.38, +2.704, +0.176,+0.963
1613819280,+3.39, +2.726, +0.177,+0.963
1613819340,+3.38, +2.704, +0.176,+0.963
1613819400,+3.38, +2.715, +0.176,+0.963
1613819460,+3.38, +2.726, +0.176,+0.963
1613819520,+3.38, +2.704, +0.177,+0.962
1613819580,+3.39, +2.704, +0.176,+0.963
1613819640,+3.38, +2.715, +0.175,+0.962
1613819700,+3.38, +2.694, +0.176,+0.962
1613819760,+3.38, +2.726, +0.175,+0.963
1613819820,+3.38, +2.726, +0.175,+0.962
1613819880,+3.38, +2.715, +0.175,+0.962
1613819940,+3.39, +2.704, +0.175,+0.962
1613820000,+3.38, +2.715, +0.176,+0.962
1613820060,+3.38, +2.694, +0.175,+0.962
1613820120,+3.39, +2.736, +0.175,+0.962
1613820180,+3.38, +2.726, +0.176,+0.962
1613820240,+3.39, +2.704, +0.175,+0.962
1613820300,+3.39, +2.694, +0.175,+0.962
1613820360,+3.38, +2.715, +0.175,+0.962
1613820420,+3.39, +2.726, +0.176,+0.962
1613820480,+3.38, +2.704, +0.177,+0.962
1613820540,+3.38, +2.704, +0.176,+0.962
1613820600,+3.38, +2.704, +0.176,+0.962
1613820660,+3.38, +2.694, +0.177,+0.962
1613820720,+3.38, +2.704, +0.178,+0.962
1613820780,+3.39, +2.715, +0.175,+0.962
1613820840,+3.39, +2.704, +0.176,+0.962
1613820900,+3.38, +2.704, +0.177,+0.962
1613820960,+3.39, +2.704, +0.176,+0.962
1613821020,+3.38, +2.704, +0.177,+0.962
1613821080,+3.38, +2.715, +0.175,+0.962
1613821140,+3.38, +2.726, +0.175,+0.962
1613821200,+3.39, +2.704, +0.176,+0.962
1613821260,+3.39, +2.704, +0.175,+0.962
1613821320,+3.39, +2.715, +0.176,+0.962
1613821380,+3.38, +2.715, +0.175,+0.962
1613821440,+3.38, +2.726, +0.175,+0.962
1613821500,+3.38, +2.715, +0.175,+0.962
1613821560,+3.38, +2.704, +0.176,+0.962
1613821620,+3.38, +2.704, +0.178,+0.962
1613821680,+3.38, +2.726, +0.177,+0.962
1613821740,+3.38, +2.704, +0.175,+0.962
1613821800,+3.38, +2.672, +0.177,+0.962
1613821860,+3.38, +2.694, +0.176,+0.962
1613821920,+3.38, +2.736, +0.175,+0.962
1613821980,+3.38, +2.704, +0.175,+0.962
1613822040,+3.39, +2.715, +0.176,+0.962
1613822100,+3.38, +2.715, +0.177,+0.962
1613822160,+3.38, +2.683, +0.177,+0.962
1613822220,+3.38, +2.736, +0.177,+0.962
1613822280,+3.38, +2.726, +0.177,+0.962
1613822340,+3.38, +2.704, +0.176,+0.962
1613822400,+3.38, +2.683, +0.179,+0.962
1613822460,+3.38, +2.715, +0.176,+0.962
1613822520,+3.38, +2.704, +0.176,+0.962
1613822580,+3.38, +2.715, +0.176,+0.962
1613822640,+3.38, +2.694, +0.176,+0.962
1613822700,+3.39, +2.715, +0.177,+0.962
1613822760,+3.39, +2.694, +0.176,+0.962
1613822820,+3.38, +2.694, +0.176,+0.962
1613822880,+3.38, +2.704, +0.176,+0.962
1613822940,+3.38, +2.694, +0.177,+0.962
1613823000,+3.38, +2.704, +0.175,+0.962
1613823060,+3.38, +2.694, +0.176,+0.962
1613823120,+3.39, +2.726, +0.176,+0.962
1613823180,+3.38, +2.704, +0.177,+0.962
1613823240,+3.38, +2.726, +0.177,+0.962
1613823300,+3.39, +2.758, +0.176,+0.962
1613823360,+3.39, +2.704, +0.174,+0.962
1613823420,+3.39, +2.704, +0.176,+0.962
1613823480,+3.38, +2.683, +0.176,+0.962
1613823540,+3.38, +2.715, +0.177,+0.962
1613823600,+3.39, +2.704, +0.177,+0.962
1613823660,+3.39, +2.726, +0.176,+0.962
1613823720,+3.38, +2.704, +0.175,+0.962
1613823780,+3.38, +2.704, +0.177,+0.962
1613823840,+3.39, +2.715, +0.175,+0.962
1613823900,+3.38, +2.704, +0.176,+0.962
1613823960,+3.39, +2.704, +0.176,+0.962
1613824020,+3.38, +2.672, +0.177,+0.962
1613824080,+3.38, +2.726, +0.174,+0.962
1613824140,+3.38, +2.694, +0.178,+0.962
1613824200,+3.38, +2.704, +0.175,+0.962
1613824260,+3.39, +2.726, +0.174,+0.962
1613824320,+3.39, +2.715, +0.176,+0.962
1613824380,+3.38, +2.704, +0.175,+0.962
1613824440,+3.39, +2.736, +0.174,+0.962
1613824500,+3.38, +2.715, +0.176,+0.962
1613824560,+3.39, +2.736, +0.176,+0.962
1613824620,+3.38, +2.704, +0.177,+0.962
1613824680,+3.39, +2.726, +0.176,+0.962
1613824740,+3.38, +2.715, +0.177,+0.962
1613824800,+3.38, +2.683, +0.177,+0.962
1613824860,+3.38, +2.726, +0.177,+0.962
1613824920,+3.38, +2.704, +0.177,+0.962
1613824980,+3.38, +2.694, +0.176,+0.962
1613825040,+3.38, +2.758, +0.175,+0.962
1613825100,+3.38, +2.715, +0.177,+0.962
1613825160,+3.38, +2.715, +0.176,+0.962
1613825220,+3.38, +2.694, +0.176,+0.962
1613825280,+3.38, +2.704, +0.176,+0.962
1613825340,+3.38, +2.694, +0.176,+0.962
1613825400,+3.38, +2.694, +0.176,+0.962
1613825460,+3.38, +2.726, +0.177,+0.962
1613825520,+3.38, +2.704, +0.176,+0.962
1613825580,+3.38, +2.715, +0.176,+0.962
1613825640,+3.38, +2.704, +0.177,+0.962
1613825700,+3.38, +2.694, +0.178,+0.962
1613825760,+3.38, +2.704, +0.176,+0.962
1613825820,+3.38, +2.726, +0.175,+0.962
1613825880,+3.38, +2.704, +0.176,+0.962
1613825940,+3.38, +2.704, +0.176,+0.962
1613826000,+3.38, +2.704, +0.177,+0.962
1613826060,+3.38, +2.672, +0.177,+0.962
1613826120,+3.38, +2.694, +0.176,+0.962
1613826180,+3.38, +2.694, +0.178,+0.962
1613826240,+3.38, +2.694, +0.176,+0.962
1613826300,+3.38, +2.726, +0.174,+0.962
1613826360,+3.39, +2.715, +0.176,+0.962
1613826420,+3.38, +2.704, +0.177,+0.962
1613826480,+3.38, +2.704, +0.176,+0.962
1613826540,+3.38, +2.704, +0.176,+0.962
1613826600,+3.38, +2.715, +0.176,+0.962
1613826660,+3.38, +2.704, +0.177,+0.962
1613826720,+3.38, +2.726, +0.176,+0.962
1613826780,+3.38, +2.715, +0.176,+0.962
1613826840,+3.38, +2.694, +0.176,+0.962
1613826900,+3.38, +2.694, +0.177,+0.962
1613826960,+3.38, +2.694, +0.175,+0.962
1613827020,+3.38, +2.726, +0.175,+0.962
1613827080,+3.38, +2.651, +0.177,+0.962
1613827140,+3.38, +2.704, +0.176,+0.962
1613827200,+3.38, +2.704, +0.174,+0.962
1613827260,+3.38, +2.683, +0.177,+0.962
1613827320,+3.38, +2.726, +0.176,+0.962
1613827380,+3.38, +2.694, +0.176,+0.962
1613827440,+3.38, +2.704, +0.175,+0.962
1613827500,+3.38, +2.704, +0.176,+0.962
1613827560,+3.38, +2.726, +0.177,+0.962
1613827620,+3.38, +2.704, +0.175,+0.962
1613827680,+3.38, +2.715, +0.176,+0.962
1613827740,+3.38, +2.715, +0.176,+0.962
1613827800,+3.38, +2.726, +0.175,+0.962
1613827860,+3.38, +2.715, +0.174,+0.962
1613827920,+3.38, +2.726, +0.175,+0.962
1613827980,+3.38, +2.683, +0.177,+0.962
1613828040,+3.38, +2.683, +0.177,+0.962
1613828100,+3.38, +2.704, +0.176,+0.962
1613828160,+3.38, +2.726, +0.175,+0.962
1613828220,+3.38, +2.704, +0.178,+0.962
1613828280,+3.38, +2.726, +0.174,+0.962
1613828340,+3.38, +2.694, +0.176,+0.962
1613828400,+3.38, +2.715, +0.178,+0.962
1613828460,+3.38, +2.715, +0.176,+0.962
1613828520,+3.38, +2.715, +0.175,+0.962
1613828580,+3.38, +2.704, +0.177,+0.962
1613828640,+3.38, +2.715, +0.177,+0.962
1613828700,+3.38, +2.704, +0.175,+0.962
1613828760,+3.38, +2.715, +0.175,+0.962
1613828820,+3.38, +2.715, +0.176,+0.962
1613828880,+3.38, +2.694, +0.177,+0.962
1613828940,+3.38, +2.715, +0.176,+0.962
1613829000,+3.38, +2.694, +0.177,+0.962
1613829060,+3.38, +2.704, +0.177,+0.962
1613829120,+3.38, +2.726, +0.177,+0.962
1613829180,+3.38, +2.715, +0.174,+0.962
1613829240,+3.38, +2.704, +0.176,+0.962
1613829300,+3.38, +2.726, +0.175,+0.962
1613829360,+3.38, +2.715, +0.176,+0.962
1613829420,+3.38, +2.704, +0.176,+0.962
1613829480,+3.38, +2.694, +0.176,+0.962
1613829540,+3.39, +2.726, +0.176,+0.962
1613829600,+3.38, +2.672, +0.178,+0.962
1613829660,+3.38, +2.694, +0.177,+0.962
1613829720,+3.38, +2.704, +0.176,+0.962
1613829780,+3.38, +2.715, +0.176,+0.962
1613829840,+3.38, +2.694, +0.178,+0.962
1613829900,+3.38, +2.694, +0.176,+0.962
1613829960,+3.38, +2.704, +0.175,+0.962
1613830020,+3.38, +2.715, +0.177,+0.962
1613830080,+3.38, +2.715, +0.177,+0.962
1613830140,+3.38, +2.715, +0.175,+0.962
1613830200,+3.38, +2.704, +0.177,+0.962
1613830260,+3.38, +2.715, +0.175,+0.962
1613830320,+3.38, +2.715, +0.176,+0.962
1613830380,+3.38, +2.683, +0.178,+0.962
1613830440,+3.38, +2.736, +0.175,+0.962
1613830500,+3.38, +2.694, +0.177,+0.962
1613830560,+3.38, +2.704, +0.175,+0.962
1613830620,+3.38, +2.715, +0.174,+0.962
1613830680,+3.38, +2.704, +0.176,+0.962
1613830740,+3.38, +2.704, +0.174,+0.962
1613830800,+3.38, +2.683, +0.176,+0.962
1613830860,+3.38, +2.715, +0.175,+0.962
1613830920,+3.38, +2.704, +0.176,+0.962
1613830980,+3.38, +2.736, +0.174,+0.962
1613831040,+3.38, +2.736, +0.175,+0.962
1613831100,+3.38, +2.715, +0.176,+0.962
1613831160,+3.38, +2.694, +0.174,+0.962
1613831220,+3.38, +2.672, +0.175,+0.962
1613831280,+3.38, +2.694, +0.177,+0.962
1613831340,+3.38, +2.694, +0.176,+0.962
1613831400,+3.38, +2.715, +0.176,+0.962
1613831460,+3.38, +2.704, +0.177,+0.962
1613831520,+3.38, +2.704, +0.176,+0.962
1613831580,+3.38, +2.726, +0.177,+0.962
1613831640,+3.38, +2.694, +0.176,+0.962
1613831700,+3.38, +2.704, +0.176,+0.962
1613831760,+3.38, +2.726, +0.176,+0.962
1613831820,+3.38, +2.683, +0.176,+0.962
1613831880,+3.38, +2.704, +0.177,+0.962
1613831940,+3.38, +2.704, +0.177,+0.962
1613832000,+3.38, +2.704, +0.175,+0.962
1613832060,+3.38, +2.726, +0.176,+0.962
1613832120,+3.38, +2.694, +0.175,+0.962
1613832180,+3.38, +2.704, +0.176,+0.962
1613832240,+3.38, +2.715, +0.177,+0.962
1613832300,+3.38, +2.704, +0.176,+0.962
1613832360,+3.38, +2.672, +0.177,+0.962
1613832420,+3.38, +2.704, +0.176,+0.962
1613832480,+3.38, +2.694, +0.176,+0.962
1613832540,+3.38, +2.704, +0.175,+0.962
1613832600,+3.38, +2.672, +0.177,+0.962
1613832660,+3.38, +2.715, +0.175,+0.962
1613832720,+3.38, +2.715, +0.176,+0.962
1613832780,+3.38, +2.704, +0.175,+0.962
1613832840,+3.38, +2.715, +0.175,+0.962
1613832900,+3.38, +2.726, +0.175,+0.962
1613832960,+3.38, +2.694, +0.177,+0.962
1613833020,+3.38, +2.704, +0.176,+0.962
1613833080,+3.38, +2.715, +0.177,+0.962
1613833140,+3.38, +2.683, +0.178,+0.962
1613833200,+3.38, +2.683, +0.178,+0.962
1613833260,+3.38, +2.704, +0.176,+0.962
1613833320,+3.38, +2.715, +0.177,+0.962
1613833380,+3.38, +2.726, +0.175,+0.962
1613833440,+3.38, +2.704, +0.175,+0.962
1613833500,+3.38, +2.694, +0.177,+0.962
1613833560,+3.38, +2.694, +0.175,+0.962
1613833620,+3.38, +2.694, +0.176,+0.962
1613833680,+3.38, +2.694, +0.177,+0.962
1613833740,+3.38, +2.694, +0.176,+0.962
1613833800,+3.38, +2.683, +0.176,+0.962
1613833860,+3.38, +2.715, +0.175,+0.962
1613833920,+3.38, +2.704, +0.177,+0.962
1613833980,+3.38, +2.715, +0.175,+0.962
1613834040,+3.38, +2.661, +0.176,+0.962
1613834100,+3.38, +2.704, +0.177,+0.962
1613834160,+3.38, +2.683, +0.177,+0.962
1613834220,+3.38, +2.715, +0.176,+0.962
1613834280,+3.38, +2.715, +0.176,+0.962
1613834340,+3.38, +2.726, +0.176,+0.962
1613834400,+3.38, +2.704, +0.174,+0.962
1613834460,+3.38, +2.704, +0.174,+0.962
1613834520,+3.38, +2.704, +0.176,+0.962
1613834580,+3.38, +2.694, +0.176,+0.962
1613834640,+3.39, +2.726, +0.176,+0.962
1613834700,+3.38, +2.694, +0.177,+0.962
1613834760,+3.38, +2.704, +0.177,+0.962
1613834820,+3.38, +2.694, +0.175,+0.962
1613834880,+3.38, +2.715, +0.176,+0.962
1613834940,+3.38, +2.715, +0.177,+0.962
1613835000,+3.38, +2.704, +0.176,+0.962
1613835060,+3.38, +2.704, +0.175,+0.962
1613835120,+3.38, +2.736, +0.176,+0.962
1613835180,+3.38, +2.704, +0.176,+0.962
1613835240,+3.38, +2.704, +0.176,+0.962
1613835300,+3.38, +2.715, +0.176,+0.962
1613835360,+3.38, +2.683, +0.177,+0.962
1613835420,+3.38, +2.704, +0.174,+0.962
1613835480,+3.38, +2.694, +0.176,+0.962
1613835540,+3.38, +2.715, +0.177,+0.962
1613835600,+3.38, +2.694, +0.176,+0.962
1613835660,+3.38, +2.694, +0.177,+0.962
1613835720,+3.38, +2.683, +0.176,+0.962
1613835780,+3.38, +2.715, +0.176,+0.962
1613835840,+3.38, +2.694, +0.175,+0.962
1613835900,+3.38, +2.694, +0.175,+0.962
1613835960,+3.38, +2.704, +0.177,+0.962
1613836020,+3.38, +2.726, +0.176,+0.962
1613836080,+3.38, +2.683, +0.176,+0.962
1613836140,+3.38, +2.715, +0.176,+0.962
1613836200,+3.38, +2.704, +0.175,+0.962
1613836260,+3.38, +2.704, +0.175,+0.962
1613836320,+3.38, +2.704, +0.176,+0.962
1613836380,+3.38, +2.715, +0.176,+0.962
1613836440,+3.38, +2.704, +0.175,+0.962
1613836500,+3.38, +2.683, +0.177,+0.962
1613836560,+3.38, +2.715, +0.176,+0.962
1613836620,+3.38, +2.694, +0.177,+0.962
1613836680,+3.38, +2.672, +0.178,+0.962
1613836740,+3.38, +2.726, +0.175,+0.962
1613836800,+3.38, +2.726, +0.176,+0.962
1613836860,+3.38, +2.704, +0.177,+0.962
1613836920,+3.38, +2.704, +0.175,+0.962
1613836980,+3.38, +2.672, +0.177,+0.962
1613837040,+3.38, +2.694, +0.175,+0.962
1613837100,+3.38, +2.694, +0.176,+0.962
1613837160,+3.38, +2.704, +0.176,+0.962
1613837220,+3.38, +2.694, +0.176,+0.962
1613837280,+3.38, +2.758, +0.175,+0.962
1613837340,+3.39, +2.694, +0.177,+0.962
1613837400,+3.39, +2.704, +0.176,+0.962
1613837460,+3.38, +2.704, +0.178,+0.962
1613837520,+3.38, +2.704, +0.175,+0.962
1613837580,+3.38, +2.694, +0.177,+0.962
1613837640,+3.39, +2.715, +0.176,+0.962
1613837700,+3.38, +2.715, +0.178,+0.962
1613837760,+3.38, +2.694, +0.175,+0.962
1613837820,+3.38, +2.694, +0.176,+0.962
1613837880,+3.38, +2.726, +0.176,+0.962
1613837940,+3.38, +2.704, +0.176,+0.962
1613838000,+3.38, +2.726, +0.176,+0.962
1613838060,+3.38, +2.683, +0.176,+0.962
1613838120,+3.38, +2.704, +0.175,+0.962
1613838180,+3.38, +2.704, +0.176,+0.962
1613838240,+3.38, +2.683, +0.178,+0.962
1613838300,+3.38, +2.715, +0.177,+0.962
1613838360,+3.38, +2.726, +0.176,+0.962
1613838420,+3.38, +2.704, +0.176,+0.962
1613838480,+3.38, +2.704, +0.175,+0.962
1613838540,+3.38, +2.683, +0.175,+0.962
1613838600,+3.38, +2.726, +0.176,+0.962
1613838660,+3.38, +2.694, +0.175,+0.962
1613838720,+3.38, +2.672, +0.176,+0.962
1613838780,+3.38, +2.715, +0.174,+0.962
1613838840,+3.38, +2.715, +0.177,+0.962
1613838900,+3.38, +2.683, +0.176,+0.962
1613838960,+3.38, +2.715, +0.174,+0.962
1613839020,+3.38, +2.715, +0.177,+0.962
1613839080,+3.38, +2.704, +0.176,+0.962
1613839140,+3.38, +2.704, +0.177,+0.962
1613839200,+3.38, +2.694, +0.175,+0.962
