7392-570653
OS REV: 1.11 Sensor Cal: 1428445788
Time (sec),  BV (Volts),  T (deg C),  DO (mg/l),  Q ()
1618072860,+3.39, +4.268, +0.167,+0.944
1618072920,+3.40, +4.258, +0.169,+0.944
1618072980,+3.40, +4.248, +0.168,+0.943
1618073040,+3.40, +4.268, +0.168,+0.944
1618073100,+3.39, +4.258, +0.168,+0.944
1618073160,+3.39, +4.258, +0.167,+0.943
1618073220,+3.39, +4.289, +0.169,+0.944
1618073280,+3.39, +4.258, +0.169,+0.944
1618073340,+3.39, +4.237, +0.168,+0.944
1618073400,+3.40, +4.279, +0.167,+0.944
1618073460,+3.39, +4.268, +0.167,+0.944
1618073520,+3.40, +4.279, +0.167,+0.944
1618073580,+3.39, +4.258, +0.168,+0.944
1618073640,+3.40, +4.279, +0.170,+0.944
1618073700,+3.40, +4.279, +0.168,+0.944
1618073760,+3.40, +4.268, +0.168,+0.944
1618073820,+3.40, +4.258, +0.168,+0.944
1618073880,+3.39, +4.299, +0.166,+0.944
1618073940,+3.39, +4.299, +0.169,+0.944
1618074000,+3.40, +4.289, +0.168,+0.943
1618074060,+3.39, +4.289, +0.169,+0.943
1618074120,+3.40, +4.299, +0.169,+0.943
1618074180,+3.39, +4.299, +0.167,+0.943
1618074240,+3.39, +4.289, +0.167,+0.943
1618074300,+3.40, +4.268, +0.168,+0.943
1618074360,+3.39, +4.289, +0.168,+0.943
1618074420,+3.39, +4.299, +0.168,+0.943
1618074480,+3.40, +4.279, +0.167,+0.943
1618074540,+3.40, +4.299, +0.167,+0.943
1618074600,+3.40, +4.268, +0.169,+0.943
1618074660,+3.40, +4.279, +0.167,+0.943
1618074720,+3.39, +4.279, +0.168,+0.943
1618074780,+3.40, +4.268, +0.169,+0.943
1618074840,+3.40, +4.279, +0.166,+0.943
1618074900,+3.40, +4.299, +0.168,+0.943
1618074960,+3.40, +4.299, +0.167,+0.943
1618075020,+3.40, +4.289, +0.167,+0.943
1618075080,+3.40, +4.279, +0.168,+0.943
1618075140,+3.40, +4.299, +0.166,+0.943
1618075200,+3.40, +4.279, +0.167,+0.943
1618075260,+3.40, +4.299, +0.168,+0.943
1618075320,+3.39, +4.279, +0.168,+0.943
1618075380,+3.40, +4.289, +0.169,+0.943
1618075440,+3.40, +4.268, +0.169,+0.943
1618075500,+3.40, +4.289, +0.168,+0.943
1618075560,+3.40, +4.279, +0.168,+0.943
1618075620,+3.40, +4.279, +0.167,+0.943
1618075680,+3.40, +4.299, +0.170,+0.943
1618075740,+3.40, +4.268, +0.169,+0.943
1618075800,+3.40, +4.289, +0.168,+0.943
1618075860,+3.40, +4.268, +0.167,+0.943
1618075920,+3.40, +4.279, +0.168,+0.943
1618075980,+3.40, +4.268, +0.170,+0.943
1618076040,+3.40, +4.289, +0.167,+0.943
1618076100,+3.40, +4.299, +0.167,+0.943
1618076160,+3.40, +4.268, +0.168,+0.943
1618076220,+3.40, +4.268, +0.168,+0.943
1618076280,+3.40, +4.289, +0.169,+0.943
1618076340,+3.40, +4.289, +0.168,+0.943
1618076400,+3.39, +4.279, +0.168,+0.943
1618076460,+3.39, +4.289, +0.170,+0.943
1618076520,+3.40, +4.268, +0.168,+0.943
1618076580,+3.40, +4.279, +0.168,+0.943
1618076640,+3.40, +4.279, +0.168,+0.943
1618076700,+3.40, +4.279, +0.168,+0.943
1618076760,+3.40, +4.268, +0.170,+0.943
1618076820,+3.40, +4.258, +0.169,+0.943
1618076880,+3.40, +4.268, +0.168,+0.943
1618076940,+3.40, +4.289, +0.168,+0.943
1618077000,+3.40, +4.279, +0.168,+0.943
1618077060,+3.39, +4.279, +0.169,+0.943
1618077120,+3.40, +4.289, +0.169,+0.943
1618077180,+3.40, +4.299, +0.168,+0.943
1618077240,+3.40, +4.279, +0.168,+0.943
1618077300,+3.40, +4.289, +0.169,+0.943
1618077360,+3.40, +4.299, +0.169,+0.943
1618077420,+3.40, +4.289, +0.169,+0.943
1618077480,+3.40, +4.279, +0.168,+0.943
1618077540,+3.40, +4.279, +0.169,+0.943
1618077600,+3.39, +4.268, +0.167,+0.943
1618077660,+3.40, +4.289, +0.170,+0.943
1618077720,+3.40, +4.279, +0.168,+0.943
1618077780,+3.40, +4.289, +0.167,+0.943
1618077840,+3.40, +4.299, +0.168,+0.943
1618077900,+3.40, +4.279, +0.167,+0.943
1618077960,+3.40, +4.289, +0.168,+0.943
1618078020,+3.40, +4.279, +0.168,+0.943
1618078080,+3.40, +4.289, +0.168,+0.943
1618078140,+3.40, +4.279, +0.170,+0.943
1618078200,+3.40, +4.279, +0.169,+0.943
1618078260,+3.40, +4.279, +0.169,+0.943
1618078320,+3.40, +4.279, +0.169,+0.943
1618078380,+3.40, +4.320, +0.168,+0.943
1618078440,+3.40, +4.268, +0.167,+0.943
1618078500,+3.40, +4.279, +0.168,+0.943
1618078560,+3.40, +4.299, +0.168,+0.943
1618078620,+3.40, +4.279, +0.167,+0.943
1618078680,+3.40, +4.309, +0.168,+0.943
1618078740,+3.40, +4.279, +0.169,+0.943
1618078800,+3.40, +4.289, +0.167,+0.943
1618078860,+3.40, +4.268, +0.168,+0.943
1618078920,+3.40, +4.309, +0.167,+0.943
1618078980,+3.40, +4.268, +0.169,+0.943
1618079040,+3.40, +4.289, +0.170,+0.943
1618079100,+3.40, +4.268, +0.169,+0.943
1618079160,+3.40, +4.268, +0.168,+0.943
1618079220,+3.40, +4.309, +0.168,+0.943
1618079280,+3.39, +4.279, +0.167,+0.943
1618079340,+3.40, +4.268, +0.169,+0.943
1618079400,+3.40, +4.289, +0.169,+0.943
1618079460,+3.40, +4.268, +0.169,+0.943
1618079520,+3.40, +4.279, +0.168,+0.943
1618079580,+3.40, +4.289, +0.169,+0.943
1618079640,+3.39, +4.279, +0.168,+0.943
1618079700,+3.40, +4.279, +0.167,+0.943
1618079760,+3.40, +4.268, +0.167,+0.943
1618079820,+3.40, +4.299, +0.168,+0.943
1618079880,+3.40, +4.279, +0.169,+0.943
1618079940,+3.40, +4.268, +0.168,+0.943
1618080000,+3.40, +4.268, +0.168,+0.943
1618080060,+3.40, +4.268, +0.169,+0.943
1618080120,+3.40, +4.258, +0.168,+0.943
1618080180,+3.40, +4.268, +0.169,+0.943
1618080240,+3.40, +4.279, +0.168,+0.943
1618080300,+3.39, +4.258, +0.166,+0.943
1618080360,+3.40, +4.289, +0.168,+0.943
1618080420,+3.40, +4.309, +0.167,+0.943
1618080480,+3.40, +4.299, +0.168,+0.943
1618080540,+3.40, +4.289, +0.167,+0.943
1618080600,+3.40, +4.279, +0.167,+0.943
1618080660,+3.40, +4.309, +0.168,+0.944
1618080720,+3.40, +4.248, +0.170,+0.943
1618080780,+3.40, +4.268, +0.167,+0.943
1618080840,+3.40, +4.279, +0.168,+0.943
1618080900,+3.40, +4.279, +0.168,+0.943
1618080960,+3.40, +4.258, +0.169,+0.943
1618081020,+3.40, +4.268, +0.169,+0.943
1618081080,+3.40, +4.268, +0.168,+0.943
1618081140,+3.40, +4.268, +0.168,+0.943
1618081200,+3.40, +4.279, +0.168,+0.943
1618081260,+3.39, +4.289, +0.167,+0.943
1618081320,+3.40, +4.268, +0.168,+0.943
1618081380,+3.40, +4.299, +0.168,+0.943
1618081440,+3.40, +4.268, +0.170,+0.944
1618081500,+3.40, +4.289, +0.168,+0.943
1618081560,+3.40, +4.289, +0.168,+0.943
1618081620,+3.40, +4.268, +0.168,+0.943
1618081680,+3.40, +4.279, +0.168,+0.943
1618081740,+3.40, +4.289, +0.170,+0.944
1618081800,+3.40, +4.289, +0.167,+0.943
1618081860,+3.40, +4.330, +0.168,+0.943
1618081920,+3.40, +4.279, +0.168,+0.943
1618081980,+3.40, +4.279, +0.166,+0.943
1618082040,+3.39, +4.268, +0.167,+0.943
1618082100,+3.40, +4.279, +0.167,+0.943
1618082160,+3.40, +4.279, +0.169,+0.943
1618082220,+3.40, +4.248, +0.169,+0.943
1618082280,+3.40, +4.268, +0.167,+0.943
1618082340,+3.40, +4.330, +0.167,+0.944
1618082400,+3.40, +4.279, +0.167,+0.943
1618082460,+3.40, +4.258, +0.169,+0.943
1618082520,+3.40, +4.258, +0.168,+0.943
1618082580,+3.40, +4.268, +0.169,+0.943
1618082640,+3.39, +4.289, +0.167,+0.943
1618082700,+3.40, +4.279, +0.168,+0.943
1618082760,+3.40, +4.268, +0.168,+0.943
1618082820,+3.40, +4.279, +0.168,+0.944
1618082880,+3.40, +4.248, +0.166,+0.943
1618082940,+3.40, +4.258, +0.168,+0.943
1618083000,+3.40, +4.268, +0.168,+0.943
1618083060,+3.40, +4.268, +0.171,+0.943
1618083120,+3.40, +4.258, +0.171,+0.943
1618083180,+3.40, +4.258, +0.170,+0.943
1618083240,+3.40, +4.268, +0.169,+0.943
1618083300,+3.40, +4.289, +0.168,+0.943
1618083360,+3.40, +4.299, +0.169,+0.943
1618083420,+3.40, +4.268, +0.169,+0.943
1618083480,+3.40, +4.248, +0.169,+0.943
1618083540,+3.39, +4.279, +0.168,+0.943
1618083600,+3.40, +4.279, +0.168,+0.943
1618083660,+3.40, +4.248, +0.167,+0.943
1618083720,+3.40, +4.268, +0.167,+0.943
1618083780,+3.40, +4.268, +0.167,+0.943
1618083840,+3.40, +4.279, +0.169,+0.944
1618083900,+3.40, +4.279, +0.167,+0.943
1618083960,+3.40, +4.268, +0.167,+0.943
1618084020,+3.40, +4.268, +0.166,+0.943
1618084080,+3.40, +4.258, +0.168,+0.943
1618084140,+3.39, +4.248, +0.168,+0.943
1618084200,+3.40, +4.279, +0.166,+0.943
1618084260,+3.40, +4.268, +0.170,+0.943
1618084320,+3.39, +4.299, +0.167,+0.943
1618084380,+3.40, +4.279, +0.169,+0.943
1618084440,+3.40, +4.279, +0.168,+0.943
1618084500,+3.40, +4.279, +0.167,+0.943
1618084560,+3.40, +4.268, +0.167,+0.943
1618084620,+3.40, +4.258, +0.169,+0.943
1618084680,+3.40, +4.279, +0.168,+0.943
1618084740,+3.40, +4.268, +0.168,+0.943
1618084800,+3.40, +4.268, +0.167,+0.943
1618084860,+3.40, +4.268, +0.166,+0.943
1618084920,+3.40, +4.279, +0.168,+0.943
1618084980,+3.40, +4.248, +0.167,+0.943
1618085040,+3.40, +4.268, +0.168,+0.943
1618085100,+3.40, +4.248, +0.168,+0.943
1618085160,+3.40, +4.248, +0.168,+0.943
1618085220,+3.40, +4.268, +0.168,+0.943
1618085280,+3.40, +4.279, +0.168,+0.943
1618085340,+3.40, +4.268, +0.168,+0.943
1618085400,+3.40, +4.248, +0.168,+0.943
1618085460,+3.40, +4.299, +0.169,+0.943
1618085520,+3.40, +4.258, +0.169,+0.943
1618085580,+3.40, +4.258, +0.169,+0.943
1618085640,+3.39, +4.258, +0.170,+0.944
1618085700,+3.40, +4.258, +0.167,+0.943
1618085760,+3.40, +4.248, +0.170,+0.943
1618085820,+3.40, +4.268, +0.168,+0.943
1618085880,+3.40, +4.268, +0.166,+0.943
1618085940,+3.40, +4.268, +0.168,+0.943
1618086000,+3.40, +4.258, +0.166,+0.943
1618086060,+3.40, +4.268, +0.168,+0.943
1618086120,+3.39, +4.237, +0.170,+0.943
1618086180,+3.40, +4.279, +0.166,+0.943
1618086240,+3.40, +4.268, +0.168,+0.943
1618086300,+3.40, +4.279, +0.168,+0.944
1618086360,+3.40, +4.258, +0.168,+0.943
1618086420,+3.40, +4.258, +0.167,+0.943
1618086480,+3.39, +4.258, +0.168,+0.943
1618086540,+3.40, +4.248, +0.168,+0.943
1618086600,+3.40, +4.268, +0.169,+0.944
1618086660,+3.40, +4.248, +0.169,+0.943
1618086720,+3.40, +4.279, +0.168,+0.943
1618086780,+3.40, +4.237, +0.168,+0.943
1618086840,+3.40, +4.268, +0.168,+0.943
1618086900,+3.40, +4.258, +0.169,+0.943
1618086960,+3.40, +4.237, +0.169,+0.943
1618087020,+3.40, +4.268, +0.167,+0.943
1618087080,+3.40, +4.279, +0.170,+0.944
1618087140,+3.40, +4.258, +0.168,+0.943
1618087200,+3.40, +4.258, +0.168,+0.943
1618087260,+3.40, +4.258, +0.168,+0.943
1618087320,+3.40, +4.258, +0.168,+0.943
1618087380,+3.39, +4.248, +0.165,+0.943
1618087440,+3.40, +4.289, +0.166,+0.943
1618087500,+3.40, +4.258, +0.169,+0.943
1618087560,+3.40, +4.227, +0.169,+0.943
1618087620,+3.40, +4.268, +0.169,+0.943
1618087680,+3.40, +4.268, +0.169,+0.944
1618087740,+3.39, +4.289, +0.168,+0.943
1618087800,+3.40, +4.258, +0.168,+0.943
1618087860,+3.40, +4.279, +0.169,+0.943
1618087920,+3.40, +4.237, +0.168,+0.943
1618087980,+3.40, +4.248, +0.167,+0.943
1618088040,+3.40, +4.268, +0.168,+0.943
1618088100,+3.40, +4.258, +0.169,+0.943
1618088160,+3.40, +4.268, +0.169,+0.943
1618088220,+3.39, +4.279, +0.166,+0.943
1618088280,+3.40, +4.279, +0.168,+0.943
1618088340,+3.40, +4.258, +0.167,+0.943
1618088400,+3.40, +4.268, +0.170,+0.943
1618088460,+3.40, +4.248, +0.168,+0.943
1618088520,+3.40, +4.268, +0.168,+0.943
1618088580,+3.40, +4.268, +0.169,+0.943
1618088640,+3.40, +4.268, +0.167,+0.943
1618088700,+3.40, +4.279, +0.169,+0.943
1618088760,+3.40, +4.289, +0.167,+0.943
1618088820,+3.40, +4.258, +0.169,+0.943
1618088880,+3.40, +4.268, +0.168,+0.943
1618088940,+3.40, +4.258, +0.167,+0.943
1618089000,+3.40, +4.248, +0.168,+0.943
1618089060,+3.40, +4.258, +0.170,+0.944
1618089120,+3.40, +4.289, +0.167,+0.943
1618089180,+3.40, +4.268, +0.168,+0.943
1618089240,+3.40, +4.279, +0.167,+0.943
1618089300,+3.40, +4.289, +0.168,+0.943
1618089360,+3.40, +4.237, +0.169,+0.943
1618089420,+3.40, +4.289, +0.166,+0.943
1618089480,+3.40, +4.289, +0.168,+0.943
1618089540,+3.40, +4.289, +0.169,+0.943
1618089600,+3.40, +4.268, +0.167,+0.943
1618089660,+3.40, +4.248, +0.167,+0.943
1618089720,+3.40, +4.248, +0.168,+0.943
1618089780,+3.40, +4.279, +0.169,+0.943
1618089840,+3.40, +4.279, +0.168,+0.943
1618089900,+3.40, +4.320, +0.167,+0.943
1618089960,+3.40, +4.268, +0.167,+0.943
1618090020,+3.40, +4.258, +0.170,+0.943
1618090080,+3.40, +4.279, +0.168,+0.943
1618090140,+3.40, +4.258, +0.168,+0.943
1618090200,+3.40, +4.289, +0.168,+0.944
1618090260,+3.40, +4.268, +0.168,+0.943
1618090320,+3.40, +4.268, +0.168,+0.943
1618090380,+3.40, +4.279, +0.168,+0.943
1618090440,+3.40, +4.279, +0.168,+0.943
1618090500,+3.40, +4.258, +0.168,+0.943
1618090560,+3.40, +4.268, +0.168,+0.943
1618090620,+3.40, +4.248, +0.168,+0.943
1618090680,+3.40, +4.279, +0.168,+0.943
1618090740,+3.40, +4.279, +0.169,+0.944
1618090800,+3.40, +4.279, +0.167,+0.943
1618090860,+3.40, +4.268, +0.169,+0.943
1618090920,+3.40, +4.279, +0.169,+0.944
1618090980,+3.40, +4.268, +0.168,+0.943
1618091040,+3.40, +4.279, +0.167,+0.943
1618091100,+3.40, +4.279, +0.167,+0.943
1618091160,+3.40, +4.268, +0.168,+0.943
1618091220,+3.40, +4.248, +0.169,+0.943
1618091280,+3.40, +4.299, +0.167,+0.943
1618091340,+3.39, +4.279, +0.167,+0.943
1618091400,+3.40, +4.299, +0.167,+0.943
1618091460,+3.40, +4.299, +0.166,+0.943
1618091520,+3.40, +4.268, +0.168,+0.943
1618091580,+3.40, +4.248, +0.168,+0.943
1618091640,+3.40, +4.227, +0.169,+0.943
1618091700,+3.40, +4.258, +0.168,+0.943
1618091760,+3.40, +4.268, +0.168,+0.944
1618091820,+3.40, +4.289, +0.168,+0.943
1618091880,+3.40, +4.268, +0.168,+0.943
1618091940,+3.40, +4.268, +0.168,+0.943
1618092000,+3.40, +4.279, +0.168,+0.943
1618092060,+3.40, +4.268, +0.167,+0.943
1618092120,+3.40, +4.258, +0.170,+0.944
1618092180,+3.40, +4.279, +0.169,+0.943
1618092240,+3.40, +4.279, +0.168,+0.943
1618092300,+3.40, +4.279, +0.168,+0.943
1618092360,+3.40, +4.289, +0.168,+0.943
1618092420,+3.40, +4.279, +0.168,+0.943
1618092480,+3.40, +4.279, +0.169,+0.943
1618092540,+3.40, +4.258, +0.169,+0.943
1618092600,+3.40, +4.258, +0.169,+0.943
1618092660,+3.40, +4.289, +0.166,+0.943
1618092720,+3.40, +4.268, +0.167,+0.943
1618092780,+3.40, +4.279, +0.168,+0.943
1618092840,+3.40, +4.258, +0.168,+0.943
1618092900,+3.40, +4.279, +0.166,+0.943
1618092960,+3.40, +4.279, +0.168,+0.943
1618093020,+3.40, +4.258, +0.169,+0.943
1618093080,+3.40, +4.299, +0.167,+0.943
1618093140,+3.40, +4.279, +0.167,+0.943
1618093200,+3.40, +4.279, +0.166,+0.943
1618093260,+3.40, +4.289, +0.168,+0.943
1618093320,+3.40, +4.279, +0.167,+0.943
1618093380,+3.40, +4.279, +0.169,+0.943
1618093440,+3.40, +4.258, +0.168,+0.943
1618093500,+3.40, +4.279, +0.168,+0.944
1618093560,+3.40, +4.279, +0.167,+0.943
1618093620,+3.40, +4.258, +0.167,+0.943
1618093680,+3.40, +4.279, +0.169,+0.944
1618093740,+3.40, +4.289, +0.169,+0.944
1618093800,+3.40, +4.258, +0.169,+0.943
1618093860,+3.40, +4.279, +0.168,+0.943
1618093920,+3.40, +4.258, +0.167,+0.943
1618093980,+3.40, +4.279, +0.169,+0.943
1618094040,+3.40, +4.279, +0.167,+0.943
1618094100,+3.40, +4.268, +0.168,+0.943
1618094160,+3.40, +4.268, +0.169,+0.943
1618094220,+3.40, +4.258, +0.168,+0.943
1618094280,+3.40, +4.289, +0.168,+0.943
1618094340,+3.40, +4.289, +0.166,+0.943
1618094400,+3.40, +4.268, +0.169,+0.944
1618094460,+3.40, +4.299, +0.167,+0.943
1618094520,+3.40, +4.279, +0.169,+0.944
1618094580,+3.40, +4.268, +0.167,+0.943
1618094640,+3.40, +4.279, +0.168,+0.943
1618094700,+3.40, +4.268, +0.169,+0.943
1618094760,+3.40, +4.268, +0.168,+0.943
1618094820,+3.40, +4.268, +0.167,+0.943
1618094880,+3.40, +4.268, +0.167,+0.943
1618094940,+3.40, +4.258, +0.168,+0.943
1618095000,+3.40, +4.258, +0.167,+0.943
1618095060,+3.39, +4.268, +0.168,+0.943
1618095120,+3.40, +4.299, +0.169,+0.944
1618095180,+3.40, +4.299, +0.167,+0.943
1618095240,+3.40, +4.258, +0.167,+0.943
1618095300,+3.39, +4.289, +0.168,+0.943
1618095360,+3.40, +4.258, +0.168,+0.943
1618095420,+3.40, +4.268, +0.167,+0.943
1618095480,+3.40, +4.268, +0.169,+0.943
1618095540,+3.40, +4.227, +0.168,+0.943
1618095600,+3.40, +4.268, +0.169,+0.944
1618095660,+3.40, +4.237, +0.168,+0.944
1618095720,+3.40, +4.279, +0.167,+0.944
1618095780,+3.40, +4.258, +0.167,+0.944
1618095840,+3.40, +4.268, +0.169,+0.944
1618095900,+3.40, +4.258, +0.170,+0.944
1618095960,+3.40, +4.279, +0.168,+0.944
1618096020,+3.40, +4.268, +0.167,+0.944
1618096080,+3.40, +4.268, +0.166,+0.944
1618096140,+3.40, +4.268, +0.169,+0.944
1618096200,+3.40, +4.268, +0.167,+0.944
1618096260,+3.40, +4.268, +0.168,+0.944
1618096320,+3.40, +4.279, +0.167,+0.944
1618096380,+3.40, +4.237, +0.168,+0.944
1618096440,+3.40, +4.279, +0.168,+0.944
1618096500,+3.40, +4.279, +0.166,+0.944
1618096560,+3.40, +4.268, +0.168,+0.944
1618096620,+3.40, +4.289, +0.169,+0.944
1618096680,+3.40, +4.268, +0.168,+0.944
1618096740,+3.40, +4.268, +0.169,+0.944
1618096800,+3.40, +4.268, +0.167,+0.944
1618096860,+3.40, +4.279, +0.168,+0.944
1618096920,+3.40, +4.268, +0.170,+0.944
1618096980,+3.40, +4.340, +0.166,+0.944
1618097040,+3.40, +4.279, +0.168,+0.944
1618097100,+3.40, +4.248, +0.168,+0.944
1618097160,+3.39, +4.268, +0.167,+0.944
1618097220,+3.40, +4.258, +0.169,+0.944
1618097280,+3.40, +4.289, +0.167,+0.944
1618097340,+3.40, +4.268, +0.169,+0.944
1618097400,+3.40, +4.268, +0.168,+0.944
1618097460,+3.40, +4.268, +0.168,+0.944
1618097520,+3.40, +4.268, +0.167,+0.944
1618097580,+3.40, +4.258, +0.169,+0.944
1618097640,+3.40, +4.268, +0.168,+0.944
1618097700,+3.40, +4.279, +0.167,+0.944
1618097760,+3.40, +4.279, +0.167,+0.944
1618097820,+3.40, +4.279, +0.167,+0.944
1618097880,+3.40, +4.258, +0.168,+0.944
1618097940,+3.40, +4.279, +0.170,+0.944
1618098000,+3.40, +4.268, +0.167,+0.944
1618098060,+3.40, +4.299, +0.167,+0.944
1618098120,+3.40, +4.268, +0.169,+0.944
1618098180,+3.40, +4.279, +0.167,+0.944
1618098240,+3.40, +4.279, +0.169,+0.944
1618098300,+3.40, +4.258, +0.167,+0.944
1618098360,+3.40, +4.279, +0.169,+0.944
1618098420,+3.39, +4.258, +0.166,+0.944
1618098480,+3.40, +4.279, +0.167,+0.944
1618098540,+3.40, +4.299, +0.168,+0.944
1618098600,+3.40, +4.237, +0.168,+0.944
1618098660,+3.40, +4.268, +0.168,+0.944
1618098720,+3.40, +4.268, +0.168,+0.944
1618098780,+3.40, +4.289, +0.168,+0.944
1618098840,+3.40, +4.320, +0.166,+0.944
1618098900,+3.40, +4.258, +0.168,+0.944
1618098960,+3.40, +4.258, +0.169,+0.944
1618099020,+3.40, +4.289, +0.167,+0.944
1618099080,+3.40, +4.258, +0.167,+0.944
1618099140,+3.39, +4.258, +0.168,+0.944
1618099200,+3.40, +4.279, +0.169,+0.944
1618099260,+3.40, +4.279, +0.168,+0.944
1618099320,+3.40, +4.258, +0.169,+0.944
1618099380,+3.40, +4.258, +0.169,+0.944
1618099440,+3.40, +4.309, +0.168,+0.944
1618099500,+3.40, +4.268, +0.168,+0.944
1618099560,+3.40, +4.258, +0.169,+0.944
1618099620,+3.40, +4.268, +0.168,+0.944
1618099680,+3.40, +4.258, +0.169,+0.944
1618099740,+3.40, +4.289, +0.168,+0.944
1618099800,+3.40, +4.258, +0.168,+0.944
1618099860,+3.40, +4.279, +0.170,+0.944
1618099920,+3.40, +4.268, +0.170,+0.944
1618099980,+3.40, +4.268, +0.167,+0.944
1618100040,+3.40, +4.258, +0.168,+0.944
1618100100,+3.40, +4.258, +0.169,+0.944
1618100160,+3.40, +4.268, +0.169,+0.944
1618100220,+3.40, +4.258, +0.171,+0.944
1618100280,+3.40, +4.248, +0.169,+0.944
1618100340,+3.40, +4.279, +0.170,+0.944
1618100400,+3.40, +4.268, +0.168,+0.944
1618100460,+3.40, +4.268, +0.168,+0.944
1618100520,+3.40, +4.279, +0.168,+0.944
1618100580,+3.39, +4.268, +0.169,+0.944
1618100640,+3.40, +4.258, +0.169,+0.944
1618100700,+3.40, +4.279, +0.171,+0.944
1618100760,+3.40, +4.279, +0.169,+0.944
1618100820,+3.40, +4.279, +0.168,+0.944
1618100880,+3.40, +4.248, +0.168,+0.944
1618100940,+3.40, +4.289, +0.168,+0.944
1618101000,+3.40, +4.268, +0.170,+0.944
1618101060,+3.40, +4.258, +0.167,+0.944
1618101120,+3.39, +4.279, +0.168,+0.944
1618101180,+3.40, +4.248, +0.167,+0.944
1618101240,+3.40, +4.279, +0.167,+0.944
1618101300,+3.40, +4.268, +0.168,+0.944
1618101360,+3.40, +4.289, +0.170,+0.944
1618101420,+3.40, +4.299, +0.170,+0.944
1618101480,+3.40, +4.258, +0.170,+0.944
1618101540,+3.40, +4.289, +0.169,+0.944
1618101600,+3.40, +4.299, +0.167,+0.944
1618101660,+3.40, +4.268, +0.169,+0.944
1618101720,+3.40, +4.268, +0.169,+0.944
1618101780,+3.40, +4.279, +0.168,+0.944
1618101840,+3.40, +4.258, +0.168,+0.944
1618101900,+3.40, +4.268, +0.168,+0.944
1618101960,+3.40, +4.279, +0.168,+0.944
1618102020,+3.40, +4.289, +0.168,+0.944
1618102080,+3.40, +4.279, +0.169,+0.944
1618102140,+3.40, +4.279, +0.167,+0.944
1618102200,+3.40, +4.289, +0.167,+0.944
1618102260,+3.40, +4.279, +0.169,+0.944
1618102320,+3.40, +4.279, +0.168,+0.944
1618102380,+3.40, +4.299, +0.169,+0.944
1618102440,+3.40, +4.279, +0.167,+0.944
1618102500,+3.40, +4.279, +0.169,+0.944
1618102560,+3.40, +4.279, +0.170,+0.944
1618102620,+3.40, +4.279, +0.167,+0.944
1618102680,+3.40, +4.279, +0.167,+0.944
1618102740,+3.40, +4.289, +0.170,+0.944
1618102800,+3.40, +4.248, +0.169,+0.944
1618102860,+3.40, +4.299, +0.169,+0.944
1618102920,+3.40, +4.258, +0.171,+0.944
1618102980,+3.40, +4.289, +0.171,+0.944
1618103040,+3.40, +4.279, +0.170,+0.944
1618103100,+3.40, +4.279, +0.169,+0.944
1618103160,+3.40, +4.299, +0.168,+0.944
1618103220,+3.40, +4.268, +0.169,+0.944
1618103280,+3.40, +4.279, +0.168,+0.944
1618103340,+3.40, +4.289, +0.168,+0.944
1618103400,+3.40, +4.299, +0.169,+0.944
1618103460,+3.40, +4.299, +0.169,+0.944
1618103520,+3.40, +4.309, +0.167,+0.944
1618103580,+3.40, +4.289, +0.167,+0.944
1618103640,+3.40, +4.289, +0.178,+0.944
1618103700,+3.39, +4.289, +0.184,+0.944
1618103760,+3.40, +4.299, +0.184,+0.944
1618103820,+3.40, +4.309, +0.181,+0.944
1618103880,+3.40, +4.289, +0.177,+0.945
1618103940,+3.40, +4.289, +0.174,+0.944
1618104000,+3.40, +4.289, +0.173,+0.944
1618104060,+3.40, +4.258, +0.174,+0.944
1618104120,+3.40, +4.268, +0.172,+0.944
1618104180,+3.40, +4.289, +0.169,+0.944
1618104240,+3.40, +4.289, +0.170,+0.944
1618104300,+3.40, +4.258, +0.169,+0.944
1618104360,+3.40, +4.299, +0.167,+0.944
1618104420,+3.40, +4.289, +0.170,+0.944
1618104480,+3.40, +4.309, +0.169,+0.944
1618104540,+3.40, +4.299, +0.169,+0.944
1618104600,+3.40, +4.289, +0.168,+0.944
1618104660,+3.40, +4.279, +0.170,+0.944
1618104720,+3.40, +4.320, +0.170,+0.944
1618104780,+3.39, +4.309, +0.169,+0.944
1618104840,+3.40, +4.299, +0.169,+0.944
1618104900,+3.40, +4.289, +0.169,+0.944
1618104960,+3.40, +4.289, +0.169,+0.944
1618105020,+3.40, +4.279, +0.170,+0.944
1618105080,+3.40, +4.289, +0.169,+0.944
1618105140,+3.40, +4.309, +0.168,+0.944
1618105200,+3.40, +4.279, +0.168,+0.944
1618105260,+3.40, +4.248, +0.169,+0.944
1618105320,+3.40, +4.268, +0.168,+0.944
1618105380,+3.40, +4.299, +0.167,+0.944
1618105440,+3.40, +4.258, +0.167,+0.944
1618105500,+3.40, +4.289, +0.167,+0.944
1618105560,+3.40, +4.289, +0.168,+0.944
1618105620,+3.40, +4.289, +0.168,+0.944
1618105680,+3.39, +4.289, +0.168,+0.944
1618105740,+3.40, +4.299, +0.168,+0.944
1618105800,+3.40, +4.279, +0.167,+0.944
1618105860,+3.40, +4.289, +0.168,+0.944
1618105920,+3.40, +4.289, +0.166,+0.944
1618105980,+3.40, +4.279, +0.169,+0.944
1618106040,+3.40, +4.279, +0.167,+0.944
1618106100,+3.40, +4.289, +0.169,+0.944
1618106160,+3.40, +4.309, +0.170,+0.944
1618106220,+3.40, +4.289, +0.168,+0.944
1618106280,+3.40, +4.299, +0.169,+0.944
1618106340,+3.40, +4.289, +0.168,+0.944
1618106400,+3.40, +4.299, +0.168,+0.944
1618106460,+3.40, +4.279, +0.169,+0.944
1618106520,+3.40, +4.299, +0.168,+0.944
1618106580,+3.40, +4.279, +0.169,+0.944
1618106640,+3.40, +4.309, +0.168,+0.944
1618106700,+3.40, +4.279, +0.169,+0.944
1618106760,+3.40, +4.289, +0.170,+0.944
1618106820,+3.40, +4.299, +0.166,+0.944
1618106880,+3.40, +4.268, +0.169,+0.944
1618106940,+3.40, +4.268, +0.169,+0.944
1618107000,+3.40, +4.258, +0.167,+0.944
1618107060,+3.40, +4.299, +0.168,+0.944
1618107120,+3.40, +4.268, +0.167,+0.944
1618107180,+3.40, +4.268, +0.167,+0.944
1618107240,+3.40, +4.289, +0.170,+0.944
1618107300,+3.40, +4.268, +0.168,+0.944
1618107360,+3.40, +4.268, +0.168,+0.944
1618107420,+3.40, +4.217, +0.170,+0.944
1618107480,+3.40, +4.268, +0.168,+0.944
1618107540,+3.40, +4.258, +0.168,+0.944
1618107600,+3.40, +4.268, +0.169,+0.944
1618107660,+3.40, +4.268, +0.168,+0.944
1618107720,+3.40, +4.279, +0.167,+0.944
1618107780,+3.40, +4.268, +0.169,+0.944
1618107840,+3.40, +4.248, +0.168,+0.944
1618107900,+3.40, +4.248, +0.167,+0.944
1618107960,+3.40, +4.258, +0.169,+0.944
1618108020,+3.40, +4.279, +0.169,+0.944
1618108080,+3.40, +4.258, +0.168,+0.944
1618108140,+3.40, +4.268, +0.168,+0.944
1618108200,+3.40, +4.289, +0.170,+0.944
1618108260,+3.40, +4.248, +0.168,+0.944
1618108320,+3.40, +4.279, +0.168,+0.944
1618108380,+3.40, +4.268, +0.169,+0.944
1618108440,+3.40, +4.268, +0.168,+0.944
1618108500,+3.40, +4.268, +0.169,+0.944
1618108560,+3.40, +4.279, +0.168,+0.944
1618108620,+3.40, +4.279, +0.167,+0.944
1618108680,+3.40, +4.258, +0.169,+0.944
1618108740,+3.40, +4.289, +0.169,+0.944
1618108800,+3.40, +4.289, +0.169,+0.944
1618108860,+3.40, +4.279, +0.168,+0.945
1618108920,+3.40, +4.279, +0.169,+0.944
1618108980,+3.40, +4.299, +0.168,+0.944
1618109040,+3.40, +4.279, +0.169,+0.944
1618109100,+3.40, +4.299, +0.168,+0.944
1618109160,+3.40, +4.279, +0.169,+0.944
1618109220,+3.40, +4.279, +0.170,+0.944
1618109280,+3.40, +4.268, +0.169,+0.944
1618109340,+3.40, +4.279, +0.167,+0.944
1618109400,+3.40, +4.299, +0.166,+0.944
1618109460,+3.40, +4.289, +0.167,+0.944
1618109520,+3.40, +4.289, +0.169,+0.944
1618109580,+3.40, +4.268, +0.169,+0.944
1618109640,+3.40, +4.279, +0.168,+0.944
1618109700,+3.40, +4.279, +0.168,+0.944
1618109760,+3.40, +4.289, +0.168,+0.944
1618109820,+3.40, +4.248, +0.168,+0.944
1618109880,+3.40, +4.279, +0.168,+0.944
1618109940,+3.40, +4.299, +0.168,+0.944
1618110000,+3.40, +4.279, +0.168,+0.944
1618110060,+3.40, +4.268, +0.170,+0.944
1618110120,+3.40, +4.279, +0.167,+0.944
1618110180,+3.40, +4.289, +0.167,+0.944
1618110240,+3.40, +4.248, +0.168,+0.944
1618110300,+3.40, +4.268, +0.168,+0.944
1618110360,+3.40, +4.289, +0.168,+0.944
1618110420,+3.40, +4.289, +0.169,+0.944
1618110480,+3.40, +4.248, +0.167,+0.944
1618110540,+3.40, +4.268, +0.168,+0.944
1618110600,+3.40, +4.299, +0.167,+0.944
1618110660,+3.40, +4.268, +0.168,+0.944
1618110720,+3.40, +4.289, +0.168,+0.944
1618110780,+3.39, +4.289, +0.167,+0.944
1618110840,+3.40, +4.289, +0.169,+0.944
1618110900,+3.40, +4.279, +0.170,+0.944
1618110960,+3.40, +4.299, +0.166,+0.944
1618111020,+3.40, +4.299, +0.169,+0.944
1618111080,+3.40, +4.309, +0.170,+0.944
1618111140,+3.40, +4.289, +0.169,+0.944
1618111200,+3.40, +4.309, +0.168,+0.944
1618111260,+3.40, +4.299, +0.169,+0.944
1618111320,+3.40, +4.309, +0.168,+0.944
1618111380,+3.40, +4.299, +0.168,+0.944
1618111440,+3.40, +4.340, +0.168,+0.945
1618111500,+3.40, +4.330, +0.168,+0.944
1618111560,+3.40, +4.309, +0.166,+0.944
1618111620,+3.40, +4.320, +0.169,+0.944
1618111680,+3.40, +4.289, +0.168,+0.944
1618111740,+3.40, +4.330, +0.167,+0.944
1618111800,+3.40, +4.289, +0.168,+0.944
1618111860,+3.40, +4.309, +0.168,+0.944
1618111920,+3.40, +4.289, +0.170,+0.944
1618111980,+3.40, +4.289, +0.167,+0.944
1618112040,+3.40, +4.299, +0.169,+0.944
1618112100,+3.40, +4.299, +0.167,+0.944
1618112160,+3.40, +4.289, +0.169,+0.944
1618112220,+3.40, +4.340, +0.168,+0.944
1618112280,+3.40, +4.299, +0.168,+0.944
1618112340,+3.40, +4.299, +0.169,+0.944
1618112400,+3.40, +4.309, +0.167,+0.944
1618112460,+3.40, +4.309, +0.169,+0.944
1618112520,+3.40, +4.299, +0.168,+0.944
1618112580,+3.40, +4.309, +0.168,+0.944
1618112640,+3.40, +4.320, +0.168,+0.944
1618112700,+3.40, +4.309, +0.168,+0.944
1618112760,+3.40, +4.309, +0.168,+0.944
1618112820,+3.40, +4.289, +0.168,+0.944
1618112880,+3.40, +4.320, +0.168,+0.944
1618112940,+3.40, +4.320, +0.168,+0.944
1618113000,+3.40, +4.309, +0.168,+0.944
1618113060,+3.40, +4.320, +0.166,+0.944
1618113120,+3.40, +4.330, +0.167,+0.944
1618113180,+3.40, +4.299, +0.168,+0.944
1618113240,+3.40, +4.309, +0.168,+0.944
1618113300,+3.40, +4.309, +0.169,+0.944
1618113360,+3.40, +4.309, +0.167,+0.944
1618113420,+3.40, +4.299, +0.167,+0.944
1618113480,+3.40, +4.320, +0.167,+0.944
1618113540,+3.40, +4.320, +0.167,+0.944
1618113600,+3.40, +4.309, +0.167,+0.944
1618113660,+3.40, +4.330, +0.168,+0.944
1618113720,+3.40, +4.330, +0.166,+0.944
1618113780,+3.40, +4.320, +0.167,+0.944
1618113840,+3.40, +4.320, +0.166,+0.944
1618113900,+3.40, +4.309, +0.168,+0.944
1618113960,+3.40, +4.309, +0.168,+0.944
1618114020,+3.40, +4.320, +0.169,+0.944
1618114080,+3.40, +4.309, +0.168,+0.944
1618114140,+3.40, +4.320, +0.167,+0.944
1618114200,+3.40, +4.320, +0.167,+0.944
1618114260,+3.40, +4.309, +0.167,+0.944
1618114320,+3.40, +4.309, +0.170,+0.944
1618114380,+3.40, +4.299, +0.168,+0.944
1618114440,+3.40, +4.309, +0.168,+0.944
1618114500,+3.40, +4.309, +0.167,+0.944
1618114560,+3.40, +4.299, +0.168,+0.944
1618114620,+3.40, +4.320, +0.166,+0.944
1618114680,+3.40, +4.309, +0.168,+0.944
1618114740,+3.40, +4.309, +0.170,+0.944
1618114800,+3.40, +4.289, +0.170,+0.944
1618114860,+3.40, +4.309, +0.170,+0.944
1618114920,+3.40, +4.330, +0.169,+0.944
1618114980,+3.40, +4.330, +0.168,+0.944
1618115040,+3.40, +4.299, +0.169,+0.944
1618115100,+3.40, +4.309, +0.169,+0.944
1618115160,+3.40, +4.320, +0.168,+0.944
1618115220,+3.40, +4.330, +0.169,+0.944
1618115280,+3.40, +4.289, +0.168,+0.944
1618115340,+3.40, +4.309, +0.169,+0.944
1618115400,+3.40, +4.299, +0.168,+0.944
1618115460,+3.40, +4.248, +0.170,+0.944
1618115520,+3.40, +4.299, +0.169,+0.944
1618115580,+3.40, +4.330, +0.168,+0.944
1618115640,+3.40, +4.299, +0.170,+0.944
1618115700,+3.40, +4.330, +0.167,+0.944
1618115760,+3.40, +4.309, +0.167,+0.944
1618115820,+3.40, +4.340, +0.168,+0.944
1618115880,+3.40, +4.340, +0.169,+0.944
1618115940,+3.40, +4.279, +0.168,+0.944
1618116000,+3.40, +4.299, +0.168,+0.944
1618116060,+3.40, +4.299, +0.168,+0.944
1618116120,+3.40, +4.309, +0.167,+0.944
1618116180,+3.40, +4.330, +0.168,+0.944
1618116240,+3.40, +4.340, +0.169,+0.944
1618116300,+3.40, +4.320, +0.168,+0.944
1618116360,+3.40, +4.309, +0.168,+0.944
1618116420,+3.40, +4.340, +0.166,+0.944
1618116480,+3.40, +4.320, +0.168,+0.944
1618116540,+3.40, +4.340, +0.168,+0.944
1618116600,+3.40, +4.320, +0.168,+0.944
1618116660,+3.40, +4.320, +0.168,+0.944
1618116720,+3.40, +4.340, +0.168,+0.944
1618116780,+3.40, +4.309, +0.168,+0.944
1618116840,+3.40, +4.330, +0.170,+0.944
1618116900,+3.40, +4.330, +0.168,+0.944
1618116960,+3.40, +4.340, +0.168,+0.944
1618117020,+3.40, +4.330, +0.169,+0.944
1618117080,+3.40, +4.340, +0.169,+0.944
1618117140,+3.40, +4.330, +0.169,+0.944
1618117200,+3.40, +4.320, +0.168,+0.944
1618117260,+3.40, +4.279, +0.169,+0.944
1618117320,+3.40, +4.320, +0.169,+0.945
1618117380,+3.40, +4.330, +0.168,+0.945
1618117440,+3.40, +4.361, +0.169,+0.945
1618117500,+3.40, +4.299, +0.167,+0.944
1618117560,+3.40, +4.309, +0.167,+0.944
1618117620,+3.40, +4.320, +0.167,+0.944
1618117680,+3.40, +4.299, +0.167,+0.944
1618117740,+3.40, +4.309, +0.168,+0.944
1618117800,+3.40, +4.309, +0.169,+0.944
1618117860,+3.40, +4.299, +0.169,+0.944
1618117920,+3.40, +4.309, +0.167,+0.944
1618117980,+3.40, +4.299, +0.168,+0.944
1618118040,+3.40, +4.309, +0.168,+0.944
1618118100,+3.40, +4.320, +0.167,+0.944
1618118160,+3.40, +4.289, +0.168,+0.944
1618118220,+3.40, +4.289, +0.168,+0.944
1618118280,+3.40, +4.320, +0.167,+0.944
1618118340,+3.40, +4.309, +0.166,+0.944
1618118400,+3.40, +4.309, +0.167,+0.944
1618118460,+3.40, +4.309, +0.165,+0.944
1618118520,+3.40, +4.320, +0.167,+0.945
1618118580,+3.40, +4.320, +0.168,+0.944
1618118640,+3.40, +4.299, +0.169,+0.944
1618118700,+3.40, +4.289, +0.169,+0.944
1618118760,+3.40, +4.309, +0.167,+0.944
1618118820,+3.40, +4.309, +0.167,+0.944
1618118880,+3.40, +4.299, +0.169,+0.944
1618118940,+3.40, +4.309, +0.167,+0.944
1618119000,+3.40, +4.279, +0.168,+0.944
1618119060,+3.40, +4.289, +0.168,+0.944
1618119120,+3.40, +4.299, +0.168,+0.944
1618119180,+3.40, +4.299, +0.166,+0.944
1618119240,+3.40, +4.289, +0.168,+0.944
1618119300,+3.40, +4.299, +0.170,+0.944
1618119360,+3.40, +4.289, +0.169,+0.944
1618119420,+3.40, +4.309, +0.168,+0.944
1618119480,+3.40, +4.279, +0.168,+0.944
1618119540,+3.40, +4.299, +0.169,+0.944
1618119600,+3.40, +4.289, +0.167,+0.944
1618119660,+3.40, +4.299, +0.168,+0.944
1618119720,+3.40, +4.299, +0.168,+0.944
1618119780,+3.40, +4.299, +0.169,+0.945
1618119840,+3.40, +4.279, +0.167,+0.944
1618119900,+3.40, +4.299, +0.168,+0.944
1618119960,+3.40, +4.330, +0.167,+0.944
1618120020,+3.40, +4.309, +0.168,+0.944
1618120080,+3.40, +4.299, +0.168,+0.944
1618120140,+3.40, +4.299, +0.169,+0.944
1618120200,+3.40, +4.330, +0.169,+0.945
1618120260,+3.40, +4.299, +0.169,+0.944
1618120320,+3.39, +4.299, +0.168,+0.944
1618120380,+3.40, +4.299, +0.168,+0.944
1618120440,+3.40, +4.320, +0.168,+0.944
1618120500,+3.40, +4.309, +0.168,+0.944
1618120560,+3.40, +4.299, +0.167,+0.944
1618120620,+3.40, +4.299, +0.166,+0.944
1618120680,+3.40, +4.309, +0.168,+0.944
1618120740,+3.40, +4.309, +0.168,+0.944
1618120800,+3.40, +4.289, +0.168,+0.944
1618120860,+3.40, +4.299, +0.168,+0.944
1618120920,+3.40, +4.309, +0.171,+0.945
1618120980,+3.40, +4.309, +0.170,+0.945
1618121040,+3.40, +4.248, +0.169,+0.944
1618121100,+3.40, +4.320, +0.168,+0.944
1618121160,+3.40, +4.299, +0.168,+0.944
1618121220,+3.40, +4.299, +0.167,+0.944
1618121280,+3.40, +4.309, +0.168,+0.944
1618121340,+3.40, +4.299, +0.165,+0.944
1618121400,+3.40, +4.289, +0.167,+0.944
1618121460,+3.40, +4.330, +0.168,+0.945
1618121520,+3.40, +4.309, +0.170,+0.945
1618121580,+3.40, +4.309, +0.168,+0.944
1618121640,+3.40, +4.299, +0.167,+0.944
1618121700,+3.40, +4.309, +0.168,+0.944
1618121760,+3.40, +4.289, +0.167,+0.944
1618121820,+3.40, +4.279, +0.169,+0.944
1618121880,+3.40, +4.289, +0.167,+0.944
1618121940,+3.40, +4.279, +0.169,+0.944
1618122000,+3.40, +4.289, +0.169,+0.944
1618122060,+3.40, +4.279, +0.168,+0.944
1618122120,+3.40, +4.289, +0.168,+0.944
1618122180,+3.40, +4.309, +0.167,+0.944
1618122240,+3.40, +4.299, +0.168,+0.944
1618122300,+3.40, +4.279, +0.169,+0.944
1618122360,+3.40, +4.279, +0.167,+0.944
1618122420,+3.40, +4.299, +0.168,+0.944
1618122480,+3.40, +4.289, +0.167,+0.944
1618122540,+3.40, +4.299, +0.168,+0.944
1618122600,+3.40, +4.299, +0.168,+0.944
1618122660,+3.40, +4.309, +0.168,+0.944
1618122720,+3.40, +4.289, +0.168,+0.944
1618122780,+3.40, +4.248, +0.167,+0.944
1618122840,+3.40, +4.268, +0.168,+0.944
1618122900,+3.40, +4.289, +0.167,+0.944
1618122960,+3.40, +4.299, +0.169,+0.944
1618123020,+3.40, +4.289, +0.168,+0.944
1618123080,+3.40, +4.268, +0.167,+0.944
1618123140,+3.40, +4.289, +0.169,+0.945
1618123200,+3.40, +4.289, +0.168,+0.944
1618123260,+3.40, +4.299, +0.167,+0.944
1618123320,+3.40, +4.299, +0.168,+0.945
1618123380,+3.40, +4.299, +0.169,+0.945
1618123440,+3.40, +4.309, +0.169,+0.945
1618123500,+3.40, +4.309, +0.166,+0.944
1618123560,+3.40, +4.299, +0.168,+0.945
1618123620,+3.40, +4.289, +0.169,+0.944
1618123680,+3.40, +4.299, +0.170,+0.944
1618123740,+3.40, +4.320, +0.167,+0.944
1618123800,+3.40, +4.309, +0.169,+0.944
1618123860,+3.40, +4.309, +0.170,+0.945
1618123920,+3.40, +4.309, +0.171,+0.944
1618123980,+3.40, +4.309, +0.169,+0.944
1618124040,+3.40, +4.227, +0.169,+0.944
1618124100,+3.40, +4.320, +0.171,+0.945
1618124160,+3.40, +4.320, +0.167,+0.944
1618124220,+3.40, +4.309, +0.171,+0.945
1618124280,+3.40, +4.309, +0.168,+0.944
1618124340,+3.40, +4.299, +0.169,+0.944
1618124400,+3.40, +4.299, +0.169,+0.944
1618124460,+3.40, +4.320, +0.171,+0.945
1618124520,+3.40, +4.309, +0.171,+0.944
1618124580,+3.40, +4.299, +0.170,+0.944
1618124640,+3.40, +4.330, +0.168,+0.944
1618124700,+3.40, +4.320, +0.169,+0.944
1618124760,+3.40, +4.340, +0.169,+0.944
1618124820,+3.40, +4.351, +0.170,+0.944
1618124880,+3.40, +4.351, +0.169,+0.944
1618124940,+3.40, +4.330, +0.171,+0.944
1618125000,+3.40, +4.351, +0.168,+0.944
1618125060,+3.40, +4.351, +0.169,+0.944
1618125120,+3.40, +4.320, +0.170,+0.944
1618125180,+3.40, +4.351, +0.169,+0.944
1618125240,+3.40, +4.309, +0.169,+0.944
1618125300,+3.40, +4.320, +0.169,+0.944
1618125360,+3.39, +4.340, +0.169,+0.945
1618125420,+3.40, +4.299, +0.168,+0.944
1618125480,+3.40, +4.299, +0.168,+0.944
1618125540,+3.40, +4.309, +0.169,+0.944
1618125600,+3.40, +4.299, +0.168,+0.944
1618125660,+3.40, +4.299, +0.169,+0.944
1618125720,+3.40, +4.299, +0.168,+0.944
1618125780,+3.40, +4.279, +0.168,+0.944
1618125840,+3.40, +4.289, +0.169,+0.944
1618125900,+3.40, +4.289, +0.166,+0.944
1618125960,+3.40, +4.279, +0.169,+0.944
1618126020,+3.40, +4.279, +0.167,+0.944
1618126080,+3.40, +4.237, +0.169,+0.944
1618126140,+3.40, +4.289, +0.168,+0.944
1618126200,+3.40, +4.289, +0.168,+0.944
1618126260,+3.40, +4.309, +0.166,+0.944
1618126320,+3.40, +4.299, +0.167,+0.944
1618126380,+3.40, +4.299, +0.169,+0.944
1618126440,+3.40, +4.268, +0.168,+0.944
1618126500,+3.40, +4.289, +0.170,+0.945
1618126560,+3.40, +4.309, +0.170,+0.945
1618126620,+3.40, +4.289, +0.167,+0.944
1618126680,+3.40, +4.309, +0.166,+0.944
1618126740,+3.40, +4.289, +0.168,+0.944
1618126800,+3.40, +4.289, +0.170,+0.945
1618126860,+3.40, +4.299, +0.168,+0.945
1618126920,+3.40, +4.309, +0.169,+0.945
1618126980,+3.40, +4.289, +0.170,+0.944
1618127040,+3.40, +4.299, +0.168,+0.944
1618127100,+3.40, +4.289, +0.168,+0.944
1618127160,+3.40, +4.279, +0.168,+0.944
1618127220,+3.40, +4.279, +0.168,+0.945
1618127280,+3.40, +4.289, +0.168,+0.944
1618127340,+3.40, +4.289, +0.169,+0.944
1618127400,+3.40, +4.299, +0.167,+0.944
1618127460,+3.40, +4.289, +0.168,+0.944
1618127520,+3.40, +4.299, +0.168,+0.944
1618127580,+3.40, +4.289, +0.168,+0.944
1618127640,+3.40, +4.289, +0.168,+0.944
1618127700,+3.40, +4.299, +0.168,+0.944
1618127760,+3.40, +4.289, +0.167,+0.944
1618127820,+3.40, +4.299, +0.167,+0.944
1618127880,+3.40, +4.299, +0.168,+0.944
1618127940,+3.40, +4.309, +0.168,+0.944
1618128000,+3.40, +4.309, +0.168,+0.944
1618128060,+3.39, +4.320, +0.168,+0.944
1618128120,+3.40, +4.268, +0.169,+0.944
1618128180,+3.40, +4.289, +0.168,+0.944
1618128240,+3.40, +4.309, +0.168,+0.944
1618128300,+3.40, +4.309, +0.169,+0.944
1618128360,+3.40, +4.309, +0.168,+0.944
1618128420,+3.40, +4.279, +0.168,+0.944
1618128480,+3.40, +4.309, +0.166,+0.944
1618128540,+3.40, +4.309, +0.166,+0.944
1618128600,+3.40, +4.299, +0.166,+0.944
1618128660,+3.40, +4.299, +0.168,+0.945
1618128720,+3.40, +4.309, +0.167,+0.944
1618128780,+3.40, +4.289, +0.167,+0.944
1618128840,+3.40, +4.320, +0.168,+0.944
1618128900,+3.40, +4.299, +0.168,+0.944
1618128960,+3.40, +4.320, +0.167,+0.944
1618129020,+3.40, +4.309, +0.169,+0.945
1618129080,+3.39, +4.309, +0.169,+0.945
1618129140,+3.40, +4.330, +0.169,+0.945
1618129200,+3.40, +4.289, +0.168,+0.944
1618129260,+3.40, +4.289, +0.169,+0.944
1618129320,+3.40, +4.299, +0.168,+0.944
1618129380,+3.40, +4.309, +0.167,+0.944
1618129440,+3.40, +4.320, +0.168,+0.945
1618129500,+3.39, +4.289, +0.167,+0.945
1618129560,+3.40, +4.289, +0.168,+0.944
1618129620,+3.40, +4.289, +0.168,+0.944
1618129680,+3.40, +4.299, +0.168,+0.944
1618129740,+3.40, +4.279, +0.168,+0.944
1618129800,+3.40, +4.227, +0.166,+0.944
1618129860,+3.40, +4.279, +0.168,+0.944
1618129920,+3.40, +4.237, +0.168,+0.944
1618129980,+3.40, +4.289, +0.168,+0.944
1618130040,+3.40, +4.279, +0.168,+0.944
1618130100,+3.40, +4.279, +0.168,+0.944
1618130160,+3.40, +4.279, +0.167,+0.944
1618130220,+3.40, +4.248, +0.170,+0.945
1618130280,+3.39, +4.279, +0.168,+0.944
1618130340,+3.40, +4.289, +0.166,+0.944
1618130400,+3.40, +4.279, +0.169,+0.944
1618130460,+3.40, +4.309, +0.167,+0.945
1618130520,+3.40, +4.289, +0.169,+0.945
1618130580,+3.40, +4.299, +0.168,+0.944
1618130640,+3.40, +4.289, +0.168,+0.944
1618130700,+3.40, +4.289, +0.168,+0.944
1618130760,+3.40, +4.279, +0.168,+0.945
1618130820,+3.39, +4.289, +0.168,+0.944
1618130880,+3.40, +4.268, +0.168,+0.944
1618130940,+3.40, +4.299, +0.168,+0.945
1618131000,+3.40, +4.289, +0.169,+0.944
1618131060,+3.39, +4.289, +0.168,+0.944
1618131120,+3.40, +4.268, +0.170,+0.944
1618131180,+3.40, +4.309, +0.167,+0.944
1618131240,+3.40, +4.279, +0.168,+0.944
1618131300,+3.40, +4.289, +0.168,+0.944
1618131360,+3.40, +4.279, +0.170,+0.945
1618131420,+3.40, +4.289, +0.175,+0.945
1618131480,+3.40, +4.289, +0.175,+0.945
1618131540,+3.40, +4.289, +0.171,+0.944
1618131600,+3.40, +4.289, +0.172,+0.944
1618131660,+3.39, +4.320, +0.170,+0.945
1618131720,+3.39, +4.289, +0.170,+0.945
1618131780,+3.40, +4.289, +0.168,+0.944
1618131840,+3.40, +4.279, +0.170,+0.944
1618131900,+3.40, +4.299, +0.167,+0.944
1618131960,+3.40, +4.289, +0.168,+0.944
1618132020,+3.40, +4.289, +0.167,+0.944
1618132080,+3.40, +4.309, +0.168,+0.944
1618132140,+3.40, +4.299, +0.166,+0.944
1618132200,+3.40, +4.309, +0.167,+0.944
1618132260,+3.40, +4.309, +0.168,+0.944
1618132320,+3.40, +4.320, +0.167,+0.944
1618132380,+3.40, +4.299, +0.170,+0.944
1618132440,+3.40, +4.309, +0.169,+0.944
1618132500,+3.40, +4.309, +0.168,+0.944
1618132560,+3.40, +4.309, +0.168,+0.944
1618132620,+3.40, +4.289, +0.169,+0.944
1618132680,+3.40, +4.320, +0.167,+0.945
1618132740,+3.40, +4.309, +0.167,+0.944
1618132800,+3.39, +4.309, +0.169,+0.945
1618132860,+3.40, +4.340, +0.169,+0.945
1618132920,+3.40, +4.320, +0.168,+0.945
1618132980,+3.40, +4.320, +0.167,+0.944
1618133040,+3.40, +4.289, +0.168,+0.944
1618133100,+3.40, +4.268, +0.169,+0.944
1618133160,+3.40, +4.309, +0.167,+0.944
1618133220,+3.40, +4.299, +0.167,+0.944
1618133280,+3.40, +4.299, +0.169,+0.944
1618133340,+3.39, +4.289, +0.169,+0.944
1618133400,+3.40, +4.258, +0.171,+0.944
1618133460,+3.40, +4.299, +0.167,+0.944
1618133520,+3.40, +4.299, +0.167,+0.944
1618133580,+3.40, +4.279, +0.168,+0.944
1618133640,+3.40, +4.299, +0.168,+0.944
1618133700,+3.40, +4.289, +0.168,+0.944
1618133760,+3.40, +4.299, +0.168,+0.944
1618133820,+3.40, +4.289, +0.167,+0.944
1618133880,+3.40, +4.279, +0.169,+0.944
1618133940,+3.40, +4.309, +0.168,+0.945
1618134000,+3.40, +4.279, +0.169,+0.945
1618134060,+3.39, +4.279, +0.168,+0.944
1618134120,+3.40, +4.279, +0.169,+0.944
1618134180,+3.40, +4.289, +0.169,+0.944
1618134240,+3.40, +4.299, +0.168,+0.945
1618134300,+3.40, +4.299, +0.167,+0.944
1618134360,+3.40, +4.299, +0.169,+0.944
1618134420,+3.40, +4.279, +0.168,+0.944
1618134480,+3.40, +4.268, +0.168,+0.944
1618134540,+3.40, +4.258, +0.169,+0.944
1618134600,+3.40, +4.309, +0.168,+0.944
1618134660,+3.40, +4.279, +0.167,+0.944
1618134720,+3.40, +4.279, +0.166,+0.944
1618134780,+3.40, +4.289, +0.168,+0.944
1618134840,+3.40, +4.340, +0.167,+0.944
1618134900,+3.39, +4.289, +0.168,+0.944
1618134960,+3.40, +4.320, +0.167,+0.944
1618135020,+3.40, +4.289, +0.168,+0.944
1618135080,+3.40, +4.309, +0.168,+0.944
1618135140,+3.40, +4.258, +0.170,+0.945
1618135200,+3.40, +4.320, +0.167,+0.944
1618135260,+3.40, +4.289, +0.167,+0.944
1618135320,+3.40, +4.289, +0.168,+0.944
1618135380,+3.40, +4.289, +0.167,+0.944
1618135440,+3.40, +4.299, +0.167,+0.944
1618135500,+3.40, +4.299, +0.167,+0.944
1618135560,+3.40, +4.299, +0.167,+0.945
1618135620,+3.40, +4.330, +0.167,+0.944
1618135680,+3.40, +4.309, +0.169,+0.945
1618135740,+3.40, +4.279, +0.168,+0.944
1618135800,+3.40, +4.309, +0.168,+0.944
1618135860,+3.40, +4.320, +0.168,+0.945
1618135920,+3.40, +4.320, +0.166,+0.944
1618135980,+3.40, +4.299, +0.169,+0.944
1618136040,+3.40, +4.320, +0.166,+0.944
1618136100,+3.40, +4.299, +0.166,+0.944
1618136160,+3.40, +4.330, +0.168,+0.944
1618136220,+3.40, +4.299, +0.168,+0.944
1618136280,+3.40, +4.299, +0.167,+0.944
1618136340,+3.40, +4.299, +0.167,+0.944
1618136400,+3.40, +4.320, +0.167,+0.945
1618136460,+3.40, +4.330, +0.169,+0.945
1618136520,+3.40, +4.320, +0.167,+0.944
1618136580,+3.40, +4.320, +0.169,+0.944
1618136640,+3.40, +4.320, +0.168,+0.944
1618136700,+3.40, +4.299, +0.168,+0.944
1618136760,+3.40, +4.299, +0.168,+0.944
1618136820,+3.40, +4.309, +0.168,+0.944
1618136880,+3.40, +4.330, +0.167,+0.944
1618136940,+3.40, +4.330, +0.168,+0.945
1618137000,+3.40, +4.320, +0.168,+0.944
1618137060,+3.40, +4.320, +0.168,+0.944
1618137120,+3.40, +4.320, +0.169,+0.944
1618137180,+3.40, +4.279, +0.169,+0.944
1618137240,+3.40, +4.299, +0.166,+0.944
1618137300,+3.40, +4.289, +0.168,+0.944
1618137360,+3.40, +4.299, +0.169,+0.944
1618137420,+3.40, +4.279, +0.167,+0.944
1618137480,+3.40, +4.299, +0.167,+0.944
1618137540,+3.40, +4.279, +0.167,+0.944
1618137600,+3.40, +4.299, +0.165,+0.944
1618137660,+3.40, +4.320, +0.168,+0.945
1618137720,+3.40, +4.299, +0.169,+0.944
1618137780,+3.40, +4.289, +0.167,+0.944
1618137840,+3.40, +4.289, +0.168,+0.944
1618137900,+3.40, +4.299, +0.167,+0.944
1618137960,+3.40, +4.299, +0.169,+0.944
1618138020,+3.40, +4.309, +0.169,+0.944
1618138080,+3.40, +4.299, +0.167,+0.944
1618138140,+3.40, +4.299, +0.168,+0.945
1618138200,+3.40, +4.289, +0.168,+0.944
1618138260,+3.40, +4.289, +0.169,+0.944
1618138320,+3.40, +4.309, +0.168,+0.944
1618138380,+3.40, +4.289, +0.167,+0.944
1618138440,+3.40, +4.279, +0.168,+0.944
1618138500,+3.40, +4.299, +0.168,+0.945
1618138560,+3.40, +4.279, +0.169,+0.944
1618138620,+3.40, +4.299, +0.169,+0.945
1618138680,+3.40, +4.289, +0.167,+0.944
1618138740,+3.40, +4.289, +0.169,+0.944
1618138800,+3.40, +4.309, +0.168,+0.943
1618138860,+3.40, +4.330, +0.166,+0.943
1618138920,+3.40, +4.299, +0.168,+0.943
1618138980,+3.40, +4.330, +0.166,+0.943
1618139040,+3.40, +4.299, +0.168,+0.943
1618139100,+3.40, +4.309, +0.168,+0.943
1618139160,+3.40, +4.309, +0.168,+0.943
1618139220,+3.40, +4.320, +0.168,+0.943
1618139280,+3.40, +4.320, +0.170,+0.943
1618139340,+3.39, +4.309, +0.168,+0.943
1618139400,+3.40, +4.299, +0.169,+0.943
1618139460,+3.40, +4.340, +0.167,+0.943
1618139520,+3.40, +4.330, +0.168,+0.943
1618139580,+3.40, +4.309, +0.168,+0.943
1618139640,+3.40, +4.330, +0.169,+0.943
1618139700,+3.40, +4.330, +0.166,+0.943
1618139760,+3.40, +4.330, +0.171,+0.943
1618139820,+3.40, +4.320, +0.169,+0.943
1618139880,+3.40, +4.330, +0.167,+0.943
1618139940,+3.40, +4.320, +0.168,+0.943
1618140000,+3.40, +4.320, +0.168,+0.943
1618140060,+3.40, +4.361, +0.168,+0.943
1618140120,+3.40, +4.340, +0.167,+0.943
1618140180,+3.40, +4.320, +0.168,+0.943
1618140240,+3.40, +4.330, +0.167,+0.943
1618140300,+3.40, +4.340, +0.169,+0.943
1618140360,+3.40, +4.309, +0.168,+0.943
1618140420,+3.40, +4.330, +0.168,+0.943
1618140480,+3.40, +4.320, +0.167,+0.943
1618140540,+3.40, +4.340, +0.168,+0.943
1618140600,+3.40, +4.351, +0.167,+0.943
1618140660,+3.40, +4.340, +0.169,+0.943
1618140720,+3.40, +4.340, +0.166,+0.943
1618140780,+3.39, +4.340, +0.166,+0.943
1618140840,+3.40, +4.351, +0.168,+0.943
1618140900,+3.40, +4.340, +0.168,+0.943
1618140960,+3.40, +4.320, +0.170,+0.943
1618141020,+3.40, +4.351, +0.167,+0.943
1618141080,+3.40, +4.320, +0.168,+0.943
1618141140,+3.40, +4.330, +0.168,+0.943
1618141200,+3.40, +4.309, +0.169,+0.943
1618141260,+3.40, +4.320, +0.167,+0.943
1618141320,+3.40, +4.330, +0.166,+0.943
1618141380,+3.40, +4.330, +0.167,+0.943
1618141440,+3.40, +4.330, +0.170,+0.943
1618141500,+3.40, +4.330, +0.166,+0.943
1618141560,+3.40, +4.309, +0.168,+0.943
1618141620,+3.40, +4.320, +0.168,+0.943
1618141680,+3.40, +4.299, +0.167,+0.943
1618141740,+3.40, +4.309, +0.169,+0.943
1618141800,+3.40, +4.279, +0.169,+0.943
1618141860,+3.40, +4.299, +0.168,+0.943
1618141920,+3.40, +4.299, +0.168,+0.943
1618141980,+3.40, +4.330, +0.168,+0.943
1618142040,+3.40, +4.309, +0.169,+0.943
1618142100,+3.40, +4.320, +0.169,+0.943
1618142160,+3.40, +4.299, +0.167,+0.943
1618142220,+3.40, +4.320, +0.168,+0.943
1618142280,+3.40, +4.309, +0.170,+0.943
1618142340,+3.40, +4.309, +0.168,+0.943
1618142400,+3.40, +4.309, +0.168,+0.943
1618142460,+3.39, +4.299, +0.167,+0.943
1618142520,+3.40, +4.320, +0.168,+0.943
1618142580,+3.40, +4.309, +0.169,+0.943
1618142640,+3.40, +4.299, +0.167,+0.943
1618142700,+3.40, +4.299, +0.168,+0.943
1618142760,+3.40, +4.309, +0.167,+0.943
1618142820,+3.40, +4.320, +0.167,+0.943
1618142880,+3.40, +4.299, +0.168,+0.943
1618142940,+3.40, +4.320, +0.170,+0.943
1618143000,+3.40, +4.309, +0.170,+0.943
1618143060,+3.40, +4.320, +0.169,+0.943
1618143120,+3.40, +4.309, +0.169,+0.943
1618143180,+3.40, +4.351, +0.167,+0.943
1618143240,+3.40, +4.320, +0.167,+0.943
1618143300,+3.40, +4.340, +0.168,+0.943
1618143360,+3.40, +4.340, +0.168,+0.943
1618143420,+3.40, +4.340, +0.167,+0.943
1618143480,+3.40, +4.340, +0.169,+0.943
1618143540,+3.40, +4.340, +0.170,+0.943
1618143600,+3.40, +4.351, +0.169,+0.943
1618143660,+3.40, +4.351, +0.170,+0.943
1618143720,+3.40, +4.361, +0.169,+0.943
1618143780,+3.40, +4.351, +0.168,+0.943
1618143840,+3.40, +4.381, +0.166,+0.943
1618143900,+3.40, +4.340, +0.169,+0.943
1618143960,+3.40, +4.371, +0.168,+0.943
1618144020,+3.40, +4.361, +0.167,+0.943
1618144080,+3.40, +4.371, +0.167,+0.943
1618144140,+3.40, +4.361, +0.168,+0.943
1618144200,+3.40, +4.351, +0.166,+0.943
1618144260,+3.40, +4.340, +0.168,+0.943
1618144320,+3.40, +4.371, +0.167,+0.943
1618144380,+3.40, +4.340, +0.169,+0.943
1618144440,+3.40, +4.330, +0.167,+0.943
1618144500,+3.40, +4.381, +0.167,+0.943
1618144560,+3.40, +4.361, +0.167,+0.943
1618144620,+3.40, +4.371, +0.168,+0.943
1618144680,+3.40, +4.351, +0.167,+0.943
1618144740,+3.40, +4.351, +0.168,+0.943
1618144800,+3.40, +4.330, +0.167,+0.943
1618144860,+3.39, +4.340, +0.169,+0.943
1618144920,+3.40, +4.340, +0.169,+0.943
1618144980,+3.40, +4.340, +0.167,+0.943
1618145040,+3.39, +4.340, +0.168,+0.943
1618145100,+3.39, +4.340, +0.168,+0.943
1618145160,+3.40, +4.320, +0.168,+0.943
1618145220,+3.40, +4.320, +0.166,+0.943
1618145280,+3.40, +4.309, +0.167,+0.943
1618145340,+3.40, +4.351, +0.167,+0.943
1618145400,+3.40, +4.320, +0.169,+0.943
1618145460,+3.39, +4.340, +0.168,+0.943
1618145520,+3.39, +4.299, +0.168,+0.943
1618145580,+3.40, +4.309, +0.169,+0.943
1618145640,+3.40, +4.289, +0.168,+0.943
1618145700,+3.39, +4.309, +0.169,+0.943
1618145760,+3.40, +4.309, +0.168,+0.943
1618145820,+3.40, +4.299, +0.168,+0.943
1618145880,+3.39, +4.289, +0.169,+0.943
1618145940,+3.40, +4.309, +0.167,+0.943
1618146000,+3.40, +4.309, +0.169,+0.943
1618146060,+3.40, +4.289, +0.167,+0.943
1618146120,+3.40, +4.279, +0.167,+0.943
1618146180,+3.40, +4.299, +0.169,+0.943
1618146240,+3.40, +4.299, +0.168,+0.943
1618146300,+3.40, +4.309, +0.168,+0.943
1618146360,+3.40, +4.309, +0.169,+0.943
1618146420,+3.39, +4.309, +0.169,+0.943
1618146480,+3.39, +4.320, +0.168,+0.943
1618146540,+3.40, +4.330, +0.168,+0.943
1618146600,+3.40, +4.309, +0.168,+0.943
1618146660,+3.39, +4.330, +0.167,+0.943
1618146720,+3.40, +4.309, +0.168,+0.943
1618146780,+3.40, +4.320, +0.170,+0.943
1618146840,+3.40, +4.340, +0.166,+0.943
1618146900,+3.40, +4.309, +0.169,+0.943
1618146960,+3.40, +4.340, +0.167,+0.943
1618147020,+3.39, +4.320, +0.168,+0.943
1618147080,+3.40, +4.330, +0.168,+0.943
1618147140,+3.40, +4.320, +0.168,+0.943
1618147200,+3.40, +4.309, +0.169,+0.943
1618147260,+3.39, +4.320, +0.168,+0.943
1618147320,+3.40, +4.330, +0.169,+0.943
1618147380,+3.40, +4.330, +0.168,+0.943
1618147440,+3.40, +4.330, +0.170,+0.943
1618147500,+3.39, +4.320, +0.168,+0.943
1618147560,+3.40, +4.330, +0.168,+0.943
1618147620,+3.40, +4.320, +0.168,+0.943
1618147680,+3.40, +4.309, +0.167,+0.943
1618147740,+3.40, +4.351, +0.167,+0.943
1618147800,+3.40, +4.330, +0.167,+0.943
1618147860,+3.39, +4.320, +0.169,+0.943
1618147920,+3.40, +4.320, +0.168,+0.943
1618147980,+3.40, +4.361, +0.168,+0.943
1618148040,+3.40, +4.340, +0.167,+0.943
1618148100,+3.39, +4.340, +0.167,+0.943
1618148160,+3.40, +4.330, +0.166,+0.943
1618148220,+3.40, +4.351, +0.167,+0.943
1618148280,+3.40, +4.330, +0.168,+0.943
1618148340,+3.40, +4.330, +0.168,+0.943
1618148400,+3.40, +4.340, +0.166,+0.943
1618148460,+3.40, +4.361, +0.168,+0.943
1618148520,+3.40, +4.361, +0.166,+0.943
1618148580,+3.40, +4.330, +0.170,+0.943
1618148640,+3.40, +4.361, +0.168,+0.943
1618148700,+3.40, +4.361, +0.166,+0.943
1618148760,+3.40, +4.320, +0.166,+0.943
1618148820,+3.40, +4.361, +0.167,+0.943
1618148880,+3.40, +4.361, +0.168,+0.943
1618148940,+3.40, +4.351, +0.169,+0.943
1618149000,+3.40, +4.340, +0.168,+0.943
1618149060,+3.40, +4.330, +0.169,+0.943
1618149120,+3.40, +4.330, +0.167,+0.943
1618149180,+3.40, +4.351, +0.169,+0.943
1618149240,+3.40, +4.351, +0.168,+0.943
1618149300,+3.40, +4.330, +0.167,+0.943
1618149360,+3.40, +4.330, +0.167,+0.943
1618149420,+3.40, +4.340, +0.167,+0.943
1618149480,+3.40, +4.330, +0.169,+0.943
1618149540,+3.40, +4.309, +0.168,+0.943
1618149600,+3.40, +4.330, +0.167,+0.943
1618149660,+3.40, +4.330, +0.167,+0.943
1618149720,+3.40, +4.340, +0.167,+0.943
1618149780,+3.40, +4.309, +0.168,+0.943
1618149840,+3.40, +4.299, +0.168,+0.943
1618149900,+3.40, +4.330, +0.167,+0.943
1618149960,+3.40, +4.330, +0.167,+0.943
1618150020,+3.40, +4.330, +0.169,+0.943
1618150080,+3.39, +4.330, +0.168,+0.943
1618150140,+3.40, +4.309, +0.167,+0.943
1618150200,+3.40, +4.340, +0.169,+0.943
1618150260,+3.40, +4.320, +0.169,+0.943
1618150320,+3.40, +4.340, +0.168,+0.943
1618150380,+3.40, +4.351, +0.169,+0.943
1618150440,+3.40, +4.330, +0.169,+0.943
1618150500,+3.40, +4.361, +0.166,+0.943
1618150560,+3.40, +4.330, +0.169,+0.943
1618150620,+3.40, +4.309, +0.167,+0.943
1618150680,+3.40, +4.299, +0.167,+0.943
1618150740,+3.40, +4.320, +0.169,+0.943
1618150800,+3.39, +4.289, +0.168,+0.943
1618150860,+3.40, +4.309, +0.168,+0.943
1618150920,+3.40, +4.309, +0.168,+0.943
1618150980,+3.40, +4.309, +0.168,+0.943
1618151040,+3.40, +4.340, +0.167,+0.943
1618151100,+3.40, +4.340, +0.167,+0.943
1618151160,+3.40, +4.351, +0.167,+0.943
1618151220,+3.40, +4.371, +0.166,+0.943
1618151280,+3.40, +4.330, +0.166,+0.943
1618151340,+3.39, +4.340, +0.167,+0.943
1618151400,+3.40, +4.340, +0.168,+0.943
1618151460,+3.39, +4.330, +0.167,+0.943
1618151520,+3.40, +4.330, +0.169,+0.943
1618151580,+3.40, +4.320, +0.170,+0.943
1618151640,+3.40, +4.351, +0.168,+0.943
1618151700,+3.40, +4.340, +0.168,+0.943
1618151760,+3.40, +4.330, +0.169,+0.943
1618151820,+3.40, +4.299, +0.169,+0.943
1618151880,+3.40, +4.351, +0.168,+0.943
1618151940,+3.40, +4.340, +0.169,+0.943
1618152000,+3.40, +4.351, +0.168,+0.943
1618152060,+3.40, +4.361, +0.167,+0.943
1618152120,+3.40, +4.340, +0.169,+0.943
1618152180,+3.40, +4.340, +0.166,+0.943
1618152240,+3.40, +4.320, +0.168,+0.943
1618152300,+3.40, +4.361, +0.168,+0.943
1618152360,+3.39, +4.340, +0.169,+0.943
1618152420,+3.40, +4.330, +0.169,+0.943
1618152480,+3.40, +4.361, +0.168,+0.943
1618152540,+3.40, +4.351, +0.168,+0.943
1618152600,+3.40, +4.361, +0.168,+0.943
1618152660,+3.40, +4.330, +0.168,+0.943
1618152720,+3.40, +4.351, +0.169,+0.944
1618152780,+3.40, +4.361, +0.166,+0.943
1618152840,+3.40, +4.392, +0.166,+0.943
1618152900,+3.40, +4.381, +0.167,+0.943
1618152960,+3.40, +4.371, +0.168,+0.943
1618153020,+3.40, +4.381, +0.167,+0.943
1618153080,+3.40, +4.381, +0.166,+0.943
1618153140,+3.40, +4.361, +0.167,+0.943
1618153200,+3.40, +4.371, +0.167,+0.943
1618153260,+3.40, +4.371, +0.169,+0.943
1618153320,+3.40, +4.361, +0.168,+0.943
1618153380,+3.40, +4.392, +0.168,+0.943
1618153440,+3.40, +4.361, +0.166,+0.943
1618153500,+3.40, +4.361, +0.167,+0.943
1618153560,+3.40, +4.340, +0.169,+0.943
1618153620,+3.40, +4.351, +0.168,+0.943
1618153680,+3.40, +4.361, +0.167,+0.943
1618153740,+3.40, +4.340, +0.168,+0.943
1618153800,+3.40, +4.330, +0.167,+0.943
1618153860,+3.40, +4.340, +0.167,+0.943
1618153920,+3.40, +4.361, +0.167,+0.943
1618153980,+3.40, +4.330, +0.168,+0.943
1618154040,+3.40, +4.268, +0.168,+0.943
1618154100,+3.40, +4.320, +0.167,+0.943
1618154160,+3.40, +4.340, +0.167,+0.943
1618154220,+3.39, +4.330, +0.168,+0.943
1618154280,+3.40, +4.330, +0.168,+0.943
1618154340,+3.40, +4.381, +0.166,+0.943
1618154400,+3.40, +4.361, +0.168,+0.943
1618154460,+3.40, +4.340, +0.167,+0.943
1618154520,+3.40, +4.340, +0.167,+0.943
1618154580,+3.40, +4.330, +0.167,+0.943
1618154640,+3.40, +4.361, +0.167,+0.943
1618154700,+3.40, +4.320, +0.169,+0.943
1618154760,+3.40, +4.330, +0.167,+0.943
1618154820,+3.40, +4.330, +0.167,+0.943
1618154880,+3.40, +4.340, +0.170,+0.943
1618154940,+3.40, +4.371, +0.167,+0.943
1618155000,+3.40, +4.330, +0.168,+0.943
1618155060,+3.40, +4.351, +0.169,+0.943
1618155120,+3.40, +4.330, +0.167,+0.943
1618155180,+3.40, +4.330, +0.169,+0.943
1618155240,+3.40, +4.268, +0.169,+0.943
1618155300,+3.40, +4.309, +0.169,+0.943
1618155360,+3.40, +4.320, +0.169,+0.943
1618155420,+3.40, +4.320, +0.168,+0.943
1618155480,+3.40, +4.340, +0.168,+0.943
1618155540,+3.40, +4.299, +0.169,+0.943
1618155600,+3.40, +4.309, +0.167,+0.943
1618155660,+3.40, +4.309, +0.169,+0.943
1618155720,+3.40, +4.320, +0.167,+0.943
1618155780,+3.40, +4.309, +0.168,+0.943
1618155840,+3.40, +4.279, +0.169,+0.943
1618155900,+3.40, +4.330, +0.166,+0.943
1618155960,+3.40, +4.320, +0.168,+0.943
1618156020,+3.40, +4.309, +0.166,+0.943
1618156080,+3.40, +4.299, +0.170,+0.943
1618156140,+3.40, +4.320, +0.168,+0.943
1618156200,+3.40, +4.309, +0.168,+0.943
1618156260,+3.40, +4.299, +0.170,+0.943
1618156320,+3.40, +4.340, +0.168,+0.943
1618156380,+3.40, +4.340, +0.168,+0.943
1618156440,+3.40, +4.299, +0.170,+0.944
1618156500,+3.40, +4.340, +0.168,+0.943
1618156560,+3.40, +4.309, +0.168,+0.943
1618156620,+3.40, +4.330, +0.169,+0.943
1618156680,+3.40, +4.351, +0.169,+0.943
1618156740,+3.40, +4.351, +0.168,+0.943
1618156800,+3.40, +4.361, +0.169,+0.944
1618156860,+3.40, +4.351, +0.169,+0.943
1618156920,+3.40, +4.351, +0.169,+0.943
1618156980,+3.39, +4.340, +0.168,+0.943
1618157040,+3.40, +4.330, +0.169,+0.943
1618157100,+3.40, +4.340, +0.170,+0.943
1618157160,+3.40, +4.351, +0.168,+0.943
1618157220,+3.40, +4.361, +0.169,+0.943
1618157280,+3.40, +4.340, +0.171,+0.943
1618157340,+3.40, +4.371, +0.167,+0.943
1618157400,+3.40, +4.371, +0.167,+0.943
1618157460,+3.40, +4.381, +0.166,+0.943
1618157520,+3.40, +4.330, +0.169,+0.943
1618157580,+3.40, +4.361, +0.167,+0.943
1618157640,+3.40, +4.351, +0.166,+0.943
1618157700,+3.40, +4.371, +0.168,+0.943
1618157760,+3.40, +4.340, +0.170,+0.943
1618157820,+3.40, +4.351, +0.167,+0.943
1618157880,+3.40, +4.361, +0.168,+0.943
1618157940,+3.40, +4.351, +0.168,+0.943
1618158000,+3.40, +4.361, +0.169,+0.943
1618158060,+3.40, +4.351, +0.168,+0.943
1618158120,+3.40, +4.361, +0.168,+0.943
1618158180,+3.40, +4.371, +0.169,+0.943
1618158240,+3.40, +4.371, +0.168,+0.943
1618158300,+3.40, +4.361, +0.167,+0.943
1618158360,+3.40, +4.340, +0.170,+0.943
1618158420,+3.40, +4.330, +0.171,+0.943
1618158480,+3.40, +4.371, +0.168,+0.943
1618158540,+3.40, +4.371, +0.166,+0.943
1618158600,+3.40, +4.402, +0.168,+0.943
1618158660,+3.40, +4.392, +0.168,+0.943
1618158720,+3.40, +4.402, +0.169,+0.943
1618158780,+3.40, +4.381, +0.167,+0.943
1618158840,+3.40, +4.371, +0.168,+0.943
1618158900,+3.40, +4.361, +0.168,+0.943
1618158960,+3.40, +4.371, +0.169,+0.943
1618159020,+3.40, +4.361, +0.169,+0.943
1618159080,+3.40, +4.340, +0.168,+0.943
1618159140,+3.40, +4.330, +0.169,+0.943
1618159200,+3.40, +4.351, +0.168,+0.943
