7392-570653
OS REV: 1.11 Sensor Cal: 1428445788
Time (sec),  BV (Volts),  T (deg C),  DO (mg/l),  Q ()
1613493660,+3.38, +2.779, +0.176,+0.961
1613493720,+3.38, +2.758, +0.175,+0.961
1613493780,+3.38, +2.747, +0.175,+0.960
1613493840,+3.39, +2.758, +0.175,+0.961
1613493900,+3.38, +2.736, +0.176,+0.961
1613493960,+3.38, +2.768, +0.175,+0.961
1613494020,+3.38, +2.768, +0.176,+0.961
1613494080,+3.38, +2.758, +0.175,+0.960
1613494140,+3.38, +2.758, +0.177,+0.961
1613494200,+3.39, +2.758, +0.176,+0.961
1613494260,+3.38, +2.758, +0.176,+0.961
1613494320,+3.38, +2.779, +0.175,+0.961
1613494380,+3.39, +2.779, +0.175,+0.961
1613494440,+3.38, +2.758, +0.175,+0.960
1613494500,+3.39, +2.768, +0.175,+0.961
1613494560,+3.39, +2.768, +0.175,+0.961
1613494620,+3.38, +2.736, +0.177,+0.961
1613494680,+3.39, +2.758, +0.174,+0.960
1613494740,+3.39, +2.704, +0.177,+0.960
1613494800,+3.39, +2.768, +0.174,+0.961
1613494860,+3.39, +2.768, +0.176,+0.961
1613494920,+3.39, +2.779, +0.174,+0.961
1613494980,+3.39, +2.822, +0.173,+0.961
1613495040,+3.39, +2.758, +0.176,+0.961
1613495100,+3.38, +2.790, +0.176,+0.961
1613495160,+3.39, +2.779, +0.174,+0.961
1613495220,+3.39, +2.758, +0.176,+0.961
1613495280,+3.39, +2.768, +0.175,+0.961
1613495340,+3.38, +2.758, +0.176,+0.961
1613495400,+3.39, +2.768, +0.175,+0.961
1613495460,+3.38, +2.768, +0.175,+0.961
1613495520,+3.39, +2.768, +0.177,+0.961
1613495580,+3.39, +2.758, +0.175,+0.961
1613495640,+3.38, +2.768, +0.174,+0.961
1613495700,+3.39, +2.758, +0.177,+0.961
1613495760,+3.39, +2.758, +0.177,+0.961
1613495820,+3.39, +2.779, +0.176,+0.961
1613495880,+3.39, +2.790, +0.176,+0.961
1613495940,+3.38, +2.779, +0.176,+0.961
1613496000,+3.39, +2.758, +0.177,+0.961
1613496060,+3.39, +2.747, +0.176,+0.961
1613496120,+3.38, +2.779, +0.177,+0.961
1613496180,+3.39, +2.768, +0.175,+0.961
1613496240,+3.39, +2.768, +0.175,+0.961
1613496300,+3.39, +2.768, +0.177,+0.961
1613496360,+3.39, +2.779, +0.175,+0.961
1613496420,+3.38, +2.779, +0.175,+0.961
1613496480,+3.38, +2.747, +0.175,+0.961
1613496540,+3.39, +2.822, +0.175,+0.961
1613496600,+3.38, +2.758, +0.177,+0.961
1613496660,+3.39, +2.768, +0.174,+0.961
1613496720,+3.38, +2.736, +0.176,+0.961
1613496780,+3.38, +2.758, +0.175,+0.961
1613496840,+3.38, +2.747, +0.176,+0.961
1613496900,+3.38, +2.747, +0.176,+0.961
1613496960,+3.39, +2.768, +0.176,+0.961
1613497020,+3.38, +2.758, +0.175,+0.961
1613497080,+3.39, +2.790, +0.175,+0.961
1613497140,+3.39, +2.758, +0.175,+0.961
1613497200,+3.38, +2.758, +0.176,+0.961
1613497260,+3.39, +2.758, +0.175,+0.961
1613497320,+3.39, +2.779, +0.175,+0.961
1613497380,+3.38, +2.758, +0.176,+0.961
1613497440,+3.38, +2.747, +0.177,+0.961
1613497500,+3.38, +2.790, +0.175,+0.961
1613497560,+3.39, +2.768, +0.175,+0.961
1613497620,+3.39, +2.768, +0.174,+0.961
1613497680,+3.38, +2.758, +0.175,+0.961
1613497740,+3.38, +2.779, +0.174,+0.961
1613497800,+3.38, +2.747, +0.175,+0.961
1613497860,+3.39, +2.747, +0.178,+0.961
1613497920,+3.38, +2.790, +0.175,+0.961
1613497980,+3.38, +2.768, +0.175,+0.961
1613498040,+3.39, +2.747, +0.175,+0.961
1613498100,+3.39, +2.790, +0.173,+0.961
1613498160,+3.39, +2.758, +0.176,+0.961
1613498220,+3.38, +2.768, +0.177,+0.961
1613498280,+3.39, +2.758, +0.177,+0.961
1613498340,+3.39, +2.747, +0.176,+0.961
1613498400,+3.39, +2.779, +0.173,+0.961
1613498460,+3.38, +2.768, +0.175,+0.961
1613498520,+3.39, +2.779, +0.177,+0.961
1613498580,+3.39, +2.768, +0.174,+0.961
1613498640,+3.38, +2.758, +0.177,+0.961
1613498700,+3.39, +2.768, +0.175,+0.961
1613498760,+3.38, +2.747, +0.176,+0.961
1613498820,+3.39, +2.768, +0.175,+0.961
1613498880,+3.38, +2.790, +0.175,+0.961
1613498940,+3.39, +2.758, +0.177,+0.961
1613499000,+3.38, +2.779, +0.174,+0.961
1613499060,+3.39, +2.779, +0.175,+0.961
1613499120,+3.39, +2.768, +0.176,+0.961
1613499180,+3.38, +2.768, +0.177,+0.961
1613499240,+3.39, +2.779, +0.176,+0.961
1613499300,+3.39, +2.779, +0.176,+0.961
1613499360,+3.39, +2.758, +0.176,+0.961
1613499420,+3.38, +2.726, +0.176,+0.961
1613499480,+3.38, +2.779, +0.175,+0.961
1613499540,+3.39, +2.790, +0.175,+0.961
1613499600,+3.39, +2.811, +0.175,+0.961
1613499660,+3.39, +2.779, +0.174,+0.961
1613499720,+3.39, +2.779, +0.175,+0.961
1613499780,+3.39, +2.790, +0.175,+0.961
1613499840,+3.38, +2.768, +0.175,+0.961
1613499900,+3.38, +2.758, +0.175,+0.961
1613499960,+3.39, +2.790, +0.176,+0.961
1613500020,+3.38, +2.779, +0.175,+0.961
1613500080,+3.39, +2.779, +0.175,+0.961
1613500140,+3.39, +2.779, +0.176,+0.961
1613500200,+3.38, +2.768, +0.175,+0.961
1613500260,+3.38, +2.768, +0.175,+0.961
1613500320,+3.38, +2.747, +0.175,+0.961
1613500380,+3.39, +2.790, +0.173,+0.961
1613500440,+3.39, +2.790, +0.176,+0.961
1613500500,+3.39, +2.790, +0.176,+0.961
1613500560,+3.39, +2.758, +0.175,+0.961
1613500620,+3.39, +2.779, +0.173,+0.961
1613500680,+3.39, +2.758, +0.175,+0.961
1613500740,+3.39, +2.758, +0.176,+0.961
1613500800,+3.38, +2.779, +0.175,+0.961
1613500860,+3.39, +2.747, +0.174,+0.961
1613500920,+3.39, +2.768, +0.176,+0.961
1613500980,+3.39, +2.747, +0.175,+0.961
1613501040,+3.39, +2.779, +0.176,+0.961
1613501100,+3.38, +2.801, +0.177,+0.961
1613501160,+3.39, +2.747, +0.174,+0.961
1613501220,+3.38, +2.758, +0.176,+0.961
1613501280,+3.38, +2.747, +0.176,+0.961
1613501340,+3.39, +2.768, +0.175,+0.961
1613501400,+3.39, +2.768, +0.175,+0.961
1613501460,+3.39, +2.790, +0.175,+0.961
1613501520,+3.39, +2.768, +0.174,+0.961
1613501580,+3.39, +2.790, +0.175,+0.961
1613501640,+3.39, +2.779, +0.175,+0.961
1613501700,+3.39, +2.779, +0.174,+0.961
1613501760,+3.38, +2.768, +0.176,+0.961
1613501820,+3.39, +2.790, +0.176,+0.961
1613501880,+3.39, +2.747, +0.177,+0.961
1613501940,+3.39, +2.790, +0.174,+0.961
1613502000,+3.38, +2.768, +0.177,+0.961
1613502060,+3.39, +2.768, +0.177,+0.961
1613502120,+3.38, +2.790, +0.175,+0.961
1613502180,+3.39, +2.779, +0.176,+0.961
1613502240,+3.39, +2.779, +0.176,+0.961
1613502300,+3.39, +2.801, +0.176,+0.961
1613502360,+3.39, +2.768, +0.175,+0.961
1613502420,+3.39, +2.768, +0.175,+0.961
1613502480,+3.39, +2.790, +0.175,+0.961
1613502540,+3.39, +2.790, +0.175,+0.961
1613502600,+3.39, +2.779, +0.176,+0.961
1613502660,+3.38, +2.790, +0.176,+0.961
1613502720,+3.39, +2.779, +0.173,+0.961
1613502780,+3.38, +2.768, +0.176,+0.961
1613502840,+3.38, +2.768, +0.175,+0.961
1613502900,+3.39, +2.779, +0.175,+0.961
1613502960,+3.39, +2.779, +0.177,+0.961
1613503020,+3.39, +2.811, +0.174,+0.961
1613503080,+3.38, +2.779, +0.176,+0.961
1613503140,+3.38, +2.779, +0.175,+0.961
1613503200,+3.38, +2.768, +0.174,+0.961
1613503260,+3.38, +2.758, +0.176,+0.961
1613503320,+3.39, +2.790, +0.177,+0.961
1613503380,+3.39, +2.779, +0.176,+0.961
1613503440,+3.39, +2.790, +0.175,+0.961
1613503500,+3.39, +2.768, +0.176,+0.961
1613503560,+3.39, +2.779, +0.176,+0.961
1613503620,+3.39, +2.768, +0.177,+0.961
1613503680,+3.38, +2.736, +0.176,+0.961
1613503740,+3.38, +2.747, +0.176,+0.961
1613503800,+3.39, +2.790, +0.177,+0.961
1613503860,+3.39, +2.779, +0.177,+0.961
1613503920,+3.38, +2.779, +0.176,+0.961
1613503980,+3.38, +2.768, +0.176,+0.961
1613504040,+3.39, +2.758, +0.177,+0.961
1613504100,+3.39, +2.768, +0.175,+0.961
1613504160,+3.38, +2.758, +0.176,+0.961
1613504220,+3.39, +2.790, +0.175,+0.961
1613504280,+3.39, +2.736, +0.175,+0.961
1613504340,+3.39, +2.779, +0.175,+0.961
1613504400,+3.38, +2.758, +0.175,+0.961
1613504460,+3.38, +2.790, +0.177,+0.961
1613504520,+3.39, +2.747, +0.175,+0.961
1613504580,+3.39, +2.747, +0.174,+0.961
1613504640,+3.39, +2.758, +0.174,+0.961
1613504700,+3.39, +2.768, +0.175,+0.961
1613504760,+3.38, +2.768, +0.175,+0.961
1613504820,+3.39, +2.768, +0.175,+0.961
1613504880,+3.39, +2.790, +0.176,+0.961
1613504940,+3.38, +2.790, +0.175,+0.961
1613505000,+3.39, +2.779, +0.174,+0.961
1613505060,+3.39, +2.779, +0.176,+0.961
1613505120,+3.39, +2.768, +0.174,+0.961
1613505180,+3.39, +2.768, +0.177,+0.961
1613505240,+3.38, +2.768, +0.176,+0.961
1613505300,+3.39, +2.833, +0.174,+0.961
1613505360,+3.39, +2.801, +0.175,+0.961
1613505420,+3.39, +2.779, +0.175,+0.961
1613505480,+3.38, +2.779, +0.175,+0.961
1613505540,+3.39, +2.779, +0.175,+0.961
1613505600,+3.38, +2.779, +0.176,+0.961
1613505660,+3.39, +2.779, +0.176,+0.961
1613505720,+3.38, +2.747, +0.176,+0.961
1613505780,+3.39, +2.768, +0.175,+0.961
1613505840,+3.39, +2.779, +0.175,+0.961
1613505900,+3.39, +2.758, +0.175,+0.961
1613505960,+3.39, +2.779, +0.173,+0.961
1613506020,+3.39, +2.758, +0.176,+0.961
1613506080,+3.39, +2.758, +0.177,+0.961
1613506140,+3.39, +2.779, +0.176,+0.961
1613506200,+3.38, +2.768, +0.176,+0.961
1613506260,+3.39, +2.779, +0.176,+0.961
1613506320,+3.39, +2.768, +0.177,+0.961
1613506380,+3.39, +2.768, +0.176,+0.961
1613506440,+3.39, +2.779, +0.176,+0.961
1613506500,+3.39, +2.801, +0.174,+0.961
1613506560,+3.39, +2.779, +0.176,+0.961
1613506620,+3.39, +2.758, +0.177,+0.961
1613506680,+3.39, +2.758, +0.176,+0.961
1613506740,+3.39, +2.779, +0.176,+0.961
1613506800,+3.38, +2.768, +0.174,+0.961
1613506860,+3.39, +2.779, +0.175,+0.961
1613506920,+3.39, +2.768, +0.175,+0.961
1613506980,+3.39, +2.779, +0.176,+0.961
1613507040,+3.39, +2.790, +0.177,+0.961
1613507100,+3.39, +2.758, +0.175,+0.961
1613507160,+3.38, +2.790, +0.176,+0.961
1613507220,+3.38, +2.758, +0.175,+0.961
1613507280,+3.39, +2.768, +0.176,+0.961
1613507340,+3.39, +2.779, +0.175,+0.961
1613507400,+3.39, +2.779, +0.175,+0.961
1613507460,+3.38, +2.790, +0.175,+0.961
1613507520,+3.39, +2.779, +0.176,+0.961
1613507580,+3.39, +2.779, +0.176,+0.961
1613507640,+3.39, +2.790, +0.173,+0.961
1613507700,+3.38, +2.747, +0.177,+0.961
1613507760,+3.39, +2.747, +0.175,+0.961
1613507820,+3.38, +2.779, +0.175,+0.961
1613507880,+3.39, +2.768, +0.173,+0.961
1613507940,+3.39, +2.736, +0.176,+0.961
1613508000,+3.39, +2.747, +0.176,+0.961
1613508060,+3.39, +2.758, +0.174,+0.961
1613508120,+3.39, +2.768, +0.174,+0.961
1613508180,+3.39, +2.768, +0.175,+0.961
1613508240,+3.39, +2.779, +0.175,+0.961
1613508300,+3.38, +2.779, +0.176,+0.961
1613508360,+3.39, +2.747, +0.175,+0.961
1613508420,+3.39, +2.736, +0.176,+0.961
1613508480,+3.39, +2.747, +0.176,+0.961
1613508540,+3.39, +2.768, +0.175,+0.961
1613508600,+3.39, +2.758, +0.175,+0.961
1613508660,+3.39, +2.768, +0.176,+0.961
1613508720,+3.39, +2.790, +0.175,+0.961
1613508780,+3.39, +2.790, +0.176,+0.961
1613508840,+3.39, +2.736, +0.175,+0.961
1613508900,+3.39, +2.790, +0.175,+0.961
1613508960,+3.39, +2.768, +0.176,+0.961
1613509020,+3.39, +2.768, +0.176,+0.961
1613509080,+3.39, +2.779, +0.175,+0.961
1613509140,+3.38, +2.758, +0.176,+0.961
1613509200,+3.38, +2.768, +0.175,+0.961
1613509260,+3.38, +2.768, +0.175,+0.961
1613509320,+3.39, +2.736, +0.177,+0.961
1613509380,+3.39, +2.768, +0.175,+0.961
1613509440,+3.39, +2.747, +0.176,+0.961
1613509500,+3.39, +2.768, +0.174,+0.961
1613509560,+3.38, +2.768, +0.176,+0.961
1613509620,+3.39, +2.779, +0.176,+0.961
1613509680,+3.39, +2.747, +0.176,+0.961
1613509740,+3.38, +2.758, +0.177,+0.961
1613509800,+3.38, +2.747, +0.177,+0.961
1613509860,+3.38, +2.779, +0.176,+0.961
1613509920,+3.39, +2.758, +0.176,+0.961
1613509980,+3.39, +2.758, +0.176,+0.961
1613510040,+3.38, +2.758, +0.175,+0.961
1613510100,+3.39, +2.790, +0.175,+0.961
1613510160,+3.39, +2.758, +0.176,+0.961
1613510220,+3.39, +2.747, +0.175,+0.961
1613510280,+3.39, +2.768, +0.176,+0.961
1613510340,+3.39, +2.779, +0.173,+0.961
1613510400,+3.39, +2.736, +0.177,+0.961
1613510460,+3.38, +2.768, +0.176,+0.961
1613510520,+3.39, +2.779, +0.175,+0.961
1613510580,+3.38, +2.747, +0.175,+0.961
1613510640,+3.39, +2.758, +0.176,+0.961
1613510700,+3.39, +2.758, +0.175,+0.961
1613510760,+3.39, +2.768, +0.175,+0.961
1613510820,+3.39, +2.811, +0.174,+0.961
1613510880,+3.39, +2.768, +0.175,+0.961
1613510940,+3.39, +2.768, +0.177,+0.961
1613511000,+3.38, +2.779, +0.176,+0.961
1613511060,+3.39, +2.758, +0.175,+0.961
1613511120,+3.39, +2.768, +0.174,+0.961
1613511180,+3.39, +2.768, +0.176,+0.961
1613511240,+3.39, +2.758, +0.176,+0.961
1613511300,+3.39, +2.779, +0.173,+0.961
1613511360,+3.39, +2.768, +0.175,+0.961
1613511420,+3.39, +2.758, +0.175,+0.961
1613511480,+3.38, +2.822, +0.175,+0.961
1613511540,+3.39, +2.747, +0.175,+0.961
1613511600,+3.39, +2.768, +0.176,+0.961
1613511660,+3.38, +2.694, +0.175,+0.961
1613511720,+3.39, +2.768, +0.174,+0.961
1613511780,+3.39, +2.736, +0.175,+0.961
1613511840,+3.39, +2.779, +0.174,+0.961
1613511900,+3.39, +2.768, +0.175,+0.961
1613511960,+3.39, +2.768, +0.174,+0.961
1613512020,+3.39, +2.758, +0.175,+0.961
1613512080,+3.39, +2.768, +0.176,+0.961
1613512140,+3.39, +2.790, +0.175,+0.961
1613512200,+3.39, +2.790, +0.175,+0.961
1613512260,+3.38, +2.768, +0.174,+0.961
1613512320,+3.38, +2.768, +0.175,+0.961
1613512380,+3.39, +2.747, +0.175,+0.961
1613512440,+3.39, +2.758, +0.176,+0.961
1613512500,+3.39, +2.768, +0.174,+0.961
1613512560,+3.39, +2.758, +0.175,+0.961
1613512620,+3.39, +2.768, +0.176,+0.961
1613512680,+3.38, +2.758, +0.176,+0.961
1613512740,+3.39, +2.758, +0.175,+0.961
1613512800,+3.39, +2.736, +0.177,+0.961
1613512860,+3.39, +2.747, +0.175,+0.961
1613512920,+3.39, +2.758, +0.176,+0.961
1613512980,+3.38, +2.768, +0.174,+0.961
1613513040,+3.39, +2.768, +0.174,+0.961
1613513100,+3.39, +2.758, +0.176,+0.961
1613513160,+3.39, +2.768, +0.176,+0.961
1613513220,+3.39, +2.747, +0.175,+0.961
1613513280,+3.39, +2.758, +0.177,+0.961
1613513340,+3.38, +2.768, +0.176,+0.961
1613513400,+3.39, +2.768, +0.175,+0.961
1613513460,+3.39, +2.768, +0.176,+0.961
1613513520,+3.39, +2.747, +0.176,+0.961
1613513580,+3.39, +2.779, +0.176,+0.961
1613513640,+3.39, +2.779, +0.175,+0.961
1613513700,+3.38, +2.768, +0.177,+0.961
1613513760,+3.39, +2.747, +0.176,+0.961
1613513820,+3.39, +2.747, +0.177,+0.961
1613513880,+3.38, +2.747, +0.176,+0.961
1613513940,+3.39, +2.779, +0.174,+0.961
1613514000,+3.39, +2.758, +0.176,+0.961
1613514060,+3.39, +2.768, +0.176,+0.961
1613514120,+3.39, +2.747, +0.175,+0.961
1613514180,+3.39, +2.779, +0.176,+0.961
1613514240,+3.39, +2.758, +0.176,+0.961
1613514300,+3.39, +2.779, +0.176,+0.961
1613514360,+3.39, +2.747, +0.175,+0.961
1613514420,+3.39, +2.779, +0.177,+0.961
1613514480,+3.38, +2.790, +0.176,+0.961
1613514540,+3.39, +2.790, +0.176,+0.961
1613514600,+3.39, +2.790, +0.175,+0.961
1613514660,+3.39, +2.768, +0.176,+0.961
1613514720,+3.38, +2.779, +0.176,+0.961
1613514780,+3.39, +2.758, +0.176,+0.961
1613514840,+3.39, +2.758, +0.176,+0.961
1613514900,+3.39, +2.779, +0.175,+0.961
1613514960,+3.39, +2.790, +0.176,+0.961
1613515020,+3.38, +2.758, +0.177,+0.961
1613515080,+3.39, +2.779, +0.177,+0.961
1613515140,+3.39, +2.758, +0.174,+0.961
1613515200,+3.39, +2.779, +0.175,+0.961
1613515260,+3.39, +2.736, +0.176,+0.961
1613515320,+3.39, +2.758, +0.175,+0.961
1613515380,+3.39, +2.790, +0.176,+0.961
1613515440,+3.39, +2.704, +0.177,+0.961
1613515500,+3.38, +2.758, +0.175,+0.961
1613515560,+3.39, +2.747, +0.176,+0.961
1613515620,+3.39, +2.758, +0.175,+0.961
1613515680,+3.39, +2.779, +0.175,+0.961
1613515740,+3.39, +2.758, +0.176,+0.961
1613515800,+3.39, +2.768, +0.176,+0.961
1613515860,+3.39, +2.758, +0.174,+0.961
1613515920,+3.38, +2.779, +0.175,+0.961
1613515980,+3.39, +2.790, +0.175,+0.961
1613516040,+3.39, +2.768, +0.176,+0.961
1613516100,+3.39, +2.758, +0.177,+0.961
1613516160,+3.39, +2.747, +0.178,+0.961
1613516220,+3.39, +2.747, +0.174,+0.961
1613516280,+3.39, +2.779, +0.175,+0.961
1613516340,+3.39, +2.747, +0.176,+0.961
1613516400,+3.39, +2.758, +0.175,+0.962
1613516460,+3.39, +2.758, +0.176,+0.963
1613516520,+3.39, +2.811, +0.173,+0.963
1613516580,+3.39, +2.779, +0.176,+0.963
1613516640,+3.39, +2.811, +0.176,+0.963
1613516700,+3.39, +2.768, +0.175,+0.963
1613516760,+3.38, +2.779, +0.175,+0.963
1613516820,+3.39, +2.822, +0.175,+0.963
1613516880,+3.38, +2.822, +0.175,+0.963
1613516940,+3.39, +2.768, +0.174,+0.963
1613517000,+3.39, +2.801, +0.176,+0.963
1613517060,+3.38, +2.790, +0.175,+0.963
1613517120,+3.39, +2.758, +0.176,+0.963
1613517180,+3.39, +2.758, +0.175,+0.963
1613517240,+3.38, +2.736, +0.175,+0.963
1613517300,+3.38, +2.768, +0.175,+0.963
1613517360,+3.39, +2.768, +0.176,+0.963
1613517420,+3.39, +2.758, +0.176,+0.963
1613517480,+3.39, +2.758, +0.177,+0.963
1613517540,+3.39, +2.747, +0.175,+0.963
1613517600,+3.39, +2.747, +0.176,+0.963
1613517660,+3.39, +2.758, +0.176,+0.963
1613517720,+3.38, +2.747, +0.176,+0.963
1613517780,+3.39, +2.726, +0.175,+0.963
1613517840,+3.39, +2.768, +0.176,+0.963
1613517900,+3.39, +2.758, +0.176,+0.963
1613517960,+3.39, +2.758, +0.176,+0.963
1613518020,+3.39, +2.768, +0.175,+0.963
1613518080,+3.39, +2.758, +0.174,+0.963
1613518140,+3.39, +2.758, +0.177,+0.963
1613518200,+3.39, +2.758, +0.174,+0.963
1613518260,+3.39, +2.747, +0.173,+0.963
1613518320,+3.39, +2.736, +0.176,+0.963
1613518380,+3.39, +2.768, +0.175,+0.963
1613518440,+3.39, +2.779, +0.174,+0.963
1613518500,+3.38, +2.747, +0.177,+0.963
1613518560,+3.39, +2.758, +0.174,+0.963
1613518620,+3.39, +2.747, +0.175,+0.963
1613518680,+3.39, +2.758, +0.175,+0.963
1613518740,+3.39, +2.779, +0.177,+0.963
1613518800,+3.39, +2.736, +0.175,+0.963
1613518860,+3.39, +2.790, +0.175,+0.963
1613518920,+3.39, +2.768, +0.173,+0.963
1613518980,+3.39, +2.758, +0.175,+0.963
1613519040,+3.39, +2.768, +0.175,+0.963
1613519100,+3.39, +2.758, +0.175,+0.963
1613519160,+3.39, +2.747, +0.176,+0.963
1613519220,+3.39, +2.790, +0.175,+0.963
1613519280,+3.39, +2.801, +0.176,+0.963
1613519340,+3.39, +2.758, +0.175,+0.963
1613519400,+3.39, +2.758, +0.175,+0.963
1613519460,+3.39, +2.747, +0.174,+0.962
1613519520,+3.39, +2.768, +0.175,+0.963
1613519580,+3.39, +2.758, +0.175,+0.963
1613519640,+3.39, +2.779, +0.176,+0.963
1613519700,+3.39, +2.747, +0.175,+0.963
1613519760,+3.39, +2.736, +0.178,+0.963
1613519820,+3.38, +2.811, +0.175,+0.963
1613519880,+3.39, +2.768, +0.174,+0.963
1613519940,+3.39, +2.790, +0.175,+0.963
1613520000,+3.39, +2.768, +0.175,+0.963
1613520060,+3.39, +2.747, +0.178,+0.963
1613520120,+3.39, +2.768, +0.175,+0.963
1613520180,+3.39, +2.768, +0.175,+0.963
1613520240,+3.38, +2.790, +0.175,+0.963
1613520300,+3.39, +2.768, +0.175,+0.963
1613520360,+3.39, +2.768, +0.176,+0.963
1613520420,+3.39, +2.736, +0.176,+0.962
1613520480,+3.39, +2.768, +0.174,+0.963
1613520540,+3.39, +2.747, +0.175,+0.963
1613520600,+3.39, +2.768, +0.177,+0.963
1613520660,+3.38, +2.758, +0.175,+0.963
1613520720,+3.39, +2.726, +0.175,+0.963
1613520780,+3.38, +2.758, +0.174,+0.962
1613520840,+3.39, +2.768, +0.175,+0.963
1613520900,+3.39, +2.747, +0.176,+0.963
1613520960,+3.39, +2.747, +0.177,+0.963
1613521020,+3.39, +2.736, +0.175,+0.963
1613521080,+3.39, +2.758, +0.175,+0.963
1613521140,+3.39, +2.747, +0.176,+0.963
1613521200,+3.39, +2.747, +0.176,+0.962
1613521260,+3.38, +2.758, +0.174,+0.963
1613521320,+3.39, +2.758, +0.174,+0.962
1613521380,+3.39, +2.736, +0.177,+0.963
1613521440,+3.39, +2.758, +0.176,+0.963
1613521500,+3.39, +2.747, +0.175,+0.963
1613521560,+3.39, +2.747, +0.176,+0.963
1613521620,+3.38, +2.747, +0.174,+0.962
1613521680,+3.39, +2.758, +0.174,+0.963
1613521740,+3.39, +2.768, +0.176,+0.963
1613521800,+3.38, +2.768, +0.176,+0.963
1613521860,+3.39, +2.768, +0.176,+0.963
1613521920,+3.39, +2.758, +0.176,+0.963
1613521980,+3.39, +2.747, +0.175,+0.963
1613522040,+3.39, +2.747, +0.175,+0.963
1613522100,+3.39, +2.768, +0.174,+0.963
1613522160,+3.39, +2.758, +0.175,+0.963
1613522220,+3.39, +2.747, +0.175,+0.963
1613522280,+3.38, +2.822, +0.172,+0.963
1613522340,+3.39, +2.768, +0.176,+0.963
1613522400,+3.39, +2.758, +0.176,+0.962
1613522460,+3.39, +2.747, +0.176,+0.963
1613522520,+3.39, +2.790, +0.176,+0.963
1613522580,+3.39, +2.758, +0.176,+0.963
1613522640,+3.39, +2.758, +0.175,+0.963
1613522700,+3.39, +2.768, +0.174,+0.963
1613522760,+3.39, +2.736, +0.177,+0.963
1613522820,+3.39, +2.747, +0.176,+0.962
1613522880,+3.39, +2.758, +0.176,+0.963
1613522940,+3.39, +2.779, +0.176,+0.963
1613523000,+3.39, +2.801, +0.176,+0.963
1613523060,+3.39, +2.747, +0.176,+0.963
1613523120,+3.39, +2.747, +0.177,+0.963
1613523180,+3.38, +2.747, +0.177,+0.962
1613523240,+3.39, +2.779, +0.176,+0.963
1613523300,+3.39, +2.758, +0.174,+0.962
1613523360,+3.38, +2.758, +0.176,+0.963
1613523420,+3.39, +2.747, +0.176,+0.963
1613523480,+3.39, +2.747, +0.174,+0.963
1613523540,+3.39, +2.758, +0.175,+0.962
1613523600,+3.39, +2.758, +0.175,+0.962
1613523660,+3.39, +2.768, +0.178,+0.963
1613523720,+3.39, +2.758, +0.175,+0.962
1613523780,+3.39, +2.747, +0.176,+0.963
1613523840,+3.39, +2.747, +0.176,+0.963
1613523900,+3.38, +2.758, +0.174,+0.962
1613523960,+3.39, +2.758, +0.176,+0.963
1613524020,+3.39, +2.758, +0.174,+0.963
1613524080,+3.39, +2.747, +0.177,+0.963
1613524140,+3.39, +2.768, +0.176,+0.963
1613524200,+3.39, +2.790, +0.174,+0.963
1613524260,+3.39, +2.758, +0.175,+0.962
1613524320,+3.39, +2.779, +0.175,+0.963
1613524380,+3.39, +2.779, +0.175,+0.963
1613524440,+3.39, +2.758, +0.175,+0.963
1613524500,+3.39, +2.779, +0.174,+0.963
1613524560,+3.39, +2.779, +0.173,+0.962
1613524620,+3.38, +2.736, +0.175,+0.963
1613524680,+3.39, +2.758, +0.177,+0.962
1613524740,+3.39, +2.758, +0.176,+0.963
1613524800,+3.39, +2.758, +0.176,+0.963
1613524860,+3.39, +2.747, +0.177,+0.963
1613524920,+3.39, +2.779, +0.174,+0.963
1613524980,+3.39, +2.726, +0.175,+0.962
1613525040,+3.39, +2.736, +0.175,+0.963
1613525100,+3.39, +2.747, +0.175,+0.963
1613525160,+3.39, +2.758, +0.175,+0.963
1613525220,+3.39, +2.747, +0.174,+0.963
1613525280,+3.39, +2.801, +0.174,+0.963
1613525340,+3.39, +2.758, +0.175,+0.963
1613525400,+3.39, +2.747, +0.175,+0.963
1613525460,+3.39, +2.758, +0.174,+0.963
1613525520,+3.39, +2.758, +0.175,+0.963
1613525580,+3.39, +2.779, +0.175,+0.963
1613525640,+3.39, +2.758, +0.177,+0.963
1613525700,+3.39, +2.758, +0.176,+0.963
1613525760,+3.38, +2.758, +0.175,+0.962
1613525820,+3.39, +2.779, +0.175,+0.963
1613525880,+3.39, +2.758, +0.174,+0.963
1613525940,+3.39, +2.726, +0.175,+0.962
1613526000,+3.39, +2.790, +0.175,+0.963
1613526060,+3.38, +2.779, +0.176,+0.963
1613526120,+3.38, +2.747, +0.177,+0.963
1613526180,+3.39, +2.758, +0.176,+0.963
1613526240,+3.39, +2.758, +0.175,+0.962
1613526300,+3.38, +2.747, +0.177,+0.963
1613526360,+3.39, +2.779, +0.173,+0.963
1613526420,+3.38, +2.747, +0.178,+0.963
1613526480,+3.39, +2.736, +0.177,+0.963
1613526540,+3.39, +2.768, +0.174,+0.962
1613526600,+3.38, +2.747, +0.175,+0.963
1613526660,+3.39, +2.736, +0.177,+0.963
1613526720,+3.39, +2.768, +0.174,+0.962
1613526780,+3.39, +2.758, +0.176,+0.963
1613526840,+3.39, +2.747, +0.177,+0.963
1613526900,+3.39, +2.768, +0.176,+0.962
1613526960,+3.39, +2.790, +0.174,+0.963
1613527020,+3.39, +2.747, +0.176,+0.962
1613527080,+3.39, +2.747, +0.177,+0.963
1613527140,+3.39, +2.747, +0.175,+0.962
1613527200,+3.39, +2.758, +0.176,+0.963
1613527260,+3.39, +2.779, +0.176,+0.963
1613527320,+3.39, +2.747, +0.176,+0.962
1613527380,+3.39, +2.747, +0.175,+0.962
1613527440,+3.39, +2.747, +0.177,+0.963
1613527500,+3.39, +2.747, +0.175,+0.962
1613527560,+3.39, +2.758, +0.175,+0.962
1613527620,+3.39, +2.758, +0.176,+0.963
1613527680,+3.38, +2.768, +0.175,+0.963
1613527740,+3.39, +2.768, +0.173,+0.962
1613527800,+3.38, +2.758, +0.175,+0.962
1613527860,+3.39, +2.768, +0.174,+0.962
1613527920,+3.39, +2.747, +0.176,+0.963
1613527980,+3.38, +2.779, +0.174,+0.963
1613528040,+3.39, +2.758, +0.174,+0.962
1613528100,+3.39, +2.758, +0.176,+0.963
1613528160,+3.39, +2.768, +0.174,+0.963
1613528220,+3.39, +2.747, +0.174,+0.962
1613528280,+3.39, +2.736, +0.176,+0.962
1613528340,+3.39, +2.747, +0.176,+0.963
1613528400,+3.39, +2.747, +0.176,+0.963
1613528460,+3.39, +2.779, +0.176,+0.963
1613528520,+3.39, +2.758, +0.175,+0.962
1613528580,+3.39, +2.736, +0.174,+0.962
1613528640,+3.39, +2.758, +0.175,+0.962
1613528700,+3.39, +2.779, +0.175,+0.963
1613528760,+3.39, +2.715, +0.175,+0.962
1613528820,+3.39, +2.747, +0.175,+0.962
1613528880,+3.39, +2.758, +0.175,+0.962
1613528940,+3.38, +2.715, +0.174,+0.962
1613529000,+3.39, +2.758, +0.176,+0.962
1613529060,+3.39, +2.736, +0.176,+0.963
1613529120,+3.38, +2.758, +0.175,+0.963
1613529180,+3.39, +2.768, +0.175,+0.963
1613529240,+3.39, +2.747, +0.175,+0.962
1613529300,+3.39, +2.768, +0.176,+0.963
1613529360,+3.39, +2.747, +0.175,+0.963
1613529420,+3.39, +2.726, +0.176,+0.962
1613529480,+3.38, +2.758, +0.177,+0.963
1613529540,+3.39, +2.768, +0.176,+0.963
1613529600,+3.39, +2.758, +0.176,+0.963
1613529660,+3.39, +2.790, +0.175,+0.963
1613529720,+3.39, +2.736, +0.176,+0.962
1613529780,+3.39, +2.779, +0.174,+0.963
1613529840,+3.39, +2.736, +0.175,+0.962
1613529900,+3.38, +2.758, +0.177,+0.963
1613529960,+3.39, +2.758, +0.175,+0.962
1613530020,+3.39, +2.747, +0.174,+0.962
1613530080,+3.39, +2.758, +0.174,+0.963
1613530140,+3.39, +2.758, +0.177,+0.963
1613530200,+3.39, +2.768, +0.174,+0.962
1613530260,+3.39, +2.704, +0.175,+0.962
1613530320,+3.39, +2.768, +0.176,+0.962
1613530380,+3.39, +2.758, +0.176,+0.962
1613530440,+3.38, +2.694, +0.178,+0.963
1613530500,+3.39, +2.768, +0.176,+0.963
1613530560,+3.39, +2.736, +0.177,+0.963
1613530620,+3.39, +2.758, +0.175,+0.962
1613530680,+3.39, +2.736, +0.176,+0.962
1613530740,+3.39, +2.736, +0.175,+0.962
1613530800,+3.39, +2.747, +0.176,+0.963
1613530860,+3.39, +2.747, +0.177,+0.963
1613530920,+3.39, +2.747, +0.174,+0.962
1613530980,+3.39, +2.736, +0.176,+0.963
1613531040,+3.38, +2.747, +0.176,+0.962
1613531100,+3.39, +2.758, +0.176,+0.962
1613531160,+3.39, +2.747, +0.174,+0.962
1613531220,+3.39, +2.747, +0.175,+0.962
1613531280,+3.39, +2.779, +0.176,+0.963
1613531340,+3.39, +2.747, +0.177,+0.963
1613531400,+3.39, +2.758, +0.174,+0.962
1613531460,+3.39, +2.726, +0.176,+0.963
1613531520,+3.39, +2.747, +0.176,+0.962
1613531580,+3.39, +2.726, +0.176,+0.963
1613531640,+3.39, +2.768, +0.175,+0.963
1613531700,+3.38, +2.726, +0.176,+0.962
1613531760,+3.39, +2.758, +0.177,+0.963
1613531820,+3.39, +2.758, +0.175,+0.962
1613531880,+3.38, +2.726, +0.175,+0.962
1613531940,+3.39, +2.747, +0.175,+0.963
1613532000,+3.38, +2.758, +0.176,+0.962
1613532060,+3.39, +2.768, +0.174,+0.963
1613532120,+3.39, +2.736, +0.175,+0.962
1613532180,+3.38, +2.736, +0.175,+0.962
1613532240,+3.39, +2.694, +0.175,+0.962
1613532300,+3.39, +2.747, +0.175,+0.962
1613532360,+3.39, +2.768, +0.174,+0.962
1613532420,+3.39, +2.747, +0.176,+0.962
1613532480,+3.38, +2.747, +0.176,+0.963
1613532540,+3.39, +2.758, +0.177,+0.963
1613532600,+3.39, +2.779, +0.173,+0.962
1613532660,+3.38, +2.747, +0.176,+0.962
1613532720,+3.39, +2.747, +0.175,+0.963
1613532780,+3.39, +2.758, +0.175,+0.962
1613532840,+3.39, +2.736, +0.176,+0.962
1613532900,+3.39, +2.736, +0.175,+0.962
1613532960,+3.39, +2.736, +0.176,+0.963
1613533020,+3.39, +2.747, +0.175,+0.962
1613533080,+3.38, +2.736, +0.175,+0.962
1613533140,+3.38, +2.747, +0.177,+0.963
1613533200,+3.38, +2.747, +0.176,+0.963
1613533260,+3.38, +2.736, +0.177,+0.962
1613533320,+3.38, +2.736, +0.175,+0.963
1613533380,+3.39, +2.768, +0.175,+0.963
1613533440,+3.38, +2.736, +0.175,+0.962
1613533500,+3.38, +2.704, +0.177,+0.962
1613533560,+3.39, +2.736, +0.175,+0.962
1613533620,+3.39, +2.715, +0.175,+0.962
1613533680,+3.39, +2.747, +0.174,+0.962
1613533740,+3.39, +2.726, +0.176,+0.962
1613533800,+3.39, +2.747, +0.175,+0.963
1613533860,+3.39, +2.747, +0.176,+0.962
1613533920,+3.39, +2.779, +0.174,+0.962
1613533980,+3.38, +2.736, +0.177,+0.963
1613534040,+3.39, +2.758, +0.176,+0.962
1613534100,+3.39, +2.726, +0.174,+0.963
1613534160,+3.39, +2.747, +0.174,+0.962
1613534220,+3.39, +2.768, +0.176,+0.963
1613534280,+3.39, +2.747, +0.177,+0.963
1613534340,+3.39, +2.758, +0.176,+0.963
1613534400,+3.39, +2.726, +0.176,+0.962
1613534460,+3.38, +2.736, +0.175,+0.963
1613534520,+3.39, +2.726, +0.177,+0.962
1613534580,+3.39, +2.747, +0.175,+0.963
1613534640,+3.39, +2.758, +0.176,+0.963
1613534700,+3.39, +2.726, +0.177,+0.963
1613534760,+3.39, +2.747, +0.175,+0.962
1613534820,+3.39, +2.736, +0.176,+0.962
1613534880,+3.39, +2.694, +0.176,+0.962
1613534940,+3.39, +2.736, +0.177,+0.963
1613535000,+3.39, +2.790, +0.175,+0.963
1613535060,+3.38, +2.726, +0.176,+0.962
1613535120,+3.39, +2.747, +0.176,+0.962
1613535180,+3.39, +2.726, +0.175,+0.962
1613535240,+3.39, +2.758, +0.177,+0.963
1613535300,+3.39, +2.726, +0.175,+0.962
1613535360,+3.39, +2.747, +0.175,+0.962
1613535420,+3.39, +2.736, +0.175,+0.962
1613535480,+3.38, +2.747, +0.175,+0.963
1613535540,+3.38, +2.758, +0.175,+0.962
1613535600,+3.39, +2.790, +0.176,+0.963
1613535660,+3.39, +2.747, +0.175,+0.962
1613535720,+3.39, +2.747, +0.176,+0.963
1613535780,+3.38, +2.747, +0.176,+0.963
1613535840,+3.39, +2.736, +0.175,+0.962
1613535900,+3.38, +2.747, +0.176,+0.962
1613535960,+3.38, +2.726, +0.176,+0.962
1613536020,+3.39, +2.736, +0.174,+0.962
1613536080,+3.39, +2.736, +0.175,+0.963
1613536140,+3.39, +2.747, +0.177,+0.963
1613536200,+3.39, +2.758, +0.174,+0.962
1613536260,+3.39, +2.758, +0.175,+0.963
1613536320,+3.39, +2.736, +0.175,+0.962
1613536380,+3.38, +2.715, +0.178,+0.963
1613536440,+3.39, +2.715, +0.177,+0.962
1613536500,+3.39, +2.758, +0.176,+0.963
1613536560,+3.39, +2.768, +0.177,+0.963
1613536620,+3.39, +2.736, +0.176,+0.962
1613536680,+3.39, +2.736, +0.174,+0.962
1613536740,+3.38, +2.726, +0.176,+0.962
1613536800,+3.39, +2.736, +0.176,+0.963
1613536860,+3.39, +2.736, +0.175,+0.962
1613536920,+3.39, +2.736, +0.175,+0.963
1613536980,+3.39, +2.726, +0.176,+0.962
1613537040,+3.38, +2.736, +0.175,+0.962
1613537100,+3.38, +2.758, +0.175,+0.963
1613537160,+3.38, +2.747, +0.177,+0.963
1613537220,+3.39, +2.747, +0.177,+0.963
1613537280,+3.39, +2.715, +0.176,+0.962
1613537340,+3.39, +2.736, +0.175,+0.963
1613537400,+3.39, +2.747, +0.176,+0.963
1613537460,+3.39, +2.747, +0.176,+0.962
1613537520,+3.38, +2.758, +0.176,+0.962
1613537580,+3.38, +2.736, +0.175,+0.962
1613537640,+3.39, +2.758, +0.175,+0.962
1613537700,+3.38, +2.747, +0.177,+0.963
1613537760,+3.39, +2.758, +0.176,+0.963
1613537820,+3.39, +2.736, +0.175,+0.963
1613537880,+3.38, +2.758, +0.177,+0.963
1613537940,+3.39, +2.726, +0.176,+0.962
1613538000,+3.39, +2.736, +0.177,+0.962
1613538060,+3.39, +2.758, +0.175,+0.961
1613538120,+3.39, +2.747, +0.175,+0.961
1613538180,+3.39, +2.768, +0.177,+0.961
1613538240,+3.39, +2.747, +0.175,+0.961
1613538300,+3.38, +2.747, +0.175,+0.961
1613538360,+3.38, +2.747, +0.176,+0.961
1613538420,+3.39, +2.747, +0.175,+0.961
1613538480,+3.39, +2.758, +0.176,+0.961
1613538540,+3.38, +2.736, +0.175,+0.961
1613538600,+3.39, +2.801, +0.175,+0.961
1613538660,+3.39, +2.736, +0.177,+0.961
1613538720,+3.39, +2.726, +0.176,+0.961
1613538780,+3.38, +2.747, +0.175,+0.961
1613538840,+3.39, +2.736, +0.175,+0.961
1613538900,+3.39, +2.736, +0.175,+0.961
1613538960,+3.39, +2.736, +0.175,+0.961
1613539020,+3.39, +2.747, +0.178,+0.961
1613539080,+3.39, +2.747, +0.175,+0.961
1613539140,+3.39, +2.736, +0.176,+0.961
1613539200,+3.39, +2.758, +0.176,+0.961
1613539260,+3.39, +2.779, +0.176,+0.961
1613539320,+3.38, +2.736, +0.177,+0.961
1613539380,+3.39, +2.779, +0.174,+0.961
1613539440,+3.39, +2.747, +0.175,+0.961
1613539500,+3.38, +2.768, +0.175,+0.961
1613539560,+3.39, +2.726, +0.176,+0.961
1613539620,+3.39, +2.715, +0.177,+0.961
1613539680,+3.38, +2.736, +0.177,+0.961
1613539740,+3.39, +2.736, +0.177,+0.961
1613539800,+3.39, +2.736, +0.176,+0.961
1613539860,+3.38, +2.747, +0.176,+0.961
1613539920,+3.39, +2.736, +0.176,+0.961
1613539980,+3.39, +2.768, +0.177,+0.961
1613540040,+3.38, +2.726, +0.175,+0.961
1613540100,+3.39, +2.758, +0.175,+0.961
1613540160,+3.39, +2.736, +0.176,+0.961
1613540220,+3.38, +2.726, +0.177,+0.961
1613540280,+3.38, +2.736, +0.178,+0.961
1613540340,+3.38, +2.726, +0.176,+0.961
1613540400,+3.39, +2.747, +0.176,+0.961
1613540460,+3.39, +2.747, +0.176,+0.961
1613540520,+3.39, +2.747, +0.176,+0.961
1613540580,+3.39, +2.736, +0.177,+0.961
1613540640,+3.38, +2.736, +0.176,+0.961
1613540700,+3.39, +2.758, +0.176,+0.961
1613540760,+3.39, +2.801, +0.174,+0.961
1613540820,+3.39, +2.747, +0.176,+0.961
1613540880,+3.38, +2.747, +0.176,+0.961
1613540940,+3.39, +2.747, +0.178,+0.961
1613541000,+3.39, +2.736, +0.176,+0.961
1613541060,+3.38, +2.736, +0.176,+0.961
1613541120,+3.39, +2.747, +0.177,+0.961
1613541180,+3.39, +2.747, +0.176,+0.961
1613541240,+3.39, +2.747, +0.173,+0.961
1613541300,+3.39, +2.758, +0.176,+0.961
1613541360,+3.38, +2.736, +0.175,+0.961
1613541420,+3.39, +2.726, +0.176,+0.961
1613541480,+3.39, +2.736, +0.176,+0.961
1613541540,+3.39, +2.726, +0.176,+0.961
1613541600,+3.39, +2.758, +0.175,+0.961
1613541660,+3.39, +2.758, +0.176,+0.961
1613541720,+3.39, +2.736, +0.176,+0.961
1613541780,+3.39, +2.768, +0.176,+0.961
1613541840,+3.39, +2.747, +0.175,+0.961
1613541900,+3.39, +2.758, +0.176,+0.961
1613541960,+3.38, +2.726, +0.175,+0.961
1613542020,+3.38, +2.758, +0.175,+0.961
1613542080,+3.38, +2.747, +0.177,+0.961
1613542140,+3.39, +2.726, +0.176,+0.961
1613542200,+3.39, +2.715, +0.176,+0.961
1613542260,+3.39, +2.747, +0.176,+0.961
1613542320,+3.39, +2.747, +0.174,+0.961
1613542380,+3.39, +2.747, +0.177,+0.961
1613542440,+3.38, +2.758, +0.176,+0.961
1613542500,+3.39, +2.736, +0.176,+0.961
1613542560,+3.39, +2.736, +0.176,+0.961
1613542620,+3.39, +2.747, +0.175,+0.961
1613542680,+3.39, +2.747, +0.176,+0.961
1613542740,+3.38, +2.747, +0.176,+0.961
1613542800,+3.39, +2.747, +0.176,+0.961
1613542860,+3.39, +2.736, +0.174,+0.961
1613542920,+3.39, +2.726, +0.176,+0.961
1613542980,+3.38, +2.747, +0.175,+0.961
1613543040,+3.38, +2.747, +0.177,+0.961
1613543100,+3.39, +2.768, +0.175,+0.961
1613543160,+3.39, +2.768, +0.175,+0.961
1613543220,+3.39, +2.758, +0.177,+0.961
1613543280,+3.39, +2.747, +0.175,+0.961
1613543340,+3.39, +2.758, +0.175,+0.961
1613543400,+3.39, +2.736, +0.175,+0.961
1613543460,+3.39, +2.768, +0.176,+0.961
1613543520,+3.39, +2.747, +0.175,+0.961
1613543580,+3.39, +2.726, +0.177,+0.961
1613543640,+3.39, +2.736, +0.176,+0.961
1613543700,+3.39, +2.747, +0.175,+0.961
1613543760,+3.38, +2.758, +0.175,+0.961
1613543820,+3.39, +2.768, +0.177,+0.961
1613543880,+3.39, +2.758, +0.176,+0.961
1613543940,+3.39, +2.747, +0.176,+0.961
1613544000,+3.39, +2.768, +0.176,+0.961
1613544060,+3.39, +2.736, +0.175,+0.961
1613544120,+3.39, +2.758, +0.176,+0.961
1613544180,+3.39, +2.747, +0.177,+0.961
1613544240,+3.39, +2.758, +0.175,+0.961
1613544300,+3.39, +2.736, +0.176,+0.961
1613544360,+3.39, +2.747, +0.177,+0.961
1613544420,+3.39, +2.747, +0.175,+0.961
1613544480,+3.39, +2.768, +0.176,+0.961
1613544540,+3.39, +2.768, +0.176,+0.961
1613544600,+3.39, +2.747, +0.175,+0.961
1613544660,+3.39, +2.758, +0.175,+0.961
1613544720,+3.39, +2.779, +0.175,+0.961
1613544780,+3.39, +2.779, +0.175,+0.961
1613544840,+3.39, +2.758, +0.175,+0.961
1613544900,+3.39, +2.704, +0.178,+0.961
1613544960,+3.39, +2.747, +0.176,+0.961
1613545020,+3.39, +2.758, +0.176,+0.961
1613545080,+3.39, +2.758, +0.176,+0.961
1613545140,+3.38, +2.736, +0.176,+0.961
1613545200,+3.39, +2.758, +0.176,+0.961
1613545260,+3.39, +2.726, +0.176,+0.961
1613545320,+3.39, +2.747, +0.175,+0.961
1613545380,+3.39, +2.768, +0.175,+0.961
1613545440,+3.39, +2.747, +0.175,+0.961
1613545500,+3.39, +2.779, +0.175,+0.961
1613545560,+3.39, +2.758, +0.177,+0.961
1613545620,+3.39, +2.736, +0.175,+0.961
1613545680,+3.39, +2.779, +0.174,+0.961
1613545740,+3.39, +2.779, +0.175,+0.961
1613545800,+3.39, +2.747, +0.176,+0.961
1613545860,+3.39, +2.747, +0.176,+0.961
1613545920,+3.39, +2.736, +0.176,+0.961
1613545980,+3.39, +2.758, +0.176,+0.961
1613546040,+3.39, +2.779, +0.175,+0.961
1613546100,+3.39, +2.747, +0.177,+0.961
1613546160,+3.39, +2.747, +0.177,+0.961
1613546220,+3.39, +2.758, +0.176,+0.961
1613546280,+3.39, +2.768, +0.173,+0.961
1613546340,+3.39, +2.726, +0.177,+0.961
1613546400,+3.39, +2.747, +0.176,+0.961
1613546460,+3.39, +2.758, +0.175,+0.961
1613546520,+3.39, +2.747, +0.177,+0.961
1613546580,+3.39, +2.758, +0.174,+0.961
1613546640,+3.38, +2.726, +0.176,+0.961
1613546700,+3.39, +2.768, +0.177,+0.961
1613546760,+3.39, +2.758, +0.177,+0.961
1613546820,+3.39, +2.747, +0.176,+0.961
1613546880,+3.39, +2.768, +0.176,+0.961
1613546940,+3.39, +2.747, +0.176,+0.961
1613547000,+3.39, +2.801, +0.174,+0.961
1613547060,+3.39, +2.747, +0.176,+0.961
1613547120,+3.39, +2.736, +0.177,+0.961
1613547180,+3.39, +2.758, +0.176,+0.961
1613547240,+3.39, +2.726, +0.176,+0.961
1613547300,+3.39, +2.747, +0.176,+0.961
1613547360,+3.38, +2.704, +0.178,+0.961
1613547420,+3.39, +2.747, +0.175,+0.961
1613547480,+3.39, +2.758, +0.175,+0.961
1613547540,+3.39, +2.747, +0.176,+0.961
1613547600,+3.38, +2.768, +0.175,+0.961
1613547660,+3.38, +2.715, +0.177,+0.961
1613547720,+3.39, +2.768, +0.177,+0.961
1613547780,+3.39, +2.768, +0.175,+0.961
1613547840,+3.39, +2.768, +0.177,+0.961
1613547900,+3.39, +2.736, +0.176,+0.961
1613547960,+3.39, +2.747, +0.176,+0.961
1613548020,+3.39, +2.758, +0.174,+0.961
1613548080,+3.39, +2.768, +0.175,+0.961
1613548140,+3.38, +2.726, +0.176,+0.961
1613548200,+3.39, +2.768, +0.174,+0.961
1613548260,+3.39, +2.768, +0.175,+0.961
1613548320,+3.39, +2.736, +0.177,+0.961
1613548380,+3.39, +2.768, +0.176,+0.961
1613548440,+3.39, +2.758, +0.176,+0.961
1613548500,+3.39, +2.726, +0.176,+0.961
1613548560,+3.39, +2.747, +0.173,+0.961
1613548620,+3.39, +2.736, +0.176,+0.961
1613548680,+3.39, +2.779, +0.175,+0.961
1613548740,+3.39, +2.747, +0.176,+0.961
1613548800,+3.39, +2.758, +0.175,+0.961
1613548860,+3.39, +2.715, +0.176,+0.961
1613548920,+3.39, +2.704, +0.176,+0.961
1613548980,+3.39, +2.758, +0.174,+0.961
1613549040,+3.39, +2.758, +0.177,+0.961
1613549100,+3.39, +2.736, +0.177,+0.961
1613549160,+3.39, +2.736, +0.176,+0.961
1613549220,+3.39, +2.715, +0.176,+0.961
1613549280,+3.39, +2.758, +0.176,+0.961
1613549340,+3.39, +2.758, +0.175,+0.961
1613549400,+3.39, +2.736, +0.175,+0.961
1613549460,+3.39, +2.758, +0.174,+0.961
1613549520,+3.39, +2.801, +0.174,+0.961
1613549580,+3.39, +2.758, +0.176,+0.961
1613549640,+3.38, +2.779, +0.172,+0.961
1613549700,+3.39, +2.747, +0.176,+0.961
1613549760,+3.39, +2.736, +0.177,+0.961
1613549820,+3.39, +2.790, +0.175,+0.961
1613549880,+3.39, +2.747, +0.174,+0.961
1613549940,+3.39, +2.747, +0.176,+0.961
1613550000,+3.39, +2.747, +0.176,+0.961
1613550060,+3.39, +2.758, +0.175,+0.961
1613550120,+3.39, +2.758, +0.176,+0.961
1613550180,+3.38, +2.736, +0.176,+0.961
1613550240,+3.39, +2.758, +0.174,+0.961
1613550300,+3.39, +2.779, +0.176,+0.961
1613550360,+3.39, +2.758, +0.175,+0.961
1613550420,+3.39, +2.790, +0.176,+0.961
1613550480,+3.39, +2.726, +0.176,+0.961
1613550540,+3.39, +2.758, +0.175,+0.961
1613550600,+3.38, +2.747, +0.177,+0.961
1613550660,+3.39, +2.758, +0.174,+0.961
1613550720,+3.39, +2.779, +0.175,+0.961
1613550780,+3.39, +2.747, +0.176,+0.961
1613550840,+3.39, +2.736, +0.176,+0.961
1613550900,+3.39, +2.768, +0.177,+0.961
1613550960,+3.39, +2.758, +0.175,+0.961
1613551020,+3.39, +2.758, +0.176,+0.961
1613551080,+3.38, +2.726, +0.176,+0.961
1613551140,+3.39, +2.694, +0.177,+0.961
1613551200,+3.39, +2.758, +0.176,+0.961
1613551260,+3.39, +2.758, +0.176,+0.961
1613551320,+3.39, +2.747, +0.175,+0.961
1613551380,+3.39, +2.768, +0.175,+0.961
1613551440,+3.39, +2.758, +0.176,+0.961
1613551500,+3.39, +2.779, +0.173,+0.961
1613551560,+3.39, +2.747, +0.178,+0.961
1613551620,+3.39, +2.747, +0.175,+0.961
1613551680,+3.39, +2.758, +0.176,+0.961
1613551740,+3.38, +2.736, +0.175,+0.961
1613551800,+3.39, +2.768, +0.177,+0.961
1613551860,+3.39, +2.736, +0.177,+0.961
1613551920,+3.39, +2.726, +0.176,+0.961
1613551980,+3.39, +2.747, +0.175,+0.961
1613552040,+3.39, +2.726, +0.177,+0.961
1613552100,+3.39, +2.758, +0.176,+0.961
1613552160,+3.39, +2.801, +0.176,+0.961
1613552220,+3.38, +2.747, +0.176,+0.961
1613552280,+3.38, +2.768, +0.175,+0.961
1613552340,+3.39, +2.726, +0.177,+0.961
1613552400,+3.39, +2.747, +0.177,+0.961
1613552460,+3.39, +2.768, +0.175,+0.961
1613552520,+3.39, +2.758, +0.177,+0.961
1613552580,+3.39, +2.758, +0.176,+0.961
1613552640,+3.39, +2.779, +0.176,+0.961
1613552700,+3.38, +2.758, +0.176,+0.961
1613552760,+3.38, +2.758, +0.176,+0.961
1613552820,+3.39, +2.758, +0.175,+0.961
1613552880,+3.39, +2.758, +0.174,+0.961
1613552940,+3.39, +2.726, +0.176,+0.961
1613553000,+3.39, +2.758, +0.174,+0.961
1613553060,+3.39, +2.747, +0.175,+0.961
1613553120,+3.39, +2.747, +0.175,+0.961
1613553180,+3.39, +2.758, +0.175,+0.961
1613553240,+3.39, +2.768, +0.176,+0.961
1613553300,+3.39, +2.768, +0.176,+0.961
1613553360,+3.39, +2.779, +0.176,+0.961
1613553420,+3.39, +2.758, +0.176,+0.961
1613553480,+3.39, +2.736, +0.175,+0.961
1613553540,+3.39, +2.758, +0.177,+0.961
1613553600,+3.39, +2.768, +0.177,+0.961
1613553660,+3.39, +2.758, +0.176,+0.961
1613553720,+3.39, +2.758, +0.177,+0.961
1613553780,+3.39, +2.758, +0.176,+0.961
1613553840,+3.39, +2.790, +0.173,+0.961
1613553900,+3.39, +2.779, +0.175,+0.961
1613553960,+3.39, +2.747, +0.177,+0.961
1613554020,+3.39, +2.758, +0.176,+0.961
1613554080,+3.39, +2.758, +0.175,+0.961
1613554140,+3.39, +2.758, +0.177,+0.961
1613554200,+3.39, +2.736, +0.176,+0.961
1613554260,+3.39, +2.768, +0.174,+0.961
1613554320,+3.39, +2.758, +0.178,+0.961
1613554380,+3.39, +2.758, +0.176,+0.961
1613554440,+3.39, +2.758, +0.176,+0.961
1613554500,+3.39, +2.747, +0.177,+0.961
1613554560,+3.39, +2.747, +0.173,+0.961
1613554620,+3.39, +2.758, +0.175,+0.961
1613554680,+3.38, +2.768, +0.174,+0.961
1613554740,+3.39, +2.758, +0.176,+0.961
1613554800,+3.39, +2.768, +0.176,+0.961
1613554860,+3.39, +2.683, +0.178,+0.961
1613554920,+3.39, +2.747, +0.177,+0.961
1613554980,+3.39, +2.768, +0.176,+0.961
1613555040,+3.39, +2.747, +0.176,+0.961
1613555100,+3.39, +2.768, +0.175,+0.961
1613555160,+3.38, +2.768, +0.176,+0.961
1613555220,+3.39, +2.758, +0.176,+0.961
1613555280,+3.39, +2.747, +0.175,+0.961
1613555340,+3.39, +2.768, +0.175,+0.961
1613555400,+3.39, +2.758, +0.175,+0.961
1613555460,+3.39, +2.768, +0.174,+0.961
1613555520,+3.39, +2.758, +0.174,+0.961
1613555580,+3.39, +2.747, +0.175,+0.961
1613555640,+3.39, +2.758, +0.176,+0.961
1613555700,+3.39, +2.768, +0.175,+0.961
1613555760,+3.39, +2.747, +0.176,+0.961
1613555820,+3.39, +2.758, +0.176,+0.961
1613555880,+3.39, +2.768, +0.175,+0.961
1613555940,+3.39, +2.790, +0.175,+0.961
1613556000,+3.39, +2.747, +0.176,+0.961
1613556060,+3.39, +2.768, +0.173,+0.961
1613556120,+3.39, +2.758, +0.176,+0.961
1613556180,+3.39, +2.758, +0.177,+0.961
1613556240,+3.39, +2.768, +0.175,+0.961
1613556300,+3.39, +2.758, +0.176,+0.961
1613556360,+3.39, +2.758, +0.177,+0.961
1613556420,+3.39, +2.758, +0.175,+0.961
1613556480,+3.39, +2.768, +0.176,+0.961
1613556540,+3.39, +2.747, +0.175,+0.961
1613556600,+3.39, +2.747, +0.176,+0.961
1613556660,+3.38, +2.747, +0.176,+0.961
1613556720,+3.39, +2.758, +0.175,+0.961
1613556780,+3.39, +2.747, +0.175,+0.961
1613556840,+3.39, +2.801, +0.175,+0.961
1613556900,+3.39, +2.758, +0.175,+0.961
1613556960,+3.39, +2.768, +0.176,+0.961
1613557020,+3.39, +2.801, +0.175,+0.961
1613557080,+3.39, +2.758, +0.174,+0.961
1613557140,+3.39, +2.726, +0.174,+0.961
1613557200,+3.39, +2.768, +0.175,+0.961
1613557260,+3.38, +2.747, +0.176,+0.961
1613557320,+3.39, +2.779, +0.176,+0.961
1613557380,+3.39, +2.801, +0.175,+0.961
1613557440,+3.38, +2.726, +0.176,+0.961
1613557500,+3.39, +2.758, +0.174,+0.961
1613557560,+3.39, +2.768, +0.177,+0.961
1613557620,+3.39, +2.747, +0.176,+0.961
1613557680,+3.38, +2.758, +0.177,+0.961
1613557740,+3.39, +2.768, +0.176,+0.961
1613557800,+3.39, +2.758, +0.177,+0.961
1613557860,+3.38, +2.736, +0.177,+0.961
1613557920,+3.39, +2.758, +0.175,+0.961
1613557980,+3.39, +2.747, +0.175,+0.961
1613558040,+3.39, +2.768, +0.176,+0.961
1613558100,+3.38, +2.758, +0.175,+0.961
1613558160,+3.39, +2.768, +0.175,+0.961
1613558220,+3.39, +2.736, +0.175,+0.961
1613558280,+3.39, +2.726, +0.177,+0.961
1613558340,+3.39, +2.758, +0.176,+0.961
1613558400,+3.39, +2.747, +0.175,+0.961
1613558460,+3.39, +2.779, +0.176,+0.961
1613558520,+3.39, +2.768, +0.175,+0.961
1613558580,+3.39, +2.747, +0.176,+0.961
1613558640,+3.39, +2.683, +0.177,+0.961
1613558700,+3.39, +2.768, +0.175,+0.961
1613558760,+3.39, +2.736, +0.176,+0.961
1613558820,+3.39, +2.779, +0.175,+0.961
1613558880,+3.39, +2.747, +0.176,+0.961
1613558940,+3.39, +2.758, +0.175,+0.961
1613559000,+3.39, +2.768, +0.176,+0.961
1613559060,+3.39, +2.747, +0.176,+0.961
1613559120,+3.39, +2.747, +0.177,+0.961
1613559180,+3.39, +2.779, +0.176,+0.961
1613559240,+3.38, +2.747, +0.176,+0.961
1613559300,+3.38, +2.768, +0.176,+0.961
1613559360,+3.39, +2.736, +0.177,+0.961
1613559420,+3.38, +2.768, +0.175,+0.961
1613559480,+3.39, +2.779, +0.174,+0.961
1613559540,+3.39, +2.758, +0.175,+0.961
1613559600,+3.39, +2.747, +0.176,+0.961
1613559660,+3.39, +2.768, +0.176,+0.961
1613559720,+3.38, +2.801, +0.175,+0.961
1613559780,+3.39, +2.779, +0.177,+0.961
1613559840,+3.39, +2.758, +0.176,+0.961
1613559900,+3.39, +2.768, +0.176,+0.961
1613559960,+3.39, +2.779, +0.177,+0.961
1613560020,+3.39, +2.704, +0.177,+0.961
1613560080,+3.39, +2.779, +0.173,+0.960
1613560140,+3.39, +2.768, +0.175,+0.961
1613560200,+3.39, +2.768, +0.175,+0.961
1613560260,+3.38, +2.768, +0.174,+0.960
1613560320,+3.39, +2.747, +0.177,+0.961
1613560380,+3.39, +2.758, +0.176,+0.961
1613560440,+3.39, +2.768, +0.176,+0.961
1613560500,+3.39, +2.779, +0.175,+0.961
1613560560,+3.38, +2.768, +0.177,+0.961
1613560620,+3.38, +2.758, +0.175,+0.961
1613560680,+3.39, +2.747, +0.176,+0.961
1613560740,+3.39, +2.758, +0.175,+0.961
1613560800,+3.38, +2.768, +0.177,+0.961
1613560860,+3.39, +2.779, +0.175,+0.961
1613560920,+3.39, +2.747, +0.175,+0.960
1613560980,+3.39, +2.779, +0.176,+0.961
1613561040,+3.39, +2.726, +0.176,+0.961
1613561100,+3.39, +2.768, +0.176,+0.961
1613561160,+3.39, +2.747, +0.176,+0.961
1613561220,+3.39, +2.758, +0.176,+0.961
1613561280,+3.39, +2.736, +0.175,+0.961
1613561340,+3.38, +2.758, +0.176,+0.961
1613561400,+3.39, +2.768, +0.175,+0.961
1613561460,+3.39, +2.747, +0.175,+0.961
1613561520,+3.39, +2.726, +0.176,+0.961
1613561580,+3.39, +2.747, +0.175,+0.961
1613561640,+3.39, +2.768, +0.174,+0.961
1613561700,+3.39, +2.715, +0.178,+0.961
1613561760,+3.39, +2.758, +0.175,+0.961
1613561820,+3.39, +2.736, +0.176,+0.960
1613561880,+3.39, +2.758, +0.177,+0.961
1613561940,+3.39, +2.758, +0.175,+0.961
1613562000,+3.39, +2.747, +0.176,+0.961
1613562060,+3.39, +2.736, +0.176,+0.960
1613562120,+3.39, +2.726, +0.176,+0.961
1613562180,+3.38, +2.768, +0.175,+0.961
1613562240,+3.39, +2.758, +0.176,+0.961
1613562300,+3.39, +2.758, +0.175,+0.961
1613562360,+3.39, +2.747, +0.177,+0.961
1613562420,+3.38, +2.768, +0.175,+0.961
1613562480,+3.39, +2.758, +0.176,+0.961
1613562540,+3.39, +2.779, +0.175,+0.961
1613562600,+3.39, +2.768, +0.175,+0.960
1613562660,+3.39, +2.768, +0.177,+0.961
1613562720,+3.39, +2.768, +0.175,+0.960
1613562780,+3.39, +2.758, +0.175,+0.961
1613562840,+3.39, +2.726, +0.176,+0.961
1613562900,+3.39, +2.758, +0.178,+0.961
1613562960,+3.39, +2.758, +0.176,+0.961
1613563020,+3.39, +2.747, +0.175,+0.960
1613563080,+3.39, +2.758, +0.176,+0.960
1613563140,+3.39, +2.779, +0.175,+0.961
1613563200,+3.38, +2.790, +0.176,+0.961
1613563260,+3.39, +2.768, +0.176,+0.961
1613563320,+3.38, +2.758, +0.175,+0.961
1613563380,+3.39, +2.768, +0.174,+0.960
1613563440,+3.39, +2.779, +0.174,+0.961
1613563500,+3.39, +2.758, +0.177,+0.961
1613563560,+3.39, +2.779, +0.176,+0.961
1613563620,+3.39, +2.736, +0.175,+0.960
1613563680,+3.39, +2.747, +0.175,+0.960
1613563740,+3.39, +2.715, +0.175,+0.960
1613563800,+3.38, +2.758, +0.175,+0.960
1613563860,+3.39, +2.790, +0.176,+0.961
1613563920,+3.39, +2.758, +0.176,+0.961
1613563980,+3.39, +2.747, +0.175,+0.961
1613564040,+3.39, +2.758, +0.178,+0.961
1613564100,+3.38, +2.768, +0.177,+0.961
1613564160,+3.39, +2.758, +0.176,+0.961
1613564220,+3.39, +2.758, +0.176,+0.961
1613564280,+3.39, +2.779, +0.174,+0.960
1613564340,+3.39, +2.779, +0.174,+0.961
1613564400,+3.39, +2.758, +0.176,+0.961
1613564460,+3.38, +2.736, +0.176,+0.961
1613564520,+3.39, +2.747, +0.177,+0.961
1613564580,+3.39, +2.747, +0.176,+0.961
1613564640,+3.39, +2.747, +0.177,+0.961
1613564700,+3.39, +2.768, +0.177,+0.961
1613564760,+3.38, +2.758, +0.174,+0.961
1613564820,+3.39, +2.736, +0.175,+0.960
1613564880,+3.39, +2.758, +0.177,+0.961
1613564940,+3.38, +2.747, +0.177,+0.961
1613565000,+3.39, +2.747, +0.176,+0.961
1613565060,+3.39, +2.736, +0.176,+0.961
1613565120,+3.39, +2.758, +0.176,+0.961
1613565180,+3.39, +2.726, +0.177,+0.960
1613565240,+3.39, +2.747, +0.176,+0.961
1613565300,+3.39, +2.758, +0.176,+0.961
1613565360,+3.39, +2.768, +0.176,+0.961
1613565420,+3.39, +2.779, +0.177,+0.961
1613565480,+3.39, +2.747, +0.176,+0.961
1613565540,+3.39, +2.758, +0.177,+0.961
1613565600,+3.38, +2.704, +0.177,+0.961
1613565660,+3.38, +2.790, +0.175,+0.961
1613565720,+3.38, +2.758, +0.176,+0.961
1613565780,+3.38, +2.758, +0.175,+0.961
1613565840,+3.38, +2.768, +0.175,+0.961
1613565900,+3.38, +2.768, +0.175,+0.961
1613565960,+3.38, +2.726, +0.176,+0.960
1613566020,+3.38, +2.758, +0.176,+0.961
1613566080,+3.38, +2.790, +0.175,+0.961
1613566140,+3.38, +2.768, +0.174,+0.960
1613566200,+3.38, +2.747, +0.176,+0.961
1613566260,+3.38, +2.768, +0.175,+0.961
1613566320,+3.38, +2.758, +0.177,+0.961
1613566380,+3.38, +2.736, +0.177,+0.961
1613566440,+3.38, +2.726, +0.177,+0.961
1613566500,+3.38, +2.758, +0.176,+0.961
1613566560,+3.38, +2.736, +0.175,+0.960
1613566620,+3.38, +2.758, +0.176,+0.961
1613566680,+3.38, +2.747, +0.176,+0.961
1613566740,+3.38, +2.747, +0.175,+0.960
1613566800,+3.38, +2.736, +0.176,+0.961
1613566860,+3.38, +2.747, +0.176,+0.961
1613566920,+3.38, +2.758, +0.176,+0.961
1613566980,+3.38, +2.768, +0.175,+0.961
1613567040,+3.38, +2.779, +0.175,+0.961
1613567100,+3.38, +2.758, +0.174,+0.960
1613567160,+3.38, +2.758, +0.176,+0.961
1613567220,+3.38, +2.747, +0.176,+0.961
1613567280,+3.38, +2.747, +0.177,+0.961
1613567340,+3.38, +2.768, +0.177,+0.961
1613567400,+3.38, +2.747, +0.176,+0.961
1613567460,+3.38, +2.736, +0.175,+0.960
1613567520,+3.38, +2.758, +0.176,+0.961
1613567580,+3.38, +2.768, +0.177,+0.961
1613567640,+3.38, +2.768, +0.174,+0.961
1613567700,+3.38, +2.747, +0.177,+0.961
1613567760,+3.38, +2.747, +0.176,+0.961
1613567820,+3.38, +2.768, +0.174,+0.960
1613567880,+3.38, +2.747, +0.178,+0.961
1613567940,+3.38, +2.779, +0.175,+0.961
1613568000,+3.38, +2.758, +0.176,+0.961
1613568060,+3.38, +2.747, +0.176,+0.960
1613568120,+3.38, +2.758, +0.176,+0.961
1613568180,+3.38, +2.747, +0.176,+0.961
1613568240,+3.38, +2.747, +0.175,+0.961
1613568300,+3.39, +2.758, +0.176,+0.961
1613568360,+3.38, +2.779, +0.177,+0.961
1613568420,+3.38, +2.747, +0.176,+0.961
1613568480,+3.38, +2.758, +0.176,+0.961
1613568540,+3.38, +2.768, +0.175,+0.961
1613568600,+3.38, +2.758, +0.177,+0.961
1613568660,+3.38, +2.768, +0.178,+0.961
1613568720,+3.38, +2.768, +0.175,+0.960
1613568780,+3.38, +2.726, +0.176,+0.961
1613568840,+3.39, +2.758, +0.176,+0.961
1613568900,+3.38, +2.747, +0.177,+0.961
1613568960,+3.39, +2.779, +0.175,+0.961
1613569020,+3.38, +2.694, +0.176,+0.960
1613569080,+3.38, +2.790, +0.175,+0.961
1613569140,+3.38, +2.747, +0.177,+0.961
1613569200,+3.39, +2.768, +0.176,+0.961
1613569260,+3.38, +2.726, +0.176,+0.961
1613569320,+3.38, +2.747, +0.176,+0.961
1613569380,+3.39, +2.779, +0.176,+0.961
1613569440,+3.38, +2.758, +0.177,+0.961
1613569500,+3.38, +2.779, +0.176,+0.960
1613569560,+3.38, +2.768, +0.177,+0.961
1613569620,+3.38, +2.736, +0.175,+0.960
1613569680,+3.38, +2.768, +0.176,+0.961
1613569740,+3.38, +2.758, +0.176,+0.961
1613569800,+3.38, +2.736, +0.175,+0.960
1613569860,+3.38, +2.747, +0.176,+0.960
1613569920,+3.39, +2.758, +0.175,+0.961
1613569980,+3.39, +2.768, +0.175,+0.960
1613570040,+3.38, +2.747, +0.177,+0.961
1613570100,+3.38, +2.736, +0.178,+0.961
1613570160,+3.38, +2.747, +0.176,+0.960
1613570220,+3.38, +2.758, +0.174,+0.961
1613570280,+3.38, +2.747, +0.176,+0.961
1613570340,+3.38, +2.747, +0.176,+0.961
1613570400,+3.38, +2.747, +0.177,+0.961
1613570460,+3.38, +2.758, +0.178,+0.961
1613570520,+3.38, +2.790, +0.177,+0.961
1613570580,+3.38, +2.747, +0.175,+0.961
1613570640,+3.38, +2.736, +0.176,+0.961
1613570700,+3.38, +2.779, +0.175,+0.961
1613570760,+3.39, +2.779, +0.175,+0.961
1613570820,+3.38, +2.758, +0.175,+0.960
1613570880,+3.39, +2.747, +0.176,+0.961
1613570940,+3.39, +2.758, +0.178,+0.961
1613571000,+3.38, +2.779, +0.175,+0.961
1613571060,+3.38, +2.758, +0.175,+0.961
1613571120,+3.39, +2.758, +0.177,+0.961
1613571180,+3.38, +2.747, +0.175,+0.960
1613571240,+3.39, +2.747, +0.176,+0.961
1613571300,+3.38, +2.768, +0.177,+0.961
1613571360,+3.38, +2.758, +0.176,+0.961
1613571420,+3.38, +2.726, +0.177,+0.961
1613571480,+3.38, +2.736, +0.175,+0.960
1613571540,+3.38, +2.758, +0.175,+0.961
1613571600,+3.38, +2.768, +0.178,+0.961
1613571660,+3.38, +2.758, +0.177,+0.961
1613571720,+3.38, +2.768, +0.177,+0.961
1613571780,+3.38, +2.768, +0.177,+0.961
1613571840,+3.38, +2.747, +0.177,+0.961
1613571900,+3.38, +2.747, +0.177,+0.961
1613571960,+3.39, +2.758, +0.177,+0.961
1613572020,+3.39, +2.736, +0.176,+0.961
1613572080,+3.38, +2.726, +0.177,+0.961
1613572140,+3.38, +2.758, +0.175,+0.960
1613572200,+3.39, +2.768, +0.176,+0.961
1613572260,+3.38, +2.768, +0.175,+0.961
1613572320,+3.38, +2.747, +0.177,+0.961
1613572380,+3.38, +2.801, +0.176,+0.961
1613572440,+3.39, +2.758, +0.174,+0.960
1613572500,+3.38, +2.747, +0.175,+0.961
1613572560,+3.38, +2.768, +0.175,+0.961
1613572620,+3.39, +2.768, +0.177,+0.961
1613572680,+3.38, +2.768, +0.176,+0.961
1613572740,+3.38, +2.747, +0.175,+0.961
1613572800,+3.39, +2.736, +0.176,+0.960
1613572860,+3.39, +2.747, +0.176,+0.961
1613572920,+3.38, +2.768, +0.177,+0.961
1613572980,+3.38, +2.758, +0.176,+0.961
1613573040,+3.39, +2.768, +0.176,+0.961
1613573100,+3.38, +2.779, +0.175,+0.961
1613573160,+3.38, +2.768, +0.176,+0.961
1613573220,+3.38, +2.747, +0.177,+0.961
1613573280,+3.38, +2.758, +0.176,+0.960
1613573340,+3.38, +2.736, +0.177,+0.961
1613573400,+3.39, +2.758, +0.176,+0.961
1613573460,+3.39, +2.758, +0.176,+0.961
1613573520,+3.38, +2.758, +0.175,+0.961
1613573580,+3.39, +2.768, +0.175,+0.961
1613573640,+3.39, +2.768, +0.176,+0.961
1613573700,+3.38, +2.779, +0.175,+0.961
1613573760,+3.38, +2.768, +0.176,+0.961
1613573820,+3.38, +2.736, +0.175,+0.960
1613573880,+3.39, +2.747, +0.176,+0.961
1613573940,+3.38, +2.779, +0.176,+0.961
1613574000,+3.38, +2.758, +0.175,+0.961
1613574060,+3.38, +2.758, +0.176,+0.961
1613574120,+3.38, +2.768, +0.176,+0.961
1613574180,+3.38, +2.779, +0.175,+0.961
1613574240,+3.38, +2.758, +0.176,+0.961
1613574300,+3.38, +2.747, +0.178,+0.961
1613574360,+3.39, +2.758, +0.173,+0.960
1613574420,+3.38, +2.747, +0.174,+0.960
1613574480,+3.38, +2.768, +0.175,+0.961
1613574540,+3.39, +2.758, +0.176,+0.961
1613574600,+3.38, +2.758, +0.175,+0.961
1613574660,+3.39, +2.768, +0.176,+0.961
1613574720,+3.39, +2.758, +0.178,+0.961
1613574780,+3.39, +2.747, +0.174,+0.960
1613574840,+3.38, +2.736, +0.177,+0.961
1613574900,+3.39, +2.768, +0.177,+0.961
1613574960,+3.38, +2.747, +0.177,+0.961
1613575020,+3.38, +2.736, +0.178,+0.961
1613575080,+3.39, +2.779, +0.174,+0.960
1613575140,+3.39, +2.758, +0.176,+0.961
1613575200,+3.38, +2.736, +0.175,+0.960
1613575260,+3.39, +2.779, +0.175,+0.961
1613575320,+3.39, +2.768, +0.176,+0.961
1613575380,+3.39, +2.779, +0.176,+0.961
1613575440,+3.38, +2.779, +0.175,+0.961
1613575500,+3.38, +2.758, +0.176,+0.961
1613575560,+3.38, +2.758, +0.177,+0.961
1613575620,+3.39, +2.747, +0.175,+0.961
1613575680,+3.39, +2.747, +0.174,+0.960
1613575740,+3.39, +2.768, +0.176,+0.961
1613575800,+3.39, +2.747, +0.175,+0.960
1613575860,+3.39, +2.790, +0.177,+0.961
1613575920,+3.39, +2.747, +0.177,+0.961
1613575980,+3.39, +2.779, +0.176,+0.961
1613576040,+3.38, +2.747, +0.176,+0.961
1613576100,+3.38, +2.768, +0.175,+0.961
1613576160,+3.38, +2.822, +0.175,+0.961
1613576220,+3.39, +2.726, +0.175,+0.960
1613576280,+3.39, +2.747, +0.176,+0.961
1613576340,+3.39, +2.747, +0.177,+0.961
1613576400,+3.39, +2.758, +0.175,+0.961
1613576460,+3.38, +2.779, +0.175,+0.961
1613576520,+3.38, +2.758, +0.175,+0.961
1613576580,+3.38, +2.768, +0.177,+0.961
1613576640,+3.38, +2.768, +0.176,+0.961
1613576700,+3.39, +2.736, +0.178,+0.961
1613576760,+3.39, +2.768, +0.176,+0.961
1613576820,+3.39, +2.768, +0.176,+0.961
1613576880,+3.38, +2.747, +0.175,+0.960
1613576940,+3.38, +2.768, +0.174,+0.961
1613577000,+3.38, +2.736, +0.176,+0.960
1613577060,+3.39, +2.726, +0.179,+0.961
1613577120,+3.39, +2.758, +0.176,+0.961
1613577180,+3.39, +2.758, +0.177,+0.961
1613577240,+3.39, +2.758, +0.177,+0.961
1613577300,+3.38, +2.736, +0.177,+0.960
1613577360,+3.39, +2.747, +0.176,+0.960
1613577420,+3.39, +2.758, +0.175,+0.961
1613577480,+3.38, +2.747, +0.174,+0.960
1613577540,+3.39, +2.758, +0.177,+0.961
1613577600,+3.39, +2.747, +0.175,+0.961
1613577660,+3.38, +2.736, +0.177,+0.961
1613577720,+3.38, +2.758, +0.174,+0.961
1613577780,+3.38, +2.758, +0.175,+0.961
1613577840,+3.38, +2.779, +0.173,+0.961
1613577900,+3.38, +2.736, +0.176,+0.961
1613577960,+3.38, +2.779, +0.175,+0.961
1613578020,+3.39, +2.768, +0.175,+0.961
1613578080,+3.39, +2.747, +0.177,+0.961
1613578140,+3.39, +2.779, +0.177,+0.961
1613578200,+3.38, +2.768, +0.176,+0.961
1613578260,+3.39, +2.747, +0.176,+0.961
1613578320,+3.39, +2.768, +0.176,+0.960
1613578380,+3.39, +2.747, +0.174,+0.960
1613578440,+3.39, +2.758, +0.176,+0.961
1613578500,+3.39, +2.758, +0.176,+0.961
1613578560,+3.38, +2.768, +0.175,+0.961
1613578620,+3.38, +2.747, +0.176,+0.960
1613578680,+3.39, +2.736, +0.177,+0.961
1613578740,+3.39, +2.747, +0.177,+0.961
1613578800,+3.39, +2.758, +0.176,+0.961
1613578860,+3.38, +2.747, +0.177,+0.961
1613578920,+3.38, +2.747, +0.175,+0.961
1613578980,+3.39, +2.747, +0.175,+0.961
1613579040,+3.39, +2.736, +0.177,+0.961
1613579100,+3.39, +2.768, +0.176,+0.961
1613579160,+3.39, +2.768, +0.176,+0.961
1613579220,+3.39, +2.736, +0.176,+0.960
1613579280,+3.39, +2.758, +0.176,+0.961
1613579340,+3.39, +2.768, +0.177,+0.961
1613579400,+3.39, +2.768, +0.175,+0.961
1613579460,+3.39, +2.768, +0.177,+0.961
1613579520,+3.39, +2.779, +0.176,+0.960
1613579580,+3.39, +2.758, +0.175,+0.960
1613579640,+3.39, +2.779, +0.175,+0.961
1613579700,+3.39, +2.726, +0.176,+0.960
1613579760,+3.38, +2.801, +0.175,+0.961
1613579820,+3.39, +2.768, +0.176,+0.961
1613579880,+3.39, +2.694, +0.178,+0.961
1613579940,+3.39, +2.779, +0.177,+0.961
1613580000,+3.39, +2.736, +0.175,+0.960
