7392-570653
OS REV: 1.11 Sensor Cal: 1428445788
Time (sec),  BV (Volts),  T (deg C),  DO (mg/l),  Q ()
1611074460,+3.39, +3.257, +0.171,+0.957
1611074520,+3.39, +3.278, +0.171,+0.957
1611074580,+3.39, +3.268, +0.170,+0.958
1611074640,+3.39, +3.268, +0.172,+0.958
1611074700,+3.39, +3.268, +0.172,+0.957
1611074760,+3.39, +3.247, +0.173,+0.957
1611074820,+3.39, +3.257, +0.172,+0.957
1611074880,+3.39, +3.247, +0.173,+0.958
1611074940,+3.39, +3.268, +0.171,+0.957
1611075000,+3.39, +3.247, +0.174,+0.958
1611075060,+3.39, +3.278, +0.170,+0.957
1611075120,+3.39, +3.257, +0.171,+0.957
1611075180,+3.39, +3.247, +0.172,+0.957
1611075240,+3.39, +3.268, +0.171,+0.957
1611075300,+3.39, +3.247, +0.172,+0.957
1611075360,+3.39, +3.257, +0.172,+0.957
1611075420,+3.39, +3.278, +0.173,+0.958
1611075480,+3.39, +3.257, +0.171,+0.958
1611075540,+3.39, +3.225, +0.173,+0.958
1611075600,+3.39, +3.257, +0.172,+0.957
1611075660,+3.39, +3.278, +0.170,+0.957
1611075720,+3.39, +3.247, +0.172,+0.957
1611075780,+3.39, +3.278, +0.172,+0.957
1611075840,+3.39, +3.299, +0.170,+0.957
1611075900,+3.39, +3.268, +0.171,+0.957
1611075960,+3.39, +3.268, +0.172,+0.958
1611076020,+3.39, +3.257, +0.171,+0.957
1611076080,+3.38, +3.289, +0.172,+0.957
1611076140,+3.39, +3.268, +0.173,+0.958
1611076200,+3.39, +3.278, +0.172,+0.958
1611076260,+3.39, +3.278, +0.171,+0.957
1611076320,+3.39, +3.278, +0.171,+0.957
1611076380,+3.39, +3.278, +0.172,+0.957
1611076440,+3.39, +3.225, +0.173,+0.957
1611076500,+3.39, +3.268, +0.172,+0.957
1611076560,+3.39, +3.289, +0.171,+0.957
1611076620,+3.39, +3.257, +0.172,+0.957
1611076680,+3.39, +3.278, +0.171,+0.957
1611076740,+3.39, +3.257, +0.171,+0.957
1611076800,+3.39, +3.268, +0.173,+0.957
1611076860,+3.39, +3.268, +0.170,+0.957
1611076920,+3.39, +3.278, +0.172,+0.957
1611076980,+3.39, +3.247, +0.172,+0.957
1611077040,+3.39, +3.247, +0.172,+0.957
1611077100,+3.39, +3.204, +0.172,+0.957
1611077160,+3.39, +3.257, +0.173,+0.957
1611077220,+3.39, +3.268, +0.170,+0.957
1611077280,+3.39, +3.257, +0.172,+0.957
1611077340,+3.39, +3.247, +0.172,+0.957
1611077400,+3.39, +3.247, +0.171,+0.957
1611077460,+3.39, +3.268, +0.171,+0.957
1611077520,+3.39, +3.278, +0.170,+0.957
1611077580,+3.39, +3.278, +0.172,+0.957
1611077640,+3.39, +3.268, +0.172,+0.958
1611077700,+3.39, +3.268, +0.171,+0.957
1611077760,+3.39, +3.289, +0.170,+0.958
1611077820,+3.39, +3.278, +0.171,+0.957
1611077880,+3.39, +3.278, +0.171,+0.958
1611077940,+3.39, +3.257, +0.171,+0.957
1611078000,+3.39, +3.278, +0.174,+0.958
1611078060,+3.39, +3.225, +0.172,+0.957
1611078120,+3.39, +3.268, +0.171,+0.957
1611078180,+3.39, +3.247, +0.171,+0.957
1611078240,+3.39, +3.268, +0.171,+0.957
1611078300,+3.39, +3.268, +0.172,+0.957
1611078360,+3.39, +3.289, +0.172,+0.957
1611078420,+3.39, +3.257, +0.171,+0.957
1611078480,+3.39, +3.257, +0.171,+0.957
1611078540,+3.39, +3.278, +0.173,+0.958
1611078600,+3.39, +3.225, +0.171,+0.957
1611078660,+3.39, +3.257, +0.173,+0.957
1611078720,+3.39, +3.268, +0.172,+0.957
1611078780,+3.39, +3.278, +0.171,+0.957
1611078840,+3.39, +3.268, +0.172,+0.958
1611078900,+3.39, +3.268, +0.173,+0.958
1611078960,+3.39, +3.278, +0.170,+0.957
1611079020,+3.39, +3.236, +0.173,+0.957
1611079080,+3.39, +3.268, +0.171,+0.957
1611079140,+3.39, +3.268, +0.173,+0.957
1611079200,+3.39, +3.247, +0.171,+0.957
1611079260,+3.39, +3.247, +0.172,+0.958
1611079320,+3.39, +3.268, +0.171,+0.957
1611079380,+3.39, +3.268, +0.171,+0.957
1611079440,+3.39, +3.278, +0.171,+0.957
1611079500,+3.39, +3.247, +0.172,+0.957
1611079560,+3.39, +3.257, +0.172,+0.957
1611079620,+3.39, +3.278, +0.171,+0.957
1611079680,+3.39, +3.268, +0.170,+0.957
1611079740,+3.39, +3.278, +0.171,+0.957
1611079800,+3.39, +3.257, +0.170,+0.957
1611079860,+3.39, +3.247, +0.171,+0.957
1611079920,+3.39, +3.289, +0.173,+0.957
1611079980,+3.39, +3.278, +0.172,+0.957
1611080040,+3.39, +3.268, +0.171,+0.957
1611080100,+3.39, +3.268, +0.170,+0.957
1611080160,+3.39, +3.278, +0.171,+0.957
1611080220,+3.39, +3.268, +0.172,+0.957
1611080280,+3.39, +3.247, +0.171,+0.957
1611080340,+3.39, +3.247, +0.174,+0.957
1611080400,+3.39, +3.268, +0.171,+0.957
1611080460,+3.39, +3.268, +0.171,+0.957
1611080520,+3.39, +3.268, +0.171,+0.957
1611080580,+3.39, +3.247, +0.172,+0.957
1611080640,+3.39, +3.257, +0.171,+0.957
1611080700,+3.39, +3.278, +0.171,+0.957
1611080760,+3.39, +3.268, +0.172,+0.957
1611080820,+3.39, +3.257, +0.172,+0.957
1611080880,+3.39, +3.268, +0.172,+0.957
1611080940,+3.39, +3.289, +0.171,+0.957
1611081000,+3.39, +3.257, +0.171,+0.957
1611081060,+3.39, +3.247, +0.172,+0.957
1611081120,+3.39, +3.247, +0.173,+0.957
1611081180,+3.39, +3.268, +0.172,+0.957
1611081240,+3.39, +3.278, +0.170,+0.957
1611081300,+3.39, +3.215, +0.172,+0.957
1611081360,+3.39, +3.257, +0.171,+0.957
1611081420,+3.39, +3.257, +0.173,+0.957
1611081480,+3.39, +3.278, +0.172,+0.957
1611081540,+3.39, +3.236, +0.172,+0.957
1611081600,+3.39, +3.236, +0.171,+0.957
1611081660,+3.39, +3.268, +0.173,+0.958
1611081720,+3.39, +3.257, +0.171,+0.957
1611081780,+3.39, +3.289, +0.171,+0.957
1611081840,+3.39, +3.257, +0.172,+0.957
1611081900,+3.39, +3.257, +0.171,+0.957
1611081960,+3.39, +3.289, +0.169,+0.957
1611082020,+3.39, +3.268, +0.172,+0.957
1611082080,+3.39, +3.268, +0.170,+0.957
1611082140,+3.39, +3.268, +0.170,+0.957
1611082200,+3.39, +3.225, +0.173,+0.957
1611082260,+3.39, +3.278, +0.172,+0.957
1611082320,+3.39, +3.257, +0.171,+0.957
1611082380,+3.39, +3.247, +0.173,+0.957
1611082440,+3.39, +3.236, +0.170,+0.957
1611082500,+3.39, +3.257, +0.172,+0.957
1611082560,+3.39, +3.247, +0.171,+0.957
1611082620,+3.39, +3.236, +0.170,+0.957
1611082680,+3.39, +3.247, +0.173,+0.957
1611082740,+3.39, +3.268, +0.171,+0.957
1611082800,+3.39, +3.268, +0.172,+0.957
1611082860,+3.39, +3.278, +0.171,+0.957
1611082920,+3.39, +3.268, +0.173,+0.958
1611082980,+3.39, +3.268, +0.171,+0.957
1611083040,+3.39, +3.257, +0.171,+0.957
1611083100,+3.39, +3.247, +0.173,+0.957
1611083160,+3.39, +3.257, +0.173,+0.957
1611083220,+3.39, +3.268, +0.172,+0.958
1611083280,+3.39, +3.225, +0.172,+0.957
1611083340,+3.39, +3.257, +0.171,+0.957
1611083400,+3.39, +3.194, +0.172,+0.957
1611083460,+3.39, +3.268, +0.169,+0.957
1611083520,+3.39, +3.268, +0.171,+0.957
1611083580,+3.39, +3.257, +0.171,+0.957
1611083640,+3.39, +3.257, +0.172,+0.957
1611083700,+3.39, +3.268, +0.172,+0.957
1611083760,+3.39, +3.278, +0.170,+0.957
1611083820,+3.39, +3.278, +0.172,+0.957
1611083880,+3.39, +3.268, +0.172,+0.957
1611083940,+3.39, +3.268, +0.172,+0.957
1611084000,+3.39, +3.268, +0.171,+0.957
1611084060,+3.39, +3.320, +0.170,+0.957
1611084120,+3.39, +3.268, +0.172,+0.957
1611084180,+3.39, +3.268, +0.171,+0.957
1611084240,+3.39, +3.257, +0.172,+0.957
1611084300,+3.39, +3.257, +0.172,+0.957
1611084360,+3.39, +3.247, +0.171,+0.957
1611084420,+3.39, +3.257, +0.172,+0.957
1611084480,+3.39, +3.268, +0.171,+0.957
1611084540,+3.39, +3.257, +0.170,+0.957
1611084600,+3.39, +3.268, +0.170,+0.957
1611084660,+3.39, +3.257, +0.172,+0.957
1611084720,+3.39, +3.268, +0.172,+0.957
1611084780,+3.39, +3.247, +0.171,+0.957
1611084840,+3.39, +3.268, +0.172,+0.957
1611084900,+3.39, +3.247, +0.171,+0.957
1611084960,+3.39, +3.257, +0.171,+0.957
1611085020,+3.39, +3.268, +0.172,+0.957
1611085080,+3.39, +3.257, +0.172,+0.957
1611085140,+3.39, +3.289, +0.171,+0.957
1611085200,+3.39, +3.278, +0.170,+0.957
1611085260,+3.39, +3.257, +0.171,+0.957
1611085320,+3.39, +3.268, +0.171,+0.957
1611085380,+3.39, +3.268, +0.172,+0.957
1611085440,+3.39, +3.268, +0.171,+0.957
1611085500,+3.39, +3.257, +0.171,+0.957
1611085560,+3.39, +3.268, +0.172,+0.957
1611085620,+3.39, +3.268, +0.169,+0.957
1611085680,+3.39, +3.268, +0.172,+0.957
1611085740,+3.39, +3.247, +0.171,+0.957
1611085800,+3.39, +3.268, +0.171,+0.957
1611085860,+3.39, +3.247, +0.172,+0.957
1611085920,+3.39, +3.247, +0.172,+0.957
1611085980,+3.39, +3.278, +0.171,+0.957
1611086040,+3.39, +3.278, +0.173,+0.957
1611086100,+3.39, +3.278, +0.172,+0.957
1611086160,+3.39, +3.268, +0.170,+0.957
1611086220,+3.39, +3.268, +0.171,+0.957
1611086280,+3.39, +3.257, +0.170,+0.957
1611086340,+3.39, +3.278, +0.172,+0.957
1611086400,+3.39, +3.268, +0.173,+0.957
1611086460,+3.39, +3.268, +0.171,+0.957
1611086520,+3.39, +3.257, +0.171,+0.957
1611086580,+3.39, +3.247, +0.172,+0.957
1611086640,+3.39, +3.278, +0.172,+0.957
1611086700,+3.39, +3.268, +0.171,+0.957
1611086760,+3.39, +3.257, +0.172,+0.957
1611086820,+3.39, +3.278, +0.172,+0.958
1611086880,+3.39, +3.278, +0.171,+0.957
1611086940,+3.39, +3.268, +0.172,+0.957
1611087000,+3.39, +3.268, +0.169,+0.957
1611087060,+3.39, +3.268, +0.172,+0.957
1611087120,+3.39, +3.268, +0.171,+0.957
1611087180,+3.39, +3.268, +0.172,+0.957
1611087240,+3.39, +3.278, +0.171,+0.957
1611087300,+3.39, +3.278, +0.171,+0.957
1611087360,+3.39, +3.289, +0.172,+0.957
1611087420,+3.39, +3.268, +0.170,+0.957
1611087480,+3.39, +3.278, +0.172,+0.957
1611087540,+3.39, +3.268, +0.171,+0.957
1611087600,+3.39, +3.278, +0.171,+0.957
1611087660,+3.39, +3.268, +0.170,+0.957
1611087720,+3.39, +3.268, +0.171,+0.957
1611087780,+3.39, +3.278, +0.172,+0.957
1611087840,+3.39, +3.278, +0.171,+0.957
1611087900,+3.39, +3.204, +0.173,+0.957
1611087960,+3.39, +3.268, +0.171,+0.957
1611088020,+3.39, +3.268, +0.172,+0.957
1611088080,+3.39, +3.247, +0.170,+0.957
1611088140,+3.39, +3.299, +0.171,+0.958
1611088200,+3.39, +3.289, +0.171,+0.958
1611088260,+3.39, +3.247, +0.172,+0.957
1611088320,+3.39, +3.268, +0.173,+0.957
1611088380,+3.39, +3.257, +0.171,+0.957
1611088440,+3.39, +3.278, +0.170,+0.957
1611088500,+3.39, +3.268, +0.172,+0.957
1611088560,+3.39, +3.268, +0.174,+0.958
1611088620,+3.39, +3.257, +0.171,+0.957
1611088680,+3.39, +3.268, +0.172,+0.957
1611088740,+3.39, +3.278, +0.170,+0.957
1611088800,+3.39, +3.225, +0.172,+0.957
1611088860,+3.39, +3.257, +0.173,+0.957
1611088920,+3.39, +3.257, +0.172,+0.957
1611088980,+3.39, +3.268, +0.173,+0.957
1611089040,+3.39, +3.257, +0.171,+0.957
1611089100,+3.39, +3.320, +0.171,+0.958
1611089160,+3.39, +3.247, +0.172,+0.957
1611089220,+3.39, +3.257, +0.171,+0.957
1611089280,+3.39, +3.257, +0.172,+0.957
1611089340,+3.39, +3.215, +0.172,+0.957
1611089400,+3.39, +3.278, +0.171,+0.957
1611089460,+3.39, +3.268, +0.173,+0.957
1611089520,+3.39, +3.257, +0.173,+0.957
1611089580,+3.39, +3.278, +0.172,+0.958
1611089640,+3.39, +3.257, +0.171,+0.957
1611089700,+3.39, +3.257, +0.171,+0.957
1611089760,+3.39, +3.278, +0.172,+0.957
1611089820,+3.39, +3.289, +0.169,+0.957
1611089880,+3.39, +3.257, +0.172,+0.957
1611089940,+3.39, +3.268, +0.171,+0.957
1611090000,+3.39, +3.299, +0.171,+0.957
1611090060,+3.39, +3.268, +0.171,+0.957
1611090120,+3.39, +3.289, +0.170,+0.957
1611090180,+3.39, +3.268, +0.171,+0.958
1611090240,+3.39, +3.257, +0.173,+0.957
1611090300,+3.39, +3.236, +0.172,+0.957
1611090360,+3.39, +3.278, +0.169,+0.957
1611090420,+3.39, +3.268, +0.172,+0.957
1611090480,+3.39, +3.289, +0.172,+0.958
1611090540,+3.39, +3.268, +0.171,+0.957
1611090600,+3.39, +3.268, +0.172,+0.957
1611090660,+3.39, +3.278, +0.171,+0.957
1611090720,+3.39, +3.278, +0.173,+0.957
1611090780,+3.39, +3.278, +0.171,+0.957
1611090840,+3.39, +3.268, +0.171,+0.957
1611090900,+3.39, +3.257, +0.171,+0.957
1611090960,+3.39, +3.268, +0.171,+0.957
1611091020,+3.39, +3.268, +0.170,+0.957
1611091080,+3.39, +3.268, +0.173,+0.958
1611091140,+3.39, +3.278, +0.172,+0.958
1611091200,+3.39, +3.247, +0.172,+0.957
1611091260,+3.39, +3.257, +0.172,+0.957
1611091320,+3.39, +3.320, +0.171,+0.958
1611091380,+3.39, +3.257, +0.172,+0.957
1611091440,+3.39, +3.268, +0.170,+0.957
1611091500,+3.39, +3.257, +0.172,+0.957
1611091560,+3.39, +3.299, +0.172,+0.957
1611091620,+3.39, +3.268, +0.172,+0.957
1611091680,+3.39, +3.257, +0.173,+0.957
1611091740,+3.39, +3.278, +0.173,+0.957
1611091800,+3.39, +3.257, +0.173,+0.957
1611091860,+3.39, +3.278, +0.170,+0.957
1611091920,+3.39, +3.289, +0.170,+0.957
1611091980,+3.39, +3.278, +0.173,+0.957
1611092040,+3.39, +3.247, +0.171,+0.957
1611092100,+3.39, +3.257, +0.171,+0.957
1611092160,+3.39, +3.278, +0.171,+0.957
1611092220,+3.39, +3.278, +0.171,+0.957
1611092280,+3.39, +3.278, +0.170,+0.957
1611092340,+3.39, +3.278, +0.172,+0.957
1611092400,+3.39, +3.257, +0.171,+0.957
1611092460,+3.39, +3.278, +0.173,+0.958
1611092520,+3.39, +3.278, +0.171,+0.957
1611092580,+3.39, +3.257, +0.172,+0.957
1611092640,+3.39, +3.278, +0.172,+0.957
1611092700,+3.39, +3.257, +0.171,+0.957
1611092760,+3.39, +3.268, +0.171,+0.957
1611092820,+3.39, +3.289, +0.171,+0.957
1611092880,+3.39, +3.247, +0.171,+0.957
1611092940,+3.39, +3.278, +0.171,+0.957
1611093000,+3.39, +3.268, +0.172,+0.958
1611093060,+3.39, +3.268, +0.171,+0.957
1611093120,+3.39, +3.268, +0.172,+0.957
1611093180,+3.39, +3.236, +0.171,+0.957
1611093240,+3.39, +3.257, +0.173,+0.957
1611093300,+3.39, +3.268, +0.171,+0.957
1611093360,+3.39, +3.268, +0.172,+0.957
1611093420,+3.39, +3.257, +0.172,+0.957
1611093480,+3.39, +3.278, +0.172,+0.957
1611093540,+3.39, +3.268, +0.174,+0.957
1611093600,+3.39, +3.236, +0.171,+0.957
1611093660,+3.39, +3.257, +0.170,+0.957
1611093720,+3.39, +3.257, +0.172,+0.957
1611093780,+3.39, +3.268, +0.172,+0.957
1611093840,+3.39, +3.257, +0.172,+0.957
1611093900,+3.39, +3.236, +0.172,+0.957
1611093960,+3.39, +3.278, +0.172,+0.957
1611094020,+3.39, +3.225, +0.173,+0.957
1611094080,+3.39, +3.257, +0.172,+0.957
1611094140,+3.39, +3.278, +0.170,+0.957
1611094200,+3.39, +3.278, +0.171,+0.957
1611094260,+3.39, +3.268, +0.171,+0.957
1611094320,+3.39, +3.257, +0.171,+0.957
1611094380,+3.39, +3.257, +0.172,+0.957
1611094440,+3.39, +3.278, +0.169,+0.957
1611094500,+3.39, +3.268, +0.172,+0.957
1611094560,+3.39, +3.257, +0.170,+0.957
1611094620,+3.39, +3.215, +0.172,+0.957
1611094680,+3.39, +3.247, +0.172,+0.957
1611094740,+3.39, +3.268, +0.173,+0.957
1611094800,+3.39, +3.268, +0.172,+0.957
1611094860,+3.39, +3.257, +0.172,+0.957
1611094920,+3.39, +3.268, +0.171,+0.957
1611094980,+3.39, +3.268, +0.170,+0.957
1611095040,+3.39, +3.257, +0.171,+0.957
1611095100,+3.39, +3.268, +0.174,+0.957
1611095160,+3.39, +3.278, +0.171,+0.957
1611095220,+3.39, +3.194, +0.174,+0.957
1611095280,+3.39, +3.236, +0.172,+0.957
1611095340,+3.39, +3.247, +0.173,+0.957
1611095400,+3.39, +3.289, +0.169,+0.957
1611095460,+3.39, +3.268, +0.171,+0.957
1611095520,+3.39, +3.278, +0.170,+0.957
1611095580,+3.39, +3.247, +0.171,+0.957
1611095640,+3.39, +3.268, +0.169,+0.957
1611095700,+3.39, +3.257, +0.172,+0.957
1611095760,+3.39, +3.257, +0.170,+0.957
1611095820,+3.39, +3.268, +0.170,+0.957
1611095880,+3.39, +3.247, +0.173,+0.957
1611095940,+3.39, +3.257, +0.172,+0.957
1611096000,+3.39, +3.257, +0.172,+0.958
1611096060,+3.39, +3.236, +0.174,+0.958
1611096120,+3.39, +3.247, +0.173,+0.957
1611096180,+3.39, +3.257, +0.172,+0.957
1611096240,+3.39, +3.268, +0.172,+0.957
1611096300,+3.39, +3.268, +0.171,+0.957
1611096360,+3.39, +3.268, +0.171,+0.957
1611096420,+3.39, +3.268, +0.169,+0.957
1611096480,+3.39, +3.268, +0.172,+0.957
1611096540,+3.39, +3.268, +0.172,+0.957
1611096600,+3.39, +3.278, +0.169,+0.957
1611096660,+3.39, +3.257, +0.170,+0.957
1611096720,+3.39, +3.215, +0.171,+0.957
1611096780,+3.39, +3.268, +0.171,+0.957
1611096840,+3.39, +3.278, +0.172,+0.957
1611096900,+3.39, +3.268, +0.172,+0.957
1611096960,+3.39, +3.268, +0.172,+0.957
1611097020,+3.39, +3.268, +0.172,+0.958
1611097080,+3.39, +3.236, +0.172,+0.957
1611097140,+3.39, +3.268, +0.173,+0.957
1611097200,+3.39, +3.257, +0.172,+0.957
1611097260,+3.39, +3.289, +0.172,+0.958
1611097320,+3.39, +3.268, +0.169,+0.957
1611097380,+3.39, +3.257, +0.170,+0.957
1611097440,+3.39, +3.268, +0.172,+0.957
1611097500,+3.39, +3.268, +0.172,+0.958
1611097560,+3.39, +3.289, +0.172,+0.958
1611097620,+3.39, +3.247, +0.171,+0.957
1611097680,+3.39, +3.289, +0.172,+0.958
1611097740,+3.39, +3.278, +0.170,+0.957
1611097800,+3.39, +3.268, +0.171,+0.957
1611097860,+3.39, +3.268, +0.172,+0.958
1611097920,+3.39, +3.268, +0.172,+0.957
1611097980,+3.39, +3.268, +0.171,+0.957
1611098040,+3.39, +3.268, +0.171,+0.957
1611098100,+3.39, +3.289, +0.171,+0.957
1611098160,+3.39, +3.268, +0.172,+0.958
1611098220,+3.39, +3.278, +0.171,+0.957
1611098280,+3.39, +3.278, +0.170,+0.957
1611098340,+3.39, +3.289, +0.172,+0.958
1611098400,+3.39, +3.268, +0.171,+0.957
1611098460,+3.39, +3.268, +0.172,+0.958
1611098520,+3.39, +3.278, +0.169,+0.957
1611098580,+3.39, +3.257, +0.171,+0.957
1611098640,+3.39, +3.268, +0.171,+0.957
1611098700,+3.39, +3.257, +0.172,+0.958
1611098760,+3.39, +3.268, +0.170,+0.957
1611098820,+3.39, +3.268, +0.169,+0.957
1611098880,+3.39, +3.278, +0.172,+0.958
1611098940,+3.39, +3.278, +0.171,+0.957
1611099000,+3.39, +3.268, +0.173,+0.958
1611099060,+3.39, +3.257, +0.171,+0.958
1611099120,+3.39, +3.268, +0.172,+0.957
1611099180,+3.39, +3.278, +0.170,+0.957
1611099240,+3.39, +3.247, +0.170,+0.957
1611099300,+3.39, +3.247, +0.170,+0.957
1611099360,+3.39, +3.257, +0.171,+0.957
1611099420,+3.39, +3.268, +0.171,+0.958
1611099480,+3.39, +3.257, +0.173,+0.958
1611099540,+3.39, +3.268, +0.173,+0.958
1611099600,+3.39, +3.268, +0.173,+0.958
1611099660,+3.39, +3.257, +0.170,+0.957
1611099720,+3.39, +3.268, +0.171,+0.957
1611099780,+3.39, +3.268, +0.172,+0.957
1611099840,+3.39, +3.278, +0.171,+0.957
1611099900,+3.39, +3.299, +0.170,+0.957
1611099960,+3.39, +3.268, +0.171,+0.957
1611100020,+3.39, +3.247, +0.173,+0.958
1611100080,+3.39, +3.257, +0.171,+0.957
1611100140,+3.39, +3.268, +0.171,+0.957
1611100200,+3.39, +3.268, +0.170,+0.957
1611100260,+3.39, +3.289, +0.172,+0.957
1611100320,+3.39, +3.289, +0.172,+0.958
1611100380,+3.39, +3.257, +0.171,+0.957
1611100440,+3.39, +3.289, +0.172,+0.958
1611100500,+3.39, +3.268, +0.170,+0.957
1611100560,+3.39, +3.257, +0.172,+0.957
1611100620,+3.39, +3.257, +0.172,+0.957
1611100680,+3.39, +3.268, +0.170,+0.957
1611100740,+3.39, +3.268, +0.172,+0.958
1611100800,+3.39, +3.257, +0.171,+0.957
1611100860,+3.39, +3.278, +0.172,+0.957
1611100920,+3.39, +3.257, +0.171,+0.957
1611100980,+3.39, +3.268, +0.171,+0.957
1611101040,+3.39, +3.268, +0.172,+0.958
1611101100,+3.39, +3.268, +0.170,+0.957
1611101160,+3.39, +3.257, +0.171,+0.957
1611101220,+3.39, +3.257, +0.171,+0.957
1611101280,+3.39, +3.278, +0.173,+0.958
1611101340,+3.39, +3.278, +0.173,+0.958
1611101400,+3.39, +3.268, +0.172,+0.958
1611101460,+3.39, +3.289, +0.171,+0.957
1611101520,+3.39, +3.247, +0.172,+0.957
1611101580,+3.39, +3.257, +0.172,+0.957
1611101640,+3.39, +3.257, +0.172,+0.957
1611101700,+3.39, +3.268, +0.173,+0.958
1611101760,+3.39, +3.268, +0.172,+0.957
1611101820,+3.39, +3.289, +0.171,+0.958
1611101880,+3.39, +3.247, +0.173,+0.957
1611101940,+3.39, +3.257, +0.172,+0.957
1611102000,+3.39, +3.257, +0.171,+0.957
1611102060,+3.39, +3.310, +0.171,+0.958
1611102120,+3.39, +3.257, +0.171,+0.957
1611102180,+3.39, +3.268, +0.172,+0.957
1611102240,+3.39, +3.268, +0.173,+0.957
1611102300,+3.39, +3.268, +0.171,+0.958
1611102360,+3.39, +3.268, +0.172,+0.957
1611102420,+3.39, +3.257, +0.172,+0.958
1611102480,+3.39, +3.278, +0.172,+0.957
1611102540,+3.39, +3.247, +0.173,+0.957
1611102600,+3.39, +3.289, +0.171,+0.958
1611102660,+3.39, +3.257, +0.172,+0.958
1611102720,+3.39, +3.247, +0.171,+0.957
1611102780,+3.39, +3.278, +0.173,+0.958
1611102840,+3.39, +3.278, +0.172,+0.957
1611102900,+3.39, +3.247, +0.173,+0.957
1611102960,+3.39, +3.257, +0.172,+0.957
1611103020,+3.39, +3.268, +0.172,+0.958
1611103080,+3.39, +3.268, +0.172,+0.957
1611103140,+3.39, +3.257, +0.172,+0.957
1611103200,+3.39, +3.268, +0.172,+0.957
1611103260,+3.39, +3.289, +0.171,+0.957
1611103320,+3.39, +3.236, +0.171,+0.957
1611103380,+3.39, +3.268, +0.171,+0.957
1611103440,+3.39, +3.257, +0.172,+0.957
1611103500,+3.39, +3.278, +0.170,+0.957
1611103560,+3.39, +3.268, +0.173,+0.958
1611103620,+3.39, +3.278, +0.171,+0.958
1611103680,+3.39, +3.299, +0.172,+0.957
1611103740,+3.39, +3.268, +0.171,+0.958
1611103800,+3.39, +3.278, +0.170,+0.957
1611103860,+3.39, +3.257, +0.172,+0.957
1611103920,+3.39, +3.236, +0.172,+0.957
1611103980,+3.39, +3.268, +0.170,+0.957
1611104040,+3.39, +3.268, +0.170,+0.957
1611104100,+3.39, +3.268, +0.172,+0.957
1611104160,+3.39, +3.236, +0.170,+0.957
1611104220,+3.39, +3.268, +0.171,+0.957
1611104280,+3.39, +3.268, +0.172,+0.958
1611104340,+3.39, +3.268, +0.170,+0.958
1611104400,+3.39, +3.268, +0.171,+0.957
1611104460,+3.39, +3.257, +0.171,+0.958
1611104520,+3.39, +3.257, +0.172,+0.957
1611104580,+3.39, +3.278, +0.172,+0.958
1611104640,+3.39, +3.236, +0.172,+0.958
1611104700,+3.39, +3.289, +0.169,+0.957
1611104760,+3.39, +3.236, +0.173,+0.957
1611104820,+3.39, +3.268, +0.173,+0.958
1611104880,+3.39, +3.268, +0.171,+0.957
1611104940,+3.39, +3.278, +0.172,+0.958
1611105000,+3.39, +3.257, +0.172,+0.957
1611105060,+3.39, +3.247, +0.172,+0.958
1611105120,+3.39, +3.268, +0.171,+0.957
1611105180,+3.39, +3.215, +0.172,+0.957
1611105240,+3.39, +3.247, +0.171,+0.957
1611105300,+3.39, +3.257, +0.171,+0.957
1611105360,+3.39, +3.257, +0.173,+0.958
1611105420,+3.39, +3.247, +0.171,+0.957
1611105480,+3.39, +3.278, +0.173,+0.958
1611105540,+3.39, +3.278, +0.170,+0.957
1611105600,+3.39, +3.257, +0.171,+0.957
1611105660,+3.39, +3.257, +0.172,+0.958
1611105720,+3.39, +3.268, +0.172,+0.957
1611105780,+3.39, +3.268, +0.173,+0.957
1611105840,+3.39, +3.268, +0.171,+0.957
1611105900,+3.39, +3.257, +0.171,+0.958
1611105960,+3.39, +3.268, +0.169,+0.957
1611106020,+3.39, +3.247, +0.172,+0.957
1611106080,+3.39, +3.268, +0.170,+0.957
1611106140,+3.39, +3.247, +0.173,+0.957
1611106200,+3.39, +3.268, +0.171,+0.958
1611106260,+3.39, +3.268, +0.173,+0.958
1611106320,+3.39, +3.268, +0.172,+0.958
1611106380,+3.39, +3.257, +0.170,+0.957
1611106440,+3.39, +3.257, +0.171,+0.957
1611106500,+3.39, +3.268, +0.171,+0.957
1611106560,+3.39, +3.247, +0.172,+0.957
1611106620,+3.39, +3.247, +0.172,+0.957
1611106680,+3.39, +3.278, +0.171,+0.957
1611106740,+3.39, +3.257, +0.172,+0.958
1611106800,+3.39, +3.268, +0.173,+0.958
1611106860,+3.39, +3.257, +0.171,+0.957
1611106920,+3.39, +3.225, +0.173,+0.957
1611106980,+3.39, +3.268, +0.171,+0.958
1611107040,+3.39, +3.236, +0.170,+0.957
1611107100,+3.39, +3.268, +0.171,+0.957
1611107160,+3.39, +3.236, +0.171,+0.957
1611107220,+3.39, +3.278, +0.171,+0.958
1611107280,+3.39, +3.257, +0.170,+0.958
1611107340,+3.39, +3.257, +0.171,+0.957
1611107400,+3.39, +3.268, +0.171,+0.957
1611107460,+3.39, +3.257, +0.171,+0.957
1611107520,+3.39, +3.247, +0.171,+0.957
1611107580,+3.39, +3.299, +0.170,+0.957
1611107640,+3.39, +3.278, +0.172,+0.958
1611107700,+3.39, +3.247, +0.171,+0.957
1611107760,+3.39, +3.257, +0.173,+0.957
1611107820,+3.39, +3.257, +0.171,+0.957
1611107880,+3.39, +3.247, +0.172,+0.957
1611107940,+3.39, +3.236, +0.173,+0.958
1611108000,+3.39, +3.247, +0.172,+0.957
1611108060,+3.39, +3.278, +0.172,+0.958
1611108120,+3.39, +3.268, +0.173,+0.957
1611108180,+3.39, +3.268, +0.171,+0.957
1611108240,+3.39, +3.268, +0.173,+0.958
1611108300,+3.39, +3.268, +0.169,+0.957
1611108360,+3.39, +3.236, +0.172,+0.957
1611108420,+3.39, +3.278, +0.171,+0.958
1611108480,+3.39, +3.268, +0.171,+0.957
1611108540,+3.39, +3.247, +0.172,+0.957
1611108600,+3.39, +3.247, +0.173,+0.957
1611108660,+3.39, +3.257, +0.171,+0.957
1611108720,+3.39, +3.268, +0.172,+0.958
1611108780,+3.39, +3.257, +0.170,+0.957
1611108840,+3.39, +3.257, +0.172,+0.957
1611108900,+3.39, +3.257, +0.173,+0.957
1611108960,+3.39, +3.257, +0.171,+0.957
1611109020,+3.39, +3.268, +0.173,+0.958
1611109080,+3.39, +3.215, +0.171,+0.957
1611109140,+3.39, +3.268, +0.172,+0.957
1611109200,+3.39, +3.247, +0.171,+0.957
1611109260,+3.39, +3.257, +0.172,+0.957
1611109320,+3.39, +3.278, +0.172,+0.957
1611109380,+3.39, +3.247, +0.171,+0.957
1611109440,+3.39, +3.257, +0.172,+0.957
1611109500,+3.39, +3.268, +0.169,+0.957
1611109560,+3.39, +3.257, +0.171,+0.957
1611109620,+3.39, +3.310, +0.170,+0.957
1611109680,+3.39, +3.268, +0.173,+0.957
1611109740,+3.39, +3.247, +0.172,+0.957
1611109800,+3.39, +3.278, +0.171,+0.957
1611109860,+3.39, +3.268, +0.170,+0.957
1611109920,+3.39, +3.278, +0.172,+0.958
1611109980,+3.39, +3.194, +0.174,+0.957
1611110040,+3.39, +3.225, +0.172,+0.957
1611110100,+3.39, +3.247, +0.171,+0.957
1611110160,+3.39, +3.257, +0.172,+0.957
1611110220,+3.39, +3.236, +0.172,+0.957
1611110280,+3.39, +3.268, +0.172,+0.957
1611110340,+3.39, +3.247, +0.170,+0.957
1611110400,+3.39, +3.278, +0.171,+0.958
1611110460,+3.39, +3.257, +0.169,+0.957
1611110520,+3.39, +3.225, +0.172,+0.957
1611110580,+3.39, +3.257, +0.171,+0.957
1611110640,+3.39, +3.268, +0.173,+0.958
1611110700,+3.39, +3.236, +0.172,+0.957
1611110760,+3.39, +3.236, +0.171,+0.957
1611110820,+3.39, +3.247, +0.171,+0.957
1611110880,+3.39, +3.278, +0.170,+0.957
1611110940,+3.39, +3.215, +0.171,+0.957
1611111000,+3.39, +3.247, +0.172,+0.958
1611111060,+3.39, +3.278, +0.170,+0.957
1611111120,+3.39, +3.236, +0.171,+0.957
1611111180,+3.39, +3.257, +0.171,+0.957
1611111240,+3.39, +3.225, +0.173,+0.957
1611111300,+3.39, +3.268, +0.170,+0.957
1611111360,+3.39, +3.247, +0.173,+0.958
1611111420,+3.39, +3.268, +0.171,+0.958
1611111480,+3.39, +3.268, +0.170,+0.957
1611111540,+3.39, +3.268, +0.172,+0.957
1611111600,+3.39, +3.268, +0.171,+0.957
1611111660,+3.39, +3.257, +0.172,+0.958
1611111720,+3.39, +3.247, +0.171,+0.957
1611111780,+3.39, +3.278, +0.171,+0.957
1611111840,+3.39, +3.289, +0.171,+0.957
1611111900,+3.39, +3.257, +0.172,+0.957
1611111960,+3.39, +3.268, +0.174,+0.958
1611112020,+3.39, +3.247, +0.172,+0.957
1611112080,+3.39, +3.204, +0.173,+0.957
1611112140,+3.39, +3.257, +0.172,+0.958
1611112200,+3.39, +3.247, +0.172,+0.958
1611112260,+3.39, +3.236, +0.173,+0.958
1611112320,+3.39, +3.257, +0.171,+0.958
1611112380,+3.39, +3.257, +0.171,+0.957
1611112440,+3.39, +3.268, +0.173,+0.957
1611112500,+3.39, +3.257, +0.173,+0.958
1611112560,+3.39, +3.236, +0.172,+0.957
1611112620,+3.39, +3.236, +0.171,+0.957
1611112680,+3.39, +3.236, +0.171,+0.957
1611112740,+3.39, +3.225, +0.172,+0.957
1611112800,+3.39, +3.247, +0.172,+0.957
1611112860,+3.39, +3.257, +0.171,+0.957
1611112920,+3.39, +3.257, +0.172,+0.958
1611112980,+3.39, +3.278, +0.172,+0.957
1611113040,+3.39, +3.268, +0.170,+0.957
1611113100,+3.39, +3.257, +0.169,+0.957
1611113160,+3.39, +3.268, +0.170,+0.957
1611113220,+3.39, +3.257, +0.171,+0.957
1611113280,+3.39, +3.257, +0.173,+0.958
1611113340,+3.39, +3.257, +0.171,+0.957
1611113400,+3.39, +3.268, +0.172,+0.957
1611113460,+3.39, +3.257, +0.170,+0.957
1611113520,+3.39, +3.247, +0.172,+0.958
1611113580,+3.39, +3.194, +0.172,+0.957
1611113640,+3.39, +3.257, +0.173,+0.958
1611113700,+3.39, +3.247, +0.173,+0.957
1611113760,+3.39, +3.236, +0.172,+0.957
1611113820,+3.39, +3.236, +0.172,+0.957
1611113880,+3.39, +3.257, +0.173,+0.957
1611113940,+3.39, +3.268, +0.170,+0.957
1611114000,+3.39, +3.247, +0.172,+0.958
1611114060,+3.39, +3.257, +0.171,+0.957
1611114120,+3.39, +3.247, +0.173,+0.958
1611114180,+3.39, +3.278, +0.170,+0.957
1611114240,+3.39, +3.268, +0.171,+0.957
1611114300,+3.39, +3.268, +0.173,+0.957
1611114360,+3.39, +3.247, +0.172,+0.957
1611114420,+3.39, +3.268, +0.171,+0.958
1611114480,+3.39, +3.257, +0.170,+0.957
1611114540,+3.39, +3.268, +0.171,+0.957
1611114600,+3.39, +3.247, +0.173,+0.957
1611114660,+3.39, +3.236, +0.172,+0.957
1611114720,+3.39, +3.278, +0.170,+0.957
1611114780,+3.39, +3.247, +0.172,+0.957
1611114840,+3.39, +3.247, +0.172,+0.957
1611114900,+3.39, +3.320, +0.171,+0.958
1611114960,+3.39, +3.257, +0.172,+0.957
1611115020,+3.39, +3.278, +0.171,+0.957
1611115080,+3.39, +3.247, +0.173,+0.957
1611115140,+3.39, +3.278, +0.170,+0.957
1611115200,+3.39, +3.268, +0.171,+0.957
1611115260,+3.39, +3.278, +0.171,+0.958
1611115320,+3.39, +3.257, +0.172,+0.958
1611115380,+3.39, +3.278, +0.172,+0.958
1611115440,+3.39, +3.247, +0.171,+0.957
1611115500,+3.39, +3.268, +0.170,+0.957
1611115560,+3.39, +3.268, +0.172,+0.958
1611115620,+3.39, +3.268, +0.170,+0.957
1611115680,+3.39, +3.236, +0.171,+0.957
1611115740,+3.39, +3.257, +0.171,+0.957
1611115800,+3.39, +3.247, +0.171,+0.957
1611115860,+3.39, +3.257, +0.172,+0.957
1611115920,+3.39, +3.268, +0.170,+0.957
1611115980,+3.39, +3.257, +0.171,+0.957
1611116040,+3.39, +3.268, +0.171,+0.957
1611116100,+3.39, +3.247, +0.170,+0.957
1611116160,+3.39, +3.257, +0.173,+0.958
1611116220,+3.39, +3.268, +0.170,+0.957
1611116280,+3.39, +3.247, +0.174,+0.957
1611116340,+3.39, +3.268, +0.171,+0.958
1611116400,+3.39, +3.247, +0.173,+0.958
1611116460,+3.39, +3.268, +0.173,+0.958
1611116520,+3.39, +3.236, +0.171,+0.957
1611116580,+3.39, +3.225, +0.172,+0.957
1611116640,+3.39, +3.247, +0.171,+0.957
1611116700,+3.39, +3.225, +0.172,+0.957
1611116760,+3.39, +3.278, +0.171,+0.957
1611116820,+3.39, +3.257, +0.171,+0.957
1611116880,+3.39, +3.268, +0.173,+0.958
1611116940,+3.39, +3.236, +0.172,+0.958
1611117000,+3.39, +3.247, +0.171,+0.958
1611117060,+3.39, +3.215, +0.173,+0.957
1611117120,+3.39, +3.257, +0.172,+0.957
1611117180,+3.39, +3.257, +0.172,+0.957
1611117240,+3.39, +3.299, +0.171,+0.958
1611117300,+3.39, +3.278, +0.171,+0.957
1611117360,+3.39, +3.257, +0.171,+0.957
1611117420,+3.39, +3.268, +0.171,+0.957
1611117480,+3.39, +3.268, +0.171,+0.957
1611117540,+3.39, +3.257, +0.172,+0.957
1611117600,+3.39, +3.257, +0.172,+0.957
1611117660,+3.39, +3.257, +0.172,+0.958
1611117720,+3.39, +3.268, +0.173,+0.958
1611117780,+3.39, +3.225, +0.171,+0.957
1611117840,+3.39, +3.236, +0.171,+0.957
1611117900,+3.39, +3.257, +0.170,+0.957
1611117960,+3.39, +3.257, +0.172,+0.957
1611118020,+3.39, +3.247, +0.173,+0.958
1611118080,+3.39, +3.257, +0.172,+0.958
1611118140,+3.39, +3.247, +0.172,+0.958
1611118200,+3.39, +3.236, +0.173,+0.957
1611118260,+3.39, +3.257, +0.172,+0.958
1611118320,+3.39, +3.268, +0.172,+0.958
1611118380,+3.39, +3.268, +0.171,+0.957
1611118440,+3.39, +3.236, +0.173,+0.957
1611118500,+3.39, +3.247, +0.171,+0.957
1611118560,+3.39, +3.247, +0.170,+0.957
1611118620,+3.39, +3.268, +0.171,+0.957
1611118680,+3.39, +3.257, +0.172,+0.958
1611118740,+3.39, +3.236, +0.172,+0.958
1611118800,+3.39, +3.247, +0.172,+0.957
1611118860,+3.39, +3.236, +0.173,+0.958
1611118920,+3.39, +3.257, +0.171,+0.958
1611118980,+3.39, +3.225, +0.172,+0.957
1611119040,+3.39, +3.268, +0.172,+0.958
1611119100,+3.39, +3.247, +0.172,+0.957
1611119160,+3.39, +3.278, +0.172,+0.958
1611119220,+3.39, +3.268, +0.171,+0.957
1611119280,+3.39, +3.257, +0.171,+0.958
1611119340,+3.39, +3.236, +0.172,+0.957
1611119400,+3.39, +3.236, +0.173,+0.958
1611119460,+3.39, +3.268, +0.171,+0.958
1611119520,+3.39, +3.247, +0.171,+0.957
1611119580,+3.39, +3.247, +0.172,+0.957
1611119640,+3.39, +3.257, +0.172,+0.957
1611119700,+3.39, +3.257, +0.172,+0.958
1611119760,+3.39, +3.247, +0.171,+0.957
1611119820,+3.39, +3.257, +0.172,+0.958
1611119880,+3.39, +3.268, +0.172,+0.958
1611119940,+3.39, +3.257, +0.172,+0.957
1611120000,+3.39, +3.257, +0.171,+0.958
1611120060,+3.39, +3.257, +0.171,+0.957
1611120120,+3.39, +3.257, +0.171,+0.957
1611120180,+3.39, +3.236, +0.171,+0.957
1611120240,+3.39, +3.225, +0.173,+0.957
1611120300,+3.39, +3.257, +0.170,+0.957
1611120360,+3.39, +3.247, +0.171,+0.957
1611120420,+3.39, +3.268, +0.173,+0.958
1611120480,+3.39, +3.268, +0.171,+0.957
1611120540,+3.39, +3.247, +0.171,+0.957
1611120600,+3.39, +3.236, +0.171,+0.957
1611120660,+3.39, +3.225, +0.171,+0.957
1611120720,+3.39, +3.247, +0.170,+0.957
1611120780,+3.39, +3.257, +0.174,+0.958
1611120840,+3.39, +3.268, +0.170,+0.957
1611120900,+3.39, +3.247, +0.173,+0.958
1611120960,+3.39, +3.247, +0.173,+0.958
1611121020,+3.39, +3.257, +0.172,+0.957
1611121080,+3.39, +3.247, +0.173,+0.958
1611121140,+3.39, +3.236, +0.172,+0.957
1611121200,+3.39, +3.236, +0.172,+0.957
1611121260,+3.39, +3.236, +0.172,+0.957
1611121320,+3.39, +3.247, +0.173,+0.957
1611121380,+3.39, +3.257, +0.171,+0.957
1611121440,+3.39, +3.247, +0.172,+0.957
1611121500,+3.39, +3.247, +0.173,+0.958
1611121560,+3.39, +3.268, +0.171,+0.958
1611121620,+3.39, +3.257, +0.171,+0.957
1611121680,+3.39, +3.257, +0.173,+0.958
1611121740,+3.39, +3.257, +0.172,+0.958
1611121800,+3.39, +3.247, +0.172,+0.958
1611121860,+3.39, +3.257, +0.173,+0.958
1611121920,+3.39, +3.257, +0.171,+0.957
1611121980,+3.39, +3.268, +0.171,+0.958
1611122040,+3.39, +3.194, +0.174,+0.957
1611122100,+3.39, +3.247, +0.172,+0.957
1611122160,+3.39, +3.247, +0.171,+0.957
1611122220,+3.39, +3.247, +0.171,+0.957
1611122280,+3.39, +3.236, +0.172,+0.958
1611122340,+3.39, +3.236, +0.172,+0.957
1611122400,+3.39, +3.257, +0.172,+0.958
1611122460,+3.39, +3.236, +0.172,+0.957
1611122520,+3.39, +3.247, +0.170,+0.957
1611122580,+3.39, +3.236, +0.171,+0.958
1611122640,+3.39, +3.247, +0.172,+0.958
1611122700,+3.39, +3.247, +0.171,+0.958
1611122760,+3.39, +3.257, +0.173,+0.958
1611122820,+3.39, +3.257, +0.170,+0.957
1611122880,+3.39, +3.236, +0.170,+0.957
1611122940,+3.39, +3.268, +0.172,+0.958
1611123000,+3.39, +3.236, +0.170,+0.957
1611123060,+3.39, +3.236, +0.171,+0.957
1611123120,+3.39, +3.247, +0.172,+0.957
1611123180,+3.39, +3.247, +0.170,+0.957
1611123240,+3.39, +3.257, +0.172,+0.958
1611123300,+3.39, +3.225, +0.172,+0.958
1611123360,+3.39, +3.215, +0.172,+0.957
1611123420,+3.39, +3.268, +0.173,+0.958
1611123480,+3.39, +3.247, +0.173,+0.957
1611123540,+3.39, +3.236, +0.173,+0.958
1611123600,+3.39, +3.236, +0.172,+0.957
1611123660,+3.39, +3.257, +0.171,+0.957
1611123720,+3.39, +3.257, +0.172,+0.957
1611123780,+3.39, +3.236, +0.171,+0.957
1611123840,+3.39, +3.247, +0.172,+0.957
1611123900,+3.39, +3.257, +0.173,+0.958
1611123960,+3.39, +3.236, +0.171,+0.957
1611124020,+3.39, +3.257, +0.173,+0.958
1611124080,+3.39, +3.268, +0.171,+0.957
1611124140,+3.39, +3.247, +0.172,+0.958
1611124200,+3.39, +3.247, +0.172,+0.958
1611124260,+3.39, +3.247, +0.173,+0.958
1611124320,+3.39, +3.247, +0.172,+0.957
1611124380,+3.39, +3.247, +0.170,+0.957
1611124440,+3.39, +3.204, +0.173,+0.957
1611124500,+3.39, +3.268, +0.169,+0.957
1611124560,+3.39, +3.215, +0.171,+0.957
1611124620,+3.39, +3.257, +0.172,+0.958
1611124680,+3.39, +3.247, +0.171,+0.957
1611124740,+3.39, +3.236, +0.172,+0.957
1611124800,+3.39, +3.278, +0.170,+0.957
1611124860,+3.39, +3.247, +0.172,+0.958
1611124920,+3.39, +3.257, +0.171,+0.957
1611124980,+3.39, +3.257, +0.171,+0.958
1611125040,+3.39, +3.247, +0.171,+0.957
1611125100,+3.39, +3.268, +0.171,+0.957
1611125160,+3.39, +3.236, +0.172,+0.958
1611125220,+3.39, +3.247, +0.171,+0.957
1611125280,+3.39, +3.247, +0.170,+0.957
1611125340,+3.39, +3.247, +0.171,+0.957
1611125400,+3.39, +3.236, +0.172,+0.957
1611125460,+3.39, +3.236, +0.172,+0.957
1611125520,+3.39, +3.236, +0.171,+0.957
1611125580,+3.39, +3.257, +0.172,+0.958
1611125640,+3.39, +3.247, +0.171,+0.957
1611125700,+3.39, +3.247, +0.173,+0.958
1611125760,+3.39, +3.247, +0.171,+0.957
1611125820,+3.39, +3.247, +0.171,+0.957
1611125880,+3.39, +3.236, +0.173,+0.958
1611125940,+3.39, +3.236, +0.171,+0.957
1611126000,+3.39, +3.257, +0.171,+0.957
1611126060,+3.39, +3.236, +0.171,+0.957
1611126120,+3.39, +3.247, +0.172,+0.957
1611126180,+3.39, +3.268, +0.172,+0.958
1611126240,+3.39, +3.257, +0.171,+0.957
1611126300,+3.39, +3.225, +0.172,+0.957
1611126360,+3.39, +3.247, +0.172,+0.958
1611126420,+3.39, +3.247, +0.172,+0.957
1611126480,+3.39, +3.247, +0.170,+0.957
1611126540,+3.39, +3.247, +0.171,+0.958
1611126600,+3.39, +3.247, +0.172,+0.958
1611126660,+3.39, +3.236, +0.171,+0.958
1611126720,+3.39, +3.268, +0.172,+0.958
1611126780,+3.39, +3.236, +0.171,+0.957
1611126840,+3.39, +3.247, +0.171,+0.957
1611126900,+3.39, +3.247, +0.172,+0.957
1611126960,+3.39, +3.257, +0.172,+0.958
1611127020,+3.39, +3.247, +0.172,+0.958
1611127080,+3.39, +3.247, +0.172,+0.958
1611127140,+3.39, +3.236, +0.171,+0.957
1611127200,+3.39, +3.278, +0.170,+0.957
1611127260,+3.39, +3.257, +0.172,+0.957
1611127320,+3.39, +3.236, +0.172,+0.957
1611127380,+3.39, +3.247, +0.171,+0.958
1611127440,+3.39, +3.257, +0.172,+0.958
1611127500,+3.39, +3.257, +0.172,+0.958
1611127560,+3.39, +3.247, +0.171,+0.957
1611127620,+3.39, +3.236, +0.170,+0.957
1611127680,+3.39, +3.236, +0.171,+0.957
1611127740,+3.39, +3.215, +0.172,+0.957
1611127800,+3.39, +3.268, +0.172,+0.958
1611127860,+3.39, +3.257, +0.171,+0.957
1611127920,+3.39, +3.236, +0.173,+0.958
1611127980,+3.39, +3.257, +0.170,+0.957
1611128040,+3.39, +3.247, +0.171,+0.957
1611128100,+3.39, +3.257, +0.172,+0.958
1611128160,+3.39, +3.225, +0.170,+0.957
1611128220,+3.39, +3.215, +0.171,+0.957
1611128280,+3.39, +3.236, +0.171,+0.958
1611128340,+3.39, +3.247, +0.172,+0.958
1611128400,+3.39, +3.247, +0.174,+0.958
1611128460,+3.39, +3.225, +0.171,+0.957
1611128520,+3.39, +3.215, +0.171,+0.957
1611128580,+3.39, +3.236, +0.172,+0.958
1611128640,+3.39, +3.236, +0.173,+0.957
1611128700,+3.39, +3.215, +0.173,+0.958
1611128760,+3.39, +3.247, +0.172,+0.958
1611128820,+3.39, +3.215, +0.174,+0.957
1611128880,+3.39, +3.268, +0.172,+0.958
1611128940,+3.39, +3.236, +0.171,+0.958
1611129000,+3.39, +3.225, +0.172,+0.957
1611129060,+3.39, +3.236, +0.172,+0.958
1611129120,+3.39, +3.236, +0.173,+0.958
1611129180,+3.39, +3.236, +0.172,+0.958
1611129240,+3.39, +3.236, +0.171,+0.957
1611129300,+3.39, +3.247, +0.172,+0.958
1611129360,+3.39, +3.247, +0.171,+0.958
1611129420,+3.39, +3.247, +0.172,+0.958
1611129480,+3.39, +3.225, +0.171,+0.957
1611129540,+3.39, +3.236, +0.173,+0.957
1611129600,+3.39, +3.236, +0.170,+0.957
1611129660,+3.39, +3.236, +0.172,+0.957
1611129720,+3.39, +3.225, +0.172,+0.958
1611129780,+3.39, +3.236, +0.172,+0.958
1611129840,+3.39, +3.236, +0.172,+0.958
1611129900,+3.39, +3.247, +0.171,+0.958
1611129960,+3.39, +3.236, +0.171,+0.957
1611130020,+3.39, +3.236, +0.172,+0.958
1611130080,+3.39, +3.247, +0.171,+0.957
1611130140,+3.39, +3.247, +0.170,+0.957
1611130200,+3.39, +3.225, +0.172,+0.957
1611130260,+3.39, +3.236, +0.172,+0.957
1611130320,+3.39, +3.225, +0.172,+0.957
1611130380,+3.39, +3.257, +0.172,+0.958
1611130440,+3.39, +3.268, +0.172,+0.958
1611130500,+3.39, +3.236, +0.172,+0.958
1611130560,+3.39, +3.225, +0.171,+0.957
1611130620,+3.39, +3.236, +0.171,+0.957
1611130680,+3.39, +3.247, +0.172,+0.958
1611130740,+3.39, +3.225, +0.172,+0.958
1611130800,+3.39, +3.257, +0.173,+0.958
1611130860,+3.39, +3.247, +0.171,+0.958
1611130920,+3.39, +3.236, +0.172,+0.958
1611130980,+3.39, +3.225, +0.173,+0.958
1611131040,+3.39, +3.225, +0.173,+0.958
1611131100,+3.39, +3.225, +0.170,+0.957
1611131160,+3.39, +3.236, +0.171,+0.957
1611131220,+3.39, +3.236, +0.173,+0.958
1611131280,+3.39, +3.236, +0.170,+0.957
1611131340,+3.39, +3.257, +0.170,+0.957
1611131400,+3.39, +3.257, +0.172,+0.958
1611131460,+3.39, +3.247, +0.172,+0.957
1611131520,+3.39, +3.268, +0.170,+0.957
1611131580,+3.39, +3.225, +0.171,+0.958
1611131640,+3.39, +3.236, +0.174,+0.958
1611131700,+3.39, +3.247, +0.171,+0.957
1611131760,+3.39, +3.247, +0.171,+0.958
1611131820,+3.39, +3.257, +0.172,+0.958
1611131880,+3.39, +3.236, +0.172,+0.958
1611131940,+3.39, +3.225, +0.171,+0.957
1611132000,+3.39, +3.236, +0.173,+0.957
1611132060,+3.39, +3.247, +0.172,+0.957
1611132120,+3.39, +3.225, +0.170,+0.957
1611132180,+3.39, +3.225, +0.173,+0.957
1611132240,+3.39, +3.278, +0.171,+0.958
1611132300,+3.39, +3.247, +0.170,+0.957
1611132360,+3.39, +3.257, +0.170,+0.957
1611132420,+3.39, +3.247, +0.173,+0.958
1611132480,+3.39, +3.247, +0.170,+0.958
1611132540,+3.39, +3.236, +0.171,+0.957
1611132600,+3.39, +3.247, +0.172,+0.958
1611132660,+3.39, +3.225, +0.171,+0.957
1611132720,+3.39, +3.247, +0.173,+0.958
1611132780,+3.39, +3.215, +0.172,+0.957
1611132840,+3.39, +3.225, +0.172,+0.957
1611132900,+3.39, +3.236, +0.172,+0.957
1611132960,+3.39, +3.236, +0.171,+0.957
1611133020,+3.39, +3.215, +0.171,+0.957
1611133080,+3.39, +3.225, +0.171,+0.957
1611133140,+3.39, +3.236, +0.172,+0.958
1611133200,+3.39, +3.247, +0.171,+0.957
1611133260,+3.39, +3.236, +0.172,+0.957
1611133320,+3.39, +3.236, +0.173,+0.958
1611133380,+3.39, +3.236, +0.172,+0.957
1611133440,+3.39, +3.225, +0.172,+0.957
1611133500,+3.39, +3.247, +0.172,+0.958
1611133560,+3.39, +3.225, +0.171,+0.957
1611133620,+3.39, +3.204, +0.172,+0.957
1611133680,+3.39, +3.247, +0.172,+0.958
1611133740,+3.39, +3.194, +0.174,+0.958
1611133800,+3.39, +3.215, +0.172,+0.957
1611133860,+3.39, +3.215, +0.172,+0.957
1611133920,+3.39, +3.247, +0.170,+0.957
1611133980,+3.39, +3.257, +0.170,+0.958
1611134040,+3.39, +3.236, +0.171,+0.957
1611134100,+3.39, +3.236, +0.173,+0.958
1611134160,+3.39, +3.247, +0.173,+0.958
1611134220,+3.39, +3.225, +0.173,+0.958
1611134280,+3.39, +3.236, +0.171,+0.957
1611134340,+3.39, +3.236, +0.172,+0.957
1611134400,+3.39, +3.247, +0.170,+0.957
1611134460,+3.39, +3.225, +0.171,+0.957
1611134520,+3.39, +3.225, +0.172,+0.957
1611134580,+3.39, +3.225, +0.172,+0.957
1611134640,+3.39, +3.247, +0.172,+0.957
1611134700,+3.39, +3.247, +0.172,+0.958
1611134760,+3.39, +3.247, +0.173,+0.958
1611134820,+3.39, +3.236, +0.172,+0.957
1611134880,+3.39, +3.194, +0.173,+0.957
1611134940,+3.39, +3.225, +0.170,+0.957
1611135000,+3.39, +3.215, +0.172,+0.957
1611135060,+3.39, +3.236, +0.173,+0.957
1611135120,+3.39, +3.204, +0.174,+0.957
1611135180,+3.39, +3.225, +0.173,+0.958
1611135240,+3.39, +3.215, +0.173,+0.958
1611135300,+3.39, +3.215, +0.172,+0.957
1611135360,+3.39, +3.204, +0.172,+0.958
1611135420,+3.39, +3.257, +0.171,+0.957
1611135480,+3.39, +3.225, +0.172,+0.958
1611135540,+3.39, +3.247, +0.172,+0.958
1611135600,+3.39, +3.225, +0.173,+0.957
1611135660,+3.39, +3.236, +0.171,+0.957
1611135720,+3.39, +3.215, +0.172,+0.957
1611135780,+3.39, +3.225, +0.172,+0.958
1611135840,+3.39, +3.215, +0.173,+0.958
1611135900,+3.39, +3.204, +0.174,+0.957
1611135960,+3.39, +3.236, +0.170,+0.957
1611136020,+3.39, +3.236, +0.172,+0.958
1611136080,+3.39, +3.257, +0.172,+0.958
1611136140,+3.39, +3.225, +0.172,+0.957
1611136200,+3.39, +3.247, +0.171,+0.958
1611136260,+3.39, +3.236, +0.171,+0.957
1611136320,+3.39, +3.215, +0.171,+0.957
1611136380,+3.39, +3.225, +0.171,+0.957
1611136440,+3.39, +3.247, +0.171,+0.957
1611136500,+3.39, +3.236, +0.172,+0.957
1611136560,+3.39, +3.225, +0.173,+0.957
1611136620,+3.39, +3.236, +0.171,+0.957
1611136680,+3.39, +3.215, +0.172,+0.957
1611136740,+3.39, +3.225, +0.172,+0.958
1611136800,+3.39, +3.215, +0.173,+0.958
1611136860,+3.39, +3.215, +0.172,+0.957
1611136920,+3.39, +3.215, +0.172,+0.957
1611136980,+3.39, +3.225, +0.171,+0.957
1611137040,+3.39, +3.225, +0.171,+0.957
1611137100,+3.39, +3.236, +0.172,+0.958
1611137160,+3.39, +3.236, +0.172,+0.957
1611137220,+3.39, +3.236, +0.170,+0.957
1611137280,+3.39, +3.194, +0.172,+0.957
1611137340,+3.39, +3.236, +0.171,+0.957
1611137400,+3.39, +3.204, +0.173,+0.958
1611137460,+3.39, +3.215, +0.172,+0.957
1611137520,+3.39, +3.236, +0.170,+0.958
1611137580,+3.39, +3.225, +0.173,+0.957
1611137640,+3.39, +3.225, +0.171,+0.957
1611137700,+3.39, +3.236, +0.173,+0.958
1611137760,+3.39, +3.236, +0.172,+0.957
1611137820,+3.39, +3.225, +0.170,+0.957
1611137880,+3.39, +3.236, +0.171,+0.957
1611137940,+3.39, +3.225, +0.171,+0.957
1611138000,+3.39, +3.236, +0.172,+0.957
1611138060,+3.39, +3.225, +0.172,+0.958
1611138120,+3.39, +3.204, +0.173,+0.957
1611138180,+3.39, +3.257, +0.171,+0.957
1611138240,+3.39, +3.236, +0.171,+0.957
1611138300,+3.39, +3.204, +0.173,+0.957
1611138360,+3.39, +3.204, +0.172,+0.957
1611138420,+3.39, +3.236, +0.170,+0.957
1611138480,+3.39, +3.236, +0.170,+0.957
1611138540,+3.39, +3.236, +0.172,+0.957
1611138600,+3.39, +3.225, +0.170,+0.957
1611138660,+3.39, +3.236, +0.172,+0.957
1611138720,+3.39, +3.236, +0.171,+0.957
1611138780,+3.39, +3.257, +0.172,+0.958
1611138840,+3.39, +3.225, +0.172,+0.957
1611138900,+3.39, +3.236, +0.173,+0.957
1611138960,+3.39, +3.247, +0.173,+0.958
1611139020,+3.39, +3.236, +0.172,+0.958
1611139080,+3.39, +3.215, +0.171,+0.957
1611139140,+3.39, +3.225, +0.173,+0.957
1611139200,+3.39, +3.225, +0.171,+0.958
1611139260,+3.39, +3.225, +0.173,+0.957
1611139320,+3.39, +3.225, +0.173,+0.958
1611139380,+3.39, +3.236, +0.172,+0.958
1611139440,+3.39, +3.225, +0.172,+0.957
1611139500,+3.39, +3.247, +0.172,+0.957
1611139560,+3.39, +3.257, +0.170,+0.957
1611139620,+3.39, +3.225, +0.173,+0.958
1611139680,+3.39, +3.236, +0.171,+0.957
1611139740,+3.39, +3.247, +0.172,+0.957
1611139800,+3.39, +3.225, +0.170,+0.957
1611139860,+3.39, +3.225, +0.171,+0.957
1611139920,+3.39, +3.247, +0.173,+0.957
1611139980,+3.39, +3.215, +0.173,+0.958
1611140040,+3.39, +3.225, +0.170,+0.957
1611140100,+3.39, +3.236, +0.170,+0.957
1611140160,+3.39, +3.236, +0.171,+0.957
1611140220,+3.39, +3.236, +0.170,+0.957
1611140280,+3.39, +3.257, +0.171,+0.958
1611140340,+3.39, +3.236, +0.171,+0.957
1611140400,+3.39, +3.236, +0.172,+0.958
1611140460,+3.39, +3.225, +0.172,+0.958
1611140520,+3.39, +3.236, +0.172,+0.958
1611140580,+3.39, +3.215, +0.174,+0.958
1611140640,+3.39, +3.225, +0.171,+0.958
1611140700,+3.39, +3.236, +0.174,+0.958
1611140760,+3.39, +3.215, +0.171,+0.957
1611140820,+3.39, +3.247, +0.170,+0.957
1611140880,+3.39, +3.247, +0.173,+0.958
1611140940,+3.39, +3.247, +0.172,+0.958
1611141000,+3.39, +3.225, +0.172,+0.958
1611141060,+3.39, +3.247, +0.171,+0.958
1611141120,+3.39, +3.247, +0.170,+0.957
1611141180,+3.39, +3.236, +0.172,+0.958
1611141240,+3.39, +3.204, +0.172,+0.957
1611141300,+3.39, +3.225, +0.172,+0.958
1611141360,+3.39, +3.236, +0.173,+0.958
1611141420,+3.39, +3.247, +0.171,+0.958
1611141480,+3.39, +3.225, +0.171,+0.957
1611141540,+3.39, +3.247, +0.171,+0.957
1611141600,+3.39, +3.194, +0.172,+0.957
1611141660,+3.39, +3.225, +0.173,+0.958
1611141720,+3.39, +3.225, +0.169,+0.957
1611141780,+3.39, +3.236, +0.173,+0.958
1611141840,+3.39, +3.204, +0.173,+0.957
1611141900,+3.39, +3.215, +0.171,+0.957
1611141960,+3.39, +3.204, +0.173,+0.958
1611142020,+3.39, +3.215, +0.173,+0.958
1611142080,+3.39, +3.204, +0.172,+0.957
1611142140,+3.39, +3.215, +0.173,+0.957
1611142200,+3.39, +3.236, +0.171,+0.958
1611142260,+3.39, +3.236, +0.170,+0.958
1611142320,+3.39, +3.247, +0.172,+0.958
1611142380,+3.39, +3.225, +0.172,+0.958
1611142440,+3.39, +3.225, +0.172,+0.958
1611142500,+3.39, +3.215, +0.171,+0.957
1611142560,+3.39, +3.204, +0.171,+0.957
1611142620,+3.39, +3.236, +0.172,+0.958
1611142680,+3.39, +3.247, +0.172,+0.958
1611142740,+3.39, +3.225, +0.171,+0.957
1611142800,+3.39, +3.225, +0.172,+0.958
1611142860,+3.39, +3.225, +0.172,+0.957
1611142920,+3.39, +3.215, +0.173,+0.958
1611142980,+3.39, +3.225, +0.172,+0.958
1611143040,+3.39, +3.236, +0.172,+0.958
1611143100,+3.39, +3.236, +0.170,+0.958
1611143160,+3.39, +3.225, +0.172,+0.957
1611143220,+3.39, +3.225, +0.174,+0.958
1611143280,+3.39, +3.215, +0.172,+0.958
1611143340,+3.39, +3.215, +0.171,+0.957
1611143400,+3.39, +3.225, +0.172,+0.957
1611143460,+3.39, +3.236, +0.172,+0.958
1611143520,+3.39, +3.247, +0.172,+0.958
1611143580,+3.39, +3.215, +0.173,+0.958
1611143640,+3.39, +3.225, +0.171,+0.958
1611143700,+3.39, +3.204, +0.171,+0.957
1611143760,+3.39, +3.215, +0.173,+0.958
1611143820,+3.39, +3.225, +0.173,+0.958
1611143880,+3.39, +3.225, +0.171,+0.958
1611143940,+3.39, +3.225, +0.171,+0.958
1611144000,+3.39, +3.225, +0.171,+0.958
1611144060,+3.39, +3.204, +0.172,+0.957
1611144120,+3.39, +3.204, +0.173,+0.957
1611144180,+3.39, +3.225, +0.171,+0.958
1611144240,+3.39, +3.225, +0.170,+0.957
1611144300,+3.39, +3.215, +0.173,+0.957
1611144360,+3.39, +3.204, +0.173,+0.958
1611144420,+3.39, +3.183, +0.172,+0.957
1611144480,+3.39, +3.204, +0.173,+0.958
1611144540,+3.39, +3.215, +0.172,+0.958
1611144600,+3.39, +3.204, +0.172,+0.958
1611144660,+3.39, +3.225, +0.173,+0.957
1611144720,+3.39, +3.215, +0.172,+0.958
1611144780,+3.39, +3.194, +0.172,+0.958
1611144840,+3.39, +3.194, +0.172,+0.957
1611144900,+3.39, +3.236, +0.171,+0.957
1611144960,+3.39, +3.236, +0.172,+0.958
1611145020,+3.39, +3.215, +0.171,+0.957
1611145080,+3.39, +3.225, +0.171,+0.958
1611145140,+3.39, +3.236, +0.172,+0.958
1611145200,+3.39, +3.225, +0.172,+0.958
1611145260,+3.39, +3.225, +0.172,+0.958
1611145320,+3.39, +3.225, +0.172,+0.958
1611145380,+3.39, +3.257, +0.171,+0.958
1611145440,+3.39, +3.215, +0.171,+0.958
1611145500,+3.39, +3.215, +0.171,+0.957
1611145560,+3.39, +3.215, +0.171,+0.958
1611145620,+3.39, +3.215, +0.174,+0.958
1611145680,+3.39, +3.215, +0.171,+0.957
1611145740,+3.39, +3.215, +0.172,+0.957
1611145800,+3.39, +3.215, +0.172,+0.958
1611145860,+3.39, +3.225, +0.171,+0.957
1611145920,+3.39, +3.215, +0.171,+0.958
1611145980,+3.39, +3.215, +0.173,+0.957
1611146040,+3.39, +3.225, +0.172,+0.958
1611146100,+3.39, +3.215, +0.171,+0.957
1611146160,+3.39, +3.215, +0.174,+0.958
1611146220,+3.39, +3.215, +0.172,+0.958
1611146280,+3.39, +3.204, +0.174,+0.958
1611146340,+3.39, +3.215, +0.170,+0.957
1611146400,+3.39, +3.215, +0.173,+0.958
1611146460,+3.39, +3.215, +0.172,+0.958
1611146520,+3.39, +3.225, +0.172,+0.958
1611146580,+3.39, +3.215, +0.172,+0.958
1611146640,+3.39, +3.236, +0.172,+0.958
1611146700,+3.39, +3.194, +0.173,+0.958
1611146760,+3.39, +3.204, +0.172,+0.958
1611146820,+3.39, +3.215, +0.172,+0.958
1611146880,+3.39, +3.215, +0.171,+0.957
1611146940,+3.39, +3.225, +0.172,+0.958
1611147000,+3.39, +3.225, +0.170,+0.957
1611147060,+3.39, +3.215, +0.171,+0.958
1611147120,+3.39, +3.236, +0.171,+0.958
1611147180,+3.39, +3.204, +0.171,+0.957
1611147240,+3.39, +3.204, +0.173,+0.958
1611147300,+3.39, +3.215, +0.172,+0.958
1611147360,+3.39, +3.225, +0.172,+0.958
1611147420,+3.39, +3.204, +0.172,+0.957
1611147480,+3.39, +3.194, +0.172,+0.957
1611147540,+3.39, +3.204, +0.172,+0.957
1611147600,+3.39, +3.225, +0.172,+0.958
1611147660,+3.39, +3.215, +0.174,+0.958
1611147720,+3.39, +3.225, +0.172,+0.958
1611147780,+3.39, +3.215, +0.174,+0.958
1611147840,+3.39, +3.225, +0.173,+0.958
1611147900,+3.39, +3.215, +0.170,+0.957
1611147960,+3.39, +3.204, +0.172,+0.957
1611148020,+3.39, +3.215, +0.173,+0.958
1611148080,+3.39, +3.225, +0.171,+0.957
1611148140,+3.39, +3.215, +0.171,+0.957
1611148200,+3.39, +3.215, +0.171,+0.957
1611148260,+3.39, +3.236, +0.171,+0.958
1611148320,+3.39, +3.215, +0.171,+0.958
1611148380,+3.39, +3.194, +0.172,+0.958
1611148440,+3.39, +3.215, +0.172,+0.957
1611148500,+3.39, +3.215, +0.172,+0.958
1611148560,+3.39, +3.236, +0.172,+0.957
1611148620,+3.39, +3.215, +0.172,+0.958
1611148680,+3.39, +3.225, +0.171,+0.957
1611148740,+3.39, +3.225, +0.170,+0.957
1611148800,+3.39, +3.236, +0.172,+0.958
1611148860,+3.39, +3.225, +0.174,+0.958
1611148920,+3.39, +3.215, +0.172,+0.958
1611148980,+3.39, +3.204, +0.173,+0.958
1611149040,+3.39, +3.215, +0.171,+0.957
1611149100,+3.39, +3.225, +0.171,+0.957
1611149160,+3.39, +3.236, +0.171,+0.958
1611149220,+3.39, +3.236, +0.171,+0.957
1611149280,+3.39, +3.215, +0.171,+0.958
1611149340,+3.39, +3.236, +0.173,+0.958
1611149400,+3.39, +3.204, +0.172,+0.957
1611149460,+3.39, +3.204, +0.171,+0.957
1611149520,+3.39, +3.215, +0.171,+0.958
1611149580,+3.39, +3.225, +0.172,+0.958
1611149640,+3.39, +3.247, +0.171,+0.958
1611149700,+3.39, +3.236, +0.170,+0.957
1611149760,+3.39, +3.204, +0.171,+0.957
1611149820,+3.39, +3.225, +0.170,+0.957
1611149880,+3.39, +3.236, +0.172,+0.958
1611149940,+3.39, +3.215, +0.172,+0.958
1611150000,+3.39, +3.215, +0.171,+0.958
1611150060,+3.39, +3.225, +0.172,+0.958
1611150120,+3.39, +3.236, +0.171,+0.957
1611150180,+3.39, +3.215, +0.173,+0.957
1611150240,+3.39, +3.215, +0.171,+0.957
1611150300,+3.39, +3.215, +0.172,+0.957
1611150360,+3.39, +3.215, +0.171,+0.957
1611150420,+3.39, +3.225, +0.171,+0.957
1611150480,+3.39, +3.236, +0.170,+0.957
1611150540,+3.39, +3.215, +0.172,+0.957
1611150600,+3.39, +3.236, +0.173,+0.958
1611150660,+3.39, +3.225, +0.172,+0.957
1611150720,+3.39, +3.204, +0.172,+0.957
1611150780,+3.39, +3.225, +0.172,+0.958
1611150840,+3.39, +3.225, +0.172,+0.958
1611150900,+3.39, +3.204, +0.172,+0.957
1611150960,+3.39, +3.194, +0.172,+0.957
1611151020,+3.39, +3.204, +0.171,+0.957
1611151080,+3.39, +3.215, +0.173,+0.958
1611151140,+3.39, +3.215, +0.172,+0.957
1611151200,+3.39, +3.236, +0.172,+0.957
1611151260,+3.39, +3.225, +0.174,+0.958
1611151320,+3.39, +3.194, +0.172,+0.957
1611151380,+3.39, +3.204, +0.173,+0.958
1611151440,+3.39, +3.215, +0.173,+0.958
1611151500,+3.39, +3.215, +0.172,+0.957
1611151560,+3.39, +3.225, +0.172,+0.958
1611151620,+3.39, +3.236, +0.171,+0.957
1611151680,+3.39, +3.215, +0.172,+0.957
1611151740,+3.39, +3.204, +0.173,+0.958
1611151800,+3.39, +3.215, +0.172,+0.957
1611151860,+3.39, +3.215, +0.173,+0.958
1611151920,+3.39, +3.225, +0.172,+0.957
1611151980,+3.39, +3.225, +0.173,+0.958
1611152040,+3.39, +3.236, +0.173,+0.958
1611152100,+3.39, +3.204, +0.174,+0.958
1611152160,+3.39, +3.204, +0.174,+0.958
1611152220,+3.39, +3.236, +0.172,+0.958
1611152280,+3.39, +3.236, +0.172,+0.958
1611152340,+3.39, +3.225, +0.173,+0.958
1611152400,+3.39, +3.236, +0.173,+0.958
1611152460,+3.39, +3.225, +0.174,+0.958
1611152520,+3.39, +3.247, +0.171,+0.958
1611152580,+3.39, +3.215, +0.172,+0.957
1611152640,+3.39, +3.225, +0.171,+0.957
1611152700,+3.39, +3.204, +0.172,+0.958
1611152760,+3.39, +3.204, +0.173,+0.957
1611152820,+3.39, +3.183, +0.172,+0.957
1611152880,+3.39, +3.215, +0.173,+0.958
1611152940,+3.39, +3.225, +0.173,+0.958
1611153000,+3.39, +3.215, +0.172,+0.958
1611153060,+3.39, +3.204, +0.171,+0.958
1611153120,+3.39, +3.236, +0.172,+0.958
1611153180,+3.39, +3.225, +0.172,+0.957
1611153240,+3.39, +3.215, +0.172,+0.957
1611153300,+3.39, +3.204, +0.172,+0.958
1611153360,+3.39, +3.236, +0.172,+0.958
1611153420,+3.39, +3.225, +0.172,+0.958
1611153480,+3.39, +3.204, +0.171,+0.958
1611153540,+3.39, +3.225, +0.172,+0.958
1611153600,+3.39, +3.225, +0.171,+0.957
1611153660,+3.39, +3.236, +0.173,+0.958
1611153720,+3.39, +3.215, +0.172,+0.957
1611153780,+3.39, +3.225, +0.171,+0.958
1611153840,+3.39, +3.247, +0.172,+0.958
1611153900,+3.39, +3.204, +0.172,+0.957
1611153960,+3.39, +3.236, +0.172,+0.958
1611154020,+3.39, +3.215, +0.171,+0.958
1611154080,+3.39, +3.225, +0.171,+0.958
1611154140,+3.39, +3.215, +0.173,+0.958
1611154200,+3.39, +3.225, +0.172,+0.958
1611154260,+3.39, +3.215, +0.172,+0.958
1611154320,+3.39, +3.236, +0.171,+0.958
1611154380,+3.39, +3.225, +0.173,+0.958
1611154440,+3.39, +3.225, +0.171,+0.957
1611154500,+3.39, +3.247, +0.170,+0.957
1611154560,+3.39, +3.257, +0.169,+0.957
1611154620,+3.39, +3.215, +0.174,+0.958
1611154680,+3.39, +3.236, +0.170,+0.957
1611154740,+3.39, +3.236, +0.169,+0.957
1611154800,+3.39, +3.215, +0.172,+0.957
1611154860,+3.39, +3.247, +0.171,+0.958
1611154920,+3.39, +3.236, +0.171,+0.957
1611154980,+3.39, +3.236, +0.171,+0.957
1611155040,+3.39, +3.204, +0.173,+0.957
1611155100,+3.39, +3.236, +0.173,+0.958
1611155160,+3.39, +3.225, +0.173,+0.958
1611155220,+3.39, +3.236, +0.171,+0.957
1611155280,+3.39, +3.236, +0.171,+0.957
1611155340,+3.39, +3.225, +0.171,+0.957
1611155400,+3.39, +3.225, +0.172,+0.958
1611155460,+3.39, +3.236, +0.172,+0.958
1611155520,+3.39, +3.236, +0.170,+0.957
1611155580,+3.39, +3.278, +0.172,+0.958
1611155640,+3.39, +3.225, +0.172,+0.957
1611155700,+3.39, +3.236, +0.171,+0.958
1611155760,+3.39, +3.257, +0.172,+0.958
1611155820,+3.39, +3.257, +0.169,+0.957
1611155880,+3.39, +3.215, +0.171,+0.957
1611155940,+3.39, +3.257, +0.171,+0.958
1611156000,+3.39, +3.236, +0.173,+0.957
1611156060,+3.39, +3.236, +0.172,+0.958
1611156120,+3.39, +3.204, +0.172,+0.957
1611156180,+3.39, +3.257, +0.170,+0.957
1611156240,+3.39, +3.236, +0.172,+0.958
1611156300,+3.39, +3.236, +0.172,+0.958
1611156360,+3.39, +3.225, +0.172,+0.957
1611156420,+3.39, +3.236, +0.170,+0.957
1611156480,+3.39, +3.215, +0.171,+0.957
1611156540,+3.39, +3.215, +0.173,+0.958
1611156600,+3.39, +3.225, +0.172,+0.957
1611156660,+3.39, +3.225, +0.171,+0.957
1611156720,+3.39, +3.236, +0.172,+0.957
1611156780,+3.39, +3.247, +0.173,+0.958
1611156840,+3.39, +3.257, +0.170,+0.958
1611156900,+3.39, +3.257, +0.172,+0.957
1611156960,+3.39, +3.247, +0.172,+0.957
1611157020,+3.39, +3.225, +0.171,+0.957
1611157080,+3.39, +3.247, +0.172,+0.957
1611157140,+3.39, +3.236, +0.172,+0.957
1611157200,+3.39, +3.236, +0.172,+0.957
1611157260,+3.39, +3.236, +0.171,+0.957
1611157320,+3.39, +3.257, +0.171,+0.957
1611157380,+3.39, +3.257, +0.171,+0.957
1611157440,+3.39, +3.225, +0.173,+0.957
1611157500,+3.39, +3.204, +0.171,+0.957
1611157560,+3.39, +3.225, +0.171,+0.957
1611157620,+3.39, +3.236, +0.172,+0.958
1611157680,+3.39, +3.236, +0.171,+0.957
1611157740,+3.39, +3.236, +0.172,+0.958
1611157800,+3.39, +3.236, +0.171,+0.957
1611157860,+3.39, +3.257, +0.172,+0.958
1611157920,+3.39, +3.247, +0.171,+0.957
1611157980,+3.39, +3.225, +0.173,+0.957
1611158040,+3.39, +3.236, +0.171,+0.958
1611158100,+3.39, +3.236, +0.172,+0.958
1611158160,+3.39, +3.257, +0.170,+0.958
1611158220,+3.39, +3.257, +0.171,+0.957
1611158280,+3.39, +3.247, +0.172,+0.958
1611158340,+3.39, +3.225, +0.173,+0.957
1611158400,+3.39, +3.215, +0.172,+0.957
1611158460,+3.39, +3.236, +0.172,+0.957
1611158520,+3.39, +3.236, +0.173,+0.957
1611158580,+3.39, +3.225, +0.172,+0.957
1611158640,+3.39, +3.268, +0.171,+0.957
1611158700,+3.39, +3.236, +0.171,+0.957
1611158760,+3.39, +3.225, +0.172,+0.957
1611158820,+3.39, +3.247, +0.172,+0.958
1611158880,+3.39, +3.236, +0.172,+0.957
1611158940,+3.39, +3.257, +0.172,+0.958
1611159000,+3.39, +3.204, +0.172,+0.957
1611159060,+3.39, +3.268, +0.172,+0.958
1611159120,+3.39, +3.247, +0.173,+0.958
1611159180,+3.39, +3.247, +0.171,+0.957
1611159240,+3.39, +3.236, +0.171,+0.957
1611159300,+3.39, +3.236, +0.171,+0.957
1611159360,+3.39, +3.236, +0.171,+0.958
1611159420,+3.39, +3.236, +0.172,+0.957
1611159480,+3.39, +3.247, +0.171,+0.957
1611159540,+3.39, +3.257, +0.172,+0.958
1611159600,+3.39, +3.215, +0.172,+0.957
1611159660,+3.39, +3.236, +0.172,+0.957
1611159720,+3.39, +3.215, +0.173,+0.957
1611159780,+3.39, +3.257, +0.172,+0.957
1611159840,+3.39, +3.247, +0.172,+0.958
1611159900,+3.39, +3.236, +0.172,+0.957
1611159960,+3.39, +3.225, +0.172,+0.957
1611160020,+3.39, +3.247, +0.170,+0.957
1611160080,+3.39, +3.236, +0.172,+0.957
1611160140,+3.39, +3.236, +0.172,+0.957
1611160200,+3.39, +3.247, +0.172,+0.958
1611160260,+3.39, +3.236, +0.172,+0.958
1611160320,+3.39, +3.236, +0.170,+0.957
1611160380,+3.39, +3.257, +0.171,+0.957
1611160440,+3.39, +3.247, +0.171,+0.957
1611160500,+3.39, +3.225, +0.171,+0.957
1611160560,+3.39, +3.236, +0.172,+0.958
1611160620,+3.39, +3.247, +0.173,+0.957
1611160680,+3.39, +3.247, +0.170,+0.957
1611160740,+3.39, +3.257, +0.171,+0.958
1611160800,+3.39, +3.257, +0.170,+0.957
