7392-570653
OS REV: 1.11 Sensor Cal: 1428445788
Time (sec),  BV (Volts),  T (deg C),  DO (mg/l),  Q ()
1609692060,+3.39, +3.562, +0.169,+0.957
1609692120,+3.39, +3.562, +0.170,+0.957
1609692180,+3.39, +3.541, +0.170,+0.957
1609692240,+3.39, +3.531, +0.171,+0.957
1609692300,+3.39, +3.562, +0.169,+0.957
1609692360,+3.39, +3.541, +0.169,+0.957
1609692420,+3.39, +3.552, +0.168,+0.957
1609692480,+3.39, +3.552, +0.169,+0.957
1609692540,+3.39, +3.552, +0.169,+0.957
1609692600,+3.39, +3.552, +0.168,+0.957
1609692660,+3.39, +3.552, +0.169,+0.957
1609692720,+3.39, +3.552, +0.168,+0.957
1609692780,+3.39, +3.541, +0.170,+0.957
1609692840,+3.39, +3.552, +0.170,+0.957
1609692900,+3.39, +3.531, +0.169,+0.957
1609692960,+3.39, +3.552, +0.168,+0.957
1609693020,+3.39, +3.562, +0.169,+0.957
1609693080,+3.39, +3.562, +0.170,+0.957
1609693140,+3.39, +3.573, +0.169,+0.957
1609693200,+3.39, +3.562, +0.168,+0.957
1609693260,+3.39, +3.531, +0.168,+0.957
1609693320,+3.39, +3.573, +0.170,+0.957
1609693380,+3.39, +3.573, +0.170,+0.957
1609693440,+3.39, +3.573, +0.171,+0.957
1609693500,+3.39, +3.562, +0.169,+0.957
1609693560,+3.39, +3.573, +0.169,+0.957
1609693620,+3.39, +3.562, +0.170,+0.957
1609693680,+3.39, +3.541, +0.169,+0.957
1609693740,+3.39, +3.562, +0.170,+0.957
1609693800,+3.39, +3.552, +0.171,+0.957
1609693860,+3.39, +3.562, +0.170,+0.957
1609693920,+3.39, +3.562, +0.169,+0.957
1609693980,+3.39, +3.562, +0.169,+0.957
1609694040,+3.39, +3.573, +0.168,+0.957
1609694100,+3.39, +3.552, +0.170,+0.957
1609694160,+3.39, +3.541, +0.170,+0.957
1609694220,+3.39, +3.562, +0.169,+0.957
1609694280,+3.39, +3.562, +0.169,+0.957
1609694340,+3.39, +3.552, +0.169,+0.957
1609694400,+3.39, +3.562, +0.170,+0.957
1609694460,+3.39, +3.541, +0.169,+0.957
1609694520,+3.39, +3.552, +0.170,+0.957
1609694580,+3.39, +3.562, +0.167,+0.957
1609694640,+3.39, +3.573, +0.169,+0.957
1609694700,+3.39, +3.562, +0.169,+0.957
1609694760,+3.39, +3.531, +0.170,+0.957
1609694820,+3.39, +3.562, +0.169,+0.957
1609694880,+3.39, +3.531, +0.170,+0.957
1609694940,+3.39, +3.552, +0.169,+0.957
1609695000,+3.39, +3.583, +0.168,+0.957
1609695060,+3.39, +3.562, +0.168,+0.957
1609695120,+3.39, +3.531, +0.170,+0.957
1609695180,+3.39, +3.573, +0.168,+0.957
1609695240,+3.39, +3.499, +0.169,+0.957
1609695300,+3.39, +3.562, +0.170,+0.957
1609695360,+3.39, +3.562, +0.171,+0.957
1609695420,+3.39, +3.552, +0.169,+0.957
1609695480,+3.39, +3.552, +0.170,+0.957
1609695540,+3.39, +3.573, +0.169,+0.957
1609695600,+3.39, +3.562, +0.169,+0.957
1609695660,+3.39, +3.552, +0.169,+0.957
1609695720,+3.39, +3.552, +0.169,+0.957
1609695780,+3.39, +3.562, +0.169,+0.957
1609695840,+3.39, +3.552, +0.170,+0.957
1609695900,+3.39, +3.541, +0.169,+0.957
1609695960,+3.39, +3.562, +0.169,+0.957
1609696020,+3.39, +3.541, +0.171,+0.957
1609696080,+3.39, +3.594, +0.169,+0.957
1609696140,+3.39, +3.562, +0.169,+0.957
1609696200,+3.39, +3.562, +0.168,+0.957
1609696260,+3.39, +3.520, +0.170,+0.957
1609696320,+3.39, +3.594, +0.169,+0.957
1609696380,+3.39, +3.573, +0.169,+0.957
1609696440,+3.39, +3.562, +0.169,+0.957
1609696500,+3.39, +3.531, +0.169,+0.957
1609696560,+3.39, +3.552, +0.169,+0.957
1609696620,+3.39, +3.531, +0.170,+0.957
1609696680,+3.39, +3.562, +0.168,+0.957
1609696740,+3.39, +3.552, +0.169,+0.957
1609696800,+3.39, +3.562, +0.169,+0.957
1609696860,+3.39, +3.531, +0.169,+0.957
1609696920,+3.39, +3.552, +0.169,+0.957
1609696980,+3.39, +3.583, +0.167,+0.957
1609697040,+3.39, +3.562, +0.169,+0.957
1609697100,+3.39, +3.573, +0.169,+0.957
1609697160,+3.39, +3.562, +0.171,+0.957
1609697220,+3.39, +3.562, +0.170,+0.957
1609697280,+3.39, +3.541, +0.171,+0.957
1609697340,+3.39, +3.541, +0.170,+0.957
1609697400,+3.39, +3.562, +0.169,+0.957
1609697460,+3.39, +3.562, +0.170,+0.957
1609697520,+3.39, +3.552, +0.169,+0.957
1609697580,+3.39, +3.552, +0.169,+0.957
1609697640,+3.39, +3.573, +0.170,+0.957
1609697700,+3.39, +3.573, +0.170,+0.957
1609697760,+3.39, +3.573, +0.169,+0.957
1609697820,+3.39, +3.583, +0.170,+0.957
1609697880,+3.39, +3.552, +0.170,+0.957
1609697940,+3.39, +3.562, +0.171,+0.957
1609698000,+3.39, +3.562, +0.169,+0.957
1609698060,+3.39, +3.520, +0.170,+0.957
1609698120,+3.39, +3.552, +0.168,+0.957
1609698180,+3.39, +3.541, +0.168,+0.957
1609698240,+3.39, +3.552, +0.168,+0.957
1609698300,+3.39, +3.541, +0.168,+0.957
1609698360,+3.39, +3.562, +0.168,+0.957
1609698420,+3.39, +3.541, +0.170,+0.957
1609698480,+3.39, +3.594, +0.168,+0.957
1609698540,+3.39, +3.562, +0.169,+0.957
1609698600,+3.39, +3.552, +0.168,+0.956
1609698660,+3.39, +3.573, +0.169,+0.957
1609698720,+3.39, +3.541, +0.170,+0.957
1609698780,+3.39, +3.562, +0.170,+0.957
1609698840,+3.39, +3.541, +0.170,+0.957
1609698900,+3.39, +3.541, +0.167,+0.957
1609698960,+3.39, +3.573, +0.169,+0.957
1609699020,+3.39, +3.562, +0.170,+0.957
1609699080,+3.39, +3.552, +0.170,+0.957
1609699140,+3.39, +3.562, +0.168,+0.957
1609699200,+3.39, +3.552, +0.169,+0.957
1609699260,+3.39, +3.541, +0.170,+0.957
1609699320,+3.39, +3.552, +0.167,+0.957
1609699380,+3.39, +3.562, +0.170,+0.957
1609699440,+3.39, +3.562, +0.168,+0.957
1609699500,+3.39, +3.552, +0.170,+0.957
1609699560,+3.39, +3.552, +0.168,+0.957
1609699620,+3.39, +3.552, +0.169,+0.957
1609699680,+3.39, +3.583, +0.168,+0.957
1609699740,+3.39, +3.552, +0.169,+0.957
1609699800,+3.39, +3.552, +0.170,+0.957
1609699860,+3.39, +3.531, +0.169,+0.957
1609699920,+3.39, +3.573, +0.169,+0.957
1609699980,+3.39, +3.562, +0.167,+0.957
1609700040,+3.39, +3.552, +0.170,+0.957
1609700100,+3.39, +3.552, +0.169,+0.957
1609700160,+3.39, +3.573, +0.169,+0.957
1609700220,+3.39, +3.541, +0.168,+0.957
1609700280,+3.39, +3.562, +0.169,+0.957
1609700340,+3.39, +3.552, +0.168,+0.957
1609700400,+3.39, +3.562, +0.170,+0.957
1609700460,+3.39, +3.541, +0.170,+0.957
1609700520,+3.39, +3.573, +0.169,+0.957
1609700580,+3.39, +3.541, +0.170,+0.957
1609700640,+3.39, +3.573, +0.168,+0.957
1609700700,+3.40, +3.552, +0.169,+0.957
1609700760,+3.39, +3.573, +0.169,+0.957
1609700820,+3.39, +3.552, +0.170,+0.957
1609700880,+3.39, +3.573, +0.169,+0.957
1609700940,+3.39, +3.541, +0.170,+0.957
1609701000,+3.39, +3.562, +0.170,+0.957
1609701060,+3.39, +3.552, +0.170,+0.957
1609701120,+3.39, +3.552, +0.167,+0.956
1609701180,+3.39, +3.541, +0.170,+0.957
1609701240,+3.39, +3.552, +0.169,+0.957
1609701300,+3.39, +3.541, +0.170,+0.957
1609701360,+3.39, +3.552, +0.169,+0.957
1609701420,+3.39, +3.562, +0.170,+0.957
1609701480,+3.39, +3.562, +0.169,+0.957
1609701540,+3.39, +3.552, +0.169,+0.957
1609701600,+3.39, +3.562, +0.169,+0.957
1609701660,+3.39, +3.552, +0.169,+0.957
1609701720,+3.39, +3.552, +0.170,+0.957
1609701780,+3.39, +3.531, +0.171,+0.957
1609701840,+3.39, +3.562, +0.168,+0.957
1609701900,+3.39, +3.541, +0.169,+0.957
1609701960,+3.39, +3.562, +0.168,+0.957
1609702020,+3.39, +3.541, +0.169,+0.957
1609702080,+3.39, +3.552, +0.168,+0.957
1609702140,+3.40, +3.541, +0.170,+0.957
1609702200,+3.39, +3.541, +0.170,+0.957
1609702260,+3.39, +3.541, +0.169,+0.957
1609702320,+3.39, +3.531, +0.168,+0.957
1609702380,+3.39, +3.573, +0.168,+0.957
1609702440,+3.39, +3.552, +0.168,+0.957
1609702500,+3.39, +3.583, +0.170,+0.957
1609702560,+3.39, +3.562, +0.170,+0.957
1609702620,+3.40, +3.552, +0.169,+0.957
1609702680,+3.39, +3.562, +0.169,+0.957
1609702740,+3.39, +3.552, +0.170,+0.957
1609702800,+3.39, +3.541, +0.168,+0.957
1609702860,+3.39, +3.552, +0.170,+0.957
1609702920,+3.39, +3.531, +0.170,+0.957
1609702980,+3.39, +3.541, +0.168,+0.957
1609703040,+3.39, +3.573, +0.169,+0.957
1609703100,+3.39, +3.552, +0.170,+0.957
1609703160,+3.39, +3.541, +0.169,+0.957
1609703220,+3.39, +3.520, +0.170,+0.957
1609703280,+3.39, +3.541, +0.169,+0.957
1609703340,+3.39, +3.531, +0.171,+0.957
1609703400,+3.39, +3.531, +0.169,+0.957
1609703460,+3.39, +3.573, +0.168,+0.957
1609703520,+3.39, +3.541, +0.169,+0.957
1609703580,+3.39, +3.531, +0.170,+0.957
1609703640,+3.39, +3.562, +0.169,+0.957
1609703700,+3.39, +3.562, +0.168,+0.957
1609703760,+3.39, +3.541, +0.170,+0.957
1609703820,+3.39, +3.552, +0.168,+0.957
1609703880,+3.39, +3.541, +0.171,+0.957
1609703940,+3.39, +3.552, +0.168,+0.957
1609704000,+3.39, +3.531, +0.168,+0.957
1609704060,+3.39, +3.552, +0.169,+0.957
1609704120,+3.39, +3.562, +0.169,+0.957
1609704180,+3.39, +3.552, +0.168,+0.957
1609704240,+3.39, +3.552, +0.171,+0.957
1609704300,+3.39, +3.552, +0.170,+0.957
1609704360,+3.39, +3.552, +0.169,+0.957
1609704420,+3.39, +3.552, +0.169,+0.957
1609704480,+3.39, +3.562, +0.167,+0.957
1609704540,+3.39, +3.541, +0.170,+0.957
1609704600,+3.39, +3.531, +0.171,+0.957
1609704660,+3.39, +3.552, +0.170,+0.957
1609704720,+3.39, +3.552, +0.170,+0.957
1609704780,+3.39, +3.552, +0.169,+0.957
1609704840,+3.39, +3.552, +0.169,+0.957
1609704900,+3.39, +3.552, +0.169,+0.957
1609704960,+3.39, +3.552, +0.169,+0.957
1609705020,+3.39, +3.541, +0.169,+0.957
1609705080,+3.39, +3.541, +0.170,+0.957
1609705140,+3.39, +3.573, +0.168,+0.957
1609705200,+3.39, +3.520, +0.169,+0.957
1609705260,+3.39, +3.562, +0.168,+0.957
1609705320,+3.39, +3.552, +0.170,+0.957
1609705380,+3.39, +3.541, +0.167,+0.957
1609705440,+3.39, +3.552, +0.168,+0.957
1609705500,+3.39, +3.573, +0.169,+0.957
1609705560,+3.39, +3.552, +0.169,+0.957
1609705620,+3.39, +3.552, +0.169,+0.957
1609705680,+3.39, +3.562, +0.169,+0.957
1609705740,+3.39, +3.573, +0.169,+0.957
1609705800,+3.39, +3.562, +0.169,+0.957
1609705860,+3.39, +3.562, +0.169,+0.957
1609705920,+3.39, +3.562, +0.168,+0.957
1609705980,+3.39, +3.541, +0.167,+0.957
1609706040,+3.39, +3.573, +0.168,+0.957
1609706100,+3.39, +3.541, +0.169,+0.957
1609706160,+3.39, +3.541, +0.169,+0.957
1609706220,+3.39, +3.562, +0.169,+0.957
1609706280,+3.39, +3.552, +0.167,+0.957
1609706340,+3.39, +3.541, +0.168,+0.957
1609706400,+3.39, +3.552, +0.169,+0.957
1609706460,+3.39, +3.531, +0.169,+0.957
1609706520,+3.39, +3.583, +0.168,+0.957
1609706580,+3.39, +3.510, +0.168,+0.957
1609706640,+3.39, +3.552, +0.169,+0.957
1609706700,+3.39, +3.573, +0.169,+0.957
1609706760,+3.39, +3.562, +0.169,+0.957
1609706820,+3.39, +3.510, +0.169,+0.957
1609706880,+3.39, +3.520, +0.170,+0.957
1609706940,+3.39, +3.541, +0.170,+0.957
1609707000,+3.39, +3.520, +0.171,+0.957
1609707060,+3.39, +3.562, +0.169,+0.957
1609707120,+3.39, +3.573, +0.169,+0.957
1609707180,+3.39, +3.562, +0.170,+0.957
1609707240,+3.39, +3.562, +0.168,+0.957
1609707300,+3.39, +3.541, +0.171,+0.957
1609707360,+3.39, +3.562, +0.169,+0.957
1609707420,+3.39, +3.562, +0.170,+0.957
1609707480,+3.39, +3.562, +0.168,+0.957
1609707540,+3.39, +3.594, +0.168,+0.957
1609707600,+3.39, +3.552, +0.170,+0.957
1609707660,+3.39, +3.541, +0.169,+0.957
1609707720,+3.39, +3.541, +0.168,+0.957
1609707780,+3.39, +3.573, +0.168,+0.957
1609707840,+3.39, +3.562, +0.168,+0.957
1609707900,+3.39, +3.573, +0.169,+0.957
1609707960,+3.39, +3.531, +0.170,+0.957
1609708020,+3.39, +3.552, +0.169,+0.957
1609708080,+3.39, +3.573, +0.168,+0.957
1609708140,+3.39, +3.552, +0.170,+0.957
1609708200,+3.39, +3.562, +0.169,+0.957
1609708260,+3.39, +3.594, +0.169,+0.957
1609708320,+3.39, +3.573, +0.168,+0.957
1609708380,+3.39, +3.562, +0.170,+0.957
1609708440,+3.39, +3.552, +0.170,+0.957
1609708500,+3.39, +3.562, +0.169,+0.957
1609708560,+3.39, +3.541, +0.169,+0.957
1609708620,+3.39, +3.541, +0.169,+0.957
1609708680,+3.39, +3.562, +0.167,+0.957
1609708740,+3.39, +3.573, +0.170,+0.957
1609708800,+3.39, +3.562, +0.169,+0.957
1609708860,+3.39, +3.573, +0.169,+0.957
1609708920,+3.39, +3.562, +0.169,+0.957
1609708980,+3.39, +3.541, +0.170,+0.957
1609709040,+3.39, +3.562, +0.169,+0.957
1609709100,+3.39, +3.541, +0.170,+0.957
1609709160,+3.39, +3.541, +0.169,+0.957
1609709220,+3.39, +3.562, +0.169,+0.957
1609709280,+3.39, +3.541, +0.170,+0.957
1609709340,+3.39, +3.552, +0.170,+0.957
1609709400,+3.39, +3.552, +0.170,+0.957
1609709460,+3.39, +3.552, +0.169,+0.957
1609709520,+3.39, +3.541, +0.171,+0.957
1609709580,+3.39, +3.541, +0.169,+0.957
1609709640,+3.39, +3.541, +0.169,+0.957
1609709700,+3.39, +3.583, +0.167,+0.957
1609709760,+3.39, +3.562, +0.169,+0.957
1609709820,+3.39, +3.541, +0.169,+0.957
1609709880,+3.39, +3.562, +0.168,+0.957
1609709940,+3.39, +3.562, +0.167,+0.957
1609710000,+3.39, +3.562, +0.169,+0.957
1609710060,+3.39, +3.573, +0.168,+0.957
1609710120,+3.39, +3.531, +0.169,+0.957
1609710180,+3.39, +3.562, +0.168,+0.957
1609710240,+3.39, +3.552, +0.168,+0.957
1609710300,+3.39, +3.562, +0.169,+0.957
1609710360,+3.39, +3.583, +0.168,+0.957
1609710420,+3.39, +3.531, +0.169,+0.957
1609710480,+3.39, +3.573, +0.168,+0.957
1609710540,+3.39, +3.552, +0.169,+0.957
1609710600,+3.39, +3.541, +0.169,+0.957
1609710660,+3.39, +3.562, +0.169,+0.957
1609710720,+3.39, +3.573, +0.169,+0.957
1609710780,+3.39, +3.594, +0.169,+0.957
1609710840,+3.39, +3.573, +0.169,+0.957
1609710900,+3.39, +3.552, +0.169,+0.957
1609710960,+3.39, +3.541, +0.170,+0.957
1609711020,+3.39, +3.541, +0.167,+0.957
1609711080,+3.39, +3.520, +0.170,+0.957
1609711140,+3.39, +3.541, +0.170,+0.957
1609711200,+3.39, +3.562, +0.169,+0.957
1609711260,+3.39, +3.541, +0.169,+0.957
1609711320,+3.39, +3.541, +0.169,+0.957
1609711380,+3.39, +3.573, +0.169,+0.957
1609711440,+3.39, +3.573, +0.169,+0.957
1609711500,+3.39, +3.573, +0.168,+0.957
1609711560,+3.39, +3.573, +0.169,+0.957
1609711620,+3.39, +3.583, +0.169,+0.957
1609711680,+3.39, +3.562, +0.169,+0.957
1609711740,+3.39, +3.573, +0.168,+0.957
1609711800,+3.39, +3.541, +0.169,+0.957
1609711860,+3.39, +3.541, +0.170,+0.957
1609711920,+3.39, +3.562, +0.170,+0.957
1609711980,+3.39, +3.552, +0.169,+0.957
1609712040,+3.39, +3.552, +0.169,+0.957
1609712100,+3.39, +3.562, +0.169,+0.957
1609712160,+3.39, +3.552, +0.170,+0.957
1609712220,+3.39, +3.562, +0.169,+0.957
1609712280,+3.39, +3.573, +0.168,+0.957
1609712340,+3.39, +3.562, +0.167,+0.957
1609712400,+3.39, +3.583, +0.168,+0.957
1609712460,+3.39, +3.583, +0.169,+0.957
1609712520,+3.39, +3.583, +0.168,+0.957
1609712580,+3.39, +3.562, +0.168,+0.957
1609712640,+3.39, +3.562, +0.170,+0.957
1609712700,+3.39, +3.562, +0.168,+0.957
1609712760,+3.39, +3.531, +0.169,+0.957
1609712820,+3.39, +3.573, +0.170,+0.957
1609712880,+3.39, +3.562, +0.169,+0.957
1609712940,+3.39, +3.573, +0.170,+0.957
1609713000,+3.39, +3.562, +0.169,+0.957
1609713060,+3.39, +3.541, +0.168,+0.957
1609713120,+3.39, +3.562, +0.168,+0.957
1609713180,+3.39, +3.573, +0.168,+0.957
1609713240,+3.39, +3.573, +0.169,+0.957
1609713300,+3.39, +3.552, +0.170,+0.957
1609713360,+3.39, +3.562, +0.168,+0.957
1609713420,+3.39, +3.562, +0.169,+0.957
1609713480,+3.39, +3.573, +0.168,+0.957
1609713540,+3.39, +3.562, +0.169,+0.957
1609713600,+3.39, +3.541, +0.169,+0.957
1609713660,+3.39, +3.562, +0.169,+0.957
1609713720,+3.39, +3.541, +0.168,+0.957
1609713780,+3.39, +3.573, +0.169,+0.957
1609713840,+3.39, +3.552, +0.169,+0.957
1609713900,+3.39, +3.562, +0.168,+0.957
1609713960,+3.39, +3.552, +0.168,+0.957
1609714020,+3.39, +3.604, +0.166,+0.957
1609714080,+3.39, +3.573, +0.169,+0.957
1609714140,+3.39, +3.573, +0.170,+0.957
1609714200,+3.39, +3.552, +0.168,+0.957
1609714260,+3.39, +3.583, +0.169,+0.957
1609714320,+3.39, +3.562, +0.168,+0.957
1609714380,+3.39, +3.573, +0.168,+0.957
1609714440,+3.39, +3.583, +0.168,+0.957
1609714500,+3.39, +3.562, +0.169,+0.957
1609714560,+3.39, +3.562, +0.167,+0.957
1609714620,+3.39, +3.562, +0.168,+0.957
1609714680,+3.39, +3.562, +0.168,+0.957
1609714740,+3.39, +3.562, +0.169,+0.957
1609714800,+3.39, +3.552, +0.169,+0.957
1609714860,+3.39, +3.594, +0.169,+0.957
1609714920,+3.39, +3.583, +0.169,+0.957
1609714980,+3.39, +3.552, +0.169,+0.957
1609715040,+3.39, +3.573, +0.169,+0.957
1609715100,+3.39, +3.573, +0.168,+0.957
1609715160,+3.39, +3.552, +0.168,+0.957
1609715220,+3.39, +3.583, +0.169,+0.957
1609715280,+3.39, +3.594, +0.168,+0.957
1609715340,+3.39, +3.562, +0.167,+0.957
1609715400,+3.39, +3.583, +0.168,+0.957
1609715460,+3.39, +3.562, +0.169,+0.957
1609715520,+3.39, +3.562, +0.170,+0.957
1609715580,+3.39, +3.573, +0.168,+0.957
1609715640,+3.39, +3.583, +0.168,+0.957
1609715700,+3.39, +3.552, +0.168,+0.957
1609715760,+3.39, +3.573, +0.169,+0.957
1609715820,+3.39, +3.583, +0.169,+0.957
1609715880,+3.39, +3.552, +0.169,+0.957
1609715940,+3.39, +3.583, +0.170,+0.957
1609716000,+3.39, +3.573, +0.168,+0.957
1609716060,+3.39, +3.541, +0.169,+0.957
1609716120,+3.39, +3.562, +0.170,+0.957
1609716180,+3.39, +3.604, +0.168,+0.957
1609716240,+3.39, +3.604, +0.169,+0.957
1609716300,+3.39, +3.573, +0.168,+0.957
1609716360,+3.39, +3.604, +0.168,+0.957
1609716420,+3.39, +3.583, +0.169,+0.957
1609716480,+3.39, +3.573, +0.169,+0.957
1609716540,+3.39, +3.573, +0.168,+0.957
1609716600,+3.39, +3.573, +0.169,+0.957
1609716660,+3.39, +3.583, +0.168,+0.957
1609716720,+3.39, +3.562, +0.169,+0.957
1609716780,+3.39, +3.583, +0.169,+0.957
1609716840,+3.39, +3.552, +0.170,+0.957
1609716900,+3.39, +3.573, +0.167,+0.957
1609716960,+3.39, +3.541, +0.167,+0.957
1609717020,+3.39, +3.552, +0.170,+0.957
1609717080,+3.39, +3.562, +0.170,+0.957
1609717140,+3.39, +3.583, +0.168,+0.957
1609717200,+3.39, +3.552, +0.169,+0.957
1609717260,+3.39, +3.573, +0.168,+0.957
1609717320,+3.39, +3.583, +0.168,+0.957
1609717380,+3.39, +3.573, +0.170,+0.957
1609717440,+3.39, +3.573, +0.169,+0.957
1609717500,+3.39, +3.562, +0.169,+0.957
1609717560,+3.39, +3.552, +0.168,+0.957
1609717620,+3.39, +3.541, +0.170,+0.957
1609717680,+3.39, +3.573, +0.169,+0.957
1609717740,+3.39, +3.583, +0.170,+0.957
1609717800,+3.39, +3.562, +0.169,+0.957
1609717860,+3.39, +3.552, +0.171,+0.957
1609717920,+3.39, +3.573, +0.169,+0.957
1609717980,+3.39, +3.583, +0.169,+0.957
1609718040,+3.39, +3.573, +0.169,+0.957
1609718100,+3.39, +3.541, +0.170,+0.957
1609718160,+3.39, +3.562, +0.169,+0.957
1609718220,+3.39, +3.541, +0.168,+0.957
1609718280,+3.39, +3.541, +0.168,+0.957
1609718340,+3.39, +3.573, +0.169,+0.957
1609718400,+3.39, +3.573, +0.169,+0.957
1609718460,+3.39, +3.573, +0.169,+0.957
1609718520,+3.39, +3.552, +0.168,+0.957
1609718580,+3.39, +3.573, +0.170,+0.957
1609718640,+3.39, +3.552, +0.169,+0.957
1609718700,+3.39, +3.541, +0.170,+0.957
1609718760,+3.39, +3.562, +0.169,+0.957
1609718820,+3.39, +3.562, +0.168,+0.957
1609718880,+3.39, +3.583, +0.171,+0.957
1609718940,+3.39, +3.562, +0.170,+0.957
1609719000,+3.39, +3.552, +0.169,+0.957
1609719060,+3.39, +3.562, +0.168,+0.957
1609719120,+3.39, +3.552, +0.168,+0.957
1609719180,+3.39, +3.594, +0.169,+0.957
1609719240,+3.39, +3.594, +0.169,+0.957
1609719300,+3.39, +3.573, +0.169,+0.957
1609719360,+3.39, +3.562, +0.167,+0.957
1609719420,+3.39, +3.562, +0.169,+0.957
1609719480,+3.39, +3.552, +0.168,+0.957
1609719540,+3.39, +3.552, +0.171,+0.957
1609719600,+3.39, +3.594, +0.168,+0.957
1609719660,+3.39, +3.552, +0.171,+0.957
1609719720,+3.39, +3.562, +0.169,+0.957
1609719780,+3.39, +3.562, +0.168,+0.957
1609719840,+3.39, +3.583, +0.169,+0.957
1609719900,+3.39, +3.573, +0.168,+0.957
1609719960,+3.39, +3.573, +0.169,+0.957
1609720020,+3.39, +3.541, +0.169,+0.957
1609720080,+3.39, +3.552, +0.170,+0.957
1609720140,+3.39, +3.562, +0.169,+0.957
1609720200,+3.39, +3.552, +0.170,+0.957
1609720260,+3.39, +3.573, +0.168,+0.957
1609720320,+3.39, +3.541, +0.170,+0.957
1609720380,+3.39, +3.531, +0.170,+0.957
1609720440,+3.39, +3.510, +0.171,+0.957
1609720500,+3.39, +3.541, +0.168,+0.957
1609720560,+3.39, +3.552, +0.170,+0.957
1609720620,+3.39, +3.520, +0.168,+0.957
1609720680,+3.39, +3.552, +0.169,+0.957
1609720740,+3.39, +3.562, +0.167,+0.957
1609720800,+3.39, +3.541, +0.170,+0.957
1609720860,+3.39, +3.552, +0.170,+0.957
1609720920,+3.39, +3.541, +0.169,+0.957
1609720980,+3.39, +3.552, +0.167,+0.957
1609721040,+3.39, +3.541, +0.169,+0.957
1609721100,+3.39, +3.573, +0.168,+0.957
1609721160,+3.39, +3.520, +0.169,+0.957
1609721220,+3.39, +3.541, +0.170,+0.957
1609721280,+3.39, +3.510, +0.170,+0.957
1609721340,+3.39, +3.541, +0.167,+0.957
1609721400,+3.39, +3.541, +0.170,+0.957
1609721460,+3.39, +3.552, +0.169,+0.957
1609721520,+3.39, +3.552, +0.168,+0.957
1609721580,+3.39, +3.552, +0.167,+0.957
1609721640,+3.39, +3.531, +0.171,+0.957
1609721700,+3.39, +3.510, +0.169,+0.957
1609721760,+3.39, +3.552, +0.170,+0.957
1609721820,+3.39, +3.499, +0.170,+0.957
1609721880,+3.39, +3.520, +0.168,+0.957
1609721940,+3.39, +3.531, +0.170,+0.957
1609722000,+3.39, +3.531, +0.169,+0.957
1609722060,+3.39, +3.541, +0.169,+0.957
1609722120,+3.39, +3.510, +0.168,+0.957
1609722180,+3.39, +3.552, +0.168,+0.957
1609722240,+3.39, +3.541, +0.168,+0.957
1609722300,+3.39, +3.520, +0.170,+0.957
1609722360,+3.39, +3.520, +0.168,+0.957
1609722420,+3.39, +3.573, +0.168,+0.957
1609722480,+3.39, +3.541, +0.168,+0.957
1609722540,+3.39, +3.531, +0.169,+0.957
1609722600,+3.39, +3.520, +0.169,+0.957
1609722660,+3.39, +3.510, +0.170,+0.957
1609722720,+3.39, +3.541, +0.168,+0.957
1609722780,+3.39, +3.562, +0.169,+0.957
1609722840,+3.39, +3.531, +0.168,+0.957
1609722900,+3.39, +3.510, +0.169,+0.957
1609722960,+3.39, +3.520, +0.168,+0.957
1609723020,+3.39, +3.520, +0.168,+0.957
1609723080,+3.39, +3.531, +0.169,+0.957
1609723140,+3.39, +3.499, +0.170,+0.957
1609723200,+3.39, +3.541, +0.168,+0.957
1609723260,+3.39, +3.520, +0.169,+0.957
1609723320,+3.39, +3.541, +0.168,+0.957
1609723380,+3.39, +3.583, +0.169,+0.957
1609723440,+3.39, +3.520, +0.169,+0.957
1609723500,+3.39, +3.520, +0.169,+0.957
1609723560,+3.39, +3.541, +0.169,+0.957
1609723620,+3.39, +3.531, +0.170,+0.957
1609723680,+3.39, +3.531, +0.168,+0.957
1609723740,+3.39, +3.531, +0.170,+0.957
1609723800,+3.39, +3.510, +0.170,+0.957
1609723860,+3.39, +3.541, +0.169,+0.957
1609723920,+3.39, +3.510, +0.170,+0.957
1609723980,+3.39, +3.541, +0.170,+0.957
1609724040,+3.39, +3.520, +0.168,+0.957
1609724100,+3.39, +3.531, +0.168,+0.957
1609724160,+3.39, +3.541, +0.170,+0.957
1609724220,+3.39, +3.520, +0.168,+0.957
1609724280,+3.39, +3.562, +0.169,+0.957
1609724340,+3.39, +3.531, +0.169,+0.957
1609724400,+3.39, +3.531, +0.170,+0.957
1609724460,+3.39, +3.499, +0.169,+0.957
1609724520,+3.39, +3.510, +0.170,+0.957
1609724580,+3.39, +3.520, +0.168,+0.957
1609724640,+3.39, +3.541, +0.169,+0.957
1609724700,+3.39, +3.531, +0.169,+0.957
1609724760,+3.39, +3.552, +0.168,+0.957
1609724820,+3.39, +3.531, +0.168,+0.957
1609724880,+3.39, +3.541, +0.169,+0.957
1609724940,+3.39, +3.510, +0.169,+0.957
1609725000,+3.39, +3.541, +0.169,+0.957
1609725060,+3.39, +3.499, +0.171,+0.957
1609725120,+3.39, +3.562, +0.168,+0.957
1609725180,+3.39, +3.552, +0.169,+0.957
1609725240,+3.39, +3.520, +0.169,+0.957
1609725300,+3.39, +3.573, +0.169,+0.957
1609725360,+3.39, +3.531, +0.169,+0.957
1609725420,+3.39, +3.531, +0.170,+0.957
1609725480,+3.39, +3.541, +0.169,+0.957
1609725540,+3.39, +3.562, +0.169,+0.957
1609725600,+3.39, +3.552, +0.168,+0.957
1609725660,+3.39, +3.562, +0.166,+0.957
1609725720,+3.39, +3.531, +0.170,+0.957
1609725780,+3.39, +3.520, +0.169,+0.957
1609725840,+3.39, +3.499, +0.170,+0.957
1609725900,+3.39, +3.552, +0.168,+0.957
1609725960,+3.39, +3.520, +0.170,+0.957
1609726020,+3.39, +3.541, +0.170,+0.957
1609726080,+3.39, +3.531, +0.169,+0.957
1609726140,+3.39, +3.510, +0.171,+0.957
1609726200,+3.39, +3.510, +0.170,+0.957
1609726260,+3.39, +3.531, +0.170,+0.957
1609726320,+3.39, +3.531, +0.169,+0.957
1609726380,+3.39, +3.541, +0.170,+0.957
1609726440,+3.39, +3.541, +0.168,+0.957
1609726500,+3.39, +3.531, +0.169,+0.957
1609726560,+3.39, +3.573, +0.168,+0.957
1609726620,+3.39, +3.520, +0.168,+0.957
1609726680,+3.39, +3.510, +0.168,+0.957
1609726740,+3.39, +3.531, +0.170,+0.957
1609726800,+3.39, +3.541, +0.171,+0.957
1609726860,+3.39, +3.510, +0.170,+0.957
1609726920,+3.39, +3.520, +0.168,+0.957
1609726980,+3.39, +3.552, +0.169,+0.957
1609727040,+3.39, +3.520, +0.168,+0.957
1609727100,+3.39, +3.531, +0.170,+0.957
1609727160,+3.39, +3.541, +0.169,+0.957
1609727220,+3.39, +3.552, +0.169,+0.957
1609727280,+3.39, +3.573, +0.170,+0.957
1609727340,+3.39, +3.541, +0.169,+0.957
1609727400,+3.39, +3.531, +0.170,+0.957
1609727460,+3.39, +3.541, +0.168,+0.957
1609727520,+3.39, +3.531, +0.169,+0.957
1609727580,+3.39, +3.520, +0.169,+0.957
1609727640,+3.39, +3.531, +0.168,+0.957
1609727700,+3.39, +3.552, +0.168,+0.957
1609727760,+3.39, +3.531, +0.169,+0.957
1609727820,+3.39, +3.562, +0.169,+0.957
1609727880,+3.39, +3.541, +0.168,+0.957
1609727940,+3.39, +3.541, +0.168,+0.957
1609728000,+3.39, +3.541, +0.167,+0.957
1609728060,+3.39, +3.562, +0.169,+0.957
1609728120,+3.39, +3.531, +0.169,+0.957
1609728180,+3.39, +3.541, +0.169,+0.957
1609728240,+3.39, +3.541, +0.169,+0.957
1609728300,+3.39, +3.531, +0.171,+0.957
1609728360,+3.39, +3.541, +0.169,+0.957
1609728420,+3.39, +3.510, +0.167,+0.957
1609728480,+3.39, +3.541, +0.168,+0.957
1609728540,+3.39, +3.520, +0.169,+0.957
1609728600,+3.39, +3.541, +0.169,+0.957
1609728660,+3.39, +3.541, +0.167,+0.957
1609728720,+3.39, +3.562, +0.167,+0.957
1609728780,+3.39, +3.531, +0.169,+0.957
1609728840,+3.39, +3.541, +0.170,+0.957
1609728900,+3.39, +3.552, +0.168,+0.957
1609728960,+3.39, +3.520, +0.170,+0.957
1609729020,+3.39, +3.552, +0.168,+0.957
1609729080,+3.39, +3.573, +0.169,+0.957
1609729140,+3.39, +3.552, +0.169,+0.957
1609729200,+3.39, +3.531, +0.168,+0.957
1609729260,+3.40, +3.541, +0.169,+0.957
1609729320,+3.39, +3.541, +0.168,+0.957
1609729380,+3.39, +3.510, +0.170,+0.957
1609729440,+3.39, +3.541, +0.169,+0.957
1609729500,+3.39, +3.531, +0.171,+0.957
1609729560,+3.39, +3.562, +0.168,+0.957
1609729620,+3.39, +3.552, +0.170,+0.957
1609729680,+3.39, +3.520, +0.170,+0.957
1609729740,+3.39, +3.541, +0.170,+0.957
1609729800,+3.39, +3.520, +0.169,+0.957
1609729860,+3.39, +3.510, +0.169,+0.957
1609729920,+3.39, +3.531, +0.168,+0.957
1609729980,+3.39, +3.541, +0.169,+0.957
1609730040,+3.39, +3.531, +0.168,+0.957
1609730100,+3.39, +3.510, +0.168,+0.957
1609730160,+3.39, +3.531, +0.167,+0.957
1609730220,+3.39, +3.541, +0.169,+0.957
1609730280,+3.39, +3.510, +0.169,+0.957
1609730340,+3.39, +3.520, +0.169,+0.957
1609730400,+3.39, +3.552, +0.168,+0.957
1609730460,+3.39, +3.520, +0.168,+0.957
1609730520,+3.39, +3.531, +0.169,+0.957
1609730580,+3.39, +3.541, +0.168,+0.957
1609730640,+3.39, +3.520, +0.169,+0.957
1609730700,+3.39, +3.541, +0.170,+0.957
1609730760,+3.39, +3.552, +0.169,+0.957
1609730820,+3.39, +3.552, +0.167,+0.957
1609730880,+3.39, +3.531, +0.168,+0.957
1609730940,+3.39, +3.531, +0.168,+0.957
1609731000,+3.39, +3.531, +0.169,+0.957
1609731060,+3.39, +3.531, +0.170,+0.957
1609731120,+3.39, +3.541, +0.170,+0.957
1609731180,+3.39, +3.531, +0.171,+0.957
1609731240,+3.39, +3.552, +0.167,+0.957
1609731300,+3.39, +3.531, +0.168,+0.957
1609731360,+3.39, +3.531, +0.171,+0.957
1609731420,+3.39, +3.520, +0.168,+0.957
1609731480,+3.39, +3.520, +0.169,+0.957
1609731540,+3.39, +3.541, +0.170,+0.957
1609731600,+3.39, +3.510, +0.170,+0.957
1609731660,+3.39, +3.520, +0.168,+0.957
1609731720,+3.39, +3.520, +0.167,+0.957
1609731780,+3.39, +3.510, +0.169,+0.957
1609731840,+3.39, +3.541, +0.170,+0.957
1609731900,+3.39, +3.552, +0.169,+0.957
1609731960,+3.39, +3.531, +0.169,+0.957
1609732020,+3.39, +3.541, +0.170,+0.957
1609732080,+3.39, +3.552, +0.168,+0.957
1609732140,+3.39, +3.541, +0.170,+0.957
1609732200,+3.39, +3.520, +0.169,+0.957
1609732260,+3.39, +3.541, +0.168,+0.957
1609732320,+3.39, +3.520, +0.169,+0.957
1609732380,+3.39, +3.562, +0.169,+0.957
1609732440,+3.39, +3.552, +0.170,+0.957
1609732500,+3.39, +3.510, +0.169,+0.957
1609732560,+3.39, +3.510, +0.170,+0.957
1609732620,+3.39, +3.541, +0.170,+0.957
1609732680,+3.39, +3.478, +0.172,+0.957
1609732740,+3.39, +3.520, +0.170,+0.957
1609732800,+3.39, +3.541, +0.168,+0.957
1609732860,+3.39, +3.520, +0.170,+0.957
1609732920,+3.39, +3.552, +0.167,+0.957
1609732980,+3.39, +3.541, +0.169,+0.957
1609733040,+3.39, +3.573, +0.168,+0.957
1609733100,+3.39, +3.583, +0.169,+0.957
1609733160,+3.39, +3.531, +0.169,+0.957
1609733220,+3.39, +3.531, +0.169,+0.957
1609733280,+3.39, +3.541, +0.168,+0.957
1609733340,+3.39, +3.562, +0.170,+0.957
1609733400,+3.39, +3.531, +0.169,+0.957
1609733460,+3.39, +3.552, +0.170,+0.957
1609733520,+3.39, +3.541, +0.169,+0.957
1609733580,+3.39, +3.520, +0.170,+0.957
1609733640,+3.39, +3.520, +0.169,+0.957
1609733700,+3.39, +3.541, +0.168,+0.957
1609733760,+3.39, +3.520, +0.168,+0.957
1609733820,+3.39, +3.541, +0.168,+0.957
1609733880,+3.39, +3.552, +0.169,+0.957
1609733940,+3.39, +3.541, +0.169,+0.957
1609734000,+3.39, +3.531, +0.169,+0.957
1609734060,+3.39, +3.520, +0.169,+0.957
1609734120,+3.39, +3.531, +0.168,+0.957
1609734180,+3.39, +3.531, +0.170,+0.957
1609734240,+3.39, +3.531, +0.169,+0.957
1609734300,+3.40, +3.510, +0.170,+0.957
1609734360,+3.39, +3.552, +0.170,+0.957
1609734420,+3.39, +3.520, +0.169,+0.957
1609734480,+3.39, +3.541, +0.171,+0.957
1609734540,+3.39, +3.531, +0.169,+0.957
1609734600,+3.39, +3.531, +0.169,+0.957
1609734660,+3.39, +3.541, +0.169,+0.957
1609734720,+3.39, +3.531, +0.169,+0.957
1609734780,+3.39, +3.510, +0.169,+0.957
1609734840,+3.39, +3.520, +0.170,+0.957
1609734900,+3.39, +3.520, +0.171,+0.957
1609734960,+3.39, +3.531, +0.170,+0.957
1609735020,+3.39, +3.510, +0.171,+0.957
1609735080,+3.39, +3.552, +0.170,+0.957
1609735140,+3.39, +3.552, +0.169,+0.957
1609735200,+3.39, +3.520, +0.169,+0.957
1609735260,+3.39, +3.541, +0.170,+0.957
1609735320,+3.39, +3.520, +0.170,+0.957
1609735380,+3.39, +3.520, +0.169,+0.957
1609735440,+3.39, +3.520, +0.170,+0.957
1609735500,+3.39, +3.520, +0.170,+0.957
1609735560,+3.39, +3.510, +0.170,+0.957
1609735620,+3.39, +3.531, +0.170,+0.957
1609735680,+3.39, +3.531, +0.170,+0.957
1609735740,+3.39, +3.520, +0.168,+0.957
1609735800,+3.39, +3.520, +0.170,+0.957
1609735860,+3.39, +3.552, +0.170,+0.957
1609735920,+3.39, +3.510, +0.169,+0.957
1609735980,+3.39, +3.531, +0.169,+0.957
1609736040,+3.39, +3.510, +0.169,+0.957
1609736100,+3.39, +3.499, +0.169,+0.956
1609736160,+3.39, +3.531, +0.168,+0.957
1609736220,+3.39, +3.531, +0.170,+0.957
1609736280,+3.39, +3.562, +0.167,+0.957
1609736340,+3.39, +3.531, +0.170,+0.957
1609736400,+3.39, +3.510, +0.170,+0.957
1609736460,+3.39, +3.510, +0.170,+0.957
1609736520,+3.39, +3.562, +0.169,+0.957
1609736580,+3.39, +3.541, +0.169,+0.957
1609736640,+3.39, +3.531, +0.168,+0.957
1609736700,+3.39, +3.531, +0.169,+0.957
1609736760,+3.39, +3.489, +0.170,+0.957
1609736820,+3.39, +3.552, +0.168,+0.957
1609736880,+3.39, +3.562, +0.169,+0.957
1609736940,+3.39, +3.541, +0.168,+0.957
1609737000,+3.39, +3.531, +0.169,+0.957
1609737060,+3.39, +3.531, +0.170,+0.957
1609737120,+3.39, +3.520, +0.169,+0.957
1609737180,+3.39, +3.510, +0.169,+0.957
1609737240,+3.39, +3.510, +0.170,+0.957
1609737300,+3.39, +3.520, +0.170,+0.957
1609737360,+3.39, +3.520, +0.168,+0.957
1609737420,+3.39, +3.552, +0.169,+0.957
1609737480,+3.39, +3.541, +0.168,+0.957
1609737540,+3.39, +3.531, +0.169,+0.957
1609737600,+3.39, +3.531, +0.169,+0.957
1609737660,+3.39, +3.531, +0.170,+0.957
1609737720,+3.39, +3.520, +0.169,+0.957
1609737780,+3.39, +3.520, +0.169,+0.957
1609737840,+3.39, +3.552, +0.169,+0.957
1609737900,+3.39, +3.562, +0.169,+0.957
1609737960,+3.39, +3.520, +0.170,+0.957
1609738020,+3.39, +3.552, +0.169,+0.957
1609738080,+3.39, +3.562, +0.168,+0.957
1609738140,+3.39, +3.531, +0.168,+0.957
1609738200,+3.39, +3.552, +0.170,+0.957
1609738260,+3.39, +3.520, +0.169,+0.957
1609738320,+3.39, +3.531, +0.170,+0.957
1609738380,+3.39, +3.520, +0.170,+0.957
1609738440,+3.39, +3.552, +0.167,+0.957
1609738500,+3.39, +3.541, +0.169,+0.957
1609738560,+3.39, +3.520, +0.169,+0.957
1609738620,+3.39, +3.531, +0.169,+0.957
1609738680,+3.39, +3.552, +0.168,+0.957
1609738740,+3.39, +3.531, +0.170,+0.957
1609738800,+3.39, +3.562, +0.168,+0.957
1609738860,+3.39, +3.552, +0.171,+0.957
1609738920,+3.39, +3.531, +0.170,+0.957
1609738980,+3.39, +3.510, +0.169,+0.957
1609739040,+3.39, +3.531, +0.171,+0.957
1609739100,+3.39, +3.541, +0.170,+0.957
1609739160,+3.39, +3.531, +0.168,+0.957
1609739220,+3.39, +3.520, +0.169,+0.957
1609739280,+3.39, +3.520, +0.169,+0.957
1609739340,+3.39, +3.541, +0.168,+0.957
1609739400,+3.39, +3.520, +0.169,+0.957
1609739460,+3.39, +3.541, +0.168,+0.957
1609739520,+3.39, +3.510, +0.169,+0.957
1609739580,+3.39, +3.520, +0.169,+0.956
1609739640,+3.39, +3.531, +0.168,+0.957
1609739700,+3.39, +3.531, +0.168,+0.957
1609739760,+3.39, +3.520, +0.167,+0.956
1609739820,+3.39, +3.541, +0.169,+0.957
1609739880,+3.39, +3.520, +0.169,+0.957
1609739940,+3.39, +3.552, +0.167,+0.957
1609740000,+3.40, +3.541, +0.169,+0.957
1609740060,+3.39, +3.541, +0.168,+0.957
1609740120,+3.39, +3.531, +0.169,+0.957
1609740180,+3.39, +3.531, +0.169,+0.957
1609740240,+3.39, +3.552, +0.170,+0.957
1609740300,+3.39, +3.552, +0.169,+0.957
1609740360,+3.39, +3.541, +0.168,+0.957
1609740420,+3.39, +3.541, +0.170,+0.957
1609740480,+3.39, +3.562, +0.169,+0.957
1609740540,+3.39, +3.541, +0.170,+0.957
1609740600,+3.39, +3.510, +0.169,+0.957
1609740660,+3.39, +3.531, +0.170,+0.957
1609740720,+3.39, +3.520, +0.169,+0.957
1609740780,+3.39, +3.552, +0.168,+0.957
1609740840,+3.39, +3.541, +0.170,+0.957
1609740900,+3.39, +3.541, +0.169,+0.957
1609740960,+3.39, +3.541, +0.169,+0.957
1609741020,+3.39, +3.552, +0.168,+0.957
1609741080,+3.39, +3.531, +0.170,+0.957
1609741140,+3.39, +3.541, +0.168,+0.957
1609741200,+3.39, +3.520, +0.170,+0.957
1609741260,+3.39, +3.583, +0.169,+0.957
1609741320,+3.39, +3.520, +0.168,+0.957
1609741380,+3.39, +3.552, +0.168,+0.957
1609741440,+3.39, +3.520, +0.169,+0.957
1609741500,+3.39, +3.541, +0.168,+0.957
1609741560,+3.39, +3.531, +0.169,+0.957
1609741620,+3.39, +3.541, +0.169,+0.957
1609741680,+3.39, +3.573, +0.168,+0.957
1609741740,+3.39, +3.541, +0.169,+0.957
1609741800,+3.39, +3.510, +0.170,+0.957
1609741860,+3.39, +3.552, +0.168,+0.957
1609741920,+3.39, +3.583, +0.167,+0.957
1609741980,+3.39, +3.520, +0.169,+0.957
1609742040,+3.39, +3.541, +0.170,+0.957
1609742100,+3.39, +3.541, +0.169,+0.957
1609742160,+3.39, +3.552, +0.170,+0.957
1609742220,+3.39, +3.552, +0.168,+0.956
1609742280,+3.39, +3.541, +0.169,+0.957
1609742340,+3.39, +3.552, +0.170,+0.957
1609742400,+3.39, +3.531, +0.169,+0.957
1609742460,+3.39, +3.573, +0.168,+0.957
1609742520,+3.39, +3.552, +0.167,+0.957
1609742580,+3.39, +3.541, +0.168,+0.957
1609742640,+3.39, +3.552, +0.169,+0.957
1609742700,+3.39, +3.552, +0.168,+0.957
1609742760,+3.39, +3.531, +0.167,+0.956
1609742820,+3.39, +3.531, +0.170,+0.957
1609742880,+3.39, +3.552, +0.167,+0.956
1609742940,+3.39, +3.541, +0.170,+0.957
1609743000,+3.39, +3.541, +0.169,+0.957
1609743060,+3.39, +3.541, +0.169,+0.957
1609743120,+3.39, +3.552, +0.170,+0.957
1609743180,+3.39, +3.520, +0.169,+0.957
1609743240,+3.39, +3.520, +0.170,+0.957
1609743300,+3.39, +3.531, +0.168,+0.957
1609743360,+3.39, +3.552, +0.171,+0.957
1609743420,+3.39, +3.520, +0.168,+0.957
1609743480,+3.39, +3.552, +0.170,+0.957
1609743540,+3.39, +3.562, +0.169,+0.957
1609743600,+3.39, +3.552, +0.170,+0.957
1609743660,+3.39, +3.552, +0.169,+0.957
1609743720,+3.39, +3.531, +0.169,+0.957
1609743780,+3.39, +3.541, +0.169,+0.957
1609743840,+3.39, +3.541, +0.169,+0.957
1609743900,+3.39, +3.552, +0.171,+0.957
1609743960,+3.39, +3.531, +0.169,+0.957
1609744020,+3.39, +3.552, +0.168,+0.957
1609744080,+3.39, +3.531, +0.169,+0.957
1609744140,+3.39, +3.531, +0.170,+0.957
1609744200,+3.39, +3.520, +0.169,+0.957
1609744260,+3.39, +3.552, +0.170,+0.957
1609744320,+3.39, +3.541, +0.169,+0.957
1609744380,+3.39, +3.573, +0.168,+0.957
1609744440,+3.39, +3.541, +0.169,+0.957
1609744500,+3.39, +3.552, +0.167,+0.957
1609744560,+3.39, +3.531, +0.169,+0.957
1609744620,+3.39, +3.541, +0.169,+0.957
1609744680,+3.40, +3.552, +0.168,+0.957
1609744740,+3.39, +3.541, +0.171,+0.957
1609744800,+3.39, +3.520, +0.170,+0.957
1609744860,+3.39, +3.552, +0.169,+0.957
1609744920,+3.39, +3.552, +0.168,+0.957
1609744980,+3.39, +3.552, +0.168,+0.956
1609745040,+3.39, +3.520, +0.170,+0.957
1609745100,+3.39, +3.520, +0.170,+0.957
1609745160,+3.39, +3.531, +0.168,+0.957
1609745220,+3.39, +3.541, +0.169,+0.957
1609745280,+3.39, +3.541, +0.169,+0.957
1609745340,+3.39, +3.552, +0.169,+0.957
1609745400,+3.39, +3.531, +0.170,+0.957
1609745460,+3.39, +3.552, +0.169,+0.957
1609745520,+3.39, +3.573, +0.169,+0.957
1609745580,+3.39, +3.573, +0.170,+0.957
1609745640,+3.39, +3.520, +0.171,+0.957
1609745700,+3.39, +3.531, +0.168,+0.956
1609745760,+3.39, +3.531, +0.170,+0.957
1609745820,+3.39, +3.552, +0.169,+0.957
1609745880,+3.39, +3.552, +0.170,+0.957
1609745940,+3.39, +3.531, +0.169,+0.957
1609746000,+3.39, +3.520, +0.171,+0.957
1609746060,+3.39, +3.562, +0.166,+0.957
1609746120,+3.39, +3.510, +0.169,+0.957
1609746180,+3.39, +3.541, +0.169,+0.957
1609746240,+3.39, +3.531, +0.168,+0.957
1609746300,+3.39, +3.562, +0.168,+0.957
1609746360,+3.39, +3.531, +0.169,+0.957
1609746420,+3.39, +3.541, +0.170,+0.957
1609746480,+3.39, +3.552, +0.170,+0.957
1609746540,+3.39, +3.552, +0.170,+0.957
1609746600,+3.39, +3.552, +0.168,+0.957
1609746660,+3.39, +3.573, +0.168,+0.957
1609746720,+3.39, +3.520, +0.170,+0.957
1609746780,+3.39, +3.531, +0.168,+0.957
1609746840,+3.39, +3.541, +0.168,+0.957
1609746900,+3.39, +3.531, +0.170,+0.957
1609746960,+3.39, +3.552, +0.169,+0.957
1609747020,+3.39, +3.552, +0.169,+0.957
1609747080,+3.39, +3.552, +0.169,+0.957
1609747140,+3.39, +3.573, +0.168,+0.957
1609747200,+3.39, +3.541, +0.168,+0.957
1609747260,+3.39, +3.531, +0.170,+0.957
1609747320,+3.40, +3.541, +0.171,+0.957
1609747380,+3.39, +3.531, +0.169,+0.957
1609747440,+3.39, +3.531, +0.169,+0.957
1609747500,+3.39, +3.541, +0.169,+0.957
1609747560,+3.39, +3.541, +0.168,+0.957
1609747620,+3.39, +3.520, +0.169,+0.957
1609747680,+3.39, +3.531, +0.169,+0.957
1609747740,+3.39, +3.562, +0.170,+0.957
1609747800,+3.39, +3.531, +0.170,+0.957
1609747860,+3.39, +3.510, +0.169,+0.957
1609747920,+3.39, +3.562, +0.168,+0.957
1609747980,+3.39, +3.531, +0.169,+0.956
1609748040,+3.39, +3.531, +0.168,+0.957
1609748100,+3.39, +3.552, +0.168,+0.957
1609748160,+3.39, +3.520, +0.168,+0.957
1609748220,+3.39, +3.541, +0.169,+0.957
1609748280,+3.39, +3.541, +0.168,+0.957
1609748340,+3.39, +3.541, +0.169,+0.957
1609748400,+3.39, +3.562, +0.168,+0.957
1609748460,+3.39, +3.541, +0.170,+0.957
1609748520,+3.39, +3.552, +0.168,+0.957
1609748580,+3.39, +3.541, +0.170,+0.957
1609748640,+3.39, +3.541, +0.168,+0.957
1609748700,+3.39, +3.541, +0.169,+0.957
1609748760,+3.39, +3.541, +0.168,+0.956
1609748820,+3.39, +3.541, +0.170,+0.957
1609748880,+3.39, +3.531, +0.168,+0.957
1609748940,+3.39, +3.552, +0.169,+0.957
1609749000,+3.39, +3.541, +0.168,+0.956
1609749060,+3.39, +3.562, +0.169,+0.957
1609749120,+3.39, +3.531, +0.169,+0.957
1609749180,+3.39, +3.552, +0.170,+0.957
1609749240,+3.39, +3.541, +0.169,+0.957
1609749300,+3.39, +3.541, +0.169,+0.957
1609749360,+3.39, +3.562, +0.168,+0.957
1609749420,+3.39, +3.541, +0.169,+0.957
1609749480,+3.39, +3.573, +0.170,+0.957
1609749540,+3.39, +3.562, +0.169,+0.957
1609749600,+3.39, +3.520, +0.169,+0.957
1609749660,+3.39, +3.562, +0.168,+0.957
1609749720,+3.39, +3.541, +0.168,+0.957
1609749780,+3.39, +3.552, +0.170,+0.957
1609749840,+3.39, +3.552, +0.170,+0.957
1609749900,+3.39, +3.552, +0.169,+0.957
1609749960,+3.39, +3.552, +0.170,+0.957
1609750020,+3.39, +3.531, +0.169,+0.957
1609750080,+3.39, +3.531, +0.169,+0.957
1609750140,+3.39, +3.573, +0.168,+0.957
1609750200,+3.39, +3.541, +0.170,+0.957
1609750260,+3.39, +3.541, +0.168,+0.957
1609750320,+3.39, +3.531, +0.171,+0.957
1609750380,+3.39, +3.552, +0.168,+0.957
1609750440,+3.39, +3.541, +0.169,+0.957
1609750500,+3.39, +3.552, +0.168,+0.957
1609750560,+3.39, +3.520, +0.170,+0.957
1609750620,+3.39, +3.541, +0.169,+0.957
1609750680,+3.39, +3.541, +0.170,+0.957
1609750740,+3.39, +3.531, +0.167,+0.957
1609750800,+3.39, +3.552, +0.168,+0.957
1609750860,+3.39, +3.552, +0.170,+0.957
1609750920,+3.39, +3.552, +0.168,+0.957
1609750980,+3.39, +3.541, +0.168,+0.957
1609751040,+3.39, +3.541, +0.169,+0.957
1609751100,+3.39, +3.541, +0.169,+0.957
1609751160,+3.39, +3.531, +0.168,+0.957
1609751220,+3.39, +3.562, +0.170,+0.957
1609751280,+3.39, +3.562, +0.169,+0.957
1609751340,+3.39, +3.541, +0.170,+0.957
1609751400,+3.39, +3.541, +0.167,+0.957
1609751460,+3.39, +3.541, +0.170,+0.957
1609751520,+3.39, +3.594, +0.168,+0.957
1609751580,+3.39, +3.531, +0.169,+0.957
1609751640,+3.39, +3.541, +0.168,+0.957
1609751700,+3.40, +3.541, +0.170,+0.957
1609751760,+3.39, +3.520, +0.169,+0.957
1609751820,+3.39, +3.510, +0.169,+0.957
1609751880,+3.39, +3.573, +0.168,+0.957
1609751940,+3.39, +3.531, +0.168,+0.956
1609752000,+3.39, +3.541, +0.168,+0.957
1609752060,+3.39, +3.552, +0.170,+0.957
1609752120,+3.40, +3.541, +0.170,+0.957
1609752180,+3.39, +3.531, +0.168,+0.957
1609752240,+3.39, +3.531, +0.168,+0.957
1609752300,+3.39, +3.520, +0.168,+0.956
1609752360,+3.39, +3.552, +0.168,+0.957
1609752420,+3.39, +3.541, +0.169,+0.957
1609752480,+3.39, +3.541, +0.169,+0.957
1609752540,+3.39, +3.510, +0.169,+0.957
1609752600,+3.39, +3.531, +0.170,+0.957
1609752660,+3.39, +3.562, +0.167,+0.957
1609752720,+3.39, +3.562, +0.169,+0.957
1609752780,+3.39, +3.552, +0.170,+0.957
1609752840,+3.40, +3.541, +0.170,+0.957
1609752900,+3.39, +3.541, +0.170,+0.957
1609752960,+3.39, +3.541, +0.170,+0.957
1609753020,+3.39, +3.531, +0.169,+0.957
1609753080,+3.39, +3.541, +0.170,+0.957
1609753140,+3.39, +3.552, +0.168,+0.957
1609753200,+3.39, +3.594, +0.169,+0.957
1609753260,+3.39, +3.541, +0.168,+0.957
1609753320,+3.39, +3.520, +0.169,+0.956
1609753380,+3.39, +3.541, +0.170,+0.957
1609753440,+3.39, +3.552, +0.169,+0.957
1609753500,+3.39, +3.541, +0.169,+0.957
1609753560,+3.39, +3.531, +0.169,+0.957
1609753620,+3.39, +3.552, +0.167,+0.957
1609753680,+3.39, +3.541, +0.170,+0.957
1609753740,+3.39, +3.541, +0.171,+0.957
1609753800,+3.39, +3.541, +0.169,+0.957
1609753860,+3.39, +3.583, +0.170,+0.957
1609753920,+3.39, +3.541, +0.169,+0.957
1609753980,+3.39, +3.552, +0.168,+0.957
1609754040,+3.39, +3.531, +0.169,+0.957
1609754100,+3.39, +3.541, +0.166,+0.956
1609754160,+3.39, +3.552, +0.170,+0.957
1609754220,+3.39, +3.552, +0.169,+0.957
1609754280,+3.39, +3.541, +0.169,+0.957
1609754340,+3.39, +3.531, +0.169,+0.957
1609754400,+3.39, +3.531, +0.170,+0.957
1609754460,+3.39, +3.541, +0.171,+0.957
1609754520,+3.40, +3.562, +0.168,+0.957
1609754580,+3.39, +3.552, +0.169,+0.957
1609754640,+3.39, +3.531, +0.171,+0.957
1609754700,+3.39, +3.541, +0.169,+0.957
1609754760,+3.39, +3.562, +0.168,+0.957
1609754820,+3.39, +3.552, +0.169,+0.957
1609754880,+3.39, +3.541, +0.168,+0.957
1609754940,+3.39, +3.531, +0.169,+0.957
1609755000,+3.39, +3.531, +0.170,+0.957
1609755060,+3.39, +3.541, +0.171,+0.957
1609755120,+3.39, +3.562, +0.169,+0.957
1609755180,+3.39, +3.531, +0.171,+0.957
1609755240,+3.39, +3.531, +0.170,+0.957
1609755300,+3.39, +3.541, +0.168,+0.957
1609755360,+3.39, +3.541, +0.168,+0.957
1609755420,+3.39, +3.552, +0.170,+0.957
1609755480,+3.39, +3.541, +0.168,+0.957
1609755540,+3.39, +3.552, +0.169,+0.957
1609755600,+3.39, +3.520, +0.171,+0.957
1609755660,+3.39, +3.552, +0.170,+0.957
1609755720,+3.39, +3.541, +0.169,+0.957
1609755780,+3.39, +3.562, +0.168,+0.957
1609755840,+3.39, +3.541, +0.170,+0.957
1609755900,+3.39, +3.510, +0.169,+0.957
1609755960,+3.39, +3.531, +0.169,+0.957
1609756020,+3.39, +3.552, +0.168,+0.956
1609756080,+3.39, +3.531, +0.169,+0.957
1609756140,+3.39, +3.541, +0.170,+0.957
1609756200,+3.39, +3.552, +0.170,+0.957
1609756260,+3.39, +3.541, +0.169,+0.957
1609756320,+3.39, +3.562, +0.169,+0.957
1609756380,+3.39, +3.541, +0.170,+0.957
1609756440,+3.39, +3.531, +0.168,+0.957
1609756500,+3.39, +3.531, +0.169,+0.957
1609756560,+3.39, +3.541, +0.169,+0.957
1609756620,+3.39, +3.520, +0.169,+0.957
1609756680,+3.39, +3.531, +0.170,+0.957
1609756740,+3.39, +3.541, +0.170,+0.957
1609756800,+3.39, +3.531, +0.168,+0.957
1609756860,+3.39, +3.541, +0.167,+0.957
1609756920,+3.39, +3.531, +0.169,+0.957
1609756980,+3.39, +3.531, +0.169,+0.957
1609757040,+3.39, +3.552, +0.168,+0.957
1609757100,+3.39, +3.552, +0.168,+0.957
1609757160,+3.39, +3.541, +0.169,+0.957
1609757220,+3.39, +3.541, +0.168,+0.957
1609757280,+3.39, +3.510, +0.170,+0.957
1609757340,+3.39, +3.531, +0.170,+0.957
1609757400,+3.39, +3.552, +0.168,+0.957
1609757460,+3.39, +3.541, +0.170,+0.957
1609757520,+3.39, +3.541, +0.169,+0.957
1609757580,+3.39, +3.541, +0.168,+0.957
1609757640,+3.39, +3.552, +0.169,+0.957
1609757700,+3.39, +3.573, +0.168,+0.957
1609757760,+3.39, +3.531, +0.169,+0.957
1609757820,+3.39, +3.531, +0.169,+0.957
1609757880,+3.39, +3.531, +0.169,+0.957
1609757940,+3.39, +3.541, +0.169,+0.957
1609758000,+3.39, +3.541, +0.169,+0.957
1609758060,+3.39, +3.531, +0.169,+0.957
1609758120,+3.39, +3.541, +0.170,+0.957
1609758180,+3.39, +3.531, +0.169,+0.957
1609758240,+3.39, +3.562, +0.170,+0.957
1609758300,+3.39, +3.552, +0.169,+0.957
1609758360,+3.39, +3.541, +0.170,+0.957
1609758420,+3.39, +3.541, +0.169,+0.957
1609758480,+3.39, +3.520, +0.171,+0.957
1609758540,+3.39, +3.562, +0.168,+0.957
1609758600,+3.39, +3.541, +0.169,+0.957
1609758660,+3.39, +3.531, +0.170,+0.957
1609758720,+3.39, +3.552, +0.168,+0.957
1609758780,+3.39, +3.520, +0.170,+0.957
1609758840,+3.39, +3.541, +0.170,+0.957
1609758900,+3.40, +3.552, +0.170,+0.957
1609758960,+3.39, +3.531, +0.170,+0.957
1609759020,+3.39, +3.531, +0.170,+0.957
1609759080,+3.39, +3.562, +0.169,+0.957
1609759140,+3.39, +3.562, +0.167,+0.956
1609759200,+3.39, +3.510, +0.170,+0.957
1609759260,+3.39, +3.541, +0.169,+0.957
1609759320,+3.39, +3.552, +0.169,+0.957
1609759380,+3.39, +3.541, +0.170,+0.957
1609759440,+3.39, +3.552, +0.170,+0.957
1609759500,+3.39, +3.562, +0.169,+0.957
1609759560,+3.39, +3.531, +0.170,+0.957
1609759620,+3.39, +3.552, +0.169,+0.957
1609759680,+3.39, +3.520, +0.169,+0.957
1609759740,+3.39, +3.562, +0.168,+0.957
1609759800,+3.39, +3.552, +0.170,+0.957
1609759860,+3.39, +3.541, +0.168,+0.957
1609759920,+3.39, +3.531, +0.169,+0.957
1609759980,+3.39, +3.541, +0.170,+0.957
1609760040,+3.39, +3.520, +0.170,+0.957
1609760100,+3.39, +3.520, +0.172,+0.957
1609760160,+3.39, +3.531, +0.169,+0.957
1609760220,+3.39, +3.541, +0.169,+0.957
1609760280,+3.39, +3.531, +0.169,+0.957
1609760340,+3.39, +3.541, +0.167,+0.956
1609760400,+3.39, +3.552, +0.170,+0.957
1609760460,+3.39, +3.531, +0.170,+0.957
1609760520,+3.39, +3.541, +0.169,+0.957
1609760580,+3.39, +3.520, +0.170,+0.957
1609760640,+3.39, +3.520, +0.169,+0.957
1609760700,+3.39, +3.562, +0.170,+0.957
1609760760,+3.39, +3.541, +0.169,+0.957
1609760820,+3.39, +3.552, +0.169,+0.957
1609760880,+3.39, +3.510, +0.170,+0.957
1609760940,+3.39, +3.541, +0.169,+0.957
1609761000,+3.39, +3.541, +0.169,+0.957
1609761060,+3.39, +3.552, +0.168,+0.957
1609761120,+3.39, +3.552, +0.170,+0.957
1609761180,+3.39, +3.531, +0.170,+0.957
1609761240,+3.39, +3.562, +0.169,+0.957
1609761300,+3.39, +3.531, +0.170,+0.957
1609761360,+3.39, +3.541, +0.167,+0.957
1609761420,+3.39, +3.552, +0.169,+0.957
1609761480,+3.39, +3.520, +0.169,+0.957
1609761540,+3.39, +3.562, +0.169,+0.957
1609761600,+3.39, +3.541, +0.170,+0.957
1609761660,+3.39, +3.541, +0.169,+0.957
1609761720,+3.39, +3.552, +0.170,+0.957
1609761780,+3.39, +3.552, +0.169,+0.957
1609761840,+3.39, +3.499, +0.171,+0.957
1609761900,+3.39, +3.562, +0.169,+0.957
1609761960,+3.39, +3.541, +0.170,+0.957
1609762020,+3.39, +3.520, +0.168,+0.957
1609762080,+3.39, +3.552, +0.166,+0.957
1609762140,+3.39, +3.541, +0.168,+0.957
1609762200,+3.39, +3.531, +0.169,+0.957
1609762260,+3.39, +3.552, +0.169,+0.957
1609762320,+3.39, +3.520, +0.168,+0.957
1609762380,+3.39, +3.531, +0.169,+0.957
1609762440,+3.39, +3.541, +0.169,+0.957
1609762500,+3.39, +3.531, +0.168,+0.957
1609762560,+3.39, +3.552, +0.170,+0.957
1609762620,+3.39, +3.520, +0.169,+0.957
1609762680,+3.39, +3.552, +0.169,+0.957
1609762740,+3.39, +3.520, +0.170,+0.957
1609762800,+3.39, +3.531, +0.170,+0.957
1609762860,+3.39, +3.531, +0.170,+0.957
1609762920,+3.39, +3.541, +0.171,+0.957
1609762980,+3.39, +3.531, +0.168,+0.957
1609763040,+3.39, +3.541, +0.169,+0.957
1609763100,+3.39, +3.531, +0.168,+0.957
1609763160,+3.39, +3.531, +0.169,+0.957
1609763220,+3.39, +3.531, +0.170,+0.957
1609763280,+3.39, +3.541, +0.168,+0.957
1609763340,+3.39, +3.541, +0.170,+0.957
1609763400,+3.39, +3.541, +0.169,+0.957
1609763460,+3.39, +3.541, +0.171,+0.957
1609763520,+3.39, +3.531, +0.169,+0.957
1609763580,+3.39, +3.510, +0.170,+0.957
1609763640,+3.39, +3.541, +0.168,+0.957
1609763700,+3.39, +3.531, +0.168,+0.957
1609763760,+3.39, +3.531, +0.168,+0.957
1609763820,+3.39, +3.562, +0.170,+0.957
1609763880,+3.39, +3.531, +0.169,+0.957
1609763940,+3.39, +3.531, +0.170,+0.957
1609764000,+3.39, +3.541, +0.169,+0.957
1609764060,+3.39, +3.541, +0.170,+0.957
1609764120,+3.39, +3.541, +0.170,+0.957
1609764180,+3.39, +3.541, +0.170,+0.957
1609764240,+3.39, +3.531, +0.169,+0.957
1609764300,+3.39, +3.562, +0.171,+0.957
1609764360,+3.39, +3.541, +0.169,+0.957
1609764420,+3.39, +3.562, +0.167,+0.957
1609764480,+3.39, +3.541, +0.169,+0.957
1609764540,+3.39, +3.531, +0.170,+0.957
1609764600,+3.39, +3.520, +0.170,+0.957
1609764660,+3.39, +3.531, +0.170,+0.957
1609764720,+3.39, +3.552, +0.169,+0.957
1609764780,+3.39, +3.531, +0.170,+0.957
1609764840,+3.39, +3.531, +0.170,+0.957
1609764900,+3.39, +3.520, +0.170,+0.957
1609764960,+3.39, +3.541, +0.167,+0.957
1609765020,+3.39, +3.541, +0.169,+0.957
1609765080,+3.39, +3.541, +0.168,+0.957
1609765140,+3.39, +3.531, +0.170,+0.957
1609765200,+3.39, +3.541, +0.170,+0.957
1609765260,+3.39, +3.541, +0.168,+0.957
1609765320,+3.39, +3.541, +0.170,+0.957
1609765380,+3.39, +3.531, +0.170,+0.957
1609765440,+3.39, +3.552, +0.169,+0.957
1609765500,+3.39, +3.541, +0.169,+0.957
1609765560,+3.39, +3.499, +0.171,+0.957
1609765620,+3.39, +3.531, +0.170,+0.957
1609765680,+3.39, +3.531, +0.168,+0.957
1609765740,+3.39, +3.541, +0.169,+0.957
1609765800,+3.39, +3.573, +0.169,+0.957
1609765860,+3.39, +3.541, +0.169,+0.957
1609765920,+3.39, +3.541, +0.167,+0.957
1609765980,+3.39, +3.531, +0.170,+0.957
1609766040,+3.39, +3.552, +0.167,+0.957
1609766100,+3.39, +3.531, +0.169,+0.957
1609766160,+3.39, +3.531, +0.168,+0.957
1609766220,+3.39, +3.573, +0.167,+0.957
1609766280,+3.39, +3.552, +0.168,+0.957
1609766340,+3.39, +3.531, +0.168,+0.957
1609766400,+3.39, +3.541, +0.170,+0.957
1609766460,+3.39, +3.541, +0.168,+0.957
1609766520,+3.39, +3.562, +0.170,+0.957
1609766580,+3.39, +3.520, +0.169,+0.957
1609766640,+3.39, +3.541, +0.168,+0.957
1609766700,+3.39, +3.531, +0.169,+0.957
1609766760,+3.39, +3.520, +0.169,+0.957
1609766820,+3.39, +3.562, +0.169,+0.957
1609766880,+3.39, +3.541, +0.167,+0.957
1609766940,+3.39, +3.552, +0.168,+0.957
1609767000,+3.39, +3.531, +0.170,+0.957
1609767060,+3.39, +3.552, +0.169,+0.957
1609767120,+3.39, +3.531, +0.169,+0.957
1609767180,+3.39, +3.520, +0.169,+0.957
1609767240,+3.39, +3.552, +0.169,+0.957
1609767300,+3.39, +3.510, +0.169,+0.957
1609767360,+3.39, +3.541, +0.171,+0.957
1609767420,+3.39, +3.552, +0.169,+0.957
1609767480,+3.39, +3.552, +0.169,+0.957
1609767540,+3.39, +3.531, +0.169,+0.957
1609767600,+3.39, +3.541, +0.169,+0.957
1609767660,+3.39, +3.531, +0.168,+0.957
1609767720,+3.39, +3.520, +0.169,+0.957
1609767780,+3.39, +3.541, +0.169,+0.957
1609767840,+3.39, +3.520, +0.170,+0.957
1609767900,+3.39, +3.541, +0.168,+0.957
1609767960,+3.39, +3.531, +0.169,+0.957
1609768020,+3.39, +3.520, +0.170,+0.957
1609768080,+3.39, +3.552, +0.169,+0.957
1609768140,+3.39, +3.520, +0.169,+0.957
1609768200,+3.39, +3.552, +0.169,+0.957
1609768260,+3.39, +3.531, +0.169,+0.957
1609768320,+3.39, +3.552, +0.168,+0.957
1609768380,+3.39, +3.520, +0.168,+0.957
1609768440,+3.39, +3.541, +0.169,+0.957
1609768500,+3.39, +3.583, +0.169,+0.957
1609768560,+3.39, +3.552, +0.170,+0.957
1609768620,+3.39, +3.531, +0.169,+0.957
1609768680,+3.39, +3.510, +0.169,+0.957
1609768740,+3.39, +3.531, +0.169,+0.957
1609768800,+3.39, +3.541, +0.170,+0.957
1609768860,+3.39, +3.541, +0.170,+0.957
1609768920,+3.39, +3.520, +0.169,+0.957
1609768980,+3.39, +3.520, +0.170,+0.957
1609769040,+3.39, +3.531, +0.170,+0.957
1609769100,+3.39, +3.531, +0.171,+0.957
1609769160,+3.39, +3.510, +0.169,+0.957
1609769220,+3.39, +3.541, +0.168,+0.957
1609769280,+3.39, +3.520, +0.169,+0.957
1609769340,+3.39, +3.520, +0.170,+0.957
1609769400,+3.39, +3.552, +0.170,+0.957
1609769460,+3.39, +3.541, +0.170,+0.957
1609769520,+3.39, +3.541, +0.170,+0.957
1609769580,+3.39, +3.510, +0.169,+0.957
1609769640,+3.39, +3.541, +0.169,+0.957
1609769700,+3.39, +3.552, +0.170,+0.957
1609769760,+3.39, +3.552, +0.169,+0.957
1609769820,+3.39, +3.520, +0.170,+0.957
1609769880,+3.39, +3.552, +0.170,+0.957
1609769940,+3.39, +3.552, +0.170,+0.957
1609770000,+3.39, +3.531, +0.170,+0.957
1609770060,+3.39, +3.541, +0.168,+0.957
1609770120,+3.39, +3.531, +0.169,+0.957
1609770180,+3.39, +3.541, +0.168,+0.957
1609770240,+3.39, +3.541, +0.169,+0.957
1609770300,+3.39, +3.531, +0.169,+0.957
1609770360,+3.39, +3.531, +0.170,+0.957
1609770420,+3.39, +3.531, +0.169,+0.957
1609770480,+3.39, +3.552, +0.168,+0.957
1609770540,+3.39, +3.520, +0.169,+0.957
1609770600,+3.39, +3.499, +0.171,+0.957
1609770660,+3.39, +3.541, +0.169,+0.957
1609770720,+3.39, +3.510, +0.169,+0.957
1609770780,+3.39, +3.541, +0.168,+0.957
1609770840,+3.39, +3.541, +0.169,+0.957
1609770900,+3.39, +3.531, +0.170,+0.957
1609770960,+3.39, +3.510, +0.168,+0.957
1609771020,+3.39, +3.541, +0.168,+0.957
1609771080,+3.39, +3.541, +0.171,+0.957
1609771140,+3.39, +3.541, +0.170,+0.957
1609771200,+3.39, +3.520, +0.169,+0.957
1609771260,+3.39, +3.552, +0.170,+0.957
1609771320,+3.39, +3.531, +0.168,+0.957
1609771380,+3.39, +3.562, +0.169,+0.957
1609771440,+3.39, +3.510, +0.168,+0.957
1609771500,+3.39, +3.541, +0.170,+0.957
1609771560,+3.39, +3.541, +0.169,+0.957
1609771620,+3.39, +3.552, +0.169,+0.957
1609771680,+3.39, +3.541, +0.169,+0.957
1609771740,+3.39, +3.520, +0.169,+0.957
1609771800,+3.39, +3.541, +0.170,+0.957
1609771860,+3.39, +3.541, +0.169,+0.957
1609771920,+3.39, +3.552, +0.168,+0.957
1609771980,+3.39, +3.531, +0.169,+0.957
1609772040,+3.39, +3.541, +0.169,+0.957
1609772100,+3.39, +3.531, +0.170,+0.957
1609772160,+3.39, +3.552, +0.169,+0.957
1609772220,+3.39, +3.520, +0.170,+0.957
1609772280,+3.39, +3.552, +0.168,+0.957
1609772340,+3.39, +3.541, +0.170,+0.957
1609772400,+3.39, +3.541, +0.170,+0.957
1609772460,+3.39, +3.541, +0.168,+0.957
1609772520,+3.39, +3.520, +0.170,+0.957
1609772580,+3.39, +3.541, +0.170,+0.957
1609772640,+3.39, +3.520, +0.168,+0.957
1609772700,+3.39, +3.541, +0.170,+0.957
1609772760,+3.39, +3.531, +0.167,+0.957
1609772820,+3.39, +3.552, +0.168,+0.957
1609772880,+3.39, +3.541, +0.169,+0.957
1609772940,+3.39, +3.562, +0.169,+0.957
1609773000,+3.39, +3.541, +0.168,+0.957
1609773060,+3.39, +3.531, +0.169,+0.957
1609773120,+3.39, +3.541, +0.169,+0.957
1609773180,+3.39, +3.531, +0.169,+0.957
1609773240,+3.39, +3.510, +0.170,+0.957
1609773300,+3.39, +3.531, +0.170,+0.957
1609773360,+3.39, +3.541, +0.170,+0.957
1609773420,+3.39, +3.541, +0.167,+0.957
1609773480,+3.39, +3.541, +0.169,+0.957
1609773540,+3.39, +3.531, +0.169,+0.957
1609773600,+3.39, +3.541, +0.169,+0.957
1609773660,+3.39, +3.531, +0.171,+0.957
1609773720,+3.39, +3.541, +0.170,+0.957
1609773780,+3.39, +3.510, +0.171,+0.957
1609773840,+3.39, +3.520, +0.169,+0.957
1609773900,+3.39, +3.541, +0.168,+0.957
1609773960,+3.39, +3.541, +0.169,+0.957
1609774020,+3.39, +3.531, +0.168,+0.957
1609774080,+3.39, +3.552, +0.168,+0.957
1609774140,+3.39, +3.520, +0.168,+0.957
1609774200,+3.39, +3.531, +0.169,+0.957
1609774260,+3.39, +3.552, +0.168,+0.957
1609774320,+3.39, +3.531, +0.170,+0.957
1609774380,+3.39, +3.520, +0.171,+0.957
1609774440,+3.39, +3.520, +0.170,+0.957
1609774500,+3.39, +3.510, +0.169,+0.957
1609774560,+3.39, +3.510, +0.167,+0.957
1609774620,+3.39, +3.531, +0.167,+0.957
1609774680,+3.39, +3.531, +0.169,+0.957
1609774740,+3.39, +3.541, +0.170,+0.957
1609774800,+3.39, +3.541, +0.170,+0.957
1609774860,+3.39, +3.531, +0.169,+0.957
1609774920,+3.39, +3.520, +0.170,+0.957
1609774980,+3.39, +3.541, +0.170,+0.957
1609775040,+3.39, +3.531, +0.167,+0.957
1609775100,+3.39, +3.520, +0.168,+0.957
1609775160,+3.39, +3.520, +0.169,+0.957
1609775220,+3.39, +3.531, +0.169,+0.957
1609775280,+3.39, +3.520, +0.170,+0.957
1609775340,+3.39, +3.541, +0.169,+0.957
1609775400,+3.39, +3.499, +0.170,+0.957
1609775460,+3.39, +3.520, +0.170,+0.957
1609775520,+3.39, +3.489, +0.170,+0.957
1609775580,+3.39, +3.531, +0.169,+0.957
1609775640,+3.39, +3.520, +0.168,+0.957
1609775700,+3.39, +3.468, +0.170,+0.957
1609775760,+3.39, +3.520, +0.170,+0.957
1609775820,+3.39, +3.520, +0.169,+0.957
1609775880,+3.39, +3.510, +0.170,+0.957
1609775940,+3.39, +3.520, +0.169,+0.957
1609776000,+3.39, +3.531, +0.168,+0.957
1609776060,+3.39, +3.510, +0.169,+0.957
1609776120,+3.39, +3.510, +0.170,+0.957
1609776180,+3.39, +3.520, +0.168,+0.957
1609776240,+3.39, +3.510, +0.168,+0.957
1609776300,+3.39, +3.541, +0.168,+0.957
1609776360,+3.39, +3.531, +0.168,+0.957
1609776420,+3.39, +3.541, +0.171,+0.957
1609776480,+3.39, +3.510, +0.170,+0.957
1609776540,+3.39, +3.510, +0.171,+0.957
1609776600,+3.39, +3.468, +0.169,+0.957
1609776660,+3.39, +3.531, +0.170,+0.957
1609776720,+3.39, +3.541, +0.169,+0.957
1609776780,+3.39, +3.531, +0.169,+0.957
1609776840,+3.39, +3.520, +0.171,+0.957
1609776900,+3.39, +3.520, +0.168,+0.957
1609776960,+3.39, +3.531, +0.170,+0.957
1609777020,+3.39, +3.583, +0.170,+0.957
1609777080,+3.39, +3.531, +0.169,+0.957
1609777140,+3.39, +3.552, +0.169,+0.957
1609777200,+3.39, +3.531, +0.168,+0.957
1609777260,+3.39, +3.541, +0.169,+0.957
1609777320,+3.39, +3.531, +0.170,+0.957
1609777380,+3.39, +3.552, +0.169,+0.957
1609777440,+3.39, +3.520, +0.171,+0.957
1609777500,+3.39, +3.531, +0.170,+0.957
1609777560,+3.39, +3.520, +0.168,+0.957
1609777620,+3.39, +3.541, +0.169,+0.957
1609777680,+3.39, +3.562, +0.169,+0.957
1609777740,+3.39, +3.520, +0.170,+0.957
1609777800,+3.39, +3.531, +0.170,+0.957
1609777860,+3.39, +3.531, +0.168,+0.957
1609777920,+3.39, +3.531, +0.170,+0.957
1609777980,+3.39, +3.510, +0.169,+0.957
1609778040,+3.39, +3.541, +0.170,+0.957
1609778100,+3.39, +3.531, +0.169,+0.957
1609778160,+3.39, +3.562, +0.168,+0.957
1609778220,+3.39, +3.552, +0.168,+0.957
1609778280,+3.39, +3.520, +0.170,+0.957
1609778340,+3.39, +3.520, +0.170,+0.957
1609778400,+3.39, +3.541, +0.169,+0.957
