7392-570653
OS REV: 1.11 Sensor Cal: 1428445788
Time (sec),  BV (Volts),  T (deg C),  DO (mg/l),  Q ()
1573851060,+3.57,+21.049, +8.597,+0.982
1573851120,+3.57,+21.141, +8.563,+0.981
1573851180,+3.57,+21.275, +8.548,+0.982
1573851240,+3.57,+21.208, +8.554,+0.983
1573851300,+3.57,+21.233, +8.503,+0.982
1573851360,+3.57,+21.250, +8.546,+0.981
1573851420,+3.57,+21.250, +8.556,+0.981
1573851480,+3.57,+21.241, +8.517,+0.980
1573851540,+3.57,+21.233, +8.475,+0.980
1573851600,+3.57,+21.216, +8.538,+0.981
1573851660,+3.57,+21.216, +8.510,+0.980
1573851720,+3.57,+21.174, +8.548,+0.981
1573851780,+3.57,+21.149, +8.550,+0.980
1573851840,+3.57,+21.116, +8.559,+0.981
1573851900,+3.57,+21.074, +8.551,+0.979
1573851960,+3.56,+21.040, +8.566,+0.980
1573852020,+3.56,+21.015, +8.582,+0.981
1573852080,+3.56,+20.982, +8.572,+0.981
1573852140,+3.56,+20.940, +8.590,+0.981
1573852200,+3.56,+20.906, +8.581,+0.980
1573852260,+3.56,+20.881, +8.604,+0.980
1573852320,+3.56,+20.756, +8.614,+0.979
1573852380,+3.56,+20.605, +8.637,+0.979
1573852440,+3.56,+20.446, +8.662,+0.979
1573852500,+3.56,+20.312, +8.683,+0.979
1573852560,+3.56,+19.968, +8.724,+0.979
1573852620,+3.56,+19.666, +8.752,+0.977
1573852680,+3.56,+19.431, +8.779,+0.977
1573852740,+3.56,+19.247, +8.812,+0.976
1573852800,+3.56,+19.112, +8.821,+0.976
1573852860,+3.55,+18.961, +8.835,+0.977
1573852920,+3.55,+18.600, +8.877,+0.975
1573852980,+3.55,+18.137, +8.808,+0.974
1573853040,+3.56,+17.117, +8.981,+0.972
1573853100,+3.55,+15.571, +8.872,+0.961
1573853160,+3.55,+13.540, +9.478,+0.929
1573853220,+3.55,+11.721, +9.590,+0.905
1573853280,+3.55,+10.230,+10.168,+0.900
1573853340,+3.55, +8.998,+10.385,+0.898
1573853400,+3.55, +7.976,+10.925,+0.902
1573853460,+3.55, +7.442,+11.082,+0.909
1573853520,+3.55, +6.884,+11.221,+0.912
1573853580,+3.55, +6.533,+11.344,+0.917
1573853640,+3.55, +6.259,+11.457,+0.923
1573853700,+3.55, +5.993,+11.490,+0.925
1573853760,+3.55, +5.685,+11.598,+0.928
1573853820,+3.55, +5.426,+11.695,+0.932
1573853880,+3.55, +5.114,+11.781,+0.936
1573853940,+3.55, +4.861,+11.823,+0.938
1573854000,+3.55, +4.596,+11.886,+0.940
1573854060,+3.55, +4.237,+12.057,+0.946
1573854120,+3.54, +3.761,+12.181,+0.946
1573854180,+3.54, +3.499,+12.260,+0.949
1573854240,+3.54, +3.109,+12.381,+0.951
1573854300,+3.54, +2.875,+12.431,+0.954
1573854360,+3.54, +2.554,+12.574,+0.957
1573854420,+3.54, +2.284,+12.680,+0.960
1573854480,+3.54, +2.490, +6.932,+0.964
1573854540,+3.54, +2.854, +5.563,+0.971
1573854600,+3.54, +3.120, +5.010,+0.974
1573854660,+3.54, +3.331, +4.666,+0.973
1573854720,+3.54, +3.468, +4.455,+0.973
1573854780,+3.54, +3.541, +4.316,+0.973
1573854840,+3.54, +3.667, +4.195,+0.973
1573854900,+3.54, +3.729, +4.110,+0.972
1573854960,+3.53, +3.781, +4.051,+0.972
1573855020,+3.53, +3.834, +3.994,+0.971
1573855080,+3.54, +3.875, +3.964,+0.971
1573855140,+3.53, +3.844, +3.945,+0.971
1573855200,+3.53, +3.886, +3.912,+0.971
1573855260,+3.53, +3.906, +3.882,+0.971
1573855320,+3.53, +3.917, +3.846,+0.971
1573855380,+3.53, +3.969, +3.803,+0.970
1573855440,+3.53, +3.969, +3.775,+0.970
1573855500,+3.53, +3.958, +3.753,+0.970
1573855560,+3.53, +3.969, +3.733,+0.970
1573855620,+3.53, +3.969, +3.718,+0.969
1573855680,+3.53, +4.000, +3.712,+0.970
1573855740,+3.53, +4.000, +3.707,+0.969
1573855800,+3.52, +4.020, +3.701,+0.969
1573855860,+3.52, +4.000, +3.697,+0.969
1573855920,+3.52, +4.010, +3.690,+0.969
1573855980,+3.52, +3.979, +3.709,+0.969
1573856040,+3.52, +3.989, +3.718,+0.969
1573856100,+3.52, +4.020, +3.715,+0.969
1573856160,+3.52, +4.020, +3.718,+0.969
1573856220,+3.51, +3.969, +3.698,+0.970
1573856280,+3.51, +4.020, +3.633,+0.969
1573856340,+3.51, +4.052, +3.551,+0.970
1573856400,+3.51, +4.041, +3.453,+0.969
1573856460,+3.51, +4.041, +3.359,+0.969
1573856520,+3.51, +4.052, +3.259,+0.969
1573856580,+3.51, +4.062, +3.161,+0.968
1573856640,+3.51, +4.000, +3.081,+0.968
1573856700,+3.51, +4.052, +2.990,+0.967
1573856760,+3.51, +4.020, +2.926,+0.967
1573856820,+3.51, +4.031, +2.858,+0.966
1573856880,+3.51, +4.052, +2.796,+0.966
1573856940,+3.51, +4.052, +2.737,+0.966
1573857000,+3.51, +4.031, +2.680,+0.965
1573857060,+3.51, +4.062, +2.623,+0.965
1573857120,+3.50, +4.062, +2.570,+0.965
1573857180,+3.50, +4.020, +2.524,+0.964
1573857240,+3.50, +4.083, +2.469,+0.964
1573857300,+3.50, +4.020, +2.435,+0.964
1573857360,+3.50, +4.041, +2.397,+0.964
1573857420,+3.50, +4.041, +2.363,+0.963
1573857480,+3.50, +4.062, +2.330,+0.963
1573857540,+3.50, +4.052, +2.299,+0.962
1573857600,+3.50, +4.052, +2.271,+0.962
1573857660,+3.50, +4.062, +2.232,+0.962
1573857720,+3.50, +4.083, +2.205,+0.962
1573857780,+3.50, +4.041, +2.182,+0.961
1573857840,+3.50, +4.052, +2.153,+0.961
1573857900,+3.50, +4.062, +2.130,+0.961
1573857960,+3.50, +4.052, +2.111,+0.961
1573858020,+3.50, +4.062, +2.095,+0.960
1573858080,+3.50, +4.083, +2.083,+0.960
1573858140,+3.50, +4.062, +2.073,+0.960
1573858200,+3.50, +4.072, +2.060,+0.960
1573858260,+3.50, +4.093, +2.049,+0.960
1573858320,+3.50, +4.062, +2.039,+0.960
1573858380,+3.50, +4.072, +2.022,+0.960
1573858440,+3.50, +4.052, +2.006,+0.959
1573858500,+3.50, +4.083, +1.989,+0.959
1573858560,+3.50, +4.072, +1.978,+0.959
1573858620,+3.50, +4.093, +1.964,+0.959
1573858680,+3.49, +4.062, +1.961,+0.959
1573858740,+3.50, +4.052, +1.962,+0.959
1573858800,+3.50, +4.052, +1.966,+0.959
1573858860,+3.49, +4.062, +1.975,+0.959
1573858920,+3.49, +4.052, +1.989,+0.959
1573858980,+3.49, +4.083, +2.006,+0.959
1573859040,+3.49, +4.052, +2.032,+0.959
1573859100,+3.49, +4.052, +2.059,+0.959
1573859160,+3.49, +4.052, +2.084,+0.959
1573859220,+3.49, +4.072, +2.108,+0.959
1573859280,+3.49, +4.093, +2.133,+0.960
1573859340,+3.49, +4.052, +2.164,+0.960
1573859400,+3.49, +4.103, +2.178,+0.961
1573859460,+3.49, +4.072, +2.201,+0.961
1573859520,+3.49, +4.072, +2.212,+0.961
1573859580,+3.49, +4.062, +2.228,+0.962
1573859640,+3.49, +4.072, +2.227,+0.962
1573859700,+3.49, +4.083, +2.230,+0.962
1573859760,+3.49, +4.083, +2.227,+0.962
1573859820,+3.49, +4.072, +2.222,+0.962
1573859880,+3.49, +4.083, +2.214,+0.962
1573859940,+3.49, +4.083, +2.204,+0.962
1573860000,+3.49, +4.083, +2.205,+0.962
1573860060,+3.49, +4.093, +2.199,+0.962
1573860120,+3.49, +4.093, +2.203,+0.962
1573860180,+3.49, +4.093, +2.204,+0.961
1573860240,+3.49, +4.072, +2.211,+0.961
1573860300,+3.49, +4.083, +2.213,+0.961
1573860360,+3.49, +4.083, +2.220,+0.961
1573860420,+3.49, +4.072, +2.222,+0.961
1573860480,+3.48, +4.083, +2.220,+0.961
1573860540,+3.48, +4.072, +2.215,+0.962
1573860600,+3.48, +4.041, +2.206,+0.961
1573860660,+3.48, +4.083, +2.198,+0.962
1573860720,+3.48, +4.083, +2.194,+0.962
1573860780,+3.48, +4.083, +2.189,+0.962
1573860840,+3.48, +4.072, +2.186,+0.962
1573860900,+3.48, +4.072, +2.171,+0.962
1573860960,+3.48, +4.052, +2.150,+0.962
1573861020,+3.48, +4.062, +2.119,+0.962
1573861080,+3.48, +4.103, +2.081,+0.963
1573861140,+3.48, +4.062, +2.047,+0.962
1573861200,+3.48, +4.083, +2.005,+0.962
1573861260,+3.48, +4.062, +1.971,+0.962
1573861320,+3.48, +4.072, +1.941,+0.962
1573861380,+3.48, +4.062, +1.917,+0.962
1573861440,+3.48, +4.083, +1.894,+0.962
1573861500,+3.48, +4.083, +1.876,+0.962
1573861560,+3.48, +4.072, +1.861,+0.962
1573861620,+3.48, +4.072, +1.851,+0.962
1573861680,+3.48, +4.062, +1.841,+0.961
1573861740,+3.48, +4.072, +1.839,+0.961
1573861800,+3.48, +4.041, +1.843,+0.962
1573861860,+3.48, +4.062, +1.840,+0.962
1573861920,+3.47, +4.062, +1.843,+0.961
1573861980,+3.47, +4.062, +1.848,+0.961
1573862040,+3.47, +4.072, +1.858,+0.961
1573862100,+3.47, +4.083, +1.870,+0.961
1573862160,+3.47, +4.062, +1.883,+0.961
1573862220,+3.47, +4.083, +1.894,+0.961
1573862280,+3.47, +4.083, +1.907,+0.961
1573862340,+3.47, +4.052, +1.922,+0.961
1573862400,+3.47, +4.041, +1.927,+0.961
1573862460,+3.47, +4.072, +1.924,+0.961
1573862520,+3.47, +4.062, +1.922,+0.962
1573862580,+3.47, +4.062, +1.915,+0.962
1573862640,+3.47, +4.052, +1.908,+0.962
1573862700,+3.47, +4.083, +1.895,+0.963
1573862760,+3.47, +4.072, +1.891,+0.963
1573862820,+3.47, +4.072, +1.883,+0.962
1573862880,+3.47, +4.062, +1.882,+0.963
1573862940,+3.47, +4.062, +1.873,+0.962
1573863000,+3.47, +4.041, +1.878,+0.962
1573863060,+3.47, +4.083, +1.874,+0.963
1573863120,+3.47, +4.062, +1.881,+0.963
1573863180,+3.47, +4.083, +1.883,+0.962
1573863240,+3.47, +4.093, +1.889,+0.963
1573863300,+3.47, +4.041, +1.900,+0.963
1573863360,+3.47, +4.072, +1.897,+0.963
1573863420,+3.47, +4.062, +1.892,+0.963
1573863480,+3.47, +4.083, +1.873,+0.963
1573863540,+3.47, +4.083, +1.852,+0.963
1573863600,+3.47, +4.093, +1.823,+0.963
1573863660,+3.46, +4.083, +1.795,+0.964
1573863720,+3.46, +4.010, +1.768,+0.963
1573863780,+3.46, +4.062, +1.731,+0.963
1573863840,+3.46, +4.052, +1.704,+0.964
1573863900,+3.46, +4.062, +1.674,+0.963
1573863960,+3.46, +4.072, +1.651,+0.963
1573864020,+3.46, +4.062, +1.632,+0.963
1573864080,+3.46, +4.072, +1.614,+0.963
1573864140,+3.46, +4.072, +1.602,+0.963
1573864200,+3.46, +4.083, +1.595,+0.963
1573864260,+3.46, +4.093, +1.586,+0.962
1573864320,+3.46, +4.062, +1.587,+0.962
1573864380,+3.46, +4.052, +1.590,+0.962
1573864440,+3.46, +4.072, +1.593,+0.962
1573864500,+3.46, +4.072, +1.604,+0.962
1573864560,+3.46, +4.072, +1.615,+0.962
1573864620,+3.46, +4.083, +1.624,+0.962
1573864680,+3.46, +4.072, +1.634,+0.962
1573864740,+3.46, +4.062, +1.647,+0.962
1573864800,+3.46, +4.062, +1.658,+0.963
1573864860,+3.46, +4.062, +1.667,+0.963
1573864920,+3.46, +4.041, +1.685,+0.963
1573864980,+3.46, +4.083, +1.690,+0.963
1573865040,+3.46, +4.083, +1.700,+0.964
1573865100,+3.46, +4.041, +1.717,+0.964
1573865160,+3.46, +4.093, +1.720,+0.964
1573865220,+3.46, +4.062, +1.729,+0.964
1573865280,+3.45, +4.083, +1.736,+0.964
1573865340,+3.45, +4.072, +1.747,+0.965
1573865400,+3.45, +4.052, +1.755,+0.965
1573865460,+3.45, +4.093, +1.761,+0.966
1573865520,+3.45, +4.052, +1.764,+0.965
1573865580,+3.45, +4.083, +1.767,+0.966
1573865640,+3.45, +4.052, +1.771,+0.966
1573865700,+3.45, +4.072, +1.773,+0.966
1573865760,+3.45, +4.083, +1.772,+0.966
1573865820,+3.45, +4.103, +1.772,+0.966
1573865880,+3.45, +4.052, +1.775,+0.966
1573865940,+3.45, +4.062, +1.786,+0.966
1573866000,+3.45, +4.062, +1.794,+0.966
1573866060,+3.45, +4.062, +1.803,+0.966
1573866120,+3.45, +4.083, +1.816,+0.966
1573866180,+3.45, +4.062, +1.829,+0.967
1573866240,+3.45, +4.083, +1.837,+0.967
1573866300,+3.45, +4.093, +1.842,+0.967
1573866360,+3.45, +4.083, +1.853,+0.967
1573866420,+3.45, +4.072, +1.853,+0.967
1573866480,+3.45, +4.052, +1.857,+0.968
1573866540,+3.45, +4.072, +1.848,+0.967
1573866600,+3.45, +4.093, +1.839,+0.967
1573866660,+3.45, +4.072, +1.828,+0.968
1573866720,+3.44, +4.072, +1.811,+0.967
1573866780,+3.45, +4.062, +1.797,+0.968
1573866840,+3.44, +4.083, +1.774,+0.968
1573866900,+3.45, +4.093, +1.749,+0.967
1573866960,+3.44, +4.072, +1.721,+0.967
1573867020,+3.44, +4.083, +1.699,+0.967
1573867080,+3.44, +4.041, +1.673,+0.967
1573867140,+3.44, +4.062, +1.645,+0.967
1573867200,+3.44, +4.083, +1.620,+0.967
1573867260,+3.44, +4.062, +1.592,+0.966
1573867320,+3.44, +4.072, +1.568,+0.966
1573867380,+3.44, +4.072, +1.546,+0.966
1573867440,+3.44, +4.072, +1.523,+0.966
1573867500,+3.44, +4.093, +1.504,+0.966
1573867560,+3.44, +4.083, +1.487,+0.966
1573867620,+3.44, +4.083, +1.468,+0.966
1573867680,+3.44, +4.062, +1.453,+0.966
1573867740,+3.44, +4.072, +1.438,+0.965
1573867800,+3.44, +4.083, +1.425,+0.965
1573867860,+3.44, +4.041, +1.417,+0.965
1573867920,+3.44, +4.062, +1.407,+0.965
1573867980,+3.44, +4.062, +1.402,+0.965
1573868040,+3.44, +4.062, +1.401,+0.965
1573868100,+3.44, +4.052, +1.404,+0.965
1573868160,+3.44, +4.052, +1.408,+0.965
1573868220,+3.44, +4.083, +1.413,+0.965
1573868280,+3.44, +4.072, +1.422,+0.965
1573868340,+3.43, +4.093, +1.429,+0.966
1573868400,+3.43, +4.083, +1.438,+0.966
1573868460,+3.43, +4.072, +1.441,+0.966
1573868520,+3.43, +4.083, +1.439,+0.966
1573868580,+3.43, +4.062, +1.440,+0.966
1573868640,+3.43, +4.062, +1.436,+0.966
1573868700,+3.43, +4.072, +1.431,+0.967
1573868760,+3.43, +4.062, +1.424,+0.966
1573868820,+3.43, +4.072, +1.418,+0.966
1573868880,+3.43, +4.083, +1.412,+0.966
1573868940,+3.43, +4.052, +1.410,+0.966
1573869000,+3.43, +4.072, +1.405,+0.966
1573869060,+3.43, +4.072, +1.402,+0.966
1573869120,+3.43, +4.083, +1.398,+0.966
1573869180,+3.43, +4.052, +1.396,+0.966
1573869240,+3.43, +4.072, +1.396,+0.966
1573869300,+3.43, +4.083, +1.400,+0.966
1573869360,+3.43, +4.072, +1.407,+0.966
1573869420,+3.43, +4.052, +1.415,+0.966
1573869480,+3.43, +4.093, +1.423,+0.966
1573869540,+3.43, +4.062, +1.436,+0.966
1573869600,+3.43, +4.072, +1.449,+0.966
1573869660,+3.43, +4.052, +1.463,+0.966
1573869720,+3.43, +4.062, +1.473,+0.967
1573869780,+3.43, +4.062, +1.483,+0.967
1573869840,+3.43, +4.072, +1.494,+0.967
1573869900,+3.42, +4.072, +1.498,+0.967
1573869960,+3.42, +4.083, +1.506,+0.968
1573870020,+3.42, +4.083, +1.510,+0.968
1573870080,+3.42, +4.041, +1.518,+0.968
1573870140,+3.42, +4.083, +1.519,+0.968
1573870200,+3.42, +4.083, +1.523,+0.968
1573870260,+3.42, +4.062, +1.524,+0.968
1573870320,+3.42, +4.041, +1.522,+0.968
1573870380,+3.42, +4.072, +1.512,+0.968
1573870440,+3.42, +4.062, +1.499,+0.968
1573870500,+3.42, +4.072, +1.483,+0.968
1573870560,+3.42, +4.072, +1.462,+0.968
1573870620,+3.42, +4.062, +1.443,+0.968
1573870680,+3.42, +4.062, +1.421,+0.968
1573870740,+3.42, +4.041, +1.402,+0.967
1573870800,+3.42, +4.072, +1.377,+0.967
1573870860,+3.42, +4.062, +1.362,+0.967
1573870920,+3.42, +4.041, +1.347,+0.967
1573870980,+3.42, +4.093, +1.329,+0.967
1573871040,+3.42, +4.031, +1.322,+0.966
1573871100,+3.42, +4.031, +1.311,+0.966
1573871160,+3.42, +4.062, +1.302,+0.966
1573871220,+3.42, +4.062, +1.295,+0.966
1573871280,+3.42, +4.052, +1.289,+0.966
1573871340,+3.42, +4.062, +1.285,+0.966
1573871400,+3.42, +4.083, +1.288,+0.966
1573871460,+3.42, +4.062, +1.292,+0.966
1573871520,+3.42, +4.062, +1.298,+0.965
1573871580,+3.42, +4.052, +1.310,+0.966
1573871640,+3.42, +4.062, +1.318,+0.966
1573871700,+3.42, +4.052, +1.332,+0.966
1573871760,+3.42, +4.062, +1.343,+0.966
1573871820,+3.42, +4.083, +1.350,+0.966
1573871880,+3.41, +4.052, +1.355,+0.966
1573871940,+3.41, +4.041, +1.360,+0.966
1573872000,+3.41, +4.072, +1.360,+0.967
1573872060,+3.41, +4.052, +1.359,+0.967
1573872120,+3.41, +4.093, +1.353,+0.967
1573872180,+3.41, +4.062, +1.353,+0.967
1573872240,+3.41, +4.062, +1.347,+0.967
1573872300,+3.41, +4.062, +1.339,+0.966
1573872360,+3.41, +4.072, +1.335,+0.967
1573872420,+3.41, +4.052, +1.331,+0.967
1573872480,+3.41, +4.083, +1.323,+0.967
1573872540,+3.41, +4.052, +1.319,+0.966
1573872600,+3.41, +4.083, +1.312,+0.966
1573872660,+3.41, +4.052, +1.308,+0.966
1573872720,+3.41, +4.052, +1.305,+0.966
1573872780,+3.41, +4.062, +1.301,+0.966
1573872840,+3.41, +4.062, +1.302,+0.966
1573872900,+3.41, +4.062, +1.302,+0.966
1573872960,+3.41, +4.052, +1.305,+0.966
1573873020,+3.41, +4.072, +1.306,+0.966
1573873080,+3.41, +4.052, +1.309,+0.966
1573873140,+3.41, +4.062, +1.313,+0.966
1573873200,+3.41, +4.083, +1.316,+0.966
1573873260,+3.41, +4.103, +1.722,+0.935
1573873320,+3.41, +4.062, +1.842,+0.933
1573873380,+3.41, +4.041, +1.940,+0.931
1573873440,+3.41, +4.041, +2.037,+0.931
1573873500,+3.41, +4.062, +2.131,+0.931
1573873560,+3.41, +4.083, +2.223,+0.931
1573873620,+3.41, +4.062, +2.320,+0.932
1573873680,+3.40, +4.052, +2.407,+0.932
1573873740,+3.41, +4.052, +2.491,+0.933
1573873800,+3.41, +4.041, +2.573,+0.934
1573873860,+3.40, +4.083, +2.644,+0.935
1573873920,+3.40, +4.072, +2.712,+0.936
1573873980,+3.40, +4.062, +2.776,+0.937
1573874040,+3.40, +4.072, +2.829,+0.938
1573874100,+3.40, +4.072, +2.884,+0.939
1573874160,+3.40, +4.072, +2.926,+0.940
1573874220,+3.40, +4.052, +2.976,+0.941
1573874280,+3.40, +4.072, +3.014,+0.942
1573874340,+3.40, +4.072, +3.052,+0.942
1573874400,+3.40, +4.041, +3.091,+0.943
1573874460,+3.40, +4.052, +3.127,+0.944
1573874520,+3.40, +4.052, +3.158,+0.945
1573874580,+3.40, +4.052, +3.189,+0.946
1573874640,+3.40, +4.083, +3.213,+0.947
1573874700,+3.40, +4.062, +3.232,+0.947
1573874760,+3.40, +4.041, +3.257,+0.947
1573874820,+3.40, +4.062, +3.277,+0.948
1573874880,+3.40, +4.072, +3.294,+0.949
1573874940,+3.40, +4.062, +3.316,+0.949
1573875000,+3.40, +4.062, +3.330,+0.949
1573875060,+3.40, +4.052, +3.351,+0.950
1573875120,+3.40, +4.062, +3.365,+0.950
1573875180,+3.40, +4.052, +3.387,+0.951
1573875240,+3.40, +4.052, +3.408,+0.951
1573875300,+3.40, +4.072, +3.420,+0.951
1573875360,+3.40, +4.062, +3.444,+0.952
1573875420,+3.40, +4.062, +3.460,+0.952
1573875480,+3.40, +4.041, +3.483,+0.952
1573875540,+3.40, +4.062, +3.506,+0.953
1573875600,+3.40, +4.072, +3.529,+0.954
1573875660,+3.40, +4.093, +3.556,+0.955
1573875720,+3.40, +4.072, +3.584,+0.955
1573875780,+3.39, +4.062, +3.616,+0.956
1573875840,+3.39, +4.072, +3.644,+0.957
1573875900,+3.39, +4.052, +3.667,+0.957
1573875960,+3.39, +4.072, +3.684,+0.958
1573876020,+3.39, +4.041, +3.708,+0.959
1573876080,+3.39, +4.041, +3.722,+0.959
1573876140,+3.39, +4.072, +3.733,+0.960
1573876200,+3.39, +4.072, +3.751,+0.960
1573876260,+3.39, +4.083, +3.768,+0.961
1573876320,+3.39, +4.083, +3.800,+0.962
1573876380,+3.39, +4.062, +3.830,+0.962
1573876440,+3.39, +4.062, +3.850,+0.963
1573876500,+3.39, +4.072, +3.867,+0.963
1573876560,+3.39, +4.062, +3.877,+0.964
1573876620,+3.39, +4.072, +3.878,+0.965
1573876680,+3.39, +4.072, +3.869,+0.965
1573876740,+3.39, +4.083, +3.853,+0.965
1573876800,+3.39, +4.083, +3.833,+0.965
1573876860,+3.39, +4.072, +3.818,+0.966
1573876920,+3.39, +4.062, +3.793,+0.965
1573876980,+3.39, +4.062, +3.768,+0.966
1573877040,+3.39, +4.083, +3.732,+0.965
1573877100,+3.39, +4.083, +3.705,+0.966
1573877160,+3.39, +4.072, +3.673,+0.966
1573877220,+3.39, +4.052, +3.642,+0.966
1573877280,+3.39, +4.041, +3.616,+0.966
1573877340,+3.39, +4.052, +3.582,+0.966
1573877400,+3.39, +4.052, +3.557,+0.966
1573877460,+3.39, +4.052, +3.527,+0.966
1573877520,+3.39, +4.103, +3.500,+0.967
1573877580,+3.38, +4.072, +3.482,+0.966
1573877640,+3.39, +4.052, +3.457,+0.966
1573877700,+3.39, +4.062, +3.432,+0.966
1573877760,+3.39, +4.072, +3.406,+0.966
1573877820,+3.39, +4.093, +3.375,+0.966
1573877880,+3.39, +4.072, +3.350,+0.966
1573877940,+3.39, +4.083, +3.319,+0.966
1573878000,+3.38, +4.041, +3.303,+0.966
1573878060,+3.38, +4.083, +3.273,+0.966
1573878120,+3.38, +4.072, +3.247,+0.966
1573878180,+3.38, +4.072, +3.218,+0.965
1573878240,+3.38, +4.052, +3.204,+0.966
1573878300,+3.38, +4.041, +3.180,+0.965
1573878360,+3.38, +4.062, +3.154,+0.965
1573878420,+3.38, +4.052, +3.138,+0.965
1573878480,+3.38, +4.052, +3.121,+0.965
1573878540,+3.38, +4.103, +3.099,+0.965
1573878600,+3.38, +4.093, +3.086,+0.965
1573878660,+3.38, +4.062, +3.093,+0.965
1573878720,+3.38, +4.052, +3.095,+0.966
1573878780,+3.38, +4.062, +3.088,+0.965
1573878840,+3.38, +4.062, +3.082,+0.965
1573878900,+3.38, +4.041, +3.083,+0.966
1573878960,+3.38, +4.062, +3.076,+0.966
1573879020,+3.38, +4.072, +3.065,+0.966
1573879080,+3.38, +4.062, +3.066,+0.966
1573879140,+3.38, +4.041, +3.060,+0.966
1573879200,+3.38, +4.031, +3.057,+0.967
1573879260,+3.38, +4.062, +3.045,+0.967
1573879320,+3.38, +4.052, +3.046,+0.967
1573879380,+3.38, +4.062, +3.044,+0.967
1573879440,+3.38, +4.062, +3.043,+0.967
1573879500,+3.38, +4.031, +3.048,+0.967
1573879560,+3.38, +4.072, +3.047,+0.967
1573879620,+3.38, +4.072, +3.052,+0.968
1573879680,+3.38, +4.072, +3.052,+0.968
1573879740,+3.38, +4.031, +3.054,+0.968
1573879800,+3.38, +4.041, +3.050,+0.968
1573879860,+3.38, +4.062, +3.045,+0.968
1573879920,+3.38, +4.041, +3.051,+0.968
1573879980,+3.38, +4.052, +3.046,+0.968
1573880040,+3.38, +4.072, +3.043,+0.969
1573880100,+3.38, +4.062, +3.039,+0.969
1573880160,+3.38, +4.041, +3.035,+0.970
1573880220,+3.38, +4.062, +3.015,+0.969
1573880280,+3.38, +4.041, +2.994,+0.969
1573880340,+3.38, +4.041, +2.978,+0.970
1573880400,+3.38, +4.052, +2.955,+0.970
1573880460,+3.38, +4.072, +2.928,+0.969
1573880520,+3.37, +4.031, +2.916,+0.970
1573880580,+3.38, +4.062, +2.894,+0.970
1573880640,+3.37, +4.072, +2.874,+0.969
1573880700,+3.38, +4.031, +2.865,+0.970
1573880760,+3.37, +4.062, +2.847,+0.970
1573880820,+3.37, +4.062, +2.828,+0.970
1573880880,+3.37, +4.062, +2.818,+0.970
1573880940,+3.37, +4.052, +2.806,+0.970
1573881000,+3.37, +4.083, +2.790,+0.970
1573881060,+3.37, +4.072, +2.777,+0.970
1573881120,+3.37, +4.062, +2.764,+0.970
1573881180,+3.37, +4.062, +2.748,+0.970
1573881240,+3.37, +4.072, +2.739,+0.970
1573881300,+3.38, +4.114, +2.726,+0.970
1573881360,+3.37, +4.062, +2.733,+0.970
1573881420,+3.37, +4.072, +2.727,+0.970
1573881480,+3.37, +4.083, +2.724,+0.970
1573881540,+3.37, +4.072, +2.726,+0.971
1573881600,+3.37, +4.083, +2.724,+0.971
1573881660,+3.37, +4.072, +2.727,+0.971
1573881720,+3.37, +4.052, +2.729,+0.971
1573881780,+3.37, +4.062, +2.724,+0.971
1573881840,+3.37, +4.041, +2.715,+0.971
1573881900,+3.37, +4.083, +2.706,+0.971
1573881960,+3.37, +4.093, +2.693,+0.971
1573882020,+3.37, +4.072, +2.689,+0.971
1573882080,+3.37, +4.062, +2.679,+0.971
1573882140,+3.37, +4.072, +2.665,+0.971
1573882200,+3.37, +4.062, +2.657,+0.971
1573882260,+3.37, +4.052, +2.651,+0.971
1573882320,+3.37, +4.041, +2.648,+0.971
1573882380,+3.37, +4.052, +2.642,+0.972
1573882440,+3.37, +4.062, +2.637,+0.972
1573882500,+3.37, +4.072, +2.637,+0.972
1573882560,+3.37, +4.020, +2.638,+0.972
1573882620,+3.37, +4.031, +2.632,+0.972
1573882680,+3.37, +4.062, +2.625,+0.972
1573882740,+3.37, +4.062, +2.617,+0.972
1573882800,+3.37, +4.072, +2.609,+0.972
1573882860,+3.37, +4.062, +2.608,+0.972
1573882920,+3.37, +4.072, +2.597,+0.973
1573882980,+3.37, +4.052, +2.589,+0.972
1573883040,+3.37, +4.072, +2.577,+0.973
1573883100,+3.37, +4.062, +2.567,+0.972
1573883160,+3.37, +4.083, +2.554,+0.973
1573883220,+3.37, +4.083, +2.546,+0.973
1573883280,+3.37, +4.052, +2.536,+0.972
1573883340,+3.37, +4.072, +2.526,+0.972
1573883400,+3.37, +4.041, +2.518,+0.972
1573883460,+3.37, +3.979, +2.516,+0.972
1573883520,+3.37, +4.062, +2.499,+0.972
1573883580,+3.37, +4.031, +2.490,+0.972
1573883640,+3.37, +4.041, +2.483,+0.972
1573883700,+3.37, +4.072, +2.476,+0.973
1573883760,+3.37, +4.041, +2.471,+0.972
1573883820,+3.37, +4.062, +2.469,+0.972
1573883880,+3.37, +4.041, +2.468,+0.972
1573883940,+3.37, +4.041, +2.473,+0.972
1573884000,+3.37, +4.031, +2.472,+0.972
1573884060,+3.37, +4.052, +2.474,+0.972
1573884120,+3.37, +4.031, +2.483,+0.973
1573884180,+3.37, +4.041, +2.485,+0.973
1573884240,+3.37, +4.072, +2.483,+0.973
1573884300,+3.37, +4.093, +2.485,+0.973
1573884360,+3.37, +4.083, +2.476,+0.973
1573884420,+3.37, +4.041, +2.482,+0.973
1573884480,+3.37, +4.062, +2.475,+0.973
1573884540,+3.37, +4.083, +2.467,+0.973
1573884600,+3.37, +4.083, +2.464,+0.974
1573884660,+3.37, +4.083, +2.459,+0.974
1573884720,+3.36, +4.052, +2.451,+0.973
1573884780,+3.37, +4.041, +2.452,+0.974
1573884840,+3.36, +4.062, +2.444,+0.974
1573884900,+3.37, +4.052, +2.437,+0.974
1573884960,+3.36, +4.083, +2.429,+0.974
1573885020,+3.36, +4.062, +2.425,+0.974
1573885080,+3.36, +4.020, +2.423,+0.974
1573885140,+3.36, +4.083, +2.411,+0.974
1573885200,+3.36, +4.062, +2.408,+0.974
1573885260,+3.37, +4.062, +2.405,+0.974
1573885320,+3.36, +4.072, +2.396,+0.974
1573885380,+3.36, +4.062, +2.394,+0.974
1573885440,+3.36, +4.062, +2.389,+0.974
1573885500,+3.36, +4.072, +2.379,+0.974
1573885560,+3.36, +4.072, +2.371,+0.974
1573885620,+3.36, +4.062, +2.372,+0.974
1573885680,+3.36, +4.062, +2.367,+0.974
1573885740,+3.36, +4.041, +2.365,+0.974
1573885800,+3.36, +4.062, +2.358,+0.974
1573885860,+3.36, +4.062, +2.355,+0.974
1573885920,+3.36, +4.041, +2.351,+0.974
1573885980,+3.36, +4.083, +2.338,+0.974
1573886040,+3.36, +4.083, +2.330,+0.975
1573886100,+3.36, +4.072, +2.322,+0.974
1573886160,+3.36, +4.062, +2.313,+0.974
1573886220,+3.36, +4.072, +2.302,+0.974
1573886280,+3.36, +4.072, +2.297,+0.974
1573886340,+3.36, +4.083, +2.281,+0.974
1573886400,+3.36, +4.000, +2.281,+0.974
1573886460,+3.36, +4.041, +2.266,+0.974
1573886520,+3.36, +4.052, +2.258,+0.974
1573886580,+3.36, +4.041, +2.250,+0.974
1573886640,+3.36, +4.072, +2.236,+0.974
1573886700,+3.36, +4.031, +2.236,+0.974
1573886760,+3.36, +4.062, +2.227,+0.974
1573886820,+3.36, +4.041, +2.223,+0.974
1573886880,+3.36, +4.052, +2.217,+0.974
1573886940,+3.36, +4.052, +2.210,+0.974
1573887000,+3.36, +4.031, +2.208,+0.974
1573887060,+3.36, +4.093, +2.200,+0.974
1573887120,+3.36, +4.062, +2.196,+0.974
1573887180,+3.36, +4.062, +2.196,+0.974
1573887240,+3.36, +4.072, +2.195,+0.974
1573887300,+3.36, +4.020, +2.194,+0.974
1573887360,+3.36, +4.083, +2.194,+0.974
1573887420,+3.36, +4.052, +2.194,+0.974
1573887480,+3.36, +4.052, +2.195,+0.974
1573887540,+3.36, +4.052, +2.188,+0.974
1573887600,+3.36, +4.062, +2.186,+0.974
1573887660,+3.36, +4.052, +2.177,+0.974
1573887720,+3.36, +4.072, +2.168,+0.974
1573887780,+3.36, +4.052, +2.161,+0.974
1573887840,+3.36, +4.072, +2.152,+0.974
1573887900,+3.36, +4.093, +2.138,+0.974
1573887960,+3.36, +4.062, +2.129,+0.974
1573888020,+3.36, +4.052, +2.115,+0.974
1573888080,+3.36, +4.052, +2.094,+0.974
1573888140,+3.36, +4.041, +2.074,+0.974
1573888200,+3.36, +4.093, +2.045,+0.974
1573888260,+3.36, +4.072, +2.023,+0.974
1573888320,+3.36, +4.062, +1.996,+0.973
1573888380,+3.36, +4.052, +1.975,+0.973
1573888440,+3.36, +4.062, +1.948,+0.973
1573888500,+3.36, +4.062, +1.928,+0.973
1573888560,+3.36, +4.072, +1.904,+0.973
1573888620,+3.36, +4.072, +1.880,+0.973
1573888680,+3.36, +4.072, +1.864,+0.973
1573888740,+3.36, +4.062, +1.846,+0.973
1573888800,+3.36, +4.052, +1.829,+0.972
1573888860,+3.36, +4.041, +1.817,+0.972
1573888920,+3.36, +4.062, +1.804,+0.972
1573888980,+3.36, +4.031, +1.794,+0.972
1573889040,+3.36, +4.062, +1.781,+0.972
1573889100,+3.36, +4.072, +1.773,+0.972
1573889160,+3.36, +4.062, +1.763,+0.972
1573889220,+3.36, +4.041, +1.760,+0.972
1573889280,+3.36, +4.072, +1.753,+0.972
1573889340,+3.36, +4.062, +1.750,+0.972
1573889400,+3.36, +4.083, +1.751,+0.972
1573889460,+3.35, +4.052, +1.751,+0.972
1573889520,+3.36, +4.062, +1.750,+0.971
1573889580,+3.35, +4.062, +1.754,+0.972
1573889640,+3.35, +4.052, +1.755,+0.972
1573889700,+3.36, +4.052, +1.757,+0.972
1573889760,+3.35, +4.052, +1.758,+0.972
1573889820,+3.35, +4.031, +1.753,+0.972
1573889880,+3.35, +4.052, +1.748,+0.972
1573889940,+3.35, +4.031, +1.742,+0.972
1573890000,+3.35, +4.083, +1.730,+0.972
1573890060,+3.35, +4.041, +1.725,+0.972
1573890120,+3.35, +4.052, +1.713,+0.972
1573890180,+3.35, +4.062, +1.703,+0.972
1573890240,+3.35, +4.000, +1.700,+0.972
1573890300,+3.35, +4.041, +1.685,+0.971
1573890360,+3.35, +4.062, +1.675,+0.972
1573890420,+3.35, +4.062, +1.667,+0.972
1573890480,+3.35, +4.052, +1.656,+0.971
1573890540,+3.35, +4.062, +1.649,+0.972
1573890600,+3.35, +4.041, +1.641,+0.971
1573890660,+3.35, +4.072, +1.629,+0.971
1573890720,+3.35, +4.041, +1.623,+0.971
1573890780,+3.35, +4.072, +1.610,+0.971
1573890840,+3.35, +4.062, +1.607,+0.971
1573890900,+3.35, +4.052, +1.598,+0.971
1573890960,+3.35, +4.062, +1.590,+0.971
1573891020,+3.35, +4.052, +1.586,+0.971
1573891080,+3.35, +4.062, +1.580,+0.971
1573891140,+3.35, +4.083, +1.572,+0.971
1573891200,+3.35, +4.041, +1.572,+0.971
1573891260,+3.35, +4.062, +1.563,+0.971
1573891320,+3.35, +4.062, +1.560,+0.971
1573891380,+3.35, +4.062, +1.558,+0.971
1573891440,+3.35, +4.072, +1.556,+0.971
1573891500,+3.35, +4.031, +1.555,+0.970
1573891560,+3.35, +4.083, +1.548,+0.971
1573891620,+3.35, +4.062, +1.549,+0.971
1573891680,+3.35, +4.072, +1.547,+0.971
1573891740,+3.35, +4.072, +1.548,+0.971
1573891800,+3.35, +4.052, +1.551,+0.971
1573891860,+3.35, +4.072, +1.549,+0.971
1573891920,+3.35, +4.062, +1.550,+0.971
1573891980,+3.35, +4.062, +1.551,+0.971
1573892040,+3.35, +4.052, +1.553,+0.971
1573892100,+3.35, +4.052, +1.553,+0.971
1573892160,+3.35, +4.072, +1.558,+0.971
1573892220,+3.35, +4.062, +1.561,+0.971
1573892280,+3.35, +4.072, +1.564,+0.971
1573892340,+3.35, +4.083, +1.568,+0.971
1573892400,+3.35, +4.083, +1.570,+0.971
1573892460,+3.35, +4.072, +1.578,+0.971
1573892520,+3.35, +4.052, +1.583,+0.971
1573892580,+3.35, +4.052, +1.588,+0.971
1573892640,+3.35, +4.083, +1.589,+0.971
1573892700,+3.35, +4.072, +1.595,+0.971
1573892760,+3.35, +4.052, +1.601,+0.972
1573892820,+3.35, +4.072, +1.600,+0.972
1573892880,+3.35, +4.072, +1.606,+0.972
1573892940,+3.35, +4.072, +1.602,+0.972
1573893000,+3.35, +4.062, +1.603,+0.972
1573893060,+3.35, +4.072, +1.600,+0.972
1573893120,+3.35, +4.062, +1.589,+0.972
1573893180,+3.35, +4.052, +1.585,+0.972
1573893240,+3.35, +4.083, +1.575,+0.971
1573893300,+3.35, +4.062, +1.567,+0.971
1573893360,+3.35, +4.072, +1.554,+0.971
1573893420,+3.35, +4.072, +1.545,+0.972
1573893480,+3.35, +4.062, +1.537,+0.971
1573893540,+3.35, +4.052, +1.524,+0.971
1573893600,+3.35, +4.072, +1.515,+0.971
1573893660,+3.35, +4.052, +1.505,+0.971
1573893720,+3.35, +4.062, +1.495,+0.971
1573893780,+3.35, +4.052, +1.488,+0.971
1573893840,+3.35, +4.072, +1.483,+0.971
1573893900,+3.35, +4.083, +1.470,+0.971
1573893960,+3.35, +4.072, +1.466,+0.971
1573894020,+3.35, +4.093, +1.458,+0.970
1573894080,+3.35, +4.062, +1.454,+0.970
1573894140,+3.35, +4.072, +1.446,+0.970
1573894200,+3.35, +4.062, +1.440,+0.970
1573894260,+3.35, +4.093, +1.436,+0.970
1573894320,+3.35, +4.052, +1.433,+0.970
1573894380,+3.35, +4.083, +1.426,+0.970
1573894440,+3.35, +4.062, +1.425,+0.970
1573894500,+3.35, +4.052, +1.421,+0.970
1573894560,+3.35, +4.031, +1.415,+0.970
1573894620,+3.35, +4.041, +1.414,+0.970
1573894680,+3.35, +4.052, +1.408,+0.970
1573894740,+3.35, +4.072, +1.404,+0.970
1573894800,+3.35, +4.083, +1.398,+0.970
1573894860,+3.35, +4.062, +0.825,+0.966
1573894920,+3.35, +4.062, +0.735,+0.965
1573894980,+3.35, +4.062, +0.692,+0.964
1573895040,+3.35, +4.062, +0.666,+0.964
1573895100,+3.35, +4.041, +0.651,+0.963
1573895160,+3.35, +4.031, +0.643,+0.963
1573895220,+3.35, +4.072, +0.635,+0.963
1573895280,+3.35, +4.072, +0.634,+0.963
1573895340,+3.35, +4.052, +0.638,+0.963
1573895400,+3.35, +4.072, +0.641,+0.963
1573895460,+3.35, +4.041, +0.644,+0.963
1573895520,+3.35, +4.062, +0.650,+0.963
1573895580,+3.35, +4.052, +0.657,+0.963
1573895640,+3.35, +4.041, +0.664,+0.963
1573895700,+3.35, +4.072, +0.673,+0.963
1573895760,+3.35, +4.072, +0.683,+0.963
1573895820,+3.35, +4.052, +0.694,+0.963
1573895880,+3.35, +4.083, +0.702,+0.963
1573895940,+3.34, +4.083, +0.710,+0.963
1573896000,+3.35, +4.062, +0.717,+0.963
1573896060,+3.35, +4.072, +0.721,+0.963
1573896120,+3.34, +4.062, +0.727,+0.963
1573896180,+3.34, +4.062, +0.729,+0.963
1573896240,+3.35, +4.062, +0.731,+0.963
1573896300,+3.34, +4.062, +0.734,+0.963
1573896360,+3.34, +4.052, +0.732,+0.963
1573896420,+3.34, +4.083, +0.734,+0.963
1573896480,+3.35, +4.062, +0.738,+0.963
1573896540,+3.34, +4.062, +0.740,+0.963
1573896600,+3.34, +4.072, +0.746,+0.963
1573896660,+3.34, +4.062, +0.755,+0.963
1573896720,+3.34, +4.062, +0.763,+0.963
1573896780,+3.34, +4.062, +0.777,+0.964
1573896840,+3.34, +4.072, +0.783,+0.963
1573896900,+3.34, +4.072, +0.795,+0.963
1573896960,+3.34, +4.052, +0.804,+0.963
1573897020,+3.34, +4.072, +0.809,+0.964
1573897080,+3.34, +4.072, +0.816,+0.964
1573897140,+3.34, +4.062, +0.820,+0.964
1573897200,+3.34, +4.052, +0.820,+0.964
1573897260,+3.34, +4.052, +0.822,+0.964
1573897320,+3.34, +4.083, +0.819,+0.964
1573897380,+3.34, +4.072, +0.814,+0.964
1573897440,+3.34, +4.072, +0.811,+0.964
1573897500,+3.34, +4.062, +0.808,+0.964
1573897560,+3.34, +4.041, +0.805,+0.964
1573897620,+3.34, +4.093, +0.801,+0.964
1573897680,+3.34, +4.093, +0.800,+0.964
1573897740,+3.34, +4.072, +0.801,+0.964
1573897800,+3.34, +4.083, +0.801,+0.964
1573897860,+3.34, +4.072, +0.800,+0.964
1573897920,+3.34, +4.052, +0.799,+0.964
1573897980,+3.34, +4.052, +0.801,+0.964
1573898040,+3.34, +4.031, +0.800,+0.964
1573898100,+3.34, +4.072, +0.801,+0.964
1573898160,+3.34, +4.062, +0.802,+0.964
1573898220,+3.34, +4.062, +0.801,+0.964
1573898280,+3.34, +4.083, +0.804,+0.964
1573898340,+3.34, +4.093, +0.804,+0.964
1573898400,+3.34, +4.062, +0.805,+0.964
1573898460,+3.34, +4.072, +0.805,+0.964
1573898520,+3.34, +3.979, +0.807,+0.963
1573898580,+3.34, +4.052, +0.804,+0.964
1573898640,+3.34, +4.103, +0.801,+0.964
1573898700,+3.34, +4.062, +0.801,+0.964
1573898760,+3.34, +4.052, +0.803,+0.964
1573898820,+3.34, +4.072, +0.798,+0.964
1573898880,+3.34, +4.072, +0.795,+0.964
1573898940,+3.34, +4.072, +0.795,+0.964
1573899000,+3.34, +4.083, +0.794,+0.964
1573899060,+3.34, +4.052, +0.794,+0.964
1573899120,+3.34, +4.072, +0.795,+0.964
1573899180,+3.34, +4.083, +0.792,+0.964
1573899240,+3.34, +4.052, +0.794,+0.964
1573899300,+3.34, +4.052, +0.797,+0.964
1573899360,+3.34, +4.052, +0.794,+0.964
1573899420,+3.34, +4.041, +0.790,+0.963
1573899480,+3.34, +4.093, +0.787,+0.964
1573899540,+3.34, +4.041, +0.789,+0.963
1573899600,+3.34, +4.062, +0.786,+0.963
1573899660,+3.34, +4.052, +0.789,+0.964
1573899720,+3.34, +4.052, +0.788,+0.964
1573899780,+3.34, +4.062, +0.791,+0.964
1573899840,+3.34, +4.093, +0.792,+0.964
1573899900,+3.34, +4.041, +0.795,+0.964
1573899960,+3.34, +4.072, +0.797,+0.964
1573900020,+3.34, +4.062, +0.802,+0.964
1573900080,+3.34, +4.062, +0.804,+0.964
1573900140,+3.34, +4.062, +0.807,+0.964
1573900200,+3.34, +4.083, +0.809,+0.964
1573900260,+3.34, +4.052, +0.809,+0.963
1573900320,+3.34, +4.083, +0.815,+0.964
1573900380,+3.34, +4.062, +0.817,+0.964
1573900440,+3.34, +4.062, +0.822,+0.964
1573900500,+3.34, +4.072, +0.826,+0.964
1573900560,+3.34, +4.041, +0.832,+0.964
1573900620,+3.34, +4.052, +0.832,+0.964
1573900680,+3.34, +4.083, +0.832,+0.964
1573900740,+3.34, +4.062, +0.833,+0.964
1573900800,+3.34, +4.052, +0.837,+0.964
1573900860,+3.34, +4.083, +0.835,+0.964
1573900920,+3.34, +4.031, +0.839,+0.964
1573900980,+3.34, +4.062, +0.842,+0.965
1573901040,+3.34, +4.083, +0.842,+0.965
1573901100,+3.34, +4.052, +0.845,+0.964
1573901160,+3.34, +4.062, +0.846,+0.964
1573901220,+3.34, +4.062, +0.850,+0.964
1573901280,+3.34, +4.072, +0.852,+0.964
1573901340,+3.34, +4.052, +0.853,+0.964
1573901400,+3.34, +4.072, +0.853,+0.964
1573901460,+3.34, +4.072, +0.857,+0.965
1573901520,+3.34, +4.052, +0.855,+0.964
1573901580,+3.34, +4.052, +0.852,+0.965
1573901640,+3.34, +4.093, +0.850,+0.964
1573901700,+3.34, +4.062, +0.850,+0.964
1573901760,+3.34, +4.062, +0.848,+0.964
1573901820,+3.34, +4.062, +0.848,+0.964
1573901880,+3.34, +4.072, +0.845,+0.965
1573901940,+3.34, +4.062, +0.842,+0.964
1573902000,+3.34, +4.052, +0.843,+0.964
1573902060,+3.34, +4.052, +0.842,+0.964
1573902120,+3.34, +4.062, +0.845,+0.964
1573902180,+3.34, +4.041, +0.846,+0.964
1573902240,+3.34, +4.052, +0.849,+0.964
1573902300,+3.34, +4.062, +0.851,+0.964
1573902360,+3.34, +4.062, +0.853,+0.964
1573902420,+3.34, +4.114, +0.853,+0.964
1573902480,+3.34, +4.072, +0.858,+0.965
1573902540,+3.34, +4.093, +0.860,+0.964
1573902600,+3.34, +4.041, +0.865,+0.964
1573902660,+3.34, +4.052, +0.870,+0.965
1573902720,+3.34, +4.062, +0.872,+0.965
1573902780,+3.34, +4.062, +0.873,+0.965
1573902840,+3.34, +4.062, +0.878,+0.965
1573902900,+3.34, +4.062, +0.878,+0.965
1573902960,+3.34, +4.062, +0.879,+0.965
1573903020,+3.34, +4.062, +0.879,+0.965
1573903080,+3.34, +4.083, +0.879,+0.965
1573903140,+3.34, +4.062, +0.881,+0.965
1573903200,+3.34, +4.093, +0.880,+0.965
1573903260,+3.34, +4.041, +0.884,+0.965
1573903320,+3.34, +4.062, +0.884,+0.965
1573903380,+3.34, +4.083, +0.884,+0.965
1573903440,+3.34, +4.052, +0.888,+0.965
1573903500,+3.34, +4.062, +0.889,+0.965
1573903560,+3.34, +4.062, +0.891,+0.965
1573903620,+3.34, +4.052, +0.895,+0.965
1573903680,+3.34, +4.083, +0.894,+0.965
1573903740,+3.34, +4.083, +0.898,+0.965
1573903800,+3.34, +4.103, +0.897,+0.965
1573903860,+3.34, +4.062, +0.902,+0.965
1573903920,+3.34, +4.052, +0.905,+0.965
1573903980,+3.34, +4.072, +0.907,+0.965
1573904040,+3.34, +4.083, +0.907,+0.965
1573904100,+3.34, +4.062, +0.911,+0.965
1573904160,+3.34, +4.072, +0.911,+0.965
1573904220,+3.34, +4.072, +0.911,+0.965
1573904280,+3.34, +4.062, +0.915,+0.965
1573904340,+3.34, +4.062, +0.914,+0.965
1573904400,+3.34, +4.031, +0.917,+0.965
1573904460,+3.34, +4.072, +0.912,+0.965
1573904520,+3.34, +4.062, +0.914,+0.965
1573904580,+3.34, +4.083, +0.910,+0.965
1573904640,+3.34, +4.062, +0.912,+0.965
1573904700,+3.34, +4.062, +0.910,+0.965
1573904760,+3.34, +4.062, +0.910,+0.965
1573904820,+3.34, +4.072, +0.908,+0.966
1573904880,+3.34, +4.041, +0.910,+0.965
1573904940,+3.34, +4.072, +0.909,+0.965
1573905000,+3.34, +4.083, +0.910,+0.965
1573905060,+3.34, +4.103, +0.911,+0.965
1573905120,+3.34, +4.083, +0.913,+0.965
1573905180,+3.34, +4.062, +0.918,+0.966
1573905240,+3.34, +4.072, +0.917,+0.965
1573905300,+3.34, +4.052, +0.919,+0.965
1573905360,+3.34, +4.041, +0.924,+0.965
1573905420,+3.34, +4.062, +0.926,+0.965
1573905480,+3.34, +4.062, +0.928,+0.965
1573905540,+3.34, +4.062, +0.931,+0.966
1573905600,+3.34, +4.052, +0.934,+0.966
1573905660,+3.34, +4.072, +0.934,+0.966
1573905720,+3.34, +4.083, +0.934,+0.966
1573905780,+3.34, +4.052, +0.937,+0.966
1573905840,+3.34, +4.072, +0.933,+0.966
1573905900,+3.34, +4.083, +0.934,+0.966
1573905960,+3.34, +4.052, +0.934,+0.966
1573906020,+3.33, +4.072, +0.926,+0.966
1573906080,+3.34, +4.062, +0.929,+0.966
1573906140,+3.34, +4.083, +0.925,+0.966
1573906200,+3.34, +4.052, +0.924,+0.966
1573906260,+3.34, +4.083, +0.922,+0.966
1573906320,+3.34, +4.072, +0.923,+0.966
1573906380,+3.34, +4.052, +0.925,+0.966
1573906440,+3.34, +4.072, +0.925,+0.966
1573906500,+3.34, +4.062, +0.924,+0.965
1573906560,+3.34, +4.062, +0.923,+0.965
1573906620,+3.34, +4.041, +0.928,+0.966
1573906680,+3.34, +4.041, +0.925,+0.966
1573906740,+3.34, +4.062, +0.929,+0.966
1573906800,+3.34, +4.072, +0.928,+0.966
1573906860,+3.34, +4.072, +0.932,+0.966
1573906920,+3.34, +4.062, +0.932,+0.966
1573906980,+3.34, +4.062, +0.931,+0.966
1573907040,+3.34, +4.093, +0.930,+0.966
1573907100,+3.34, +4.072, +0.929,+0.966
1573907160,+3.34, +4.072, +0.932,+0.966
1573907220,+3.34, +4.083, +0.928,+0.966
1573907280,+3.34, +4.083, +0.926,+0.966
1573907340,+3.34, +4.062, +0.929,+0.966
1573907400,+3.34, +4.062, +0.926,+0.966
1573907460,+3.34, +4.072, +0.927,+0.966
1573907520,+3.34, +4.041, +0.929,+0.966
1573907580,+3.34, +4.062, +0.926,+0.966
1573907640,+3.34, +4.072, +0.926,+0.966
1573907700,+3.34, +4.031, +0.928,+0.966
1573907760,+3.34, +4.072, +0.928,+0.966
1573907820,+3.34, +4.052, +0.930,+0.966
1573907880,+3.34, +4.052, +0.935,+0.966
1573907940,+3.34, +4.062, +0.938,+0.966
1573908000,+3.34, +4.052, +0.938,+0.966
1573908060,+3.34, +4.062, +0.941,+0.966
1573908120,+3.34, +4.062, +0.945,+0.966
1573908180,+3.34, +4.083, +0.948,+0.966
1573908240,+3.34, +4.083, +0.951,+0.966
1573908300,+3.34, +4.052, +0.956,+0.966
1573908360,+3.34, +4.052, +0.958,+0.966
1573908420,+3.34, +4.062, +0.958,+0.966
1573908480,+3.34, +4.062, +0.958,+0.966
1573908540,+3.34, +4.052, +0.959,+0.966
1573908600,+3.34, +4.072, +0.955,+0.966
1573908660,+3.34, +4.072, +0.953,+0.966
1573908720,+3.34, +4.052, +0.955,+0.966
1573908780,+3.34, +4.072, +0.948,+0.966
1573908840,+3.34, +4.062, +0.948,+0.966
1573908900,+3.34, +4.062, +0.944,+0.966
1573908960,+3.34, +4.072, +0.945,+0.966
1573909020,+3.34, +4.052, +0.942,+0.966
1573909080,+3.34, +4.083, +0.939,+0.966
1573909140,+3.34, +4.052, +0.941,+0.966
1573909200,+3.34, +4.031, +0.943,+0.966
1573909260,+3.34, +4.052, +0.940,+0.966
1573909320,+3.34, +4.072, +0.941,+0.966
1573909380,+3.34, +4.031, +0.942,+0.966
1573909440,+3.34, +4.052, +0.937,+0.966
1573909500,+3.34, +4.041, +0.939,+0.966
1573909560,+3.34, +4.052, +0.937,+0.966
1573909620,+3.34, +4.072, +0.934,+0.966
1573909680,+3.34, +4.072, +0.935,+0.966
1573909740,+3.34, +4.052, +0.932,+0.966
1573909800,+3.34, +4.062, +0.927,+0.966
1573909860,+3.34, +4.041, +0.928,+0.966
1573909920,+3.34, +4.062, +0.924,+0.966
1573909980,+3.34, +4.041, +0.918,+0.966
1573910040,+3.34, +4.052, +0.914,+0.966
1573910100,+3.34, +4.052, +0.908,+0.966
1573910160,+3.34, +4.072, +0.903,+0.965
1573910220,+3.34, +4.041, +0.902,+0.966
1573910280,+3.34, +4.072, +0.896,+0.966
1573910340,+3.34, +4.052, +0.892,+0.966
1573910400,+3.34, +4.072, +0.886,+0.965
1573910460,+3.34, +4.020, +0.885,+0.965
1573910520,+3.34, +4.072, +0.880,+0.965
1573910580,+3.34, +4.010, +0.880,+0.965
1573910640,+3.34, +4.083, +0.873,+0.965
1573910700,+3.34, +4.062, +0.874,+0.965
1573910760,+3.34, +4.062, +0.867,+0.965
1573910820,+3.34, +4.031, +0.866,+0.965
1573910880,+3.34, +4.041, +0.864,+0.965
1573910940,+3.34, +4.062, +0.853,+0.965
1573911000,+3.34, +4.031, +0.851,+0.965
1573911060,+3.33, +4.072, +0.848,+0.965
1573911120,+3.34, +4.072, +0.845,+0.965
1573911180,+3.34, +4.072, +0.846,+0.965
1573911240,+3.34, +4.072, +0.843,+0.965
1573911300,+3.34, +4.062, +0.847,+0.965
1573911360,+3.34, +4.031, +0.849,+0.965
1573911420,+3.34, +4.072, +0.849,+0.965
1573911480,+3.34, +4.062, +0.856,+0.965
1573911540,+3.34, +4.052, +0.859,+0.965
1573911600,+3.34, +4.052, +0.861,+0.965
1573911660,+3.34, +4.062, +0.867,+0.965
1573911720,+3.34, +4.020, +0.869,+0.965
1573911780,+3.34, +4.062, +0.867,+0.965
1573911840,+3.34, +4.072, +0.871,+0.965
1573911900,+3.34, +4.052, +0.873,+0.965
1573911960,+3.34, +4.062, +0.872,+0.965
1573912020,+3.34, +4.041, +0.872,+0.965
1573912080,+3.34, +4.052, +0.868,+0.965
1573912140,+3.34, +4.052, +0.868,+0.965
1573912200,+3.34, +4.041, +0.867,+0.965
1573912260,+3.34, +4.062, +0.862,+0.965
1573912320,+3.34, +4.114, +0.855,+0.965
1573912380,+3.34, +4.062, +0.854,+0.965
1573912440,+3.34, +4.052, +0.850,+0.965
1573912500,+3.34, +4.072, +0.846,+0.965
1573912560,+3.34, +4.062, +0.841,+0.965
1573912620,+3.34, +4.052, +0.838,+0.965
1573912680,+3.34, +4.062, +0.832,+0.965
1573912740,+3.34, +4.062, +0.824,+0.965
1573912800,+3.34, +4.072, +0.816,+0.965
1573912860,+3.34, +4.072, +0.812,+0.965
1573912920,+3.34, +4.062, +0.813,+0.965
1573912980,+3.34, +4.083, +0.805,+0.965
1573913040,+3.34, +4.052, +0.802,+0.965
1573913100,+3.34, +4.052, +0.799,+0.965
1573913160,+3.34, +4.062, +0.794,+0.965
1573913220,+3.34, +4.072, +0.786,+0.965
1573913280,+3.34, +4.041, +0.773,+0.964
1573913340,+3.34, +4.052, +0.766,+0.964
1573913400,+3.34, +4.083, +0.752,+0.964
1573913460,+3.34, +4.072, +0.733,+0.964
1573913520,+3.34, +4.041, +0.720,+0.964
1573913580,+3.34, +4.062, +0.711,+0.964
1573913640,+3.34, +4.072, +0.709,+0.964
1573913700,+3.34, +4.062, +0.701,+0.963
1573913760,+3.34, +4.052, +0.697,+0.964
1573913820,+3.34, +4.072, +0.695,+0.964
1573913880,+3.34, +4.052, +0.691,+0.963
1573913940,+3.34, +4.062, +0.681,+0.963
1573914000,+3.34, +4.031, +0.669,+0.963
1573914060,+3.34, +4.083, +0.656,+0.963
1573914120,+3.34, +4.052, +0.651,+0.963
1573914180,+3.34, +4.052, +0.643,+0.963
1573914240,+3.34, +4.052, +0.639,+0.963
1573914300,+3.34, +4.072, +0.630,+0.963
1573914360,+3.34, +4.072, +0.624,+0.963
1573914420,+3.34, +4.062, +0.614,+0.963
1573914480,+3.34, +4.041, +0.607,+0.963
1573914540,+3.34, +4.052, +0.599,+0.962
1573914600,+3.34, +4.062, +0.593,+0.962
1573914660,+3.34, +4.041, +0.581,+0.962
1573914720,+3.34, +4.062, +0.573,+0.962
1573914780,+3.34, +4.062, +0.565,+0.962
1573914840,+3.34, +4.072, +0.557,+0.962
1573914900,+3.34, +4.072, +0.553,+0.962
1573914960,+3.34, +4.052, +0.547,+0.962
1573915020,+3.34, +4.041, +0.540,+0.962
1573915080,+3.34, +4.041, +0.539,+0.962
1573915140,+3.34, +4.093, +0.531,+0.962
1573915200,+3.33, +4.041, +0.527,+0.962
1573915260,+3.34, +4.052, +0.527,+0.962
1573915320,+3.34, +4.062, +0.525,+0.962
1573915380,+3.34, +4.041, +0.527,+0.961
1573915440,+3.34, +4.072, +0.518,+0.962
1573915500,+3.34, +4.041, +0.511,+0.961
1573915560,+3.34, +4.041, +0.511,+0.961
1573915620,+3.34, +4.072, +0.507,+0.961
1573915680,+3.34, +4.062, +0.512,+0.962
1573915740,+3.34, +4.041, +0.514,+0.961
1573915800,+3.34, +4.062, +0.520,+0.961
1573915860,+3.34, +4.072, +0.518,+0.962
1573915920,+3.34, +4.062, +0.512,+0.961
1573915980,+3.34, +4.052, +0.510,+0.961
1573916040,+3.34, +4.062, +0.509,+0.961
1573916100,+3.34, +4.072, +0.506,+0.961
1573916160,+3.34, +4.062, +0.505,+0.961
1573916220,+3.34, +4.052, +0.507,+0.961
1573916280,+3.34, +4.062, +0.513,+0.962
1573916340,+3.34, +4.083, +0.505,+0.961
1573916400,+3.34, +4.072, +0.500,+0.962
1573916460,+3.34, +4.083, +0.387,+0.961
1573916520,+3.34, +4.052, +0.369,+0.960
1573916580,+3.34, +4.072, +0.364,+0.960
1573916640,+3.34, +4.072, +0.362,+0.960
1573916700,+3.34, +4.062, +0.366,+0.960
1573916760,+3.34, +4.072, +0.367,+0.960
1573916820,+3.34, +4.062, +0.370,+0.960
1573916880,+3.34, +4.062, +0.374,+0.960
1573916940,+3.34, +4.093, +0.375,+0.960
1573917000,+3.34, +4.052, +0.381,+0.960
1573917060,+3.34, +4.072, +0.388,+0.960
1573917120,+3.34, +4.062, +0.390,+0.960
1573917180,+3.34, +4.052, +0.380,+0.960
1573917240,+3.34, +4.083, +0.371,+0.960
1573917300,+3.34, +4.041, +0.374,+0.960
1573917360,+3.34, +4.062, +0.379,+0.960
1573917420,+3.34, +4.052, +0.384,+0.960
1573917480,+3.34, +4.041, +0.387,+0.960
1573917540,+3.34, +4.031, +0.392,+0.960
1573917600,+3.34, +4.062, +0.399,+0.960
1573917660,+3.34, +4.062, +0.404,+0.960
1573917720,+3.34, +4.010, +0.403,+0.960
1573917780,+3.34, +4.062, +0.400,+0.960
1573917840,+3.34, +4.052, +0.394,+0.960
1573917900,+3.34, +4.041, +0.392,+0.960
1573917960,+3.34, +4.041, +0.389,+0.960
1573918020,+3.34, +4.062, +0.391,+0.960
1573918080,+3.34, +4.062, +0.396,+0.960
1573918140,+3.34, +4.062, +0.402,+0.960
1573918200,+3.34, +4.020, +0.401,+0.960
1573918260,+3.34, +4.072, +0.403,+0.961
1573918320,+3.34, +4.052, +0.407,+0.960
1573918380,+3.34, +4.062, +0.414,+0.961
1573918440,+3.34, +4.031, +0.413,+0.960
1573918500,+3.34, +4.052, +0.415,+0.960
1573918560,+3.34, +4.041, +0.418,+0.961
1573918620,+3.34, +4.041, +0.422,+0.960
1573918680,+3.34, +4.083, +0.427,+0.961
1573918740,+3.34, +4.052, +0.433,+0.960
1573918800,+3.34, +4.062, +0.442,+0.961
1573918860,+3.34, +4.041, +0.447,+0.961
1573918920,+3.34, +4.072, +0.450,+0.961
1573918980,+3.34, +4.072, +0.458,+0.961
1573919040,+3.34, +4.041, +0.464,+0.961
1573919100,+3.34, +4.062, +0.474,+0.961
1573919160,+3.34, +4.093, +0.480,+0.961
1573919220,+3.34, +4.072, +0.487,+0.961
1573919280,+3.34, +4.062, +0.493,+0.961
1573919340,+3.34, +4.062, +0.496,+0.961
1573919400,+3.34, +4.083, +0.495,+0.961
1573919460,+3.34, +4.083, +0.491,+0.961
1573919520,+3.34, +4.052, +0.488,+0.961
1573919580,+3.34, +4.072, +0.471,+0.961
1573919640,+3.34, +4.052, +0.441,+0.961
1573919700,+3.34, +4.062, +0.424,+0.961
1573919760,+3.34, +4.083, +0.420,+0.961
1573919820,+3.34, +4.062, +0.414,+0.961
1573919880,+3.34, +4.041, +0.414,+0.961
1573919940,+3.34, +4.041, +0.412,+0.961
1573920000,+3.34, +4.062, +0.410,+0.960
1573920060,+3.34, +4.083, +0.404,+0.960
1573920120,+3.34, +4.093, +0.399,+0.961
1573920180,+3.34, +4.072, +0.396,+0.960
1573920240,+3.34, +4.072, +0.398,+0.961
1573920300,+3.34, +4.083, +0.401,+0.960
1573920360,+3.34, +4.041, +0.409,+0.960
1573920420,+3.34, +4.072, +0.413,+0.960
1573920480,+3.34, +4.062, +0.423,+0.961
1573920540,+3.34, +4.052, +0.430,+0.961
1573920600,+3.34, +4.031, +0.438,+0.961
1573920660,+3.34, +4.052, +0.440,+0.961
1573920720,+3.34, +4.083, +0.429,+0.961
1573920780,+3.34, +4.041, +0.417,+0.961
1573920840,+3.34, +4.041, +0.413,+0.960
1573920900,+3.34, +4.083, +0.415,+0.961
1573920960,+3.34, +4.041, +0.419,+0.960
1573921020,+3.34, +4.052, +0.420,+0.961
1573921080,+3.34, +4.031, +0.416,+0.960
1573921140,+3.34, +4.062, +0.402,+0.960
1573921200,+3.34, +4.062, +0.391,+0.960
1573921260,+3.34, +4.062, +0.388,+0.960
1573921320,+3.34, +4.062, +0.386,+0.960
1573921380,+3.34, +4.062, +0.383,+0.960
1573921440,+3.34, +4.062, +0.383,+0.960
1573921500,+3.34, +4.041, +0.385,+0.960
1573921560,+3.34, +4.083, +0.391,+0.960
1573921620,+3.34, +4.072, +0.396,+0.961
1573921680,+3.34, +4.072, +0.397,+0.960
1573921740,+3.34, +4.072, +0.396,+0.960
1573921800,+3.34, +4.072, +0.401,+0.960
1573921860,+3.34, +4.041, +0.407,+0.960
1573921920,+3.34, +4.114, +0.409,+0.961
1573921980,+3.34, +4.052, +0.413,+0.960
1573922040,+3.34, +4.062, +0.415,+0.960
1573922100,+3.34, +4.083, +0.420,+0.961
1573922160,+3.34, +4.062, +0.424,+0.960
1573922220,+3.34, +4.052, +0.432,+0.961
1573922280,+3.34, +4.062, +0.440,+0.961
1573922340,+3.34, +4.072, +0.439,+0.961
1573922400,+3.34, +4.072, +0.433,+0.961
1573922460,+3.34, +4.072, +0.419,+0.961
1573922520,+3.34, +4.062, +0.409,+0.960
1573922580,+3.34, +4.062, +0.406,+0.961
1573922640,+3.34, +4.072, +0.399,+0.961
1573922700,+3.34, +4.083, +0.391,+0.961
1573922760,+3.34, +4.072, +0.382,+0.960
1573922820,+3.34, +4.083, +0.373,+0.960
1573922880,+3.34, +4.041, +0.373,+0.960
1573922940,+3.34, +4.041, +0.375,+0.960
1573923000,+3.34, +4.072, +0.366,+0.960
1573923060,+3.34, +4.052, +0.350,+0.960
1573923120,+3.34, +4.072, +0.348,+0.960
1573923180,+3.34, +4.072, +0.352,+0.960
1573923240,+3.34, +4.052, +0.354,+0.960
1573923300,+3.34, +4.062, +0.349,+0.960
1573923360,+3.34, +4.062, +0.343,+0.960
1573923420,+3.34, +4.062, +0.335,+0.960
1573923480,+3.34, +4.072, +0.334,+0.960
1573923540,+3.34, +4.072, +0.337,+0.960
1573923600,+3.34, +4.062, +0.343,+0.960
1573923660,+3.34, +4.072, +0.343,+0.960
1573923720,+3.34, +4.041, +0.341,+0.960
1573923780,+3.34, +4.062, +0.341,+0.960
1573923840,+3.34, +4.062, +0.345,+0.960
1573923900,+3.34, +4.062, +0.354,+0.960
1573923960,+3.34, +4.072, +0.356,+0.960
1573924020,+3.34, +4.052, +0.356,+0.960
1573924080,+3.34, +4.062, +0.352,+0.960
1573924140,+3.34, +4.083, +0.352,+0.960
1573924200,+3.34, +4.083, +0.349,+0.960
1573924260,+3.34, +4.041, +0.350,+0.960
1573924320,+3.34, +4.093, +0.350,+0.960
1573924380,+3.34, +4.062, +0.358,+0.960
1573924440,+3.34, +4.093, +0.359,+0.960
1573924500,+3.34, +4.052, +0.359,+0.960
1573924560,+3.34, +4.072, +0.357,+0.960
1573924620,+3.34, +4.052, +0.362,+0.960
1573924680,+3.34, +4.052, +0.363,+0.960
1573924740,+3.34, +4.052, +0.366,+0.960
1573924800,+3.34, +4.072, +0.372,+0.960
1573924860,+3.34, +4.072, +0.378,+0.960
1573924920,+3.34, +4.083, +0.387,+0.960
1573924980,+3.34, +4.083, +0.394,+0.960
1573925040,+3.34, +4.072, +0.400,+0.960
1573925100,+3.34, +4.052, +0.403,+0.960
1573925160,+3.34, +4.052, +0.391,+0.960
1573925220,+3.34, +4.062, +0.378,+0.960
1573925280,+3.34, +4.072, +0.368,+0.960
1573925340,+3.34, +4.062, +0.364,+0.960
1573925400,+3.34, +4.052, +0.361,+0.960
1573925460,+3.34, +4.062, +0.362,+0.960
1573925520,+3.34, +4.052, +0.367,+0.960
1573925580,+3.34, +4.083, +0.372,+0.960
1573925640,+3.34, +4.062, +0.383,+0.960
1573925700,+3.34, +4.052, +0.387,+0.960
1573925760,+3.34, +4.072, +0.384,+0.960
1573925820,+3.34, +4.062, +0.382,+0.960
1573925880,+3.34, +4.052, +0.381,+0.960
1573925940,+3.34, +4.041, +0.381,+0.960
1573926000,+3.34, +4.072, +0.380,+0.960
1573926060,+3.34, +4.072, +0.380,+0.960
1573926120,+3.34, +4.062, +0.381,+0.960
1573926180,+3.34, +4.052, +0.381,+0.960
1573926240,+3.34, +4.062, +0.382,+0.960
1573926300,+3.34, +4.052, +0.379,+0.960
1573926360,+3.34, +4.145, +0.367,+0.960
1573926420,+3.34, +4.062, +0.364,+0.960
1573926480,+3.34, +4.062, +0.354,+0.960
1573926540,+3.34, +4.083, +0.349,+0.960
1573926600,+3.33, +4.052, +0.354,+0.960
1573926660,+3.34, +4.072, +0.357,+0.960
1573926720,+3.34, +4.041, +0.367,+0.960
1573926780,+3.34, +4.041, +0.359,+0.960
1573926840,+3.34, +4.072, +0.352,+0.960
1573926900,+3.34, +4.072, +0.354,+0.960
1573926960,+3.34, +4.062, +0.356,+0.960
1573927020,+3.34, +4.052, +0.362,+0.960
1573927080,+3.34, +4.072, +0.366,+0.960
1573927140,+3.34, +4.083, +0.371,+0.960
1573927200,+3.34, +4.052, +0.376,+0.960
1573927260,+3.34, +4.052, +0.372,+0.960
1573927320,+3.34, +4.052, +0.372,+0.960
1573927380,+3.34, +4.062, +0.377,+0.961
1573927440,+3.34, +4.020, +0.383,+0.960
1573927500,+3.34, +4.072, +0.390,+0.960
1573927560,+3.34, +4.072, +0.393,+0.960
1573927620,+3.35, +4.072, +0.396,+0.960
1573927680,+3.34, +4.083, +0.398,+0.961
1573927740,+3.34, +4.052, +0.404,+0.961
1573927800,+3.34, +4.031, +0.409,+0.961
1573927860,+3.34, +4.072, +0.413,+0.961
1573927920,+3.34, +4.052, +0.421,+0.961
1573927980,+3.34, +4.062, +0.428,+0.961
1573928040,+3.34, +4.062, +0.434,+0.961
1573928100,+3.34, +4.062, +0.440,+0.961
1573928160,+3.34, +4.083, +0.445,+0.961
1573928220,+3.34, +4.052, +0.448,+0.961
1573928280,+3.34, +4.072, +0.451,+0.961
1573928340,+3.34, +4.041, +0.456,+0.961
1573928400,+3.34, +4.072, +0.453,+0.961
1573928460,+3.34, +4.062, +0.454,+0.961
1573928520,+3.34, +4.083, +0.452,+0.961
1573928580,+3.34, +4.052, +0.452,+0.961
1573928640,+3.34, +4.052, +0.452,+0.961
1573928700,+3.34, +4.083, +0.449,+0.961
1573928760,+3.34, +4.072, +0.440,+0.961
1573928820,+3.34, +4.072, +0.438,+0.961
1573928880,+3.34, +4.083, +0.440,+0.961
1573928940,+3.35, +4.093, +0.440,+0.961
1573929000,+3.34, +4.072, +0.444,+0.961
1573929060,+3.34, +4.052, +0.449,+0.961
1573929120,+3.34, +4.072, +0.450,+0.961
1573929180,+3.34, +4.062, +0.455,+0.961
1573929240,+3.34, +4.041, +0.452,+0.961
1573929300,+3.34, +4.052, +0.450,+0.961
1573929360,+3.34, +4.062, +0.447,+0.961
1573929420,+3.34, +4.062, +0.445,+0.961
1573929480,+3.35, +4.052, +0.448,+0.961
1573929540,+3.34, +4.052, +0.451,+0.961
1573929600,+3.34, +4.052, +0.458,+0.961
1573929660,+3.34, +4.072, +0.462,+0.961
1573929720,+3.34, +4.062, +0.472,+0.961
1573929780,+3.34, +4.072, +0.478,+0.962
1573929840,+3.34, +4.020, +0.482,+0.962
1573929900,+3.34, +4.062, +0.481,+0.961
1573929960,+3.34, +4.083, +0.482,+0.961
1573930020,+3.34, +4.062, +0.483,+0.962
1573930080,+3.34, +4.062, +0.484,+0.961
1573930140,+3.34, +4.062, +0.486,+0.962
1573930200,+3.35, +4.083, +0.488,+0.962
1573930260,+3.34, +4.062, +0.490,+0.962
1573930320,+3.34, +4.062, +0.484,+0.962
1573930380,+3.34, +4.041, +0.479,+0.961
1573930440,+3.34, +4.062, +0.476,+0.962
1573930500,+3.34, +4.052, +0.471,+0.961
1573930560,+3.34, +4.093, +0.469,+0.962
1573930620,+3.35, +4.062, +0.466,+0.961
1573930680,+3.34, +4.062, +0.467,+0.961
1573930740,+3.34, +4.062, +0.468,+0.961
1573930800,+3.34, +4.062, +0.468,+0.962
1573930860,+3.34, +4.072, +0.469,+0.961
1573930920,+3.35, +4.062, +0.473,+0.961
1573930980,+3.35, +4.041, +0.478,+0.961
1573931040,+3.35, +4.062, +0.485,+0.962
1573931100,+3.34, +4.062, +0.489,+0.961
1573931160,+3.34, +4.072, +0.489,+0.962
1573931220,+3.34, +4.083, +0.492,+0.962
1573931280,+3.34, +4.083, +0.497,+0.962
1573931340,+3.34, +4.052, +0.495,+0.962
1573931400,+3.34, +4.062, +0.494,+0.962
1573931460,+3.34, +4.052, +0.492,+0.961
1573931520,+3.35, +4.072, +0.490,+0.962
1573931580,+3.34, +4.083, +0.493,+0.962
1573931640,+3.34, +4.124, +0.494,+0.962
1573931700,+3.34, +4.062, +0.495,+0.962
1573931760,+3.34, +4.062, +0.500,+0.962
1573931820,+3.34, +4.072, +0.504,+0.962
1573931880,+3.34, +4.062, +0.507,+0.962
1573931940,+3.35, +4.062, +0.515,+0.962
1573932000,+3.34, +4.103, +0.520,+0.962
1573932060,+3.35, +4.072, +0.525,+0.962
1573932120,+3.35, +4.083, +0.529,+0.962
1573932180,+3.35, +4.041, +0.535,+0.962
1573932240,+3.34, +4.052, +0.539,+0.962
1573932300,+3.34, +4.072, +0.537,+0.962
1573932360,+3.35, +4.041, +0.537,+0.962
1573932420,+3.35, +4.093, +0.538,+0.962
1573932480,+3.34, +4.083, +0.541,+0.962
1573932540,+3.34, +4.052, +0.545,+0.962
1573932600,+3.34, +4.052, +0.547,+0.962
1573932660,+3.35, +4.052, +0.549,+0.962
1573932720,+3.35, +4.072, +0.551,+0.962
1573932780,+3.34, +4.062, +0.555,+0.962
1573932840,+3.35, +4.062, +0.559,+0.963
1573932900,+3.35, +4.072, +0.556,+0.962
1573932960,+3.34, +4.062, +0.557,+0.962
1573933020,+3.35, +4.072, +0.561,+0.963
1573933080,+3.35, +4.062, +0.558,+0.962
1573933140,+3.35, +4.041, +0.555,+0.962
1573933200,+3.35, +4.072, +0.551,+0.963
1573933260,+3.34, +4.062, +0.545,+0.962
1573933320,+3.35, +4.062, +0.546,+0.963
1573933380,+3.35, +4.041, +0.547,+0.962
1573933440,+3.35, +4.062, +0.544,+0.962
1573933500,+3.34, +4.072, +0.539,+0.962
1573933560,+3.35, +4.072, +0.532,+0.962
1573933620,+3.35, +4.052, +0.532,+0.962
1573933680,+3.35, +4.031, +0.531,+0.962
1573933740,+3.35, +4.062, +0.525,+0.962
1573933800,+3.35, +4.093, +0.524,+0.962
1573933860,+3.35, +4.062, +0.524,+0.962
1573933920,+3.35, +4.062, +0.524,+0.962
1573933980,+3.35, +4.052, +0.526,+0.962
1573934040,+3.35, +4.062, +0.522,+0.962
1573934100,+3.35, +4.072, +0.517,+0.962
1573934160,+3.35, +4.072, +0.514,+0.962
1573934220,+3.35, +4.052, +0.512,+0.962
1573934280,+3.35, +4.052, +0.514,+0.962
1573934340,+3.35, +4.052, +0.518,+0.962
1573934400,+3.35, +4.072, +0.525,+0.962
1573934460,+3.35, +4.041, +0.528,+0.962
1573934520,+3.35, +4.052, +0.531,+0.962
1573934580,+3.35, +4.031, +0.533,+0.962
1573934640,+3.35, +4.072, +0.529,+0.962
1573934700,+3.35, +4.072, +0.500,+0.962
1573934760,+3.35, +4.083, +0.481,+0.962
1573934820,+3.35, +4.083, +0.474,+0.962
1573934880,+3.35, +4.052, +0.467,+0.962
1573934940,+3.35, +4.072, +0.463,+0.962
1573935000,+3.35, +4.052, +0.466,+0.962
1573935060,+3.35, +4.083, +0.466,+0.962
1573935120,+3.35, +4.052, +0.469,+0.962
1573935180,+3.35, +4.041, +0.470,+0.961
1573935240,+3.35, +4.072, +0.473,+0.961
1573935300,+3.35, +4.052, +0.475,+0.962
1573935360,+3.35, +4.072, +0.472,+0.962
1573935420,+3.35, +4.072, +0.474,+0.962
1573935480,+3.35, +4.052, +0.475,+0.962
1573935540,+3.35, +4.052, +0.481,+0.962
1573935600,+3.35, +4.072, +0.483,+0.962
1573935660,+3.35, +4.083, +0.486,+0.962
1573935720,+3.35, +4.072, +0.486,+0.962
1573935780,+3.35, +4.093, +0.480,+0.962
1573935840,+3.35, +4.000, +0.481,+0.962
1573935900,+3.35, +4.052, +0.481,+0.962
1573935960,+3.35, +4.062, +0.481,+0.962
1573936020,+3.35, +4.052, +0.488,+0.962
1573936080,+3.35, +4.052, +0.496,+0.962
1573936140,+3.35, +4.062, +0.500,+0.962
1573936200,+3.35, +4.072, +0.505,+0.962
1573936260,+3.35, +4.031, +0.513,+0.962
1573936320,+3.35, +4.072, +0.520,+0.962
1573936380,+3.35, +4.052, +0.525,+0.962
1573936440,+3.35, +4.062, +0.532,+0.962
1573936500,+3.35, +4.020, +0.538,+0.962
1573936560,+3.35, +4.072, +0.541,+0.962
1573936620,+3.35, +4.052, +0.546,+0.962
1573936680,+3.35, +4.072, +0.549,+0.962
1573936740,+3.35, +4.062, +0.554,+0.963
1573936800,+3.35, +4.072, +0.556,+0.963
1573936860,+3.35, +4.062, +0.558,+0.963
1573936920,+3.35, +4.010, +0.561,+0.962
1573936980,+3.35, +4.083, +0.560,+0.963
1573937040,+3.35, +4.072, +0.560,+0.963
1573937100,+3.35, +4.062, +0.560,+0.963
1573937160,+3.35, +4.062, +0.558,+0.963
1573937220,+3.35, +4.072, +0.557,+0.963
1573937280,+3.35, +4.052, +0.556,+0.963
1573937340,+3.35, +4.072, +0.553,+0.963
1573937400,+3.35, +4.072, +0.552,+0.963
