7392-570653
OS REV: 1.11 Sensor Cal: 1428445788
Time (sec),  BV (Volts),  T (deg C),  DO (mg/l),  Q ()
1576529460,+3.36, +3.896, +0.157,+0.959
1576529520,+3.36, +3.896, +0.156,+0.959
1576529580,+3.36, +3.906, +0.155,+0.959
1576529640,+3.37, +3.886, +0.155,+0.959
1576529700,+3.37, +3.896, +0.155,+0.959
1576529760,+3.37, +3.886, +0.156,+0.959
1576529820,+3.37, +3.875, +0.155,+0.959
1576529880,+3.37, +3.896, +0.155,+0.959
1576529940,+3.36, +3.886, +0.155,+0.959
1576530000,+3.36, +3.865, +0.157,+0.959
1576530060,+3.37, +3.896, +0.155,+0.959
1576530120,+3.36, +3.886, +0.157,+0.959
1576530180,+3.36, +3.906, +0.157,+0.959
1576530240,+3.37, +3.896, +0.155,+0.959
1576530300,+3.37, +3.875, +0.155,+0.959
1576530360,+3.36, +3.875, +0.157,+0.959
1576530420,+3.37, +3.886, +0.156,+0.959
1576530480,+3.36, +3.896, +0.155,+0.959
1576530540,+3.37, +3.906, +0.156,+0.959
1576530600,+3.37, +3.886, +0.156,+0.959
1576530660,+3.37, +3.886, +0.156,+0.959
1576530720,+3.37, +3.896, +0.155,+0.959
1576530780,+3.37, +3.886, +0.156,+0.959
1576530840,+3.36, +3.906, +0.156,+0.959
1576530900,+3.37, +3.886, +0.156,+0.959
1576530960,+3.37, +3.886, +0.157,+0.959
1576531020,+3.36, +3.865, +0.156,+0.959
1576531080,+3.37, +3.896, +0.154,+0.959
1576531140,+3.37, +3.896, +0.157,+0.959
1576531200,+3.36, +3.886, +0.157,+0.959
1576531260,+3.37, +3.886, +0.156,+0.959
1576531320,+3.36, +3.875, +0.155,+0.959
1576531380,+3.37, +3.886, +0.156,+0.959
1576531440,+3.37, +3.813, +0.156,+0.959
1576531500,+3.36, +3.875, +0.155,+0.959
1576531560,+3.36, +3.886, +0.156,+0.959
1576531620,+3.36, +3.875, +0.158,+0.959
1576531680,+3.37, +3.896, +0.155,+0.959
1576531740,+3.37, +3.906, +0.156,+0.959
1576531800,+3.36, +3.854, +0.156,+0.959
1576531860,+3.37, +3.875, +0.156,+0.959
1576531920,+3.36, +3.906, +0.157,+0.959
1576531980,+3.37, +3.896, +0.155,+0.959
1576532040,+3.37, +3.865, +0.157,+0.959
1576532100,+3.36, +3.886, +0.157,+0.959
1576532160,+3.37, +3.886, +0.155,+0.959
1576532220,+3.37, +3.886, +0.156,+0.959
1576532280,+3.37, +3.886, +0.156,+0.959
1576532340,+3.37, +3.875, +0.156,+0.959
1576532400,+3.37, +3.875, +0.157,+0.959
1576532460,+3.37, +3.896, +0.157,+0.959
1576532520,+3.37, +3.886, +0.156,+0.959
1576532580,+3.37, +3.896, +0.155,+0.959
1576532640,+3.37, +3.917, +0.156,+0.959
1576532700,+3.37, +3.865, +0.157,+0.959
1576532760,+3.37, +3.917, +0.156,+0.960
1576532820,+3.37, +3.865, +0.155,+0.959
1576532880,+3.37, +3.875, +0.154,+0.959
1576532940,+3.37, +3.886, +0.155,+0.959
1576533000,+3.37, +3.875, +0.156,+0.959
1576533060,+3.37, +3.875, +0.157,+0.959
1576533120,+3.37, +3.886, +0.158,+0.960
1576533180,+3.36, +3.906, +0.155,+0.959
1576533240,+3.37, +3.844, +0.157,+0.959
1576533300,+3.36, +3.886, +0.154,+0.959
1576533360,+3.37, +3.886, +0.156,+0.959
1576533420,+3.37, +3.896, +0.156,+0.959
1576533480,+3.37, +3.854, +0.156,+0.959
1576533540,+3.37, +3.896, +0.156,+0.959
1576533600,+3.37, +3.865, +0.156,+0.959
1576533660,+3.37, +3.886, +0.154,+0.959
1576533720,+3.37, +3.865, +0.157,+0.959
1576533780,+3.37, +3.875, +0.155,+0.959
1576533840,+3.37, +3.886, +0.156,+0.959
1576533900,+3.37, +3.875, +0.156,+0.959
1576533960,+3.36, +3.865, +0.155,+0.959
1576534020,+3.37, +3.896, +0.155,+0.959
1576534080,+3.36, +3.886, +0.155,+0.959
1576534140,+3.37, +3.896, +0.155,+0.959
1576534200,+3.37, +3.844, +0.154,+0.959
1576534260,+3.37, +3.896, +0.156,+0.959
1576534320,+3.37, +3.886, +0.157,+0.959
1576534380,+3.37, +3.896, +0.155,+0.959
1576534440,+3.37, +3.906, +0.154,+0.959
1576534500,+3.37, +3.875, +0.156,+0.959
1576534560,+3.37, +3.875, +0.158,+0.959
1576534620,+3.37, +3.834, +0.157,+0.959
1576534680,+3.37, +3.875, +0.155,+0.959
1576534740,+3.37, +3.896, +0.155,+0.959
1576534800,+3.37, +3.906, +0.156,+0.959
1576534860,+3.37, +3.886, +0.156,+0.959
1576534920,+3.37, +3.896, +0.156,+0.959
1576534980,+3.37, +3.865, +0.155,+0.959
1576535040,+3.37, +3.886, +0.156,+0.959
1576535100,+3.36, +3.896, +0.156,+0.959
1576535160,+3.37, +3.906, +0.157,+0.959
1576535220,+3.37, +3.896, +0.156,+0.959
1576535280,+3.37, +3.896, +0.155,+0.959
1576535340,+3.36, +3.875, +0.156,+0.959
1576535400,+3.36, +3.886, +0.156,+0.959
1576535460,+3.36, +3.865, +0.157,+0.959
1576535520,+3.37, +3.854, +0.156,+0.959
1576535580,+3.36, +3.886, +0.154,+0.959
1576535640,+3.37, +3.906, +0.157,+0.960
1576535700,+3.36, +3.875, +0.155,+0.959
1576535760,+3.37, +3.854, +0.155,+0.959
1576535820,+3.37, +3.886, +0.155,+0.959
1576535880,+3.37, +3.896, +0.156,+0.959
1576535940,+3.37, +3.886, +0.156,+0.959
1576536000,+3.36, +3.875, +0.157,+0.959
1576536060,+3.36, +3.896, +0.155,+0.959
1576536120,+3.37, +3.917, +0.155,+0.959
1576536180,+3.37, +3.886, +0.157,+0.959
1576536240,+3.37, +3.896, +0.156,+0.960
1576536300,+3.37, +3.865, +0.156,+0.959
1576536360,+3.37, +3.886, +0.155,+0.959
1576536420,+3.37, +3.865, +0.157,+0.959
1576536480,+3.36, +3.886, +0.155,+0.959
1576536540,+3.37, +3.875, +0.156,+0.959
1576536600,+3.37, +3.896, +0.157,+0.959
1576536660,+3.37, +3.886, +0.156,+0.959
1576536720,+3.37, +3.875, +0.157,+0.959
1576536780,+3.37, +3.896, +0.157,+0.959
1576536840,+3.37, +3.875, +0.157,+0.959
1576536900,+3.36, +3.896, +0.154,+0.959
1576536960,+3.37, +3.886, +0.155,+0.959
1576537020,+3.37, +3.875, +0.157,+0.959
1576537080,+3.37, +3.865, +0.154,+0.959
1576537140,+3.37, +3.896, +0.157,+0.959
1576537200,+3.37, +3.844, +0.157,+0.959
1576537260,+3.37, +3.906, +0.156,+0.959
1576537320,+3.37, +3.906, +0.155,+0.959
1576537380,+3.36, +3.886, +0.156,+0.959
1576537440,+3.37, +3.886, +0.155,+0.959
1576537500,+3.37, +3.906, +0.157,+0.959
1576537560,+3.36, +3.865, +0.156,+0.959
1576537620,+3.37, +3.886, +0.157,+0.959
1576537680,+3.37, +3.886, +0.158,+0.959
1576537740,+3.37, +3.886, +0.155,+0.959
1576537800,+3.36, +3.875, +0.157,+0.959
1576537860,+3.37, +3.896, +0.156,+0.959
1576537920,+3.37, +3.886, +0.155,+0.959
1576537980,+3.37, +3.875, +0.156,+0.959
1576538040,+3.37, +3.886, +0.155,+0.959
1576538100,+3.37, +3.886, +0.157,+0.959
1576538160,+3.37, +3.896, +0.157,+0.959
1576538220,+3.37, +3.844, +0.157,+0.959
1576538280,+3.37, +3.875, +0.157,+0.959
1576538340,+3.37, +3.917, +0.156,+0.959
1576538400,+3.37, +3.886, +0.156,+0.959
1576538460,+3.37, +3.906, +0.157,+0.960
1576538520,+3.36, +3.886, +0.156,+0.959
1576538580,+3.37, +3.886, +0.156,+0.959
1576538640,+3.37, +3.854, +0.155,+0.959
1576538700,+3.37, +3.886, +0.156,+0.959
1576538760,+3.37, +3.875, +0.156,+0.959
1576538820,+3.37, +3.875, +0.156,+0.959
1576538880,+3.37, +3.875, +0.157,+0.960
1576538940,+3.37, +3.865, +0.156,+0.959
1576539000,+3.37, +3.865, +0.155,+0.959
1576539060,+3.37, +3.865, +0.155,+0.959
1576539120,+3.37, +3.886, +0.154,+0.959
1576539180,+3.37, +3.865, +0.157,+0.959
1576539240,+3.37, +3.865, +0.157,+0.959
1576539300,+3.37, +3.875, +0.155,+0.959
1576539360,+3.36, +3.886, +0.157,+0.959
1576539420,+3.37, +3.865, +0.155,+0.959
1576539480,+3.37, +3.896, +0.156,+0.959
1576539540,+3.37, +3.865, +0.156,+0.959
1576539600,+3.37, +3.875, +0.156,+0.959
1576539660,+3.37, +3.886, +0.156,+0.959
1576539720,+3.37, +3.875, +0.157,+0.959
1576539780,+3.37, +3.865, +0.156,+0.959
1576539840,+3.37, +3.844, +0.158,+0.959
1576539900,+3.37, +3.906, +0.155,+0.959
1576539960,+3.37, +3.886, +0.155,+0.959
1576540020,+3.37, +3.865, +0.154,+0.959
1576540080,+3.37, +3.875, +0.156,+0.959
1576540140,+3.37, +3.875, +0.157,+0.959
1576540200,+3.37, +3.886, +0.155,+0.959
1576540260,+3.37, +3.886, +0.155,+0.959
1576540320,+3.37, +3.886, +0.154,+0.959
1576540380,+3.36, +3.896, +0.154,+0.959
1576540440,+3.37, +3.854, +0.156,+0.959
1576540500,+3.37, +3.896, +0.156,+0.959
1576540560,+3.37, +3.844, +0.157,+0.959
1576540620,+3.37, +3.875, +0.156,+0.959
1576540680,+3.37, +3.844, +0.156,+0.959
1576540740,+3.37, +3.896, +0.155,+0.959
1576540800,+3.37, +3.854, +0.157,+0.959
1576540860,+3.37, +3.886, +0.155,+0.959
1576540920,+3.36, +3.886, +0.158,+0.959
1576540980,+3.37, +3.865, +0.157,+0.959
1576541040,+3.36, +3.875, +0.157,+0.959
1576541100,+3.36, +3.865, +0.157,+0.959
1576541160,+3.37, +3.865, +0.157,+0.959
1576541220,+3.37, +3.886, +0.155,+0.959
1576541280,+3.37, +3.886, +0.154,+0.959
1576541340,+3.37, +3.854, +0.156,+0.959
1576541400,+3.37, +3.865, +0.156,+0.959
1576541460,+3.36, +3.865, +0.156,+0.959
1576541520,+3.37, +3.875, +0.154,+0.959
1576541580,+3.37, +3.865, +0.155,+0.959
1576541640,+3.37, +3.875, +0.155,+0.959
1576541700,+3.37, +3.886, +0.155,+0.959
1576541760,+3.37, +3.865, +0.157,+0.959
1576541820,+3.37, +3.875, +0.156,+0.959
1576541880,+3.37, +3.865, +0.158,+0.959
1576541940,+3.37, +3.875, +0.157,+0.959
1576542000,+3.37, +3.906, +0.156,+0.959
1576542060,+3.37, +3.886, +0.155,+0.959
1576542120,+3.37, +3.896, +0.154,+0.959
1576542180,+3.37, +3.886, +0.157,+0.959
1576542240,+3.37, +3.886, +0.155,+0.959
1576542300,+3.37, +3.875, +0.158,+0.959
1576542360,+3.37, +3.886, +0.157,+0.959
1576542420,+3.37, +3.875, +0.157,+0.959
1576542480,+3.37, +3.875, +0.156,+0.959
1576542540,+3.37, +3.834, +0.157,+0.959
1576542600,+3.37, +3.896, +0.156,+0.959
1576542660,+3.37, +3.886, +0.155,+0.959
1576542720,+3.37, +3.886, +0.157,+0.959
1576542780,+3.37, +3.875, +0.155,+0.959
1576542840,+3.37, +3.875, +0.156,+0.959
1576542900,+3.37, +3.844, +0.156,+0.959
1576542960,+3.37, +3.875, +0.155,+0.959
1576543020,+3.37, +3.875, +0.156,+0.959
1576543080,+3.37, +3.844, +0.156,+0.959
1576543140,+3.37, +3.865, +0.156,+0.959
1576543200,+3.37, +3.865, +0.155,+0.959
1576543260,+3.37, +3.875, +0.157,+0.959
1576543320,+3.37, +3.854, +0.157,+0.959
1576543380,+3.37, +3.886, +0.158,+0.959
1576543440,+3.37, +3.896, +0.155,+0.959
1576543500,+3.37, +3.844, +0.157,+0.959
1576543560,+3.37, +3.886, +0.155,+0.959
1576543620,+3.37, +3.865, +0.157,+0.959
1576543680,+3.37, +3.886, +0.155,+0.959
1576543740,+3.37, +3.865, +0.156,+0.959
1576543800,+3.37, +3.865, +0.156,+0.959
1576543860,+3.37, +3.865, +0.156,+0.959
1576543920,+3.37, +3.875, +0.157,+0.959
1576543980,+3.37, +3.854, +0.154,+0.959
1576544040,+3.37, +3.865, +0.157,+0.959
1576544100,+3.37, +3.875, +0.158,+0.959
1576544160,+3.37, +3.865, +0.157,+0.959
1576544220,+3.37, +3.854, +0.157,+0.959
1576544280,+3.37, +3.865, +0.157,+0.959
1576544340,+3.37, +3.865, +0.157,+0.959
1576544400,+3.37, +3.886, +0.156,+0.959
1576544460,+3.36, +3.854, +0.157,+0.959
1576544520,+3.37, +3.886, +0.156,+0.959
1576544580,+3.37, +3.886, +0.156,+0.959
1576544640,+3.37, +3.875, +0.155,+0.959
1576544700,+3.37, +3.875, +0.158,+0.959
1576544760,+3.37, +3.865, +0.156,+0.959
1576544820,+3.37, +3.865, +0.155,+0.959
1576544880,+3.37, +3.865, +0.157,+0.959
1576544940,+3.37, +3.865, +0.157,+0.959
1576545000,+3.37, +3.854, +0.156,+0.959
1576545060,+3.37, +3.886, +0.154,+0.959
1576545120,+3.37, +3.865, +0.155,+0.959
1576545180,+3.37, +3.896, +0.156,+0.959
1576545240,+3.37, +3.854, +0.155,+0.959
1576545300,+3.37, +3.886, +0.156,+0.959
1576545360,+3.37, +3.875, +0.153,+0.959
1576545420,+3.37, +3.854, +0.156,+0.959
1576545480,+3.37, +3.896, +0.156,+0.959
1576545540,+3.37, +3.844, +0.156,+0.959
1576545600,+3.37, +3.865, +0.156,+0.959
1576545660,+3.36, +3.886, +0.157,+0.959
1576545720,+3.37, +3.896, +0.156,+0.959
1576545780,+3.37, +3.854, +0.156,+0.959
1576545840,+3.37, +3.886, +0.155,+0.959
1576545900,+3.37, +3.886, +0.155,+0.959
1576545960,+3.37, +3.854, +0.157,+0.959
1576546020,+3.37, +3.875, +0.155,+0.959
1576546080,+3.37, +3.875, +0.156,+0.959
1576546140,+3.37, +3.823, +0.158,+0.959
1576546200,+3.37, +3.875, +0.155,+0.959
1576546260,+3.37, +3.886, +0.155,+0.959
1576546320,+3.37, +3.886, +0.155,+0.959
1576546380,+3.37, +3.875, +0.156,+0.959
1576546440,+3.37, +3.854, +0.156,+0.959
1576546500,+3.37, +3.854, +0.156,+0.959
1576546560,+3.37, +3.896, +0.156,+0.959
1576546620,+3.37, +3.875, +0.157,+0.959
1576546680,+3.37, +3.854, +0.157,+0.959
1576546740,+3.37, +3.865, +0.157,+0.959
1576546800,+3.37, +3.865, +0.157,+0.959
1576546860,+3.37, +3.875, +0.156,+0.959
1576546920,+3.37, +3.865, +0.156,+0.959
1576546980,+3.37, +3.906, +0.155,+0.959
1576547040,+3.37, +3.906, +0.155,+0.959
1576547100,+3.37, +3.875, +0.156,+0.959
1576547160,+3.37, +3.875, +0.156,+0.959
1576547220,+3.37, +3.896, +0.157,+0.959
1576547280,+3.37, +3.865, +0.156,+0.959
1576547340,+3.37, +3.865, +0.155,+0.959
1576547400,+3.37, +3.854, +0.156,+0.959
1576547460,+3.37, +3.886, +0.156,+0.959
1576547520,+3.37, +3.896, +0.156,+0.959
1576547580,+3.37, +3.865, +0.156,+0.959
1576547640,+3.37, +3.854, +0.156,+0.959
1576547700,+3.37, +3.865, +0.155,+0.959
1576547760,+3.37, +3.896, +0.156,+0.959
1576547820,+3.37, +3.886, +0.157,+0.959
1576547880,+3.37, +3.854, +0.156,+0.959
1576547940,+3.37, +3.865, +0.158,+0.960
1576548000,+3.37, +3.875, +0.156,+0.959
1576548060,+3.37, +3.886, +0.155,+0.959
1576548120,+3.37, +3.865, +0.155,+0.959
1576548180,+3.37, +3.875, +0.157,+0.959
1576548240,+3.37, +3.865, +0.156,+0.959
1576548300,+3.36, +3.875, +0.156,+0.959
1576548360,+3.37, +3.865, +0.157,+0.959
1576548420,+3.37, +3.875, +0.156,+0.959
1576548480,+3.37, +3.875, +0.155,+0.959
1576548540,+3.37, +3.854, +0.156,+0.959
1576548600,+3.37, +3.875, +0.156,+0.959
1576548660,+3.37, +3.886, +0.155,+0.959
1576548720,+3.37, +3.875, +0.156,+0.959
1576548780,+3.37, +3.875, +0.156,+0.959
1576548840,+3.37, +3.875, +0.156,+0.959
1576548900,+3.37, +3.844, +0.155,+0.959
1576548960,+3.37, +3.865, +0.156,+0.959
1576549020,+3.37, +3.875, +0.156,+0.959
1576549080,+3.37, +3.875, +0.158,+0.960
1576549140,+3.37, +3.886, +0.156,+0.959
1576549200,+3.37, +3.854, +0.156,+0.959
1576549260,+3.37, +3.844, +0.156,+0.959
1576549320,+3.37, +3.886, +0.157,+0.959
1576549380,+3.37, +3.875, +0.155,+0.959
1576549440,+3.36, +3.896, +0.156,+0.959
1576549500,+3.37, +3.875, +0.157,+0.959
1576549560,+3.37, +3.875, +0.156,+0.959
1576549620,+3.37, +3.854, +0.155,+0.959
1576549680,+3.37, +3.865, +0.156,+0.959
1576549740,+3.37, +3.865, +0.157,+0.959
1576549800,+3.37, +3.886, +0.156,+0.959
1576549860,+3.37, +3.865, +0.156,+0.959
1576549920,+3.37, +3.865, +0.156,+0.959
1576549980,+3.37, +3.854, +0.158,+0.959
1576550040,+3.37, +3.844, +0.157,+0.959
1576550100,+3.37, +3.865, +0.154,+0.959
1576550160,+3.37, +3.875, +0.157,+0.959
1576550220,+3.37, +3.865, +0.155,+0.959
1576550280,+3.37, +3.854, +0.156,+0.959
1576550340,+3.37, +3.875, +0.156,+0.959
1576550400,+3.37, +3.875, +0.156,+0.959
1576550460,+3.37, +3.875, +0.156,+0.959
1576550520,+3.37, +3.865, +0.156,+0.959
1576550580,+3.37, +3.896, +0.155,+0.959
1576550640,+3.37, +3.865, +0.156,+0.959
1576550700,+3.37, +3.865, +0.157,+0.959
1576550760,+3.37, +3.875, +0.156,+0.959
1576550820,+3.37, +3.875, +0.155,+0.959
1576550880,+3.37, +3.844, +0.157,+0.959
1576550940,+3.37, +3.854, +0.156,+0.959
1576551000,+3.37, +3.865, +0.157,+0.959
1576551060,+3.37, +3.865, +0.155,+0.959
1576551120,+3.37, +3.875, +0.157,+0.959
1576551180,+3.37, +3.875, +0.156,+0.959
1576551240,+3.37, +3.886, +0.156,+0.959
1576551300,+3.37, +3.854, +0.155,+0.959
1576551360,+3.37, +3.865, +0.155,+0.959
1576551420,+3.37, +3.865, +0.156,+0.959
1576551480,+3.37, +3.875, +0.156,+0.959
1576551540,+3.37, +3.886, +0.157,+0.959
1576551600,+3.37, +3.886, +0.156,+0.959
1576551660,+3.37, +3.875, +0.157,+0.959
1576551720,+3.37, +3.865, +0.156,+0.959
1576551780,+3.37, +3.875, +0.154,+0.959
1576551840,+3.37, +3.875, +0.156,+0.959
1576551900,+3.37, +3.854, +0.157,+0.959
1576551960,+3.37, +3.865, +0.156,+0.959
1576552020,+3.37, +3.875, +0.156,+0.959
1576552080,+3.37, +3.865, +0.155,+0.959
1576552140,+3.37, +3.844, +0.157,+0.959
1576552200,+3.37, +3.865, +0.157,+0.959
1576552260,+3.37, +3.875, +0.156,+0.959
1576552320,+3.37, +3.854, +0.157,+0.959
1576552380,+3.37, +3.875, +0.155,+0.959
1576552440,+3.37, +3.875, +0.156,+0.959
1576552500,+3.37, +3.865, +0.156,+0.959
1576552560,+3.37, +3.844, +0.156,+0.959
1576552620,+3.37, +3.865, +0.155,+0.959
1576552680,+3.37, +3.865, +0.156,+0.959
1576552740,+3.37, +3.865, +0.156,+0.959
1576552800,+3.37, +3.886, +0.155,+0.959
1576552860,+3.37, +3.865, +0.158,+0.960
1576552920,+3.37, +3.865, +0.157,+0.959
1576552980,+3.37, +3.854, +0.156,+0.959
1576553040,+3.37, +3.854, +0.156,+0.959
1576553100,+3.37, +3.886, +0.156,+0.959
1576553160,+3.37, +3.875, +0.157,+0.960
1576553220,+3.37, +3.865, +0.156,+0.959
1576553280,+3.37, +3.875, +0.155,+0.959
1576553340,+3.37, +3.865, +0.156,+0.959
1576553400,+3.37, +3.865, +0.155,+0.959
1576553460,+3.37, +3.854, +0.157,+0.959
1576553520,+3.37, +3.886, +0.156,+0.959
1576553580,+3.37, +3.854, +0.157,+0.959
1576553640,+3.36, +3.865, +0.157,+0.959
1576553700,+3.37, +3.854, +0.156,+0.959
1576553760,+3.37, +3.865, +0.157,+0.959
1576553820,+3.37, +3.875, +0.157,+0.959
1576553880,+3.37, +3.886, +0.156,+0.959
1576553940,+3.37, +3.875, +0.155,+0.959
1576554000,+3.37, +3.865, +0.157,+0.959
1576554060,+3.37, +3.854, +0.155,+0.959
1576554120,+3.37, +3.865, +0.156,+0.959
1576554180,+3.37, +3.854, +0.156,+0.959
1576554240,+3.37, +3.865, +0.156,+0.959
1576554300,+3.37, +3.834, +0.157,+0.959
1576554360,+3.37, +3.886, +0.156,+0.960
1576554420,+3.37, +3.844, +0.156,+0.959
1576554480,+3.37, +3.854, +0.156,+0.959
1576554540,+3.37, +3.844, +0.156,+0.959
1576554600,+3.37, +3.834, +0.155,+0.959
1576554660,+3.37, +3.854, +0.156,+0.959
1576554720,+3.37, +3.886, +0.156,+0.959
1576554780,+3.37, +3.844, +0.156,+0.959
1576554840,+3.37, +3.865, +0.155,+0.959
1576554900,+3.37, +3.854, +0.158,+0.959
1576554960,+3.37, +3.854, +0.156,+0.959
1576555020,+3.37, +3.865, +0.156,+0.959
1576555080,+3.37, +3.875, +0.156,+0.959
1576555140,+3.37, +3.854, +0.156,+0.959
1576555200,+3.37, +3.865, +0.157,+0.959
1576555260,+3.37, +3.865, +0.157,+0.959
1576555320,+3.37, +3.854, +0.156,+0.959
1576555380,+3.37, +3.875, +0.156,+0.959
1576555440,+3.37, +3.886, +0.156,+0.959
1576555500,+3.37, +3.865, +0.155,+0.959
1576555560,+3.36, +3.875, +0.156,+0.959
1576555620,+3.37, +3.875, +0.155,+0.959
1576555680,+3.37, +3.865, +0.154,+0.959
1576555740,+3.37, +3.886, +0.156,+0.959
1576555800,+3.37, +3.834, +0.157,+0.959
1576555860,+3.37, +3.854, +0.157,+0.959
1576555920,+3.37, +3.854, +0.156,+0.959
1576555980,+3.37, +3.875, +0.157,+0.959
1576556040,+3.37, +3.886, +0.155,+0.959
1576556100,+3.37, +3.844, +0.157,+0.959
1576556160,+3.37, +3.865, +0.156,+0.959
1576556220,+3.37, +3.844, +0.158,+0.959
1576556280,+3.37, +3.854, +0.156,+0.959
1576556340,+3.37, +3.875, +0.156,+0.959
1576556400,+3.37, +3.886, +0.156,+0.959
1576556460,+3.37, +3.875, +0.156,+0.959
1576556520,+3.37, +3.865, +0.157,+0.959
1576556580,+3.37, +3.854, +0.156,+0.959
1576556640,+3.37, +3.854, +0.157,+0.959
1576556700,+3.37, +3.886, +0.156,+0.959
1576556760,+3.37, +3.875, +0.156,+0.959
1576556820,+3.37, +3.844, +0.157,+0.959
1576556880,+3.37, +3.865, +0.157,+0.959
1576556940,+3.37, +3.854, +0.157,+0.959
1576557000,+3.37, +3.854, +0.156,+0.959
1576557060,+3.37, +3.865, +0.157,+0.959
1576557120,+3.37, +3.886, +0.155,+0.959
1576557180,+3.37, +3.886, +0.155,+0.959
1576557240,+3.37, +3.865, +0.157,+0.959
1576557300,+3.37, +3.865, +0.157,+0.959
1576557360,+3.37, +3.865, +0.156,+0.959
1576557420,+3.37, +3.865, +0.155,+0.959
1576557480,+3.37, +3.865, +0.157,+0.959
1576557540,+3.37, +3.823, +0.158,+0.959
1576557600,+3.37, +3.875, +0.157,+0.959
1576557660,+3.37, +3.854, +0.158,+0.959
1576557720,+3.37, +3.896, +0.156,+0.959
1576557780,+3.37, +3.834, +0.157,+0.959
1576557840,+3.37, +3.865, +0.157,+0.959
1576557900,+3.37, +3.875, +0.156,+0.959
1576557960,+3.37, +3.865, +0.156,+0.959
1576558020,+3.37, +3.886, +0.155,+0.959
1576558080,+3.37, +3.854, +0.158,+0.959
1576558140,+3.37, +3.854, +0.156,+0.959
1576558200,+3.37, +3.865, +0.157,+0.959
1576558260,+3.37, +3.875, +0.156,+0.959
1576558320,+3.37, +3.854, +0.157,+0.959
1576558380,+3.37, +3.854, +0.157,+0.959
1576558440,+3.37, +3.865, +0.156,+0.959
1576558500,+3.37, +3.844, +0.156,+0.959
1576558560,+3.37, +3.875, +0.156,+0.959
1576558620,+3.37, +3.865, +0.156,+0.959
1576558680,+3.37, +3.865, +0.155,+0.959
1576558740,+3.37, +3.854, +0.157,+0.959
1576558800,+3.37, +3.875, +0.156,+0.959
1576558860,+3.37, +3.844, +0.156,+0.959
1576558920,+3.37, +3.875, +0.156,+0.959
1576558980,+3.37, +3.865, +0.157,+0.959
1576559040,+3.37, +3.865, +0.155,+0.959
1576559100,+3.37, +3.886, +0.157,+0.959
1576559160,+3.37, +3.886, +0.157,+0.959
1576559220,+3.37, +3.875, +0.156,+0.959
1576559280,+3.37, +3.865, +0.156,+0.959
1576559340,+3.37, +3.865, +0.156,+0.959
1576559400,+3.37, +3.896, +0.155,+0.959
1576559460,+3.37, +3.875, +0.157,+0.959
1576559520,+3.37, +3.875, +0.157,+0.959
1576559580,+3.37, +3.854, +0.156,+0.959
1576559640,+3.37, +3.875, +0.157,+0.959
1576559700,+3.37, +3.865, +0.156,+0.959
1576559760,+3.37, +3.854, +0.155,+0.959
1576559820,+3.37, +3.875, +0.156,+0.959
1576559880,+3.37, +3.854, +0.157,+0.959
1576559940,+3.37, +3.896, +0.156,+0.959
1576560000,+3.37, +3.875, +0.156,+0.959
1576560060,+3.37, +3.875, +0.156,+0.959
1576560120,+3.37, +3.886, +0.155,+0.959
1576560180,+3.37, +3.865, +0.155,+0.959
1576560240,+3.37, +3.854, +0.157,+0.959
1576560300,+3.37, +3.865, +0.157,+0.959
1576560360,+3.36, +3.854, +0.157,+0.959
1576560420,+3.37, +3.906, +0.155,+0.959
1576560480,+3.37, +3.886, +0.156,+0.959
1576560540,+3.37, +3.875, +0.156,+0.959
1576560600,+3.37, +3.854, +0.156,+0.959
1576560660,+3.37, +3.886, +0.156,+0.959
1576560720,+3.37, +3.875, +0.156,+0.959
1576560780,+3.36, +3.854, +0.156,+0.959
1576560840,+3.37, +3.875, +0.156,+0.959
1576560900,+3.37, +3.865, +0.157,+0.959
1576560960,+3.37, +3.865, +0.156,+0.959
1576561020,+3.37, +3.875, +0.156,+0.959
1576561080,+3.37, +3.875, +0.156,+0.959
1576561140,+3.37, +3.865, +0.156,+0.959
1576561200,+3.37, +3.865, +0.156,+0.959
1576561260,+3.37, +3.865, +0.156,+0.959
1576561320,+3.37, +3.875, +0.156,+0.959
1576561380,+3.37, +3.844, +0.157,+0.959
1576561440,+3.37, +3.854, +0.158,+0.959
1576561500,+3.37, +3.875, +0.156,+0.959
1576561560,+3.37, +3.865, +0.156,+0.959
1576561620,+3.37, +3.865, +0.156,+0.959
1576561680,+3.37, +3.865, +0.155,+0.959
1576561740,+3.37, +3.886, +0.157,+0.959
1576561800,+3.37, +3.875, +0.157,+0.959
1576561860,+3.37, +3.865, +0.159,+0.960
1576561920,+3.37, +3.865, +0.156,+0.959
1576561980,+3.37, +3.875, +0.156,+0.959
1576562040,+3.37, +3.865, +0.157,+0.959
1576562100,+3.37, +3.865, +0.156,+0.959
1576562160,+3.37, +3.865, +0.156,+0.959
1576562220,+3.37, +3.854, +0.157,+0.959
1576562280,+3.37, +3.865, +0.156,+0.959
1576562340,+3.37, +3.865, +0.156,+0.959
1576562400,+3.37, +3.875, +0.156,+0.959
1576562460,+3.37, +3.886, +0.156,+0.959
1576562520,+3.37, +3.854, +0.157,+0.959
1576562580,+3.37, +3.886, +0.154,+0.959
1576562640,+3.37, +3.896, +0.156,+0.959
1576562700,+3.37, +3.875, +0.155,+0.959
1576562760,+3.37, +3.844, +0.156,+0.959
1576562820,+3.37, +3.865, +0.155,+0.959
1576562880,+3.37, +3.865, +0.157,+0.959
1576562940,+3.37, +3.865, +0.156,+0.959
1576563000,+3.37, +3.854, +0.157,+0.959
1576563060,+3.37, +3.865, +0.157,+0.959
1576563120,+3.37, +3.865, +0.155,+0.959
1576563180,+3.37, +3.886, +0.156,+0.959
1576563240,+3.37, +3.875, +0.157,+0.959
1576563300,+3.37, +3.854, +0.154,+0.959
1576563360,+3.37, +3.886, +0.156,+0.959
1576563420,+3.37, +3.854, +0.155,+0.959
1576563480,+3.37, +3.854, +0.157,+0.959
1576563540,+3.37, +3.875, +0.157,+0.959
1576563600,+3.37, +3.865, +0.155,+0.959
1576563660,+3.37, +3.886, +0.156,+0.959
1576563720,+3.37, +3.865, +0.156,+0.959
1576563780,+3.37, +3.875, +0.155,+0.959
1576563840,+3.37, +3.854, +0.156,+0.959
1576563900,+3.37, +3.875, +0.156,+0.959
1576563960,+3.37, +3.875, +0.156,+0.959
1576564020,+3.37, +3.875, +0.157,+0.959
1576564080,+3.37, +3.865, +0.155,+0.959
1576564140,+3.37, +3.875, +0.156,+0.959
1576564200,+3.37, +3.875, +0.156,+0.959
1576564260,+3.37, +3.875, +0.155,+0.959
1576564320,+3.37, +3.834, +0.158,+0.959
1576564380,+3.37, +3.886, +0.155,+0.959
1576564440,+3.37, +3.865, +0.156,+0.959
1576564500,+3.37, +3.886, +0.156,+0.959
1576564560,+3.37, +3.875, +0.156,+0.959
1576564620,+3.37, +3.875, +0.156,+0.959
1576564680,+3.37, +3.875, +0.157,+0.959
1576564740,+3.37, +3.875, +0.156,+0.959
1576564800,+3.37, +3.854, +0.156,+0.959
1576564860,+3.37, +3.854, +0.157,+0.959
1576564920,+3.37, +3.865, +0.156,+0.959
1576564980,+3.37, +3.875, +0.156,+0.959
1576565040,+3.37, +3.875, +0.157,+0.960
1576565100,+3.37, +3.886, +0.156,+0.959
1576565160,+3.37, +3.865, +0.156,+0.959
1576565220,+3.37, +3.875, +0.156,+0.959
1576565280,+3.37, +3.854, +0.155,+0.959
1576565340,+3.37, +3.875, +0.156,+0.959
1576565400,+3.37, +3.875, +0.156,+0.959
1576565460,+3.37, +3.875, +0.155,+0.959
1576565520,+3.37, +3.854, +0.158,+0.959
1576565580,+3.37, +3.886, +0.155,+0.959
1576565640,+3.37, +3.802, +0.156,+0.959
1576565700,+3.37, +3.854, +0.156,+0.959
1576565760,+3.37, +3.886, +0.156,+0.959
1576565820,+3.36, +3.854, +0.155,+0.959
1576565880,+3.37, +3.886, +0.157,+0.959
1576565940,+3.37, +3.865, +0.155,+0.959
1576566000,+3.37, +3.844, +0.156,+0.959
1576566060,+3.37, +3.865, +0.156,+0.959
1576566120,+3.37, +3.854, +0.157,+0.959
1576566180,+3.37, +3.875, +0.155,+0.959
1576566240,+3.37, +3.875, +0.156,+0.959
1576566300,+3.37, +3.865, +0.157,+0.959
1576566360,+3.37, +3.875, +0.157,+0.959
1576566420,+3.37, +3.886, +0.156,+0.959
1576566480,+3.37, +3.875, +0.157,+0.959
1576566540,+3.37, +3.875, +0.156,+0.959
1576566600,+3.37, +3.844, +0.158,+0.959
1576566660,+3.37, +3.854, +0.157,+0.959
1576566720,+3.37, +3.875, +0.157,+0.959
1576566780,+3.37, +3.854, +0.156,+0.959
1576566840,+3.37, +3.886, +0.155,+0.959
1576566900,+3.37, +3.865, +0.157,+0.959
1576566960,+3.37, +3.875, +0.156,+0.959
1576567020,+3.37, +3.875, +0.157,+0.959
1576567080,+3.37, +3.854, +0.156,+0.959
1576567140,+3.37, +3.865, +0.156,+0.959
1576567200,+3.37, +3.865, +0.155,+0.959
1576567260,+3.37, +3.886, +0.156,+0.959
1576567320,+3.37, +3.886, +0.154,+0.959
1576567380,+3.37, +3.844, +0.157,+0.959
1576567440,+3.37, +3.865, +0.157,+0.960
1576567500,+3.37, +3.865, +0.154,+0.959
1576567560,+3.37, +3.875, +0.155,+0.959
1576567620,+3.37, +3.875, +0.156,+0.959
1576567680,+3.37, +3.875, +0.156,+0.959
1576567740,+3.37, +3.854, +0.155,+0.959
1576567800,+3.37, +3.865, +0.157,+0.959
1576567860,+3.37, +3.854, +0.158,+0.959
1576567920,+3.37, +3.886, +0.156,+0.959
1576567980,+3.37, +3.896, +0.158,+0.959
1576568040,+3.37, +3.865, +0.155,+0.959
1576568100,+3.37, +3.844, +0.156,+0.959
1576568160,+3.37, +3.854, +0.156,+0.959
1576568220,+3.37, +3.854, +0.156,+0.959
1576568280,+3.37, +3.865, +0.158,+0.959
1576568340,+3.37, +3.834, +0.157,+0.959
1576568400,+3.37, +3.854, +0.156,+0.959
1576568460,+3.36, +3.865, +0.157,+0.959
1576568520,+3.37, +3.865, +0.157,+0.959
1576568580,+3.37, +3.854, +0.157,+0.959
1576568640,+3.37, +3.834, +0.156,+0.959
1576568700,+3.37, +3.875, +0.157,+0.959
1576568760,+3.37, +3.886, +0.155,+0.959
1576568820,+3.37, +3.875, +0.155,+0.959
1576568880,+3.37, +3.875, +0.156,+0.959
1576568940,+3.37, +3.875, +0.156,+0.959
1576569000,+3.37, +3.875, +0.156,+0.959
1576569060,+3.37, +3.865, +0.157,+0.959
1576569120,+3.37, +3.865, +0.157,+0.959
1576569180,+3.37, +3.844, +0.156,+0.959
1576569240,+3.37, +3.875, +0.156,+0.959
1576569300,+3.37, +3.865, +0.157,+0.959
1576569360,+3.37, +3.886, +0.155,+0.959
1576569420,+3.37, +3.886, +0.155,+0.959
1576569480,+3.37, +3.854, +0.156,+0.959
1576569540,+3.37, +3.886, +0.157,+0.960
1576569600,+3.37, +3.865, +0.155,+0.959
1576569660,+3.37, +3.875, +0.156,+0.959
1576569720,+3.37, +3.844, +0.157,+0.959
1576569780,+3.37, +3.844, +0.158,+0.959
1576569840,+3.37, +3.865, +0.156,+0.959
1576569900,+3.37, +3.854, +0.157,+0.959
1576569960,+3.37, +3.886, +0.156,+0.959
1576570020,+3.36, +3.834, +0.156,+0.959
1576570080,+3.37, +3.823, +0.155,+0.959
1576570140,+3.37, +3.865, +0.155,+0.959
1576570200,+3.37, +3.875, +0.156,+0.959
1576570260,+3.37, +3.854, +0.158,+0.959
1576570320,+3.37, +3.854, +0.155,+0.959
1576570380,+3.37, +3.854, +0.156,+0.959
1576570440,+3.37, +3.854, +0.156,+0.959
1576570500,+3.37, +3.875, +0.155,+0.959
1576570560,+3.37, +3.854, +0.155,+0.959
1576570620,+3.37, +3.865, +0.156,+0.959
1576570680,+3.37, +3.875, +0.155,+0.959
1576570740,+3.37, +3.875, +0.154,+0.959
1576570800,+3.37, +3.854, +0.157,+0.959
1576570860,+3.37, +3.886, +0.155,+0.959
1576570920,+3.37, +3.875, +0.156,+0.959
1576570980,+3.37, +3.844, +0.157,+0.959
1576571040,+3.37, +3.854, +0.157,+0.959
1576571100,+3.36, +3.844, +0.156,+0.959
1576571160,+3.37, +3.865, +0.155,+0.959
1576571220,+3.37, +3.844, +0.156,+0.959
1576571280,+3.37, +3.865, +0.157,+0.959
1576571340,+3.37, +3.875, +0.156,+0.959
1576571400,+3.37, +3.844, +0.155,+0.959
1576571460,+3.37, +3.886, +0.155,+0.959
1576571520,+3.37, +3.854, +0.158,+0.959
1576571580,+3.37, +3.854, +0.156,+0.959
1576571640,+3.36, +3.875, +0.157,+0.959
1576571700,+3.37, +3.875, +0.156,+0.959
1576571760,+3.37, +3.865, +0.155,+0.959
1576571820,+3.37, +3.865, +0.157,+0.959
1576571880,+3.37, +3.854, +0.155,+0.959
1576571940,+3.37, +3.875, +0.157,+0.960
1576572000,+3.37, +3.865, +0.157,+0.959
1576572060,+3.37, +3.854, +0.155,+0.959
1576572120,+3.37, +3.865, +0.156,+0.959
1576572180,+3.37, +3.854, +0.156,+0.959
1576572240,+3.37, +3.854, +0.157,+0.959
1576572300,+3.37, +3.865, +0.156,+0.959
1576572360,+3.36, +3.844, +0.156,+0.959
1576572420,+3.37, +3.875, +0.157,+0.959
1576572480,+3.37, +3.875, +0.156,+0.959
1576572540,+3.37, +3.854, +0.157,+0.959
1576572600,+3.37, +3.886, +0.156,+0.959
1576572660,+3.37, +3.844, +0.158,+0.959
1576572720,+3.37, +3.854, +0.156,+0.959
1576572780,+3.37, +3.865, +0.156,+0.959
1576572840,+3.37, +3.854, +0.155,+0.959
1576572900,+3.37, +3.886, +0.155,+0.959
1576572960,+3.37, +3.854, +0.156,+0.959
1576573020,+3.37, +3.875, +0.155,+0.959
1576573080,+3.37, +3.886, +0.155,+0.959
1576573140,+3.37, +3.875, +0.155,+0.959
1576573200,+3.37, +3.875, +0.155,+0.959
1576573260,+3.37, +3.865, +0.157,+0.959
1576573320,+3.37, +3.865, +0.156,+0.959
1576573380,+3.37, +3.865, +0.157,+0.959
1576573440,+3.36, +3.844, +0.155,+0.959
1576573500,+3.37, +3.875, +0.156,+0.959
1576573560,+3.37, +3.865, +0.156,+0.959
1576573620,+3.37, +3.875, +0.156,+0.959
1576573680,+3.37, +3.875, +0.156,+0.959
1576573740,+3.37, +3.886, +0.157,+0.959
1576573800,+3.37, +3.875, +0.156,+0.959
1576573860,+3.37, +3.865, +0.156,+0.959
1576573920,+3.36, +3.865, +0.157,+0.959
1576573980,+3.37, +3.865, +0.155,+0.959
1576574040,+3.37, +3.854, +0.156,+0.959
1576574100,+3.36, +3.886, +0.155,+0.959
1576574160,+3.37, +3.875, +0.156,+0.959
1576574220,+3.37, +3.854, +0.156,+0.959
1576574280,+3.36, +3.865, +0.155,+0.959
1576574340,+3.37, +3.875, +0.156,+0.959
1576574400,+3.37, +3.896, +0.155,+0.959
1576574460,+3.37, +3.854, +0.156,+0.959
1576574520,+3.37, +3.875, +0.156,+0.959
1576574580,+3.37, +3.896, +0.156,+0.959
1576574640,+3.37, +3.906, +0.157,+0.959
1576574700,+3.37, +3.865, +0.156,+0.959
1576574760,+3.37, +3.875, +0.157,+0.959
1576574820,+3.37, +3.865, +0.156,+0.959
1576574880,+3.37, +3.886, +0.156,+0.959
1576574940,+3.37, +3.886, +0.156,+0.959
1576575000,+3.37, +3.896, +0.156,+0.959
1576575060,+3.37, +3.875, +0.157,+0.959
1576575120,+3.37, +3.886, +0.156,+0.959
1576575180,+3.37, +3.886, +0.155,+0.959
1576575240,+3.37, +3.875, +0.156,+0.959
1576575300,+3.37, +3.886, +0.155,+0.959
1576575360,+3.37, +3.886, +0.157,+0.959
1576575420,+3.37, +3.865, +0.156,+0.959
1576575480,+3.37, +3.865, +0.157,+0.959
1576575540,+3.37, +3.875, +0.154,+0.959
1576575600,+3.37, +3.906, +0.155,+0.959
1576575660,+3.37, +3.896, +0.157,+0.959
1576575720,+3.37, +3.875, +0.156,+0.959
1576575780,+3.37, +3.865, +0.157,+0.959
1576575840,+3.37, +3.854, +0.157,+0.959
1576575900,+3.37, +3.875, +0.157,+0.959
1576575960,+3.37, +3.886, +0.156,+0.959
1576576020,+3.37, +3.896, +0.157,+0.959
1576576080,+3.37, +3.886, +0.155,+0.959
1576576140,+3.36, +3.875, +0.157,+0.959
1576576200,+3.37, +3.896, +0.156,+0.959
1576576260,+3.37, +3.896, +0.157,+0.960
1576576320,+3.37, +3.875, +0.155,+0.959
1576576380,+3.37, +3.875, +0.157,+0.959
1576576440,+3.37, +3.896, +0.154,+0.959
1576576500,+3.37, +3.875, +0.156,+0.959
1576576560,+3.37, +3.896, +0.157,+0.959
1576576620,+3.37, +3.865, +0.156,+0.959
1576576680,+3.37, +3.875, +0.156,+0.959
1576576740,+3.37, +3.865, +0.158,+0.960
1576576800,+3.37, +3.875, +0.155,+0.959
1576576860,+3.36, +3.865, +0.155,+0.959
1576576920,+3.37, +3.886, +0.156,+0.959
1576576980,+3.37, +3.854, +0.155,+0.959
1576577040,+3.37, +3.875, +0.157,+0.959
1576577100,+3.37, +3.854, +0.156,+0.959
1576577160,+3.37, +3.875, +0.156,+0.959
1576577220,+3.37, +3.865, +0.156,+0.959
1576577280,+3.37, +3.886, +0.157,+0.959
1576577340,+3.37, +3.834, +0.157,+0.959
1576577400,+3.37, +3.886, +0.157,+0.959
1576577460,+3.37, +3.865, +0.155,+0.959
1576577520,+3.37, +3.865, +0.156,+0.959
1576577580,+3.37, +3.854, +0.156,+0.959
1576577640,+3.36, +3.865, +0.155,+0.959
1576577700,+3.37, +3.865, +0.157,+0.959
1576577760,+3.37, +3.886, +0.154,+0.959
1576577820,+3.36, +3.875, +0.157,+0.959
1576577880,+3.37, +3.886, +0.156,+0.959
1576577940,+3.37, +3.886, +0.157,+0.959
1576578000,+3.37, +3.865, +0.155,+0.959
1576578060,+3.37, +3.875, +0.156,+0.959
1576578120,+3.37, +3.865, +0.156,+0.959
1576578180,+3.37, +3.896, +0.155,+0.959
1576578240,+3.37, +3.886, +0.156,+0.959
1576578300,+3.37, +3.865, +0.157,+0.959
1576578360,+3.37, +3.865, +0.155,+0.959
1576578420,+3.37, +3.896, +0.156,+0.959
1576578480,+3.37, +3.875, +0.156,+0.959
1576578540,+3.37, +3.865, +0.156,+0.959
1576578600,+3.37, +3.875, +0.157,+0.959
1576578660,+3.37, +3.865, +0.155,+0.959
1576578720,+3.37, +3.875, +0.156,+0.959
1576578780,+3.37, +3.875, +0.156,+0.959
1576578840,+3.37, +3.865, +0.157,+0.959
1576578900,+3.37, +3.875, +0.155,+0.959
1576578960,+3.37, +3.865, +0.156,+0.959
1576579020,+3.37, +3.844, +0.157,+0.959
1576579080,+3.37, +3.865, +0.155,+0.959
1576579140,+3.37, +3.906, +0.155,+0.959
1576579200,+3.37, +3.875, +0.155,+0.959
1576579260,+3.37, +3.865, +0.155,+0.959
1576579320,+3.37, +3.865, +0.156,+0.959
1576579380,+3.37, +3.865, +0.156,+0.959
1576579440,+3.37, +3.865, +0.156,+0.959
1576579500,+3.37, +3.854, +0.157,+0.959
1576579560,+3.37, +3.865, +0.157,+0.959
1576579620,+3.37, +3.875, +0.156,+0.959
1576579680,+3.37, +3.844, +0.158,+0.959
1576579740,+3.37, +3.865, +0.156,+0.959
1576579800,+3.37, +3.886, +0.156,+0.959
1576579860,+3.37, +3.875, +0.159,+0.959
1576579920,+3.37, +3.865, +0.155,+0.959
1576579980,+3.36, +3.865, +0.155,+0.959
1576580040,+3.37, +3.875, +0.157,+0.959
1576580100,+3.37, +3.865, +0.156,+0.959
1576580160,+3.37, +3.875, +0.155,+0.959
1576580220,+3.37, +3.886, +0.157,+0.960
1576580280,+3.37, +3.865, +0.156,+0.959
1576580340,+3.37, +3.875, +0.155,+0.959
1576580400,+3.37, +3.865, +0.156,+0.959
1576580460,+3.37, +3.834, +0.157,+0.959
1576580520,+3.37, +3.854, +0.157,+0.959
1576580580,+3.37, +3.865, +0.156,+0.959
1576580640,+3.37, +3.865, +0.156,+0.959
1576580700,+3.37, +3.865, +0.155,+0.959
1576580760,+3.37, +3.886, +0.157,+0.959
1576580820,+3.37, +3.854, +0.156,+0.959
1576580880,+3.37, +3.886, +0.157,+0.959
1576580940,+3.36, +3.906, +0.156,+0.959
1576581000,+3.37, +3.875, +0.156,+0.959
1576581060,+3.37, +3.896, +0.156,+0.960
1576581120,+3.37, +3.906, +0.154,+0.959
1576581180,+3.37, +3.886, +0.156,+0.959
1576581240,+3.37, +3.886, +0.155,+0.959
1576581300,+3.37, +3.886, +0.156,+0.959
1576581360,+3.37, +3.875, +0.158,+0.959
1576581420,+3.36, +3.875, +0.157,+0.959
1576581480,+3.37, +3.896, +0.157,+0.959
1576581540,+3.37, +3.886, +0.155,+0.959
1576581600,+3.37, +3.865, +0.157,+0.959
1576581660,+3.37, +3.875, +0.156,+0.959
1576581720,+3.37, +3.875, +0.157,+0.959
1576581780,+3.37, +3.854, +0.156,+0.959
1576581840,+3.37, +3.886, +0.157,+0.959
1576581900,+3.37, +3.875, +0.156,+0.959
1576581960,+3.37, +3.865, +0.157,+0.959
1576582020,+3.37, +3.875, +0.155,+0.959
1576582080,+3.37, +3.896, +0.156,+0.959
1576582140,+3.37, +3.865, +0.158,+0.959
1576582200,+3.37, +3.865, +0.155,+0.959
1576582260,+3.37, +3.875, +0.156,+0.959
1576582320,+3.37, +3.844, +0.155,+0.959
1576582380,+3.37, +3.854, +0.157,+0.959
1576582440,+3.37, +3.865, +0.155,+0.959
1576582500,+3.37, +3.854, +0.156,+0.959
1576582560,+3.37, +3.854, +0.156,+0.959
1576582620,+3.37, +3.854, +0.157,+0.959
1576582680,+3.37, +3.854, +0.156,+0.959
1576582740,+3.37, +3.875, +0.157,+0.959
1576582800,+3.36, +3.865, +0.156,+0.959
1576582860,+3.37, +3.854, +0.156,+0.959
1576582920,+3.37, +3.865, +0.155,+0.959
1576582980,+3.37, +3.875, +0.156,+0.959
1576583040,+3.37, +3.875, +0.158,+0.959
1576583100,+3.37, +3.875, +0.155,+0.959
1576583160,+3.36, +3.917, +0.156,+0.959
1576583220,+3.37, +3.886, +0.156,+0.959
1576583280,+3.37, +3.886, +0.156,+0.959
1576583340,+3.37, +3.875, +0.157,+0.959
1576583400,+3.36, +3.886, +0.155,+0.959
1576583460,+3.37, +3.875, +0.155,+0.959
1576583520,+3.37, +3.865, +0.156,+0.959
1576583580,+3.37, +3.792, +0.158,+0.959
1576583640,+3.37, +3.865, +0.156,+0.959
1576583700,+3.37, +3.875, +0.156,+0.959
1576583760,+3.37, +3.865, +0.156,+0.959
1576583820,+3.37, +3.886, +0.156,+0.959
1576583880,+3.37, +3.844, +0.156,+0.959
1576583940,+3.37, +3.844, +0.156,+0.959
1576584000,+3.37, +3.854, +0.157,+0.959
1576584060,+3.37, +3.854, +0.156,+0.959
1576584120,+3.36, +3.844, +0.158,+0.959
1576584180,+3.37, +3.865, +0.156,+0.959
1576584240,+3.37, +3.865, +0.156,+0.959
1576584300,+3.36, +3.875, +0.156,+0.959
1576584360,+3.37, +3.865, +0.158,+0.959
1576584420,+3.36, +3.875, +0.155,+0.959
1576584480,+3.37, +3.875, +0.156,+0.959
1576584540,+3.37, +3.854, +0.156,+0.959
1576584600,+3.37, +3.886, +0.156,+0.959
1576584660,+3.36, +3.844, +0.155,+0.959
1576584720,+3.37, +3.875, +0.157,+0.959
1576584780,+3.36, +3.886, +0.156,+0.959
1576584840,+3.37, +3.854, +0.156,+0.959
1576584900,+3.37, +3.865, +0.156,+0.959
1576584960,+3.37, +3.875, +0.155,+0.959
1576585020,+3.37, +3.906, +0.155,+0.959
1576585080,+3.37, +3.886, +0.157,+0.959
1576585140,+3.37, +3.834, +0.156,+0.959
1576585200,+3.37, +3.865, +0.156,+0.959
1576585260,+3.37, +3.823, +0.157,+0.959
1576585320,+3.37, +3.875, +0.157,+0.959
1576585380,+3.36, +3.854, +0.154,+0.959
1576585440,+3.37, +3.875, +0.157,+0.959
1576585500,+3.37, +3.875, +0.155,+0.959
1576585560,+3.37, +3.865, +0.155,+0.959
1576585620,+3.37, +3.875, +0.156,+0.959
1576585680,+3.36, +3.865, +0.156,+0.959
1576585740,+3.37, +3.886, +0.156,+0.959
1576585800,+3.37, +3.875, +0.157,+0.959
1576585860,+3.37, +3.865, +0.156,+0.959
1576585920,+3.37, +3.865, +0.155,+0.959
1576585980,+3.36, +3.875, +0.155,+0.959
1576586040,+3.37, +3.875, +0.157,+0.959
1576586100,+3.37, +3.875, +0.156,+0.959
1576586160,+3.37, +3.875, +0.155,+0.959
1576586220,+3.37, +3.875, +0.156,+0.959
1576586280,+3.37, +3.865, +0.155,+0.959
1576586340,+3.37, +3.875, +0.155,+0.959
1576586400,+3.37, +3.875, +0.156,+0.959
1576586460,+3.37, +3.886, +0.155,+0.959
1576586520,+3.37, +3.875, +0.155,+0.959
1576586580,+3.36, +3.896, +0.154,+0.959
1576586640,+3.37, +3.875, +0.155,+0.959
1576586700,+3.37, +3.886, +0.156,+0.959
1576586760,+3.37, +3.854, +0.157,+0.959
1576586820,+3.37, +3.865, +0.158,+0.959
1576586880,+3.37, +3.865, +0.154,+0.959
1576586940,+3.37, +3.875, +0.155,+0.959
1576587000,+3.37, +3.875, +0.155,+0.959
1576587060,+3.37, +3.875, +0.156,+0.959
1576587120,+3.37, +3.854, +0.158,+0.959
1576587180,+3.37, +3.865, +0.157,+0.959
1576587240,+3.36, +3.844, +0.156,+0.959
1576587300,+3.37, +3.865, +0.157,+0.959
1576587360,+3.36, +3.865, +0.155,+0.959
1576587420,+3.37, +3.865, +0.157,+0.959
1576587480,+3.37, +3.875, +0.155,+0.959
1576587540,+3.37, +3.875, +0.155,+0.959
1576587600,+3.37, +3.865, +0.157,+0.959
1576587660,+3.37, +3.854, +0.156,+0.959
1576587720,+3.37, +3.854, +0.155,+0.959
1576587780,+3.37, +3.844, +0.157,+0.959
1576587840,+3.37, +3.865, +0.157,+0.959
1576587900,+3.37, +3.865, +0.156,+0.959
1576587960,+3.37, +3.854, +0.156,+0.959
1576588020,+3.37, +3.844, +0.156,+0.959
1576588080,+3.37, +3.854, +0.157,+0.959
1576588140,+3.37, +3.865, +0.156,+0.959
1576588200,+3.37, +3.865, +0.156,+0.959
1576588260,+3.37, +3.834, +0.158,+0.959
1576588320,+3.37, +3.854, +0.153,+0.959
1576588380,+3.37, +3.865, +0.157,+0.959
1576588440,+3.37, +3.875, +0.155,+0.959
1576588500,+3.37, +3.865, +0.157,+0.959
1576588560,+3.37, +3.844, +0.157,+0.959
1576588620,+3.37, +3.854, +0.157,+0.959
1576588680,+3.37, +3.844, +0.156,+0.959
1576588740,+3.37, +3.844, +0.157,+0.959
1576588800,+3.37, +3.875, +0.156,+0.960
1576588860,+3.36, +3.865, +0.155,+0.959
1576588920,+3.37, +3.844, +0.157,+0.959
1576588980,+3.37, +3.865, +0.154,+0.959
1576589040,+3.37, +3.875, +0.155,+0.959
1576589100,+3.37, +3.875, +0.154,+0.959
1576589160,+3.37, +3.886, +0.157,+0.960
1576589220,+3.37, +3.854, +0.158,+0.959
1576589280,+3.37, +3.865, +0.156,+0.959
1576589340,+3.37, +3.865, +0.156,+0.959
1576589400,+3.37, +3.865, +0.156,+0.959
1576589460,+3.37, +3.854, +0.154,+0.959
1576589520,+3.36, +3.875, +0.157,+0.959
1576589580,+3.37, +3.875, +0.155,+0.959
1576589640,+3.37, +3.886, +0.156,+0.959
1576589700,+3.37, +3.865, +0.156,+0.959
1576589760,+3.37, +3.886, +0.155,+0.959
1576589820,+3.37, +3.875, +0.157,+0.959
1576589880,+3.37, +3.854, +0.155,+0.959
1576589940,+3.37, +3.844, +0.157,+0.959
1576590000,+3.37, +3.875, +0.156,+0.959
1576590060,+3.36, +3.854, +0.155,+0.959
1576590120,+3.37, +3.865, +0.156,+0.959
1576590180,+3.36, +3.854, +0.156,+0.959
1576590240,+3.37, +3.854, +0.157,+0.959
1576590300,+3.37, +3.865, +0.156,+0.959
1576590360,+3.37, +3.854, +0.156,+0.959
1576590420,+3.37, +3.875, +0.156,+0.959
1576590480,+3.37, +3.886, +0.155,+0.959
1576590540,+3.36, +3.854, +0.155,+0.959
1576590600,+3.36, +3.854, +0.155,+0.959
1576590660,+3.37, +3.875, +0.156,+0.959
1576590720,+3.36, +3.875, +0.156,+0.959
1576590780,+3.36, +3.854, +0.156,+0.959
1576590840,+3.37, +3.875, +0.156,+0.959
1576590900,+3.37, +3.854, +0.156,+0.959
1576590960,+3.37, +3.854, +0.155,+0.959
1576591020,+3.36, +3.865, +0.156,+0.959
1576591080,+3.37, +3.886, +0.157,+0.959
1576591140,+3.37, +3.854, +0.157,+0.959
1576591200,+3.37, +3.844, +0.155,+0.959
1576591260,+3.37, +3.875, +0.155,+0.959
1576591320,+3.36, +3.844, +0.158,+0.960
1576591380,+3.37, +3.854, +0.158,+0.959
1576591440,+3.37, +3.865, +0.155,+0.959
1576591500,+3.37, +3.875, +0.156,+0.959
1576591560,+3.37, +3.854, +0.156,+0.959
1576591620,+3.37, +3.896, +0.157,+0.959
1576591680,+3.36, +3.834, +0.157,+0.959
1576591740,+3.37, +3.865, +0.156,+0.959
1576591800,+3.37, +3.854, +0.156,+0.959
1576591860,+3.37, +3.854, +0.156,+0.959
1576591920,+3.37, +3.823, +0.155,+0.959
1576591980,+3.37, +3.875, +0.156,+0.959
1576592040,+3.37, +3.854, +0.156,+0.959
1576592100,+3.37, +3.906, +0.157,+0.960
1576592160,+3.37, +3.865, +0.157,+0.959
1576592220,+3.37, +3.865, +0.156,+0.959
1576592280,+3.37, +3.865, +0.155,+0.959
1576592340,+3.37, +3.865, +0.158,+0.959
1576592400,+3.37, +3.854, +0.155,+0.959
1576592460,+3.37, +3.854, +0.157,+0.959
1576592520,+3.36, +3.886, +0.156,+0.959
1576592580,+3.37, +3.875, +0.156,+0.959
1576592640,+3.37, +3.865, +0.157,+0.959
1576592700,+3.37, +3.875, +0.156,+0.959
1576592760,+3.37, +3.865, +0.156,+0.959
1576592820,+3.36, +3.865, +0.158,+0.959
1576592880,+3.37, +3.865, +0.156,+0.959
1576592940,+3.37, +3.865, +0.156,+0.959
1576593000,+3.37, +3.865, +0.156,+0.959
1576593060,+3.36, +3.865, +0.157,+0.959
1576593120,+3.37, +3.875, +0.156,+0.959
1576593180,+3.37, +3.865, +0.156,+0.959
1576593240,+3.37, +3.802, +0.157,+0.959
1576593300,+3.37, +3.875, +0.155,+0.959
1576593360,+3.36, +3.865, +0.157,+0.959
1576593420,+3.37, +3.854, +0.155,+0.959
1576593480,+3.37, +3.865, +0.157,+0.959
1576593540,+3.37, +3.906, +0.155,+0.959
1576593600,+3.36, +3.865, +0.156,+0.959
1576593660,+3.37, +3.875, +0.156,+0.959
1576593720,+3.37, +3.886, +0.156,+0.959
1576593780,+3.37, +3.875, +0.156,+0.959
1576593840,+3.37, +3.886, +0.154,+0.959
1576593900,+3.37, +3.844, +0.157,+0.959
1576593960,+3.37, +3.886, +0.157,+0.959
1576594020,+3.36, +3.865, +0.155,+0.959
1576594080,+3.37, +3.854, +0.157,+0.959
1576594140,+3.37, +3.854, +0.156,+0.959
1576594200,+3.37, +3.865, +0.157,+0.959
1576594260,+3.37, +3.854, +0.155,+0.959
1576594320,+3.36, +3.865, +0.155,+0.959
1576594380,+3.37, +3.854, +0.155,+0.959
1576594440,+3.37, +3.875, +0.157,+0.959
1576594500,+3.37, +3.875, +0.158,+0.959
1576594560,+3.37, +3.854, +0.157,+0.959
1576594620,+3.37, +3.875, +0.157,+0.959
1576594680,+3.36, +3.865, +0.156,+0.959
1576594740,+3.37, +3.875, +0.154,+0.959
1576594800,+3.37, +3.865, +0.155,+0.959
1576594860,+3.36, +3.844, +0.157,+0.959
1576594920,+3.37, +3.865, +0.156,+0.959
1576594980,+3.37, +3.886, +0.155,+0.959
1576595040,+3.37, +3.854, +0.155,+0.959
1576595100,+3.36, +3.896, +0.155,+0.959
1576595160,+3.36, +3.875, +0.156,+0.959
1576595220,+3.36, +3.854, +0.158,+0.959
1576595280,+3.37, +3.865, +0.158,+0.959
1576595340,+3.37, +3.865, +0.156,+0.959
1576595400,+3.36, +3.865, +0.156,+0.959
1576595460,+3.37, +3.875, +0.155,+0.959
1576595520,+3.37, +3.865, +0.157,+0.959
1576595580,+3.37, +3.854, +0.157,+0.959
1576595640,+3.37, +3.875, +0.156,+0.959
1576595700,+3.37, +3.875, +0.156,+0.959
1576595760,+3.37, +3.875, +0.157,+0.959
1576595820,+3.37, +3.875, +0.156,+0.959
1576595880,+3.36, +3.865, +0.157,+0.959
1576595940,+3.37, +3.865, +0.158,+0.959
1576596000,+3.37, +3.886, +0.156,+0.959
1576596060,+3.36, +3.865, +0.155,+0.959
1576596120,+3.37, +3.854, +0.156,+0.959
1576596180,+3.37, +3.854, +0.157,+0.959
1576596240,+3.37, +3.854, +0.158,+0.960
1576596300,+3.37, +3.844, +0.157,+0.959
1576596360,+3.36, +3.865, +0.156,+0.959
1576596420,+3.36, +3.865, +0.156,+0.959
1576596480,+3.37, +3.854, +0.156,+0.959
1576596540,+3.36, +3.886, +0.157,+0.959
1576596600,+3.37, +3.865, +0.156,+0.959
1576596660,+3.36, +3.896, +0.154,+0.959
1576596720,+3.37, +3.875, +0.156,+0.959
1576596780,+3.37, +3.844, +0.156,+0.959
1576596840,+3.36, +3.844, +0.157,+0.959
1576596900,+3.37, +3.854, +0.156,+0.959
1576596960,+3.37, +3.865, +0.155,+0.959
1576597020,+3.37, +3.854, +0.158,+0.959
1576597080,+3.37, +3.865, +0.156,+0.959
1576597140,+3.37, +3.844, +0.154,+0.959
1576597200,+3.37, +3.875, +0.157,+0.959
1576597260,+3.36, +3.875, +0.157,+0.959
1576597320,+3.37, +3.875, +0.156,+0.959
1576597380,+3.37, +3.854, +0.156,+0.959
1576597440,+3.37, +3.854, +0.156,+0.959
1576597500,+3.37, +3.854, +0.157,+0.959
1576597560,+3.37, +3.865, +0.156,+0.959
1576597620,+3.37, +3.854, +0.155,+0.959
1576597680,+3.37, +3.875, +0.156,+0.959
1576597740,+3.37, +3.865, +0.156,+0.959
1576597800,+3.36, +3.854, +0.157,+0.959
1576597860,+3.37, +3.896, +0.156,+0.959
1576597920,+3.37, +3.854, +0.156,+0.959
1576597980,+3.37, +3.844, +0.156,+0.959
1576598040,+3.36, +3.865, +0.156,+0.959
1576598100,+3.36, +3.875, +0.155,+0.959
1576598160,+3.37, +3.844, +0.156,+0.959
1576598220,+3.37, +3.854, +0.156,+0.959
1576598280,+3.36, +3.854, +0.157,+0.959
1576598340,+3.37, +3.875, +0.155,+0.959
1576598400,+3.37, +3.865, +0.158,+0.959
1576598460,+3.36, +3.854, +0.157,+0.959
1576598520,+3.37, +3.844, +0.157,+0.959
1576598580,+3.37, +3.875, +0.158,+0.959
1576598640,+3.36, +3.854, +0.158,+0.959
1576598700,+3.37, +3.834, +0.156,+0.959
1576598760,+3.37, +3.875, +0.155,+0.959
1576598820,+3.36, +3.854, +0.156,+0.959
1576598880,+3.37, +3.865, +0.156,+0.959
1576598940,+3.37, +3.875, +0.156,+0.959
1576599000,+3.37, +3.813, +0.158,+0.959
1576599060,+3.36, +3.886, +0.156,+0.959
1576599120,+3.37, +3.875, +0.154,+0.959
1576599180,+3.37, +3.875, +0.156,+0.959
1576599240,+3.37, +3.844, +0.156,+0.959
1576599300,+3.36, +3.844, +0.155,+0.959
1576599360,+3.37, +3.865, +0.156,+0.959
1576599420,+3.37, +3.854, +0.156,+0.959
1576599480,+3.37, +3.854, +0.157,+0.959
1576599540,+3.37, +3.886, +0.155,+0.959
1576599600,+3.36, +3.875, +0.157,+0.959
1576599660,+3.36, +3.875, +0.155,+0.959
1576599720,+3.36, +3.875, +0.157,+0.959
1576599780,+3.37, +3.854, +0.156,+0.959
1576599840,+3.37, +3.854, +0.158,+0.959
1576599900,+3.37, +3.865, +0.157,+0.959
1576599960,+3.36, +3.844, +0.158,+0.959
1576600020,+3.37, +3.875, +0.156,+0.959
1576600080,+3.37, +3.865, +0.157,+0.959
1576600140,+3.37, +3.844, +0.157,+0.959
1576600200,+3.37, +3.854, +0.157,+0.959
1576600260,+3.37, +3.865, +0.156,+0.959
1576600320,+3.37, +3.854, +0.158,+0.960
1576600380,+3.37, +3.854, +0.158,+0.959
1576600440,+3.37, +3.854, +0.156,+0.959
1576600500,+3.37, +3.854, +0.157,+0.959
1576600560,+3.37, +3.823, +0.156,+0.959
1576600620,+3.37, +3.896, +0.154,+0.959
1576600680,+3.37, +3.865, +0.156,+0.959
1576600740,+3.36, +3.844, +0.157,+0.959
1576600800,+3.36, +3.865, +0.156,+0.959
1576600860,+3.37, +3.854, +0.156,+0.959
1576600920,+3.37, +3.844, +0.156,+0.959
1576600980,+3.37, +3.865, +0.155,+0.959
1576601040,+3.37, +3.834, +0.156,+0.959
1576601100,+3.37, +3.886, +0.154,+0.959
1576601160,+3.37, +3.865, +0.156,+0.959
1576601220,+3.36, +3.854, +0.156,+0.959
1576601280,+3.36, +3.865, +0.157,+0.959
1576601340,+3.37, +3.875, +0.157,+0.959
1576601400,+3.36, +3.854, +0.157,+0.959
1576601460,+3.36, +3.854, +0.155,+0.959
1576601520,+3.36, +3.865, +0.158,+0.959
1576601580,+3.36, +3.865, +0.156,+0.959
1576601640,+3.36, +3.886, +0.154,+0.959
1576601700,+3.36, +3.854, +0.155,+0.959
1576601760,+3.36, +3.844, +0.157,+0.959
1576601820,+3.36, +3.844, +0.157,+0.959
1576601880,+3.36, +3.865, +0.156,+0.959
1576601940,+3.36, +3.865, +0.156,+0.959
1576602000,+3.36, +3.844, +0.157,+0.959
1576602060,+3.36, +3.854, +0.157,+0.959
1576602120,+3.36, +3.886, +0.155,+0.959
1576602180,+3.36, +3.844, +0.158,+0.959
1576602240,+3.36, +3.844, +0.157,+0.959
1576602300,+3.36, +3.844, +0.156,+0.959
1576602360,+3.36, +3.834, +0.157,+0.959
1576602420,+3.36, +3.875, +0.156,+0.959
1576602480,+3.36, +3.865, +0.155,+0.959
1576602540,+3.36, +3.865, +0.155,+0.959
1576602600,+3.36, +3.875, +0.156,+0.959
1576602660,+3.36, +3.865, +0.156,+0.959
1576602720,+3.36, +3.844, +0.157,+0.959
1576602780,+3.36, +3.865, +0.156,+0.959
1576602840,+3.36, +3.854, +0.157,+0.959
1576602900,+3.36, +3.875, +0.156,+0.959
1576602960,+3.36, +3.875, +0.157,+0.959
1576603020,+3.36, +3.854, +0.155,+0.959
1576603080,+3.36, +3.865, +0.155,+0.959
1576603140,+3.36, +3.875, +0.155,+0.959
1576603200,+3.36, +3.865, +0.156,+0.959
1576603260,+3.36, +3.865, +0.156,+0.959
1576603320,+3.36, +3.844, +0.155,+0.959
1576603380,+3.36, +3.844, +0.157,+0.959
1576603440,+3.36, +3.854, +0.155,+0.959
1576603500,+3.36, +3.875, +0.156,+0.959
1576603560,+3.36, +3.875, +0.155,+0.959
1576603620,+3.36, +3.886, +0.156,+0.959
1576603680,+3.36, +3.834, +0.157,+0.959
1576603740,+3.36, +3.854, +0.156,+0.959
1576603800,+3.36, +3.865, +0.154,+0.959
1576603860,+3.36, +3.875, +0.157,+0.959
1576603920,+3.36, +3.875, +0.158,+0.960
1576603980,+3.36, +3.865, +0.155,+0.959
1576604040,+3.37, +3.854, +0.155,+0.959
1576604100,+3.36, +3.844, +0.157,+0.959
1576604160,+3.36, +3.854, +0.157,+0.959
1576604220,+3.36, +3.854, +0.154,+0.959
1576604280,+3.36, +3.834, +0.155,+0.959
1576604340,+3.36, +3.854, +0.156,+0.959
1576604400,+3.36, +3.865, +0.157,+0.959
1576604460,+3.36, +3.865, +0.158,+0.960
1576604520,+3.36, +3.854, +0.157,+0.959
1576604580,+3.36, +3.875, +0.157,+0.960
1576604640,+3.36, +3.865, +0.155,+0.959
1576604700,+3.36, +3.865, +0.156,+0.959
1576604760,+3.36, +3.854, +0.157,+0.959
1576604820,+3.36, +3.865, +0.156,+0.959
1576604880,+3.37, +3.875, +0.155,+0.959
1576604940,+3.37, +3.865, +0.156,+0.959
1576605000,+3.36, +3.875, +0.156,+0.959
1576605060,+3.36, +3.865, +0.155,+0.959
1576605120,+3.36, +3.865, +0.157,+0.959
1576605180,+3.37, +3.865, +0.154,+0.959
1576605240,+3.36, +3.886, +0.157,+0.959
1576605300,+3.36, +3.823, +0.157,+0.959
1576605360,+3.37, +3.854, +0.157,+0.959
1576605420,+3.36, +3.854, +0.157,+0.959
1576605480,+3.37, +3.854, +0.156,+0.959
1576605540,+3.37, +3.844, +0.155,+0.959
1576605600,+3.36, +3.875, +0.156,+0.959
1576605660,+3.36, +3.875, +0.157,+0.960
1576605720,+3.36, +3.854, +0.158,+0.959
1576605780,+3.36, +3.875, +0.156,+0.959
1576605840,+3.36, +3.854, +0.156,+0.959
1576605900,+3.36, +3.854, +0.157,+0.959
1576605960,+3.36, +3.875, +0.155,+0.959
1576606020,+3.36, +3.844, +0.156,+0.959
1576606080,+3.36, +3.844, +0.155,+0.959
1576606140,+3.36, +3.865, +0.155,+0.959
1576606200,+3.36, +3.854, +0.156,+0.959
1576606260,+3.36, +3.865, +0.157,+0.959
1576606320,+3.36, +3.865, +0.157,+0.959
1576606380,+3.37, +3.865, +0.157,+0.959
1576606440,+3.36, +3.854, +0.155,+0.959
1576606500,+3.36, +3.844, +0.157,+0.959
1576606560,+3.36, +3.896, +0.157,+0.959
1576606620,+3.37, +3.875, +0.157,+0.959
1576606680,+3.37, +3.875, +0.157,+0.959
1576606740,+3.36, +3.865, +0.155,+0.959
1576606800,+3.36, +3.854, +0.157,+0.959
1576606860,+3.36, +3.854, +0.156,+0.959
1576606920,+3.36, +3.875, +0.156,+0.959
1576606980,+3.36, +3.865, +0.156,+0.959
1576607040,+3.36, +3.854, +0.157,+0.959
1576607100,+3.36, +3.865, +0.157,+0.959
1576607160,+3.36, +3.875, +0.156,+0.959
1576607220,+3.36, +3.865, +0.155,+0.959
1576607280,+3.36, +3.886, +0.157,+0.959
1576607340,+3.37, +3.865, +0.155,+0.959
1576607400,+3.36, +3.854, +0.155,+0.959
1576607460,+3.37, +3.844, +0.157,+0.959
1576607520,+3.36, +3.865, +0.156,+0.959
1576607580,+3.37, +3.854, +0.156,+0.959
1576607640,+3.36, +3.875, +0.158,+0.959
1576607700,+3.37, +3.865, +0.156,+0.959
1576607760,+3.37, +3.865, +0.156,+0.959
1576607820,+3.36, +3.886, +0.157,+0.960
1576607880,+3.36, +3.854, +0.157,+0.959
1576607940,+3.36, +3.886, +0.155,+0.959
1576608000,+3.36, +3.865, +0.156,+0.959
1576608060,+3.37, +3.865, +0.156,+0.959
1576608120,+3.36, +3.865, +0.155,+0.959
1576608180,+3.36, +3.854, +0.157,+0.959
1576608240,+3.36, +3.834, +0.157,+0.959
1576608300,+3.36, +3.875, +0.156,+0.959
1576608360,+3.36, +3.865, +0.155,+0.959
1576608420,+3.36, +3.854, +0.156,+0.959
1576608480,+3.36, +3.875, +0.154,+0.959
1576608540,+3.36, +3.865, +0.156,+0.959
1576608600,+3.36, +3.854, +0.156,+0.959
1576608660,+3.36, +3.886, +0.154,+0.959
1576608720,+3.37, +3.875, +0.157,+0.959
1576608780,+3.36, +3.844, +0.156,+0.959
1576608840,+3.36, +3.865, +0.155,+0.959
1576608900,+3.37, +3.886, +0.156,+0.959
1576608960,+3.36, +3.875, +0.157,+0.959
1576609020,+3.36, +3.875, +0.155,+0.959
1576609080,+3.37, +3.865, +0.156,+0.959
1576609140,+3.36, +3.854, +0.156,+0.959
1576609200,+3.37, +3.844, +0.156,+0.959
1576609260,+3.36, +3.896, +0.157,+0.959
1576609320,+3.36, +3.886, +0.156,+0.959
1576609380,+3.36, +3.865, +0.157,+0.959
1576609440,+3.36, +3.865, +0.155,+0.959
1576609500,+3.36, +3.875, +0.158,+0.960
1576609560,+3.36, +3.834, +0.158,+0.959
1576609620,+3.36, +3.875, +0.156,+0.959
1576609680,+3.36, +3.844, +0.157,+0.959
1576609740,+3.36, +3.854, +0.157,+0.959
1576609800,+3.36, +3.854, +0.156,+0.959
1576609860,+3.36, +3.854, +0.157,+0.959
1576609920,+3.36, +3.854, +0.156,+0.959
1576609980,+3.36, +3.854, +0.156,+0.959
1576610040,+3.37, +3.865, +0.156,+0.959
1576610100,+3.36, +3.844, +0.156,+0.959
1576610160,+3.36, +3.854, +0.158,+0.959
1576610220,+3.36, +3.875, +0.156,+0.959
1576610280,+3.36, +3.834, +0.157,+0.959
1576610340,+3.37, +3.875, +0.156,+0.959
1576610400,+3.36, +3.875, +0.156,+0.959
1576610460,+3.36, +3.875, +0.155,+0.959
1576610520,+3.36, +3.875, +0.156,+0.959
1576610580,+3.36, +3.886, +0.156,+0.959
1576610640,+3.36, +3.865, +0.157,+0.959
1576610700,+3.36, +3.875, +0.157,+0.959
1576610760,+3.36, +3.865, +0.154,+0.959
1576610820,+3.36, +3.875, +0.156,+0.959
1576610880,+3.36, +3.875, +0.155,+0.959
1576610940,+3.36, +3.854, +0.156,+0.959
1576611000,+3.36, +3.875, +0.157,+0.959
1576611060,+3.36, +3.844, +0.159,+0.959
1576611120,+3.36, +3.865, +0.157,+0.959
1576611180,+3.36, +3.865, +0.157,+0.959
1576611240,+3.36, +3.865, +0.156,+0.959
1576611300,+3.36, +3.875, +0.157,+0.959
1576611360,+3.36, +3.854, +0.155,+0.959
1576611420,+3.36, +3.875, +0.155,+0.959
1576611480,+3.36, +3.886, +0.155,+0.959
1576611540,+3.36, +3.875, +0.157,+0.959
1576611600,+3.36, +3.854, +0.156,+0.959
1576611660,+3.36, +3.886, +0.156,+0.959
1576611720,+3.36, +3.865, +0.155,+0.959
1576611780,+3.36, +3.865, +0.157,+0.959
1576611840,+3.36, +3.865, +0.157,+0.959
1576611900,+3.36, +3.844, +0.158,+0.959
1576611960,+3.36, +3.865, +0.157,+0.959
1576612020,+3.36, +3.844, +0.157,+0.959
1576612080,+3.36, +3.844, +0.156,+0.959
1576612140,+3.36, +3.854, +0.155,+0.959
1576612200,+3.37, +3.865, +0.156,+0.959
1576612260,+3.36, +3.865, +0.155,+0.959
1576612320,+3.36, +3.875, +0.157,+0.959
1576612380,+3.36, +3.875, +0.156,+0.959
1576612440,+3.37, +3.875, +0.155,+0.959
1576612500,+3.36, +3.854, +0.156,+0.959
1576612560,+3.36, +3.854, +0.156,+0.959
1576612620,+3.36, +3.854, +0.157,+0.959
1576612680,+3.36, +3.875, +0.154,+0.959
1576612740,+3.36, +3.813, +0.157,+0.959
1576612800,+3.37, +3.854, +0.156,+0.959
1576612860,+3.36, +3.865, +0.156,+0.959
1576612920,+3.36, +3.865, +0.156,+0.959
1576612980,+3.36, +3.844, +0.156,+0.959
1576613040,+3.36, +3.844, +0.157,+0.959
1576613100,+3.36, +3.844, +0.158,+0.959
1576613160,+3.36, +3.854, +0.156,+0.959
1576613220,+3.36, +3.854, +0.156,+0.959
1576613280,+3.36, +3.865, +0.155,+0.959
1576613340,+3.36, +3.865, +0.158,+0.959
1576613400,+3.36, +3.854, +0.157,+0.959
1576613460,+3.36, +3.875, +0.156,+0.959
1576613520,+3.36, +3.854, +0.156,+0.959
1576613580,+3.36, +3.865, +0.155,+0.959
1576613640,+3.36, +3.865, +0.157,+0.959
1576613700,+3.36, +3.834, +0.157,+0.959
1576613760,+3.37, +3.865, +0.156,+0.959
1576613820,+3.36, +3.865, +0.157,+0.959
1576613880,+3.36, +3.875, +0.157,+0.959
1576613940,+3.36, +3.854, +0.158,+0.959
1576614000,+3.36, +3.865, +0.157,+0.959
1576614060,+3.36, +3.844, +0.158,+0.959
1576614120,+3.36, +3.896, +0.156,+0.959
1576614180,+3.36, +3.854, +0.157,+0.959
1576614240,+3.36, +3.886, +0.156,+0.959
1576614300,+3.36, +3.844, +0.156,+0.959
1576614360,+3.36, +3.844, +0.156,+0.959
1576614420,+3.36, +3.854, +0.157,+0.959
1576614480,+3.36, +3.875, +0.156,+0.959
1576614540,+3.36, +3.875, +0.154,+0.959
1576614600,+3.36, +3.854, +0.157,+0.959
1576614660,+3.36, +3.854, +0.157,+0.959
1576614720,+3.36, +3.886, +0.156,+0.959
1576614780,+3.37, +3.865, +0.158,+0.960
1576614840,+3.36, +3.886, +0.155,+0.959
1576614900,+3.36, +3.865, +0.156,+0.959
1576614960,+3.37, +3.865, +0.156,+0.959
1576615020,+3.36, +3.834, +0.156,+0.959
1576615080,+3.36, +3.896, +0.154,+0.959
1576615140,+3.37, +3.896, +0.155,+0.959
1576615200,+3.36, +3.875, +0.156,+0.959
1576615260,+3.37, +3.865, +0.156,+0.959
1576615320,+3.36, +3.865, +0.155,+0.959
1576615380,+3.36, +3.896, +0.155,+0.960
1576615440,+3.36, +3.875, +0.156,+0.959
1576615500,+3.36, +3.865, +0.156,+0.959
1576615560,+3.36, +3.865, +0.156,+0.959
1576615620,+3.36, +3.865, +0.156,+0.959
1576615680,+3.37, +3.875, +0.156,+0.959
1576615740,+3.36, +3.844, +0.157,+0.959
1576615800,+3.36, +3.875, +0.154,+0.959
