7392-570653
OS REV: 1.11 Sensor Cal: 1428445788
Time (sec),  BV (Volts),  T (deg C),  DO (mg/l),  Q ()
1576183860,+3.37, +3.958, +0.157,+0.959
1576183920,+3.37, +3.969, +0.156,+0.959
1576183980,+3.37, +3.948, +0.156,+0.959
1576184040,+3.37, +3.969, +0.155,+0.959
1576184100,+3.37, +3.958, +0.154,+0.959
1576184160,+3.37, +3.958, +0.155,+0.959
1576184220,+3.37, +3.969, +0.155,+0.959
1576184280,+3.37, +3.958, +0.154,+0.959
1576184340,+3.37, +3.969, +0.156,+0.959
1576184400,+3.37, +3.969, +0.155,+0.959
1576184460,+3.37, +3.969, +0.156,+0.959
1576184520,+3.37, +3.937, +0.157,+0.959
1576184580,+3.37, +3.937, +0.156,+0.959
1576184640,+3.37, +3.969, +0.155,+0.959
1576184700,+3.37, +3.989, +0.155,+0.959
1576184760,+3.37, +3.969, +0.155,+0.959
1576184820,+3.37, +3.948, +0.157,+0.959
1576184880,+3.37, +3.979, +0.156,+0.959
1576184940,+3.37, +4.000, +0.155,+0.959
1576185000,+3.37, +3.958, +0.155,+0.959
1576185060,+3.37, +3.979, +0.155,+0.959
1576185120,+3.37, +3.948, +0.156,+0.959
1576185180,+3.37, +3.969, +0.156,+0.959
1576185240,+3.37, +3.979, +0.155,+0.959
1576185300,+3.37, +3.948, +0.156,+0.959
1576185360,+3.37, +3.937, +0.154,+0.959
1576185420,+3.37, +3.989, +0.154,+0.959
1576185480,+3.37, +3.958, +0.156,+0.959
1576185540,+3.37, +3.958, +0.156,+0.959
1576185600,+3.37, +3.969, +0.154,+0.959
1576185660,+3.37, +3.969, +0.156,+0.959
1576185720,+3.37, +3.969, +0.157,+0.959
1576185780,+3.37, +3.979, +0.154,+0.959
1576185840,+3.37, +3.958, +0.155,+0.959
1576185900,+3.37, +3.969, +0.155,+0.959
1576185960,+3.37, +3.969, +0.156,+0.959
1576186020,+3.37, +3.979, +0.155,+0.959
1576186080,+3.37, +3.948, +0.156,+0.959
1576186140,+3.37, +3.969, +0.156,+0.959
1576186200,+3.37, +3.969, +0.155,+0.959
1576186260,+3.37, +3.979, +0.155,+0.959
1576186320,+3.37, +3.979, +0.157,+0.959
1576186380,+3.37, +3.948, +0.158,+0.959
1576186440,+3.37, +3.958, +0.156,+0.959
1576186500,+3.37, +3.969, +0.155,+0.959
1576186560,+3.37, +3.989, +0.157,+0.960
1576186620,+3.37, +3.958, +0.155,+0.959
1576186680,+3.37, +3.937, +0.155,+0.959
1576186740,+3.37, +3.969, +0.155,+0.959
1576186800,+3.37, +3.969, +0.155,+0.959
1576186860,+3.37, +3.979, +0.155,+0.959
1576186920,+3.37, +3.969, +0.156,+0.959
1576186980,+3.37, +3.979, +0.155,+0.959
1576187040,+3.37, +4.000, +0.154,+0.959
1576187100,+3.37, +3.969, +0.155,+0.959
1576187160,+3.37, +3.989, +0.153,+0.959
1576187220,+3.37, +3.979, +0.156,+0.959
1576187280,+3.37, +3.937, +0.155,+0.959
1576187340,+3.37, +3.969, +0.156,+0.959
1576187400,+3.37, +3.969, +0.156,+0.959
1576187460,+3.37, +3.948, +0.156,+0.959
1576187520,+3.37, +3.937, +0.156,+0.959
1576187580,+3.37, +3.948, +0.155,+0.959
1576187640,+3.37, +3.979, +0.156,+0.959
1576187700,+3.37, +3.989, +0.154,+0.959
1576187760,+3.37, +3.937, +0.157,+0.959
1576187820,+3.37, +3.958, +0.157,+0.959
1576187880,+3.37, +3.979, +0.155,+0.959
1576187940,+3.37, +3.958, +0.155,+0.959
1576188000,+3.37, +3.958, +0.155,+0.959
1576188060,+3.37, +3.948, +0.156,+0.959
1576188120,+3.37, +3.979, +0.155,+0.959
1576188180,+3.37, +3.969, +0.155,+0.959
1576188240,+3.37, +3.979, +0.155,+0.959
1576188300,+3.37, +3.958, +0.154,+0.959
1576188360,+3.37, +3.969, +0.155,+0.959
1576188420,+3.37, +3.948, +0.155,+0.959
1576188480,+3.37, +3.948, +0.155,+0.959
1576188540,+3.37, +3.958, +0.153,+0.959
1576188600,+3.37, +3.969, +0.157,+0.959
1576188660,+3.37, +3.969, +0.155,+0.959
1576188720,+3.37, +3.958, +0.155,+0.959
1576188780,+3.37, +3.969, +0.155,+0.959
1576188840,+3.37, +3.969, +0.156,+0.959
1576188900,+3.37, +3.958, +0.155,+0.959
1576188960,+3.37, +3.969, +0.155,+0.959
1576189020,+3.37, +3.948, +0.156,+0.959
1576189080,+3.37, +3.948, +0.156,+0.959
1576189140,+3.37, +3.948, +0.155,+0.959
1576189200,+3.37, +3.969, +0.155,+0.959
1576189260,+3.37, +3.906, +0.156,+0.959
1576189320,+3.37, +3.937, +0.156,+0.959
1576189380,+3.37, +3.958, +0.156,+0.959
1576189440,+3.37, +3.948, +0.155,+0.959
1576189500,+3.37, +3.969, +0.155,+0.959
1576189560,+3.37, +3.958, +0.157,+0.959
1576189620,+3.37, +3.958, +0.155,+0.959
1576189680,+3.37, +3.948, +0.155,+0.959
1576189740,+3.37, +3.948, +0.155,+0.959
1576189800,+3.37, +3.948, +0.155,+0.959
1576189860,+3.37, +3.937, +0.155,+0.959
1576189920,+3.37, +3.979, +0.155,+0.959
1576189980,+3.37, +3.927, +0.156,+0.959
1576190040,+3.37, +3.969, +0.155,+0.959
1576190100,+3.37, +3.937, +0.157,+0.959
1576190160,+3.37, +3.969, +0.156,+0.959
1576190220,+3.37, +3.958, +0.157,+0.959
1576190280,+3.37, +3.969, +0.154,+0.959
1576190340,+3.37, +3.948, +0.156,+0.959
1576190400,+3.37, +3.958, +0.154,+0.959
1576190460,+3.37, +3.969, +0.155,+0.959
1576190520,+3.37, +3.937, +0.156,+0.959
1576190580,+3.37, +3.969, +0.154,+0.959
1576190640,+3.37, +3.948, +0.155,+0.959
1576190700,+3.37, +3.958, +0.156,+0.959
1576190760,+3.37, +3.948, +0.155,+0.959
1576190820,+3.37, +3.958, +0.156,+0.959
1576190880,+3.37, +3.969, +0.155,+0.959
1576190940,+3.37, +3.969, +0.156,+0.959
1576191000,+3.37, +3.937, +0.157,+0.959
1576191060,+3.37, +3.927, +0.155,+0.959
1576191120,+3.37, +3.969, +0.155,+0.959
1576191180,+3.37, +3.979, +0.155,+0.959
1576191240,+3.37, +3.969, +0.155,+0.959
1576191300,+3.37, +3.979, +0.155,+0.959
1576191360,+3.37, +3.958, +0.156,+0.959
1576191420,+3.37, +3.979, +0.154,+0.959
1576191480,+3.37, +3.969, +0.156,+0.959
1576191540,+3.37, +3.979, +0.156,+0.959
1576191600,+3.37, +3.948, +0.156,+0.959
1576191660,+3.37, +3.969, +0.155,+0.959
1576191720,+3.37, +3.969, +0.154,+0.959
1576191780,+3.37, +3.969, +0.155,+0.959
1576191840,+3.37, +3.958, +0.156,+0.959
1576191900,+3.37, +3.948, +0.156,+0.959
1576191960,+3.37, +3.979, +0.153,+0.959
1576192020,+3.37, +3.958, +0.155,+0.959
1576192080,+3.37, +3.979, +0.155,+0.959
1576192140,+3.37, +3.979, +0.155,+0.959
1576192200,+3.37, +3.979, +0.155,+0.959
1576192260,+3.37, +3.969, +0.156,+0.960
1576192320,+3.37, +3.979, +0.155,+0.959
1576192380,+3.37, +3.948, +0.153,+0.959
1576192440,+3.37, +3.948, +0.155,+0.959
1576192500,+3.37, +3.979, +0.155,+0.959
1576192560,+3.37, +3.948, +0.155,+0.959
1576192620,+3.37, +3.958, +0.156,+0.959
1576192680,+3.37, +3.958, +0.154,+0.959
1576192740,+3.37, +3.958, +0.156,+0.959
1576192800,+3.37, +3.969, +0.155,+0.959
1576192860,+3.37, +3.958, +0.154,+0.959
1576192920,+3.37, +3.989, +0.155,+0.959
1576192980,+3.37, +3.969, +0.155,+0.959
1576193040,+3.37, +3.948, +0.155,+0.959
1576193100,+3.37, +3.979, +0.154,+0.959
1576193160,+3.37, +3.958, +0.154,+0.959
1576193220,+3.37, +3.969, +0.156,+0.959
1576193280,+3.37, +3.969, +0.156,+0.959
1576193340,+3.37, +3.969, +0.156,+0.959
1576193400,+3.37, +3.958, +0.156,+0.959
1576193460,+3.37, +3.958, +0.156,+0.959
1576193520,+3.37, +3.969, +0.155,+0.959
1576193580,+3.37, +3.948, +0.153,+0.959
1576193640,+3.37, +3.969, +0.154,+0.959
1576193700,+3.37, +3.948, +0.156,+0.959
1576193760,+3.37, +3.958, +0.156,+0.959
1576193820,+3.37, +3.989, +0.153,+0.959
1576193880,+3.37, +3.958, +0.155,+0.959
1576193940,+3.37, +3.979, +0.154,+0.959
1576194000,+3.37, +3.969, +0.156,+0.959
1576194060,+3.37, +3.958, +0.157,+0.959
1576194120,+3.37, +3.937, +0.156,+0.959
1576194180,+3.37, +3.969, +0.154,+0.959
1576194240,+3.37, +3.969, +0.156,+0.959
1576194300,+3.37, +3.948, +0.154,+0.959
1576194360,+3.37, +3.948, +0.156,+0.959
1576194420,+3.37, +3.989, +0.157,+0.959
1576194480,+3.37, +3.958, +0.155,+0.959
1576194540,+3.37, +3.948, +0.157,+0.959
1576194600,+3.37, +3.969, +0.154,+0.959
1576194660,+3.37, +3.958, +0.155,+0.959
1576194720,+3.37, +3.937, +0.155,+0.959
1576194780,+3.37, +3.969, +0.155,+0.959
1576194840,+3.37, +3.958, +0.155,+0.959
1576194900,+3.37, +3.969, +0.156,+0.959
1576194960,+3.37, +3.958, +0.157,+0.959
1576195020,+3.37, +3.927, +0.155,+0.959
1576195080,+3.37, +3.979, +0.154,+0.959
1576195140,+3.37, +3.958, +0.155,+0.959
1576195200,+3.37, +3.969, +0.155,+0.959
1576195260,+3.37, +3.969, +0.154,+0.959
1576195320,+3.37, +3.937, +0.156,+0.959
1576195380,+3.37, +3.969, +0.155,+0.959
1576195440,+3.37, +3.958, +0.156,+0.959
1576195500,+3.37, +3.927, +0.156,+0.959
1576195560,+3.37, +3.969, +0.155,+0.959
1576195620,+3.37, +3.948, +0.156,+0.959
1576195680,+3.37, +3.969, +0.155,+0.959
1576195740,+3.37, +3.937, +0.153,+0.959
1576195800,+3.37, +3.969, +0.154,+0.959
1576195860,+3.37, +3.937, +0.156,+0.959
1576195920,+3.37, +3.927, +0.156,+0.959
1576195980,+3.37, +3.989, +0.155,+0.959
1576196040,+3.37, +3.958, +0.156,+0.959
1576196100,+3.37, +3.969, +0.154,+0.959
1576196160,+3.37, +3.948, +0.154,+0.959
1576196220,+3.37, +3.958, +0.156,+0.959
1576196280,+3.37, +3.958, +0.156,+0.959
1576196340,+3.37, +3.958, +0.155,+0.959
1576196400,+3.37, +3.958, +0.156,+0.959
1576196460,+3.37, +3.958, +0.156,+0.959
1576196520,+3.37, +3.948, +0.157,+0.959
1576196580,+3.37, +3.989, +0.155,+0.959
1576196640,+3.37, +3.948, +0.155,+0.959
1576196700,+3.37, +3.896, +0.155,+0.959
1576196760,+3.37, +3.958, +0.156,+0.959
1576196820,+3.37, +3.969, +0.156,+0.959
1576196880,+3.37, +3.958, +0.156,+0.959
1576196940,+3.37, +3.958, +0.155,+0.959
1576197000,+3.37, +3.958, +0.156,+0.959
1576197060,+3.37, +3.979, +0.154,+0.959
1576197120,+3.37, +3.948, +0.155,+0.959
1576197180,+3.37, +3.958, +0.156,+0.959
1576197240,+3.37, +3.969, +0.156,+0.959
1576197300,+3.37, +3.958, +0.156,+0.959
1576197360,+3.37, +3.937, +0.157,+0.959
1576197420,+3.37, +3.948, +0.155,+0.959
1576197480,+3.37, +3.958, +0.156,+0.959
1576197540,+3.37, +3.969, +0.156,+0.959
1576197600,+3.37, +3.948, +0.156,+0.959
1576197660,+3.37, +3.958, +0.155,+0.959
1576197720,+3.37, +3.958, +0.154,+0.959
1576197780,+3.37, +3.958, +0.155,+0.959
1576197840,+3.37, +3.969, +0.156,+0.959
1576197900,+3.37, +3.958, +0.155,+0.959
1576197960,+3.37, +3.979, +0.156,+0.959
1576198020,+3.37, +3.979, +0.155,+0.959
1576198080,+3.37, +3.917, +0.155,+0.959
1576198140,+3.37, +3.958, +0.156,+0.959
1576198200,+3.37, +3.969, +0.156,+0.959
1576198260,+3.37, +3.969, +0.156,+0.959
1576198320,+3.37, +3.958, +0.154,+0.959
1576198380,+3.37, +3.989, +0.155,+0.959
1576198440,+3.37, +3.958, +0.155,+0.959
1576198500,+3.37, +3.958, +0.155,+0.959
1576198560,+3.37, +3.979, +0.154,+0.959
1576198620,+3.37, +3.948, +0.154,+0.959
1576198680,+3.37, +3.958, +0.156,+0.959
1576198740,+3.37, +3.969, +0.156,+0.959
1576198800,+3.37, +4.000, +0.155,+0.959
1576198860,+3.37, +3.979, +0.155,+0.959
1576198920,+3.37, +3.969, +0.157,+0.959
1576198980,+3.37, +3.969, +0.154,+0.959
1576199040,+3.37, +3.989, +0.156,+0.959
1576199100,+3.37, +3.979, +0.155,+0.959
1576199160,+3.37, +3.958, +0.155,+0.959
1576199220,+3.37, +3.969, +0.155,+0.959
1576199280,+3.37, +3.969, +0.154,+0.959
1576199340,+3.37, +3.948, +0.156,+0.959
1576199400,+3.37, +3.989, +0.154,+0.959
1576199460,+3.37, +3.989, +0.156,+0.959
1576199520,+3.37, +3.969, +0.156,+0.959
1576199580,+3.37, +3.989, +0.153,+0.959
1576199640,+3.37, +3.979, +0.154,+0.959
1576199700,+3.37, +3.958, +0.156,+0.959
1576199760,+3.37, +3.989, +0.154,+0.959
1576199820,+3.37, +3.969, +0.157,+0.959
1576199880,+3.37, +4.000, +0.156,+0.959
1576199940,+3.37, +3.979, +0.155,+0.959
1576200000,+3.37, +3.958, +0.155,+0.959
1576200060,+3.37, +3.989, +0.155,+0.959
1576200120,+3.37, +3.948, +0.156,+0.959
1576200180,+3.37, +3.948, +0.154,+0.959
1576200240,+3.37, +3.969, +0.155,+0.959
1576200300,+3.37, +3.958, +0.156,+0.959
1576200360,+3.37, +3.958, +0.157,+0.959
1576200420,+3.37, +3.979, +0.155,+0.959
1576200480,+3.37, +3.958, +0.156,+0.959
1576200540,+3.37, +3.979, +0.156,+0.959
1576200600,+3.37, +3.969, +0.155,+0.959
1576200660,+3.37, +3.969, +0.155,+0.959
1576200720,+3.37, +3.979, +0.156,+0.959
1576200780,+3.37, +3.979, +0.156,+0.959
1576200840,+3.37, +3.958, +0.156,+0.959
1576200900,+3.37, +3.989, +0.155,+0.959
1576200960,+3.37, +3.979, +0.155,+0.959
1576201020,+3.37, +3.948, +0.156,+0.959
1576201080,+3.37, +3.969, +0.155,+0.959
1576201140,+3.37, +3.958, +0.155,+0.959
1576201200,+3.37, +3.969, +0.156,+0.959
1576201260,+3.37, +3.958, +0.156,+0.959
1576201320,+3.37, +3.948, +0.156,+0.959
1576201380,+3.37, +3.969, +0.155,+0.959
1576201440,+3.37, +3.989, +0.157,+0.959
1576201500,+3.37, +3.989, +0.154,+0.959
1576201560,+3.37, +3.989, +0.153,+0.959
1576201620,+3.37, +3.979, +0.155,+0.959
1576201680,+3.37, +3.969, +0.155,+0.959
1576201740,+3.37, +3.979, +0.154,+0.959
1576201800,+3.37, +3.969, +0.156,+0.959
1576201860,+3.37, +3.969, +0.156,+0.959
1576201920,+3.37, +3.969, +0.156,+0.959
1576201980,+3.37, +3.979, +0.156,+0.959
1576202040,+3.37, +3.958, +0.158,+0.959
1576202100,+3.37, +3.989, +0.156,+0.959
1576202160,+3.37, +3.958, +0.155,+0.959
1576202220,+3.37, +3.969, +0.155,+0.959
1576202280,+3.37, +3.958, +0.155,+0.959
1576202340,+3.37, +3.958, +0.153,+0.959
1576202400,+3.37, +3.958, +0.156,+0.959
1576202460,+3.37, +3.958, +0.154,+0.959
1576202520,+3.37, +3.979, +0.154,+0.959
1576202580,+3.37, +3.979, +0.154,+0.959
1576202640,+3.37, +3.948, +0.157,+0.959
1576202700,+3.37, +3.969, +0.157,+0.959
1576202760,+3.37, +3.979, +0.155,+0.959
1576202820,+3.37, +3.958, +0.155,+0.959
1576202880,+3.37, +3.969, +0.156,+0.959
1576202940,+3.37, +3.979, +0.154,+0.959
1576203000,+3.37, +3.948, +0.156,+0.959
1576203060,+3.37, +3.958, +0.156,+0.959
1576203120,+3.37, +3.969, +0.153,+0.959
1576203180,+3.37, +3.948, +0.156,+0.959
1576203240,+3.37, +3.958, +0.156,+0.959
1576203300,+3.37, +3.969, +0.157,+0.959
1576203360,+3.37, +3.948, +0.154,+0.959
1576203420,+3.37, +3.969, +0.156,+0.959
1576203480,+3.37, +3.958, +0.155,+0.959
1576203540,+3.37, +3.958, +0.155,+0.959
1576203600,+3.37, +3.958, +0.156,+0.959
1576203660,+3.37, +3.969, +0.155,+0.959
1576203720,+3.37, +3.979, +0.156,+0.959
1576203780,+3.37, +3.979, +0.157,+0.959
1576203840,+3.37, +3.969, +0.155,+0.959
1576203900,+3.37, +3.969, +0.157,+0.959
1576203960,+3.37, +3.979, +0.155,+0.959
1576204020,+3.37, +3.958, +0.155,+0.959
1576204080,+3.37, +3.989, +0.154,+0.959
1576204140,+3.37, +3.969, +0.155,+0.959
1576204200,+3.37, +3.979, +0.157,+0.960
1576204260,+3.37, +3.969, +0.155,+0.959
1576204320,+3.37, +3.948, +0.156,+0.959
1576204380,+3.37, +3.969, +0.156,+0.959
1576204440,+3.37, +4.000, +0.156,+0.959
1576204500,+3.37, +3.958, +0.156,+0.959
1576204560,+3.37, +3.969, +0.156,+0.959
1576204620,+3.37, +3.969, +0.156,+0.959
1576204680,+3.37, +3.948, +0.155,+0.959
1576204740,+3.37, +3.969, +0.156,+0.959
1576204800,+3.37, +3.958, +0.157,+0.959
1576204860,+3.37, +3.958, +0.157,+0.959
1576204920,+3.37, +3.989, +0.155,+0.959
1576204980,+3.37, +3.969, +0.156,+0.959
1576205040,+3.37, +3.958, +0.154,+0.959
1576205100,+3.37, +3.989, +0.156,+0.959
1576205160,+3.37, +3.958, +0.156,+0.959
1576205220,+3.37, +3.989, +0.155,+0.959
1576205280,+3.37, +3.969, +0.156,+0.959
1576205340,+3.37, +3.969, +0.155,+0.959
1576205400,+3.37, +3.979, +0.154,+0.959
1576205460,+3.37, +3.958, +0.155,+0.959
1576205520,+3.37, +3.979, +0.156,+0.959
1576205580,+3.37, +3.989, +0.155,+0.959
1576205640,+3.37, +3.969, +0.155,+0.959
1576205700,+3.37, +3.958, +0.156,+0.959
1576205760,+3.37, +4.010, +0.157,+0.959
1576205820,+3.37, +3.969, +0.154,+0.959
1576205880,+3.37, +3.979, +0.156,+0.959
1576205940,+3.37, +3.958, +0.154,+0.959
1576206000,+3.37, +3.948, +0.156,+0.959
1576206060,+3.37, +3.958, +0.155,+0.959
1576206120,+3.37, +3.958, +0.157,+0.959
1576206180,+3.37, +4.000, +0.154,+0.959
1576206240,+3.37, +3.979, +0.157,+0.959
1576206300,+3.37, +3.989, +0.157,+0.959
1576206360,+3.37, +3.948, +0.155,+0.959
1576206420,+3.37, +3.989, +0.155,+0.959
1576206480,+3.37, +3.989, +0.154,+0.959
1576206540,+3.37, +3.979, +0.155,+0.959
1576206600,+3.37, +3.958, +0.155,+0.959
1576206660,+3.37, +3.989, +0.156,+0.959
1576206720,+3.37, +3.969, +0.155,+0.959
1576206780,+3.37, +3.948, +0.155,+0.959
1576206840,+3.37, +3.958, +0.155,+0.959
1576206900,+3.37, +3.969, +0.156,+0.959
1576206960,+3.37, +3.979, +0.154,+0.959
1576207020,+3.37, +3.979, +0.156,+0.959
1576207080,+3.37, +3.979, +0.155,+0.959
1576207140,+3.37, +3.989, +0.156,+0.959
1576207200,+3.37, +3.979, +0.155,+0.959
1576207260,+3.37, +4.010, +0.155,+0.959
1576207320,+3.37, +3.989, +0.155,+0.959
1576207380,+3.37, +3.969, +0.155,+0.959
1576207440,+3.37, +3.969, +0.155,+0.959
1576207500,+3.37, +3.969, +0.154,+0.959
1576207560,+3.37, +3.948, +0.156,+0.959
1576207620,+3.37, +3.969, +0.154,+0.959
1576207680,+3.37, +3.979, +0.154,+0.959
1576207740,+3.37, +3.979, +0.156,+0.959
1576207800,+3.37, +3.979, +0.154,+0.959
1576207860,+3.37, +3.958, +0.155,+0.959
1576207920,+3.37, +3.969, +0.157,+0.959
1576207980,+3.37, +3.958, +0.156,+0.959
1576208040,+3.37, +3.979, +0.155,+0.959
1576208100,+3.37, +3.969, +0.155,+0.959
1576208160,+3.37, +3.979, +0.155,+0.959
1576208220,+3.37, +3.969, +0.155,+0.959
1576208280,+3.37, +3.969, +0.155,+0.959
1576208340,+3.37, +3.989, +0.155,+0.959
1576208400,+3.37, +3.958, +0.157,+0.959
1576208460,+3.37, +3.979, +0.156,+0.959
1576208520,+3.37, +3.969, +0.157,+0.959
1576208580,+3.37, +3.989, +0.155,+0.959
1576208640,+3.37, +3.958, +0.156,+0.959
1576208700,+3.37, +4.000, +0.154,+0.959
1576208760,+3.37, +3.979, +0.155,+0.959
1576208820,+3.37, +3.979, +0.155,+0.959
1576208880,+3.37, +3.958, +0.157,+0.959
1576208940,+3.37, +3.969, +0.156,+0.959
1576209000,+3.37, +3.979, +0.155,+0.959
1576209060,+3.37, +3.958, +0.156,+0.959
1576209120,+3.37, +3.969, +0.155,+0.959
1576209180,+3.37, +3.989, +0.155,+0.959
1576209240,+3.37, +3.979, +0.156,+0.959
1576209300,+3.37, +4.000, +0.157,+0.959
1576209360,+3.37, +3.979, +0.154,+0.959
1576209420,+3.37, +3.989, +0.156,+0.959
1576209480,+3.37, +3.969, +0.157,+0.959
1576209540,+3.37, +3.969, +0.156,+0.959
1576209600,+3.37, +3.969, +0.155,+0.959
1576209660,+3.37, +3.958, +0.157,+0.959
1576209720,+3.37, +3.958, +0.156,+0.959
1576209780,+3.37, +3.948, +0.155,+0.959
1576209840,+3.37, +3.979, +0.155,+0.959
1576209900,+3.37, +3.948, +0.155,+0.959
1576209960,+3.37, +3.979, +0.155,+0.959
1576210020,+3.37, +3.969, +0.156,+0.959
1576210080,+3.37, +3.958, +0.156,+0.959
1576210140,+3.37, +3.969, +0.156,+0.959
1576210200,+3.37, +3.958, +0.155,+0.959
1576210260,+3.37, +3.958, +0.154,+0.959
1576210320,+3.37, +3.969, +0.154,+0.959
1576210380,+3.37, +3.979, +0.154,+0.959
1576210440,+3.37, +3.937, +0.156,+0.959
1576210500,+3.37, +3.958, +0.157,+0.959
1576210560,+3.37, +3.979, +0.155,+0.959
1576210620,+3.37, +3.989, +0.155,+0.959
1576210680,+3.37, +3.979, +0.155,+0.959
1576210740,+3.37, +3.969, +0.155,+0.959
1576210800,+3.37, +3.937, +0.156,+0.959
1576210860,+3.37, +3.958, +0.156,+0.959
1576210920,+3.37, +3.969, +0.155,+0.959
1576210980,+3.37, +3.989, +0.154,+0.959
1576211040,+3.37, +3.969, +0.154,+0.959
1576211100,+3.37, +3.948, +0.155,+0.959
1576211160,+3.37, +3.958, +0.155,+0.959
1576211220,+3.37, +3.979, +0.154,+0.959
1576211280,+3.37, +3.958, +0.156,+0.959
1576211340,+3.37, +3.937, +0.157,+0.959
1576211400,+3.37, +3.958, +0.156,+0.959
1576211460,+3.37, +3.989, +0.155,+0.959
1576211520,+3.37, +3.958, +0.154,+0.959
1576211580,+3.37, +3.948, +0.156,+0.959
1576211640,+3.37, +3.948, +0.156,+0.959
1576211700,+3.37, +3.958, +0.155,+0.959
1576211760,+3.37, +3.979, +0.156,+0.959
1576211820,+3.37, +3.969, +0.155,+0.959
1576211880,+3.37, +3.958, +0.156,+0.959
1576211940,+3.37, +3.969, +0.157,+0.959
1576212000,+3.37, +3.948, +0.157,+0.959
1576212060,+3.37, +3.969, +0.156,+0.959
1576212120,+3.37, +3.958, +0.155,+0.959
1576212180,+3.37, +3.969, +0.156,+0.959
1576212240,+3.37, +3.979, +0.156,+0.959
1576212300,+3.37, +3.969, +0.156,+0.959
1576212360,+3.37, +3.958, +0.155,+0.959
1576212420,+3.37, +3.958, +0.157,+0.959
1576212480,+3.37, +3.979, +0.156,+0.959
1576212540,+3.37, +3.969, +0.155,+0.959
1576212600,+3.37, +3.989, +0.155,+0.959
1576212660,+3.37, +3.979, +0.154,+0.959
1576212720,+3.37, +3.969, +0.156,+0.959
1576212780,+3.37, +3.979, +0.156,+0.959
1576212840,+3.37, +3.979, +0.156,+0.959
1576212900,+3.37, +3.958, +0.154,+0.959
1576212960,+3.37, +3.958, +0.156,+0.959
1576213020,+3.37, +3.969, +0.155,+0.959
1576213080,+3.37, +3.958, +0.155,+0.959
1576213140,+3.37, +3.937, +0.156,+0.959
1576213200,+3.37, +3.979, +0.156,+0.959
1576213260,+3.37, +3.969, +0.155,+0.959
1576213320,+3.37, +3.948, +0.155,+0.959
1576213380,+3.37, +3.948, +0.155,+0.959
1576213440,+3.37, +3.969, +0.157,+0.959
1576213500,+3.37, +3.948, +0.155,+0.959
1576213560,+3.37, +3.937, +0.157,+0.959
1576213620,+3.37, +3.969, +0.154,+0.959
1576213680,+3.37, +3.979, +0.154,+0.959
1576213740,+3.37, +3.969, +0.156,+0.959
1576213800,+3.37, +4.020, +0.156,+0.959
1576213860,+3.37, +4.010, +0.155,+0.959
1576213920,+3.37, +3.969, +0.155,+0.959
1576213980,+3.37, +3.958, +0.156,+0.959
1576214040,+3.37, +3.989, +0.155,+0.959
1576214100,+3.37, +3.948, +0.156,+0.959
1576214160,+3.37, +3.969, +0.156,+0.959
1576214220,+3.37, +3.958, +0.157,+0.959
1576214280,+3.37, +3.969, +0.154,+0.959
1576214340,+3.37, +3.979, +0.155,+0.959
1576214400,+3.37, +3.979, +0.156,+0.959
1576214460,+3.37, +3.958, +0.156,+0.959
1576214520,+3.37, +3.989, +0.153,+0.959
1576214580,+3.37, +3.979, +0.155,+0.959
1576214640,+3.37, +3.989, +0.154,+0.959
1576214700,+3.37, +3.969, +0.155,+0.959
1576214760,+3.37, +4.000, +0.155,+0.959
1576214820,+3.37, +3.969, +0.156,+0.959
1576214880,+3.37, +3.958, +0.156,+0.959
1576214940,+3.37, +3.969, +0.154,+0.959
1576215000,+3.37, +3.969, +0.155,+0.959
1576215060,+3.37, +3.979, +0.155,+0.959
1576215120,+3.37, +3.958, +0.156,+0.959
1576215180,+3.37, +3.958, +0.156,+0.959
1576215240,+3.37, +3.989, +0.156,+0.959
1576215300,+3.37, +3.979, +0.155,+0.959
1576215360,+3.37, +3.958, +0.156,+0.959
1576215420,+3.37, +3.969, +0.155,+0.959
1576215480,+3.37, +3.989, +0.154,+0.959
1576215540,+3.37, +3.989, +0.154,+0.959
1576215600,+3.37, +3.979, +0.155,+0.959
1576215660,+3.37, +3.989, +0.154,+0.959
1576215720,+3.37, +3.989, +0.154,+0.959
1576215780,+3.37, +3.989, +0.155,+0.959
1576215840,+3.37, +3.969, +0.155,+0.959
1576215900,+3.37, +3.958, +0.154,+0.959
1576215960,+3.37, +3.979, +0.155,+0.959
1576216020,+3.37, +3.969, +0.155,+0.959
1576216080,+3.37, +3.958, +0.155,+0.959
1576216140,+3.37, +3.969, +0.155,+0.959
1576216200,+3.37, +3.948, +0.156,+0.959
1576216260,+3.37, +3.969, +0.156,+0.959
1576216320,+3.37, +3.979, +0.156,+0.959
1576216380,+3.37, +3.979, +0.154,+0.959
1576216440,+3.37, +3.979, +0.155,+0.959
1576216500,+3.37, +3.937, +0.154,+0.959
1576216560,+3.37, +3.969, +0.157,+0.959
1576216620,+3.37, +3.969, +0.153,+0.959
1576216680,+3.37, +3.958, +0.155,+0.959
1576216740,+3.37, +3.948, +0.156,+0.959
1576216800,+3.37, +3.948, +0.156,+0.959
1576216860,+3.37, +3.958, +0.155,+0.959
1576216920,+3.37, +3.948, +0.155,+0.959
1576216980,+3.37, +3.937, +0.154,+0.959
1576217040,+3.37, +3.927, +0.156,+0.959
1576217100,+3.37, +3.948, +0.154,+0.959
1576217160,+3.37, +3.958, +0.155,+0.959
1576217220,+3.37, +3.948, +0.157,+0.959
1576217280,+3.37, +3.937, +0.156,+0.959
1576217340,+3.37, +3.969, +0.156,+0.959
1576217400,+3.37, +3.948, +0.154,+0.959
1576217460,+3.37, +3.937, +0.154,+0.959
1576217520,+3.37, +3.969, +0.154,+0.959
1576217580,+3.37, +3.979, +0.156,+0.960
1576217640,+3.37, +3.948, +0.155,+0.959
1576217700,+3.37, +3.958, +0.156,+0.959
1576217760,+3.37, +3.958, +0.156,+0.959
1576217820,+3.37, +3.989, +0.155,+0.959
1576217880,+3.37, +3.958, +0.156,+0.959
1576217940,+3.37, +3.958, +0.155,+0.959
1576218000,+3.37, +3.948, +0.156,+0.959
1576218060,+3.37, +3.989, +0.155,+0.959
1576218120,+3.37, +3.948, +0.157,+0.959
1576218180,+3.37, +3.969, +0.157,+0.959
1576218240,+3.37, +3.927, +0.155,+0.959
1576218300,+3.37, +3.948, +0.155,+0.959
1576218360,+3.37, +3.948, +0.155,+0.959
1576218420,+3.37, +3.958, +0.155,+0.959
1576218480,+3.37, +3.958, +0.155,+0.959
1576218540,+3.37, +3.979, +0.155,+0.959
1576218600,+3.37, +3.958, +0.155,+0.959
1576218660,+3.37, +3.958, +0.155,+0.959
1576218720,+3.37, +3.948, +0.156,+0.959
1576218780,+3.37, +3.948, +0.156,+0.959
1576218840,+3.37, +3.948, +0.157,+0.959
1576218900,+3.37, +3.969, +0.154,+0.959
1576218960,+3.37, +3.969, +0.155,+0.959
1576219020,+3.37, +3.958, +0.155,+0.959
1576219080,+3.37, +3.969, +0.155,+0.959
1576219140,+3.37, +3.969, +0.154,+0.959
1576219200,+3.37, +3.948, +0.157,+0.959
1576219260,+3.37, +3.958, +0.156,+0.959
1576219320,+3.37, +3.958, +0.155,+0.959
1576219380,+3.37, +3.969, +0.156,+0.959
1576219440,+3.37, +3.979, +0.155,+0.959
1576219500,+3.37, +3.958, +0.155,+0.959
1576219560,+3.37, +3.969, +0.155,+0.959
1576219620,+3.37, +3.969, +0.156,+0.959
1576219680,+3.37, +3.958, +0.157,+0.959
1576219740,+3.37, +3.979, +0.155,+0.959
1576219800,+3.37, +3.969, +0.155,+0.959
1576219860,+3.37, +3.937, +0.156,+0.959
1576219920,+3.37, +3.917, +0.155,+0.959
1576219980,+3.37, +3.979, +0.156,+0.959
1576220040,+3.37, +3.958, +0.156,+0.959
1576220100,+3.37, +3.958, +0.156,+0.959
1576220160,+3.37, +3.958, +0.156,+0.959
1576220220,+3.37, +3.989, +0.155,+0.959
1576220280,+3.37, +3.948, +0.156,+0.959
1576220340,+3.37, +3.948, +0.155,+0.959
1576220400,+3.37, +3.958, +0.156,+0.959
1576220460,+3.37, +3.937, +0.154,+0.959
1576220520,+3.37, +3.989, +0.156,+0.959
1576220580,+3.37, +3.937, +0.156,+0.959
1576220640,+3.37, +3.969, +0.155,+0.959
1576220700,+3.37, +3.969, +0.157,+0.959
1576220760,+3.37, +3.969, +0.155,+0.959
1576220820,+3.37, +3.969, +0.155,+0.959
1576220880,+3.37, +3.979, +0.156,+0.959
1576220940,+3.37, +3.948, +0.155,+0.959
1576221000,+3.37, +3.948, +0.157,+0.959
1576221060,+3.37, +3.969, +0.156,+0.959
1576221120,+3.37, +3.969, +0.156,+0.959
1576221180,+3.37, +3.958, +0.154,+0.959
1576221240,+3.37, +3.989, +0.155,+0.959
1576221300,+3.37, +3.979, +0.155,+0.959
1576221360,+3.37, +4.000, +0.155,+0.959
1576221420,+3.37, +3.948, +0.156,+0.959
1576221480,+3.37, +3.969, +0.157,+0.959
1576221540,+3.37, +3.979, +0.154,+0.959
1576221600,+3.37, +3.989, +0.156,+0.959
1576221660,+3.37, +3.979, +0.156,+0.959
1576221720,+3.37, +3.979, +0.155,+0.959
1576221780,+3.37, +3.948, +0.154,+0.959
1576221840,+3.37, +3.979, +0.155,+0.959
1576221900,+3.37, +3.958, +0.154,+0.959
1576221960,+3.37, +3.979, +0.154,+0.959
1576222020,+3.37, +3.979, +0.155,+0.959
1576222080,+3.37, +3.948, +0.156,+0.959
1576222140,+3.37, +3.969, +0.155,+0.959
1576222200,+3.37, +3.979, +0.155,+0.959
1576222260,+3.37, +3.948, +0.156,+0.959
1576222320,+3.37, +3.969, +0.157,+0.959
1576222380,+3.37, +3.989, +0.154,+0.959
1576222440,+3.37, +3.989, +0.156,+0.959
1576222500,+3.37, +3.969, +0.156,+0.959
1576222560,+3.37, +3.958, +0.156,+0.959
1576222620,+3.37, +3.969, +0.156,+0.959
1576222680,+3.37, +3.979, +0.155,+0.959
1576222740,+3.37, +3.958, +0.157,+0.959
1576222800,+3.37, +4.000, +0.154,+0.959
1576222860,+3.37, +3.989, +0.156,+0.959
1576222920,+3.37, +3.979, +0.154,+0.959
1576222980,+3.37, +3.958, +0.158,+0.959
1576223040,+3.37, +3.969, +0.155,+0.959
1576223100,+3.37, +3.979, +0.154,+0.959
1576223160,+3.37, +4.000, +0.154,+0.959
1576223220,+3.37, +3.979, +0.153,+0.959
1576223280,+3.37, +3.937, +0.156,+0.959
1576223340,+3.37, +3.969, +0.154,+0.959
1576223400,+3.37, +3.979, +0.155,+0.959
1576223460,+3.37, +3.969, +0.154,+0.959
1576223520,+3.37, +3.969, +0.156,+0.959
1576223580,+3.37, +3.979, +0.156,+0.959
1576223640,+3.37, +3.989, +0.157,+0.960
1576223700,+3.37, +3.958, +0.156,+0.959
1576223760,+3.37, +3.958, +0.157,+0.959
1576223820,+3.37, +3.979, +0.154,+0.959
1576223880,+3.37, +3.969, +0.155,+0.959
1576223940,+3.37, +3.948, +0.155,+0.959
1576224000,+3.37, +3.969, +0.155,+0.959
1576224060,+3.37, +3.969, +0.157,+0.959
1576224120,+3.37, +4.000, +0.154,+0.959
1576224180,+3.37, +3.937, +0.156,+0.959
1576224240,+3.37, +3.948, +0.156,+0.959
1576224300,+3.37, +3.969, +0.156,+0.959
1576224360,+3.37, +3.948, +0.155,+0.959
1576224420,+3.37, +3.948, +0.155,+0.959
1576224480,+3.37, +3.969, +0.156,+0.959
1576224540,+3.37, +3.948, +0.156,+0.959
1576224600,+3.37, +3.937, +0.156,+0.959
1576224660,+3.37, +3.958, +0.155,+0.959
1576224720,+3.37, +3.948, +0.154,+0.959
1576224780,+3.37, +3.948, +0.156,+0.959
1576224840,+3.37, +3.958, +0.156,+0.959
1576224900,+3.37, +3.937, +0.155,+0.959
1576224960,+3.37, +3.958, +0.155,+0.959
1576225020,+3.37, +3.958, +0.155,+0.959
1576225080,+3.37, +3.969, +0.157,+0.959
1576225140,+3.37, +3.958, +0.156,+0.959
1576225200,+3.37, +3.937, +0.155,+0.959
1576225260,+3.37, +3.917, +0.157,+0.959
1576225320,+3.37, +3.948, +0.156,+0.959
1576225380,+3.37, +3.886, +0.158,+0.959
1576225440,+3.37, +3.948, +0.156,+0.959
1576225500,+3.37, +3.969, +0.154,+0.959
1576225560,+3.37, +3.958, +0.154,+0.959
1576225620,+3.37, +3.937, +0.156,+0.959
1576225680,+3.37, +3.937, +0.156,+0.959
1576225740,+3.37, +3.948, +0.155,+0.959
1576225800,+3.37, +3.958, +0.155,+0.959
1576225860,+3.37, +3.958, +0.155,+0.959
1576225920,+3.37, +3.979, +0.155,+0.959
1576225980,+3.37, +3.927, +0.157,+0.959
1576226040,+3.37, +3.948, +0.156,+0.959
1576226100,+3.37, +3.948, +0.155,+0.959
1576226160,+3.37, +3.969, +0.155,+0.959
1576226220,+3.37, +3.948, +0.157,+0.959
1576226280,+3.37, +3.948, +0.155,+0.959
1576226340,+3.37, +3.927, +0.154,+0.959
1576226400,+3.37, +3.958, +0.154,+0.959
1576226460,+3.37, +3.948, +0.156,+0.959
1576226520,+3.37, +3.969, +0.155,+0.959
1576226580,+3.37, +3.989, +0.156,+0.959
1576226640,+3.37, +3.989, +0.156,+0.959
1576226700,+3.37, +3.948, +0.154,+0.959
1576226760,+3.37, +3.969, +0.156,+0.959
1576226820,+3.37, +3.958, +0.156,+0.959
1576226880,+3.37, +3.969, +0.155,+0.959
1576226940,+3.37, +3.948, +0.156,+0.959
1576227000,+3.37, +3.958, +0.155,+0.959
1576227060,+3.37, +3.969, +0.156,+0.959
1576227120,+3.37, +3.948, +0.156,+0.959
1576227180,+3.37, +3.937, +0.154,+0.959
1576227240,+3.37, +3.958, +0.157,+0.959
1576227300,+3.37, +3.969, +0.154,+0.959
1576227360,+3.37, +3.958, +0.155,+0.959
1576227420,+3.37, +3.979, +0.156,+0.959
1576227480,+3.37, +3.937, +0.156,+0.959
1576227540,+3.37, +3.948, +0.157,+0.959
1576227600,+3.37, +3.969, +0.154,+0.959
1576227660,+3.37, +3.979, +0.156,+0.959
1576227720,+3.37, +3.958, +0.156,+0.959
1576227780,+3.37, +3.969, +0.155,+0.959
1576227840,+3.37, +3.958, +0.155,+0.959
1576227900,+3.37, +3.969, +0.155,+0.959
1576227960,+3.37, +3.979, +0.153,+0.959
1576228020,+3.37, +3.979, +0.155,+0.959
1576228080,+3.37, +3.979, +0.156,+0.959
1576228140,+3.37, +3.969, +0.155,+0.959
1576228200,+3.37, +3.979, +0.156,+0.959
1576228260,+3.37, +3.958, +0.156,+0.959
1576228320,+3.37, +3.969, +0.156,+0.959
1576228380,+3.37, +3.948, +0.155,+0.959
1576228440,+3.37, +3.979, +0.154,+0.959
1576228500,+3.37, +3.958, +0.156,+0.959
1576228560,+3.37, +3.979, +0.156,+0.959
1576228620,+3.37, +3.979, +0.155,+0.959
1576228680,+3.37, +3.989, +0.154,+0.959
1576228740,+3.37, +3.969, +0.154,+0.959
1576228800,+3.37, +3.969, +0.156,+0.959
1576228860,+3.37, +3.979, +0.155,+0.959
1576228920,+3.37, +3.989, +0.155,+0.959
1576228980,+3.37, +3.969, +0.153,+0.959
1576229040,+3.37, +3.969, +0.156,+0.959
1576229100,+3.37, +3.979, +0.154,+0.959
1576229160,+3.37, +3.969, +0.157,+0.959
1576229220,+3.37, +3.969, +0.156,+0.959
1576229280,+3.37, +3.979, +0.155,+0.959
1576229340,+3.37, +3.958, +0.157,+0.959
1576229400,+3.37, +3.969, +0.155,+0.959
1576229460,+3.37, +3.979, +0.154,+0.959
1576229520,+3.37, +3.969, +0.155,+0.959
1576229580,+3.37, +3.989, +0.156,+0.959
1576229640,+3.37, +3.979, +0.156,+0.959
1576229700,+3.37, +3.979, +0.157,+0.959
1576229760,+3.37, +3.989, +0.156,+0.959
1576229820,+3.37, +3.979, +0.154,+0.959
1576229880,+3.37, +3.979, +0.156,+0.959
1576229940,+3.37, +3.969, +0.156,+0.959
1576230000,+3.37, +3.989, +0.155,+0.959
1576230060,+3.37, +3.989, +0.155,+0.959
1576230120,+3.37, +3.989, +0.155,+0.959
1576230180,+3.37, +3.979, +0.158,+0.959
1576230240,+3.37, +3.979, +0.154,+0.959
1576230300,+3.37, +3.979, +0.155,+0.959
1576230360,+3.37, +3.979, +0.155,+0.959
1576230420,+3.37, +4.000, +0.156,+0.959
1576230480,+3.37, +3.969, +0.154,+0.959
1576230540,+3.37, +3.969, +0.156,+0.959
1576230600,+3.37, +3.979, +0.156,+0.959
1576230660,+3.37, +3.948, +0.155,+0.959
1576230720,+3.37, +3.979, +0.156,+0.959
1576230780,+3.37, +3.969, +0.156,+0.959
1576230840,+3.37, +3.969, +0.155,+0.959
1576230900,+3.37, +3.958, +0.156,+0.959
1576230960,+3.37, +3.958, +0.156,+0.959
1576231020,+3.37, +3.969, +0.156,+0.959
1576231080,+3.37, +3.979, +0.152,+0.959
1576231140,+3.37, +3.958, +0.156,+0.959
1576231200,+3.37, +3.989, +0.155,+0.959
1576231260,+3.37, +3.958, +0.154,+0.959
1576231320,+3.37, +3.989, +0.155,+0.959
1576231380,+3.37, +3.958, +0.155,+0.959
1576231440,+3.37, +3.958, +0.156,+0.959
1576231500,+3.37, +3.979, +0.156,+0.959
1576231560,+3.37, +3.969, +0.155,+0.959
1576231620,+3.37, +3.969, +0.156,+0.959
1576231680,+3.37, +3.979, +0.155,+0.959
1576231740,+3.37, +3.969, +0.156,+0.959
1576231800,+3.37, +3.969, +0.154,+0.959
1576231860,+3.37, +3.958, +0.155,+0.959
1576231920,+3.37, +3.948, +0.155,+0.959
1576231980,+3.37, +3.979, +0.154,+0.959
1576232040,+3.37, +3.969, +0.155,+0.959
1576232100,+3.37, +3.979, +0.154,+0.959
1576232160,+3.37, +3.958, +0.154,+0.959
1576232220,+3.37, +3.969, +0.155,+0.959
1576232280,+3.37, +3.979, +0.155,+0.959
1576232340,+3.37, +3.958, +0.154,+0.959
1576232400,+3.37, +3.989, +0.155,+0.959
1576232460,+3.37, +3.969, +0.155,+0.959
1576232520,+3.37, +3.989, +0.156,+0.959
1576232580,+3.37, +3.989, +0.156,+0.959
1576232640,+3.37, +3.979, +0.155,+0.959
1576232700,+3.37, +3.969, +0.156,+0.959
1576232760,+3.37, +3.969, +0.156,+0.959
1576232820,+3.37, +3.989, +0.155,+0.959
1576232880,+3.37, +3.969, +0.155,+0.959
1576232940,+3.37, +3.979, +0.155,+0.959
1576233000,+3.37, +4.010, +0.157,+0.960
1576233060,+3.37, +3.979, +0.155,+0.959
1576233120,+3.37, +3.969, +0.154,+0.959
1576233180,+3.37, +3.958, +0.156,+0.959
1576233240,+3.37, +3.969, +0.156,+0.959
1576233300,+3.37, +3.948, +0.155,+0.959
1576233360,+3.37, +3.958, +0.156,+0.959
1576233420,+3.37, +3.989, +0.157,+0.959
1576233480,+3.37, +3.969, +0.156,+0.959
1576233540,+3.37, +4.010, +0.155,+0.959
1576233600,+3.37, +3.958, +0.156,+0.959
1576233660,+3.37, +3.979, +0.155,+0.959
1576233720,+3.37, +3.969, +0.154,+0.959
1576233780,+3.37, +3.989, +0.156,+0.959
1576233840,+3.37, +3.948, +0.156,+0.959
1576233900,+3.37, +4.000, +0.156,+0.959
1576233960,+3.37, +3.979, +0.156,+0.959
1576234020,+3.37, +3.958, +0.156,+0.959
1576234080,+3.37, +3.979, +0.156,+0.959
1576234140,+3.37, +3.969, +0.156,+0.959
1576234200,+3.37, +3.958, +0.156,+0.959
1576234260,+3.37, +3.958, +0.156,+0.959
1576234320,+3.37, +3.969, +0.155,+0.959
1576234380,+3.37, +3.958, +0.155,+0.959
1576234440,+3.37, +3.979, +0.156,+0.959
1576234500,+3.37, +3.979, +0.155,+0.959
1576234560,+3.37, +3.989, +0.154,+0.959
1576234620,+3.37, +3.958, +0.156,+0.959
1576234680,+3.37, +3.958, +0.155,+0.959
1576234740,+3.37, +3.958, +0.156,+0.959
1576234800,+3.37, +3.937, +0.155,+0.959
1576234860,+3.37, +3.948, +0.155,+0.959
1576234920,+3.37, +3.958, +0.157,+0.959
1576234980,+3.37, +3.969, +0.154,+0.959
1576235040,+3.37, +3.948, +0.156,+0.959
1576235100,+3.37, +3.969, +0.156,+0.959
1576235160,+3.37, +3.937, +0.155,+0.959
1576235220,+3.37, +3.969, +0.156,+0.959
1576235280,+3.37, +3.958, +0.156,+0.959
1576235340,+3.37, +3.958, +0.156,+0.959
1576235400,+3.37, +3.979, +0.156,+0.959
1576235460,+3.37, +3.969, +0.156,+0.959
1576235520,+3.37, +3.948, +0.157,+0.959
1576235580,+3.37, +3.969, +0.154,+0.959
1576235640,+3.37, +3.969, +0.154,+0.959
1576235700,+3.37, +3.969, +0.155,+0.959
1576235760,+3.37, +3.969, +0.156,+0.959
1576235820,+3.37, +3.958, +0.156,+0.959
1576235880,+3.37, +3.969, +0.155,+0.959
1576235940,+3.37, +3.969, +0.155,+0.959
1576236000,+3.37, +3.969, +0.155,+0.959
1576236060,+3.37, +3.917, +0.158,+0.959
1576236120,+3.37, +3.979, +0.157,+0.959
1576236180,+3.37, +3.969, +0.155,+0.959
1576236240,+3.37, +3.958, +0.154,+0.959
1576236300,+3.37, +3.927, +0.156,+0.959
1576236360,+3.37, +3.979, +0.154,+0.959
1576236420,+3.37, +3.969, +0.157,+0.960
1576236480,+3.37, +3.948, +0.155,+0.959
1576236540,+3.37, +3.948, +0.156,+0.959
1576236600,+3.37, +3.958, +0.155,+0.959
1576236660,+3.37, +3.969, +0.156,+0.959
1576236720,+3.37, +3.937, +0.157,+0.959
1576236780,+3.37, +3.948, +0.157,+0.959
1576236840,+3.37, +3.969, +0.155,+0.959
1576236900,+3.37, +3.969, +0.154,+0.959
1576236960,+3.37, +3.958, +0.156,+0.959
1576237020,+3.37, +3.969, +0.156,+0.959
1576237080,+3.37, +3.958, +0.154,+0.959
1576237140,+3.37, +3.989, +0.156,+0.959
1576237200,+3.37, +3.969, +0.156,+0.959
1576237260,+3.37, +3.969, +0.155,+0.959
1576237320,+3.37, +3.948, +0.157,+0.959
1576237380,+3.37, +3.958, +0.155,+0.959
1576237440,+3.37, +3.969, +0.154,+0.959
1576237500,+3.37, +3.989, +0.155,+0.959
1576237560,+3.37, +3.969, +0.155,+0.959
1576237620,+3.37, +3.948, +0.156,+0.959
1576237680,+3.37, +3.958, +0.157,+0.959
1576237740,+3.37, +3.958, +0.155,+0.959
1576237800,+3.37, +3.969, +0.155,+0.959
1576237860,+3.37, +3.958, +0.158,+0.960
1576237920,+3.37, +3.969, +0.155,+0.959
1576237980,+3.37, +3.989, +0.157,+0.959
1576238040,+3.37, +3.989, +0.155,+0.959
1576238100,+3.37, +3.958, +0.156,+0.959
1576238160,+3.37, +3.969, +0.155,+0.959
1576238220,+3.37, +3.948, +0.155,+0.959
1576238280,+3.37, +3.969, +0.156,+0.959
1576238340,+3.37, +3.958, +0.155,+0.959
1576238400,+3.37, +3.958, +0.157,+0.959
1576238460,+3.37, +3.969, +0.156,+0.959
1576238520,+3.37, +3.969, +0.155,+0.959
1576238580,+3.37, +3.958, +0.154,+0.959
1576238640,+3.37, +3.969, +0.156,+0.959
1576238700,+3.37, +3.969, +0.156,+0.959
1576238760,+3.37, +3.958, +0.155,+0.959
1576238820,+3.37, +3.979, +0.154,+0.959
1576238880,+3.37, +3.958, +0.154,+0.959
1576238940,+3.37, +4.000, +0.155,+0.959
1576239000,+3.37, +3.969, +0.154,+0.959
1576239060,+3.37, +3.969, +0.157,+0.959
1576239120,+3.37, +3.979, +0.156,+0.959
1576239180,+3.37, +3.979, +0.155,+0.959
1576239240,+3.37, +3.958, +0.155,+0.959
1576239300,+3.37, +3.989, +0.155,+0.959
1576239360,+3.37, +3.969, +0.156,+0.959
1576239420,+3.37, +3.979, +0.155,+0.959
1576239480,+3.37, +3.979, +0.154,+0.959
1576239540,+3.37, +3.979, +0.155,+0.959
1576239600,+3.37, +4.000, +0.153,+0.959
1576239660,+3.37, +3.969, +0.156,+0.959
1576239720,+3.37, +4.000, +0.155,+0.959
1576239780,+3.37, +3.969, +0.156,+0.959
1576239840,+3.37, +3.958, +0.154,+0.959
1576239900,+3.37, +3.969, +0.157,+0.959
1576239960,+3.37, +3.979, +0.154,+0.959
1576240020,+3.37, +3.958, +0.155,+0.959
1576240080,+3.37, +3.948, +0.156,+0.959
1576240140,+3.37, +3.958, +0.156,+0.959
1576240200,+3.37, +3.989, +0.155,+0.959
1576240260,+3.37, +3.969, +0.156,+0.959
1576240320,+3.37, +3.969, +0.156,+0.959
1576240380,+3.37, +3.969, +0.155,+0.959
1576240440,+3.37, +3.979, +0.156,+0.959
1576240500,+3.37, +3.969, +0.157,+0.959
1576240560,+3.37, +3.989, +0.156,+0.959
1576240620,+3.37, +3.969, +0.155,+0.959
1576240680,+3.37, +3.989, +0.154,+0.959
1576240740,+3.37, +3.969, +0.154,+0.959
1576240800,+3.37, +3.979, +0.154,+0.959
1576240860,+3.37, +4.000, +0.156,+0.959
1576240920,+3.37, +3.979, +0.156,+0.959
1576240980,+3.37, +3.958, +0.157,+0.959
1576241040,+3.37, +3.969, +0.155,+0.959
1576241100,+3.37, +3.958, +0.156,+0.959
1576241160,+3.37, +3.958, +0.155,+0.959
1576241220,+3.37, +3.927, +0.157,+0.959
1576241280,+3.37, +3.948, +0.155,+0.959
1576241340,+3.37, +3.948, +0.156,+0.959
1576241400,+3.37, +3.979, +0.156,+0.959
1576241460,+3.37, +3.937, +0.156,+0.959
1576241520,+3.37, +3.958, +0.157,+0.959
1576241580,+3.37, +3.979, +0.156,+0.959
1576241640,+3.37, +3.948, +0.159,+0.959
1576241700,+3.37, +3.948, +0.157,+0.959
1576241760,+3.37, +3.958, +0.156,+0.959
1576241820,+3.37, +3.979, +0.156,+0.959
1576241880,+3.37, +3.969, +0.156,+0.959
1576241940,+3.37, +3.969, +0.155,+0.959
1576242000,+3.37, +3.948, +0.158,+0.959
1576242060,+3.37, +3.948, +0.156,+0.959
1576242120,+3.37, +3.937, +0.157,+0.959
1576242180,+3.37, +3.979, +0.154,+0.959
1576242240,+3.37, +3.989, +0.154,+0.959
1576242300,+3.37, +3.958, +0.156,+0.959
1576242360,+3.37, +3.989, +0.154,+0.959
1576242420,+3.37, +3.958, +0.154,+0.959
1576242480,+3.37, +3.958, +0.154,+0.959
1576242540,+3.37, +3.969, +0.156,+0.959
1576242600,+3.37, +3.958, +0.157,+0.959
1576242660,+3.37, +3.958, +0.155,+0.959
1576242720,+3.37, +3.989, +0.155,+0.959
1576242780,+3.37, +3.958, +0.155,+0.959
1576242840,+3.37, +3.969, +0.156,+0.959
1576242900,+3.37, +3.958, +0.155,+0.959
1576242960,+3.37, +3.969, +0.156,+0.959
1576243020,+3.37, +3.979, +0.156,+0.959
1576243080,+3.37, +3.958, +0.156,+0.959
1576243140,+3.37, +3.948, +0.156,+0.959
1576243200,+3.37, +3.958, +0.156,+0.959
1576243260,+3.37, +3.969, +0.156,+0.959
1576243320,+3.37, +3.989, +0.154,+0.959
1576243380,+3.37, +3.958, +0.154,+0.959
1576243440,+3.37, +3.969, +0.154,+0.959
1576243500,+3.37, +3.958, +0.155,+0.959
1576243560,+3.37, +3.948, +0.156,+0.959
1576243620,+3.37, +3.948, +0.155,+0.959
1576243680,+3.37, +3.937, +0.156,+0.959
1576243740,+3.37, +3.958, +0.156,+0.959
1576243800,+3.37, +3.937, +0.155,+0.959
1576243860,+3.37, +3.979, +0.157,+0.959
1576243920,+3.37, +3.958, +0.157,+0.959
1576243980,+3.37, +3.969, +0.155,+0.959
1576244040,+3.37, +3.958, +0.156,+0.959
1576244100,+3.37, +3.969, +0.155,+0.959
1576244160,+3.37, +3.958, +0.156,+0.959
1576244220,+3.37, +3.979, +0.155,+0.959
1576244280,+3.37, +3.969, +0.156,+0.959
1576244340,+3.37, +3.958, +0.154,+0.959
1576244400,+3.37, +3.958, +0.155,+0.959
1576244460,+3.37, +3.948, +0.156,+0.959
1576244520,+3.37, +3.948, +0.156,+0.959
1576244580,+3.37, +3.969, +0.156,+0.959
1576244640,+3.37, +3.979, +0.155,+0.959
1576244700,+3.37, +3.958, +0.156,+0.959
1576244760,+3.37, +3.979, +0.156,+0.959
1576244820,+3.37, +3.948, +0.157,+0.959
1576244880,+3.37, +3.969, +0.155,+0.959
1576244940,+3.37, +3.969, +0.155,+0.959
1576245000,+3.37, +3.958, +0.156,+0.959
1576245060,+3.37, +3.948, +0.156,+0.959
1576245120,+3.37, +3.969, +0.156,+0.959
1576245180,+3.37, +3.969, +0.156,+0.959
1576245240,+3.37, +3.969, +0.157,+0.959
1576245300,+3.37, +3.969, +0.154,+0.959
1576245360,+3.37, +3.958, +0.154,+0.959
1576245420,+3.37, +3.989, +0.156,+0.959
1576245480,+3.37, +3.948, +0.158,+0.959
1576245540,+3.37, +3.979, +0.155,+0.959
1576245600,+3.37, +3.969, +0.155,+0.959
1576245660,+3.37, +3.969, +0.157,+0.959
1576245720,+3.37, +4.020, +0.154,+0.959
1576245780,+3.37, +3.969, +0.156,+0.959
1576245840,+3.37, +3.979, +0.156,+0.959
1576245900,+3.37, +3.937, +0.156,+0.959
1576245960,+3.37, +3.948, +0.156,+0.959
1576246020,+3.37, +3.979, +0.156,+0.959
1576246080,+3.37, +3.969, +0.155,+0.959
1576246140,+3.37, +3.979, +0.155,+0.959
1576246200,+3.37, +3.989, +0.155,+0.959
1576246260,+3.37, +3.969, +0.154,+0.959
1576246320,+3.37, +3.989, +0.156,+0.959
1576246380,+3.37, +3.969, +0.156,+0.959
1576246440,+3.37, +4.000, +0.154,+0.959
1576246500,+3.37, +3.979, +0.154,+0.959
1576246560,+3.37, +3.969, +0.155,+0.959
1576246620,+3.37, +3.958, +0.157,+0.959
1576246680,+3.37, +3.958, +0.155,+0.959
1576246740,+3.37, +3.979, +0.154,+0.959
1576246800,+3.37, +3.969, +0.155,+0.959
1576246860,+3.37, +3.969, +0.154,+0.959
1576246920,+3.37, +3.948, +0.156,+0.959
1576246980,+3.37, +3.979, +0.156,+0.959
1576247040,+3.37, +3.979, +0.156,+0.959
1576247100,+3.37, +3.948, +0.155,+0.959
1576247160,+3.37, +3.979, +0.156,+0.959
1576247220,+3.37, +3.979, +0.156,+0.959
1576247280,+3.37, +3.958, +0.156,+0.959
1576247340,+3.37, +3.989, +0.156,+0.959
1576247400,+3.37, +3.958, +0.157,+0.959
1576247460,+3.37, +3.969, +0.156,+0.959
1576247520,+3.37, +3.989, +0.155,+0.959
1576247580,+3.37, +3.989, +0.155,+0.959
1576247640,+3.37, +3.958, +0.155,+0.959
1576247700,+3.37, +3.958, +0.154,+0.959
1576247760,+3.37, +3.979, +0.156,+0.959
1576247820,+3.37, +3.989, +0.154,+0.959
1576247880,+3.37, +3.979, +0.155,+0.959
1576247940,+3.37, +3.969, +0.154,+0.959
1576248000,+3.37, +4.000, +0.155,+0.959
1576248060,+3.37, +3.979, +0.156,+0.959
1576248120,+3.37, +3.989, +0.156,+0.959
1576248180,+3.37, +4.000, +0.154,+0.959
1576248240,+3.37, +3.989, +0.155,+0.959
1576248300,+3.37, +3.979, +0.156,+0.959
1576248360,+3.37, +3.969, +0.157,+0.959
1576248420,+3.37, +4.000, +0.155,+0.959
1576248480,+3.37, +3.989, +0.155,+0.959
1576248540,+3.37, +3.969, +0.155,+0.959
1576248600,+3.37, +3.958, +0.154,+0.959
1576248660,+3.37, +3.989, +0.155,+0.959
1576248720,+3.37, +3.979, +0.155,+0.959
1576248780,+3.37, +3.958, +0.157,+0.959
1576248840,+3.37, +3.979, +0.155,+0.959
1576248900,+3.37, +3.989, +0.157,+0.959
1576248960,+3.37, +3.989, +0.155,+0.959
1576249020,+3.37, +3.979, +0.156,+0.959
1576249080,+3.37, +3.958, +0.155,+0.959
1576249140,+3.37, +3.989, +0.155,+0.959
1576249200,+3.37, +3.937, +0.157,+0.959
1576249260,+3.37, +3.979, +0.154,+0.959
1576249320,+3.37, +3.969, +0.155,+0.959
1576249380,+3.37, +3.979, +0.154,+0.959
1576249440,+3.37, +3.979, +0.155,+0.959
1576249500,+3.37, +3.969, +0.155,+0.959
1576249560,+3.37, +3.969, +0.156,+0.959
1576249620,+3.37, +3.969, +0.156,+0.959
1576249680,+3.37, +3.958, +0.159,+0.959
1576249740,+3.37, +3.958, +0.157,+0.959
1576249800,+3.37, +3.969, +0.156,+0.959
1576249860,+3.37, +3.969, +0.154,+0.959
1576249920,+3.37, +3.958, +0.155,+0.959
1576249980,+3.37, +3.989, +0.154,+0.959
1576250040,+3.37, +3.958, +0.156,+0.959
1576250100,+3.37, +3.948, +0.156,+0.959
1576250160,+3.37, +3.969, +0.156,+0.959
1576250220,+3.37, +3.948, +0.154,+0.959
1576250280,+3.37, +3.948, +0.156,+0.959
1576250340,+3.37, +3.937, +0.156,+0.959
1576250400,+3.37, +3.958, +0.155,+0.959
1576250460,+3.37, +3.948, +0.156,+0.959
1576250520,+3.37, +3.948, +0.155,+0.959
1576250580,+3.37, +3.937, +0.159,+0.959
1576250640,+3.37, +3.937, +0.156,+0.959
1576250700,+3.37, +3.948, +0.155,+0.959
1576250760,+3.37, +3.937, +0.155,+0.959
1576250820,+3.37, +3.948, +0.155,+0.959
1576250880,+3.37, +3.937, +0.155,+0.959
1576250940,+3.37, +3.948, +0.156,+0.959
1576251000,+3.37, +3.948, +0.156,+0.959
1576251060,+3.37, +3.958, +0.156,+0.959
1576251120,+3.37, +3.948, +0.156,+0.959
1576251180,+3.37, +3.937, +0.155,+0.959
1576251240,+3.37, +3.958, +0.155,+0.959
1576251300,+3.37, +3.958, +0.155,+0.959
1576251360,+3.37, +3.937, +0.155,+0.959
1576251420,+3.37, +3.937, +0.156,+0.959
1576251480,+3.37, +3.958, +0.155,+0.959
1576251540,+3.37, +3.958, +0.155,+0.959
1576251600,+3.37, +3.948, +0.155,+0.959
1576251660,+3.37, +3.937, +0.156,+0.959
1576251720,+3.37, +3.948, +0.157,+0.959
1576251780,+3.37, +3.948, +0.156,+0.959
1576251840,+3.37, +3.948, +0.156,+0.959
1576251900,+3.37, +3.948, +0.156,+0.959
1576251960,+3.37, +3.969, +0.156,+0.959
1576252020,+3.37, +3.958, +0.156,+0.959
1576252080,+3.37, +3.937, +0.157,+0.959
1576252140,+3.37, +3.948, +0.157,+0.959
1576252200,+3.37, +3.969, +0.156,+0.959
1576252260,+3.37, +3.969, +0.155,+0.959
1576252320,+3.37, +3.979, +0.154,+0.959
1576252380,+3.37, +3.948, +0.157,+0.959
1576252440,+3.37, +3.969, +0.156,+0.959
1576252500,+3.37, +3.969, +0.155,+0.959
1576252560,+3.37, +3.969, +0.157,+0.959
1576252620,+3.37, +3.969, +0.155,+0.959
1576252680,+3.37, +3.958, +0.154,+0.959
1576252740,+3.37, +3.969, +0.156,+0.959
1576252800,+3.37, +3.989, +0.156,+0.959
1576252860,+3.37, +3.969, +0.156,+0.959
1576252920,+3.37, +3.969, +0.156,+0.959
1576252980,+3.37, +3.969, +0.155,+0.959
1576253040,+3.37, +3.969, +0.155,+0.959
1576253100,+3.37, +3.948, +0.155,+0.959
1576253160,+3.37, +3.989, +0.155,+0.959
1576253220,+3.37, +3.958, +0.155,+0.959
1576253280,+3.37, +3.958, +0.155,+0.959
1576253340,+3.37, +3.937, +0.156,+0.959
1576253400,+3.37, +3.958, +0.156,+0.959
1576253460,+3.37, +3.969, +0.156,+0.959
1576253520,+3.37, +3.969, +0.156,+0.959
1576253580,+3.37, +3.937, +0.155,+0.959
1576253640,+3.37, +3.948, +0.156,+0.959
1576253700,+3.37, +3.958, +0.155,+0.959
1576253760,+3.37, +3.937, +0.155,+0.959
1576253820,+3.37, +3.927, +0.155,+0.959
1576253880,+3.37, +3.979, +0.154,+0.959
1576253940,+3.37, +3.958, +0.156,+0.959
1576254000,+3.37, +3.969, +0.156,+0.959
1576254060,+3.37, +3.958, +0.155,+0.959
1576254120,+3.37, +3.927, +0.156,+0.959
1576254180,+3.37, +3.937, +0.155,+0.959
1576254240,+3.37, +3.927, +0.157,+0.959
1576254300,+3.37, +3.958, +0.156,+0.959
1576254360,+3.37, +3.948, +0.155,+0.959
1576254420,+3.37, +3.917, +0.158,+0.959
1576254480,+3.37, +3.937, +0.156,+0.959
1576254540,+3.37, +3.937, +0.155,+0.959
1576254600,+3.37, +3.906, +0.157,+0.959
1576254660,+3.37, +3.937, +0.155,+0.959
1576254720,+3.37, +3.937, +0.156,+0.959
1576254780,+3.37, +3.937, +0.155,+0.959
1576254840,+3.37, +3.948, +0.157,+0.959
1576254900,+3.37, +3.927, +0.158,+0.959
1576254960,+3.37, +3.958, +0.155,+0.959
1576255020,+3.37, +3.969, +0.155,+0.959
1576255080,+3.37, +3.948, +0.155,+0.959
1576255140,+3.37, +3.937, +0.155,+0.959
1576255200,+3.37, +3.937, +0.158,+0.959
1576255260,+3.37, +3.917, +0.155,+0.959
1576255320,+3.37, +3.917, +0.156,+0.959
1576255380,+3.37, +3.958, +0.155,+0.959
1576255440,+3.37, +3.937, +0.156,+0.959
1576255500,+3.37, +3.958, +0.155,+0.959
1576255560,+3.37, +3.937, +0.157,+0.959
1576255620,+3.37, +3.927, +0.157,+0.959
1576255680,+3.37, +3.917, +0.155,+0.959
1576255740,+3.37, +3.948, +0.156,+0.959
1576255800,+3.37, +3.948, +0.156,+0.959
1576255860,+3.37, +3.979, +0.157,+0.959
1576255920,+3.37, +3.937, +0.156,+0.959
1576255980,+3.37, +3.948, +0.156,+0.959
1576256040,+3.37, +3.927, +0.156,+0.959
1576256100,+3.37, +3.969, +0.155,+0.959
1576256160,+3.37, +3.969, +0.154,+0.959
1576256220,+3.37, +3.969, +0.155,+0.959
1576256280,+3.37, +3.948, +0.154,+0.959
1576256340,+3.37, +3.958, +0.154,+0.959
1576256400,+3.37, +3.937, +0.156,+0.959
1576256460,+3.37, +3.948, +0.157,+0.959
1576256520,+3.37, +3.948, +0.156,+0.959
1576256580,+3.37, +3.958, +0.155,+0.959
1576256640,+3.37, +3.927, +0.155,+0.959
1576256700,+3.37, +3.937, +0.155,+0.959
1576256760,+3.37, +3.958, +0.156,+0.959
1576256820,+3.37, +3.958, +0.155,+0.959
1576256880,+3.37, +3.979, +0.157,+0.959
1576256940,+3.37, +3.989, +0.155,+0.959
1576257000,+3.37, +3.958, +0.154,+0.959
1576257060,+3.37, +3.969, +0.156,+0.959
1576257120,+3.37, +3.958, +0.155,+0.959
1576257180,+3.37, +3.958, +0.156,+0.959
1576257240,+3.37, +3.969, +0.155,+0.959
1576257300,+3.37, +3.969, +0.155,+0.959
1576257360,+3.37, +3.948, +0.157,+0.959
1576257420,+3.37, +3.958, +0.156,+0.959
1576257480,+3.37, +3.969, +0.157,+0.959
1576257540,+3.37, +3.969, +0.156,+0.959
1576257600,+3.37, +3.979, +0.155,+0.959
1576257660,+3.37, +3.948, +0.156,+0.959
1576257720,+3.37, +3.979, +0.155,+0.959
1576257780,+3.37, +3.958, +0.154,+0.959
1576257840,+3.37, +3.969, +0.155,+0.959
1576257900,+3.37, +3.969, +0.156,+0.959
1576257960,+3.37, +3.979, +0.155,+0.959
1576258020,+3.37, +3.969, +0.156,+0.959
1576258080,+3.37, +3.948, +0.155,+0.959
1576258140,+3.37, +3.958, +0.156,+0.959
1576258200,+3.37, +3.979, +0.155,+0.959
1576258260,+3.37, +3.969, +0.154,+0.959
1576258320,+3.37, +3.969, +0.156,+0.959
1576258380,+3.37, +3.948, +0.157,+0.959
1576258440,+3.37, +3.969, +0.155,+0.959
1576258500,+3.37, +3.969, +0.156,+0.959
1576258560,+3.37, +3.948, +0.156,+0.959
1576258620,+3.37, +3.979, +0.156,+0.959
1576258680,+3.37, +3.937, +0.155,+0.959
1576258740,+3.37, +3.937, +0.156,+0.959
1576258800,+3.37, +3.927, +0.157,+0.959
1576258860,+3.37, +3.969, +0.155,+0.959
1576258920,+3.37, +3.948, +0.156,+0.959
1576258980,+3.37, +3.958, +0.156,+0.959
1576259040,+3.37, +3.927, +0.156,+0.959
1576259100,+3.37, +3.937, +0.155,+0.959
1576259160,+3.37, +3.958, +0.157,+0.959
1576259220,+3.37, +3.937, +0.154,+0.959
1576259280,+3.37, +3.948, +0.156,+0.959
1576259340,+3.37, +3.948, +0.156,+0.959
1576259400,+3.37, +3.917, +0.156,+0.959
1576259460,+3.37, +3.937, +0.158,+0.959
1576259520,+3.37, +3.937, +0.155,+0.959
1576259580,+3.37, +3.958, +0.157,+0.959
1576259640,+3.37, +3.948, +0.157,+0.959
1576259700,+3.37, +3.948, +0.155,+0.959
1576259760,+3.37, +3.927, +0.155,+0.959
1576259820,+3.37, +3.917, +0.157,+0.959
1576259880,+3.37, +3.948, +0.156,+0.959
1576259940,+3.37, +3.948, +0.156,+0.959
1576260000,+3.37, +3.937, +0.155,+0.959
1576260060,+3.37, +3.937, +0.154,+0.959
1576260120,+3.37, +3.969, +0.157,+0.959
1576260180,+3.37, +3.937, +0.154,+0.959
1576260240,+3.37, +3.906, +0.157,+0.959
1576260300,+3.37, +3.906, +0.155,+0.959
1576260360,+3.37, +3.948, +0.156,+0.959
1576260420,+3.37, +3.937, +0.155,+0.959
1576260480,+3.37, +3.948, +0.153,+0.959
1576260540,+3.37, +3.948, +0.155,+0.959
1576260600,+3.37, +3.937, +0.155,+0.959
1576260660,+3.37, +3.937, +0.155,+0.959
1576260720,+3.37, +3.958, +0.156,+0.959
1576260780,+3.37, +3.937, +0.154,+0.959
1576260840,+3.37, +3.969, +0.155,+0.959
1576260900,+3.37, +3.958, +0.155,+0.959
1576260960,+3.37, +3.927, +0.155,+0.959
1576261020,+3.37, +3.927, +0.157,+0.959
1576261080,+3.37, +3.958, +0.156,+0.959
1576261140,+3.37, +3.958, +0.155,+0.959
1576261200,+3.37, +3.969, +0.155,+0.959
1576261260,+3.37, +3.937, +0.155,+0.959
1576261320,+3.37, +3.927, +0.156,+0.959
1576261380,+3.37, +3.948, +0.156,+0.959
1576261440,+3.37, +3.958, +0.157,+0.959
1576261500,+3.37, +3.948, +0.157,+0.959
1576261560,+3.37, +3.958, +0.155,+0.959
1576261620,+3.37, +3.948, +0.156,+0.959
1576261680,+3.37, +3.948, +0.156,+0.959
1576261740,+3.37, +3.948, +0.155,+0.959
1576261800,+3.37, +3.958, +0.153,+0.959
1576261860,+3.37, +3.948, +0.156,+0.959
1576261920,+3.37, +3.948, +0.155,+0.959
1576261980,+3.37, +3.948, +0.156,+0.959
1576262040,+3.37, +3.948, +0.156,+0.959
1576262100,+3.37, +3.969, +0.155,+0.959
1576262160,+3.37, +3.948, +0.156,+0.959
1576262220,+3.37, +3.948, +0.156,+0.959
1576262280,+3.37, +3.958, +0.155,+0.959
1576262340,+3.37, +3.958, +0.155,+0.959
1576262400,+3.37, +3.948, +0.156,+0.959
1576262460,+3.37, +3.958, +0.157,+0.959
1576262520,+3.37, +3.906, +0.156,+0.959
1576262580,+3.37, +3.927, +0.156,+0.959
1576262640,+3.37, +3.917, +0.157,+0.959
1576262700,+3.37, +3.948, +0.155,+0.959
1576262760,+3.37, +3.937, +0.154,+0.959
1576262820,+3.37, +3.937, +0.155,+0.959
1576262880,+3.37, +3.937, +0.155,+0.959
1576262940,+3.37, +3.948, +0.156,+0.959
1576263000,+3.37, +3.948, +0.155,+0.959
1576263060,+3.37, +3.948, +0.154,+0.959
1576263120,+3.37, +3.927, +0.157,+0.959
1576263180,+3.37, +3.958, +0.156,+0.959
1576263240,+3.37, +3.948, +0.153,+0.959
1576263300,+3.37, +3.958, +0.155,+0.959
1576263360,+3.37, +3.958, +0.156,+0.959
1576263420,+3.37, +3.937, +0.157,+0.959
1576263480,+3.37, +3.927, +0.156,+0.959
1576263540,+3.37, +3.948, +0.155,+0.959
1576263600,+3.37, +3.927, +0.155,+0.959
1576263660,+3.37, +3.948, +0.156,+0.959
1576263720,+3.37, +3.927, +0.155,+0.959
1576263780,+3.37, +3.906, +0.157,+0.959
1576263840,+3.37, +3.927, +0.157,+0.959
1576263900,+3.37, +3.937, +0.155,+0.959
1576263960,+3.37, +3.937, +0.154,+0.959
1576264020,+3.37, +3.927, +0.156,+0.959
1576264080,+3.37, +3.865, +0.158,+0.959
1576264140,+3.37, +3.948, +0.155,+0.959
1576264200,+3.37, +3.927, +0.157,+0.959
1576264260,+3.37, +3.969, +0.155,+0.959
1576264320,+3.37, +3.917, +0.155,+0.959
1576264380,+3.37, +3.937, +0.154,+0.959
1576264440,+3.37, +3.937, +0.156,+0.959
1576264500,+3.37, +3.948, +0.155,+0.959
1576264560,+3.37, +3.927, +0.157,+0.959
1576264620,+3.37, +3.927, +0.155,+0.959
1576264680,+3.37, +3.948, +0.153,+0.959
1576264740,+3.37, +3.937, +0.155,+0.959
1576264800,+3.37, +3.948, +0.155,+0.959
1576264860,+3.37, +3.958, +0.156,+0.959
1576264920,+3.37, +3.958, +0.155,+0.959
1576264980,+3.37, +3.969, +0.154,+0.959
1576265040,+3.37, +3.927, +0.156,+0.959
1576265100,+3.37, +3.958, +0.156,+0.959
1576265160,+3.37, +3.989, +0.154,+0.959
1576265220,+3.37, +3.969, +0.155,+0.959
1576265280,+3.37, +3.937, +0.154,+0.959
1576265340,+3.37, +3.958, +0.156,+0.959
1576265400,+3.37, +3.948, +0.156,+0.959
1576265460,+3.37, +3.979, +0.156,+0.959
1576265520,+3.37, +3.948, +0.156,+0.959
1576265580,+3.37, +3.948, +0.157,+0.959
1576265640,+3.37, +3.958, +0.155,+0.959
1576265700,+3.37, +3.958, +0.156,+0.959
1576265760,+3.37, +3.948, +0.156,+0.959
1576265820,+3.37, +3.958, +0.156,+0.959
1576265880,+3.37, +3.969, +0.156,+0.959
1576265940,+3.37, +3.958, +0.154,+0.959
1576266000,+3.37, +3.937, +0.157,+0.959
1576266060,+3.37, +4.000, +0.154,+0.959
1576266120,+3.37, +3.958, +0.156,+0.959
1576266180,+3.37, +3.958, +0.155,+0.959
1576266240,+3.37, +3.969, +0.157,+0.959
1576266300,+3.37, +3.969, +0.154,+0.959
1576266360,+3.37, +3.969, +0.155,+0.959
1576266420,+3.37, +3.979, +0.156,+0.959
1576266480,+3.37, +3.958, +0.154,+0.959
1576266540,+3.37, +3.937, +0.157,+0.959
1576266600,+3.37, +3.958, +0.155,+0.959
1576266660,+3.37, +3.958, +0.156,+0.959
1576266720,+3.37, +3.958, +0.156,+0.959
1576266780,+3.37, +3.969, +0.154,+0.959
1576266840,+3.37, +3.906, +0.157,+0.959
1576266900,+3.37, +3.958, +0.156,+0.959
1576266960,+3.37, +3.937, +0.156,+0.959
1576267020,+3.37, +3.958, +0.154,+0.959
1576267080,+3.37, +3.948, +0.156,+0.959
1576267140,+3.37, +3.937, +0.156,+0.959
1576267200,+3.37, +3.969, +0.155,+0.959
1576267260,+3.37, +3.948, +0.156,+0.959
1576267320,+3.37, +3.948, +0.156,+0.959
1576267380,+3.37, +3.937, +0.156,+0.959
1576267440,+3.37, +3.948, +0.156,+0.959
1576267500,+3.37, +3.958, +0.157,+0.959
1576267560,+3.37, +3.937, +0.156,+0.959
1576267620,+3.37, +3.906, +0.156,+0.959
1576267680,+3.37, +3.958, +0.156,+0.959
1576267740,+3.37, +3.927, +0.156,+0.959
1576267800,+3.37, +3.958, +0.155,+0.959
1576267860,+3.37, +3.927, +0.157,+0.959
1576267920,+3.37, +3.917, +0.157,+0.959
1576267980,+3.37, +3.937, +0.158,+0.959
1576268040,+3.37, +3.927, +0.157,+0.959
1576268100,+3.37, +3.969, +0.157,+0.959
1576268160,+3.37, +3.937, +0.157,+0.959
1576268220,+3.37, +3.917, +0.155,+0.959
1576268280,+3.37, +3.937, +0.156,+0.959
1576268340,+3.37, +3.937, +0.156,+0.959
1576268400,+3.37, +3.958, +0.155,+0.959
1576268460,+3.37, +3.958, +0.155,+0.959
1576268520,+3.37, +3.958, +0.155,+0.959
1576268580,+3.37, +3.948, +0.156,+0.959
1576268640,+3.37, +3.948, +0.155,+0.959
1576268700,+3.37, +3.969, +0.155,+0.959
1576268760,+3.37, +3.958, +0.155,+0.959
1576268820,+3.37, +3.969, +0.157,+0.960
1576268880,+3.37, +3.948, +0.156,+0.959
1576268940,+3.37, +3.969, +0.155,+0.959
1576269000,+3.37, +3.906, +0.157,+0.959
1576269060,+3.37, +3.927, +0.155,+0.959
1576269120,+3.37, +3.917, +0.156,+0.959
1576269180,+3.37, +3.958, +0.156,+0.959
1576269240,+3.37, +3.948, +0.156,+0.959
1576269300,+3.37, +3.937, +0.156,+0.959
1576269360,+3.37, +3.927, +0.155,+0.959
1576269420,+3.37, +3.958, +0.156,+0.959
1576269480,+3.37, +3.958, +0.156,+0.959
1576269540,+3.37, +3.958, +0.156,+0.959
1576269600,+3.37, +3.948, +0.155,+0.959
1576269660,+3.37, +3.927, +0.156,+0.959
1576269720,+3.37, +3.937, +0.155,+0.959
1576269780,+3.37, +3.917, +0.157,+0.959
1576269840,+3.37, +3.969, +0.154,+0.959
1576269900,+3.37, +3.937, +0.157,+0.959
1576269960,+3.37, +3.927, +0.156,+0.959
1576270020,+3.37, +3.948, +0.155,+0.959
1576270080,+3.37, +3.937, +0.158,+0.960
1576270140,+3.37, +3.937, +0.155,+0.959
1576270200,+3.37, +3.937, +0.156,+0.959
