7392-570653
OS REV: 1.11 Sensor Cal: 1428445788
Time (sec),  BV (Volts),  T (deg C),  DO (mg/l),  Q ()
1587934260,+3.32, +3.854, +2.031,+0.981
1587934320,+3.32, +3.844, +1.816,+0.980
1587934380,+3.32, +3.823, +1.600,+0.978
1587934440,+3.32, +3.813, +1.386,+0.976
1587934500,+3.32, +3.802, +1.252,+0.975
1587934560,+3.32, +3.834, +1.170,+0.974
1587934620,+3.32, +3.813, +1.057,+0.973
1587934680,+3.32, +3.813, +0.807,+0.970
1587934740,+3.32, +3.844, +0.745,+0.969
1587934800,+3.32, +3.854, +0.759,+0.970
1587934860,+3.32, +3.802, +0.731,+0.969
1587934920,+3.32, +3.823, +0.715,+0.969
1587934980,+3.32, +3.834, +0.677,+0.969
1587935040,+3.32, +3.834, +0.653,+0.968
1587935100,+3.32, +3.813, +0.767,+0.970
1587935160,+3.32, +3.823, +0.852,+0.971
1587935220,+3.32, +3.854, +0.846,+0.971
1587935280,+3.32, +3.854, +0.806,+0.971
1587935340,+3.32, +3.844, +0.897,+0.972
1587935400,+3.32, +3.854, +2.357,+0.983
1587935460,+3.32, +3.969, +5.970,+0.987
1587935520,+3.32, +4.072, +9.905,+0.988
1587935580,+3.32, +4.103,+11.751,+0.988
1587935640,+3.32, +4.114,+12.383,+0.988
1587935700,+3.32, +4.041,+10.597,+0.987
1587935760,+3.32, +4.010, +8.062,+0.985
1587935820,+3.32, +3.958, +6.148,+0.987
1587935880,+3.32, +3.917, +4.856,+0.987
1587935940,+3.32, +3.917, +3.792,+0.986
1587936000,+3.32, +3.875, +3.151,+0.985
1587936060,+3.32, +3.896, +2.667,+0.984
1587936120,+3.32, +3.854, +2.240,+0.982
1587936180,+3.32, +3.823, +1.770,+0.979
1587936240,+3.32, +3.854, +1.393,+0.976
1587936300,+3.32, +3.844, +1.117,+0.974
1587936360,+3.32, +3.823, +0.989,+0.973
1587936420,+3.32, +3.823, +0.884,+0.971
1587936480,+3.32, +3.792, +0.781,+0.970
1587936540,+3.32, +3.834, +0.751,+0.970
1587936600,+3.32, +3.813, +0.878,+0.971
1587936660,+3.32, +3.813, +0.973,+0.972
1587936720,+3.32, +3.834, +1.263,+0.976
1587936780,+3.32, +3.865, +1.619,+0.979
1587936840,+3.32, +3.948, +4.142,+0.986
1587936900,+3.32, +3.958, +6.049,+0.987
1587936960,+3.32, +3.927, +5.989,+0.987
1587937020,+3.32, +3.958, +5.904,+0.987
1587937080,+3.32, +3.969, +5.771,+0.987
1587937140,+3.32, +3.969, +5.337,+0.987
1587937200,+3.32, +3.927, +3.933,+0.986
1587937260,+3.32, +3.927, +3.298,+0.985
1587937320,+3.32, +3.906, +3.123,+0.985
1587937380,+3.32, +3.927, +2.727,+0.984
1587937440,+3.32, +3.917, +2.686,+0.984
1587937500,+3.32, +3.917, +2.925,+0.984
1587937560,+3.32, +3.917, +3.769,+0.986
1587937620,+3.32, +3.906, +3.081,+0.984
1587937680,+3.32, +3.906, +2.615,+0.984
1587937740,+3.32, +3.896, +2.244,+0.982
1587937800,+3.32, +3.875, +1.738,+0.979
1587937860,+3.32, +3.875, +1.432,+0.977
1587937920,+3.32, +3.886, +1.616,+0.978
1587937980,+3.32, +3.896, +2.086,+0.982
1587938040,+3.32, +3.886, +2.029,+0.981
1587938100,+3.32, +3.834, +1.750,+0.979
1587938160,+3.32, +3.834, +1.250,+0.976
1587938220,+3.32, +3.834, +1.217,+0.975
1587938280,+3.32, +3.875, +2.232,+0.982
1587938340,+3.32, +3.865, +2.379,+0.983
1587938400,+3.32, +3.854, +2.355,+0.983
1587938460,+3.32, +3.823, +1.808,+0.980
1587938520,+3.32, +3.813, +1.331,+0.976
1587938580,+3.32, +3.823, +1.037,+0.973
1587938640,+3.32, +3.802, +0.760,+0.970
1587938700,+3.32, +3.802, +0.641,+0.968
1587938760,+3.32, +3.834, +1.322,+0.976
1587938820,+3.32, +3.865, +1.345,+0.977
1587938880,+3.32, +3.886, +1.626,+0.979
1587938940,+3.32, +3.865, +2.545,+0.983
1587939000,+3.32, +3.927, +3.106,+0.985
1587939060,+3.32, +3.917, +3.575,+0.986
1587939120,+3.32, +3.906, +3.506,+0.985
1587939180,+3.32, +3.854, +3.183,+0.985
1587939240,+3.32, +3.844, +2.502,+0.983
1587939300,+3.32, +3.854, +1.413,+0.977
1587939360,+3.32, +3.823, +1.115,+0.974
1587939420,+3.32, +3.834, +0.996,+0.973
1587939480,+3.32, +3.834, +0.824,+0.971
1587939540,+3.32, +3.844, +0.709,+0.969
1587939600,+3.32, +3.823, +0.613,+0.968
1587939660,+3.32, +3.802, +0.568,+0.967
1587939720,+3.32, +3.823, +0.559,+0.967
1587939780,+3.32, +3.823, +0.552,+0.967
1587939840,+3.32, +3.802, +0.549,+0.967
1587939900,+3.32, +3.813, +0.546,+0.967
1587939960,+3.32, +3.834, +0.542,+0.967
1587940020,+3.32, +3.948, +1.340,+0.977
1587940080,+3.32, +3.896, +3.224,+0.985
1587940140,+3.32, +3.886, +3.967,+0.986
1587940200,+3.32, +3.927, +3.979,+0.986
1587940260,+3.32, +3.886, +3.599,+0.986
1587940320,+3.32, +3.875, +3.147,+0.985
1587940380,+3.32, +3.865, +2.923,+0.985
1587940440,+3.32, +3.865, +2.660,+0.984
1587940500,+3.32, +3.844, +2.292,+0.982
1587940560,+3.32, +3.823, +2.025,+0.981
1587940620,+3.32, +3.834, +1.801,+0.980
1587940680,+3.32, +3.802, +1.539,+0.978
1587940740,+3.32, +3.823, +1.321,+0.976
1587940800,+3.32, +3.854, +1.177,+0.975
1587940860,+3.32, +3.823, +1.090,+0.974
1587940920,+3.32, +3.813, +1.024,+0.973
1587940980,+3.32, +3.813, +0.822,+0.971
1587941040,+3.32, +3.802, +0.680,+0.969
1587941100,+3.32, +3.823, +0.592,+0.968
1587941160,+3.32, +3.802, +0.530,+0.966
1587941220,+3.32, +3.823, +0.486,+0.966
1587941280,+3.32, +3.802, +0.457,+0.966
1587941340,+3.32, +3.813, +0.413,+0.965
1587941400,+3.32, +3.802, +0.397,+0.965
1587941460,+3.32, +3.792, +0.388,+0.965
1587941520,+3.32, +3.802, +0.381,+0.964
1587941580,+3.32, +3.834, +0.377,+0.965
1587941640,+3.32, +3.781, +0.374,+0.964
1587941700,+3.32, +3.813, +0.363,+0.964
1587941760,+3.32, +3.802, +0.346,+0.964
1587941820,+3.32, +3.813, +0.341,+0.964
1587941880,+3.32, +3.802, +0.331,+0.964
1587941940,+3.32, +3.813, +0.323,+0.964
1587942000,+3.32, +3.823, +0.322,+0.964
1587942060,+3.32, +3.802, +0.331,+0.964
1587942120,+3.32, +3.823, +0.412,+0.965
1587942180,+3.32, +3.854, +0.535,+0.967
1587942240,+3.32, +3.906, +1.929,+0.980
1587942300,+3.32, +3.927, +2.473,+0.983
1587942360,+3.32, +3.927, +2.804,+0.984
1587942420,+3.32, +3.989, +5.007,+0.987
1587942480,+3.32, +3.958, +5.993,+0.987
1587942540,+3.32, +3.948, +6.508,+0.987
1587942600,+3.32, +3.958, +7.217,+0.987
1587942660,+3.32, +3.979, +7.704,+0.987
1587942720,+3.32, +3.927, +7.594,+0.987
1587942780,+3.32, +3.948, +7.211,+0.988
1587942840,+3.32, +3.948, +6.883,+0.987
1587942900,+3.32, +3.927, +6.391,+0.987
1587942960,+3.32, +3.917, +5.463,+0.987
1587943020,+3.32, +3.886, +4.573,+0.987
1587943080,+3.32, +3.948, +3.898,+0.986
1587943140,+3.32, +4.000, +5.478,+0.988
1587943200,+3.32, +4.031, +7.060,+0.988
1587943260,+3.32, +4.083, +8.228,+0.987
1587943320,+3.32, +4.145, +9.147,+0.987
1587943380,+3.32, +4.145,+10.122,+0.988
1587943440,+3.32, +4.155,+10.813,+0.988
1587943500,+3.32, +4.165,+11.266,+0.987
1587943560,+3.32, +4.176,+12.609,+0.988
1587943620,+3.32, +4.196,+13.453,+0.988
1587943680,+3.32, +4.114,+13.671,+0.987
1587943740,+3.32, +4.103,+13.194,+0.988
1587943800,+3.32, +4.041,+11.958,+0.988
1587943860,+3.32, +4.020,+10.224,+0.987
1587943920,+3.32, +3.948, +8.259,+0.987
1587943980,+3.32, +3.937, +6.491,+0.987
1587944040,+3.32, +3.917, +5.220,+0.986
1587944100,+3.32, +3.896, +4.317,+0.986
1587944160,+3.32, +3.886, +3.442,+0.985
1587944220,+3.32, +3.875, +2.873,+0.983
1587944280,+3.32, +3.854, +2.482,+0.982
1587944340,+3.32, +3.823, +2.112,+0.980
1587944400,+3.32, +3.854, +1.821,+0.979
1587944460,+3.32, +3.823, +1.588,+0.977
1587944520,+3.32, +3.834, +1.379,+0.975
1587944580,+3.32, +3.844, +1.161,+0.974
1587944640,+3.32, +3.844, +0.955,+0.972
1587944700,+3.32, +3.823, +0.817,+0.970
1587944760,+3.32, +3.834, +0.731,+0.969
1587944820,+3.32, +3.802, +0.664,+0.968
1587944880,+3.32, +3.813, +0.613,+0.968
1587944940,+3.32, +3.802, +0.572,+0.967
1587945000,+3.32, +3.834, +0.548,+0.967
1587945060,+3.32, +3.813, +0.533,+0.967
1587945120,+3.32, +3.823, +0.529,+0.966
1587945180,+3.32, +3.813, +0.537,+0.966
1587945240,+3.32, +3.834, +0.544,+0.967
1587945300,+3.32, +3.802, +0.548,+0.967
1587945360,+3.32, +3.792, +0.552,+0.967
1587945420,+3.32, +3.813, +0.544,+0.967
1587945480,+3.32, +3.823, +0.539,+0.967
1587945540,+3.32, +3.834, +0.530,+0.967
1587945600,+3.32, +3.823, +0.521,+0.966
1587945660,+3.32, +3.875, +0.735,+0.969
1587945720,+3.32, +3.865, +1.770,+0.979
1587945780,+3.32, +3.896, +3.091,+0.985
1587945840,+3.32, +3.896, +3.881,+0.986
1587945900,+3.32, +3.917, +4.399,+0.987
1587945960,+3.32, +3.854, +4.724,+0.986
1587946020,+3.32, +3.886, +4.749,+0.987
1587946080,+3.32, +3.865, +4.590,+0.986
1587946140,+3.32, +3.865, +4.320,+0.986
1587946200,+3.32, +3.834, +3.870,+0.986
1587946260,+3.32, +3.834, +3.350,+0.986
1587946320,+3.32, +3.844, +2.846,+0.984
1587946380,+3.32, +3.813, +2.521,+0.983
1587946440,+3.32, +3.823, +2.307,+0.982
1587946500,+3.32, +3.834, +2.150,+0.982
1587946560,+3.32, +3.813, +2.033,+0.981
1587946620,+3.32, +3.802, +1.938,+0.980
1587946680,+3.32, +3.813, +1.856,+0.980
1587946740,+3.32, +3.823, +1.786,+0.980
1587946800,+3.32, +3.813, +1.723,+0.979
1587946860,+3.32, +3.802, +1.655,+0.978
1587946920,+3.32, +3.813, +1.593,+0.978
1587946980,+3.32, +3.813, +1.531,+0.978
1587947040,+3.32, +3.813, +1.469,+0.977
1587947100,+3.32, +3.802, +1.420,+0.977
1587947160,+3.32, +3.813, +1.370,+0.976
1587947220,+3.32, +3.834, +1.322,+0.976
1587947280,+3.32, +3.792, +1.285,+0.976
1587947340,+3.32, +3.802, +1.245,+0.975
1587947400,+3.32, +3.802, +1.211,+0.975
1587947460,+3.32, +3.802, +1.178,+0.974
1587947520,+3.32, +3.792, +1.151,+0.974
1587947580,+3.32, +3.813, +1.119,+0.974
1587947640,+3.32, +3.813, +1.092,+0.974
1587947700,+3.32, +3.802, +1.063,+0.973
1587947760,+3.32, +3.813, +1.038,+0.973
1587947820,+3.32, +3.792, +1.014,+0.973
1587947880,+3.32, +3.771, +0.991,+0.972
1587947940,+3.32, +3.792, +0.967,+0.972
1587948000,+3.32, +3.823, +0.945,+0.972
1587948060,+3.32, +3.802, +0.926,+0.972
1587948120,+3.32, +3.823, +0.903,+0.971
1587948180,+3.32, +3.813, +0.890,+0.971
1587948240,+3.32, +3.802, +0.870,+0.971
1587948300,+3.32, +3.792, +0.850,+0.970
1587948360,+3.32, +3.834, +0.829,+0.970
1587948420,+3.32, +3.802, +0.815,+0.970
1587948480,+3.32, +3.792, +0.801,+0.970
1587948540,+3.32, +3.781, +0.790,+0.970
1587948600,+3.32, +3.813, +0.774,+0.970
1587948660,+3.32, +3.813, +0.762,+0.970
1587948720,+3.32, +3.813, +0.749,+0.969
1587948780,+3.32, +3.802, +0.737,+0.969
1587948840,+3.32, +3.792, +0.725,+0.969
1587948900,+3.32, +3.802, +0.715,+0.969
1587948960,+3.32, +3.813, +0.703,+0.969
1587949020,+3.32, +3.813, +0.693,+0.969
1587949080,+3.32, +3.823, +0.675,+0.969
1587949140,+3.32, +3.823, +0.548,+0.967
1587949200,+3.32, +3.823, +0.501,+0.966
1587949260,+3.32, +3.823, +0.479,+0.966
1587949320,+3.32, +3.802, +0.467,+0.966
1587949380,+3.32, +3.792, +0.458,+0.966
1587949440,+3.32, +3.802, +0.448,+0.965
1587949500,+3.32, +3.781, +0.443,+0.966
1587949560,+3.32, +3.802, +0.434,+0.965
1587949620,+3.32, +3.813, +0.429,+0.965
1587949680,+3.32, +3.802, +0.422,+0.965
1587949740,+3.32, +3.802, +0.417,+0.965
1587949800,+3.32, +3.823, +0.415,+0.965
1587949860,+3.32, +3.771, +0.413,+0.965
1587949920,+3.32, +3.802, +0.410,+0.965
1587949980,+3.32, +3.750, +0.407,+0.965
1587950040,+3.32, +3.823, +0.401,+0.965
1587950100,+3.32, +3.834, +0.397,+0.965
1587950160,+3.32, +3.771, +0.395,+0.965
1587950220,+3.32, +3.792, +0.391,+0.965
1587950280,+3.32, +3.823, +0.388,+0.965
1587950340,+3.32, +3.802, +0.385,+0.964
1587950400,+3.32, +3.834, +0.381,+0.965
1587950460,+3.32, +3.813, +0.379,+0.965
1587950520,+3.32, +3.813, +0.377,+0.964
1587950580,+3.32, +3.834, +0.373,+0.964
1587950640,+3.32, +3.834, +0.370,+0.964
1587950700,+3.32, +3.823, +0.367,+0.964
1587950760,+3.32, +3.802, +0.365,+0.964
1587950820,+3.32, +3.813, +0.364,+0.964
1587950880,+3.32, +3.802, +0.363,+0.964
1587950940,+3.32, +3.802, +0.360,+0.964
1587951000,+3.32, +3.813, +0.359,+0.964
1587951060,+3.32, +3.823, +0.357,+0.964
1587951120,+3.32, +3.834, +0.355,+0.964
1587951180,+3.32, +3.823, +0.352,+0.964
1587951240,+3.32, +3.844, +0.346,+0.964
1587951300,+3.32, +3.834, +0.344,+0.964
1587951360,+3.32, +3.834, +0.343,+0.964
1587951420,+3.32, +3.771, +0.340,+0.964
1587951480,+3.32, +3.792, +0.335,+0.963
1587951540,+3.32, +3.823, +0.330,+0.964
1587951600,+3.32, +3.823, +0.328,+0.964
1587951660,+3.32, +3.813, +0.324,+0.964
1587951720,+3.32, +3.813, +0.321,+0.963
1587951780,+3.32, +3.823, +0.317,+0.964
1587951840,+3.32, +3.802, +0.315,+0.963
1587951900,+3.32, +3.834, +0.311,+0.963
1587951960,+3.32, +3.834, +0.309,+0.963
1587952020,+3.32, +3.834, +0.307,+0.963
1587952080,+3.32, +3.844, +0.304,+0.964
1587952140,+3.32, +3.802, +0.302,+0.963
1587952200,+3.32, +3.834, +0.299,+0.963
1587952260,+3.32, +3.823, +0.298,+0.963
1587952320,+3.32, +3.792, +0.292,+0.963
1587952380,+3.32, +3.834, +0.289,+0.963
1587952440,+3.32, +3.844, +0.288,+0.963
1587952500,+3.32, +3.813, +0.283,+0.963
1587952560,+3.32, +3.813, +0.281,+0.963
1587952620,+3.32, +3.792, +0.280,+0.963
1587952680,+3.32, +3.834, +0.278,+0.963
1587952740,+3.32, +3.802, +0.277,+0.963
1587952800,+3.32, +3.813, +0.275,+0.963
1587952860,+3.32, +3.823, +0.276,+0.963
1587952920,+3.32, +3.844, +0.275,+0.963
1587952980,+3.32, +3.823, +0.272,+0.963
1587953040,+3.32, +3.802, +0.271,+0.963
1587953100,+3.32, +3.823, +0.271,+0.963
1587953160,+3.32, +3.802, +0.270,+0.963
1587953220,+3.32, +3.813, +0.264,+0.962
1587953280,+3.32, +3.802, +0.266,+0.963
1587953340,+3.32, +3.792, +0.264,+0.963
1587953400,+3.32, +3.813, +0.262,+0.963
1587953460,+3.32, +3.834, +0.259,+0.963
1587953520,+3.32, +3.802, +0.254,+0.963
1587953580,+3.32, +3.823, +0.254,+0.963
1587953640,+3.32, +3.834, +0.250,+0.963
1587953700,+3.32, +3.813, +0.250,+0.962
1587953760,+3.32, +3.813, +0.249,+0.963
1587953820,+3.32, +3.823, +0.246,+0.963
1587953880,+3.32, +3.823, +0.246,+0.963
1587953940,+3.32, +3.813, +0.244,+0.963
1587954000,+3.32, +3.823, +0.242,+0.963
1587954060,+3.32, +3.792, +0.240,+0.962
1587954120,+3.32, +3.813, +0.240,+0.963
1587954180,+3.32, +3.823, +0.238,+0.962
1587954240,+3.32, +3.813, +0.239,+0.962
1587954300,+3.32, +3.792, +0.236,+0.962
1587954360,+3.32, +3.823, +0.235,+0.962
1587954420,+3.32, +3.834, +0.234,+0.962
1587954480,+3.32, +3.834, +0.234,+0.962
1587954540,+3.32, +3.813, +0.233,+0.962
1587954600,+3.32, +3.813, +0.235,+0.962
1587954660,+3.32, +3.802, +0.233,+0.962
1587954720,+3.32, +3.854, +0.230,+0.962
1587954780,+3.32, +3.834, +0.230,+0.962
1587954840,+3.32, +3.802, +0.230,+0.962
1587954900,+3.32, +3.823, +0.228,+0.962
1587954960,+3.32, +3.781, +0.229,+0.962
1587955020,+3.32, +3.823, +0.225,+0.962
1587955080,+3.32, +3.823, +0.225,+0.962
1587955140,+3.32, +3.844, +0.226,+0.962
1587955200,+3.32, +3.823, +0.226,+0.962
1587955260,+3.32, +3.792, +0.225,+0.962
1587955320,+3.32, +3.813, +0.225,+0.962
1587955380,+3.32, +3.823, +0.221,+0.962
1587955440,+3.32, +3.813, +0.221,+0.962
1587955500,+3.32, +3.813, +0.221,+0.962
1587955560,+3.32, +3.813, +0.221,+0.962
1587955620,+3.32, +3.834, +0.221,+0.962
1587955680,+3.32, +3.834, +0.220,+0.962
1587955740,+3.32, +3.834, +0.219,+0.962
1587955800,+3.32, +3.813, +0.219,+0.962
1587955860,+3.32, +3.813, +0.220,+0.962
1587955920,+3.32, +3.834, +0.221,+0.962
1587955980,+3.32, +3.813, +0.225,+0.962
1587956040,+3.32, +3.834, +0.226,+0.962
1587956100,+3.32, +3.802, +0.232,+0.962
1587956160,+3.32, +3.834, +0.285,+0.963
1587956220,+3.32, +3.802, +0.325,+0.964
1587956280,+3.32, +3.823, +0.347,+0.964
1587956340,+3.32, +3.844, +0.344,+0.964
1587956400,+3.32, +3.844, +0.318,+0.964
1587956460,+3.32, +3.865, +0.324,+0.964
1587956520,+3.32, +3.834, +0.338,+0.964
1587956580,+3.32, +3.823, +0.334,+0.964
1587956640,+3.32, +3.823, +0.317,+0.963
1587956700,+3.32, +3.844, +0.305,+0.964
1587956760,+3.32, +3.813, +0.296,+0.963
1587956820,+3.32, +3.802, +0.298,+0.964
1587956880,+3.32, +3.823, +0.330,+0.964
1587956940,+3.32, +3.834, +0.357,+0.964
1587957000,+3.32, +3.844, +0.360,+0.965
1587957060,+3.32, +3.813, +0.350,+0.964
1587957120,+3.32, +3.823, +0.363,+0.964
1587957180,+3.32, +3.834, +0.357,+0.964
1587957240,+3.32, +3.740, +0.338,+0.964
1587957300,+3.32, +3.823, +0.317,+0.964
1587957360,+3.32, +3.844, +0.299,+0.963
1587957420,+3.32, +3.823, +0.287,+0.963
1587957480,+3.32, +3.823, +0.271,+0.963
1587957540,+3.32, +3.834, +0.258,+0.963
1587957600,+3.32, +3.834, +0.252,+0.963
1587957660,+3.32, +3.834, +0.247,+0.963
1587957720,+3.32, +3.813, +0.232,+0.962
1587957780,+3.32, +3.802, +0.226,+0.962
1587957840,+3.32, +3.771, +0.221,+0.962
1587957900,+3.32, +3.813, +0.221,+0.962
1587957960,+3.32, +3.813, +0.224,+0.962
1587958020,+3.32, +3.813, +0.234,+0.962
1587958080,+3.32, +3.792, +0.236,+0.962
1587958140,+3.32, +3.813, +0.229,+0.962
1587958200,+3.32, +3.802, +0.225,+0.962
1587958260,+3.32, +3.802, +0.226,+0.962
1587958320,+3.32, +3.823, +0.226,+0.962
1587958380,+3.32, +3.813, +0.229,+0.962
1587958440,+3.32, +3.823, +0.228,+0.962
1587958500,+3.32, +3.781, +0.224,+0.962
1587958560,+3.32, +3.802, +0.218,+0.962
1587958620,+3.32, +3.813, +0.211,+0.962
1587958680,+3.32, +3.792, +0.206,+0.962
1587958740,+3.32, +3.813, +0.201,+0.962
1587958800,+3.32, +3.823, +0.198,+0.962
1587958860,+3.32, +3.802, +0.199,+0.962
1587958920,+3.32, +3.854, +0.194,+0.962
1587958980,+3.32, +3.792, +0.196,+0.962
1587959040,+3.32, +3.813, +0.196,+0.962
1587959100,+3.32, +3.813, +0.195,+0.962
1587959160,+3.32, +3.823, +0.195,+0.962
1587959220,+3.32, +3.813, +0.198,+0.962
1587959280,+3.32, +3.834, +0.207,+0.962
1587959340,+3.32, +3.813, +0.215,+0.962
1587959400,+3.32, +3.802, +0.224,+0.962
1587959460,+3.32, +3.854, +0.231,+0.963
1587959520,+3.32, +3.813, +0.241,+0.962
1587959580,+3.32, +3.802, +0.259,+0.963
1587959640,+3.32, +3.834, +0.270,+0.963
1587959700,+3.32, +3.823, +0.276,+0.963
1587959760,+3.32, +3.844, +0.293,+0.964
1587959820,+3.32, +3.844, +0.306,+0.964
1587959880,+3.32, +3.823, +0.310,+0.964
1587959940,+3.32, +3.802, +0.314,+0.964
1587960000,+3.32, +3.844, +0.311,+0.964
1587960060,+3.32, +3.792, +0.307,+0.963
1587960120,+3.32, +3.813, +0.305,+0.964
1587960180,+3.32, +3.823, +0.303,+0.964
1587960240,+3.32, +3.792, +0.306,+0.964
1587960300,+3.32, +3.844, +0.304,+0.964
1587960360,+3.32, +3.823, +0.304,+0.964
1587960420,+3.32, +3.823, +0.303,+0.963
1587960480,+3.32, +3.834, +0.301,+0.964
1587960540,+3.32, +3.854, +0.302,+0.964
1587960600,+3.32, +3.844, +0.301,+0.964
1587960660,+3.32, +3.823, +0.312,+0.964
1587960720,+3.32, +3.834, +0.343,+0.964
1587960780,+3.32, +3.844, +0.365,+0.965
1587960840,+3.32, +3.834, +0.383,+0.965
1587960900,+3.32, +3.844, +0.396,+0.965
1587960960,+3.32, +3.823, +0.380,+0.964
1587961020,+3.32, +3.823, +0.362,+0.964
1587961080,+3.32, +3.813, +0.342,+0.964
1587961140,+3.32, +3.823, +0.326,+0.964
1587961200,+3.32, +3.813, +0.313,+0.964
1587961260,+3.32, +3.813, +0.302,+0.964
1587961320,+3.32, +3.834, +0.291,+0.963
1587961380,+3.32, +3.834, +0.284,+0.964
1587961440,+3.32, +3.823, +0.279,+0.963
1587961500,+3.32, +3.834, +0.280,+0.963
1587961560,+3.32, +3.823, +0.281,+0.963
1587961620,+3.32, +3.834, +0.285,+0.963
1587961680,+3.32, +3.813, +0.287,+0.963
1587961740,+3.32, +3.834, +0.282,+0.963
1587961800,+3.32, +3.823, +0.270,+0.963
1587961860,+3.32, +3.802, +0.254,+0.963
1587961920,+3.32, +3.761, +0.242,+0.962
1587961980,+3.32, +3.813, +0.230,+0.962
1587962040,+3.32, +3.813, +0.219,+0.962
1587962100,+3.32, +3.813, +0.213,+0.962
1587962160,+3.32, +3.802, +0.228,+0.962
1587962220,+3.32, +3.823, +0.238,+0.963
1587962280,+3.32, +3.813, +0.243,+0.963
1587962340,+3.32, +3.813, +0.276,+0.963
1587962400,+3.32, +3.823, +0.320,+0.964
1587962460,+3.32, +3.813, +0.329,+0.964
1587962520,+3.32, +3.834, +0.323,+0.964
1587962580,+3.32, +3.834, +0.327,+0.964
1587962640,+3.32, +3.823, +0.344,+0.964
1587962700,+3.32, +3.823, +0.357,+0.964
1587962760,+3.32, +3.813, +0.364,+0.965
1587962820,+3.32, +3.802, +0.366,+0.964
1587962880,+3.32, +3.834, +0.370,+0.965
1587962940,+3.32, +3.792, +0.375,+0.964
1587963000,+3.32, +3.834, +0.370,+0.965
1587963060,+3.32, +3.823, +0.361,+0.965
1587963120,+3.32, +3.802, +0.349,+0.965
1587963180,+3.32, +3.802, +0.340,+0.964
1587963240,+3.32, +3.823, +0.329,+0.964
1587963300,+3.32, +3.844, +0.320,+0.964
1587963360,+3.32, +3.823, +0.313,+0.964
1587963420,+3.32, +3.802, +0.306,+0.964
1587963480,+3.32, +3.813, +0.299,+0.964
1587963540,+3.32, +3.802, +0.287,+0.963
1587963600,+3.32, +3.823, +0.278,+0.963
1587963660,+3.32, +3.813, +0.271,+0.963
1587963720,+3.32, +3.813, +0.274,+0.963
1587963780,+3.32, +3.813, +0.269,+0.963
1587963840,+3.32, +3.823, +0.259,+0.963
1587963900,+3.32, +3.834, +0.252,+0.963
1587963960,+3.32, +3.823, +0.250,+0.963
1587964020,+3.32, +3.823, +0.248,+0.963
1587964080,+3.32, +3.823, +0.243,+0.963
1587964140,+3.32, +3.802, +0.238,+0.962
1587964200,+3.32, +3.854, +0.235,+0.963
1587964260,+3.32, +3.823, +0.228,+0.962
1587964320,+3.32, +3.813, +0.226,+0.962
1587964380,+3.32, +3.813, +0.229,+0.962
1587964440,+3.32, +3.813, +0.232,+0.962
1587964500,+3.32, +3.802, +0.234,+0.962
1587964560,+3.32, +3.844, +0.235,+0.962
1587964620,+3.32, +3.823, +0.245,+0.963
1587964680,+3.32, +3.802, +0.252,+0.963
1587964740,+3.32, +3.844, +0.256,+0.963
1587964800,+3.32, +3.823, +0.258,+0.963
1587964860,+3.32, +3.834, +0.256,+0.963
1587964920,+3.32, +3.844, +0.253,+0.963
1587964980,+3.32, +3.792, +0.247,+0.963
1587965040,+3.32, +3.792, +0.241,+0.962
1587965100,+3.32, +3.834, +0.236,+0.963
1587965160,+3.32, +3.813, +0.231,+0.962
1587965220,+3.32, +3.823, +0.227,+0.962
1587965280,+3.32, +3.834, +0.225,+0.962
1587965340,+3.32, +3.802, +0.225,+0.962
1587965400,+3.32, +3.813, +0.221,+0.962
1587965460,+3.32, +3.844, +0.220,+0.962
1587965520,+3.32, +3.802, +0.226,+0.962
1587965580,+3.32, +3.792, +0.232,+0.962
1587965640,+3.32, +3.813, +0.240,+0.962
1587965700,+3.32, +3.844, +0.238,+0.962
1587965760,+3.32, +3.813, +0.235,+0.962
1587965820,+3.32, +3.813, +0.231,+0.962
1587965880,+3.32, +3.823, +0.230,+0.962
1587965940,+3.32, +3.802, +0.222,+0.962
1587966000,+3.32, +3.823, +0.216,+0.962
1587966060,+3.32, +3.813, +0.212,+0.962
1587966120,+3.32, +3.802, +0.210,+0.962
1587966180,+3.32, +3.813, +0.204,+0.962
1587966240,+3.32, +3.823, +0.202,+0.962
1587966300,+3.32, +3.813, +0.198,+0.962
1587966360,+3.32, +3.823, +0.197,+0.962
1587966420,+3.32, +3.813, +0.199,+0.962
1587966480,+3.32, +3.813, +0.213,+0.962
1587966540,+3.32, +3.792, +0.282,+0.963
1587966600,+3.32, +3.813, +0.300,+0.964
1587966660,+3.32, +3.834, +0.297,+0.964
1587966720,+3.32, +3.802, +0.294,+0.963
1587966780,+3.32, +3.813, +0.319,+0.964
1587966840,+3.32, +3.802, +0.351,+0.964
1587966900,+3.32, +3.834, +0.356,+0.964
1587966960,+3.32, +3.802, +0.345,+0.964
1587967020,+3.32, +3.834, +0.321,+0.964
1587967080,+3.32, +3.802, +0.305,+0.964
1587967140,+3.32, +3.834, +0.295,+0.964
1587967200,+3.32, +3.802, +0.284,+0.963
1587967260,+3.32, +3.834, +0.272,+0.963
1587967320,+3.32, +3.802, +0.256,+0.963
1587967380,+3.32, +3.813, +0.243,+0.963
1587967440,+3.32, +3.813, +0.230,+0.962
1587967500,+3.32, +3.834, +0.220,+0.962
1587967560,+3.32, +3.865, +0.210,+0.962
1587967620,+3.32, +3.792, +0.206,+0.962
1587967680,+3.32, +3.771, +0.200,+0.962
1587967740,+3.32, +3.813, +0.194,+0.962
1587967800,+3.32, +3.813, +0.191,+0.962
1587967860,+3.32, +3.823, +0.189,+0.962
1587967920,+3.32, +3.792, +0.187,+0.962
1587967980,+3.32, +3.823, +0.185,+0.962
1587968040,+3.32, +3.823, +0.184,+0.962
1587968100,+3.32, +3.844, +0.179,+0.962
1587968160,+3.32, +3.813, +0.178,+0.962
1587968220,+3.32, +3.802, +0.180,+0.962
1587968280,+3.32, +3.834, +0.182,+0.962
1587968340,+3.32, +3.802, +0.180,+0.961
1587968400,+3.32, +3.813, +0.180,+0.962
1587968460,+3.32, +3.823, +0.184,+0.962
1587968520,+3.32, +3.823, +0.182,+0.961
1587968580,+3.32, +3.823, +0.180,+0.962
1587968640,+3.32, +3.813, +0.176,+0.961
1587968700,+3.32, +3.792, +0.175,+0.961
1587968760,+3.32, +3.813, +0.176,+0.962
1587968820,+3.32, +3.834, +0.175,+0.961
1587968880,+3.32, +3.823, +0.177,+0.962
1587968940,+3.32, +3.802, +0.175,+0.961
1587969000,+3.32, +3.813, +0.178,+0.962
1587969060,+3.32, +3.823, +0.183,+0.962
1587969120,+3.32, +3.823, +0.191,+0.962
1587969180,+3.32, +3.813, +0.195,+0.962
1587969240,+3.32, +3.813, +0.196,+0.962
1587969300,+3.32, +3.802, +0.194,+0.962
1587969360,+3.32, +3.823, +0.190,+0.962
1587969420,+3.32, +3.823, +0.193,+0.962
1587969480,+3.32, +3.802, +0.200,+0.962
1587969540,+3.32, +3.844, +0.201,+0.962
1587969600,+3.32, +3.854, +0.216,+0.962
1587969660,+3.32, +3.802, +0.235,+0.962
1587969720,+3.32, +3.823, +0.244,+0.963
1587969780,+3.32, +3.823, +0.278,+0.963
1587969840,+3.32, +3.750, +0.292,+0.963
1587969900,+3.32, +3.813, +0.291,+0.964
1587969960,+3.32, +3.834, +0.286,+0.963
1587970020,+3.32, +3.802, +0.292,+0.964
1587970080,+3.32, +3.834, +0.346,+0.964
1587970140,+3.32, +3.823, +0.366,+0.965
1587970200,+3.32, +3.823, +0.342,+0.964
1587970260,+3.32, +3.813, +0.322,+0.964
1587970320,+3.32, +3.823, +0.314,+0.964
1587970380,+3.32, +3.823, +0.303,+0.964
1587970440,+3.32, +3.792, +0.292,+0.963
1587970500,+3.32, +3.792, +0.280,+0.963
1587970560,+3.32, +3.823, +0.280,+0.963
1587970620,+3.32, +3.834, +0.285,+0.963
1587970680,+3.32, +3.823, +0.296,+0.963
1587970740,+3.32, +3.823, +0.377,+0.965
1587970800,+3.32, +3.844, +0.467,+0.966
1587970860,+3.32, +3.844, +0.539,+0.967
1587970920,+3.32, +3.844, +0.760,+0.970
1587970980,+3.32, +3.865, +1.048,+0.974
1587971040,+3.32, +3.844, +1.367,+0.977
1587971100,+3.32, +3.896, +1.754,+0.980
1587971160,+3.32, +3.917, +2.244,+0.982
1587971220,+3.32, +3.937, +3.021,+0.985
1587971280,+3.32, +3.937, +4.918,+0.987
1587971340,+3.32, +3.948, +6.512,+0.987
1587971400,+3.32, +3.917, +5.794,+0.987
1587971460,+3.32, +3.896, +4.286,+0.987
1587971520,+3.32, +3.896, +3.328,+0.986
1587971580,+3.32, +3.875, +2.473,+0.983
1587971640,+3.32, +3.844, +2.045,+0.981
1587971700,+3.32, +3.834, +1.650,+0.979
1587971760,+3.32, +3.834, +1.337,+0.976
1587971820,+3.32, +3.834, +1.006,+0.973
1587971880,+3.32, +3.802, +0.833,+0.970
1587971940,+3.32, +3.844, +0.710,+0.969
1587972000,+3.32, +3.813, +0.629,+0.968
1587972060,+3.32, +3.813, +0.579,+0.967
1587972120,+3.32, +3.813, +0.516,+0.966
1587972180,+3.32, +3.823, +0.452,+0.965
1587972240,+3.32, +3.865, +0.411,+0.965
1587972300,+3.32, +3.823, +0.386,+0.965
1587972360,+3.32, +3.823, +0.364,+0.964
1587972420,+3.32, +3.802, +0.323,+0.964
1587972480,+3.32, +3.834, +0.288,+0.963
1587972540,+3.32, +3.823, +0.264,+0.963
1587972600,+3.32, +3.823, +0.260,+0.963
1587972660,+3.32, +3.823, +0.300,+0.963
1587972720,+3.32, +3.823, +0.284,+0.963
1587972780,+3.32, +3.823, +0.255,+0.963
1587972840,+3.32, +3.823, +0.234,+0.962
1587972900,+3.32, +3.792, +0.226,+0.962
1587972960,+3.32, +3.813, +0.218,+0.962
1587973020,+3.32, +3.813, +0.213,+0.962
1587973080,+3.32, +3.781, +0.205,+0.962
1587973140,+3.32, +3.792, +0.201,+0.962
1587973200,+3.32, +3.802, +0.204,+0.962
1587973260,+3.32, +3.823, +0.201,+0.962
1587973320,+3.32, +3.834, +0.203,+0.962
1587973380,+3.32, +3.823, +0.212,+0.962
1587973440,+3.32, +3.823, +0.209,+0.962
1587973500,+3.32, +3.813, +0.208,+0.962
1587973560,+3.32, +3.792, +0.205,+0.962
1587973620,+3.32, +3.823, +0.200,+0.962
1587973680,+3.32, +3.802, +0.197,+0.962
1587973740,+3.32, +3.834, +0.196,+0.962
1587973800,+3.32, +3.823, +0.202,+0.962
1587973860,+3.32, +3.792, +0.209,+0.962
1587973920,+3.32, +3.834, +0.225,+0.962
1587973980,+3.32, +3.813, +0.238,+0.962
1587974040,+3.32, +3.823, +0.232,+0.962
1587974100,+3.32, +3.813, +0.219,+0.962
1587974160,+3.32, +3.781, +0.206,+0.962
1587974220,+3.32, +3.792, +0.196,+0.962
1587974280,+3.32, +3.813, +0.190,+0.962
1587974340,+3.32, +3.813, +0.185,+0.962
1587974400,+3.32, +3.813, +0.184,+0.962
1587974460,+3.32, +3.813, +0.182,+0.962
1587974520,+3.32, +3.792, +0.178,+0.961
1587974580,+3.32, +3.813, +0.176,+0.961
1587974640,+3.32, +3.813, +0.174,+0.961
1587974700,+3.32, +3.823, +0.177,+0.961
1587974760,+3.32, +3.802, +0.178,+0.961
1587974820,+3.32, +3.823, +0.184,+0.962
1587974880,+3.32, +3.813, +0.204,+0.962
1587974940,+3.32, +3.813, +0.211,+0.962
1587975000,+3.32, +3.802, +0.211,+0.962
1587975060,+3.32, +3.802, +0.214,+0.962
1587975120,+3.32, +3.802, +0.250,+0.963
1587975180,+3.32, +3.813, +0.288,+0.963
1587975240,+3.32, +3.823, +0.327,+0.964
1587975300,+3.32, +3.823, +0.351,+0.964
1587975360,+3.32, +3.834, +0.336,+0.964
1587975420,+3.32, +3.813, +0.314,+0.964
1587975480,+3.32, +3.823, +0.302,+0.964
1587975540,+3.32, +3.813, +0.330,+0.964
1587975600,+3.32, +3.823, +0.355,+0.964
1587975660,+3.32, +3.823, +0.411,+0.965
1587975720,+3.32, +3.813, +0.465,+0.966
1587975780,+3.32, +3.823, +0.455,+0.966
1587975840,+3.32, +3.813, +0.403,+0.965
1587975900,+3.32, +3.813, +0.384,+0.965
1587975960,+3.32, +3.813, +0.376,+0.965
1587976020,+3.32, +3.834, +0.513,+0.967
1587976080,+3.32, +3.823, +0.637,+0.968
1587976140,+3.32, +3.813, +0.615,+0.968
1587976200,+3.32, +3.802, +0.566,+0.967
1587976260,+3.32, +3.813, +0.494,+0.966
1587976320,+3.32, +3.813, +0.433,+0.965
1587976380,+3.32, +3.792, +0.382,+0.965
1587976440,+3.32, +3.823, +0.338,+0.964
1587976500,+3.32, +3.802, +0.305,+0.964
1587976560,+3.32, +3.813, +0.278,+0.963
1587976620,+3.32, +3.834, +0.253,+0.963
1587976680,+3.32, +3.854, +0.240,+0.963
1587976740,+3.32, +3.834, +0.234,+0.963
1587976800,+3.32, +3.802, +0.225,+0.962
1587976860,+3.32, +3.813, +0.219,+0.962
1587976920,+3.32, +3.802, +0.217,+0.962
1587976980,+3.32, +3.813, +0.210,+0.962
1587977040,+3.32, +3.844, +0.204,+0.962
1587977100,+3.32, +3.802, +0.203,+0.962
1587977160,+3.32, +3.781, +0.204,+0.962
1587977220,+3.32, +3.813, +0.201,+0.962
1587977280,+3.32, +3.823, +0.200,+0.962
1587977340,+3.32, +3.823, +0.199,+0.962
1587977400,+3.32, +3.823, +0.202,+0.962
1587977460,+3.32, +3.844, +0.212,+0.962
1587977520,+3.32, +3.813, +0.216,+0.962
1587977580,+3.32, +3.823, +0.222,+0.962
1587977640,+3.32, +3.781, +0.232,+0.962
1587977700,+3.32, +3.844, +0.232,+0.963
1587977760,+3.32, +3.823, +0.230,+0.962
1587977820,+3.32, +3.854, +0.223,+0.962
1587977880,+3.32, +3.823, +0.221,+0.962
1587977940,+3.32, +3.813, +0.218,+0.962
1587978000,+3.32, +3.792, +0.245,+0.963
1587978060,+3.32, +3.834, +0.243,+0.963
1587978120,+3.32, +3.813, +0.261,+0.963
1587978180,+3.32, +3.823, +0.258,+0.963
1587978240,+3.32, +3.823, +0.240,+0.963
1587978300,+3.32, +3.802, +0.225,+0.962
1587978360,+3.32, +3.834, +0.215,+0.962
1587978420,+3.32, +3.792, +0.207,+0.962
1587978480,+3.32, +3.792, +0.207,+0.962
1587978540,+3.32, +3.823, +0.207,+0.962
1587978600,+3.32, +3.813, +0.212,+0.962
1587978660,+3.32, +3.813, +0.250,+0.963
1587978720,+3.32, +3.813, +0.280,+0.963
1587978780,+3.32, +3.813, +0.309,+0.964
1587978840,+3.32, +3.802, +0.380,+0.965
1587978900,+3.32, +3.823, +0.519,+0.967
1587978960,+3.32, +3.854, +0.798,+0.971
1587979020,+3.32, +3.854, +1.047,+0.974
1587979080,+3.32, +3.865, +1.399,+0.977
1587979140,+3.32, +3.875, +1.958,+0.981
1587979200,+3.32, +3.886, +2.396,+0.983
1587979260,+3.32, +3.886, +3.013,+0.985
1587979320,+3.32, +3.927, +4.298,+0.987
1587979380,+3.32, +3.979, +5.750,+0.987
1587979440,+3.32, +3.958, +7.025,+0.987
1587979500,+3.32, +4.031, +8.917,+0.988
1587979560,+3.32, +4.031,+10.100,+0.987
1587979620,+3.32, +4.031,+10.727,+0.988
1587979680,+3.32, +4.020,+11.184,+0.987
1587979740,+3.32, +4.000,+10.824,+0.987
1587979800,+3.32, +3.948, +8.957,+0.988
1587979860,+3.32, +3.927, +7.521,+0.987
1587979920,+3.32, +3.886, +5.970,+0.987
1587979980,+3.32, +3.886, +4.390,+0.986
1587980040,+3.32, +3.886, +3.275,+0.985
1587980100,+3.32, +3.865, +2.429,+0.982
1587980160,+3.32, +3.834, +1.897,+0.980
1587980220,+3.32, +3.844, +1.419,+0.977
1587980280,+3.32, +3.844, +1.090,+0.973
1587980340,+3.32, +3.834, +0.858,+0.970
1587980400,+3.32, +3.834, +0.741,+0.969
1587980460,+3.32, +3.834, +0.613,+0.967
1587980520,+3.32, +3.823, +0.530,+0.966
1587980580,+3.32, +3.823, +0.454,+0.965
1587980640,+3.32, +3.834, +0.402,+0.965
1587980700,+3.32, +3.823, +0.355,+0.964
1587980760,+3.32, +3.823, +0.354,+0.964
1587980820,+3.32, +3.834, +0.332,+0.964
1587980880,+3.32, +3.823, +0.316,+0.963
1587980940,+3.32, +3.813, +0.304,+0.963
1587981000,+3.32, +3.813, +0.291,+0.963
1587981060,+3.32, +3.823, +0.274,+0.963
1587981120,+3.32, +3.813, +0.278,+0.963
1587981180,+3.32, +3.802, +0.275,+0.963
1587981240,+3.32, +3.844, +0.268,+0.963
1587981300,+3.32, +3.792, +0.266,+0.963
1587981360,+3.32, +3.813, +0.256,+0.963
1587981420,+3.32, +3.792, +0.247,+0.962
1587981480,+3.32, +3.771, +0.237,+0.962
1587981540,+3.32, +3.823, +0.225,+0.962
1587981600,+3.32, +3.844, +0.216,+0.962
1587981660,+3.32, +3.792, +0.212,+0.962
1587981720,+3.32, +3.823, +0.207,+0.962
1587981780,+3.32, +3.771, +0.212,+0.962
1587981840,+3.32, +3.802, +0.215,+0.962
1587981900,+3.32, +3.823, +0.212,+0.962
1587981960,+3.32, +3.813, +0.206,+0.962
1587982020,+3.32, +3.792, +0.201,+0.962
1587982080,+3.32, +3.844, +0.198,+0.962
1587982140,+3.32, +3.813, +0.264,+0.963
1587982200,+3.32, +3.823, +0.315,+0.964
1587982260,+3.32, +3.865, +0.491,+0.966
1587982320,+3.32, +3.906, +0.869,+0.971
1587982380,+3.32, +3.896, +1.335,+0.976
1587982440,+3.32, +3.886, +1.958,+0.980
1587982500,+3.32, +3.927, +3.275,+0.985
1587982560,+3.32, +3.886, +3.225,+0.985
1587982620,+3.32, +3.896, +2.648,+0.984
1587982680,+3.32, +3.865, +1.942,+0.981
1587982740,+3.32, +3.834, +1.441,+0.977
1587982800,+3.32, +3.823, +1.138,+0.974
1587982860,+3.32, +3.813, +0.899,+0.971
1587982920,+3.32, +3.844, +0.770,+0.970
1587982980,+3.32, +3.823, +0.628,+0.968
1587983040,+3.32, +3.834, +0.534,+0.967
1587983100,+3.32, +3.823, +0.459,+0.966
1587983160,+3.32, +3.792, +0.404,+0.964
1587983220,+3.32, +3.813, +0.368,+0.964
1587983280,+3.32, +3.813, +0.347,+0.964
1587983340,+3.32, +3.813, +0.396,+0.965
1587983400,+3.32, +3.834, +0.505,+0.966
1587983460,+3.32, +3.813, +0.539,+0.967
1587983520,+3.32, +3.844, +0.558,+0.967
1587983580,+3.32, +3.865, +0.562,+0.967
1587983640,+3.32, +3.813, +0.539,+0.967
1587983700,+3.32, +3.823, +0.549,+0.967
1587983760,+3.32, +3.834, +0.631,+0.968
1587983820,+3.32, +3.844, +0.705,+0.969
1587983880,+3.32, +3.834, +1.117,+0.974
1587983940,+3.32, +3.875, +1.890,+0.980
1587984000,+3.32, +3.865, +2.513,+0.983
1587984060,+3.32, +3.854, +2.615,+0.984
1587984120,+3.32, +3.854, +2.646,+0.984
1587984180,+3.32, +3.896, +2.742,+0.984
1587984240,+3.32, +3.865, +2.837,+0.984
1587984300,+3.32, +3.854, +2.869,+0.984
1587984360,+3.32, +3.834, +2.801,+0.984
1587984420,+3.32, +3.875, +2.638,+0.984
1587984480,+3.32, +3.865, +2.405,+0.983
1587984540,+3.32, +3.844, +2.238,+0.982
1587984600,+3.32, +3.865, +2.240,+0.982
1587984660,+3.32, +3.844, +2.357,+0.983
1587984720,+3.32, +3.854, +2.479,+0.983
1587984780,+3.32, +3.854, +2.459,+0.983
1587984840,+3.32, +3.844, +2.391,+0.983
1587984900,+3.32, +3.844, +2.191,+0.982
1587984960,+3.32, +3.875, +2.019,+0.981
1587985020,+3.32, +3.834, +1.722,+0.979
1587985080,+3.32, +3.834, +1.484,+0.978
1587985140,+3.32, +3.834, +1.224,+0.975
1587985200,+3.32, +3.844, +1.184,+0.975
1587985260,+3.32, +3.823, +0.975,+0.973
1587985320,+3.32, +3.834, +0.806,+0.970
1587985380,+3.32, +3.844, +0.697,+0.969
1587985440,+3.32, +3.792, +0.612,+0.968
1587985500,+3.32, +3.823, +0.512,+0.966
1587985560,+3.32, +3.834, +0.437,+0.965
1587985620,+3.32, +3.823, +0.376,+0.964
1587985680,+3.32, +3.823, +0.333,+0.964
1587985740,+3.32, +3.823, +0.310,+0.963
1587985800,+3.32, +3.834, +0.289,+0.963
1587985860,+3.32, +3.844, +0.269,+0.963
1587985920,+3.32, +3.865, +0.247,+0.963
1587985980,+3.32, +3.813, +0.239,+0.962
1587986040,+3.32, +3.834, +0.234,+0.962
1587986100,+3.32, +3.813, +0.229,+0.962
1587986160,+3.32, +3.802, +0.225,+0.962
1587986220,+3.32, +3.813, +0.222,+0.962
1587986280,+3.32, +3.834, +0.223,+0.962
1587986340,+3.32, +3.823, +0.222,+0.962
1587986400,+3.32, +3.823, +0.222,+0.962
1587986460,+3.32, +3.823, +0.221,+0.962
1587986520,+3.32, +3.844, +0.219,+0.962
1587986580,+3.32, +3.813, +0.212,+0.962
1587986640,+3.32, +3.823, +0.209,+0.962
1587986700,+3.32, +3.823, +0.213,+0.962
1587986760,+3.32, +3.823, +0.222,+0.962
1587986820,+3.32, +3.792, +0.223,+0.962
1587986880,+3.32, +3.802, +0.224,+0.962
1587986940,+3.32, +3.802, +0.235,+0.962
1587987000,+3.32, +3.802, +0.228,+0.962
1587987060,+3.32, +3.813, +0.215,+0.962
1587987120,+3.32, +3.813, +0.210,+0.962
1587987180,+3.32, +3.792, +0.202,+0.962
1587987240,+3.32, +3.844, +0.198,+0.962
1587987300,+3.32, +3.823, +0.194,+0.962
1587987360,+3.32, +3.813, +0.195,+0.962
1587987420,+3.32, +3.823, +0.270,+0.963
1587987480,+3.32, +3.823, +0.367,+0.964
1587987540,+3.32, +3.813, +0.347,+0.964
1587987600,+3.32, +3.823, +0.327,+0.964
1587987660,+3.32, +3.813, +0.348,+0.964
1587987720,+3.32, +3.792, +0.373,+0.964
1587987780,+3.32, +3.813, +0.346,+0.964
1587987840,+3.32, +3.834, +0.328,+0.964
1587987900,+3.32, +3.823, +0.300,+0.964
1587987960,+3.32, +3.802, +0.253,+0.963
1587988020,+3.32, +3.813, +0.237,+0.962
1587988080,+3.32, +3.834, +0.225,+0.962
1587988140,+3.32, +3.750, +0.216,+0.962
1587988200,+3.32, +3.823, +0.208,+0.962
1587988260,+3.32, +3.813, +0.205,+0.962
1587988320,+3.32, +3.823, +0.197,+0.962
1587988380,+3.32, +3.834, +0.195,+0.962
1587988440,+3.32, +3.844, +0.189,+0.962
1587988500,+3.32, +3.813, +0.184,+0.961
1587988560,+3.32, +3.823, +0.185,+0.961
1587988620,+3.32, +3.834, +0.185,+0.961
1587988680,+3.32, +3.823, +0.184,+0.961
1587988740,+3.32, +3.813, +0.183,+0.961
1587988800,+3.32, +3.834, +0.181,+0.962
1587988860,+3.32, +3.813, +0.179,+0.962
1587988920,+3.32, +3.823, +0.177,+0.961
1587988980,+3.32, +3.834, +0.174,+0.961
1587989040,+3.32, +3.802, +0.174,+0.961
1587989100,+3.32, +3.823, +0.172,+0.961
1587989160,+3.32, +3.823, +0.175,+0.961
1587989220,+3.32, +3.823, +0.171,+0.962
1587989280,+3.32, +3.802, +0.171,+0.961
1587989340,+3.32, +3.802, +0.174,+0.961
1587989400,+3.32, +3.834, +0.188,+0.962
1587989460,+3.32, +3.823, +0.191,+0.962
1587989520,+3.32, +3.792, +0.229,+0.962
1587989580,+3.32, +3.854, +0.431,+0.966
1587989640,+3.32, +3.834, +1.326,+0.976
1587989700,+3.32, +3.854, +2.431,+0.983
1587989760,+3.32, +3.865, +3.445,+0.986
1587989820,+3.32, +3.865, +3.569,+0.986
1587989880,+3.32, +3.844, +3.120,+0.985
1587989940,+3.32, +3.854, +2.450,+0.983
1587990000,+3.32, +3.844, +1.847,+0.980
1587990060,+3.32, +3.834, +1.544,+0.978
1587990120,+3.32, +3.813, +1.227,+0.975
1587990180,+3.32, +3.823, +0.900,+0.972
1587990240,+3.32, +3.854, +0.652,+0.969
1587990300,+3.32, +3.834, +0.534,+0.967
1587990360,+3.32, +3.834, +0.440,+0.965
1587990420,+3.32, +3.844, +0.380,+0.965
1587990480,+3.32, +3.834, +0.369,+0.964
1587990540,+3.32, +3.834, +0.391,+0.965
1587990600,+3.32, +3.813, +0.374,+0.965
1587990660,+3.32, +3.834, +0.332,+0.964
1587990720,+3.32, +3.802, +0.295,+0.963
1587990780,+3.32, +3.834, +0.268,+0.963
1587990840,+3.32, +3.834, +0.250,+0.962
1587990900,+3.32, +3.823, +0.234,+0.962
1587990960,+3.32, +3.854, +0.217,+0.962
1587991020,+3.32, +3.823, +0.248,+0.962
1587991080,+3.32, +3.813, +0.263,+0.963
1587991140,+3.32, +3.813, +0.258,+0.963
1587991200,+3.32, +3.823, +0.244,+0.962
1587991260,+3.32, +3.823, +0.226,+0.962
1587991320,+3.32, +3.813, +0.210,+0.962
1587991380,+3.32, +3.834, +0.198,+0.962
1587991440,+3.32, +3.854, +0.193,+0.962
1587991500,+3.32, +3.813, +0.197,+0.962
1587991560,+3.32, +3.823, +0.231,+0.962
1587991620,+3.32, +3.823, +0.243,+0.962
1587991680,+3.32, +3.834, +0.241,+0.962
1587991740,+3.32, +3.834, +0.225,+0.962
1587991800,+3.32, +3.813, +0.219,+0.962
1587991860,+3.32, +3.813, +0.212,+0.962
1587991920,+3.32, +3.823, +0.209,+0.962
1587991980,+3.32, +3.802, +0.201,+0.962
1587992040,+3.32, +3.834, +0.190,+0.962
1587992100,+3.32, +3.802, +0.190,+0.962
1587992160,+3.32, +3.823, +0.187,+0.962
1587992220,+3.32, +3.823, +0.221,+0.962
1587992280,+3.32, +3.823, +0.291,+0.963
1587992340,+3.32, +3.813, +0.295,+0.963
1587992400,+3.32, +3.823, +0.279,+0.963
1587992460,+3.32, +3.834, +0.248,+0.963
1587992520,+3.32, +3.823, +0.239,+0.962
1587992580,+3.32, +3.813, +0.233,+0.962
1587992640,+3.32, +3.823, +0.223,+0.962
1587992700,+3.32, +3.813, +0.211,+0.962
1587992760,+3.32, +3.813, +0.201,+0.962
1587992820,+3.32, +3.823, +0.193,+0.962
1587992880,+3.32, +3.813, +0.186,+0.961
1587992940,+3.32, +3.834, +0.179,+0.962
1587993000,+3.32, +3.823, +0.178,+0.961
1587993060,+3.32, +3.802, +0.178,+0.961
1587993120,+3.32, +3.802, +0.177,+0.961
1587993180,+3.32, +3.834, +0.174,+0.961
1587993240,+3.32, +3.823, +0.174,+0.961
1587993300,+3.32, +3.823, +0.173,+0.961
1587993360,+3.32, +3.834, +0.180,+0.961
1587993420,+3.32, +3.813, +0.180,+0.961
1587993480,+3.32, +3.813, +0.182,+0.962
1587993540,+3.32, +3.834, +0.184,+0.962
1587993600,+3.32, +3.844, +0.242,+0.963
1587993660,+3.32, +3.813, +0.332,+0.964
1587993720,+3.32, +3.854, +0.361,+0.965
1587993780,+3.32, +3.813, +0.356,+0.964
1587993840,+3.32, +3.823, +0.317,+0.964
1587993900,+3.32, +3.844, +0.294,+0.963
1587993960,+3.32, +3.823, +0.259,+0.963
1587994020,+3.32, +3.834, +0.254,+0.963
1587994080,+3.32, +3.823, +0.254,+0.963
1587994140,+3.32, +3.823, +0.246,+0.963
1587994200,+3.32, +3.834, +0.227,+0.962
1587994260,+3.32, +3.834, +0.212,+0.962
1587994320,+3.32, +3.823, +0.211,+0.962
1587994380,+3.32, +3.844, +0.201,+0.962
1587994440,+3.32, +3.823, +0.195,+0.962
1587994500,+3.32, +3.823, +0.189,+0.962
1587994560,+3.32, +3.792, +0.182,+0.962
1587994620,+3.32, +3.854, +0.177,+0.962
1587994680,+3.32, +3.813, +0.174,+0.962
1587994740,+3.32, +3.823, +0.172,+0.961
1587994800,+3.32, +3.761, +0.193,+0.962
1587994860,+3.32, +3.844, +0.211,+0.962
1587994920,+3.32, +3.823, +0.238,+0.963
1587994980,+3.32, +3.823, +0.263,+0.963
1587995040,+3.32, +3.813, +0.255,+0.963
1587995100,+3.32, +3.802, +0.244,+0.963
1587995160,+3.32, +3.771, +0.227,+0.962
1587995220,+3.32, +3.813, +0.214,+0.962
1587995280,+3.32, +3.813, +0.204,+0.962
1587995340,+3.32, +3.802, +0.195,+0.962
1587995400,+3.32, +3.813, +0.183,+0.961
1587995460,+3.32, +3.823, +0.180,+0.962
1587995520,+3.32, +3.802, +0.175,+0.961
1587995580,+3.32, +3.834, +0.203,+0.962
1587995640,+3.32, +3.823, +0.223,+0.962
1587995700,+3.32, +3.834, +0.246,+0.963
1587995760,+3.32, +3.823, +0.243,+0.963
1587995820,+3.32, +3.854, +0.227,+0.962
1587995880,+3.32, +3.802, +0.210,+0.962
1587995940,+3.32, +3.823, +0.202,+0.962
1587996000,+3.32, +3.813, +0.197,+0.962
1587996060,+3.32, +3.834, +0.196,+0.962
1587996120,+3.32, +3.834, +0.193,+0.962
1587996180,+3.32, +3.823, +0.195,+0.962
1587996240,+3.32, +3.792, +0.194,+0.962
1587996300,+3.32, +3.823, +0.190,+0.962
1587996360,+3.32, +3.813, +0.194,+0.962
1587996420,+3.32, +3.823, +0.206,+0.962
1587996480,+3.32, +3.823, +0.222,+0.962
1587996540,+3.32, +3.844, +0.235,+0.963
1587996600,+3.32, +3.886, +0.260,+0.963
1587996660,+3.32, +3.834, +0.289,+0.963
1587996720,+3.32, +3.834, +0.291,+0.963
1587996780,+3.32, +3.823, +0.312,+0.964
1587996840,+3.32, +3.854, +0.329,+0.964
1587996900,+3.32, +3.854, +0.332,+0.964
1587996960,+3.32, +3.792, +0.338,+0.964
1587997020,+3.32, +3.813, +0.369,+0.964
1587997080,+3.32, +3.844, +0.554,+0.967
1587997140,+3.32, +3.823, +0.716,+0.969
1587997200,+3.32, +3.844, +0.747,+0.970
1587997260,+3.32, +3.844, +0.647,+0.969
1587997320,+3.32, +3.813, +0.589,+0.968
1587997380,+3.32, +3.802, +0.515,+0.967
1587997440,+3.32, +3.823, +0.440,+0.965
1587997500,+3.32, +3.823, +0.440,+0.966
1587997560,+3.32, +3.844, +0.360,+0.964
1587997620,+3.32, +3.834, +0.322,+0.964
1587997680,+3.32, +3.834, +0.304,+0.964
1587997740,+3.32, +3.823, +0.263,+0.963
1587997800,+3.32, +3.834, +0.238,+0.963
1587997860,+3.32, +3.834, +0.225,+0.962
1587997920,+3.32, +3.792, +0.249,+0.963
1587997980,+3.32, +3.834, +0.289,+0.963
1587998040,+3.32, +3.834, +0.306,+0.964
1587998100,+3.32, +3.834, +0.278,+0.963
1587998160,+3.32, +3.813, +0.250,+0.962
1587998220,+3.32, +3.792, +0.236,+0.962
1587998280,+3.32, +3.802, +0.224,+0.962
1587998340,+3.32, +3.834, +0.218,+0.962
1587998400,+3.32, +3.802, +0.211,+0.962
1587998460,+3.32, +3.771, +0.201,+0.962
1587998520,+3.32, +3.802, +0.197,+0.962
1587998580,+3.32, +3.834, +0.193,+0.962
1587998640,+3.32, +3.834, +0.189,+0.961
1587998700,+3.32, +3.854, +0.191,+0.962
1587998760,+3.32, +3.823, +0.188,+0.962
1587998820,+3.32, +3.802, +0.185,+0.961
1587998880,+3.32, +3.834, +0.181,+0.962
1587998940,+3.32, +3.802, +0.180,+0.961
1587999000,+3.32, +3.802, +0.180,+0.962
1587999060,+3.32, +3.823, +0.177,+0.961
1587999120,+3.32, +3.823, +0.174,+0.962
1587999180,+3.32, +3.802, +0.171,+0.961
1587999240,+3.32, +3.823, +0.170,+0.962
1587999300,+3.32, +3.813, +0.170,+0.961
1587999360,+3.32, +3.813, +0.167,+0.961
1587999420,+3.32, +3.844, +0.167,+0.961
1587999480,+3.32, +3.750, +0.171,+0.961
1587999540,+3.32, +3.844, +0.169,+0.961
1587999600,+3.32, +3.813, +0.172,+0.961
1587999660,+3.32, +3.813, +0.173,+0.961
1587999720,+3.32, +3.844, +0.172,+0.961
1587999780,+3.32, +3.792, +0.173,+0.962
1587999840,+3.32, +3.802, +0.170,+0.961
1587999900,+3.32, +3.802, +0.169,+0.961
1587999960,+3.32, +3.834, +0.168,+0.961
1588000020,+3.32, +3.813, +0.169,+0.961
1588000080,+3.32, +3.792, +0.170,+0.961
1588000140,+3.32, +3.813, +0.172,+0.961
1588000200,+3.32, +3.823, +0.170,+0.961
1588000260,+3.32, +3.813, +0.171,+0.961
1588000320,+3.32, +3.823, +0.170,+0.961
1588000380,+3.32, +3.844, +0.169,+0.962
1588000440,+3.32, +3.834, +0.166,+0.961
1588000500,+3.32, +3.802, +0.167,+0.961
1588000560,+3.32, +3.823, +0.166,+0.961
1588000620,+3.32, +3.823, +0.165,+0.961
1588000680,+3.32, +3.813, +0.163,+0.961
1588000740,+3.32, +3.823, +0.164,+0.961
1588000800,+3.32, +3.834, +0.164,+0.962
1588000860,+3.32, +3.823, +0.163,+0.961
1588000920,+3.32, +3.802, +0.166,+0.961
1588000980,+3.32, +3.813, +0.197,+0.962
1588001040,+3.32, +3.802, +0.207,+0.962
1588001100,+3.32, +3.844, +0.201,+0.962
1588001160,+3.32, +3.865, +0.196,+0.962
1588001220,+3.32, +3.834, +0.193,+0.962
1588001280,+3.32, +3.813, +0.193,+0.962
1588001340,+3.32, +3.834, +0.185,+0.962
1588001400,+3.32, +3.813, +0.181,+0.962
1588001460,+3.32, +3.792, +0.176,+0.961
1588001520,+3.32, +3.802, +0.176,+0.962
1588001580,+3.32, +3.813, +0.171,+0.961
1588001640,+3.32, +3.844, +0.170,+0.962
1588001700,+3.32, +3.802, +0.170,+0.961
1588001760,+3.32, +3.813, +0.166,+0.961
1588001820,+3.32, +3.813, +0.167,+0.962
1588001880,+3.32, +3.813, +0.166,+0.961
1588001940,+3.32, +3.844, +0.164,+0.961
1588002000,+3.32, +3.823, +0.164,+0.961
1588002060,+3.32, +3.813, +0.161,+0.961
1588002120,+3.32, +3.813, +0.164,+0.961
1588002180,+3.32, +3.813, +0.162,+0.961
1588002240,+3.32, +3.813, +0.162,+0.961
1588002300,+3.32, +3.844, +0.161,+0.961
1588002360,+3.32, +3.813, +0.161,+0.961
1588002420,+3.32, +3.792, +0.163,+0.961
1588002480,+3.32, +3.823, +0.163,+0.961
1588002540,+3.32, +3.813, +0.163,+0.961
1588002600,+3.32, +3.834, +0.164,+0.962
1588002660,+3.32, +3.802, +0.163,+0.961
1588002720,+3.32, +3.813, +0.163,+0.961
1588002780,+3.32, +3.813, +0.163,+0.961
1588002840,+3.32, +3.823, +0.163,+0.961
1588002900,+3.32, +3.823, +0.163,+0.961
1588002960,+3.32, +3.792, +0.163,+0.961
1588003020,+3.32, +3.823, +0.163,+0.961
1588003080,+3.32, +3.813, +0.162,+0.961
1588003140,+3.32, +3.781, +0.163,+0.961
1588003200,+3.32, +3.875, +0.168,+0.961
1588003260,+3.32, +3.813, +0.175,+0.962
1588003320,+3.32, +3.802, +0.177,+0.961
1588003380,+3.32, +3.802, +0.182,+0.962
1588003440,+3.32, +3.823, +0.188,+0.962
1588003500,+3.32, +3.792, +0.200,+0.962
1588003560,+3.32, +3.813, +0.203,+0.962
1588003620,+3.32, +3.834, +0.204,+0.962
1588003680,+3.32, +3.802, +0.203,+0.962
1588003740,+3.32, +3.823, +0.200,+0.962
1588003800,+3.32, +3.834, +0.203,+0.962
1588003860,+3.32, +3.823, +0.205,+0.962
1588003920,+3.32, +3.802, +0.199,+0.962
1588003980,+3.32, +3.834, +0.186,+0.962
1588004040,+3.32, +3.834, +0.182,+0.962
1588004100,+3.32, +3.834, +0.177,+0.962
1588004160,+3.32, +3.834, +0.172,+0.962
1588004220,+3.32, +3.823, +0.169,+0.961
1588004280,+3.32, +3.813, +0.168,+0.962
1588004340,+3.32, +3.823, +0.167,+0.961
1588004400,+3.32, +3.813, +0.171,+0.961
1588004460,+3.32, +3.834, +0.170,+0.962
1588004520,+3.32, +3.823, +0.170,+0.961
1588004580,+3.32, +3.813, +0.411,+0.965
1588004640,+3.32, +3.813, +1.110,+0.974
1588004700,+3.32, +3.813, +2.534,+0.983
1588004760,+3.32, +3.865, +3.290,+0.986
1588004820,+3.32, +3.854, +3.740,+0.986
1588004880,+3.32, +3.854, +3.948,+0.986
1588004940,+3.32, +3.875, +3.853,+0.987
1588005000,+3.32, +3.865, +3.230,+0.985
1588005060,+3.32, +3.834, +2.558,+0.984
1588005120,+3.32, +3.844, +1.945,+0.981
1588005180,+3.32, +3.854, +1.646,+0.979
1588005240,+3.32, +3.834, +1.297,+0.976
1588005300,+3.32, +3.844, +0.974,+0.973
1588005360,+3.32, +3.834, +0.799,+0.971
1588005420,+3.32, +3.823, +0.650,+0.969
1588005480,+3.32, +3.834, +0.550,+0.967
1588005540,+3.32, +3.813, +0.471,+0.966
1588005600,+3.32, +3.781, +0.426,+0.965
1588005660,+3.32, +3.813, +0.411,+0.965
1588005720,+3.32, +3.844, +0.387,+0.965
1588005780,+3.32, +3.792, +0.376,+0.964
1588005840,+3.32, +3.813, +0.353,+0.964
1588005900,+3.32, +3.834, +0.324,+0.964
1588005960,+3.32, +3.823, +0.286,+0.963
1588006020,+3.32, +3.834, +0.264,+0.963
1588006080,+3.32, +3.823, +0.285,+0.963
1588006140,+3.32, +3.823, +0.291,+0.963
1588006200,+3.32, +3.823, +0.301,+0.964
1588006260,+3.32, +3.844, +0.327,+0.964
1588006320,+3.32, +3.823, +0.372,+0.964
1588006380,+3.32, +3.844, +0.409,+0.965
1588006440,+3.32, +3.844, +0.428,+0.965
1588006500,+3.32, +3.813, +0.466,+0.966
1588006560,+3.32, +3.823, +0.456,+0.966
1588006620,+3.32, +3.823, +0.408,+0.965
1588006680,+3.32, +3.813, +0.370,+0.964
1588006740,+3.32, +3.823, +0.355,+0.964
1588006800,+3.32, +3.823, +0.340,+0.964
1588006860,+3.32, +3.823, +0.308,+0.963
1588006920,+3.32, +3.823, +0.275,+0.963
1588006980,+3.32, +3.823, +0.253,+0.963
1588007040,+3.32, +3.844, +0.235,+0.962
1588007100,+3.32, +3.802, +0.226,+0.962
1588007160,+3.32, +3.834, +0.213,+0.962
1588007220,+3.32, +3.834, +0.205,+0.962
1588007280,+3.32, +3.792, +0.202,+0.962
1588007340,+3.32, +3.802, +0.217,+0.962
1588007400,+3.32, +3.813, +0.229,+0.962
1588007460,+3.32, +3.823, +0.255,+0.963
1588007520,+3.32, +3.813, +0.253,+0.963
1588007580,+3.32, +3.834, +0.241,+0.962
1588007640,+3.32, +3.823, +0.388,+0.965
1588007700,+3.32, +3.823, +0.549,+0.967
1588007760,+3.32, +3.844, +0.595,+0.968
1588007820,+3.32, +3.854, +0.577,+0.967
1588007880,+3.32, +3.802, +0.546,+0.967
1588007940,+3.32, +3.813, +0.472,+0.966
1588008000,+3.32, +3.823, +0.407,+0.965
1588008060,+3.32, +3.813, +0.366,+0.964
1588008120,+3.32, +3.823, +0.333,+0.964
1588008180,+3.32, +3.823, +0.316,+0.964
1588008240,+3.32, +3.834, +0.310,+0.963
1588008300,+3.32, +3.834, +0.299,+0.963
1588008360,+3.32, +3.813, +0.283,+0.963
1588008420,+3.32, +3.823, +0.262,+0.963
1588008480,+3.32, +3.834, +0.242,+0.962
1588008540,+3.32, +3.834, +0.225,+0.962
1588008600,+3.32, +3.823, +0.214,+0.962
1588008660,+3.32, +3.844, +0.202,+0.962
1588008720,+3.32, +3.834, +0.192,+0.962
1588008780,+3.32, +3.813, +0.187,+0.961
1588008840,+3.32, +3.823, +0.183,+0.961
1588008900,+3.32, +3.823, +0.181,+0.962
1588008960,+3.32, +3.802, +0.180,+0.961
1588009020,+3.32, +3.834, +0.175,+0.961
1588009080,+3.32, +3.813, +0.174,+0.961
1588009140,+3.32, +3.813, +0.173,+0.962
1588009200,+3.32, +3.823, +0.172,+0.961
1588009260,+3.32, +3.813, +0.177,+0.961
1588009320,+3.32, +3.792, +0.182,+0.961
1588009380,+3.32, +3.823, +0.187,+0.962
1588009440,+3.32, +3.823, +0.189,+0.962
1588009500,+3.32, +3.823, +0.185,+0.961
1588009560,+3.32, +3.823, +0.183,+0.962
1588009620,+3.32, +3.844, +0.179,+0.961
1588009680,+3.32, +3.813, +0.179,+0.962
1588009740,+3.32, +3.813, +0.177,+0.961
1588009800,+3.32, +3.834, +0.174,+0.961
1588009860,+3.32, +3.813, +0.175,+0.961
1588009920,+3.32, +3.802, +0.174,+0.961
1588009980,+3.32, +3.771, +0.174,+0.961
1588010040,+3.32, +3.802, +0.171,+0.961
1588010100,+3.32, +3.792, +0.170,+0.961
1588010160,+3.32, +3.823, +0.169,+0.961
1588010220,+3.32, +3.834, +0.168,+0.961
1588010280,+3.32, +3.802, +0.169,+0.961
1588010340,+3.32, +3.802, +0.169,+0.961
1588010400,+3.32, +3.813, +0.167,+0.961
1588010460,+3.32, +3.813, +0.165,+0.961
1588010520,+3.32, +3.823, +0.166,+0.962
1588010580,+3.32, +3.823, +0.166,+0.961
1588010640,+3.32, +3.823, +0.166,+0.961
1588010700,+3.32, +3.834, +0.178,+0.961
1588010760,+3.32, +3.792, +0.193,+0.961
1588010820,+3.32, +3.802, +0.197,+0.962
1588010880,+3.32, +3.813, +0.193,+0.962
1588010940,+3.32, +3.823, +0.185,+0.962
1588011000,+3.32, +3.823, +0.182,+0.962
1588011060,+3.32, +3.792, +0.180,+0.962
1588011120,+3.32, +3.813, +0.174,+0.961
1588011180,+3.32, +3.802, +0.174,+0.961
1588011240,+3.32, +3.844, +0.175,+0.962
1588011300,+3.32, +3.813, +0.175,+0.961
1588011360,+3.32, +3.823, +0.175,+0.961
1588011420,+3.32, +3.813, +0.178,+0.962
1588011480,+3.32, +3.865, +0.176,+0.962
1588011540,+3.32, +3.844, +0.174,+0.961
1588011600,+3.32, +3.802, +0.174,+0.961
1588011660,+3.32, +3.834, +0.173,+0.962
1588011720,+3.32, +3.813, +0.171,+0.961
1588011780,+3.32, +3.834, +0.169,+0.961
1588011840,+3.32, +3.802, +0.168,+0.961
1588011900,+3.32, +3.834, +0.167,+0.961
1588011960,+3.32, +3.792, +0.172,+0.961
1588012020,+3.32, +3.813, +0.186,+0.962
1588012080,+3.32, +3.834, +0.195,+0.962
1588012140,+3.32, +3.802, +0.190,+0.962
1588012200,+3.32, +3.834, +0.186,+0.962
1588012260,+3.32, +3.802, +0.183,+0.962
1588012320,+3.32, +3.844, +0.178,+0.961
1588012380,+3.32, +3.823, +0.177,+0.962
1588012440,+3.32, +3.834, +0.175,+0.962
1588012500,+3.32, +3.771, +0.175,+0.961
1588012560,+3.32, +3.823, +0.172,+0.961
1588012620,+3.32, +3.823, +0.174,+0.962
1588012680,+3.32, +3.823, +0.170,+0.961
1588012740,+3.32, +3.823, +0.169,+0.961
1588012800,+3.32, +3.823, +0.169,+0.961
1588012860,+3.32, +3.813, +0.172,+0.961
1588012920,+3.32, +3.823, +0.172,+0.962
1588012980,+3.32, +3.834, +0.172,+0.962
1588013040,+3.32, +3.813, +0.173,+0.962
1588013100,+3.32, +3.834, +0.173,+0.962
1588013160,+3.32, +3.802, +0.173,+0.961
1588013220,+3.32, +3.834, +0.173,+0.962
1588013280,+3.32, +3.823, +0.171,+0.961
1588013340,+3.32, +3.834, +0.171,+0.962
1588013400,+3.32, +3.823, +0.172,+0.962
1588013460,+3.32, +3.823, +0.169,+0.961
1588013520,+3.32, +3.781, +0.170,+0.961
1588013580,+3.32, +3.854, +0.168,+0.961
1588013640,+3.32, +3.834, +0.167,+0.961
1588013700,+3.32, +3.802, +0.168,+0.961
1588013760,+3.32, +3.834, +0.167,+0.961
1588013820,+3.32, +3.823, +0.168,+0.961
1588013880,+3.32, +3.834, +0.167,+0.962
1588013940,+3.32, +3.834, +0.165,+0.961
1588014000,+3.32, +3.844, +0.166,+0.961
1588014060,+3.32, +3.781, +0.167,+0.961
1588014120,+3.32, +3.813, +0.165,+0.961
1588014180,+3.32, +3.823, +0.166,+0.961
1588014240,+3.32, +3.834, +0.170,+0.961
1588014300,+3.32, +3.834, +0.171,+0.962
1588014360,+3.32, +3.834, +0.174,+0.961
1588014420,+3.32, +3.823, +0.178,+0.962
1588014480,+3.32, +3.802, +0.180,+0.962
1588014540,+3.32, +3.823, +0.181,+0.962
1588014600,+3.32, +3.854, +0.177,+0.962
1588014660,+3.32, +3.834, +0.176,+0.962
1588014720,+3.32, +3.813, +0.178,+0.961
1588014780,+3.32, +3.823, +0.177,+0.961
1588014840,+3.32, +3.834, +0.178,+0.962
1588014900,+3.32, +3.844, +0.177,+0.962
1588014960,+3.32, +3.844, +0.176,+0.962
1588015020,+3.32, +3.834, +0.175,+0.962
1588015080,+3.32, +3.844, +0.174,+0.962
1588015140,+3.32, +3.823, +0.175,+0.961
1588015200,+3.32, +3.865, +0.176,+0.962
1588015260,+3.32, +3.854, +0.222,+0.962
1588015320,+3.32, +3.865, +0.326,+0.964
1588015380,+3.32, +3.865, +0.526,+0.967
1588015440,+3.32, +3.854, +0.799,+0.970
1588015500,+3.32, +3.854, +1.013,+0.973
1588015560,+3.32, +3.865, +1.155,+0.975
1588015620,+3.32, +3.875, +1.765,+0.980
1588015680,+3.32, +3.854, +2.170,+0.982
1588015740,+3.32, +3.865, +2.345,+0.983
1588015800,+3.32, +3.854, +2.242,+0.982
1588015860,+3.32, +3.865, +2.034,+0.981
1588015920,+3.32, +3.844, +1.802,+0.980
1588015980,+3.32, +3.886, +1.567,+0.979
1588016040,+3.32, +3.834, +1.400,+0.977
1588016100,+3.32, +3.844, +1.261,+0.976
1588016160,+3.32, +3.854, +1.098,+0.974
1588016220,+3.32, +3.854, +0.985,+0.973
1588016280,+3.32, +3.854, +0.908,+0.972
1588016340,+3.32, +3.875, +0.837,+0.971
1588016400,+3.32, +3.865, +0.763,+0.970
1588016460,+3.32, +3.844, +0.687,+0.969
1588016520,+3.32, +3.854, +0.614,+0.968
1588016580,+3.32, +3.865, +0.569,+0.967
1588016640,+3.32, +3.834, +0.541,+0.967
1588016700,+3.32, +3.844, +0.515,+0.967
1588016760,+3.32, +3.844, +0.481,+0.966
1588016820,+3.32, +3.823, +0.421,+0.965
1588016880,+3.32, +3.823, +0.384,+0.965
1588016940,+3.32, +3.844, +0.341,+0.964
1588017000,+3.32, +3.854, +0.306,+0.964
1588017060,+3.32, +3.834, +0.286,+0.963
1588017120,+3.32, +3.823, +0.270,+0.963
1588017180,+3.32, +3.802, +0.247,+0.962
1588017240,+3.32, +3.813, +0.231,+0.962
1588017300,+3.32, +3.823, +0.226,+0.962
1588017360,+3.32, +3.802, +0.278,+0.963
1588017420,+3.32, +3.844, +0.499,+0.966
1588017480,+3.32, +3.834, +0.522,+0.967
1588017540,+3.32, +3.834, +0.477,+0.966
1588017600,+3.32, +3.834, +0.395,+0.965
1588017660,+3.32, +3.834, +0.327,+0.964
1588017720,+3.32, +3.854, +0.328,+0.964
1588017780,+3.32, +3.802, +0.344,+0.964
1588017840,+3.32, +3.834, +0.328,+0.964
1588017900,+3.32, +3.834, +0.313,+0.964
1588017960,+3.32, +3.823, +0.291,+0.963
1588018020,+3.32, +3.802, +0.300,+0.963
1588018080,+3.32, +3.844, +0.292,+0.963
1588018140,+3.32, +3.802, +0.289,+0.963
1588018200,+3.32, +3.834, +0.280,+0.963
1588018260,+3.32, +3.834, +0.277,+0.963
1588018320,+3.32, +3.823, +0.259,+0.963
1588018380,+3.32, +3.844, +0.246,+0.962
1588018440,+3.32, +3.823, +0.237,+0.963
1588018500,+3.32, +3.813, +0.262,+0.963
1588018560,+3.32, +3.823, +0.334,+0.964
1588018620,+3.32, +3.823, +0.422,+0.965
1588018680,+3.32, +3.823, +0.385,+0.965
1588018740,+3.32, +3.854, +0.432,+0.965
1588018800,+3.32, +3.823, +0.370,+0.965
1588018860,+3.32, +3.854, +0.413,+0.965
1588018920,+3.32, +3.834, +0.353,+0.964
1588018980,+3.32, +3.844, +0.351,+0.964
1588019040,+3.32, +3.844, +0.346,+0.964
1588019100,+3.32, +3.823, +0.319,+0.964
1588019160,+3.32, +3.834, +0.291,+0.963
1588019220,+3.32, +3.823, +0.311,+0.964
1588019280,+3.32, +3.844, +0.320,+0.964
1588019340,+3.32, +3.854, +0.303,+0.964
1588019400,+3.32, +3.854, +0.293,+0.963
1588019460,+3.32, +3.813, +0.299,+0.963
1588019520,+3.32, +3.813, +0.316,+0.964
1588019580,+3.32, +3.834, +0.445,+0.966
1588019640,+3.32, +3.854, +0.844,+0.971
1588019700,+3.32, +3.875, +0.974,+0.973
1588019760,+3.32, +3.875, +1.050,+0.974
1588019820,+3.32, +3.886, +0.979,+0.973
1588019880,+3.32, +3.854, +0.922,+0.972
1588019940,+3.32, +3.823, +0.883,+0.972
1588020000,+3.32, +3.834, +0.770,+0.970
1588020060,+3.32, +3.854, +0.708,+0.969
1588020120,+3.32, +3.865, +0.721,+0.970
1588020180,+3.32, +3.854, +0.675,+0.969
1588020240,+3.32, +3.834, +0.605,+0.968
1588020300,+3.32, +3.844, +0.478,+0.966
1588020360,+3.32, +3.865, +0.461,+0.966
1588020420,+3.32, +3.875, +0.482,+0.966
1588020480,+3.32, +3.865, +0.384,+0.965
1588020540,+3.32, +3.865, +0.349,+0.964
1588020600,+3.32, +3.865, +0.335,+0.964
