7392-570653
OS REV: 1.11 Sensor Cal: 1428445788
Time (sec),  BV (Volts),  T (deg C),  DO (mg/l),  Q ()
1579121460,+3.34, +3.162, +0.161,+0.960
1579121520,+3.34, +3.130, +0.163,+0.960
1579121580,+3.34, +3.120, +0.162,+0.960
1579121640,+3.34, +3.130, +0.162,+0.960
1579121700,+3.34, +3.109, +0.162,+0.960
1579121760,+3.34, +3.141, +0.161,+0.960
1579121820,+3.34, +3.130, +0.161,+0.960
1579121880,+3.34, +3.141, +0.162,+0.960
1579121940,+3.34, +3.141, +0.162,+0.960
1579122000,+3.34, +3.130, +0.161,+0.960
1579122060,+3.34, +3.162, +0.161,+0.960
1579122120,+3.34, +3.162, +0.162,+0.960
1579122180,+3.34, +3.141, +0.160,+0.959
1579122240,+3.34, +3.141, +0.162,+0.960
1579122300,+3.34, +3.151, +0.161,+0.960
1579122360,+3.34, +3.141, +0.162,+0.960
1579122420,+3.34, +3.173, +0.161,+0.960
1579122480,+3.34, +3.151, +0.163,+0.960
1579122540,+3.34, +3.141, +0.162,+0.960
1579122600,+3.34, +3.141, +0.163,+0.960
1579122660,+3.34, +3.120, +0.161,+0.960
1579122720,+3.34, +3.151, +0.161,+0.960
1579122780,+3.34, +3.120, +0.162,+0.960
1579122840,+3.34, +3.130, +0.163,+0.960
1579122900,+3.34, +3.183, +0.162,+0.960
1579122960,+3.34, +3.141, +0.163,+0.960
1579123020,+3.34, +3.098, +0.162,+0.960
1579123080,+3.34, +3.162, +0.162,+0.960
1579123140,+3.34, +3.141, +0.161,+0.959
1579123200,+3.34, +3.130, +0.162,+0.960
1579123260,+3.34, +3.141, +0.161,+0.960
1579123320,+3.34, +3.130, +0.162,+0.960
1579123380,+3.34, +3.098, +0.162,+0.960
1579123440,+3.34, +3.141, +0.164,+0.960
1579123500,+3.34, +3.109, +0.160,+0.959
1579123560,+3.34, +3.130, +0.162,+0.960
1579123620,+3.34, +3.141, +0.161,+0.960
1579123680,+3.34, +3.151, +0.162,+0.960
1579123740,+3.34, +3.130, +0.163,+0.960
1579123800,+3.34, +3.141, +0.162,+0.960
1579123860,+3.34, +3.130, +0.162,+0.960
1579123920,+3.34, +3.098, +0.162,+0.960
1579123980,+3.34, +3.109, +0.162,+0.960
1579124040,+3.34, +3.151, +0.161,+0.960
1579124100,+3.34, +3.130, +0.163,+0.960
1579124160,+3.34, +3.141, +0.160,+0.960
1579124220,+3.34, +3.151, +0.160,+0.960
1579124280,+3.34, +3.141, +0.161,+0.960
1579124340,+3.34, +3.120, +0.163,+0.960
1579124400,+3.34, +3.120, +0.162,+0.960
1579124460,+3.34, +3.173, +0.161,+0.960
1579124520,+3.34, +3.151, +0.160,+0.960
1579124580,+3.34, +3.109, +0.162,+0.960
1579124640,+3.34, +3.120, +0.161,+0.960
1579124700,+3.34, +3.098, +0.163,+0.960
1579124760,+3.34, +3.130, +0.162,+0.960
1579124820,+3.34, +3.120, +0.162,+0.960
1579124880,+3.34, +3.141, +0.162,+0.960
1579124940,+3.34, +3.141, +0.162,+0.960
1579125000,+3.34, +3.098, +0.164,+0.960
1579125060,+3.34, +3.120, +0.162,+0.960
1579125120,+3.34, +3.130, +0.160,+0.959
1579125180,+3.34, +3.120, +0.163,+0.960
1579125240,+3.34, +3.098, +0.163,+0.960
1579125300,+3.34, +3.098, +0.163,+0.960
1579125360,+3.34, +3.151, +0.161,+0.960
1579125420,+3.34, +3.120, +0.163,+0.960
1579125480,+3.34, +3.120, +0.163,+0.960
1579125540,+3.34, +3.109, +0.161,+0.960
1579125600,+3.34, +3.130, +0.164,+0.960
1579125660,+3.34, +3.141, +0.161,+0.960
1579125720,+3.34, +3.141, +0.163,+0.960
1579125780,+3.34, +3.109, +0.163,+0.960
1579125840,+3.34, +3.120, +0.162,+0.960
1579125900,+3.34, +3.141, +0.161,+0.960
1579125960,+3.34, +3.098, +0.163,+0.960
1579126020,+3.34, +3.120, +0.160,+0.960
1579126080,+3.34, +3.162, +0.164,+0.960
1579126140,+3.34, +3.141, +0.160,+0.959
1579126200,+3.34, +3.162, +0.162,+0.960
1579126260,+3.34, +3.120, +0.161,+0.960
1579126320,+3.34, +3.120, +0.164,+0.960
1579126380,+3.34, +3.162, +0.161,+0.960
1579126440,+3.34, +3.130, +0.162,+0.959
1579126500,+3.34, +3.098, +0.162,+0.960
1579126560,+3.34, +3.173, +0.162,+0.960
1579126620,+3.34, +3.141, +0.161,+0.960
1579126680,+3.34, +3.109, +0.163,+0.960
1579126740,+3.34, +3.130, +0.162,+0.960
1579126800,+3.34, +3.120, +0.162,+0.960
1579126860,+3.34, +3.130, +0.162,+0.960
1579126920,+3.34, +3.120, +0.162,+0.960
1579126980,+3.34, +3.130, +0.162,+0.960
1579127040,+3.34, +3.141, +0.161,+0.960
1579127100,+3.34, +3.120, +0.163,+0.960
1579127160,+3.34, +3.120, +0.162,+0.959
1579127220,+3.34, +3.130, +0.161,+0.960
1579127280,+3.34, +3.130, +0.162,+0.960
1579127340,+3.34, +3.151, +0.160,+0.960
1579127400,+3.34, +3.130, +0.162,+0.959
1579127460,+3.34, +3.130, +0.160,+0.959
1579127520,+3.34, +3.141, +0.163,+0.960
1579127580,+3.34, +3.151, +0.161,+0.960
1579127640,+3.34, +3.120, +0.162,+0.960
1579127700,+3.34, +3.109, +0.162,+0.960
1579127760,+3.34, +3.109, +0.162,+0.960
1579127820,+3.34, +3.120, +0.162,+0.960
1579127880,+3.34, +3.130, +0.160,+0.960
1579127940,+3.34, +3.173, +0.161,+0.960
1579128000,+3.34, +3.141, +0.162,+0.960
1579128060,+3.34, +3.130, +0.162,+0.960
1579128120,+3.34, +3.120, +0.160,+0.960
1579128180,+3.34, +3.130, +0.161,+0.960
1579128240,+3.34, +3.130, +0.162,+0.960
1579128300,+3.34, +3.120, +0.162,+0.960
1579128360,+3.34, +3.120, +0.162,+0.959
1579128420,+3.34, +3.130, +0.161,+0.960
1579128480,+3.34, +3.120, +0.161,+0.960
1579128540,+3.34, +3.141, +0.162,+0.960
1579128600,+3.34, +3.120, +0.163,+0.960
1579128660,+3.34, +3.120, +0.163,+0.960
1579128720,+3.34, +3.120, +0.162,+0.960
1579128780,+3.34, +3.120, +0.163,+0.960
1579128840,+3.34, +3.130, +0.162,+0.960
1579128900,+3.34, +3.120, +0.163,+0.960
1579128960,+3.34, +3.120, +0.161,+0.959
1579129020,+3.34, +3.151, +0.160,+0.960
1579129080,+3.34, +3.141, +0.162,+0.960
1579129140,+3.34, +3.120, +0.162,+0.960
1579129200,+3.34, +3.109, +0.163,+0.960
1579129260,+3.34, +3.109, +0.162,+0.959
1579129320,+3.34, +3.141, +0.160,+0.960
1579129380,+3.34, +3.151, +0.162,+0.960
1579129440,+3.34, +3.141, +0.161,+0.959
1579129500,+3.34, +3.130, +0.162,+0.960
1579129560,+3.34, +3.141, +0.162,+0.960
1579129620,+3.34, +3.151, +0.161,+0.960
1579129680,+3.34, +3.130, +0.162,+0.960
1579129740,+3.34, +3.151, +0.160,+0.960
1579129800,+3.34, +3.130, +0.161,+0.960
1579129860,+3.34, +3.130, +0.162,+0.960
1579129920,+3.34, +3.141, +0.163,+0.960
1579129980,+3.34, +3.109, +0.162,+0.960
1579130040,+3.34, +3.120, +0.160,+0.960
1579130100,+3.34, +3.130, +0.160,+0.960
1579130160,+3.34, +3.109, +0.162,+0.960
1579130220,+3.34, +3.120, +0.163,+0.960
1579130280,+3.34, +3.109, +0.163,+0.960
1579130340,+3.34, +3.141, +0.163,+0.960
1579130400,+3.34, +3.098, +0.163,+0.960
1579130460,+3.34, +3.130, +0.162,+0.960
1579130520,+3.34, +3.130, +0.161,+0.960
1579130580,+3.34, +3.130, +0.159,+0.959
1579130640,+3.34, +3.098, +0.162,+0.960
1579130700,+3.34, +3.130, +0.161,+0.960
1579130760,+3.34, +3.151, +0.162,+0.960
1579130820,+3.34, +3.120, +0.160,+0.960
1579130880,+3.34, +3.120, +0.161,+0.960
1579130940,+3.34, +3.130, +0.161,+0.960
1579131000,+3.34, +3.130, +0.162,+0.960
1579131060,+3.34, +3.130, +0.162,+0.960
1579131120,+3.34, +3.109, +0.163,+0.960
1579131180,+3.34, +3.141, +0.162,+0.960
1579131240,+3.34, +3.098, +0.163,+0.960
1579131300,+3.34, +3.130, +0.161,+0.960
1579131360,+3.34, +3.130, +0.161,+0.960
1579131420,+3.34, +3.130, +0.162,+0.960
1579131480,+3.34, +3.120, +0.161,+0.960
1579131540,+3.34, +3.141, +0.162,+0.960
1579131600,+3.34, +3.120, +0.161,+0.960
1579131660,+3.34, +3.130, +0.160,+0.960
1579131720,+3.34, +3.141, +0.161,+0.960
1579131780,+3.34, +3.098, +0.162,+0.959
1579131840,+3.34, +3.098, +0.163,+0.960
1579131900,+3.34, +3.120, +0.161,+0.959
1579131960,+3.34, +3.109, +0.162,+0.959
1579132020,+3.34, +3.130, +0.161,+0.960
1579132080,+3.34, +3.141, +0.162,+0.960
1579132140,+3.34, +3.130, +0.163,+0.960
1579132200,+3.34, +3.120, +0.161,+0.960
1579132260,+3.34, +3.109, +0.163,+0.960
1579132320,+3.34, +3.088, +0.163,+0.960
1579132380,+3.34, +3.130, +0.162,+0.960
1579132440,+3.34, +3.120, +0.161,+0.960
1579132500,+3.34, +3.141, +0.160,+0.960
1579132560,+3.34, +3.141, +0.160,+0.959
1579132620,+3.34, +3.120, +0.164,+0.960
1579132680,+3.34, +3.130, +0.161,+0.960
1579132740,+3.34, +3.130, +0.159,+0.959
1579132800,+3.34, +3.120, +0.162,+0.960
1579132860,+3.34, +3.141, +0.161,+0.960
1579132920,+3.34, +3.120, +0.162,+0.960
1579132980,+3.34, +3.151, +0.162,+0.960
1579133040,+3.34, +3.141, +0.163,+0.960
1579133100,+3.34, +3.151, +0.161,+0.960
1579133160,+3.34, +3.109, +0.162,+0.960
1579133220,+3.34, +3.130, +0.161,+0.960
1579133280,+3.34, +3.120, +0.161,+0.960
1579133340,+3.34, +3.120, +0.163,+0.960
1579133400,+3.34, +3.130, +0.160,+0.959
1579133460,+3.34, +3.098, +0.163,+0.960
1579133520,+3.34, +3.130, +0.162,+0.960
1579133580,+3.34, +3.109, +0.161,+0.960
1579133640,+3.34, +3.141, +0.161,+0.960
1579133700,+3.34, +3.120, +0.162,+0.960
1579133760,+3.34, +3.109, +0.161,+0.960
1579133820,+3.34, +3.109, +0.163,+0.960
1579133880,+3.34, +3.098, +0.163,+0.960
1579133940,+3.34, +3.109, +0.163,+0.960
1579134000,+3.34, +3.120, +0.162,+0.960
1579134060,+3.34, +3.130, +0.161,+0.960
1579134120,+3.34, +3.088, +0.163,+0.959
1579134180,+3.34, +3.151, +0.162,+0.960
1579134240,+3.34, +3.120, +0.161,+0.960
1579134300,+3.34, +3.130, +0.163,+0.960
1579134360,+3.34, +3.130, +0.163,+0.960
1579134420,+3.34, +3.130, +0.160,+0.960
1579134480,+3.34, +3.120, +0.163,+0.960
1579134540,+3.34, +3.120, +0.162,+0.960
1579134600,+3.34, +3.109, +0.162,+0.960
1579134660,+3.34, +3.120, +0.162,+0.960
1579134720,+3.34, +3.130, +0.161,+0.960
1579134780,+3.34, +3.098, +0.162,+0.960
1579134840,+3.34, +3.109, +0.160,+0.960
1579134900,+3.34, +3.130, +0.161,+0.960
1579134960,+3.34, +3.098, +0.162,+0.960
1579135020,+3.34, +3.109, +0.162,+0.960
1579135080,+3.34, +3.141, +0.163,+0.960
1579135140,+3.34, +3.088, +0.161,+0.959
1579135200,+3.34, +3.109, +0.161,+0.960
1579135260,+3.34, +3.130, +0.162,+0.960
1579135320,+3.34, +3.130, +0.161,+0.960
1579135380,+3.34, +3.109, +0.161,+0.960
1579135440,+3.34, +3.120, +0.161,+0.960
1579135500,+3.34, +3.130, +0.161,+0.960
1579135560,+3.34, +3.109, +0.163,+0.960
1579135620,+3.34, +3.120, +0.161,+0.960
1579135680,+3.34, +3.088, +0.164,+0.960
1579135740,+3.34, +3.130, +0.161,+0.960
1579135800,+3.34, +3.130, +0.162,+0.960
1579135860,+3.34, +3.141, +0.160,+0.960
1579135920,+3.34, +3.141, +0.160,+0.960
1579135980,+3.34, +3.130, +0.159,+0.959
1579136040,+3.34, +3.098, +0.162,+0.960
1579136100,+3.34, +3.109, +0.161,+0.960
1579136160,+3.34, +3.130, +0.163,+0.960
1579136220,+3.34, +3.130, +0.162,+0.960
1579136280,+3.34, +3.109, +0.162,+0.960
1579136340,+3.34, +3.098, +0.162,+0.960
1579136400,+3.34, +3.120, +0.162,+0.960
1579136460,+3.34, +3.130, +0.160,+0.960
1579136520,+3.34, +3.130, +0.162,+0.960
1579136580,+3.34, +3.162, +0.161,+0.960
1579136640,+3.34, +3.130, +0.160,+0.959
1579136700,+3.34, +3.120, +0.161,+0.960
1579136760,+3.34, +3.120, +0.161,+0.960
1579136820,+3.34, +3.120, +0.162,+0.960
1579136880,+3.34, +3.109, +0.161,+0.960
1579136940,+3.34, +3.120, +0.162,+0.960
1579137000,+3.34, +3.141, +0.161,+0.960
1579137060,+3.34, +3.120, +0.161,+0.960
1579137120,+3.34, +3.077, +0.162,+0.960
1579137180,+3.34, +3.130, +0.163,+0.960
1579137240,+3.34, +3.109, +0.160,+0.959
1579137300,+3.34, +3.141, +0.162,+0.960
1579137360,+3.34, +3.120, +0.161,+0.960
1579137420,+3.34, +3.109, +0.161,+0.960
1579137480,+3.34, +3.120, +0.160,+0.959
1579137540,+3.34, +3.088, +0.160,+0.959
1579137600,+3.34, +3.130, +0.163,+0.960
1579137660,+3.34, +3.130, +0.163,+0.960
1579137720,+3.34, +3.120, +0.162,+0.960
1579137780,+3.34, +3.120, +0.162,+0.960
1579137840,+3.34, +3.109, +0.164,+0.960
1579137900,+3.34, +3.120, +0.162,+0.960
1579137960,+3.34, +3.088, +0.162,+0.960
1579138020,+3.34, +3.141, +0.160,+0.960
1579138080,+3.34, +3.162, +0.160,+0.960
1579138140,+3.34, +3.120, +0.161,+0.960
1579138200,+3.34, +3.130, +0.160,+0.960
1579138260,+3.34, +3.109, +0.162,+0.960
1579138320,+3.34, +3.130, +0.162,+0.960
1579138380,+3.34, +3.109, +0.162,+0.960
1579138440,+3.34, +3.120, +0.163,+0.960
1579138500,+3.34, +3.130, +0.161,+0.960
1579138560,+3.34, +3.130, +0.162,+0.960
1579138620,+3.34, +3.120, +0.162,+0.960
1579138680,+3.34, +3.130, +0.161,+0.960
1579138740,+3.34, +3.141, +0.161,+0.960
1579138800,+3.34, +3.120, +0.163,+0.960
1579138860,+3.34, +3.130, +0.162,+0.960
1579138920,+3.34, +3.141, +0.163,+0.960
1579138980,+3.34, +3.120, +0.161,+0.960
1579139040,+3.34, +3.098, +0.163,+0.960
1579139100,+3.34, +3.109, +0.162,+0.960
1579139160,+3.34, +3.109, +0.162,+0.960
1579139220,+3.34, +3.120, +0.162,+0.960
1579139280,+3.34, +3.141, +0.163,+0.960
1579139340,+3.34, +3.098, +0.162,+0.960
1579139400,+3.34, +3.098, +0.162,+0.960
1579139460,+3.34, +3.098, +0.162,+0.960
1579139520,+3.34, +3.120, +0.162,+0.960
1579139580,+3.34, +3.120, +0.161,+0.960
1579139640,+3.34, +3.141, +0.161,+0.960
1579139700,+3.34, +3.120, +0.161,+0.960
1579139760,+3.34, +3.130, +0.162,+0.960
1579139820,+3.34, +3.120, +0.159,+0.960
1579139880,+3.34, +3.120, +0.162,+0.959
1579139940,+3.34, +3.130, +0.161,+0.960
1579140000,+3.34, +3.109, +0.164,+0.960
1579140060,+3.34, +3.120, +0.161,+0.960
1579140120,+3.34, +3.120, +0.162,+0.960
1579140180,+3.34, +3.151, +0.160,+0.960
1579140240,+3.34, +3.120, +0.163,+0.960
1579140300,+3.34, +3.130, +0.162,+0.960
1579140360,+3.34, +3.130, +0.162,+0.960
1579140420,+3.34, +3.141, +0.161,+0.960
1579140480,+3.34, +3.141, +0.162,+0.960
1579140540,+3.34, +3.120, +0.161,+0.960
1579140600,+3.34, +3.130, +0.161,+0.960
1579140660,+3.34, +3.120, +0.162,+0.960
1579140720,+3.34, +3.109, +0.163,+0.960
1579140780,+3.34, +3.130, +0.162,+0.960
1579140840,+3.34, +3.130, +0.164,+0.960
1579140900,+3.34, +3.130, +0.162,+0.960
1579140960,+3.34, +3.120, +0.162,+0.960
1579141020,+3.34, +3.141, +0.162,+0.960
1579141080,+3.34, +3.120, +0.163,+0.960
1579141140,+3.34, +3.120, +0.162,+0.960
1579141200,+3.34, +3.077, +0.162,+0.959
1579141260,+3.34, +3.130, +0.161,+0.959
1579141320,+3.34, +3.109, +0.162,+0.960
1579141380,+3.34, +3.130, +0.161,+0.960
1579141440,+3.34, +3.130, +0.163,+0.960
1579141500,+3.34, +3.120, +0.161,+0.960
1579141560,+3.34, +3.130, +0.161,+0.960
1579141620,+3.34, +3.130, +0.163,+0.960
1579141680,+3.34, +3.130, +0.160,+0.959
1579141740,+3.34, +3.077, +0.161,+0.959
1579141800,+3.34, +3.120, +0.162,+0.960
1579141860,+3.34, +3.120, +0.161,+0.960
1579141920,+3.34, +3.120, +0.163,+0.960
1579141980,+3.34, +3.120, +0.161,+0.960
1579142040,+3.34, +3.120, +0.163,+0.960
1579142100,+3.34, +3.130, +0.162,+0.960
1579142160,+3.34, +3.109, +0.162,+0.960
1579142220,+3.34, +3.130, +0.161,+0.960
1579142280,+3.34, +3.109, +0.162,+0.960
1579142340,+3.34, +3.120, +0.161,+0.960
1579142400,+3.34, +3.151, +0.161,+0.960
1579142460,+3.34, +3.109, +0.162,+0.959
1579142520,+3.34, +3.109, +0.162,+0.960
1579142580,+3.34, +3.120, +0.161,+0.960
1579142640,+3.34, +3.130, +0.162,+0.960
1579142700,+3.34, +3.141, +0.163,+0.960
1579142760,+3.34, +3.141, +0.162,+0.960
1579142820,+3.34, +3.130, +0.161,+0.960
1579142880,+3.34, +3.130, +0.163,+0.960
1579142940,+3.34, +3.098, +0.163,+0.960
1579143000,+3.34, +3.109, +0.163,+0.960
1579143060,+3.34, +3.120, +0.161,+0.960
1579143120,+3.34, +3.120, +0.162,+0.960
1579143180,+3.34, +3.120, +0.162,+0.960
1579143240,+3.34, +3.109, +0.161,+0.959
1579143300,+3.34, +3.130, +0.162,+0.960
1579143360,+3.34, +3.141, +0.162,+0.960
1579143420,+3.34, +3.109, +0.163,+0.960
1579143480,+3.34, +3.109, +0.163,+0.960
1579143540,+3.34, +3.120, +0.161,+0.959
1579143600,+3.34, +3.120, +0.162,+0.960
1579143660,+3.34, +3.141, +0.162,+0.960
1579143720,+3.34, +3.130, +0.161,+0.960
1579143780,+3.34, +3.130, +0.162,+0.960
1579143840,+3.34, +3.141, +0.162,+0.960
1579143900,+3.34, +3.130, +0.161,+0.960
1579143960,+3.34, +3.151, +0.162,+0.960
1579144020,+3.34, +3.120, +0.162,+0.960
1579144080,+3.34, +3.130, +0.161,+0.960
1579144140,+3.34, +3.120, +0.161,+0.960
1579144200,+3.34, +3.109, +0.163,+0.960
1579144260,+3.34, +3.130, +0.161,+0.960
1579144320,+3.34, +3.109, +0.162,+0.960
1579144380,+3.34, +3.109, +0.162,+0.960
1579144440,+3.34, +3.130, +0.162,+0.960
1579144500,+3.34, +3.109, +0.161,+0.959
1579144560,+3.34, +3.141, +0.163,+0.960
1579144620,+3.34, +3.120, +0.162,+0.959
1579144680,+3.34, +3.130, +0.162,+0.960
1579144740,+3.34, +3.130, +0.162,+0.960
1579144800,+3.34, +3.130, +0.162,+0.960
1579144860,+3.34, +3.141, +0.162,+0.960
1579144920,+3.34, +3.120, +0.161,+0.960
1579144980,+3.34, +3.130, +0.164,+0.960
1579145040,+3.34, +3.151, +0.161,+0.960
1579145100,+3.34, +3.120, +0.162,+0.960
1579145160,+3.34, +3.141, +0.161,+0.960
1579145220,+3.34, +3.141, +0.160,+0.960
1579145280,+3.34, +3.130, +0.162,+0.960
1579145340,+3.34, +3.141, +0.161,+0.960
1579145400,+3.34, +3.120, +0.163,+0.960
1579145460,+3.34, +3.098, +0.162,+0.960
1579145520,+3.34, +3.130, +0.160,+0.960
1579145580,+3.34, +3.130, +0.162,+0.960
1579145640,+3.34, +3.098, +0.161,+0.959
1579145700,+3.34, +3.141, +0.161,+0.960
1579145760,+3.34, +3.120, +0.161,+0.959
1579145820,+3.34, +3.130, +0.161,+0.960
1579145880,+3.34, +3.120, +0.163,+0.960
1579145940,+3.34, +3.120, +0.161,+0.960
1579146000,+3.34, +3.098, +0.163,+0.960
1579146060,+3.34, +3.151, +0.162,+0.960
1579146120,+3.34, +3.120, +0.163,+0.960
1579146180,+3.34, +3.109, +0.163,+0.960
1579146240,+3.34, +3.109, +0.163,+0.960
1579146300,+3.34, +3.109, +0.162,+0.960
1579146360,+3.34, +3.141, +0.161,+0.960
1579146420,+3.34, +3.130, +0.162,+0.960
1579146480,+3.34, +3.130, +0.161,+0.960
1579146540,+3.34, +3.109, +0.164,+0.960
1579146600,+3.34, +3.120, +0.163,+0.960
1579146660,+3.34, +3.151, +0.160,+0.960
1579146720,+3.34, +3.109, +0.163,+0.960
1579146780,+3.34, +3.120, +0.162,+0.960
1579146840,+3.34, +3.109, +0.162,+0.959
1579146900,+3.34, +3.162, +0.160,+0.960
1579146960,+3.34, +3.098, +0.161,+0.960
1579147020,+3.34, +3.141, +0.162,+0.960
1579147080,+3.34, +3.088, +0.161,+0.960
1579147140,+3.34, +3.120, +0.162,+0.960
1579147200,+3.34, +3.130, +0.162,+0.960
1579147260,+3.34, +3.151, +0.161,+0.960
1579147320,+3.34, +3.109, +0.162,+0.960
1579147380,+3.34, +3.120, +0.162,+0.960
1579147440,+3.34, +3.130, +0.162,+0.960
1579147500,+3.34, +3.088, +0.163,+0.960
1579147560,+3.34, +3.130, +0.163,+0.960
1579147620,+3.34, +3.120, +0.163,+0.960
1579147680,+3.34, +3.120, +0.162,+0.960
1579147740,+3.34, +3.130, +0.161,+0.960
1579147800,+3.34, +3.141, +0.163,+0.960
1579147860,+3.34, +3.120, +0.161,+0.960
1579147920,+3.34, +3.130, +0.162,+0.960
1579147980,+3.33, +3.098, +0.161,+0.960
1579148040,+3.34, +3.130, +0.160,+0.960
1579148100,+3.34, +3.098, +0.162,+0.960
1579148160,+3.34, +3.120, +0.161,+0.960
1579148220,+3.34, +3.098, +0.162,+0.959
1579148280,+3.34, +3.098, +0.162,+0.960
1579148340,+3.34, +3.130, +0.160,+0.960
1579148400,+3.34, +3.141, +0.163,+0.960
1579148460,+3.34, +3.130, +0.164,+0.960
1579148520,+3.34, +3.120, +0.161,+0.960
1579148580,+3.34, +3.120, +0.163,+0.960
1579148640,+3.34, +3.120, +0.162,+0.959
1579148700,+3.34, +3.109, +0.161,+0.960
1579148760,+3.34, +3.130, +0.161,+0.960
1579148820,+3.34, +3.098, +0.163,+0.960
1579148880,+3.34, +3.120, +0.162,+0.960
1579148940,+3.34, +3.141, +0.164,+0.960
1579149000,+3.34, +3.109, +0.162,+0.960
1579149060,+3.34, +3.120, +0.161,+0.960
1579149120,+3.34, +3.120, +0.162,+0.959
1579149180,+3.34, +3.130, +0.162,+0.960
1579149240,+3.34, +3.130, +0.162,+0.960
1579149300,+3.34, +3.162, +0.162,+0.960
1579149360,+3.34, +3.141, +0.161,+0.960
1579149420,+3.34, +3.088, +0.161,+0.960
1579149480,+3.34, +3.130, +0.161,+0.960
1579149540,+3.34, +3.098, +0.163,+0.960
1579149600,+3.34, +3.120, +0.163,+0.960
1579149660,+3.34, +3.120, +0.160,+0.959
1579149720,+3.34, +3.098, +0.161,+0.959
1579149780,+3.34, +3.130, +0.161,+0.960
1579149840,+3.34, +3.120, +0.163,+0.960
1579149900,+3.34, +3.120, +0.163,+0.960
1579149960,+3.34, +3.130, +0.163,+0.960
1579150020,+3.34, +3.120, +0.162,+0.960
1579150080,+3.34, +3.141, +0.163,+0.960
1579150140,+3.34, +3.067, +0.162,+0.959
1579150200,+3.34, +3.120, +0.163,+0.960
1579150260,+3.34, +3.098, +0.162,+0.960
1579150320,+3.34, +3.120, +0.161,+0.959
1579150380,+3.34, +3.109, +0.163,+0.960
1579150440,+3.34, +3.120, +0.163,+0.960
1579150500,+3.34, +3.130, +0.161,+0.960
1579150560,+3.34, +3.130, +0.161,+0.960
1579150620,+3.34, +3.067, +0.164,+0.960
1579150680,+3.34, +3.098, +0.164,+0.960
1579150740,+3.34, +3.130, +0.164,+0.960
1579150800,+3.34, +3.120, +0.161,+0.959
1579150860,+3.34, +3.130, +0.163,+0.960
1579150920,+3.34, +3.130, +0.160,+0.960
1579150980,+3.34, +3.109, +0.163,+0.960
1579151040,+3.34, +3.098, +0.160,+0.959
1579151100,+3.34, +3.120, +0.162,+0.960
1579151160,+3.34, +3.109, +0.161,+0.959
1579151220,+3.34, +3.109, +0.162,+0.960
1579151280,+3.34, +3.098, +0.163,+0.960
1579151340,+3.34, +3.109, +0.162,+0.960
1579151400,+3.34, +3.141, +0.162,+0.960
1579151460,+3.34, +3.130, +0.162,+0.960
1579151520,+3.34, +3.130, +0.163,+0.960
1579151580,+3.34, +3.130, +0.163,+0.960
1579151640,+3.34, +3.109, +0.162,+0.960
1579151700,+3.34, +3.130, +0.161,+0.960
1579151760,+3.34, +3.130, +0.161,+0.960
1579151820,+3.34, +3.120, +0.162,+0.960
1579151880,+3.34, +3.109, +0.163,+0.960
1579151940,+3.34, +3.098, +0.162,+0.960
1579152000,+3.34, +3.120, +0.162,+0.960
1579152060,+3.34, +3.130, +0.162,+0.960
1579152120,+3.34, +3.130, +0.161,+0.960
1579152180,+3.34, +3.109, +0.162,+0.960
1579152240,+3.34, +3.109, +0.160,+0.960
1579152300,+3.34, +3.120, +0.161,+0.960
1579152360,+3.34, +3.109, +0.163,+0.960
1579152420,+3.34, +3.109, +0.162,+0.960
1579152480,+3.34, +3.120, +0.162,+0.960
1579152540,+3.34, +3.120, +0.163,+0.960
1579152600,+3.34, +3.098, +0.162,+0.960
1579152660,+3.34, +3.130, +0.161,+0.960
1579152720,+3.34, +3.120, +0.163,+0.960
1579152780,+3.34, +3.109, +0.163,+0.960
1579152840,+3.34, +3.109, +0.162,+0.960
1579152900,+3.34, +3.109, +0.162,+0.960
1579152960,+3.34, +3.098, +0.163,+0.960
1579153020,+3.34, +3.130, +0.160,+0.960
1579153080,+3.34, +3.077, +0.162,+0.960
1579153140,+3.34, +3.130, +0.161,+0.960
1579153200,+3.34, +3.120, +0.161,+0.960
1579153260,+3.34, +3.130, +0.161,+0.960
1579153320,+3.34, +3.098, +0.162,+0.960
1579153380,+3.34, +3.120, +0.162,+0.960
1579153440,+3.34, +3.130, +0.161,+0.960
1579153500,+3.34, +3.130, +0.161,+0.960
1579153560,+3.34, +3.130, +0.161,+0.960
1579153620,+3.34, +3.130, +0.161,+0.960
1579153680,+3.34, +3.109, +0.162,+0.960
1579153740,+3.34, +3.109, +0.162,+0.960
1579153800,+3.34, +3.098, +0.161,+0.960
1579153860,+3.34, +3.098, +0.164,+0.960
1579153920,+3.34, +3.120, +0.161,+0.960
1579153980,+3.34, +3.088, +0.164,+0.960
1579154040,+3.34, +3.109, +0.162,+0.960
1579154100,+3.34, +3.098, +0.162,+0.960
1579154160,+3.34, +3.120, +0.162,+0.960
1579154220,+3.34, +3.109, +0.162,+0.960
1579154280,+3.34, +3.109, +0.161,+0.960
1579154340,+3.34, +3.088, +0.162,+0.960
1579154400,+3.34, +3.109, +0.162,+0.960
1579154460,+3.34, +3.120, +0.161,+0.960
1579154520,+3.34, +3.130, +0.161,+0.960
1579154580,+3.34, +3.098, +0.163,+0.959
1579154640,+3.34, +3.098, +0.163,+0.960
1579154700,+3.34, +3.141, +0.162,+0.960
1579154760,+3.34, +3.109, +0.162,+0.960
1579154820,+3.34, +3.120, +0.163,+0.960
1579154880,+3.34, +3.098, +0.161,+0.960
1579154940,+3.34, +3.098, +0.162,+0.960
1579155000,+3.34, +3.120, +0.162,+0.960
1579155060,+3.34, +3.130, +0.161,+0.960
1579155120,+3.34, +3.141, +0.161,+0.960
1579155180,+3.34, +3.130, +0.162,+0.960
1579155240,+3.34, +3.130, +0.161,+0.960
1579155300,+3.34, +3.120, +0.161,+0.960
1579155360,+3.34, +3.109, +0.162,+0.960
1579155420,+3.34, +3.088, +0.164,+0.960
1579155480,+3.34, +3.141, +0.160,+0.960
1579155540,+3.34, +3.141, +0.162,+0.960
1579155600,+3.34, +3.130, +0.160,+0.960
1579155660,+3.35, +3.130, +0.161,+0.960
1579155720,+3.34, +3.077, +0.162,+0.960
1579155780,+3.34, +3.120, +0.162,+0.960
1579155840,+3.34, +3.109, +0.163,+0.960
1579155900,+3.35, +3.120, +0.162,+0.960
1579155960,+3.34, +3.130, +0.162,+0.960
1579156020,+3.34, +3.120, +0.161,+0.960
1579156080,+3.34, +3.130, +0.163,+0.960
1579156140,+3.34, +3.120, +0.163,+0.960
1579156200,+3.34, +3.120, +0.160,+0.960
1579156260,+3.34, +3.109, +0.163,+0.960
1579156320,+3.34, +3.141, +0.161,+0.960
1579156380,+3.34, +3.120, +0.161,+0.960
1579156440,+3.35, +3.130, +0.160,+0.960
1579156500,+3.34, +3.120, +0.162,+0.960
1579156560,+3.35, +3.109, +0.162,+0.960
1579156620,+3.35, +3.109, +0.161,+0.960
1579156680,+3.34, +3.141, +0.161,+0.960
1579156740,+3.34, +3.120, +0.161,+0.960
1579156800,+3.34, +3.130, +0.162,+0.960
1579156860,+3.34, +3.151, +0.163,+0.960
1579156920,+3.34, +3.098, +0.164,+0.960
1579156980,+3.35, +3.120, +0.163,+0.960
1579157040,+3.34, +3.088, +0.163,+0.960
1579157100,+3.34, +3.130, +0.162,+0.960
1579157160,+3.34, +3.120, +0.163,+0.960
1579157220,+3.34, +3.120, +0.163,+0.960
1579157280,+3.34, +3.120, +0.163,+0.960
1579157340,+3.34, +3.130, +0.161,+0.960
1579157400,+3.34, +3.141, +0.162,+0.960
1579157460,+3.35, +3.098, +0.164,+0.960
1579157520,+3.34, +3.109, +0.162,+0.960
1579157580,+3.35, +3.120, +0.160,+0.960
1579157640,+3.34, +3.109, +0.161,+0.960
1579157700,+3.34, +3.109, +0.162,+0.960
1579157760,+3.34, +3.120, +0.164,+0.960
1579157820,+3.34, +3.130, +0.163,+0.960
1579157880,+3.34, +3.098, +0.163,+0.960
1579157940,+3.34, +3.098, +0.160,+0.960
1579158000,+3.34, +3.141, +0.162,+0.960
1579158060,+3.35, +3.120, +0.162,+0.960
1579158120,+3.35, +3.130, +0.162,+0.960
1579158180,+3.34, +3.109, +0.161,+0.960
1579158240,+3.34, +3.098, +0.162,+0.960
1579158300,+3.35, +3.120, +0.163,+0.960
1579158360,+3.34, +3.109, +0.161,+0.960
1579158420,+3.35, +3.109, +0.163,+0.960
1579158480,+3.34, +3.141, +0.162,+0.960
1579158540,+3.35, +3.141, +0.160,+0.959
1579158600,+3.35, +3.141, +0.163,+0.960
1579158660,+3.34, +3.120, +0.161,+0.960
1579158720,+3.35, +3.120, +0.162,+0.960
1579158780,+3.35, +3.098, +0.162,+0.960
1579158840,+3.34, +3.098, +0.160,+0.960
1579158900,+3.34, +3.141, +0.161,+0.960
1579158960,+3.34, +3.120, +0.162,+0.960
1579159020,+3.34, +3.120, +0.160,+0.960
1579159080,+3.34, +3.120, +0.160,+0.960
1579159140,+3.35, +3.109, +0.162,+0.960
1579159200,+3.35, +3.120, +0.162,+0.960
1579159260,+3.34, +3.141, +0.161,+0.960
1579159320,+3.35, +3.141, +0.163,+0.960
1579159380,+3.35, +3.088, +0.163,+0.960
1579159440,+3.35, +3.130, +0.161,+0.960
1579159500,+3.35, +3.151, +0.164,+0.960
1579159560,+3.35, +3.098, +0.162,+0.960
1579159620,+3.35, +3.141, +0.162,+0.960
1579159680,+3.35, +3.130, +0.160,+0.960
1579159740,+3.35, +3.130, +0.162,+0.960
1579159800,+3.34, +3.120, +0.161,+0.960
1579159860,+3.35, +3.109, +0.162,+0.960
1579159920,+3.35, +3.130, +0.162,+0.960
1579159980,+3.35, +3.120, +0.161,+0.960
1579160040,+3.35, +3.130, +0.160,+0.960
1579160100,+3.35, +3.120, +0.162,+0.960
1579160160,+3.35, +3.151, +0.161,+0.960
1579160220,+3.35, +3.120, +0.162,+0.960
1579160280,+3.35, +3.120, +0.162,+0.960
1579160340,+3.35, +3.109, +0.162,+0.960
1579160400,+3.35, +3.098, +0.160,+0.959
1579160460,+3.35, +3.130, +0.162,+0.960
1579160520,+3.35, +3.109, +0.164,+0.960
1579160580,+3.35, +3.098, +0.163,+0.960
1579160640,+3.35, +3.141, +0.163,+0.960
1579160700,+3.34, +3.141, +0.163,+0.960
1579160760,+3.35, +3.120, +0.162,+0.960
1579160820,+3.34, +3.088, +0.163,+0.960
1579160880,+3.35, +3.120, +0.160,+0.959
1579160940,+3.35, +3.130, +0.162,+0.960
1579161000,+3.35, +3.077, +0.162,+0.960
1579161060,+3.35, +3.141, +0.161,+0.960
1579161120,+3.35, +3.109, +0.163,+0.960
1579161180,+3.35, +3.130, +0.161,+0.960
1579161240,+3.35, +3.120, +0.163,+0.960
1579161300,+3.35, +3.130, +0.162,+0.960
1579161360,+3.35, +3.120, +0.161,+0.960
1579161420,+3.34, +3.141, +0.162,+0.960
1579161480,+3.35, +3.120, +0.162,+0.960
1579161540,+3.35, +3.109, +0.164,+0.960
1579161600,+3.35, +3.109, +0.161,+0.960
1579161660,+3.35, +3.109, +0.161,+0.960
1579161720,+3.35, +3.120, +0.163,+0.960
1579161780,+3.35, +3.120, +0.162,+0.960
1579161840,+3.35, +3.120, +0.163,+0.960
1579161900,+3.35, +3.141, +0.162,+0.960
1579161960,+3.35, +3.109, +0.162,+0.960
1579162020,+3.35, +3.109, +0.161,+0.960
1579162080,+3.35, +3.120, +0.160,+0.959
1579162140,+3.35, +3.109, +0.162,+0.960
1579162200,+3.35, +3.098, +0.160,+0.959
1579162260,+3.35, +3.109, +0.162,+0.960
1579162320,+3.35, +3.120, +0.161,+0.960
1579162380,+3.35, +3.098, +0.164,+0.960
1579162440,+3.35, +3.109, +0.163,+0.960
1579162500,+3.35, +3.077, +0.162,+0.959
1579162560,+3.35, +3.120, +0.161,+0.960
1579162620,+3.35, +3.109, +0.162,+0.960
1579162680,+3.35, +3.120, +0.162,+0.960
1579162740,+3.35, +3.109, +0.162,+0.960
1579162800,+3.35, +3.109, +0.160,+0.959
1579162860,+3.35, +3.130, +0.161,+0.960
1579162920,+3.35, +3.130, +0.161,+0.960
1579162980,+3.35, +3.109, +0.163,+0.960
1579163040,+3.35, +3.109, +0.162,+0.960
1579163100,+3.35, +3.056, +0.163,+0.960
1579163160,+3.35, +3.130, +0.162,+0.960
1579163220,+3.35, +3.109, +0.161,+0.960
1579163280,+3.35, +3.120, +0.162,+0.960
1579163340,+3.35, +3.109, +0.162,+0.960
1579163400,+3.35, +3.109, +0.162,+0.960
1579163460,+3.35, +3.120, +0.161,+0.960
1579163520,+3.34, +3.130, +0.161,+0.960
1579163580,+3.35, +3.109, +0.162,+0.960
1579163640,+3.35, +3.120, +0.161,+0.960
1579163700,+3.35, +3.098, +0.163,+0.960
1579163760,+3.35, +3.109, +0.162,+0.960
1579163820,+3.35, +3.130, +0.162,+0.960
1579163880,+3.35, +3.109, +0.161,+0.960
1579163940,+3.35, +3.120, +0.163,+0.960
1579164000,+3.35, +3.109, +0.162,+0.960
1579164060,+3.35, +3.088, +0.164,+0.960
1579164120,+3.35, +3.120, +0.163,+0.960
1579164180,+3.35, +3.098, +0.161,+0.960
1579164240,+3.35, +3.130, +0.162,+0.960
1579164300,+3.35, +3.109, +0.161,+0.960
1579164360,+3.35, +3.109, +0.160,+0.960
1579164420,+3.35, +3.120, +0.163,+0.960
1579164480,+3.35, +3.098, +0.162,+0.960
1579164540,+3.34, +3.109, +0.163,+0.960
1579164600,+3.35, +3.109, +0.162,+0.960
1579164660,+3.35, +3.109, +0.162,+0.960
1579164720,+3.35, +3.120, +0.162,+0.960
1579164780,+3.35, +3.130, +0.161,+0.960
1579164840,+3.35, +3.098, +0.163,+0.960
1579164900,+3.35, +3.151, +0.161,+0.960
1579164960,+3.35, +3.130, +0.162,+0.960
1579165020,+3.35, +3.130, +0.162,+0.960
1579165080,+3.35, +3.120, +0.162,+0.960
1579165140,+3.35, +3.151, +0.160,+0.960
1579165200,+3.34, +3.109, +0.162,+0.960
1579165260,+3.35, +3.109, +0.162,+0.960
1579165320,+3.35, +3.120, +0.161,+0.960
1579165380,+3.35, +3.141, +0.161,+0.960
1579165440,+3.35, +3.130, +0.161,+0.960
1579165500,+3.35, +3.130, +0.162,+0.960
1579165560,+3.35, +3.151, +0.159,+0.959
1579165620,+3.35, +3.130, +0.163,+0.960
1579165680,+3.35, +3.088, +0.163,+0.960
1579165740,+3.35, +3.120, +0.162,+0.960
1579165800,+3.35, +3.151, +0.162,+0.960
1579165860,+3.35, +3.109, +0.161,+0.959
1579165920,+3.35, +3.109, +0.163,+0.960
1579165980,+3.35, +3.109, +0.162,+0.960
1579166040,+3.35, +3.130, +0.162,+0.960
1579166100,+3.35, +3.098, +0.162,+0.960
1579166160,+3.35, +3.130, +0.160,+0.960
1579166220,+3.35, +3.077, +0.162,+0.960
1579166280,+3.35, +3.109, +0.162,+0.960
1579166340,+3.35, +3.109, +0.162,+0.960
1579166400,+3.35, +3.109, +0.162,+0.960
1579166460,+3.35, +3.120, +0.163,+0.960
1579166520,+3.35, +3.109, +0.161,+0.959
1579166580,+3.35, +3.120, +0.163,+0.960
1579166640,+3.35, +3.109, +0.163,+0.960
1579166700,+3.35, +3.088, +0.163,+0.960
1579166760,+3.35, +3.120, +0.160,+0.960
1579166820,+3.35, +3.098, +0.161,+0.959
1579166880,+3.34, +3.130, +0.161,+0.960
1579166940,+3.35, +3.130, +0.161,+0.960
1579167000,+3.35, +3.109, +0.162,+0.960
1579167060,+3.35, +3.120, +0.160,+0.960
1579167120,+3.35, +3.130, +0.161,+0.960
1579167180,+3.35, +3.098, +0.163,+0.960
1579167240,+3.35, +3.109, +0.162,+0.960
1579167300,+3.34, +3.130, +0.161,+0.960
1579167360,+3.35, +3.109, +0.162,+0.960
1579167420,+3.35, +3.109, +0.161,+0.960
1579167480,+3.35, +3.120, +0.163,+0.960
1579167540,+3.35, +3.120, +0.159,+0.959
1579167600,+3.35, +3.120, +0.161,+0.960
1579167660,+3.35, +3.130, +0.161,+0.960
1579167720,+3.35, +3.109, +0.162,+0.960
1579167780,+3.35, +3.120, +0.162,+0.960
1579167840,+3.35, +3.088, +0.162,+0.960
1579167900,+3.35, +3.077, +0.162,+0.960
1579167960,+3.35, +3.098, +0.163,+0.960
1579168020,+3.35, +3.109, +0.162,+0.960
1579168080,+3.35, +3.120, +0.162,+0.960
1579168140,+3.35, +3.120, +0.160,+0.960
1579168200,+3.35, +3.130, +0.163,+0.960
1579168260,+3.35, +3.130, +0.163,+0.960
1579168320,+3.35, +3.098, +0.162,+0.960
1579168380,+3.35, +3.088, +0.163,+0.960
1579168440,+3.35, +3.162, +0.160,+0.960
1579168500,+3.35, +3.130, +0.162,+0.960
1579168560,+3.35, +3.098, +0.162,+0.960
1579168620,+3.35, +3.120, +0.162,+0.960
1579168680,+3.35, +3.120, +0.161,+0.960
1579168740,+3.35, +3.130, +0.160,+0.960
1579168800,+3.35, +3.130, +0.159,+0.960
1579168860,+3.35, +3.120, +0.162,+0.960
1579168920,+3.35, +3.109, +0.161,+0.960
1579168980,+3.35, +3.109, +0.162,+0.960
1579169040,+3.35, +3.130, +0.161,+0.960
1579169100,+3.35, +3.141, +0.160,+0.960
1579169160,+3.35, +3.098, +0.162,+0.960
1579169220,+3.35, +3.120, +0.162,+0.960
1579169280,+3.35, +3.109, +0.162,+0.960
1579169340,+3.35, +3.109, +0.161,+0.960
1579169400,+3.35, +3.109, +0.162,+0.960
1579169460,+3.35, +3.130, +0.162,+0.960
1579169520,+3.35, +3.130, +0.163,+0.960
1579169580,+3.35, +3.151, +0.160,+0.960
1579169640,+3.35, +3.130, +0.162,+0.960
1579169700,+3.35, +3.098, +0.163,+0.960
1579169760,+3.35, +3.109, +0.162,+0.960
1579169820,+3.35, +3.120, +0.161,+0.960
1579169880,+3.35, +3.130, +0.162,+0.960
1579169940,+3.35, +3.120, +0.162,+0.960
1579170000,+3.35, +3.130, +0.162,+0.960
1579170060,+3.35, +3.141, +0.162,+0.960
1579170120,+3.35, +3.130, +0.160,+0.960
1579170180,+3.35, +3.109, +0.163,+0.960
1579170240,+3.35, +3.120, +0.160,+0.960
1579170300,+3.35, +3.130, +0.163,+0.960
1579170360,+3.35, +3.098, +0.161,+0.960
1579170420,+3.35, +3.098, +0.164,+0.960
1579170480,+3.35, +3.109, +0.162,+0.959
1579170540,+3.35, +3.120, +0.162,+0.960
1579170600,+3.35, +3.130, +0.163,+0.960
1579170660,+3.35, +3.098, +0.163,+0.960
1579170720,+3.35, +3.130, +0.163,+0.960
1579170780,+3.35, +3.141, +0.161,+0.960
1579170840,+3.35, +3.109, +0.161,+0.960
1579170900,+3.35, +3.120, +0.162,+0.960
1579170960,+3.35, +3.109, +0.162,+0.960
1579171020,+3.35, +3.120, +0.162,+0.960
1579171080,+3.35, +3.120, +0.162,+0.960
1579171140,+3.35, +3.098, +0.163,+0.960
1579171200,+3.35, +3.120, +0.163,+0.960
1579171260,+3.35, +3.141, +0.162,+0.960
1579171320,+3.35, +3.141, +0.161,+0.960
1579171380,+3.34, +3.088, +0.164,+0.960
1579171440,+3.35, +3.120, +0.162,+0.959
1579171500,+3.35, +3.120, +0.161,+0.960
1579171560,+3.35, +3.109, +0.161,+0.960
1579171620,+3.35, +3.130, +0.162,+0.960
1579171680,+3.35, +3.098, +0.162,+0.960
1579171740,+3.35, +3.109, +0.161,+0.959
1579171800,+3.35, +3.077, +0.163,+0.960
1579171860,+3.35, +3.130, +0.161,+0.960
1579171920,+3.35, +3.120, +0.161,+0.960
1579171980,+3.35, +3.109, +0.162,+0.960
1579172040,+3.35, +3.130, +0.163,+0.960
1579172100,+3.35, +3.109, +0.162,+0.960
1579172160,+3.35, +3.109, +0.161,+0.960
1579172220,+3.35, +3.109, +0.162,+0.960
1579172280,+3.35, +3.088, +0.163,+0.960
1579172340,+3.35, +3.098, +0.162,+0.960
1579172400,+3.35, +3.088, +0.162,+0.960
1579172460,+3.35, +3.109, +0.161,+0.960
1579172520,+3.35, +3.098, +0.164,+0.960
1579172580,+3.35, +3.120, +0.161,+0.960
1579172640,+3.35, +3.120, +0.162,+0.960
1579172700,+3.35, +3.130, +0.160,+0.959
1579172760,+3.35, +3.109, +0.162,+0.960
1579172820,+3.35, +3.109, +0.161,+0.960
1579172880,+3.35, +3.120, +0.161,+0.960
1579172940,+3.35, +3.109, +0.162,+0.960
1579173000,+3.35, +3.130, +0.163,+0.960
1579173060,+3.35, +3.141, +0.161,+0.960
1579173120,+3.35, +3.120, +0.160,+0.959
1579173180,+3.35, +3.130, +0.164,+0.960
1579173240,+3.35, +3.151, +0.162,+0.960
1579173300,+3.35, +3.120, +0.162,+0.960
1579173360,+3.35, +3.130, +0.163,+0.960
1579173420,+3.35, +3.098, +0.161,+0.959
1579173480,+3.35, +3.130, +0.161,+0.960
1579173540,+3.35, +3.098, +0.163,+0.960
1579173600,+3.35, +3.141, +0.162,+0.960
1579173660,+3.35, +3.120, +0.162,+0.960
1579173720,+3.35, +3.141, +0.162,+0.960
1579173780,+3.35, +3.120, +0.161,+0.960
1579173840,+3.35, +3.120, +0.160,+0.960
1579173900,+3.35, +3.109, +0.161,+0.959
1579173960,+3.35, +3.109, +0.163,+0.960
1579174020,+3.35, +3.120, +0.162,+0.960
1579174080,+3.35, +3.109, +0.162,+0.960
1579174140,+3.35, +3.120, +0.162,+0.960
1579174200,+3.35, +3.120, +0.161,+0.960
1579174260,+3.35, +3.130, +0.162,+0.960
1579174320,+3.35, +3.120, +0.161,+0.960
1579174380,+3.35, +3.109, +0.162,+0.960
1579174440,+3.35, +3.120, +0.163,+0.960
1579174500,+3.35, +3.109, +0.160,+0.960
1579174560,+3.35, +3.109, +0.161,+0.960
1579174620,+3.35, +3.109, +0.162,+0.960
1579174680,+3.35, +3.120, +0.161,+0.960
1579174740,+3.35, +3.120, +0.161,+0.960
1579174800,+3.35, +3.120, +0.162,+0.960
1579174860,+3.35, +3.098, +0.161,+0.960
1579174920,+3.35, +3.109, +0.162,+0.960
1579174980,+3.35, +3.120, +0.161,+0.960
1579175040,+3.35, +3.120, +0.160,+0.960
1579175100,+3.35, +3.088, +0.163,+0.960
1579175160,+3.35, +3.109, +0.162,+0.960
1579175220,+3.35, +3.120, +0.163,+0.960
1579175280,+3.35, +3.120, +0.163,+0.960
1579175340,+3.35, +3.120, +0.162,+0.960
1579175400,+3.35, +3.120, +0.161,+0.960
1579175460,+3.35, +3.098, +0.162,+0.960
1579175520,+3.35, +3.098, +0.161,+0.959
1579175580,+3.35, +3.109, +0.162,+0.960
1579175640,+3.35, +3.120, +0.160,+0.960
1579175700,+3.35, +3.130, +0.161,+0.960
1579175760,+3.35, +3.141, +0.163,+0.960
1579175820,+3.35, +3.120, +0.161,+0.960
1579175880,+3.35, +3.130, +0.160,+0.959
1579175940,+3.35, +3.120, +0.162,+0.960
1579176000,+3.35, +3.130, +0.161,+0.959
1579176060,+3.35, +3.109, +0.160,+0.959
1579176120,+3.35, +3.120, +0.162,+0.960
1579176180,+3.35, +3.088, +0.161,+0.960
1579176240,+3.35, +3.109, +0.161,+0.960
1579176300,+3.35, +3.077, +0.162,+0.960
1579176360,+3.35, +3.151, +0.162,+0.960
1579176420,+3.35, +3.120, +0.162,+0.960
1579176480,+3.35, +3.088, +0.163,+0.960
1579176540,+3.35, +3.109, +0.161,+0.960
1579176600,+3.35, +3.098, +0.162,+0.960
1579176660,+3.35, +3.120, +0.162,+0.960
1579176720,+3.35, +3.109, +0.164,+0.960
1579176780,+3.35, +3.098, +0.161,+0.960
1579176840,+3.35, +3.088, +0.162,+0.959
1579176900,+3.35, +3.130, +0.162,+0.960
1579176960,+3.35, +3.120, +0.162,+0.960
1579177020,+3.35, +3.120, +0.162,+0.960
1579177080,+3.35, +3.120, +0.162,+0.960
1579177140,+3.35, +3.098, +0.162,+0.960
1579177200,+3.35, +3.098, +0.161,+0.960
1579177260,+3.35, +3.120, +0.162,+0.960
1579177320,+3.35, +3.141, +0.160,+0.960
1579177380,+3.35, +3.130, +0.163,+0.960
1579177440,+3.35, +3.120, +0.163,+0.960
1579177500,+3.35, +3.088, +0.161,+0.960
1579177560,+3.35, +3.141, +0.163,+0.960
1579177620,+3.35, +3.120, +0.161,+0.960
1579177680,+3.35, +3.120, +0.160,+0.959
1579177740,+3.35, +3.109, +0.162,+0.960
1579177800,+3.35, +3.067, +0.163,+0.960
1579177860,+3.35, +3.098, +0.162,+0.960
1579177920,+3.35, +3.109, +0.163,+0.960
1579177980,+3.35, +3.120, +0.162,+0.960
1579178040,+3.35, +3.098, +0.163,+0.960
1579178100,+3.35, +3.120, +0.161,+0.960
1579178160,+3.35, +3.141, +0.162,+0.960
1579178220,+3.35, +3.109, +0.164,+0.960
1579178280,+3.35, +3.130, +0.163,+0.960
1579178340,+3.35, +3.109, +0.163,+0.960
1579178400,+3.35, +3.109, +0.162,+0.960
1579178460,+3.35, +3.120, +0.162,+0.960
1579178520,+3.35, +3.098, +0.163,+0.960
1579178580,+3.35, +3.120, +0.162,+0.960
1579178640,+3.35, +3.109, +0.162,+0.960
1579178700,+3.35, +3.077, +0.161,+0.960
1579178760,+3.35, +3.109, +0.162,+0.960
1579178820,+3.35, +3.098, +0.160,+0.959
1579178880,+3.35, +3.098, +0.163,+0.960
1579178940,+3.35, +3.098, +0.161,+0.960
1579179000,+3.34, +3.120, +0.162,+0.960
1579179060,+3.35, +3.098, +0.161,+0.960
1579179120,+3.35, +3.098, +0.161,+0.960
1579179180,+3.35, +3.130, +0.162,+0.960
1579179240,+3.35, +3.120, +0.162,+0.960
1579179300,+3.35, +3.098, +0.162,+0.960
1579179360,+3.35, +3.098, +0.163,+0.960
1579179420,+3.35, +3.120, +0.160,+0.959
1579179480,+3.35, +3.120, +0.162,+0.960
1579179540,+3.35, +3.098, +0.164,+0.960
1579179600,+3.35, +3.120, +0.162,+0.960
1579179660,+3.35, +3.109, +0.162,+0.960
1579179720,+3.35, +3.098, +0.161,+0.960
1579179780,+3.35, +3.109, +0.162,+0.960
1579179840,+3.35, +3.120, +0.162,+0.960
1579179900,+3.35, +3.109, +0.163,+0.960
1579179960,+3.35, +3.098, +0.161,+0.960
1579180020,+3.35, +3.130, +0.161,+0.960
1579180080,+3.35, +3.109, +0.162,+0.960
1579180140,+3.35, +3.098, +0.161,+0.960
1579180200,+3.35, +3.130, +0.162,+0.960
1579180260,+3.35, +3.088, +0.162,+0.960
1579180320,+3.35, +3.120, +0.163,+0.960
1579180380,+3.35, +3.109, +0.162,+0.960
1579180440,+3.35, +3.120, +0.161,+0.960
1579180500,+3.35, +3.130, +0.161,+0.960
1579180560,+3.35, +3.077, +0.161,+0.960
1579180620,+3.35, +3.088, +0.163,+0.960
1579180680,+3.35, +3.098, +0.161,+0.960
1579180740,+3.35, +3.130, +0.162,+0.960
1579180800,+3.35, +3.120, +0.161,+0.960
1579180860,+3.35, +3.120, +0.162,+0.960
1579180920,+3.35, +3.109, +0.160,+0.960
1579180980,+3.35, +3.098, +0.162,+0.960
1579181040,+3.35, +3.088, +0.161,+0.960
1579181100,+3.35, +3.098, +0.163,+0.960
1579181160,+3.35, +3.109, +0.163,+0.960
1579181220,+3.35, +3.109, +0.163,+0.960
1579181280,+3.35, +3.141, +0.161,+0.960
1579181340,+3.35, +3.109, +0.161,+0.960
1579181400,+3.35, +3.130, +0.160,+0.960
1579181460,+3.35, +3.109, +0.161,+0.960
1579181520,+3.35, +3.120, +0.163,+0.960
1579181580,+3.35, +3.130, +0.161,+0.960
1579181640,+3.35, +3.109, +0.162,+0.960
1579181700,+3.35, +3.120, +0.162,+0.960
1579181760,+3.35, +3.130, +0.161,+0.960
1579181820,+3.35, +3.120, +0.161,+0.960
1579181880,+3.35, +3.109, +0.164,+0.960
1579181940,+3.35, +3.098, +0.162,+0.960
1579182000,+3.35, +3.098, +0.162,+0.960
1579182060,+3.35, +3.109, +0.160,+0.960
1579182120,+3.35, +3.098, +0.162,+0.960
1579182180,+3.35, +3.120, +0.163,+0.960
1579182240,+3.35, +3.120, +0.161,+0.960
1579182300,+3.35, +3.098, +0.162,+0.960
1579182360,+3.35, +3.120, +0.161,+0.960
1579182420,+3.35, +3.120, +0.162,+0.960
1579182480,+3.35, +3.109, +0.161,+0.960
1579182540,+3.35, +3.120, +0.161,+0.960
1579182600,+3.35, +3.130, +0.161,+0.960
1579182660,+3.35, +3.098, +0.163,+0.960
1579182720,+3.35, +3.098, +0.163,+0.960
1579182780,+3.35, +3.120, +0.163,+0.960
1579182840,+3.35, +3.109, +0.161,+0.960
1579182900,+3.35, +3.120, +0.162,+0.960
1579182960,+3.35, +3.120, +0.161,+0.960
1579183020,+3.35, +3.141, +0.160,+0.960
1579183080,+3.35, +3.120, +0.162,+0.960
1579183140,+3.35, +3.109, +0.163,+0.960
1579183200,+3.35, +3.109, +0.161,+0.960
1579183260,+3.35, +3.120, +0.160,+0.960
1579183320,+3.35, +3.109, +0.161,+0.960
1579183380,+3.35, +3.141, +0.162,+0.960
1579183440,+3.35, +3.098, +0.161,+0.960
1579183500,+3.35, +3.098, +0.162,+0.960
1579183560,+3.35, +3.109, +0.163,+0.960
1579183620,+3.35, +3.141, +0.161,+0.960
1579183680,+3.35, +3.120, +0.161,+0.960
1579183740,+3.35, +3.120, +0.160,+0.960
1579183800,+3.35, +3.088, +0.161,+0.959
1579183860,+3.35, +3.120, +0.160,+0.960
1579183920,+3.35, +3.120, +0.162,+0.960
1579183980,+3.35, +3.098, +0.161,+0.959
1579184040,+3.35, +3.098, +0.163,+0.960
1579184100,+3.35, +3.098, +0.161,+0.960
1579184160,+3.35, +3.130, +0.162,+0.960
1579184220,+3.35, +3.109, +0.162,+0.960
1579184280,+3.35, +3.109, +0.162,+0.960
1579184340,+3.35, +3.098, +0.162,+0.960
1579184400,+3.35, +3.088, +0.162,+0.959
1579184460,+3.35, +3.109, +0.164,+0.960
1579184520,+3.35, +3.088, +0.162,+0.960
1579184580,+3.35, +3.098, +0.164,+0.960
1579184640,+3.35, +3.098, +0.163,+0.960
1579184700,+3.35, +3.130, +0.161,+0.960
1579184760,+3.35, +3.109, +0.163,+0.960
1579184820,+3.35, +3.109, +0.163,+0.960
1579184880,+3.35, +3.120, +0.162,+0.960
1579184940,+3.35, +3.109, +0.161,+0.960
1579185000,+3.35, +3.109, +0.162,+0.960
1579185060,+3.35, +3.141, +0.160,+0.960
1579185120,+3.35, +3.098, +0.163,+0.960
1579185180,+3.35, +3.130, +0.162,+0.960
1579185240,+3.34, +3.109, +0.162,+0.960
1579185300,+3.35, +3.151, +0.160,+0.960
1579185360,+3.35, +3.098, +0.163,+0.960
1579185420,+3.35, +3.098, +0.162,+0.960
1579185480,+3.35, +3.120, +0.162,+0.960
1579185540,+3.35, +3.120, +0.161,+0.960
1579185600,+3.35, +3.109, +0.163,+0.960
1579185660,+3.35, +3.098, +0.162,+0.960
1579185720,+3.35, +3.130, +0.162,+0.960
1579185780,+3.35, +3.120, +0.161,+0.960
1579185840,+3.35, +3.120, +0.161,+0.960
1579185900,+3.35, +3.130, +0.160,+0.960
1579185960,+3.35, +3.109, +0.162,+0.960
1579186020,+3.35, +3.098, +0.163,+0.960
1579186080,+3.35, +3.098, +0.162,+0.960
1579186140,+3.35, +3.120, +0.161,+0.960
1579186200,+3.35, +3.120, +0.163,+0.960
1579186260,+3.35, +3.109, +0.160,+0.959
1579186320,+3.35, +3.130, +0.162,+0.960
1579186380,+3.35, +3.120, +0.161,+0.960
1579186440,+3.35, +3.130, +0.162,+0.960
1579186500,+3.35, +3.120, +0.162,+0.960
1579186560,+3.35, +3.130, +0.161,+0.960
1579186620,+3.35, +3.098, +0.161,+0.960
1579186680,+3.35, +3.109, +0.162,+0.960
1579186740,+3.35, +3.109, +0.160,+0.959
1579186800,+3.35, +3.120, +0.162,+0.960
1579186860,+3.35, +3.120, +0.161,+0.960
1579186920,+3.35, +3.109, +0.163,+0.960
1579186980,+3.35, +3.120, +0.161,+0.959
1579187040,+3.35, +3.130, +0.161,+0.960
1579187100,+3.35, +3.109, +0.162,+0.960
1579187160,+3.35, +3.098, +0.162,+0.960
1579187220,+3.35, +3.109, +0.160,+0.960
1579187280,+3.35, +3.130, +0.163,+0.960
1579187340,+3.35, +3.130, +0.162,+0.960
1579187400,+3.35, +3.120, +0.162,+0.960
1579187460,+3.35, +3.120, +0.162,+0.960
1579187520,+3.35, +3.120, +0.162,+0.960
1579187580,+3.35, +3.109, +0.163,+0.960
1579187640,+3.35, +3.109, +0.162,+0.960
1579187700,+3.35, +3.109, +0.163,+0.960
1579187760,+3.35, +3.120, +0.160,+0.960
1579187820,+3.35, +3.098, +0.161,+0.959
1579187880,+3.35, +3.120, +0.160,+0.960
1579187940,+3.35, +3.109, +0.163,+0.960
1579188000,+3.35, +3.120, +0.161,+0.960
1579188060,+3.35, +3.130, +0.162,+0.960
1579188120,+3.35, +3.088, +0.162,+0.960
1579188180,+3.35, +3.067, +0.162,+0.960
1579188240,+3.35, +3.120, +0.162,+0.960
1579188300,+3.35, +3.130, +0.161,+0.960
1579188360,+3.35, +3.109, +0.164,+0.960
1579188420,+3.35, +3.130, +0.161,+0.960
1579188480,+3.35, +3.120, +0.159,+0.960
1579188540,+3.35, +3.109, +0.161,+0.959
1579188600,+3.35, +3.098, +0.162,+0.960
1579188660,+3.35, +3.098, +0.162,+0.960
1579188720,+3.35, +3.109, +0.162,+0.960
1579188780,+3.35, +3.120, +0.162,+0.960
1579188840,+3.35, +3.098, +0.161,+0.960
1579188900,+3.35, +3.120, +0.162,+0.960
1579188960,+3.35, +3.109, +0.160,+0.960
1579189020,+3.35, +3.109, +0.163,+0.960
1579189080,+3.35, +3.130, +0.161,+0.960
1579189140,+3.35, +3.098, +0.162,+0.960
1579189200,+3.35, +3.098, +0.162,+0.960
1579189260,+3.35, +3.109, +0.161,+0.960
1579189320,+3.35, +3.098, +0.161,+0.959
1579189380,+3.35, +3.130, +0.162,+0.960
1579189440,+3.35, +3.109, +0.162,+0.960
1579189500,+3.35, +3.088, +0.164,+0.960
1579189560,+3.35, +3.120, +0.162,+0.960
1579189620,+3.35, +3.120, +0.161,+0.960
1579189680,+3.35, +3.120, +0.162,+0.960
1579189740,+3.35, +3.098, +0.163,+0.960
1579189800,+3.35, +3.088, +0.162,+0.960
1579189860,+3.35, +3.120, +0.160,+0.960
1579189920,+3.35, +3.109, +0.163,+0.960
1579189980,+3.35, +3.056, +0.162,+0.960
1579190040,+3.35, +3.098, +0.161,+0.960
1579190100,+3.35, +3.109, +0.162,+0.960
1579190160,+3.35, +3.120, +0.161,+0.960
1579190220,+3.35, +3.109, +0.162,+0.960
1579190280,+3.35, +3.098, +0.162,+0.960
1579190340,+3.35, +3.130, +0.161,+0.960
1579190400,+3.35, +3.120, +0.161,+0.960
1579190460,+3.35, +3.098, +0.162,+0.960
1579190520,+3.35, +3.098, +0.162,+0.960
1579190580,+3.35, +3.120, +0.162,+0.960
1579190640,+3.35, +3.120, +0.162,+0.960
1579190700,+3.35, +3.088, +0.162,+0.960
1579190760,+3.35, +3.098, +0.162,+0.960
1579190820,+3.35, +3.109, +0.160,+0.959
1579190880,+3.35, +3.130, +0.162,+0.960
1579190940,+3.35, +3.120, +0.162,+0.960
1579191000,+3.35, +3.098, +0.161,+0.960
1579191060,+3.35, +3.067, +0.161,+0.960
1579191120,+3.35, +3.130, +0.162,+0.960
1579191180,+3.35, +3.141, +0.162,+0.960
1579191240,+3.35, +3.130, +0.162,+0.960
1579191300,+3.35, +3.109, +0.162,+0.960
1579191360,+3.35, +3.109, +0.163,+0.960
1579191420,+3.35, +3.098, +0.163,+0.960
1579191480,+3.35, +3.098, +0.162,+0.960
1579191540,+3.35, +3.130, +0.162,+0.960
1579191600,+3.35, +3.120, +0.162,+0.960
1579191660,+3.35, +3.088, +0.162,+0.960
1579191720,+3.35, +3.120, +0.162,+0.960
1579191780,+3.35, +3.130, +0.163,+0.960
1579191840,+3.35, +3.109, +0.162,+0.960
1579191900,+3.35, +3.109, +0.162,+0.960
1579191960,+3.35, +3.120, +0.162,+0.960
1579192020,+3.35, +3.130, +0.162,+0.960
1579192080,+3.35, +3.120, +0.162,+0.960
1579192140,+3.35, +3.088, +0.162,+0.960
1579192200,+3.35, +3.130, +0.160,+0.960
1579192260,+3.35, +3.098, +0.163,+0.960
1579192320,+3.35, +3.130, +0.162,+0.960
1579192380,+3.35, +3.098, +0.163,+0.960
1579192440,+3.35, +3.120, +0.160,+0.959
1579192500,+3.35, +3.098, +0.162,+0.960
1579192560,+3.35, +3.130, +0.161,+0.960
1579192620,+3.35, +3.077, +0.162,+0.959
1579192680,+3.35, +3.120, +0.161,+0.960
1579192740,+3.35, +3.098, +0.162,+0.960
1579192800,+3.35, +3.088, +0.164,+0.960
1579192860,+3.35, +3.077, +0.162,+0.960
1579192920,+3.35, +3.109, +0.163,+0.960
1579192980,+3.35, +3.130, +0.162,+0.960
1579193040,+3.35, +3.088, +0.163,+0.960
1579193100,+3.35, +3.098, +0.162,+0.960
1579193160,+3.35, +3.120, +0.162,+0.960
1579193220,+3.35, +3.130, +0.162,+0.960
1579193280,+3.35, +3.109, +0.161,+0.960
1579193340,+3.35, +3.162, +0.161,+0.960
1579193400,+3.35, +3.098, +0.162,+0.960
1579193460,+3.35, +3.130, +0.161,+0.960
1579193520,+3.35, +3.120, +0.162,+0.960
1579193580,+3.35, +3.120, +0.163,+0.960
1579193640,+3.35, +3.109, +0.160,+0.960
1579193700,+3.35, +3.098, +0.162,+0.960
1579193760,+3.35, +3.120, +0.161,+0.960
1579193820,+3.35, +3.098, +0.164,+0.960
1579193880,+3.35, +3.088, +0.162,+0.960
1579193940,+3.35, +3.109, +0.161,+0.959
1579194000,+3.35, +3.109, +0.161,+0.960
1579194060,+3.35, +3.120, +0.161,+0.960
1579194120,+3.35, +3.141, +0.163,+0.960
1579194180,+3.35, +3.120, +0.162,+0.960
1579194240,+3.35, +3.098, +0.162,+0.960
1579194300,+3.35, +3.120, +0.162,+0.960
1579194360,+3.35, +3.120, +0.161,+0.960
1579194420,+3.35, +3.130, +0.161,+0.960
1579194480,+3.35, +3.088, +0.163,+0.960
1579194540,+3.35, +3.109, +0.163,+0.960
1579194600,+3.35, +3.109, +0.163,+0.960
1579194660,+3.35, +3.088, +0.161,+0.960
1579194720,+3.35, +3.120, +0.160,+0.960
1579194780,+3.35, +3.141, +0.161,+0.960
1579194840,+3.35, +3.120, +0.161,+0.960
1579194900,+3.35, +3.130, +0.161,+0.960
1579194960,+3.35, +3.098, +0.162,+0.960
1579195020,+3.35, +3.098, +0.163,+0.960
1579195080,+3.35, +3.088, +0.160,+0.959
1579195140,+3.35, +3.098, +0.161,+0.960
1579195200,+3.35, +3.109, +0.161,+0.960
1579195260,+3.35, +3.120, +0.160,+0.959
1579195320,+3.35, +3.077, +0.163,+0.959
1579195380,+3.35, +3.130, +0.162,+0.960
1579195440,+3.35, +3.120, +0.161,+0.960
1579195500,+3.35, +3.067, +0.163,+0.960
1579195560,+3.35, +3.120, +0.161,+0.960
1579195620,+3.35, +3.109, +0.162,+0.960
1579195680,+3.34, +3.088, +0.161,+0.960
1579195740,+3.35, +3.109, +0.161,+0.960
1579195800,+3.35, +3.098, +0.162,+0.960
1579195860,+3.35, +3.098, +0.163,+0.960
1579195920,+3.35, +3.109, +0.161,+0.960
1579195980,+3.35, +3.109, +0.161,+0.960
1579196040,+3.35, +3.098, +0.162,+0.960
1579196100,+3.35, +3.109, +0.161,+0.960
1579196160,+3.35, +3.088, +0.164,+0.960
1579196220,+3.35, +3.120, +0.162,+0.960
1579196280,+3.35, +3.088, +0.160,+0.959
1579196340,+3.35, +3.109, +0.162,+0.960
1579196400,+3.35, +3.130, +0.162,+0.960
1579196460,+3.35, +3.109, +0.160,+0.960
1579196520,+3.35, +3.109, +0.160,+0.960
1579196580,+3.35, +3.088, +0.160,+0.960
1579196640,+3.35, +3.109, +0.163,+0.960
1579196700,+3.35, +3.088, +0.163,+0.960
1579196760,+3.35, +3.120, +0.163,+0.960
1579196820,+3.35, +3.130, +0.162,+0.960
1579196880,+3.35, +3.120, +0.161,+0.960
1579196940,+3.35, +3.151, +0.161,+0.960
1579197000,+3.35, +3.098, +0.162,+0.960
1579197060,+3.35, +3.109, +0.161,+0.959
1579197120,+3.35, +3.109, +0.161,+0.960
1579197180,+3.35, +3.098, +0.162,+0.960
1579197240,+3.35, +3.109, +0.161,+0.960
1579197300,+3.35, +3.035, +0.163,+0.960
1579197360,+3.35, +3.098, +0.163,+0.960
1579197420,+3.35, +3.141, +0.162,+0.960
1579197480,+3.35, +3.077, +0.163,+0.959
1579197540,+3.35, +3.109, +0.162,+0.959
1579197600,+3.35, +3.141, +0.161,+0.960
1579197660,+3.35, +3.109, +0.160,+0.959
1579197720,+3.35, +3.120, +0.160,+0.959
1579197780,+3.35, +3.109, +0.161,+0.960
1579197840,+3.35, +3.109, +0.162,+0.960
1579197900,+3.35, +3.067, +0.163,+0.960
1579197960,+3.35, +3.120, +0.164,+0.960
1579198020,+3.35, +3.067, +0.163,+0.960
1579198080,+3.35, +3.130, +0.162,+0.960
1579198140,+3.35, +3.120, +0.160,+0.960
1579198200,+3.35, +3.120, +0.162,+0.960
1579198260,+3.35, +3.120, +0.161,+0.960
1579198320,+3.35, +3.120, +0.162,+0.960
1579198380,+3.35, +3.130, +0.163,+0.960
1579198440,+3.35, +3.109, +0.162,+0.960
1579198500,+3.35, +3.109, +0.162,+0.960
1579198560,+3.35, +3.098, +0.163,+0.960
1579198620,+3.35, +3.098, +0.162,+0.960
1579198680,+3.35, +3.088, +0.162,+0.959
1579198740,+3.35, +3.120, +0.163,+0.960
1579198800,+3.35, +3.120, +0.162,+0.960
1579198860,+3.35, +3.098, +0.161,+0.960
1579198920,+3.35, +3.109, +0.161,+0.960
1579198980,+3.34, +3.141, +0.162,+0.960
1579199040,+3.35, +3.120, +0.162,+0.960
1579199100,+3.35, +3.098, +0.162,+0.960
1579199160,+3.35, +3.077, +0.162,+0.960
1579199220,+3.35, +3.098, +0.161,+0.960
1579199280,+3.35, +3.088, +0.162,+0.960
1579199340,+3.35, +3.088, +0.162,+0.960
1579199400,+3.35, +3.109, +0.162,+0.960
1579199460,+3.35, +3.109, +0.161,+0.960
1579199520,+3.35, +3.109, +0.162,+0.960
1579199580,+3.35, +3.109, +0.161,+0.960
1579199640,+3.35, +3.120, +0.160,+0.960
1579199700,+3.35, +3.109, +0.163,+0.960
1579199760,+3.35, +3.098, +0.164,+0.960
1579199820,+3.35, +3.109, +0.162,+0.960
1579199880,+3.35, +3.109, +0.161,+0.960
1579199940,+3.35, +3.120, +0.163,+0.960
1579200000,+3.35, +3.109, +0.161,+0.960
1579200060,+3.35, +3.120, +0.160,+0.960
1579200120,+3.35, +3.088, +0.162,+0.960
1579200180,+3.35, +3.098, +0.163,+0.960
1579200240,+3.35, +3.109, +0.162,+0.960
1579200300,+3.35, +3.077, +0.162,+0.959
1579200360,+3.35, +3.120, +0.162,+0.960
1579200420,+3.35, +3.120, +0.161,+0.960
1579200480,+3.35, +3.088, +0.163,+0.960
1579200540,+3.35, +3.109, +0.162,+0.960
1579200600,+3.35, +3.109, +0.161,+0.960
1579200660,+3.35, +3.098, +0.164,+0.960
1579200720,+3.35, +3.098, +0.161,+0.960
1579200780,+3.35, +3.120, +0.161,+0.960
1579200840,+3.35, +3.120, +0.162,+0.960
1579200900,+3.35, +3.120, +0.161,+0.960
1579200960,+3.35, +3.098, +0.162,+0.960
1579201020,+3.35, +3.098, +0.163,+0.960
1579201080,+3.35, +3.088, +0.163,+0.960
1579201140,+3.35, +3.098, +0.162,+0.960
1579201200,+3.35, +3.120, +0.161,+0.960
1579201260,+3.35, +3.120, +0.164,+0.960
1579201320,+3.35, +3.130, +0.162,+0.960
1579201380,+3.35, +3.109, +0.161,+0.960
1579201440,+3.35, +3.109, +0.161,+0.960
1579201500,+3.35, +3.130, +0.160,+0.960
1579201560,+3.35, +3.109, +0.162,+0.960
1579201620,+3.35, +3.098, +0.162,+0.960
1579201680,+3.35, +3.098, +0.163,+0.960
1579201740,+3.35, +3.098, +0.162,+0.959
1579201800,+3.35, +3.098, +0.163,+0.960
1579201860,+3.35, +3.088, +0.163,+0.960
1579201920,+3.35, +3.098, +0.161,+0.960
1579201980,+3.35, +3.120, +0.162,+0.960
1579202040,+3.35, +3.088, +0.162,+0.960
1579202100,+3.35, +3.130, +0.161,+0.960
1579202160,+3.35, +3.109, +0.163,+0.960
1579202220,+3.35, +3.109, +0.162,+0.959
1579202280,+3.35, +3.098, +0.161,+0.960
1579202340,+3.35, +3.109, +0.160,+0.960
1579202400,+3.35, +3.098, +0.161,+0.960
1579202460,+3.35, +3.098, +0.162,+0.959
1579202520,+3.35, +3.077, +0.161,+0.959
1579202580,+3.35, +3.109, +0.161,+0.960
1579202640,+3.35, +3.130, +0.161,+0.960
1579202700,+3.35, +3.109, +0.161,+0.960
1579202760,+3.35, +3.109, +0.164,+0.960
1579202820,+3.35, +3.109, +0.162,+0.960
1579202880,+3.35, +3.109, +0.162,+0.960
1579202940,+3.35, +3.098, +0.161,+0.960
1579203000,+3.35, +3.120, +0.161,+0.960
1579203060,+3.35, +3.109, +0.160,+0.960
1579203120,+3.35, +3.098, +0.162,+0.960
1579203180,+3.35, +3.098, +0.161,+0.960
1579203240,+3.35, +3.088, +0.161,+0.960
1579203300,+3.35, +3.120, +0.161,+0.960
1579203360,+3.35, +3.098, +0.162,+0.960
1579203420,+3.35, +3.109, +0.163,+0.960
1579203480,+3.35, +3.109, +0.161,+0.960
1579203540,+3.35, +3.098, +0.162,+0.960
1579203600,+3.35, +3.130, +0.162,+0.960
1579203660,+3.35, +3.098, +0.162,+0.960
1579203720,+3.35, +3.098, +0.161,+0.960
1579203780,+3.35, +3.109, +0.162,+0.960
1579203840,+3.35, +3.077, +0.162,+0.960
1579203900,+3.35, +3.141, +0.162,+0.960
1579203960,+3.35, +3.120, +0.162,+0.960
1579204020,+3.35, +3.088, +0.162,+0.960
1579204080,+3.35, +3.109, +0.161,+0.960
1579204140,+3.35, +3.120, +0.160,+0.960
1579204200,+3.35, +3.098, +0.162,+0.960
1579204260,+3.35, +3.098, +0.161,+0.960
1579204320,+3.35, +3.109, +0.163,+0.960
1579204380,+3.35, +3.098, +0.162,+0.960
1579204440,+3.35, +3.130, +0.162,+0.960
1579204500,+3.35, +3.098, +0.161,+0.960
1579204560,+3.35, +3.109, +0.164,+0.960
1579204620,+3.35, +3.120, +0.163,+0.960
1579204680,+3.35, +3.109, +0.162,+0.960
1579204740,+3.35, +3.120, +0.160,+0.960
1579204800,+3.35, +3.109, +0.160,+0.959
1579204860,+3.35, +3.120, +0.163,+0.960
1579204920,+3.35, +3.109, +0.161,+0.960
1579204980,+3.35, +3.088, +0.161,+0.959
1579205040,+3.35, +3.120, +0.162,+0.960
1579205100,+3.35, +3.088, +0.161,+0.960
1579205160,+3.35, +3.130, +0.162,+0.960
1579205220,+3.35, +3.109, +0.161,+0.960
1579205280,+3.35, +3.098, +0.163,+0.960
1579205340,+3.35, +3.120, +0.163,+0.960
1579205400,+3.35, +3.077, +0.161,+0.959
1579205460,+3.35, +3.109, +0.160,+0.960
1579205520,+3.35, +3.088, +0.161,+0.960
1579205580,+3.35, +3.120, +0.160,+0.960
1579205640,+3.35, +3.109, +0.161,+0.960
1579205700,+3.35, +3.109, +0.161,+0.960
1579205760,+3.35, +3.109, +0.162,+0.960
1579205820,+3.35, +3.109, +0.162,+0.960
1579205880,+3.35, +3.109, +0.162,+0.960
1579205940,+3.35, +3.109, +0.163,+0.960
1579206000,+3.35, +3.088, +0.163,+0.960
1579206060,+3.35, +3.088, +0.162,+0.960
1579206120,+3.35, +3.120, +0.163,+0.960
1579206180,+3.35, +3.088, +0.162,+0.960
1579206240,+3.35, +3.088, +0.161,+0.960
1579206300,+3.35, +3.088, +0.163,+0.960
1579206360,+3.35, +3.088, +0.163,+0.960
1579206420,+3.35, +3.098, +0.162,+0.960
1579206480,+3.35, +3.109, +0.162,+0.960
1579206540,+3.35, +3.098, +0.163,+0.960
1579206600,+3.35, +3.077, +0.162,+0.960
1579206660,+3.35, +3.109, +0.162,+0.960
1579206720,+3.35, +3.109, +0.161,+0.960
1579206780,+3.35, +3.088, +0.161,+0.959
1579206840,+3.35, +3.077, +0.163,+0.960
1579206900,+3.35, +3.077, +0.163,+0.960
1579206960,+3.35, +3.098, +0.162,+0.960
1579207020,+3.35, +3.098, +0.162,+0.960
1579207080,+3.35, +3.109, +0.163,+0.960
1579207140,+3.35, +3.077, +0.164,+0.960
1579207200,+3.35, +3.109, +0.162,+0.960
1579207260,+3.35, +3.098, +0.162,+0.960
1579207320,+3.35, +3.098, +0.162,+0.960
1579207380,+3.35, +3.120, +0.161,+0.960
1579207440,+3.35, +3.098, +0.163,+0.960
1579207500,+3.35, +3.088, +0.162,+0.960
1579207560,+3.35, +3.120, +0.161,+0.960
1579207620,+3.35, +3.098, +0.164,+0.960
1579207680,+3.35, +3.120, +0.162,+0.960
1579207740,+3.35, +3.120, +0.162,+0.960
1579207800,+3.35, +3.088, +0.162,+0.960
