7392-570653
OS REV: 1.11 Sensor Cal: 1428445788
Time (sec),  BV (Volts),  T (deg C),  DO (mg/l),  Q ()
1587156660,+3.32, +2.960, +3.413,+0.986
1587156720,+3.32, +2.960, +3.408,+0.985
1587156780,+3.32, +2.971, +3.406,+0.986
1587156840,+3.32, +2.971, +3.402,+0.985
1587156900,+3.32, +2.960, +3.402,+0.985
1587156960,+3.32, +2.971, +3.401,+0.986
1587157020,+3.32, +2.960, +3.397,+0.985
1587157080,+3.32, +2.992, +3.390,+0.985
1587157140,+3.32, +2.982, +3.397,+0.986
1587157200,+3.32, +2.960, +3.406,+0.985
1587157260,+3.32, +2.928, +3.436,+0.985
1587157320,+3.32, +2.992, +3.448,+0.985
1587157380,+3.32, +2.992, +3.460,+0.985
1587157440,+3.32, +2.960, +3.464,+0.985
1587157500,+3.32, +2.992, +3.461,+0.985
1587157560,+3.32, +2.971, +3.459,+0.985
1587157620,+3.32, +2.982, +3.451,+0.985
1587157680,+3.32, +2.971, +3.450,+0.985
1587157740,+3.32, +2.960, +3.446,+0.985
1587157800,+3.32, +2.971, +3.435,+0.985
1587157860,+3.32, +2.971, +3.425,+0.985
1587157920,+3.32, +2.971, +3.424,+0.986
1587157980,+3.32, +2.971, +3.411,+0.985
1587158040,+3.32, +2.939, +3.411,+0.985
1587158100,+3.32, +2.971, +3.399,+0.985
1587158160,+3.32, +2.982, +3.393,+0.985
1587158220,+3.32, +2.982, +3.383,+0.985
1587158280,+3.32, +2.960, +3.380,+0.985
1587158340,+3.32, +2.960, +3.372,+0.985
1587158400,+3.32, +2.950, +3.370,+0.985
1587158460,+3.32, +2.960, +3.361,+0.985
1587158520,+3.32, +2.971, +3.355,+0.985
1587158580,+3.32, +2.971, +3.350,+0.985
1587158640,+3.32, +2.982, +3.343,+0.985
1587158700,+3.32, +2.971, +3.336,+0.985
1587158760,+3.32, +2.971, +3.332,+0.985
1587158820,+3.32, +2.971, +3.327,+0.985
1587158880,+3.32, +2.992, +3.323,+0.985
1587158940,+3.32, +2.992, +3.319,+0.985
1587159000,+3.32, +2.982, +3.327,+0.985
1587159060,+3.32, +2.982, +3.327,+0.985
1587159120,+3.32, +3.003, +3.327,+0.985
1587159180,+3.32, +2.971, +3.338,+0.985
1587159240,+3.32, +2.982, +3.342,+0.985
1587159300,+3.32, +2.971, +3.351,+0.985
1587159360,+3.32, +2.939, +3.362,+0.985
1587159420,+3.32, +2.950, +3.370,+0.985
1587159480,+3.32, +2.950, +3.375,+0.985
1587159540,+3.32, +2.992, +3.375,+0.985
1587159600,+3.32, +2.971, +3.378,+0.985
1587159660,+3.32, +2.960, +3.390,+0.985
1587159720,+3.32, +2.960, +3.393,+0.985
1587159780,+3.32, +2.982, +3.396,+0.985
1587159840,+3.32, +2.960, +3.398,+0.985
1587159900,+3.32, +2.992, +3.396,+0.985
1587159960,+3.32, +2.960, +3.406,+0.985
1587160020,+3.32, +2.971, +3.407,+0.985
1587160080,+3.32, +2.971, +3.401,+0.985
1587160140,+3.32, +2.992, +3.407,+0.985
1587160200,+3.32, +2.971, +3.404,+0.985
1587160260,+3.32, +2.992, +3.408,+0.985
1587160320,+3.32, +2.992, +3.404,+0.985
1587160380,+3.32, +2.960, +3.407,+0.985
1587160440,+3.32, +2.971, +3.402,+0.985
1587160500,+3.32, +2.982, +3.402,+0.985
1587160560,+3.32, +2.971, +3.402,+0.985
1587160620,+3.32, +2.950, +3.404,+0.985
1587160680,+3.32, +2.971, +3.398,+0.985
1587160740,+3.32, +2.971, +3.395,+0.985
1587160800,+3.32, +2.992, +3.395,+0.986
1587160860,+3.32, +2.950, +3.397,+0.985
1587160920,+3.32, +2.960, +3.391,+0.985
1587160980,+3.32, +2.971, +3.389,+0.985
1587161040,+3.32, +2.992, +3.386,+0.985
1587161100,+3.32, +2.971, +3.386,+0.985
1587161160,+3.32, +2.971, +3.384,+0.985
1587161220,+3.32, +2.992, +3.382,+0.985
1587161280,+3.32, +2.982, +3.379,+0.985
1587161340,+3.32, +2.950, +3.384,+0.985
1587161400,+3.32, +2.971, +3.381,+0.985
1587161460,+3.32, +2.960, +3.384,+0.985
1587161520,+3.32, +2.971, +3.378,+0.985
1587161580,+3.32, +2.982, +3.375,+0.985
1587161640,+3.32, +2.992, +3.372,+0.985
1587161700,+3.32, +2.960, +3.376,+0.985
1587161760,+3.32, +2.982, +3.376,+0.985
1587161820,+3.32, +3.024, +3.367,+0.985
1587161880,+3.32, +2.992, +3.371,+0.985
1587161940,+3.32, +2.982, +3.373,+0.985
1587162000,+3.32, +2.928, +3.381,+0.985
1587162060,+3.32, +2.971, +3.372,+0.985
1587162120,+3.32, +2.982, +3.367,+0.985
1587162180,+3.32, +2.982, +3.372,+0.986
1587162240,+3.32, +2.982, +3.366,+0.985
1587162300,+3.32, +2.992, +3.364,+0.986
1587162360,+3.32, +2.960, +3.363,+0.985
1587162420,+3.32, +2.982, +3.359,+0.985
1587162480,+3.32, +2.982, +3.358,+0.985
1587162540,+3.32, +2.982, +3.359,+0.985
1587162600,+3.32, +2.992, +3.348,+0.985
1587162660,+3.32, +2.971, +3.354,+0.985
1587162720,+3.32, +2.971, +3.351,+0.985
1587162780,+3.32, +2.982, +3.344,+0.985
1587162840,+3.32, +2.960, +3.346,+0.985
1587162900,+3.32, +2.971, +3.341,+0.985
1587162960,+3.32, +2.950, +3.340,+0.985
1587163020,+3.32, +2.971, +3.336,+0.985
1587163080,+3.32, +2.960, +3.331,+0.985
1587163140,+3.32, +2.982, +3.326,+0.985
1587163200,+3.32, +2.971, +3.324,+0.985
1587163260,+3.32, +2.992, +3.321,+0.985
1587163320,+3.32, +2.971, +3.319,+0.985
1587163380,+3.32, +2.971, +3.316,+0.985
1587163440,+3.32, +2.992, +3.310,+0.985
1587163500,+3.32, +2.960, +3.307,+0.985
1587163560,+3.32, +2.982, +3.299,+0.985
1587163620,+3.32, +2.971, +3.297,+0.985
1587163680,+3.32, +2.960, +3.296,+0.985
1587163740,+3.32, +2.982, +3.289,+0.985
1587163800,+3.32, +2.992, +3.279,+0.985
1587163860,+3.32, +2.971, +3.279,+0.985
1587163920,+3.32, +2.992, +3.270,+0.985
1587163980,+3.32, +3.003, +3.262,+0.985
1587164040,+3.32, +2.992, +3.261,+0.985
1587164100,+3.32, +2.982, +3.253,+0.985
1587164160,+3.32, +3.003, +3.239,+0.985
1587164220,+3.32, +2.982, +3.238,+0.985
1587164280,+3.32, +3.003, +3.227,+0.985
1587164340,+3.32, +2.960, +3.225,+0.985
1587164400,+3.32, +2.971, +3.221,+0.985
1587164460,+3.32, +2.992, +3.221,+0.985
1587164520,+3.32, +2.960, +3.217,+0.985
1587164580,+3.32, +2.971, +3.226,+0.985
1587164640,+3.32, +2.960, +3.227,+0.985
1587164700,+3.32, +2.982, +3.234,+0.985
1587164760,+3.32, +2.982, +3.235,+0.985
1587164820,+3.32, +2.982, +3.244,+0.985
1587164880,+3.32, +2.982, +3.247,+0.985
1587164940,+3.32, +2.992, +3.255,+0.985
1587165000,+3.32, +2.992, +3.263,+0.985
1587165060,+3.32, +2.982, +3.261,+0.985
1587165120,+3.32, +2.992, +3.264,+0.985
1587165180,+3.32, +2.982, +3.272,+0.985
1587165240,+3.32, +2.982, +3.263,+0.985
1587165300,+3.32, +2.982, +3.255,+0.985
1587165360,+3.32, +2.992, +3.248,+0.985
1587165420,+3.32, +2.971, +3.242,+0.985
1587165480,+3.32, +2.982, +3.226,+0.985
1587165540,+3.32, +2.960, +3.217,+0.985
1587165600,+3.32, +2.982, +3.198,+0.985
1587165660,+3.32, +2.960, +3.187,+0.985
1587165720,+3.32, +2.982, +3.164,+0.984
1587165780,+3.32, +2.982, +3.153,+0.985
1587165840,+3.32, +2.982, +3.134,+0.984
1587165900,+3.32, +2.971, +3.122,+0.985
1587165960,+3.32, +2.982, +3.109,+0.985
1587166020,+3.32, +2.960, +3.094,+0.984
1587166080,+3.32, +2.982, +3.081,+0.984
1587166140,+3.32, +2.960, +3.078,+0.985
1587166200,+3.32, +2.992, +3.065,+0.984
1587166260,+3.32, +2.971, +3.069,+0.984
1587166320,+3.32, +2.971, +3.071,+0.984
1587166380,+3.32, +2.982, +3.071,+0.984
1587166440,+3.32, +2.982, +3.083,+0.984
1587166500,+3.32, +2.982, +3.094,+0.984
1587166560,+3.32, +2.971, +3.110,+0.984
1587166620,+3.32, +2.971, +3.122,+0.984
1587166680,+3.32, +2.971, +3.137,+0.985
1587166740,+3.32, +2.982, +3.145,+0.984
1587166800,+3.32, +3.014, +3.155,+0.985
1587166860,+3.32, +2.992, +3.171,+0.985
1587166920,+3.32, +2.992, +3.178,+0.985
1587166980,+3.32, +2.971, +3.190,+0.985
1587167040,+3.32, +3.003, +3.191,+0.985
1587167100,+3.32, +2.992, +3.202,+0.985
1587167160,+3.32, +2.982, +3.201,+0.985
1587167220,+3.32, +2.971, +3.212,+0.985
1587167280,+3.32, +2.982, +3.209,+0.985
1587167340,+3.32, +2.992, +3.206,+0.985
1587167400,+3.32, +3.003, +3.203,+0.985
1587167460,+3.32, +2.992, +3.199,+0.985
1587167520,+3.32, +2.971, +3.200,+0.985
1587167580,+3.32, +2.982, +3.196,+0.985
1587167640,+3.32, +2.982, +3.189,+0.985
1587167700,+3.32, +3.014, +3.177,+0.985
1587167760,+3.32, +2.992, +3.174,+0.985
1587167820,+3.32, +2.982, +3.165,+0.984
1587167880,+3.32, +2.982, +3.164,+0.985
1587167940,+3.32, +2.992, +3.150,+0.985
1587168000,+3.32, +2.982, +3.137,+0.984
1587168060,+3.32, +2.971, +3.126,+0.984
1587168120,+3.32, +2.992, +3.116,+0.984
1587168180,+3.32, +2.992, +3.102,+0.985
1587168240,+3.32, +2.950, +3.097,+0.984
1587168300,+3.32, +2.971, +3.080,+0.984
1587168360,+3.32, +2.992, +3.063,+0.984
1587168420,+3.32, +3.014, +3.049,+0.985
1587168480,+3.32, +2.918, +3.051,+0.984
1587168540,+3.32, +2.971, +3.030,+0.984
1587168600,+3.32, +2.971, +3.022,+0.984
1587168660,+3.32, +2.992, +3.012,+0.984
1587168720,+3.32, +2.982, +3.008,+0.985
1587168780,+3.32, +2.992, +2.990,+0.984
1587168840,+3.32, +3.003, +2.984,+0.984
1587168900,+3.32, +2.992, +2.980,+0.984
1587168960,+3.32, +2.971, +2.976,+0.984
1587169020,+3.32, +2.982, +2.967,+0.984
1587169080,+3.32, +2.982, +2.960,+0.984
1587169140,+3.32, +2.982, +2.958,+0.984
1587169200,+3.32, +2.992, +2.946,+0.984
1587169260,+3.32, +2.992, +2.943,+0.984
1587169320,+3.32, +2.992, +2.937,+0.984
1587169380,+3.32, +2.992, +2.931,+0.984
1587169440,+3.32, +2.982, +2.929,+0.984
1587169500,+3.32, +2.982, +2.922,+0.984
1587169560,+3.32, +2.982, +2.918,+0.984
1587169620,+3.32, +2.971, +2.910,+0.984
1587169680,+3.32, +2.971, +2.908,+0.984
1587169740,+3.32, +2.960, +2.905,+0.984
1587169800,+3.32, +2.982, +2.897,+0.984
1587169860,+3.32, +3.003, +2.886,+0.984
1587169920,+3.32, +2.971, +2.888,+0.984
1587169980,+3.32, +2.992, +2.879,+0.984
1587170040,+3.32, +2.960, +2.881,+0.984
1587170100,+3.32, +2.992, +2.868,+0.984
1587170160,+3.32, +3.003, +2.863,+0.984
1587170220,+3.32, +2.971, +2.863,+0.984
1587170280,+3.32, +2.971, +2.856,+0.984
1587170340,+3.32, +2.971, +2.850,+0.984
1587170400,+3.32, +2.982, +2.844,+0.984
1587170460,+3.32, +2.960, +2.847,+0.984
1587170520,+3.32, +2.971, +2.836,+0.984
1587170580,+3.32, +2.982, +2.835,+0.984
1587170640,+3.32, +3.003, +2.823,+0.984
1587170700,+3.32, +2.992, +2.822,+0.984
1587170760,+3.32, +2.960, +2.817,+0.984
1587170820,+3.32, +2.982, +2.806,+0.983
1587170880,+3.32, +2.960, +2.800,+0.983
1587170940,+3.32, +2.992, +2.791,+0.984
1587171000,+3.32, +2.992, +2.785,+0.984
1587171060,+3.32, +2.982, +2.775,+0.984
1587171120,+3.32, +2.982, +2.765,+0.983
1587171180,+3.32, +3.014, +2.760,+0.984
1587171240,+3.32, +2.982, +2.753,+0.983
1587171300,+3.32, +2.960, +2.758,+0.984
1587171360,+3.32, +2.992, +2.749,+0.984
1587171420,+3.32, +2.971, +2.752,+0.983
1587171480,+3.32, +2.939, +2.759,+0.983
1587171540,+3.32, +2.960, +2.767,+0.984
1587171600,+3.32, +2.971, +2.769,+0.984
1587171660,+3.32, +3.003, +2.776,+0.984
1587171720,+3.32, +2.971, +2.791,+0.984
1587171780,+3.32, +2.960, +2.804,+0.984
1587171840,+3.32, +2.971, +2.822,+0.984
1587171900,+3.32, +2.982, +2.829,+0.984
1587171960,+3.32, +2.960, +2.839,+0.983
1587172020,+3.32, +3.003, +2.850,+0.984
1587172080,+3.32, +2.992, +2.864,+0.984
1587172140,+3.32, +2.971, +2.881,+0.984
1587172200,+3.32, +2.982, +2.891,+0.984
1587172260,+3.32, +2.971, +2.901,+0.984
1587172320,+3.32, +2.971, +2.918,+0.984
1587172380,+3.32, +2.971, +2.921,+0.984
1587172440,+3.32, +2.971, +2.935,+0.984
1587172500,+3.32, +2.982, +2.946,+0.984
1587172560,+3.32, +2.982, +2.950,+0.984
1587172620,+3.32, +2.992, +2.960,+0.984
1587172680,+3.32, +2.982, +2.967,+0.984
1587172740,+3.32, +2.971, +2.979,+0.984
1587172800,+3.32, +2.950, +2.989,+0.984
1587172860,+3.32, +2.939, +2.995,+0.984
1587172920,+3.32, +2.982, +2.997,+0.984
1587172980,+3.32, +2.982, +3.002,+0.984
1587173040,+3.32, +2.992, +3.012,+0.985
1587173100,+3.32, +2.992, +3.014,+0.984
1587173160,+3.32, +2.960, +3.028,+0.984
1587173220,+3.32, +2.982, +3.030,+0.984
1587173280,+3.32, +2.960, +3.034,+0.984
1587173340,+3.32, +2.971, +3.038,+0.984
1587173400,+3.32, +2.992, +3.040,+0.984
1587173460,+3.31, +2.971, +3.050,+0.984
1587173520,+3.32, +2.992, +3.053,+0.985
1587173580,+3.32, +2.939, +3.065,+0.984
1587173640,+3.32, +2.971, +3.064,+0.984
1587173700,+3.32, +2.971, +3.068,+0.984
1587173760,+3.32, +2.982, +3.071,+0.984
1587173820,+3.32, +2.971, +3.081,+0.984
1587173880,+3.32, +2.971, +3.081,+0.984
1587173940,+3.32, +2.960, +3.090,+0.984
1587174000,+3.32, +2.939, +3.099,+0.984
1587174060,+3.32, +2.971, +3.102,+0.985
1587174120,+3.32, +2.971, +3.106,+0.985
1587174180,+3.32, +2.971, +3.114,+0.985
1587174240,+3.32, +2.982, +3.117,+0.984
1587174300,+3.32, +2.950, +3.131,+0.984
1587174360,+3.32, +2.950, +3.138,+0.985
1587174420,+3.32, +2.971, +3.141,+0.984
1587174480,+3.32, +2.982, +3.149,+0.984
1587174540,+3.32, +2.960, +3.161,+0.984
1587174600,+3.32, +2.960, +3.174,+0.985
1587174660,+3.32, +2.982, +3.177,+0.985
1587174720,+3.32, +2.971, +3.190,+0.985
1587174780,+3.32, +2.960, +3.202,+0.985
1587174840,+3.32, +2.950, +3.218,+0.985
1587174900,+3.32, +2.960, +3.230,+0.985
1587174960,+3.32, +2.971, +3.239,+0.985
1587175020,+3.32, +2.918, +3.262,+0.985
1587175080,+3.32, +2.982, +3.259,+0.985
1587175140,+3.32, +2.960, +3.276,+0.985
1587175200,+3.32, +2.960, +3.288,+0.985
1587175260,+3.32, +2.982, +3.302,+0.985
1587175320,+3.32, +2.928, +3.320,+0.985
1587175380,+3.32, +2.960, +3.333,+0.985
1587175440,+3.32, +2.960, +3.346,+0.985
1587175500,+3.32, +2.992, +3.363,+0.986
1587175560,+3.32, +2.950, +3.381,+0.985
1587175620,+3.32, +2.960, +3.391,+0.985
1587175680,+3.32, +2.971, +3.406,+0.985
1587175740,+3.32, +2.971, +3.423,+0.985
1587175800,+3.32, +2.960, +3.441,+0.985
1587175860,+3.32, +2.971, +3.451,+0.985
1587175920,+3.32, +2.960, +3.463,+0.985
1587175980,+3.32, +2.971, +3.472,+0.985
1587176040,+3.32, +2.960, +3.484,+0.985
1587176100,+3.32, +2.960, +3.497,+0.985
1587176160,+3.32, +2.971, +3.506,+0.985
1587176220,+3.32, +2.950, +3.523,+0.985
1587176280,+3.32, +2.982, +3.523,+0.986
1587176340,+3.32, +2.960, +3.533,+0.986
1587176400,+3.32, +2.960, +3.543,+0.985
1587176460,+3.32, +2.960, +3.549,+0.985
1587176520,+3.32, +2.939, +3.559,+0.986
1587176580,+3.32, +2.982, +3.557,+0.986
1587176640,+3.32, +2.928, +3.575,+0.985
1587176700,+3.32, +2.950, +3.574,+0.985
1587176760,+3.32, +3.003, +3.574,+0.986
1587176820,+3.32, +2.950, +3.586,+0.985
1587176880,+3.32, +2.971, +3.585,+0.985
1587176940,+3.32, +2.950, +3.592,+0.985
1587177000,+3.32, +3.014, +3.592,+0.986
1587177060,+3.32, +2.982, +3.606,+0.986
1587177120,+3.32, +2.982, +3.603,+0.985
1587177180,+3.32, +2.939, +3.621,+0.986
1587177240,+3.32, +2.971, +3.618,+0.985
1587177300,+3.32, +2.950, +3.629,+0.985
1587177360,+3.32, +2.960, +3.636,+0.986
1587177420,+3.32, +2.928, +3.647,+0.985
1587177480,+3.32, +2.960, +3.652,+0.986
1587177540,+3.32, +2.960, +3.663,+0.986
1587177600,+3.32, +2.971, +3.662,+0.985
1587177660,+3.32, +2.950, +3.681,+0.986
1587177720,+3.32, +2.982, +3.688,+0.986
1587177780,+3.32, +2.971, +3.690,+0.986
1587177840,+3.32, +2.950, +3.707,+0.986
1587177900,+3.32, +2.982, +3.705,+0.985
1587177960,+3.32, +2.950, +3.725,+0.986
1587178020,+3.32, +2.982, +3.723,+0.986
1587178080,+3.32, +2.982, +3.728,+0.986
1587178140,+3.32, +2.960, +3.743,+0.986
1587178200,+3.32, +2.971, +3.745,+0.986
1587178260,+3.32, +2.950, +3.756,+0.986
1587178320,+3.32, +2.982, +3.753,+0.986
1587178380,+3.32, +2.950, +3.762,+0.986
1587178440,+3.32, +2.960, +3.764,+0.986
1587178500,+3.32, +2.960, +3.768,+0.985
1587178560,+3.32, +2.939, +3.780,+0.986
1587178620,+3.32, +2.960, +3.775,+0.986
1587178680,+3.32, +2.960, +3.778,+0.986
1587178740,+3.32, +2.960, +3.776,+0.985
1587178800,+3.32, +2.971, +3.690,+0.986
1587178860,+3.32, +2.960, +3.692,+0.986
1587178920,+3.32, +2.939, +3.697,+0.986
1587178980,+3.32, +2.960, +3.693,+0.986
1587179040,+3.32, +2.950, +3.689,+0.986
1587179100,+3.32, +2.939, +3.686,+0.985
1587179160,+3.32, +2.971, +3.671,+0.985
1587179220,+3.32, +2.960, +3.672,+0.986
1587179280,+3.32, +2.960, +3.665,+0.986
1587179340,+3.32, +2.971, +3.659,+0.986
1587179400,+3.32, +2.939, +3.654,+0.986
1587179460,+3.32, +2.960, +3.643,+0.986
1587179520,+3.32, +2.939, +3.641,+0.986
1587179580,+3.32, +2.950, +3.627,+0.985
1587179640,+3.32, +2.971, +3.622,+0.985
1587179700,+3.32, +2.971, +3.616,+0.986
1587179760,+3.32, +2.960, +3.613,+0.986
1587179820,+3.32, +2.928, +3.609,+0.985
1587179880,+3.32, +2.960, +3.601,+0.985
1587179940,+3.32, +2.950, +3.593,+0.985
1587180000,+3.32, +2.950, +3.593,+0.985
1587180060,+3.32, +2.960, +3.588,+0.985
1587180120,+3.32, +2.960, +3.584,+0.986
1587180180,+3.32, +2.971, +3.577,+0.985
1587180240,+3.32, +2.982, +3.573,+0.986
1587180300,+3.32, +2.960, +3.572,+0.986
1587180360,+3.32, +2.971, +3.564,+0.986
1587180420,+3.32, +2.982, +3.557,+0.986
1587180480,+3.32, +2.971, +3.560,+0.986
1587180540,+3.32, +2.939, +3.557,+0.986
1587180600,+3.32, +2.918, +3.548,+0.985
1587180660,+3.32, +2.960, +3.545,+0.986
1587180720,+3.32, +2.971, +3.531,+0.985
1587180780,+3.32, +2.960, +3.529,+0.986
1587180840,+3.32, +2.960, +3.525,+0.985
1587180900,+3.32, +2.950, +3.522,+0.985
1587180960,+3.32, +2.939, +3.520,+0.985
1587181020,+3.32, +2.950, +3.523,+0.985
1587181080,+3.32, +2.960, +3.512,+0.985
1587181140,+3.32, +2.939, +3.519,+0.985
1587181200,+3.32, +2.928, +3.524,+0.985
1587181260,+3.31, +2.950, +3.523,+0.985
1587181320,+3.32, +2.939, +3.530,+0.985
1587181380,+3.32, +2.950, +3.530,+0.986
1587181440,+3.32, +2.960, +3.527,+0.985
1587181500,+3.32, +2.960, +3.529,+0.985
1587181560,+3.32, +2.960, +3.534,+0.985
1587181620,+3.32, +2.960, +3.537,+0.986
1587181680,+3.32, +2.960, +3.535,+0.985
1587181740,+3.32, +2.950, +3.539,+0.985
1587181800,+3.32, +2.928, +3.546,+0.985
1587181860,+3.32, +2.939, +3.552,+0.986
1587181920,+3.32, +2.950, +3.561,+0.986
1587181980,+3.32, +2.971, +3.558,+0.985
1587182040,+3.32, +2.960, +3.574,+0.986
1587182100,+3.32, +2.950, +3.581,+0.986
1587182160,+3.32, +3.003, +3.578,+0.986
1587182220,+3.32, +2.960, +3.591,+0.986
1587182280,+3.32, +2.939, +3.595,+0.985
1587182340,+3.32, +2.950, +3.608,+0.986
1587182400,+3.32, +2.950, +3.613,+0.986
1587182460,+3.32, +2.950, +3.618,+0.986
1587182520,+3.32, +2.939, +3.624,+0.986
1587182580,+3.32, +2.960, +3.630,+0.986
1587182640,+3.32, +2.950, +3.634,+0.985
1587182700,+3.32, +2.939, +3.651,+0.986
1587182760,+3.32, +2.960, +3.655,+0.986
1587182820,+3.32, +2.939, +3.669,+0.986
1587182880,+3.32, +2.939, +3.678,+0.985
1587182940,+3.32, +2.939, +3.686,+0.985
1587183000,+3.32, +2.960, +3.697,+0.986
1587183060,+3.32, +2.939, +3.711,+0.986
1587183120,+3.32, +2.960, +3.714,+0.985
1587183180,+3.32, +2.950, +3.727,+0.986
1587183240,+3.32, +2.960, +3.737,+0.986
1587183300,+3.32, +2.939, +3.744,+0.986
1587183360,+3.32, +2.950, +3.749,+0.986
1587183420,+3.32, +2.950, +3.756,+0.986
1587183480,+3.32, +2.939, +3.765,+0.986
1587183540,+3.32, +2.950, +3.768,+0.986
1587183600,+3.32, +2.960, +3.770,+0.986
1587183660,+3.32, +2.950, +3.773,+0.986
1587183720,+3.31, +2.971, +3.767,+0.986
1587183780,+3.32, +2.939, +3.773,+0.986
1587183840,+3.32, +2.939, +3.772,+0.986
1587183900,+3.32, +2.971, +3.768,+0.986
1587183960,+3.32, +2.971, +3.771,+0.986
1587184020,+3.31, +2.950, +3.763,+0.986
1587184080,+3.32, +2.950, +3.762,+0.986
1587184140,+3.32, +2.939, +3.762,+0.986
1587184200,+3.32, +2.950, +3.757,+0.986
1587184260,+3.32, +2.960, +3.756,+0.986
1587184320,+3.32, +2.960, +3.754,+0.986
1587184380,+3.32, +2.960, +3.751,+0.985
1587184440,+3.32, +2.939, +3.754,+0.986
1587184500,+3.32, +2.971, +3.748,+0.986
1587184560,+3.32, +2.928, +3.751,+0.986
1587184620,+3.32, +2.950, +3.748,+0.986
1587184680,+3.32, +2.960, +3.739,+0.986
1587184740,+3.32, +2.939, +3.745,+0.986
1587184800,+3.32, +2.960, +3.738,+0.986
1587184860,+3.32, +2.971, +3.738,+0.986
1587184920,+3.32, +2.960, +3.733,+0.986
1587184980,+3.32, +2.928, +3.739,+0.986
1587185040,+3.32, +2.960, +3.726,+0.986
1587185100,+3.32, +2.982, +3.728,+0.986
1587185160,+3.32, +2.950, +3.726,+0.986
1587185220,+3.32, +2.950, +3.720,+0.985
1587185280,+3.32, +2.960, +3.722,+0.986
1587185340,+3.32, +2.950, +3.717,+0.986
1587185400,+3.32, +2.950, +3.716,+0.985
1587185460,+3.32, +2.982, +3.717,+0.986
1587185520,+3.32, +2.960, +3.717,+0.986
1587185580,+3.32, +2.960, +3.714,+0.985
1587185640,+3.32, +2.939, +3.722,+0.986
1587185700,+3.32, +2.982, +3.717,+0.986
1587185760,+3.32, +2.950, +3.726,+0.986
1587185820,+3.32, +2.928, +3.724,+0.985
1587185880,+3.32, +2.950, +3.728,+0.986
1587185940,+3.32, +2.971, +3.723,+0.986
1587186000,+3.32, +2.939, +3.723,+0.985
1587186060,+3.32, +2.960, +3.723,+0.986
1587186120,+3.32, +2.939, +3.720,+0.986
1587186180,+3.32, +2.971, +3.717,+0.986
1587186240,+3.32, +2.960, +3.712,+0.986
1587186300,+3.32, +2.950, +3.719,+0.986
1587186360,+3.32, +2.939, +3.713,+0.986
1587186420,+3.32, +2.950, +3.709,+0.986
1587186480,+3.32, +2.939, +3.710,+0.986
1587186540,+3.32, +2.950, +3.705,+0.986
1587186600,+3.32, +2.928, +3.707,+0.986
1587186660,+3.32, +2.950, +3.698,+0.986
1587186720,+3.32, +2.950, +3.696,+0.985
1587186780,+3.32, +2.939, +3.694,+0.986
1587186840,+3.32, +2.928, +3.695,+0.986
1587186900,+3.32, +2.950, +3.688,+0.985
1587186960,+3.32, +2.950, +3.682,+0.985
1587187020,+3.32, +2.950, +3.687,+0.986
1587187080,+3.32, +2.918, +3.690,+0.986
1587187140,+3.32, +2.950, +3.687,+0.986
1587187200,+3.32, +2.950, +3.690,+0.986
1587187260,+3.32, +2.960, +3.688,+0.986
1587187320,+3.32, +2.950, +3.683,+0.986
1587187380,+3.32, +2.971, +3.688,+0.986
1587187440,+3.32, +2.971, +3.685,+0.986
1587187500,+3.32, +2.971, +3.682,+0.986
1587187560,+3.32, +2.950, +3.694,+0.986
1587187620,+3.32, +2.950, +3.702,+0.986
1587187680,+3.32, +2.939, +3.707,+0.986
1587187740,+3.32, +2.939, +3.715,+0.986
1587187800,+3.32, +2.950, +3.717,+0.985
1587187860,+3.32, +2.939, +3.727,+0.986
1587187920,+3.32, +2.918, +3.732,+0.985
1587187980,+3.32, +2.950, +3.742,+0.986
1587188040,+3.32, +2.960, +3.746,+0.986
1587188100,+3.32, +2.950, +3.747,+0.986
1587188160,+3.32, +2.928, +3.747,+0.986
1587188220,+3.32, +2.950, +3.749,+0.986
1587188280,+3.32, +2.950, +3.749,+0.986
1587188340,+3.32, +2.939, +3.746,+0.986
1587188400,+3.32, +2.918, +3.747,+0.986
1587188460,+3.32, +2.928, +3.739,+0.986
1587188520,+3.32, +2.960, +3.716,+0.985
1587188580,+3.32, +2.939, +3.712,+0.985
1587188640,+3.32, +2.939, +3.709,+0.986
1587188700,+3.32, +2.950, +3.690,+0.986
1587188760,+3.32, +2.939, +3.680,+0.986
1587188820,+3.32, +2.950, +3.659,+0.985
1587188880,+3.32, +2.950, +3.651,+0.986
1587188940,+3.32, +2.928, +3.639,+0.985
1587189000,+3.32, +2.939, +3.626,+0.986
1587189060,+3.32, +2.960, +3.616,+0.986
1587189120,+3.32, +2.950, +3.602,+0.986
1587189180,+3.32, +2.950, +3.587,+0.986
1587189240,+3.32, +2.939, +3.578,+0.986
1587189300,+3.32, +2.939, +3.573,+0.985
1587189360,+3.32, +2.918, +3.573,+0.986
1587189420,+3.32, +2.950, +3.557,+0.986
1587189480,+3.32, +2.960, +3.547,+0.985
1587189540,+3.32, +2.971, +3.539,+0.985
1587189600,+3.32, +2.960, +3.526,+0.985
1587189660,+3.32, +2.918, +3.527,+0.985
1587189720,+3.32, +2.928, +3.516,+0.985
1587189780,+3.32, +2.939, +3.504,+0.985
1587189840,+3.32, +2.971, +3.490,+0.985
1587189900,+3.32, +2.939, +3.487,+0.985
1587189960,+3.32, +2.897, +3.481,+0.985
1587190020,+3.32, +2.928, +3.471,+0.985
1587190080,+3.32, +2.939, +3.462,+0.985
1587190140,+3.32, +2.928, +3.457,+0.985
1587190200,+3.32, +2.950, +3.454,+0.985
1587190260,+3.32, +2.939, +3.451,+0.985
1587190320,+3.32, +2.928, +3.457,+0.986
1587190380,+3.32, +2.939, +3.459,+0.985
1587190440,+3.32, +2.950, +3.452,+0.985
1587190500,+3.32, +2.939, +3.460,+0.985
1587190560,+3.32, +2.950, +3.460,+0.986
1587190620,+3.32, +2.971, +3.455,+0.985
1587190680,+3.32, +2.939, +3.458,+0.985
1587190740,+3.32, +2.939, +3.457,+0.985
1587190800,+3.32, +2.928, +3.459,+0.985
1587190860,+3.32, +2.950, +3.452,+0.985
1587190920,+3.32, +2.950, +3.449,+0.985
1587190980,+3.32, +2.907, +3.458,+0.985
1587191040,+3.32, +2.982, +3.443,+0.985
1587191100,+3.32, +2.960, +3.457,+0.986
1587191160,+3.32, +2.939, +3.457,+0.985
1587191220,+3.32, +2.950, +3.462,+0.985
1587191280,+3.32, +2.939, +3.469,+0.985
1587191340,+3.32, +2.960, +3.471,+0.985
1587191400,+3.32, +2.928, +3.489,+0.985
1587191460,+3.32, +2.950, +3.494,+0.985
1587191520,+3.32, +2.918, +3.523,+0.986
1587191580,+3.32, +2.928, +3.535,+0.986
1587191640,+3.32, +2.918, +3.547,+0.985
1587191700,+3.32, +2.960, +3.560,+0.986
1587191760,+3.32, +2.939, +3.579,+0.985
1587191820,+3.32, +2.939, +3.593,+0.985
1587191880,+3.32, +2.939, +3.608,+0.985
1587191940,+3.32, +2.960, +3.620,+0.986
1587192000,+3.32, +2.960, +3.631,+0.985
1587192060,+3.32, +2.950, +3.646,+0.985
1587192120,+3.32, +2.960, +3.663,+0.986
1587192180,+3.32, +2.939, +3.673,+0.986
1587192240,+3.32, +2.939, +3.685,+0.986
1587192300,+3.32, +2.950, +3.689,+0.986
1587192360,+3.32, +2.960, +3.701,+0.986
1587192420,+3.32, +2.928, +3.716,+0.986
1587192480,+3.32, +2.939, +3.723,+0.985
1587192540,+3.32, +2.960, +3.727,+0.986
1587192600,+3.32, +2.928, +3.739,+0.986
1587192660,+3.32, +2.928, +3.748,+0.986
1587192720,+3.32, +2.939, +3.749,+0.986
1587192780,+3.32, +2.950, +3.750,+0.986
1587192840,+3.32, +2.928, +3.762,+0.986
1587192900,+3.32, +2.960, +3.757,+0.986
1587192960,+3.32, +2.960, +3.768,+0.986
1587193020,+3.32, +2.939, +3.771,+0.986
1587193080,+3.32, +2.950, +3.776,+0.986
1587193140,+3.32, +2.939, +3.773,+0.985
1587193200,+3.32, +2.950, +3.782,+0.986
1587193260,+3.32, +2.950, +3.781,+0.986
1587193320,+3.32, +2.928, +3.788,+0.986
1587193380,+3.32, +2.950, +3.783,+0.986
1587193440,+3.32, +2.950, +3.780,+0.986
1587193500,+3.32, +2.939, +3.783,+0.986
1587193560,+3.32, +2.950, +3.777,+0.986
1587193620,+3.32, +2.960, +3.777,+0.986
1587193680,+3.32, +2.918, +3.772,+0.985
1587193740,+3.32, +2.939, +3.772,+0.986
1587193800,+3.32, +2.939, +3.768,+0.986
1587193860,+3.32, +2.928, +3.772,+0.986
1587193920,+3.32, +2.928, +3.774,+0.986
1587193980,+3.32, +2.918, +3.776,+0.986
1587194040,+3.32, +2.950, +3.770,+0.986
1587194100,+3.32, +2.939, +3.774,+0.986
1587194160,+3.32, +2.960, +3.766,+0.986
1587194220,+3.32, +2.939, +3.765,+0.985
1587194280,+3.32, +2.939, +3.773,+0.986
1587194340,+3.32, +2.950, +3.760,+0.986
1587194400,+3.32, +2.928, +3.767,+0.986
1587194460,+3.32, +2.939, +3.761,+0.986
1587194520,+3.32, +2.928, +3.761,+0.986
1587194580,+3.32, +2.960, +3.755,+0.986
1587194640,+3.32, +2.939, +3.754,+0.986
1587194700,+3.32, +2.960, +3.748,+0.986
1587194760,+3.32, +2.950, +3.751,+0.986
1587194820,+3.32, +2.928, +3.749,+0.985
1587194880,+3.32, +2.939, +3.748,+0.986
1587194940,+3.32, +2.939, +3.751,+0.986
1587195000,+3.32, +2.928, +3.749,+0.986
1587195060,+3.32, +2.950, +3.742,+0.986
1587195120,+3.32, +2.950, +3.734,+0.985
1587195180,+3.32, +2.950, +3.738,+0.986
1587195240,+3.32, +2.939, +3.741,+0.986
1587195300,+3.32, +2.950, +3.730,+0.986
1587195360,+3.32, +2.950, +3.733,+0.986
1587195420,+3.32, +2.928, +3.736,+0.986
1587195480,+3.32, +2.918, +3.734,+0.986
1587195540,+3.32, +2.950, +3.727,+0.986
1587195600,+3.32, +2.928, +3.731,+0.985
1587195660,+3.32, +2.939, +3.726,+0.986
1587195720,+3.32, +2.950, +3.725,+0.986
1587195780,+3.32, +2.950, +3.728,+0.986
1587195840,+3.31, +2.928, +3.736,+0.986
1587195900,+3.32, +2.950, +3.734,+0.986
1587195960,+3.32, +2.928, +3.734,+0.986
1587196020,+3.32, +2.939, +3.737,+0.986
1587196080,+3.32, +2.939, +3.735,+0.985
1587196140,+3.32, +2.950, +3.734,+0.985
1587196200,+3.32, +2.950, +3.742,+0.986
1587196260,+3.32, +2.960, +3.743,+0.986
1587196320,+3.32, +2.971, +3.737,+0.986
1587196380,+3.32, +2.960, +3.743,+0.986
1587196440,+3.32, +2.971, +3.739,+0.985
1587196500,+3.32, +2.960, +3.741,+0.986
1587196560,+3.32, +2.950, +3.745,+0.986
1587196620,+3.32, +2.960, +3.748,+0.986
1587196680,+3.32, +2.971, +3.741,+0.986
1587196740,+3.32, +2.950, +3.745,+0.986
1587196800,+3.32, +2.907, +3.747,+0.986
1587196860,+3.32, +2.950, +3.732,+0.985
1587196920,+3.32, +2.960, +3.726,+0.986
1587196980,+3.32, +2.950, +3.722,+0.986
1587197040,+3.32, +2.960, +3.717,+0.986
1587197100,+3.32, +2.939, +3.703,+0.986
1587197160,+3.32, +2.950, +3.696,+0.986
1587197220,+3.32, +2.950, +3.683,+0.986
1587197280,+3.32, +2.928, +3.681,+0.986
1587197340,+3.32, +2.950, +3.665,+0.985
1587197400,+3.32, +2.960, +3.654,+0.986
1587197460,+3.32, +2.950, +3.644,+0.986
1587197520,+3.32, +2.960, +3.632,+0.985
1587197580,+3.32, +2.950, +3.626,+0.985
1587197640,+3.32, +2.950, +3.621,+0.986
1587197700,+3.32, +2.939, +3.612,+0.986
1587197760,+3.32, +2.950, +3.601,+0.985
1587197820,+3.32, +2.960, +3.596,+0.986
1587197880,+3.32, +2.939, +3.590,+0.985
1587197940,+3.32, +2.982, +3.577,+0.986
1587198000,+3.32, +2.950, +3.574,+0.986
1587198060,+3.32, +2.971, +3.567,+0.986
1587198120,+3.32, +2.971, +3.559,+0.985
1587198180,+3.32, +2.939, +3.561,+0.985
1587198240,+3.32, +2.950, +3.555,+0.986
1587198300,+3.32, +2.939, +3.548,+0.985
1587198360,+3.32, +2.971, +3.540,+0.986
1587198420,+3.32, +2.939, +3.536,+0.985
1587198480,+3.32, +2.950, +3.530,+0.985
1587198540,+3.32, +2.950, +3.524,+0.986
1587198600,+3.32, +2.960, +3.521,+0.985
1587198660,+3.32, +2.960, +3.514,+0.985
1587198720,+3.32, +2.928, +3.520,+0.985
1587198780,+3.32, +2.971, +3.514,+0.985
1587198840,+3.32, +2.960, +3.520,+0.986
1587198900,+3.32, +2.950, +3.530,+0.986
1587198960,+3.32, +2.950, +3.528,+0.985
1587199020,+3.32, +2.950, +3.540,+0.985
1587199080,+3.32, +2.971, +3.552,+0.986
1587199140,+3.32, +2.971, +3.560,+0.985
1587199200,+3.32, +2.960, +3.577,+0.985
1587199260,+3.32, +2.960, +3.588,+0.985
1587199320,+3.32, +2.928, +3.611,+0.986
1587199380,+3.32, +2.950, +3.616,+0.985
1587199440,+3.32, +2.939, +3.636,+0.986
1587199500,+3.32, +2.950, +3.646,+0.986
1587199560,+3.32, +2.960, +3.652,+0.986
1587199620,+3.32, +2.950, +3.661,+0.985
1587199680,+3.32, +2.960, +3.670,+0.986
1587199740,+3.32, +2.918, +3.676,+0.985
1587199800,+3.32, +2.982, +3.670,+0.986
1587199860,+3.32, +3.003, +3.671,+0.986
1587199920,+3.32, +2.950, +3.682,+0.986
1587199980,+3.32, +3.003, +3.668,+0.986
1587200040,+3.32, +2.960, +3.678,+0.986
1587200100,+3.32, +2.971, +3.673,+0.986
1587200160,+3.32, +2.971, +3.671,+0.986
1587200220,+3.32, +2.992, +3.662,+0.985
1587200280,+3.32, +2.950, +3.671,+0.986
1587200340,+3.32, +2.950, +3.667,+0.986
1587200400,+3.32, +2.960, +3.545,+0.985
1587200460,+3.32, +2.992, +3.551,+0.985
1587200520,+3.32, +2.971, +3.566,+0.986
1587200580,+3.32, +2.950, +3.576,+0.985
1587200640,+3.32, +2.971, +3.569,+0.986
1587200700,+3.32, +2.971, +3.554,+0.986
1587200760,+3.32, +2.971, +3.529,+0.985
1587200820,+3.32, +2.950, +3.512,+0.985
1587200880,+3.32, +2.971, +3.477,+0.985
1587200940,+3.32, +2.971, +3.446,+0.985
1587201000,+3.32, +2.971, +3.419,+0.985
1587201060,+3.32, +2.950, +3.396,+0.985
1587201120,+3.32, +2.960, +3.370,+0.985
1587201180,+3.32, +2.960, +3.344,+0.985
1587201240,+3.32, +2.971, +3.316,+0.985
1587201300,+3.32, +2.950, +3.294,+0.985
1587201360,+3.32, +2.960, +3.266,+0.985
1587201420,+3.32, +2.982, +3.243,+0.985
1587201480,+3.32, +2.960, +3.224,+0.985
1587201540,+3.32, +2.982, +3.206,+0.985
1587201600,+3.32, +2.960, +3.194,+0.985
1587201660,+3.32, +2.960, +3.183,+0.985
1587201720,+3.32, +2.971, +3.171,+0.985
1587201780,+3.32, +2.960, +3.164,+0.985
1587201840,+3.32, +3.003, +3.145,+0.985
1587201900,+3.32, +2.982, +3.137,+0.985
1587201960,+3.32, +2.960, +3.130,+0.985
1587202020,+3.32, +2.939, +3.122,+0.984
1587202080,+3.32, +2.960, +3.107,+0.984
1587202140,+3.32, +2.971, +3.095,+0.984
1587202200,+3.32, +2.950, +3.094,+0.984
1587202260,+3.32, +2.960, +3.090,+0.985
1587202320,+3.32, +2.939, +3.083,+0.985
1587202380,+3.32, +2.950, +3.073,+0.984
1587202440,+3.32, +2.928, +3.077,+0.985
1587202500,+3.32, +2.950, +3.061,+0.984
1587202560,+3.32, +2.939, +3.059,+0.984
1587202620,+3.32, +2.992, +3.050,+0.985
1587202680,+3.32, +2.960, +3.050,+0.984
1587202740,+3.32, +2.971, +3.043,+0.984
1587202800,+3.32, +2.950, +3.043,+0.984
1587202860,+3.32, +2.971, +3.036,+0.984
1587202920,+3.32, +2.971, +3.032,+0.984
1587202980,+3.32, +2.939, +3.039,+0.984
1587203040,+3.32, +2.982, +3.031,+0.984
1587203100,+3.32, +2.960, +3.030,+0.984
1587203160,+3.32, +2.982, +3.025,+0.984
1587203220,+3.32, +2.971, +3.028,+0.985
1587203280,+3.32, +2.950, +3.023,+0.984
1587203340,+3.32, +2.950, +3.020,+0.984
1587203400,+3.32, +2.960, +3.020,+0.985
1587203460,+3.32, +2.960, +3.017,+0.984
1587203520,+3.32, +2.950, +3.014,+0.984
1587203580,+3.32, +2.992, +3.005,+0.984
1587203640,+3.32, +2.960, +3.011,+0.985
1587203700,+3.32, +2.971, +3.004,+0.984
1587203760,+3.32, +2.950, +3.003,+0.984
1587203820,+3.32, +2.960, +2.999,+0.984
1587203880,+3.32, +2.971, +2.991,+0.984
1587203940,+3.32, +2.950, +2.988,+0.984
1587204000,+3.32, +2.971, +2.980,+0.984
1587204060,+3.32, +2.971, +2.979,+0.984
1587204120,+3.32, +2.982, +2.969,+0.984
1587204180,+3.32, +2.982, +2.970,+0.984
1587204240,+3.32, +2.939, +2.965,+0.984
1587204300,+3.32, +2.939, +2.968,+0.984
1587204360,+3.32, +2.939, +2.969,+0.984
1587204420,+3.32, +2.939, +2.965,+0.984
1587204480,+3.32, +2.960, +2.966,+0.984
1587204540,+3.32, +2.971, +2.960,+0.984
1587204600,+3.32, +2.950, +2.960,+0.984
1587204660,+3.32, +2.960, +2.961,+0.984
1587204720,+3.32, +2.971, +2.956,+0.984
1587204780,+3.32, +2.982, +2.954,+0.984
1587204840,+3.32, +2.939, +2.953,+0.984
1587204900,+3.32, +2.950, +2.957,+0.984
1587204960,+3.32, +2.971, +2.953,+0.984
1587205020,+3.32, +2.960, +2.951,+0.984
1587205080,+3.32, +2.960, +2.950,+0.984
1587205140,+3.32, +2.939, +2.950,+0.984
1587205200,+3.32, +2.950, +2.947,+0.984
1587205260,+3.32, +2.950, +2.948,+0.984
1587205320,+3.32, +2.950, +2.945,+0.984
1587205380,+3.32, +2.971, +2.941,+0.984
1587205440,+3.32, +2.960, +2.940,+0.984
1587205500,+3.32, +2.939, +2.938,+0.984
1587205560,+3.32, +2.939, +2.941,+0.984
1587205620,+3.32, +2.982, +2.927,+0.984
1587205680,+3.32, +2.939, +2.932,+0.984
1587205740,+3.32, +2.971, +2.925,+0.984
1587205800,+3.32, +2.950, +2.924,+0.984
1587205860,+3.32, +2.950, +2.923,+0.984
1587205920,+3.32, +2.982, +2.917,+0.984
1587205980,+3.32, +2.971, +2.915,+0.984
1587206040,+3.32, +2.960, +2.921,+0.984
1587206100,+3.32, +2.960, +2.918,+0.984
1587206160,+3.32, +2.971, +2.916,+0.984
1587206220,+3.32, +2.960, +2.913,+0.984
1587206280,+3.32, +2.939, +2.920,+0.984
1587206340,+3.32, +2.960, +2.916,+0.984
1587206400,+3.32, +2.950, +2.919,+0.984
1587206460,+3.32, +2.939, +2.920,+0.984
1587206520,+3.32, +2.950, +2.919,+0.984
1587206580,+3.32, +2.960, +2.917,+0.984
1587206640,+3.32, +2.971, +2.912,+0.984
1587206700,+3.32, +2.971, +2.913,+0.984
1587206760,+3.32, +2.950, +2.917,+0.984
1587206820,+3.32, +2.960, +2.914,+0.984
1587206880,+3.32, +2.971, +2.914,+0.984
1587206940,+3.32, +2.960, +2.912,+0.984
1587207000,+3.32, +2.971, +2.914,+0.984
1587207060,+3.32, +2.950, +2.914,+0.984
1587207120,+3.32, +2.971, +2.915,+0.984
1587207180,+3.32, +2.971, +2.913,+0.984
1587207240,+3.32, +2.982, +2.909,+0.984
1587207300,+3.32, +2.950, +2.912,+0.984
1587207360,+3.32, +2.939, +2.913,+0.984
1587207420,+3.32, +2.950, +2.910,+0.984
1587207480,+3.32, +2.971, +2.908,+0.984
1587207540,+3.32, +2.971, +2.905,+0.984
1587207600,+3.32, +2.982, +2.896,+0.984
1587207660,+3.32, +2.939, +2.908,+0.984
1587207720,+3.32, +2.971, +2.897,+0.984
1587207780,+3.32, +2.950, +2.900,+0.984
1587207840,+3.32, +2.971, +2.896,+0.984
1587207900,+3.32, +2.982, +2.894,+0.984
1587207960,+3.32, +2.960, +2.894,+0.984
1587208020,+3.32, +2.971, +2.891,+0.984
1587208080,+3.32, +2.982, +2.889,+0.984
1587208140,+3.32, +2.982, +2.891,+0.984
1587208200,+3.32, +2.982, +2.887,+0.984
1587208260,+3.32, +3.003, +2.880,+0.984
1587208320,+3.32, +2.971, +2.886,+0.984
1587208380,+3.32, +2.971, +2.884,+0.984
1587208440,+3.32, +2.960, +2.883,+0.984
1587208500,+3.32, +2.960, +2.885,+0.984
1587208560,+3.32, +2.971, +2.888,+0.984
1587208620,+3.32, +2.982, +2.887,+0.984
1587208680,+3.32, +2.971, +2.890,+0.984
1587208740,+3.32, +2.992, +2.889,+0.984
1587208800,+3.32, +2.992, +2.886,+0.984
1587208860,+3.32, +2.950, +2.895,+0.984
1587208920,+3.32, +2.960, +2.896,+0.984
1587208980,+3.32, +2.982, +2.891,+0.984
1587209040,+3.32, +2.971, +2.895,+0.984
1587209100,+3.32, +2.950, +2.903,+0.984
1587209160,+3.32, +2.971, +2.901,+0.984
1587209220,+3.32, +2.960, +2.902,+0.984
1587209280,+3.32, +2.960, +2.903,+0.984
1587209340,+3.32, +2.960, +2.905,+0.984
1587209400,+3.32, +2.971, +2.903,+0.984
1587209460,+3.32, +2.950, +2.905,+0.984
1587209520,+3.32, +2.982, +2.905,+0.984
1587209580,+3.32, +2.971, +2.905,+0.984
1587209640,+3.32, +2.971, +2.900,+0.984
1587209700,+3.32, +2.971, +2.903,+0.984
1587209760,+3.32, +2.960, +2.902,+0.984
1587209820,+3.32, +2.950, +2.903,+0.984
1587209880,+3.32, +2.982, +2.899,+0.984
1587209940,+3.32, +2.971, +2.899,+0.984
1587210000,+3.32, +2.971, +2.901,+0.984
1587210060,+3.32, +2.950, +2.899,+0.984
1587210120,+3.32, +2.982, +2.893,+0.984
1587210180,+3.32, +2.960, +2.898,+0.984
1587210240,+3.32, +2.939, +2.895,+0.984
1587210300,+3.32, +3.014, +2.886,+0.984
1587210360,+3.32, +2.950, +2.890,+0.984
1587210420,+3.32, +2.971, +2.889,+0.984
1587210480,+3.32, +2.982, +2.888,+0.984
1587210540,+3.32, +2.982, +2.890,+0.984
1587210600,+3.32, +2.971, +2.888,+0.984
1587210660,+3.32, +2.971, +2.889,+0.984
1587210720,+3.32, +2.960, +2.892,+0.984
1587210780,+3.32, +3.003, +2.881,+0.984
1587210840,+3.32, +2.971, +2.894,+0.984
1587210900,+3.32, +2.971, +2.890,+0.984
1587210960,+3.32, +2.982, +2.887,+0.984
1587211020,+3.32, +2.992, +2.886,+0.984
1587211080,+3.32, +2.960, +2.894,+0.984
1587211140,+3.32, +2.982, +2.892,+0.984
1587211200,+3.32, +2.982, +2.888,+0.984
1587211260,+3.32, +2.982, +2.889,+0.984
1587211320,+3.32, +2.928, +2.900,+0.984
1587211380,+3.32, +2.982, +2.886,+0.984
1587211440,+3.32, +2.982, +2.887,+0.984
1587211500,+3.32, +2.960, +2.893,+0.984
1587211560,+3.32, +2.971, +2.889,+0.984
1587211620,+3.32, +2.960, +2.890,+0.984
1587211680,+3.32, +3.003, +2.885,+0.984
1587211740,+3.32, +2.971, +2.890,+0.984
1587211800,+3.32, +2.960, +2.893,+0.984
1587211860,+3.32, +2.971, +2.895,+0.984
1587211920,+3.32, +2.982, +2.898,+0.984
1587211980,+3.32, +2.960, +2.905,+0.984
1587212040,+3.32, +2.982, +2.898,+0.984
1587212100,+3.32, +2.992, +2.904,+0.984
1587212160,+3.32, +2.971, +2.910,+0.984
1587212220,+3.32, +2.982, +2.908,+0.984
1587212280,+3.32, +2.992, +2.913,+0.984
1587212340,+3.32, +2.982, +2.916,+0.984
1587212400,+3.32, +2.971, +2.923,+0.984
1587212460,+3.32, +2.971, +2.926,+0.984
1587212520,+3.32, +2.960, +2.926,+0.984
1587212580,+3.32, +2.982, +2.923,+0.984
1587212640,+3.32, +2.960, +2.935,+0.984
1587212700,+3.32, +2.971, +2.934,+0.984
1587212760,+3.32, +2.982, +2.935,+0.984
1587212820,+3.32, +2.992, +2.933,+0.984
1587212880,+3.32, +2.982, +2.937,+0.984
1587212940,+3.32, +2.971, +2.938,+0.984
1587213000,+3.32, +2.971, +2.940,+0.984
1587213060,+3.32, +2.971, +2.942,+0.984
1587213120,+3.32, +3.003, +2.937,+0.984
1587213180,+3.32, +3.003, +2.937,+0.984
1587213240,+3.32, +2.971, +2.942,+0.984
1587213300,+3.32, +2.992, +2.941,+0.984
1587213360,+3.32, +2.982, +2.940,+0.984
1587213420,+3.32, +2.992, +2.935,+0.984
1587213480,+3.32, +2.971, +2.941,+0.984
1587213540,+3.32, +2.982, +2.936,+0.984
1587213600,+3.32, +2.992, +2.936,+0.984
1587213660,+3.32, +3.014, +2.929,+0.984
1587213720,+3.32, +2.982, +2.933,+0.984
1587213780,+3.32, +2.982, +2.932,+0.984
1587213840,+3.32, +3.024, +2.927,+0.984
1587213900,+3.32, +2.992, +2.923,+0.984
1587213960,+3.32, +2.982, +2.922,+0.984
1587214020,+3.32, +2.992, +2.919,+0.984
1587214080,+3.32, +3.014, +2.914,+0.984
1587214140,+3.32, +2.982, +2.914,+0.984
1587214200,+3.32, +2.982, +2.914,+0.984
1587214260,+3.32, +2.971, +2.903,+0.984
1587214320,+3.32, +3.003, +2.899,+0.984
1587214380,+3.32, +3.003, +2.896,+0.984
1587214440,+3.32, +2.971, +2.894,+0.984
1587214500,+3.32, +2.992, +2.886,+0.984
1587214560,+3.32, +2.992, +2.885,+0.984
1587214620,+3.32, +2.992, +2.880,+0.984
1587214680,+3.32, +2.992, +2.872,+0.984
1587214740,+3.32, +3.003, +2.868,+0.984
1587214800,+3.32, +2.992, +2.859,+0.984
1587214860,+3.32, +2.971, +2.859,+0.984
1587214920,+3.32, +2.992, +2.853,+0.984
1587214980,+3.32, +2.982, +2.846,+0.984
1587215040,+3.32, +2.982, +2.841,+0.984
1587215100,+3.32, +2.982, +2.839,+0.984
1587215160,+3.32, +2.992, +2.839,+0.984
1587215220,+3.32, +3.003, +2.826,+0.984
1587215280,+3.32, +3.024, +2.819,+0.984
1587215340,+3.32, +2.992, +2.819,+0.984
1587215400,+3.32, +2.992, +2.810,+0.984
1587215460,+3.32, +3.003, +2.806,+0.984
1587215520,+3.32, +2.971, +2.801,+0.984
1587215580,+3.32, +2.982, +2.797,+0.984
1587215640,+3.32, +2.971, +2.797,+0.984
1587215700,+3.32, +2.992, +2.788,+0.984
1587215760,+3.32, +2.992, +2.783,+0.984
1587215820,+3.32, +2.982, +2.781,+0.984
1587215880,+3.32, +2.992, +2.776,+0.984
1587215940,+3.32, +3.014, +2.770,+0.984
1587216000,+3.32, +2.982, +2.769,+0.984
1587216060,+3.32, +2.982, +2.764,+0.984
1587216120,+3.32, +2.982, +2.763,+0.984
1587216180,+3.32, +2.971, +2.756,+0.984
1587216240,+3.32, +2.960, +2.755,+0.984
1587216300,+3.32, +3.003, +2.748,+0.984
1587216360,+3.32, +2.982, +2.739,+0.983
1587216420,+3.32, +2.971, +2.743,+0.983
1587216480,+3.32, +2.992, +2.735,+0.983
1587216540,+3.32, +2.982, +2.735,+0.984
1587216600,+3.32, +2.950, +2.734,+0.983
1587216660,+3.32, +2.982, +2.727,+0.983
1587216720,+3.32, +2.982, +2.724,+0.984
1587216780,+3.32, +2.982, +2.721,+0.983
1587216840,+3.32, +2.992, +2.715,+0.984
1587216900,+3.32, +2.971, +2.711,+0.983
1587216960,+3.32, +2.992, +2.707,+0.984
1587217020,+3.32, +2.971, +2.705,+0.983
1587217080,+3.32, +2.992, +2.701,+0.984
1587217140,+3.32, +2.982, +2.697,+0.984
1587217200,+3.32, +2.982, +2.694,+0.983
1587217260,+3.32, +2.982, +2.687,+0.983
1587217320,+3.32, +2.982, +2.685,+0.983
1587217380,+3.32, +2.992, +2.678,+0.983
1587217440,+3.32, +2.982, +2.677,+0.983
1587217500,+3.32, +2.971, +2.670,+0.983
1587217560,+3.32, +2.982, +2.671,+0.984
1587217620,+3.32, +2.992, +2.658,+0.983
1587217680,+3.32, +3.003, +2.654,+0.983
1587217740,+3.32, +2.992, +2.654,+0.984
1587217800,+3.32, +3.014, +2.647,+0.984
1587217860,+3.32, +3.014, +2.641,+0.983
1587217920,+3.32, +2.982, +2.652,+0.983
1587217980,+3.32, +2.982, +2.655,+0.983
1587218040,+3.32, +2.992, +2.655,+0.983
1587218100,+3.32, +3.003, +2.657,+0.983
1587218160,+3.32, +2.960, +2.667,+0.983
1587218220,+3.32, +2.992, +2.670,+0.984
1587218280,+3.32, +2.992, +2.674,+0.984
1587218340,+3.32, +2.982, +2.674,+0.983
1587218400,+3.32, +2.982, +2.679,+0.983
1587218460,+3.32, +2.992, +2.683,+0.983
1587218520,+3.32, +2.992, +2.685,+0.983
1587218580,+3.32, +2.982, +2.686,+0.983
1587218640,+3.32, +3.056, +2.681,+0.984
1587218700,+3.32, +2.992, +2.694,+0.983
1587218760,+3.32, +2.982, +2.698,+0.983
1587218820,+3.32, +2.992, +2.700,+0.984
1587218880,+3.32, +2.982, +2.705,+0.984
1587218940,+3.32, +2.971, +2.708,+0.983
1587219000,+3.32, +2.992, +2.710,+0.984
1587219060,+3.32, +2.982, +2.712,+0.983
1587219120,+3.32, +2.992, +2.718,+0.984
1587219180,+3.32, +2.971, +2.723,+0.984
1587219240,+3.32, +2.982, +2.722,+0.984
1587219300,+3.32, +2.971, +2.726,+0.984
1587219360,+3.32, +2.982, +2.723,+0.983
1587219420,+3.32, +2.971, +2.721,+0.983
1587219480,+3.32, +3.003, +2.725,+0.984
1587219540,+3.32, +2.982, +2.727,+0.984
1587219600,+3.32, +2.982, +2.721,+0.984
1587219660,+3.32, +3.024, +2.717,+0.984
1587219720,+3.32, +2.992, +2.720,+0.984
1587219780,+3.32, +2.982, +2.719,+0.983
1587219840,+3.32, +2.982, +2.718,+0.983
1587219900,+3.32, +2.971, +2.716,+0.984
1587219960,+3.32, +2.982, +2.715,+0.984
1587220020,+3.32, +2.971, +2.714,+0.983
1587220080,+3.32, +3.003, +2.707,+0.983
1587220140,+3.32, +2.960, +2.713,+0.983
1587220200,+3.32, +2.971, +2.711,+0.983
1587220260,+3.32, +2.982, +2.706,+0.983
1587220320,+3.32, +2.992, +2.706,+0.983
1587220380,+3.32, +2.982, +2.703,+0.983
1587220440,+3.32, +2.992, +2.706,+0.984
1587220500,+3.32, +3.014, +2.709,+0.984
1587220560,+3.32, +2.992, +2.719,+0.983
1587220620,+3.32, +2.939, +2.736,+0.983
1587220680,+3.32, +2.982, +2.741,+0.983
1587220740,+3.32, +2.982, +2.755,+0.983
1587220800,+3.32, +2.982, +2.761,+0.984
1587220860,+3.32, +2.992, +2.771,+0.984
1587220920,+3.32, +2.982, +2.779,+0.984
1587220980,+3.32, +2.992, +2.781,+0.984
1587221040,+3.32, +3.003, +2.783,+0.984
1587221100,+3.32, +2.982, +2.787,+0.984
1587221160,+3.32, +3.003, +2.785,+0.983
1587221220,+3.32, +2.982, +2.792,+0.984
1587221280,+3.32, +2.992, +2.792,+0.984
1587221340,+3.32, +2.982, +2.793,+0.983
1587221400,+3.32, +2.971, +2.803,+0.984
1587221460,+3.32, +2.971, +2.804,+0.983
1587221520,+3.32, +2.971, +2.810,+0.984
1587221580,+3.32, +2.982, +2.816,+0.984
1587221640,+3.32, +2.982, +2.817,+0.984
1587221700,+3.32, +2.992, +2.817,+0.984
1587221760,+3.32, +2.992, +2.820,+0.984
1587221820,+3.32, +2.992, +2.823,+0.984
1587221880,+3.32, +2.971, +2.832,+0.984
1587221940,+3.32, +2.992, +2.829,+0.984
1587222000,+3.32, +2.960, +2.917,+0.984
1587222060,+3.32, +2.982, +2.983,+0.984
1587222120,+3.32, +2.971, +3.017,+0.985
1587222180,+3.32, +2.971, +3.024,+0.984
1587222240,+3.32, +3.003, +3.014,+0.985
1587222300,+3.32, +2.971, +3.010,+0.985
1587222360,+3.32, +3.003, +2.993,+0.984
1587222420,+3.32, +2.971, +2.983,+0.984
1587222480,+3.32, +2.992, +2.969,+0.984
1587222540,+3.32, +2.982, +2.963,+0.984
1587222600,+3.32, +2.971, +2.953,+0.984
1587222660,+3.32, +2.992, +2.945,+0.984
1587222720,+3.32, +2.960, +2.945,+0.984
1587222780,+3.32, +2.960, +2.938,+0.984
1587222840,+3.32, +2.982, +2.927,+0.984
1587222900,+3.32, +2.992, +2.922,+0.984
1587222960,+3.32, +2.960, +2.923,+0.984
1587223020,+3.32, +2.982, +2.919,+0.984
1587223080,+3.32, +2.982, +2.915,+0.984
1587223140,+3.32, +2.982, +2.916,+0.984
1587223200,+3.32, +2.971, +2.910,+0.984
1587223260,+3.32, +3.024, +2.903,+0.984
1587223320,+3.32, +3.003, +2.907,+0.985
1587223380,+3.32, +2.971, +2.903,+0.984
1587223440,+3.32, +2.960, +2.898,+0.984
1587223500,+3.32, +2.971, +2.893,+0.984
1587223560,+3.32, +2.982, +2.881,+0.984
1587223620,+3.32, +2.992, +2.878,+0.984
1587223680,+3.32, +2.982, +2.874,+0.984
1587223740,+3.32, +2.971, +2.875,+0.984
1587223800,+3.32, +2.982, +2.869,+0.984
1587223860,+3.32, +2.971, +2.871,+0.984
1587223920,+3.32, +2.992, +2.869,+0.984
1587223980,+3.32, +2.960, +2.880,+0.984
1587224040,+3.32, +2.971, +2.883,+0.984
1587224100,+3.32, +2.971, +2.884,+0.984
1587224160,+3.32, +2.992, +2.888,+0.984
1587224220,+3.32, +2.960, +2.893,+0.984
1587224280,+3.32, +2.982, +2.893,+0.984
1587224340,+3.32, +2.971, +2.905,+0.984
1587224400,+3.32, +2.982, +2.931,+0.984
1587224460,+3.32, +2.982, +2.951,+0.984
1587224520,+3.32, +2.982, +2.964,+0.984
1587224580,+3.32, +2.992, +2.983,+0.984
1587224640,+3.32, +2.982, +3.006,+0.984
1587224700,+3.32, +2.971, +3.032,+0.985
1587224760,+3.32, +2.992, +3.056,+0.984
1587224820,+3.32, +2.971, +3.075,+0.985
1587224880,+3.32, +2.971, +3.070,+0.984
1587224940,+3.32, +2.971, +3.061,+0.985
1587225000,+3.32, +2.992, +3.051,+0.985
1587225060,+3.32, +2.982, +3.040,+0.984
1587225120,+3.32, +2.960, +3.036,+0.984
1587225180,+3.32, +2.971, +3.034,+0.984
1587225240,+3.32, +2.982, +3.037,+0.984
1587225300,+3.32, +2.950, +3.056,+0.984
1587225360,+3.32, +2.992, +3.062,+0.984
1587225420,+3.32, +2.992, +3.081,+0.985
1587225480,+3.32, +2.982, +3.087,+0.985
1587225540,+3.32, +2.982, +3.095,+0.984
1587225600,+3.32, +2.971, +3.097,+0.984
1587225660,+3.32, +2.992, +3.096,+0.984
1587225720,+3.32, +2.982, +3.093,+0.984
1587225780,+3.32, +2.939, +3.100,+0.985
1587225840,+3.32, +2.982, +3.091,+0.984
1587225900,+3.32, +2.982, +3.093,+0.985
1587225960,+3.32, +3.003, +3.084,+0.984
1587226020,+3.32, +2.971, +3.102,+0.984
1587226080,+3.32, +2.982, +3.110,+0.984
1587226140,+3.32, +2.960, +3.114,+0.984
1587226200,+3.32, +2.982, +3.110,+0.985
1587226260,+3.32, +2.971, +3.117,+0.985
1587226320,+3.32, +2.960, +3.128,+0.985
1587226380,+3.32, +2.982, +3.146,+0.985
1587226440,+3.32, +2.982, +3.165,+0.985
1587226500,+3.32, +2.982, +3.182,+0.985
1587226560,+3.32, +2.950, +3.194,+0.985
1587226620,+3.32, +2.971, +3.197,+0.985
1587226680,+3.32, +2.982, +3.194,+0.985
1587226740,+3.31, +2.950, +3.195,+0.985
1587226800,+3.32, +2.971, +3.181,+0.985
1587226860,+3.32, +2.939, +3.175,+0.985
1587226920,+3.32, +2.982, +3.164,+0.985
1587226980,+3.32, +2.971, +3.178,+0.985
1587227040,+3.32, +2.971, +3.181,+0.985
1587227100,+3.32, +2.992, +3.162,+0.985
1587227160,+3.32, +3.014, +3.141,+0.985
1587227220,+3.32, +2.992, +3.147,+0.985
1587227280,+3.32, +2.982, +3.151,+0.985
1587227340,+3.32, +2.992, +3.145,+0.985
1587227400,+3.32, +2.971, +3.155,+0.985
1587227460,+3.32, +2.971, +3.168,+0.985
1587227520,+3.32, +2.992, +3.163,+0.985
1587227580,+3.32, +2.971, +3.175,+0.985
1587227640,+3.32, +2.992, +3.177,+0.985
1587227700,+3.32, +2.971, +3.185,+0.984
1587227760,+3.32, +2.982, +3.192,+0.985
1587227820,+3.32, +2.982, +3.194,+0.984
1587227880,+3.32, +2.982, +3.205,+0.985
1587227940,+3.32, +2.971, +3.228,+0.985
1587228000,+3.32, +2.971, +3.277,+0.985
1587228060,+3.32, +2.971, +3.325,+0.985
1587228120,+3.32, +2.960, +3.370,+0.985
1587228180,+3.32, +2.950, +3.408,+0.985
1587228240,+3.32, +2.939, +3.452,+0.985
1587228300,+3.32, +2.982, +3.484,+0.985
1587228360,+3.32, +3.014, +3.528,+0.986
1587228420,+3.32, +2.992, +3.575,+0.986
1587228480,+3.32, +2.982, +3.604,+0.985
1587228540,+3.32, +3.003, +3.593,+0.986
1587228600,+3.32, +2.992, +3.528,+0.985
1587228660,+3.32, +3.045, +3.424,+0.985
1587228720,+3.32, +3.003, +3.285,+0.985
1587228780,+3.32, +3.014, +3.165,+0.985
1587228840,+3.32, +2.992, +3.105,+0.985
1587228900,+3.32, +3.003, +3.080,+0.984
1587228960,+3.32, +2.982, +3.074,+0.985
1587229020,+3.32, +2.971, +3.056,+0.984
1587229080,+3.32, +2.960, +3.044,+0.984
1587229140,+3.32, +2.928, +3.053,+0.984
1587229200,+3.32, +2.939, +3.125,+0.984
1587229260,+3.32, +2.928, +3.292,+0.985
1587229320,+3.32, +2.982, +3.477,+0.986
1587229380,+3.32, +2.971, +3.657,+0.985
1587229440,+3.32, +2.971, +3.830,+0.986
1587229500,+3.32, +2.971, +3.954,+0.986
1587229560,+3.32, +3.003, +4.000,+0.986
1587229620,+3.32, +2.982, +4.007,+0.986
1587229680,+3.32, +3.003, +3.984,+0.986
1587229740,+3.32, +2.992, +3.948,+0.986
1587229800,+3.32, +2.992, +3.924,+0.985
1587229860,+3.32, +3.003, +3.913,+0.986
1587229920,+3.32, +2.982, +3.900,+0.986
1587229980,+3.32, +2.971, +3.873,+0.986
1587230040,+3.32, +2.960, +3.831,+0.986
1587230100,+3.32, +3.003, +3.780,+0.986
1587230160,+3.32, +2.992, +3.745,+0.985
1587230220,+3.32, +2.992, +3.731,+0.986
1587230280,+3.32, +2.982, +3.730,+0.986
1587230340,+3.32, +2.992, +3.732,+0.986
1587230400,+3.32, +3.003, +3.743,+0.986
1587230460,+3.32, +3.014, +3.746,+0.986
1587230520,+3.32, +3.024, +3.734,+0.986
1587230580,+3.32, +3.003, +3.721,+0.986
1587230640,+3.32, +3.003, +3.698,+0.986
1587230700,+3.32, +2.982, +3.683,+0.986
1587230760,+3.32, +2.982, +3.651,+0.985
1587230820,+3.32, +3.003, +3.627,+0.986
1587230880,+3.31, +2.992, +3.594,+0.986
1587230940,+3.32, +2.992, +3.569,+0.985
1587231000,+3.32, +2.992, +3.557,+0.985
1587231060,+3.32, +2.982, +3.567,+0.985
1587231120,+3.32, +2.992, +3.579,+0.986
1587231180,+3.32, +2.982, +3.597,+0.986
1587231240,+3.32, +2.992, +3.618,+0.985
1587231300,+3.32, +2.982, +3.643,+0.986
1587231360,+3.32, +2.992, +3.649,+0.986
1587231420,+3.32, +3.003, +3.672,+0.986
1587231480,+3.32, +2.992, +3.706,+0.986
1587231540,+3.32, +2.992, +3.746,+0.986
1587231600,+3.32, +2.971, +3.789,+0.986
1587231660,+3.32, +2.971, +3.822,+0.986
1587231720,+3.32, +2.971, +3.861,+0.986
1587231780,+3.32, +2.982, +3.888,+0.986
1587231840,+3.32, +2.971, +3.915,+0.986
1587231900,+3.32, +3.024, +3.928,+0.986
1587231960,+3.32, +2.971, +3.949,+0.986
1587232020,+3.32, +2.950, +3.969,+0.986
1587232080,+3.32, +2.971, +3.978,+0.986
1587232140,+3.32, +2.960, +3.987,+0.986
1587232200,+3.32, +2.971, +3.991,+0.986
1587232260,+3.32, +2.971, +3.994,+0.986
1587232320,+3.32, +2.960, +4.008,+0.986
1587232380,+3.32, +2.971, +4.017,+0.986
1587232440,+3.32, +2.992, +4.023,+0.987
1587232500,+3.32, +2.982, +4.035,+0.986
1587232560,+3.32, +2.960, +4.047,+0.986
1587232620,+3.32, +2.971, +4.055,+0.986
1587232680,+3.32, +2.960, +4.047,+0.986
1587232740,+3.32, +2.960, +4.024,+0.986
1587232800,+3.32, +2.982, +3.986,+0.986
1587232860,+3.32, +2.982, +3.945,+0.985
1587232920,+3.32, +2.982, +3.904,+0.986
1587232980,+3.32, +2.971, +3.875,+0.985
1587233040,+3.32, +2.982, +3.865,+0.986
1587233100,+3.32, +2.992, +3.852,+0.986
1587233160,+3.32, +2.982, +3.833,+0.986
1587233220,+3.32, +2.971, +3.815,+0.986
1587233280,+3.32, +2.982, +3.791,+0.986
1587233340,+3.32, +2.982, +3.766,+0.986
1587233400,+3.32, +3.003, +3.740,+0.986
1587233460,+3.32, +2.971, +3.726,+0.986
1587233520,+3.32, +2.982, +3.698,+0.986
1587233580,+3.32, +2.982, +3.666,+0.986
1587233640,+3.32, +2.992, +3.644,+0.986
1587233700,+3.32, +2.992, +3.619,+0.986
1587233760,+3.32, +2.982, +3.601,+0.986
1587233820,+3.32, +2.992, +3.573,+0.986
1587233880,+3.32, +2.971, +3.541,+0.985
1587233940,+3.32, +2.971, +3.497,+0.986
1587234000,+3.32, +2.982, +3.458,+0.985
1587234060,+3.32, +2.971, +3.428,+0.985
1587234120,+3.32, +2.971, +3.393,+0.985
1587234180,+3.32, +3.003, +3.331,+0.985
1587234240,+3.32, +3.014, +3.297,+0.985
1587234300,+3.32, +3.003, +3.285,+0.985
1587234360,+3.32, +2.971, +3.274,+0.985
1587234420,+3.32, +2.992, +3.261,+0.985
1587234480,+3.32, +2.982, +3.247,+0.985
1587234540,+3.32, +2.992, +3.228,+0.985
1587234600,+3.32, +2.971, +3.216,+0.985
1587234660,+3.32, +3.003, +3.203,+0.985
1587234720,+3.32, +2.971, +3.202,+0.985
1587234780,+3.32, +2.992, +3.203,+0.985
1587234840,+3.32, +2.982, +3.217,+0.985
1587234900,+3.32, +2.992, +3.237,+0.985
1587234960,+3.32, +2.982, +3.256,+0.985
1587235020,+3.32, +2.992, +3.267,+0.985
1587235080,+3.32, +2.971, +3.279,+0.985
1587235140,+3.32, +2.992, +3.272,+0.985
1587235200,+3.32, +2.992, +3.272,+0.985
1587235260,+3.32, +2.971, +3.272,+0.985
1587235320,+3.32, +2.982, +3.264,+0.985
1587235380,+3.32, +2.992, +3.265,+0.985
1587235440,+3.32, +3.003, +3.255,+0.985
1587235500,+3.32, +2.992, +3.253,+0.985
1587235560,+3.32, +2.992, +3.245,+0.985
1587235620,+3.32, +2.992, +3.243,+0.985
1587235680,+3.32, +2.992, +3.233,+0.985
1587235740,+3.32, +2.992, +3.250,+0.985
1587235800,+3.32, +3.003, +3.264,+0.985
1587235860,+3.32, +2.982, +3.291,+0.985
1587235920,+3.32, +2.992, +3.336,+0.986
1587235980,+3.32, +2.992, +3.377,+0.985
1587236040,+3.32, +3.003, +3.410,+0.986
1587236100,+3.32, +2.982, +3.435,+0.985
1587236160,+3.32, +3.003, +3.450,+0.986
1587236220,+3.32, +2.950, +3.471,+0.985
1587236280,+3.32, +2.992, +3.479,+0.986
1587236340,+3.32, +2.982, +3.495,+0.986
1587236400,+3.32, +2.971, +3.521,+0.985
1587236460,+3.32, +2.992, +3.540,+0.986
1587236520,+3.32, +3.003, +3.564,+0.986
1587236580,+3.32, +3.003, +3.585,+0.986
1587236640,+3.32, +2.982, +3.606,+0.986
1587236700,+3.32, +3.014, +3.618,+0.986
1587236760,+3.32, +2.982, +3.641,+0.986
1587236820,+3.32, +2.960, +3.661,+0.986
1587236880,+3.32, +3.003, +3.665,+0.986
1587236940,+3.32, +2.982, +3.691,+0.986
1587237000,+3.32, +3.014, +3.696,+0.986
1587237060,+3.32, +2.971, +3.713,+0.985
1587237120,+3.32, +2.992, +3.721,+0.986
1587237180,+3.32, +2.982, +3.730,+0.986
1587237240,+3.32, +2.982, +3.722,+0.985
1587237300,+3.32, +2.971, +3.730,+0.986
1587237360,+3.32, +2.982, +3.726,+0.986
1587237420,+3.32, +2.992, +3.717,+0.986
1587237480,+3.32, +2.992, +3.714,+0.986
1587237540,+3.32, +2.992, +3.717,+0.986
1587237600,+3.32, +2.960, +3.715,+0.985
1587237660,+3.32, +2.992, +3.717,+0.986
1587237720,+3.32, +2.982, +3.715,+0.986
1587237780,+3.32, +3.003, +3.702,+0.986
1587237840,+3.32, +3.003, +3.696,+0.986
1587237900,+3.32, +2.982, +3.695,+0.986
1587237960,+3.32, +3.003, +3.678,+0.986
1587238020,+3.32, +2.992, +3.675,+0.986
1587238080,+3.32, +2.992, +3.665,+0.986
1587238140,+3.32, +2.992, +3.663,+0.986
1587238200,+3.32, +2.982, +3.659,+0.986
1587238260,+3.32, +3.003, +3.654,+0.986
1587238320,+3.32, +2.971, +3.655,+0.985
1587238380,+3.32, +2.971, +3.664,+0.986
1587238440,+3.32, +3.003, +3.666,+0.986
1587238500,+3.32, +2.992, +3.675,+0.986
1587238560,+3.32, +2.971, +3.689,+0.986
1587238620,+3.32, +2.992, +3.696,+0.986
1587238680,+3.32, +3.003, +3.706,+0.985
1587238740,+3.32, +2.982, +3.729,+0.986
1587238800,+3.32, +2.992, +3.740,+0.986
1587238860,+3.32, +2.992, +3.758,+0.986
1587238920,+3.32, +3.014, +3.758,+0.986
1587238980,+3.32, +3.014, +3.762,+0.986
1587239040,+3.32, +2.939, +3.778,+0.986
1587239100,+3.32, +2.982, +3.772,+0.986
1587239160,+3.32, +2.992, +3.774,+0.986
1587239220,+3.32, +2.992, +3.771,+0.986
1587239280,+3.32, +2.982, +3.776,+0.986
1587239340,+3.32, +2.982, +3.775,+0.986
1587239400,+3.32, +2.992, +3.770,+0.986
1587239460,+3.32, +2.992, +3.768,+0.986
1587239520,+3.32, +2.982, +3.772,+0.986
1587239580,+3.32, +2.992, +3.769,+0.986
1587239640,+3.32, +3.003, +3.761,+0.985
1587239700,+3.32, +3.014, +3.760,+0.986
1587239760,+3.32, +2.992, +3.768,+0.986
1587239820,+3.32, +2.971, +3.770,+0.986
1587239880,+3.32, +2.971, +3.762,+0.986
1587239940,+3.32, +2.992, +3.758,+0.986
1587240000,+3.32, +2.982, +3.760,+0.986
1587240060,+3.32, +2.982, +3.762,+0.986
1587240120,+3.32, +2.992, +3.767,+0.986
1587240180,+3.32, +2.907, +3.787,+0.986
1587240240,+3.32, +2.982, +3.787,+0.986
1587240300,+3.32, +2.982, +3.791,+0.986
1587240360,+3.32, +2.982, +3.800,+0.986
1587240420,+3.32, +2.950, +3.810,+0.986
1587240480,+3.32, +2.982, +3.817,+0.986
1587240540,+3.32, +2.960, +3.823,+0.986
1587240600,+3.32, +2.971, +3.822,+0.985
1587240660,+3.32, +2.971, +3.834,+0.986
1587240720,+3.32, +2.982, +3.833,+0.986
1587240780,+3.32, +2.982, +3.846,+0.986
1587240840,+3.32, +2.982, +3.859,+0.986
1587240900,+3.32, +2.982, +3.874,+0.986
1587240960,+3.32, +2.971, +3.893,+0.986
1587241020,+3.32, +2.971, +3.917,+0.986
1587241080,+3.32, +2.971, +3.932,+0.986
1587241140,+3.32, +2.992, +3.950,+0.986
1587241200,+3.32, +2.992, +3.965,+0.986
1587241260,+3.32, +2.982, +3.971,+0.986
1587241320,+3.32, +2.960, +3.979,+0.986
1587241380,+3.32, +2.971, +3.975,+0.986
1587241440,+3.32, +2.992, +3.963,+0.986
1587241500,+3.32, +3.024, +3.943,+0.986
1587241560,+3.32, +2.992, +3.938,+0.986
1587241620,+3.32, +2.992, +3.926,+0.986
1587241680,+3.32, +3.003, +3.921,+0.986
1587241740,+3.32, +3.003, +3.918,+0.986
1587241800,+3.32, +2.960, +3.919,+0.985
1587241860,+3.32, +2.982, +3.921,+0.986
1587241920,+3.32, +2.992, +3.928,+0.986
1587241980,+3.32, +2.992, +3.944,+0.986
1587242040,+3.32, +2.992, +3.972,+0.986
1587242100,+3.32, +2.982, +4.014,+0.986
1587242160,+3.32, +2.992, +4.040,+0.986
1587242220,+3.32, +2.982, +4.069,+0.986
1587242280,+3.32, +2.982, +4.097,+0.986
1587242340,+3.32, +2.982, +4.125,+0.986
1587242400,+3.32, +2.982, +4.140,+0.986
1587242460,+3.32, +2.971, +4.159,+0.986
1587242520,+3.32, +2.992, +4.182,+0.986
1587242580,+3.32, +3.003, +4.193,+0.986
1587242640,+3.32, +2.992, +4.200,+0.986
1587242700,+3.32, +2.992, +4.209,+0.986
1587242760,+3.32, +2.992, +4.208,+0.986
1587242820,+3.32, +2.971, +4.222,+0.986
1587242880,+3.32, +2.971, +4.231,+0.986
1587242940,+3.32, +2.992, +4.242,+0.987
1587243000,+3.32, +3.003, +4.241,+0.987
