7392-570653
OS REV: 1.11 Sensor Cal: 1428445788
Time (sec),  BV (Volts),  T (deg C),  DO (mg/l),  Q ()
1589575860,+3.34, +6.426, +0.150,+0.960
1589575920,+3.34, +6.416, +0.150,+0.960
1589575980,+3.34, +6.357, +0.150,+0.960
1589576040,+3.34, +6.347, +0.150,+0.960
1589576100,+3.34, +6.406, +0.152,+0.960
1589576160,+3.33, +6.475, +0.155,+0.960
1589576220,+3.34, +6.455, +0.153,+0.960
1589576280,+3.33, +6.455, +0.152,+0.960
1589576340,+3.33, +6.484, +0.153,+0.960
1589576400,+3.34, +6.523, +0.153,+0.960
1589576460,+3.34, +6.514, +0.153,+0.960
1589576520,+3.34, +6.533, +0.153,+0.960
1589576580,+3.34, +6.592, +0.157,+0.960
1589576640,+3.34, +6.582, +0.158,+0.960
1589576700,+3.34, +6.592, +0.156,+0.960
1589576760,+3.33, +6.592, +0.157,+0.960
1589576820,+3.34, +6.621, +0.155,+0.960
1589576880,+3.34, +6.641, +0.156,+0.961
1589576940,+3.34, +6.631, +0.155,+0.960
1589577000,+3.34, +6.650, +0.155,+0.960
1589577060,+3.34, +6.621, +0.155,+0.960
1589577120,+3.34, +6.621, +0.153,+0.960
1589577180,+3.34, +6.611, +0.151,+0.960
1589577240,+3.33, +6.553, +0.151,+0.960
1589577300,+3.33, +6.582, +0.148,+0.960
1589577360,+3.34, +6.553, +0.148,+0.960
1589577420,+3.34, +6.553, +0.149,+0.960
1589577480,+3.33, +6.533, +0.150,+0.960
1589577540,+3.34, +6.504, +0.147,+0.960
1589577600,+3.34, +6.543, +0.146,+0.960
1589577660,+3.33, +6.514, +0.147,+0.960
1589577720,+3.33, +6.533, +0.147,+0.960
1589577780,+3.34, +6.523, +0.147,+0.960
1589577840,+3.34, +6.543, +0.146,+0.960
1589577900,+3.33, +6.572, +0.149,+0.960
1589577960,+3.33, +6.680, +0.148,+0.960
1589578020,+3.34, +6.757, +0.146,+0.960
1589578080,+3.34, +6.767, +0.147,+0.960
1589578140,+3.34, +6.796, +0.146,+0.960
1589578200,+3.34, +6.825, +0.146,+0.960
1589578260,+3.34, +6.835, +0.146,+0.960
1589578320,+3.34, +6.845, +0.147,+0.960
1589578380,+3.34, +6.845, +0.146,+0.960
1589578440,+3.34, +6.845, +0.145,+0.960
1589578500,+3.34, +6.845, +0.146,+0.960
1589578560,+3.34, +6.864, +0.146,+0.960
1589578620,+3.34, +6.884, +0.146,+0.960
1589578680,+3.34, +6.893, +0.147,+0.960
1589578740,+3.34, +6.971, +0.148,+0.961
1589578800,+3.34, +7.009, +0.145,+0.960
1589578860,+3.34, +6.951, +0.147,+0.960
1589578920,+3.34, +6.961, +0.148,+0.960
1589578980,+3.34, +6.971, +0.147,+0.960
1589579040,+3.34, +6.942, +0.147,+0.960
1589579100,+3.34, +6.932, +0.146,+0.960
1589579160,+3.34, +6.932, +0.145,+0.960
1589579220,+3.34, +6.922, +0.146,+0.960
1589579280,+3.34, +6.951, +0.145,+0.960
1589579340,+3.34, +6.884, +0.143,+0.960
1589579400,+3.34, +6.913, +0.146,+0.960
1589579460,+3.34, +6.932, +0.145,+0.960
1589579520,+3.34, +6.932, +0.146,+0.960
1589579580,+3.34, +6.961, +0.145,+0.960
1589579640,+3.34, +6.874, +0.145,+0.960
1589579700,+3.34, +6.893, +0.146,+0.960
1589579760,+3.34, +6.874, +0.148,+0.960
1589579820,+3.34, +6.825, +0.146,+0.960
1589579880,+3.34, +6.796, +0.146,+0.960
1589579940,+3.34, +6.787, +0.146,+0.960
1589580000,+3.34, +6.816, +0.147,+0.960
1589580060,+3.34, +6.845, +0.147,+0.960
1589580120,+3.34, +6.854, +0.146,+0.960
1589580180,+3.34, +6.884, +0.147,+0.960
1589580240,+3.34, +6.922, +0.146,+0.960
1589580300,+3.34, +6.932, +0.146,+0.960
1589580360,+3.34, +6.913, +0.145,+0.960
1589580420,+3.34, +6.874, +0.147,+0.960
1589580480,+3.34, +6.835, +0.145,+0.960
1589580540,+3.34, +6.854, +0.146,+0.960
1589580600,+3.34, +6.864, +0.145,+0.960
1589580660,+3.34, +6.864, +0.146,+0.960
1589580720,+3.34, +6.854, +0.146,+0.960
1589580780,+3.34, +6.825, +0.145,+0.960
1589580840,+3.34, +6.806, +0.145,+0.960
1589580900,+3.34, +6.806, +0.146,+0.960
1589580960,+3.34, +6.796, +0.145,+0.960
1589581020,+3.34, +6.806, +0.146,+0.960
1589581080,+3.34, +6.806, +0.145,+0.960
1589581140,+3.34, +6.777, +0.145,+0.960
1589581200,+3.34, +6.845, +0.146,+0.960
1589581260,+3.34, +6.806, +0.145,+0.960
1589581320,+3.34, +6.796, +0.144,+0.960
1589581380,+3.34, +6.796, +0.146,+0.960
1589581440,+3.34, +6.728, +0.145,+0.960
1589581500,+3.34, +6.738, +0.145,+0.960
1589581560,+3.34, +6.699, +0.146,+0.960
1589581620,+3.34, +6.699, +0.144,+0.960
1589581680,+3.34, +6.680, +0.145,+0.960
1589581740,+3.34, +6.689, +0.145,+0.960
1589581800,+3.34, +6.602, +0.145,+0.960
1589581860,+3.34, +6.543, +0.147,+0.960
1589581920,+3.34, +6.553, +0.146,+0.960
1589581980,+3.33, +6.553, +0.145,+0.960
1589582040,+3.33, +6.504, +0.146,+0.960
1589582100,+3.34, +6.504, +0.146,+0.959
1589582160,+3.34, +6.494, +0.146,+0.960
1589582220,+3.34, +6.465, +0.146,+0.960
1589582280,+3.34, +6.494, +0.144,+0.960
1589582340,+3.34, +6.475, +0.144,+0.960
1589582400,+3.34, +6.465, +0.145,+0.960
1589582460,+3.34, +6.494, +0.146,+0.960
1589582520,+3.34, +6.543, +0.145,+0.960
1589582580,+3.34, +6.533, +0.146,+0.960
1589582640,+3.34, +6.543, +0.145,+0.960
1589582700,+3.34, +6.611, +0.145,+0.960
1589582760,+3.34, +6.621, +0.146,+0.960
1589582820,+3.34, +6.660, +0.145,+0.960
1589582880,+3.34, +6.670, +0.146,+0.960
1589582940,+3.34, +6.699, +0.146,+0.960
1589583000,+3.34, +6.699, +0.145,+0.960
1589583060,+3.34, +6.787, +0.144,+0.960
1589583120,+3.34, +6.767, +0.144,+0.960
1589583180,+3.34, +6.816, +0.144,+0.960
1589583240,+3.34, +6.806, +0.142,+0.960
1589583300,+3.34, +6.816, +0.142,+0.960
1589583360,+3.34, +6.845, +0.142,+0.960
1589583420,+3.34, +6.845, +0.144,+0.960
1589583480,+3.34, +6.864, +0.144,+0.960
1589583540,+3.34, +6.825, +0.143,+0.960
1589583600,+3.34, +6.845, +0.143,+0.960
1589583660,+3.34, +6.825, +0.144,+0.960
1589583720,+3.34, +6.796, +0.142,+0.960
1589583780,+3.34, +6.787, +0.142,+0.960
1589583840,+3.34, +6.767, +0.144,+0.960
1589583900,+3.34, +6.796, +0.143,+0.960
1589583960,+3.34, +6.767, +0.143,+0.960
1589584020,+3.33, +6.796, +0.143,+0.960
1589584080,+3.34, +6.806, +0.143,+0.960
1589584140,+3.34, +6.777, +0.144,+0.960
1589584200,+3.34, +6.767, +0.142,+0.960
1589584260,+3.34, +6.757, +0.143,+0.960
1589584320,+3.34, +6.767, +0.141,+0.960
1589584380,+3.34, +6.738, +0.142,+0.960
1589584440,+3.34, +6.728, +0.143,+0.960
1589584500,+3.34, +6.699, +0.144,+0.960
1589584560,+3.34, +6.738, +0.144,+0.960
1589584620,+3.34, +6.767, +0.143,+0.960
1589584680,+3.34, +6.748, +0.142,+0.960
1589584740,+3.34, +6.728, +0.143,+0.960
1589584800,+3.34, +6.748, +0.143,+0.960
1589584860,+3.34, +6.699, +0.144,+0.960
1589584920,+3.34, +6.728, +0.142,+0.960
1589584980,+3.34, +6.738, +0.143,+0.960
1589585040,+3.34, +6.738, +0.143,+0.960
1589585100,+3.34, +6.718, +0.144,+0.960
1589585160,+3.34, +6.718, +0.144,+0.960
1589585220,+3.34, +6.699, +0.144,+0.960
1589585280,+3.34, +6.748, +0.143,+0.960
1589585340,+3.34, +6.748, +0.144,+0.960
1589585400,+3.34, +6.787, +0.142,+0.960
1589585460,+3.34, +6.767, +0.144,+0.960
1589585520,+3.34, +6.806, +0.143,+0.960
1589585580,+3.34, +6.816, +0.143,+0.960
1589585640,+3.34, +6.845, +0.143,+0.960
1589585700,+3.34, +6.854, +0.142,+0.960
1589585760,+3.34, +6.864, +0.143,+0.960
1589585820,+3.34, +6.854, +0.142,+0.960
1589585880,+3.34, +6.854, +0.143,+0.960
1589585940,+3.34, +6.825, +0.142,+0.960
1589586000,+3.34, +6.777, +0.143,+0.960
1589586060,+3.34, +6.767, +0.143,+0.960
1589586120,+3.34, +6.757, +0.143,+0.960
1589586180,+3.34, +6.709, +0.143,+0.960
1589586240,+3.34, +6.709, +0.143,+0.960
1589586300,+3.34, +6.650, +0.144,+0.960
1589586360,+3.34, +6.699, +0.143,+0.960
1589586420,+3.34, +6.660, +0.144,+0.960
1589586480,+3.34, +6.641, +0.144,+0.960
1589586540,+3.34, +6.602, +0.142,+0.960
1589586600,+3.34, +6.563, +0.144,+0.960
1589586660,+3.34, +6.602, +0.144,+0.960
1589586720,+3.34, +6.592, +0.144,+0.960
1589586780,+3.33, +6.641, +0.145,+0.960
1589586840,+3.34, +6.650, +0.144,+0.960
1589586900,+3.34, +6.641, +0.144,+0.960
1589586960,+3.33, +6.660, +0.143,+0.960
1589587020,+3.33, +6.680, +0.144,+0.960
1589587080,+3.34, +6.699, +0.143,+0.960
1589587140,+3.34, +6.689, +0.143,+0.960
1589587200,+3.34, +6.709, +0.144,+0.960
1589587260,+3.34, +6.718, +0.143,+0.960
1589587320,+3.34, +6.728, +0.144,+0.960
1589587380,+3.34, +6.728, +0.143,+0.960
1589587440,+3.34, +6.738, +0.145,+0.960
1589587500,+3.34, +6.738, +0.143,+0.960
1589587560,+3.34, +6.728, +0.144,+0.960
1589587620,+3.34, +6.777, +0.144,+0.960
1589587680,+3.34, +6.777, +0.142,+0.960
1589587740,+3.34, +6.777, +0.143,+0.960
1589587800,+3.34, +6.767, +0.144,+0.960
1589587860,+3.34, +6.816, +0.142,+0.960
1589587920,+3.34, +6.796, +0.143,+0.960
1589587980,+3.34, +6.796, +0.144,+0.960
1589588040,+3.34, +6.806, +0.143,+0.960
1589588100,+3.34, +6.787, +0.143,+0.960
1589588160,+3.34, +6.767, +0.143,+0.960
1589588220,+3.34, +6.787, +0.142,+0.960
1589588280,+3.34, +6.796, +0.144,+0.960
1589588340,+3.34, +6.787, +0.144,+0.960
1589588400,+3.34, +6.777, +0.142,+0.960
1589588460,+3.34, +6.787, +0.143,+0.960
1589588520,+3.34, +6.757, +0.143,+0.960
1589588580,+3.34, +6.767, +0.143,+0.960
1589588640,+3.34, +6.777, +0.142,+0.960
1589588700,+3.34, +6.767, +0.143,+0.960
1589588760,+3.34, +6.728, +0.143,+0.960
1589588820,+3.34, +6.738, +0.144,+0.960
1589588880,+3.34, +6.748, +0.144,+0.960
1589588940,+3.34, +6.757, +0.142,+0.960
1589589000,+3.34, +6.757, +0.141,+0.960
1589589060,+3.34, +6.689, +0.144,+0.960
1589589120,+3.34, +6.670, +0.144,+0.960
1589589180,+3.34, +6.641, +0.143,+0.960
1589589240,+3.34, +6.650, +0.142,+0.960
1589589300,+3.34, +6.621, +0.143,+0.960
1589589360,+3.34, +6.582, +0.144,+0.960
1589589420,+3.34, +6.563, +0.143,+0.960
1589589480,+3.34, +6.553, +0.143,+0.960
1589589540,+3.34, +6.553, +0.143,+0.960
1589589600,+3.34, +6.553, +0.144,+0.960
1589589660,+3.34, +6.533, +0.145,+0.960
1589589720,+3.34, +6.523, +0.143,+0.960
1589589780,+3.34, +6.572, +0.144,+0.960
1589589840,+3.34, +6.592, +0.145,+0.960
1589589900,+3.34, +6.611, +0.143,+0.960
1589589960,+3.34, +6.650, +0.143,+0.960
1589590020,+3.34, +6.650, +0.144,+0.960
1589590080,+3.34, +6.689, +0.143,+0.960
1589590140,+3.34, +6.650, +0.145,+0.960
1589590200,+3.34, +6.709, +0.144,+0.960
1589590260,+3.34, +6.728, +0.144,+0.960
1589590320,+3.34, +6.738, +0.143,+0.960
1589590380,+3.34, +6.767, +0.142,+0.960
1589590440,+3.34, +6.767, +0.142,+0.960
1589590500,+3.34, +6.748, +0.144,+0.960
1589590560,+3.34, +6.777, +0.143,+0.960
1589590620,+3.34, +6.825, +0.143,+0.960
1589590680,+3.34, +6.806, +0.144,+0.960
1589590740,+3.34, +6.825, +0.141,+0.960
1589590800,+3.34, +6.816, +0.144,+0.960
1589590860,+3.34, +6.845, +0.144,+0.960
1589590920,+3.34, +6.845, +0.143,+0.960
1589590980,+3.34, +6.835, +0.145,+0.960
1589591040,+3.34, +6.835, +0.143,+0.960
1589591100,+3.34, +6.816, +0.143,+0.960
1589591160,+3.34, +6.816, +0.143,+0.960
1589591220,+3.34, +6.825, +0.142,+0.960
1589591280,+3.34, +6.806, +0.143,+0.960
1589591340,+3.34, +6.806, +0.143,+0.960
1589591400,+3.34, +6.787, +0.144,+0.960
1589591460,+3.34, +6.787, +0.143,+0.960
1589591520,+3.34, +6.757, +0.144,+0.960
1589591580,+3.34, +6.787, +0.142,+0.960
1589591640,+3.34, +6.816, +0.142,+0.960
1589591700,+3.34, +6.777, +0.143,+0.960
1589591760,+3.34, +6.757, +0.144,+0.960
1589591820,+3.34, +6.777, +0.143,+0.960
1589591880,+3.34, +6.816, +0.143,+0.960
1589591940,+3.34, +6.835, +0.143,+0.960
1589592000,+3.34, +6.864, +0.142,+0.960
1589592060,+3.34, +6.874, +0.142,+0.960
1589592120,+3.34, +6.913, +0.143,+0.960
1589592180,+3.34, +6.903, +0.142,+0.960
1589592240,+3.34, +6.932, +0.142,+0.960
1589592300,+3.34, +6.932, +0.144,+0.960
1589592360,+3.34, +6.922, +0.142,+0.960
1589592420,+3.34, +6.913, +0.143,+0.960
1589592480,+3.34, +6.922, +0.143,+0.960
1589592540,+3.34, +6.884, +0.143,+0.960
1589592600,+3.34, +6.903, +0.144,+0.960
1589592660,+3.34, +6.913, +0.143,+0.960
1589592720,+3.34, +6.893, +0.141,+0.960
1589592780,+3.34, +6.864, +0.143,+0.960
1589592840,+3.34, +6.884, +0.143,+0.960
1589592900,+3.34, +6.874, +0.143,+0.960
1589592960,+3.34, +6.864, +0.144,+0.960
1589593020,+3.34, +6.845, +0.142,+0.960
1589593080,+3.34, +6.845, +0.142,+0.960
1589593140,+3.34, +6.825, +0.144,+0.960
1589593200,+3.34, +6.835, +0.142,+0.960
1589593260,+3.33, +6.796, +0.142,+0.960
1589593320,+3.34, +6.767, +0.143,+0.960
1589593380,+3.34, +6.748, +0.143,+0.960
1589593440,+3.34, +6.728, +0.143,+0.960
1589593500,+3.34, +6.718, +0.143,+0.960
1589593560,+3.34, +6.699, +0.143,+0.960
1589593620,+3.34, +6.709, +0.143,+0.960
1589593680,+3.34, +6.699, +0.143,+0.960
1589593740,+3.34, +6.680, +0.144,+0.960
1589593800,+3.34, +6.699, +0.144,+0.960
1589593860,+3.34, +6.660, +0.145,+0.960
1589593920,+3.34, +6.699, +0.143,+0.960
1589593980,+3.34, +6.680, +0.143,+0.960
1589594040,+3.34, +6.709, +0.144,+0.960
1589594100,+3.34, +6.709, +0.143,+0.960
1589594160,+3.34, +6.728, +0.143,+0.960
1589594220,+3.34, +6.718, +0.142,+0.960
1589594280,+3.34, +6.689, +0.143,+0.960
1589594340,+3.34, +6.728, +0.144,+0.960
1589594400,+3.34, +6.660, +0.144,+0.960
1589594460,+3.34, +6.709, +0.143,+0.960
1589594520,+3.34, +6.709, +0.144,+0.960
1589594580,+3.34, +6.728, +0.143,+0.960
1589594640,+3.34, +6.718, +0.142,+0.960
1589594700,+3.34, +6.709, +0.144,+0.960
1589594760,+3.34, +6.728, +0.144,+0.960
1589594820,+3.34, +6.709, +0.143,+0.960
1589594880,+3.34, +6.718, +0.143,+0.960
1589594940,+3.34, +6.709, +0.144,+0.960
1589595000,+3.34, +6.718, +0.143,+0.960
1589595060,+3.34, +6.728, +0.144,+0.960
1589595120,+3.34, +6.757, +0.143,+0.960
1589595180,+3.34, +6.738, +0.143,+0.960
1589595240,+3.34, +6.748, +0.142,+0.960
1589595300,+3.34, +6.738, +0.143,+0.960
1589595360,+3.34, +6.718, +0.144,+0.960
1589595420,+3.34, +6.718, +0.144,+0.960
1589595480,+3.34, +6.718, +0.143,+0.960
1589595540,+3.34, +6.728, +0.143,+0.960
1589595600,+3.34, +6.748, +0.142,+0.960
1589595660,+3.34, +6.728, +0.142,+0.960
1589595720,+3.34, +6.709, +0.144,+0.960
1589595780,+3.34, +6.699, +0.142,+0.960
1589595840,+3.34, +6.680, +0.144,+0.960
1589595900,+3.34, +6.689, +0.143,+0.960
1589595960,+3.34, +6.699, +0.144,+0.960
1589596020,+3.34, +6.680, +0.144,+0.960
1589596080,+3.34, +6.680, +0.143,+0.960
1589596140,+3.34, +6.670, +0.143,+0.960
1589596200,+3.34, +6.699, +0.143,+0.960
1589596260,+3.33, +6.660, +0.144,+0.960
1589596320,+3.34, +6.680, +0.142,+0.960
1589596380,+3.34, +6.680, +0.145,+0.960
1589596440,+3.34, +6.680, +0.143,+0.960
1589596500,+3.34, +6.718, +0.143,+0.960
1589596560,+3.34, +6.660, +0.143,+0.960
1589596620,+3.34, +6.709, +0.143,+0.960
1589596680,+3.34, +6.709, +0.143,+0.960
1589596740,+3.34, +6.728, +0.143,+0.960
1589596800,+3.34, +6.748, +0.143,+0.960
1589596860,+3.34, +6.738, +0.143,+0.960
1589596920,+3.34, +6.748, +0.144,+0.960
1589596980,+3.34, +6.767, +0.142,+0.960
1589597040,+3.34, +6.738, +0.143,+0.960
1589597100,+3.34, +6.728, +0.144,+0.960
1589597160,+3.34, +6.738, +0.143,+0.960
1589597220,+3.34, +6.728, +0.143,+0.960
1589597280,+3.34, +6.738, +0.145,+0.960
1589597340,+3.34, +6.738, +0.145,+0.960
1589597400,+3.34, +6.709, +0.143,+0.960
1589597460,+3.34, +6.709, +0.144,+0.960
1589597520,+3.34, +6.699, +0.144,+0.960
1589597580,+3.34, +6.680, +0.144,+0.960
1589597640,+3.34, +6.660, +0.144,+0.960
1589597700,+3.34, +6.650, +0.145,+0.960
1589597760,+3.34, +6.631, +0.143,+0.960
1589597820,+3.34, +6.611, +0.143,+0.960
1589597880,+3.34, +6.602, +0.143,+0.960
1589597940,+3.34, +6.611, +0.143,+0.960
1589598000,+3.34, +6.592, +0.142,+0.960
1589598060,+3.34, +6.543, +0.143,+0.960
1589598120,+3.34, +6.553, +0.143,+0.960
1589598180,+3.34, +6.543, +0.144,+0.960
1589598240,+3.34, +6.543, +0.144,+0.960
1589598300,+3.34, +6.553, +0.143,+0.960
1589598360,+3.34, +6.543, +0.145,+0.960
1589598420,+3.34, +6.543, +0.142,+0.960
1589598480,+3.34, +6.533, +0.144,+0.960
1589598540,+3.34, +6.543, +0.143,+0.960
1589598600,+3.34, +6.533, +0.144,+0.960
1589598660,+3.34, +6.572, +0.144,+0.960
1589598720,+3.34, +6.543, +0.145,+0.960
1589598780,+3.34, +6.572, +0.144,+0.960
1589598840,+3.34, +6.572, +0.144,+0.960
1589598900,+3.33, +6.582, +0.146,+0.960
1589598960,+3.34, +6.582, +0.145,+0.960
1589599020,+3.34, +6.582, +0.144,+0.960
1589599080,+3.34, +6.582, +0.143,+0.960
1589599140,+3.34, +6.572, +0.144,+0.960
1589599200,+3.34, +6.602, +0.144,+0.960
1589599260,+3.34, +6.611, +0.145,+0.960
1589599320,+3.34, +6.602, +0.145,+0.960
1589599380,+3.34, +6.641, +0.143,+0.960
1589599440,+3.34, +6.650, +0.144,+0.960
1589599500,+3.34, +6.680, +0.143,+0.960
1589599560,+3.34, +6.670, +0.143,+0.960
1589599620,+3.34, +6.670, +0.144,+0.960
1589599680,+3.34, +6.680, +0.144,+0.960
1589599740,+3.34, +6.699, +0.144,+0.960
1589599800,+3.34, +6.738, +0.143,+0.960
1589599860,+3.34, +6.718, +0.142,+0.960
1589599920,+3.34, +6.748, +0.142,+0.960
1589599980,+3.34, +6.728, +0.144,+0.960
1589600040,+3.34, +6.738, +0.143,+0.960
1589600100,+3.34, +6.748, +0.143,+0.960
1589600160,+3.34, +6.777, +0.143,+0.960
1589600220,+3.34, +6.777, +0.144,+0.960
1589600280,+3.34, +6.796, +0.142,+0.960
1589600340,+3.34, +6.767, +0.144,+0.960
1589600400,+3.34, +6.777, +0.144,+0.960
1589600460,+3.34, +6.767, +0.144,+0.960
1589600520,+3.34, +6.767, +0.143,+0.960
1589600580,+3.34, +6.777, +0.144,+0.960
1589600640,+3.34, +6.757, +0.145,+0.960
1589600700,+3.34, +6.796, +0.142,+0.960
1589600760,+3.34, +6.748, +0.144,+0.960
1589600820,+3.34, +6.835, +0.142,+0.960
1589600880,+3.34, +6.767, +0.143,+0.960
1589600940,+3.34, +6.757, +0.142,+0.960
1589601000,+3.34, +6.748, +0.143,+0.960
1589601060,+3.34, +6.757, +0.143,+0.960
1589601120,+3.34, +6.738, +0.144,+0.960
1589601180,+3.34, +6.748, +0.143,+0.960
1589601240,+3.34, +6.757, +0.143,+0.960
1589601300,+3.34, +6.718, +0.144,+0.960
1589601360,+3.34, +6.738, +0.143,+0.960
1589601420,+3.34, +6.718, +0.143,+0.960
1589601480,+3.34, +6.728, +0.144,+0.960
1589601540,+3.34, +6.718, +0.142,+0.960
1589601600,+3.34, +6.709, +0.142,+0.960
1589601660,+3.34, +6.728, +0.143,+0.960
1589601720,+3.34, +6.728, +0.143,+0.960
1589601780,+3.34, +6.757, +0.143,+0.960
1589601840,+3.34, +6.767, +0.143,+0.960
1589601900,+3.34, +6.757, +0.143,+0.960
1589601960,+3.34, +6.767, +0.143,+0.960
1589602020,+3.34, +6.748, +0.143,+0.960
1589602080,+3.34, +6.757, +0.143,+0.960
1589602140,+3.34, +6.767, +0.144,+0.960
1589602200,+3.34, +6.777, +0.141,+0.960
1589602260,+3.34, +6.777, +0.143,+0.960
1589602320,+3.34, +6.767, +0.143,+0.960
1589602380,+3.34, +6.787, +0.142,+0.960
1589602440,+3.34, +6.777, +0.144,+0.960
1589602500,+3.34, +6.787, +0.144,+0.960
1589602560,+3.34, +6.767, +0.142,+0.960
1589602620,+3.34, +6.748, +0.144,+0.960
1589602680,+3.34, +6.767, +0.144,+0.960
1589602740,+3.34, +6.748, +0.145,+0.960
1589602800,+3.34, +6.738, +0.143,+0.960
1589602860,+3.34, +6.728, +0.144,+0.960
1589602920,+3.34, +6.738, +0.144,+0.960
1589602980,+3.34, +6.709, +0.143,+0.960
1589603040,+3.34, +6.699, +0.144,+0.960
1589603100,+3.34, +6.709, +0.142,+0.960
1589603160,+3.34, +6.689, +0.143,+0.960
1589603220,+3.34, +6.689, +0.144,+0.960
1589603280,+3.34, +6.689, +0.143,+0.960
1589603340,+3.34, +6.650, +0.143,+0.959
1589603400,+3.34, +6.660, +0.142,+0.960
1589603460,+3.34, +6.650, +0.144,+0.960
1589603520,+3.34, +6.660, +0.143,+0.960
1589603580,+3.34, +6.670, +0.144,+0.960
1589603640,+3.34, +6.631, +0.144,+0.960
1589603700,+3.34, +6.660, +0.144,+0.960
1589603760,+3.34, +6.641, +0.144,+0.960
1589603820,+3.34, +6.670, +0.144,+0.960
1589603880,+3.34, +6.650, +0.145,+0.960
1589603940,+3.34, +6.680, +0.142,+0.960
1589604000,+3.34, +6.650, +0.143,+0.960
1589604060,+3.34, +6.670, +0.143,+0.960
1589604120,+3.34, +6.670, +0.142,+0.960
1589604180,+3.34, +6.660, +0.144,+0.960
1589604240,+3.34, +6.641, +0.144,+0.960
1589604300,+3.34, +6.660, +0.143,+0.960
1589604360,+3.34, +6.670, +0.143,+0.960
1589604420,+3.34, +6.670, +0.144,+0.960
1589604480,+3.34, +6.650, +0.144,+0.960
1589604540,+3.34, +6.670, +0.143,+0.960
1589604600,+3.34, +6.680, +0.142,+0.960
1589604660,+3.34, +6.650, +0.143,+0.960
1589604720,+3.34, +6.650, +0.144,+0.960
1589604780,+3.34, +6.670, +0.145,+0.960
1589604840,+3.34, +6.641, +0.143,+0.960
1589604900,+3.34, +6.670, +0.143,+0.960
1589604960,+3.34, +6.660, +0.144,+0.960
1589605020,+3.34, +6.660, +0.144,+0.960
1589605080,+3.34, +6.689, +0.144,+0.960
1589605140,+3.34, +6.680, +0.144,+0.960
1589605200,+3.34, +6.680, +0.144,+0.960
1589605260,+3.34, +6.689, +0.144,+0.960
1589605320,+3.34, +6.718, +0.142,+0.960
1589605380,+3.34, +6.718, +0.144,+0.960
1589605440,+3.34, +6.699, +0.143,+0.960
1589605500,+3.34, +6.718, +0.143,+0.960
1589605560,+3.34, +6.709, +0.145,+0.960
1589605620,+3.34, +6.728, +0.142,+0.960
1589605680,+3.34, +6.728, +0.144,+0.960
1589605740,+3.34, +6.728, +0.143,+0.960
1589605800,+3.34, +6.709, +0.143,+0.960
1589605860,+3.34, +6.728, +0.143,+0.960
1589605920,+3.34, +6.748, +0.144,+0.960
1589605980,+3.34, +6.748, +0.144,+0.960
1589606040,+3.34, +6.728, +0.144,+0.960
1589606100,+3.34, +6.748, +0.143,+0.960
1589606160,+3.34, +6.738, +0.144,+0.960
1589606220,+3.34, +6.748, +0.145,+0.960
1589606280,+3.34, +6.709, +0.143,+0.960
1589606340,+3.34, +6.767, +0.141,+0.960
1589606400,+3.34, +6.748, +0.143,+0.960
1589606460,+3.34, +6.748, +0.143,+0.960
1589606520,+3.34, +6.757, +0.143,+0.960
1589606580,+3.34, +6.738, +0.144,+0.960
1589606640,+3.34, +6.738, +0.142,+0.960
1589606700,+3.34, +6.709, +0.145,+0.960
1589606760,+3.34, +6.709, +0.144,+0.960
1589606820,+3.34, +6.738, +0.143,+0.960
1589606880,+3.34, +6.718, +0.144,+0.960
1589606940,+3.34, +6.718, +0.143,+0.960
1589607000,+3.34, +6.709, +0.144,+0.960
1589607060,+3.34, +6.718, +0.144,+0.960
1589607120,+3.34, +6.748, +0.143,+0.960
1589607180,+3.34, +6.728, +0.145,+0.960
1589607240,+3.34, +6.718, +0.144,+0.960
1589607300,+3.34, +6.699, +0.143,+0.960
1589607360,+3.34, +6.689, +0.144,+0.960
1589607420,+3.34, +6.738, +0.145,+0.960
1589607480,+3.34, +6.757, +0.142,+0.960
1589607540,+3.34, +6.748, +0.144,+0.960
1589607600,+3.34, +6.728, +0.144,+0.960
1589607660,+3.34, +6.738, +0.143,+0.960
1589607720,+3.34, +6.748, +0.144,+0.960
1589607780,+3.34, +6.748, +0.142,+0.960
1589607840,+3.34, +6.757, +0.143,+0.960
1589607900,+3.34, +6.787, +0.144,+0.960
1589607960,+3.34, +6.757, +0.143,+0.960
1589608020,+3.34, +6.738, +0.144,+0.960
1589608080,+3.34, +6.748, +0.144,+0.960
1589608140,+3.34, +6.748, +0.143,+0.960
1589608200,+3.34, +6.767, +0.144,+0.960
1589608260,+3.34, +6.738, +0.144,+0.960
1589608320,+3.34, +6.757, +0.143,+0.960
1589608380,+3.34, +6.738, +0.145,+0.960
1589608440,+3.34, +6.728, +0.144,+0.960
1589608500,+3.34, +6.757, +0.143,+0.960
1589608560,+3.34, +6.757, +0.143,+0.960
1589608620,+3.34, +6.748, +0.143,+0.960
1589608680,+3.34, +6.738, +0.145,+0.960
1589608740,+3.34, +6.718, +0.143,+0.960
1589608800,+3.34, +6.709, +0.143,+0.960
1589608860,+3.34, +6.718, +0.142,+0.960
1589608920,+3.34, +6.699, +0.143,+0.960
1589608980,+3.34, +6.718, +0.145,+0.960
1589609040,+3.33, +6.709, +0.144,+0.960
1589609100,+3.34, +6.699, +0.143,+0.960
1589609160,+3.34, +6.718, +0.143,+0.960
1589609220,+3.34, +6.689, +0.143,+0.960
1589609280,+3.34, +6.699, +0.144,+0.960
1589609340,+3.34, +6.709, +0.143,+0.960
1589609400,+3.34, +6.680, +0.144,+0.960
1589609460,+3.34, +6.660, +0.143,+0.960
1589609520,+3.34, +6.689, +0.144,+0.960
1589609580,+3.34, +6.680, +0.143,+0.960
1589609640,+3.34, +6.689, +0.142,+0.960
1589609700,+3.34, +6.699, +0.143,+0.960
1589609760,+3.34, +6.699, +0.144,+0.960
1589609820,+3.34, +6.718, +0.143,+0.960
1589609880,+3.34, +6.680, +0.144,+0.960
1589609940,+3.34, +6.709, +0.144,+0.960
1589610000,+3.34, +6.709, +0.144,+0.960
1589610060,+3.34, +6.738, +0.142,+0.960
1589610120,+3.34, +6.709, +0.144,+0.960
1589610180,+3.34, +6.709, +0.142,+0.960
1589610240,+3.34, +6.748, +0.142,+0.960
1589610300,+3.34, +6.680, +0.145,+0.960
1589610360,+3.34, +6.699, +0.143,+0.960
1589610420,+3.34, +6.709, +0.144,+0.960
1589610480,+3.34, +6.718, +0.142,+0.960
1589610540,+3.34, +6.728, +0.143,+0.960
1589610600,+3.34, +6.689, +0.143,+0.960
1589610660,+3.34, +6.709, +0.143,+0.960
1589610720,+3.34, +6.718, +0.144,+0.960
1589610780,+3.34, +6.728, +0.144,+0.960
1589610840,+3.34, +6.728, +0.142,+0.960
1589610900,+3.34, +6.728, +0.143,+0.960
1589610960,+3.34, +6.718, +0.144,+0.960
1589611020,+3.34, +6.728, +0.142,+0.960
1589611080,+3.34, +6.718, +0.145,+0.960
1589611140,+3.34, +6.718, +0.144,+0.960
1589611200,+3.34, +6.728, +0.143,+0.960
1589611260,+3.34, +6.728, +0.142,+0.960
1589611320,+3.34, +6.718, +0.145,+0.960
1589611380,+3.34, +6.718, +0.142,+0.960
1589611440,+3.34, +6.728, +0.143,+0.960
1589611500,+3.34, +6.718, +0.143,+0.960
1589611560,+3.34, +6.709, +0.142,+0.960
1589611620,+3.34, +6.718, +0.143,+0.960
1589611680,+3.34, +6.718, +0.145,+0.960
1589611740,+3.34, +6.728, +0.145,+0.960
1589611800,+3.34, +6.718, +0.142,+0.960
1589611860,+3.34, +6.709, +0.144,+0.960
1589611920,+3.34, +6.709, +0.145,+0.960
1589611980,+3.34, +6.728, +0.145,+0.960
1589612040,+3.34, +6.699, +0.144,+0.960
1589612100,+3.34, +6.738, +0.143,+0.960
1589612160,+3.34, +6.748, +0.144,+0.960
1589612220,+3.34, +6.718, +0.143,+0.960
1589612280,+3.34, +6.728, +0.144,+0.960
1589612340,+3.34, +6.699, +0.144,+0.960
1589612400,+3.34, +6.709, +0.143,+0.960
1589612460,+3.34, +6.699, +0.145,+0.960
1589612520,+3.34, +6.718, +0.143,+0.960
1589612580,+3.34, +6.718, +0.143,+0.960
1589612640,+3.34, +6.718, +0.142,+0.960
1589612700,+3.34, +6.699, +0.145,+0.960
1589612760,+3.34, +6.718, +0.143,+0.960
1589612820,+3.34, +6.699, +0.144,+0.960
1589612880,+3.34, +6.718, +0.143,+0.960
1589612940,+3.34, +6.699, +0.144,+0.960
1589613000,+3.34, +6.718, +0.144,+0.960
1589613060,+3.34, +6.709, +0.144,+0.960
1589613120,+3.34, +6.718, +0.142,+0.960
1589613180,+3.34, +6.680, +0.143,+0.960
1589613240,+3.34, +6.699, +0.144,+0.960
1589613300,+3.34, +6.718, +0.143,+0.960
1589613360,+3.34, +6.709, +0.143,+0.960
1589613420,+3.34, +6.670, +0.144,+0.960
1589613480,+3.34, +6.689, +0.144,+0.960
1589613540,+3.34, +6.709, +0.143,+0.960
1589613600,+3.34, +6.689, +0.143,+0.960
1589613660,+3.34, +6.680, +0.143,+0.960
1589613720,+3.34, +6.689, +0.144,+0.960
1589613780,+3.34, +6.680, +0.143,+0.960
1589613840,+3.34, +6.699, +0.143,+0.960
1589613900,+3.34, +6.660, +0.143,+0.960
1589613960,+3.34, +6.689, +0.143,+0.960
1589614020,+3.34, +6.680, +0.144,+0.960
1589614080,+3.34, +6.680, +0.143,+0.960
1589614140,+3.34, +6.670, +0.143,+0.960
1589614200,+3.34, +6.689, +0.143,+0.960
1589614260,+3.34, +6.670, +0.144,+0.960
1589614320,+3.34, +6.670, +0.143,+0.960
1589614380,+3.34, +6.641, +0.144,+0.960
1589614440,+3.34, +6.641, +0.143,+0.960
1589614500,+3.34, +6.641, +0.145,+0.960
1589614560,+3.34, +6.660, +0.142,+0.960
1589614620,+3.34, +6.631, +0.143,+0.960
1589614680,+3.34, +6.631, +0.143,+0.960
1589614740,+3.34, +6.631, +0.144,+0.960
1589614800,+3.34, +6.631, +0.143,+0.960
1589614860,+3.34, +6.621, +0.144,+0.960
1589614920,+3.34, +6.631, +0.142,+0.960
1589614980,+3.34, +6.611, +0.144,+0.960
1589615040,+3.34, +6.680, +0.142,+0.960
1589615100,+3.34, +6.641, +0.143,+0.960
1589615160,+3.34, +6.631, +0.143,+0.960
1589615220,+3.34, +6.650, +0.142,+0.960
1589615280,+3.34, +6.641, +0.143,+0.960
1589615340,+3.34, +6.631, +0.143,+0.960
1589615400,+3.34, +6.631, +0.142,+0.960
1589615460,+3.34, +6.621, +0.144,+0.960
1589615520,+3.34, +6.611, +0.143,+0.960
1589615580,+3.34, +6.621, +0.144,+0.960
1589615640,+3.34, +6.631, +0.143,+0.960
1589615700,+3.34, +6.631, +0.145,+0.960
1589615760,+3.34, +6.660, +0.144,+0.960
1589615820,+3.34, +6.631, +0.143,+0.960
1589615880,+3.34, +6.650, +0.144,+0.960
1589615940,+3.34, +6.660, +0.144,+0.960
1589616000,+3.34, +6.660, +0.143,+0.960
1589616060,+3.34, +6.660, +0.142,+0.960
1589616120,+3.34, +6.670, +0.143,+0.960
1589616180,+3.34, +6.660, +0.143,+0.960
1589616240,+3.34, +6.689, +0.143,+0.960
1589616300,+3.34, +6.680, +0.142,+0.960
1589616360,+3.34, +6.670, +0.143,+0.960
1589616420,+3.34, +6.699, +0.144,+0.960
1589616480,+3.34, +6.680, +0.143,+0.960
1589616540,+3.34, +6.699, +0.143,+0.960
1589616600,+3.34, +6.738, +0.143,+0.960
1589616660,+3.34, +6.699, +0.144,+0.960
1589616720,+3.34, +6.728, +0.144,+0.960
1589616780,+3.34, +6.709, +0.143,+0.960
1589616840,+3.34, +6.699, +0.142,+0.960
1589616900,+3.34, +6.709, +0.145,+0.960
1589616960,+3.34, +6.718, +0.144,+0.960
1589617020,+3.34, +6.718, +0.144,+0.960
1589617080,+3.34, +6.728, +0.143,+0.960
1589617140,+3.34, +6.718, +0.145,+0.960
1589617200,+3.34, +6.728, +0.144,+0.960
1589617260,+3.34, +6.699, +0.144,+0.960
1589617320,+3.34, +6.718, +0.144,+0.960
1589617380,+3.34, +6.728, +0.142,+0.960
1589617440,+3.34, +6.699, +0.143,+0.960
1589617500,+3.34, +6.699, +0.144,+0.960
1589617560,+3.34, +6.718, +0.143,+0.960
1589617620,+3.34, +6.748, +0.145,+0.960
1589617680,+3.34, +6.728, +0.143,+0.960
1589617740,+3.34, +6.728, +0.143,+0.960
1589617800,+3.34, +6.718, +0.142,+0.960
1589617860,+3.34, +6.699, +0.143,+0.960
1589617920,+3.34, +6.718, +0.144,+0.960
1589617980,+3.34, +6.689, +0.144,+0.960
1589618040,+3.34, +6.728, +0.143,+0.960
1589618100,+3.34, +6.709, +0.143,+0.960
1589618160,+3.34, +6.718, +0.143,+0.960
1589618220,+3.34, +6.728, +0.144,+0.960
1589618280,+3.34, +6.738, +0.144,+0.960
1589618340,+3.34, +6.728, +0.143,+0.960
1589618400,+3.34, +6.728, +0.143,+0.960
1589618460,+3.34, +6.728, +0.143,+0.960
1589618520,+3.34, +6.718, +0.144,+0.960
1589618580,+3.34, +6.748, +0.144,+0.960
1589618640,+3.34, +6.718, +0.143,+0.960
1589618700,+3.34, +6.738, +0.142,+0.960
1589618760,+3.34, +6.728, +0.143,+0.960
1589618820,+3.34, +6.699, +0.144,+0.960
1589618880,+3.34, +6.718, +0.142,+0.960
1589618940,+3.34, +6.718, +0.144,+0.960
1589619000,+3.34, +6.738, +0.142,+0.960
1589619060,+3.34, +6.689, +0.145,+0.960
1589619120,+3.34, +6.757, +0.144,+0.960
1589619180,+3.34, +6.718, +0.142,+0.960
1589619240,+3.34, +6.718, +0.143,+0.960
1589619300,+3.34, +6.699, +0.143,+0.960
1589619360,+3.34, +6.699, +0.142,+0.960
1589619420,+3.34, +6.718, +0.143,+0.960
1589619480,+3.34, +6.709, +0.142,+0.960
1589619540,+3.34, +6.709, +0.143,+0.960
1589619600,+3.34, +6.718, +0.144,+0.960
1589619660,+3.34, +6.718, +0.144,+0.960
1589619720,+3.34, +6.709, +0.143,+0.960
1589619780,+3.34, +6.709, +0.143,+0.960
1589619840,+3.34, +6.699, +0.142,+0.960
1589619900,+3.34, +6.689, +0.144,+0.960
1589619960,+3.34, +6.709, +0.144,+0.960
1589620020,+3.34, +6.699, +0.142,+0.960
1589620080,+3.34, +6.689, +0.145,+0.960
1589620140,+3.34, +6.670, +0.143,+0.960
1589620200,+3.34, +6.689, +0.143,+0.960
1589620260,+3.34, +6.709, +0.144,+0.960
1589620320,+3.34, +6.699, +0.144,+0.960
1589620380,+3.34, +6.699, +0.144,+0.960
1589620440,+3.34, +6.699, +0.144,+0.960
1589620500,+3.34, +6.680, +0.144,+0.960
1589620560,+3.34, +6.699, +0.144,+0.960
1589620620,+3.34, +6.689, +0.143,+0.960
1589620680,+3.34, +6.718, +0.143,+0.960
1589620740,+3.34, +6.709, +0.144,+0.960
1589620800,+3.34, +6.718, +0.142,+0.960
1589620860,+3.34, +6.709, +0.143,+0.960
1589620920,+3.34, +6.680, +0.143,+0.960
1589620980,+3.34, +6.699, +0.145,+0.960
1589621040,+3.34, +6.709, +0.142,+0.960
1589621100,+3.34, +6.699, +0.143,+0.960
1589621160,+3.34, +6.728, +0.144,+0.960
1589621220,+3.34, +6.689, +0.143,+0.960
1589621280,+3.34, +6.680, +0.143,+0.960
1589621340,+3.34, +6.709, +0.143,+0.960
1589621400,+3.34, +6.718, +0.145,+0.960
1589621460,+3.34, +6.709, +0.144,+0.960
1589621520,+3.34, +6.709, +0.143,+0.960
1589621580,+3.34, +6.699, +0.144,+0.960
1589621640,+3.34, +6.709, +0.145,+0.960
1589621700,+3.34, +6.718, +0.143,+0.960
1589621760,+3.34, +6.689, +0.144,+0.960
1589621820,+3.34, +6.699, +0.143,+0.960
1589621880,+3.34, +6.699, +0.144,+0.960
1589621940,+3.34, +6.660, +0.143,+0.960
1589622000,+3.34, +6.689, +0.144,+0.960
1589622060,+3.34, +6.728, +0.144,+0.960
1589622120,+3.34, +6.670, +0.144,+0.960
1589622180,+3.34, +6.709, +0.144,+0.960
1589622240,+3.34, +6.718, +0.144,+0.960
1589622300,+3.34, +6.699, +0.144,+0.960
1589622360,+3.34, +6.689, +0.144,+0.960
1589622420,+3.34, +6.728, +0.143,+0.960
1589622480,+3.34, +6.699, +0.144,+0.960
1589622540,+3.34, +6.718, +0.143,+0.960
1589622600,+3.34, +6.728, +0.143,+0.960
1589622660,+3.34, +6.718, +0.143,+0.960
1589622720,+3.34, +6.680, +0.146,+0.960
1589622780,+3.34, +6.728, +0.143,+0.960
1589622840,+3.34, +6.728, +0.143,+0.960
1589622900,+3.34, +6.728, +0.144,+0.960
1589622960,+3.34, +6.728, +0.143,+0.960
1589623020,+3.34, +6.748, +0.143,+0.960
1589623080,+3.34, +6.738, +0.143,+0.960
1589623140,+3.34, +6.748, +0.143,+0.960
1589623200,+3.34, +6.738, +0.142,+0.960
1589623260,+3.34, +6.718, +0.143,+0.960
1589623320,+3.34, +6.728, +0.144,+0.960
1589623380,+3.34, +6.728, +0.142,+0.960
1589623440,+3.34, +6.738, +0.143,+0.960
1589623500,+3.34, +6.738, +0.143,+0.960
1589623560,+3.34, +6.738, +0.142,+0.960
1589623620,+3.34, +6.738, +0.143,+0.960
1589623680,+3.34, +6.718, +0.145,+0.960
1589623740,+3.34, +6.709, +0.145,+0.960
1589623800,+3.34, +6.718, +0.144,+0.960
1589623860,+3.34, +6.738, +0.144,+0.960
1589623920,+3.34, +6.748, +0.143,+0.960
1589623980,+3.34, +6.738, +0.143,+0.960
1589624040,+3.34, +6.738, +0.143,+0.960
1589624100,+3.34, +6.709, +0.143,+0.960
1589624160,+3.34, +6.709, +0.144,+0.960
1589624220,+3.34, +6.699, +0.144,+0.960
1589624280,+3.34, +6.709, +0.144,+0.960
1589624340,+3.34, +6.718, +0.142,+0.960
1589624400,+3.34, +6.728, +0.143,+0.960
1589624460,+3.34, +6.699, +0.145,+0.960
1589624520,+3.34, +6.709, +0.145,+0.960
1589624580,+3.34, +6.728, +0.143,+0.960
1589624640,+3.34, +6.728, +0.144,+0.960
1589624700,+3.34, +6.709, +0.144,+0.960
1589624760,+3.34, +6.709, +0.145,+0.960
1589624820,+3.34, +6.689, +0.144,+0.960
1589624880,+3.34, +6.718, +0.144,+0.960
1589624940,+3.34, +6.718, +0.142,+0.960
1589625000,+3.34, +6.689, +0.143,+0.960
1589625060,+3.34, +6.718, +0.144,+0.960
1589625120,+3.34, +6.738, +0.143,+0.960
1589625180,+3.34, +6.728, +0.144,+0.960
1589625240,+3.34, +6.728, +0.142,+0.960
1589625300,+3.34, +6.699, +0.144,+0.960
1589625360,+3.34, +6.728, +0.144,+0.960
1589625420,+3.34, +6.728, +0.142,+0.960
1589625480,+3.34, +6.738, +0.142,+0.960
1589625540,+3.34, +6.728, +0.142,+0.960
1589625600,+3.34, +6.699, +0.146,+0.960
1589625660,+3.33, +6.718, +0.143,+0.960
1589625720,+3.34, +6.748, +0.143,+0.960
1589625780,+3.34, +6.718, +0.143,+0.960
1589625840,+3.34, +6.709, +0.143,+0.960
1589625900,+3.34, +6.728, +0.143,+0.960
1589625960,+3.34, +6.728, +0.143,+0.960
1589626020,+3.34, +6.699, +0.143,+0.960
1589626080,+3.34, +6.699, +0.143,+0.960
1589626140,+3.34, +6.680, +0.144,+0.960
1589626200,+3.34, +6.699, +0.142,+0.960
1589626260,+3.34, +6.699, +0.143,+0.960
1589626320,+3.34, +6.699, +0.144,+0.960
1589626380,+3.34, +6.709, +0.143,+0.960
1589626440,+3.34, +6.689, +0.143,+0.960
1589626500,+3.34, +6.689, +0.143,+0.960
1589626560,+3.34, +6.670, +0.145,+0.960
1589626620,+3.34, +6.689, +0.144,+0.960
1589626680,+3.34, +6.718, +0.142,+0.960
1589626740,+3.34, +6.670, +0.144,+0.960
1589626800,+3.34, +6.680, +0.144,+0.960
1589626860,+3.34, +6.650, +0.143,+0.960
1589626920,+3.34, +6.631, +0.143,+0.960
1589626980,+3.34, +6.670, +0.144,+0.960
1589627040,+3.34, +6.641, +0.143,+0.960
1589627100,+3.34, +6.641, +0.144,+0.960
1589627160,+3.34, +6.670, +0.144,+0.960
1589627220,+3.34, +6.660, +0.142,+0.960
1589627280,+3.34, +6.660, +0.144,+0.960
1589627340,+3.34, +6.670, +0.144,+0.960
1589627400,+3.34, +6.670, +0.143,+0.960
1589627460,+3.34, +6.680, +0.144,+0.960
1589627520,+3.34, +6.709, +0.144,+0.960
1589627580,+3.34, +6.689, +0.143,+0.960
1589627640,+3.34, +6.680, +0.143,+0.960
1589627700,+3.34, +6.680, +0.144,+0.960
1589627760,+3.34, +6.680, +0.144,+0.960
1589627820,+3.34, +6.670, +0.142,+0.960
1589627880,+3.34, +6.680, +0.143,+0.960
1589627940,+3.34, +6.709, +0.143,+0.960
1589628000,+3.34, +6.689, +0.145,+0.960
1589628060,+3.34, +6.689, +0.143,+0.960
1589628120,+3.34, +6.689, +0.142,+0.960
1589628180,+3.33, +6.748, +0.143,+0.960
1589628240,+3.34, +6.699, +0.143,+0.960
1589628300,+3.34, +6.728, +0.144,+0.960
1589628360,+3.34, +6.689, +0.144,+0.960
1589628420,+3.34, +6.699, +0.143,+0.960
1589628480,+3.34, +6.699, +0.142,+0.960
1589628540,+3.34, +6.709, +0.142,+0.960
1589628600,+3.34, +6.699, +0.144,+0.960
1589628660,+3.34, +6.689, +0.142,+0.960
1589628720,+3.34, +6.738, +0.143,+0.960
1589628780,+3.34, +6.699, +0.143,+0.960
1589628840,+3.34, +6.718, +0.144,+0.960
1589628900,+3.34, +6.718, +0.143,+0.960
1589628960,+3.34, +6.738, +0.143,+0.960
1589629020,+3.34, +6.709, +0.143,+0.960
1589629080,+3.34, +6.709, +0.143,+0.960
1589629140,+3.34, +6.709, +0.143,+0.960
1589629200,+3.34, +6.699, +0.143,+0.960
1589629260,+3.34, +6.728, +0.144,+0.960
1589629320,+3.34, +6.728, +0.144,+0.960
1589629380,+3.34, +6.718, +0.142,+0.960
1589629440,+3.34, +6.718, +0.143,+0.960
1589629500,+3.34, +6.728, +0.143,+0.960
1589629560,+3.34, +6.709, +0.143,+0.960
1589629620,+3.34, +6.728, +0.143,+0.960
1589629680,+3.34, +6.709, +0.145,+0.960
1589629740,+3.34, +6.709, +0.142,+0.960
1589629800,+3.34, +6.689, +0.144,+0.960
1589629860,+3.34, +6.699, +0.145,+0.960
1589629920,+3.34, +6.680, +0.143,+0.960
1589629980,+3.34, +6.699, +0.141,+0.960
1589630040,+3.34, +6.689, +0.143,+0.960
1589630100,+3.34, +6.728, +0.144,+0.960
1589630160,+3.34, +6.728, +0.143,+0.960
1589630220,+3.34, +6.738, +0.142,+0.960
1589630280,+3.34, +6.757, +0.144,+0.960
1589630340,+3.34, +6.757, +0.144,+0.960
1589630400,+3.34, +6.728, +0.142,+0.960
1589630460,+3.34, +6.718, +0.142,+0.960
1589630520,+3.34, +6.738, +0.142,+0.960
1589630580,+3.34, +6.738, +0.143,+0.960
1589630640,+3.34, +6.728, +0.144,+0.960
1589630700,+3.34, +6.709, +0.144,+0.960
1589630760,+3.34, +6.718, +0.144,+0.960
1589630820,+3.34, +6.689, +0.143,+0.960
1589630880,+3.34, +6.718, +0.144,+0.960
1589630940,+3.34, +6.699, +0.144,+0.960
1589631000,+3.34, +6.718, +0.144,+0.960
1589631060,+3.34, +6.728, +0.143,+0.960
1589631120,+3.34, +6.709, +0.144,+0.960
1589631180,+3.34, +6.670, +0.143,+0.960
1589631240,+3.34, +6.670, +0.144,+0.960
1589631300,+3.34, +6.650, +0.144,+0.960
1589631360,+3.34, +6.680, +0.142,+0.960
1589631420,+3.34, +6.680, +0.145,+0.960
1589631480,+3.34, +6.689, +0.143,+0.960
1589631540,+3.34, +6.709, +0.143,+0.960
1589631600,+3.34, +6.670, +0.145,+0.960
1589631660,+3.34, +6.670, +0.143,+0.960
1589631720,+3.34, +6.670, +0.144,+0.960
1589631780,+3.34, +6.699, +0.143,+0.960
1589631840,+3.34, +6.709, +0.143,+0.960
1589631900,+3.34, +6.718, +0.144,+0.960
1589631960,+3.34, +6.728, +0.143,+0.960
1589632020,+3.34, +6.738, +0.143,+0.960
1589632080,+3.34, +6.689, +0.143,+0.960
1589632140,+3.34, +6.718, +0.145,+0.960
1589632200,+3.34, +6.728, +0.145,+0.960
1589632260,+3.34, +6.699, +0.145,+0.960
1589632320,+3.34, +6.680, +0.144,+0.960
1589632380,+3.34, +6.718, +0.144,+0.960
1589632440,+3.34, +6.728, +0.143,+0.960
1589632500,+3.34, +6.728, +0.144,+0.960
1589632560,+3.34, +6.728, +0.144,+0.960
1589632620,+3.34, +6.728, +0.144,+0.960
1589632680,+3.34, +6.728, +0.145,+0.960
1589632740,+3.34, +6.709, +0.147,+0.960
1589632800,+3.34, +6.660, +0.148,+0.960
1589632860,+3.34, +6.660, +0.146,+0.960
1589632920,+3.34, +6.641, +0.145,+0.960
1589632980,+3.34, +6.592, +0.145,+0.960
1589633040,+3.34, +6.543, +0.147,+0.960
1589633100,+3.34, +6.533, +0.145,+0.960
1589633160,+3.34, +6.523, +0.146,+0.960
1589633220,+3.34, +6.563, +0.149,+0.960
1589633280,+3.34, +6.611, +0.156,+0.960
1589633340,+3.34, +6.621, +0.158,+0.960
1589633400,+3.34, +6.621, +0.161,+0.960
1589633460,+3.34, +6.641, +0.162,+0.960
1589633520,+3.34, +6.621, +0.162,+0.961
1589633580,+3.34, +6.631, +0.163,+0.961
1589633640,+3.34, +6.660, +0.165,+0.961
1589633700,+3.34, +6.670, +0.165,+0.960
1589633760,+3.34, +6.699, +0.164,+0.960
1589633820,+3.34, +6.699, +0.171,+0.961
1589633880,+3.34, +6.777, +0.174,+0.961
1589633940,+3.34, +6.796, +0.175,+0.961
1589634000,+3.34, +6.825, +0.176,+0.961
1589634060,+3.34, +6.864, +0.190,+0.961
1589634120,+3.34, +6.845, +0.194,+0.961
1589634180,+3.34, +6.806, +0.191,+0.961
1589634240,+3.34, +6.951, +0.218,+0.962
1589634300,+3.34, +6.980, +0.246,+0.962
1589634360,+3.34, +6.942, +0.249,+0.962
1589634420,+3.34, +6.942, +0.246,+0.962
1589634480,+3.34, +6.864, +0.231,+0.962
1589634540,+3.34, +6.825, +0.212,+0.961
1589634600,+3.34, +6.893, +0.206,+0.961
1589634660,+3.34, +6.874, +0.206,+0.961
1589634720,+3.34, +6.825, +0.196,+0.961
1589634780,+3.34, +6.777, +0.190,+0.961
1589634840,+3.34, +6.757, +0.181,+0.961
1589634900,+3.34, +6.738, +0.177,+0.960
1589634960,+3.34, +6.718, +0.176,+0.960
1589635020,+3.34, +6.631, +0.170,+0.960
1589635080,+3.34, +6.563, +0.162,+0.960
1589635140,+3.34, +6.514, +0.159,+0.960
1589635200,+3.34, +6.475, +0.157,+0.960
1589635260,+3.34, +6.435, +0.155,+0.960
1589635320,+3.34, +6.435, +0.156,+0.960
1589635380,+3.34, +6.416, +0.155,+0.960
1589635440,+3.34, +6.426, +0.153,+0.960
1589635500,+3.34, +6.416, +0.153,+0.960
1589635560,+3.34, +6.396, +0.154,+0.960
1589635620,+3.34, +6.406, +0.157,+0.960
1589635680,+3.34, +6.416, +0.155,+0.960
1589635740,+3.34, +6.387, +0.158,+0.960
1589635800,+3.34, +6.406, +0.155,+0.960
1589635860,+3.34, +6.475, +0.154,+0.960
1589635920,+3.34, +6.533, +0.155,+0.960
1589635980,+3.34, +6.523, +0.155,+0.960
1589636040,+3.34, +6.582, +0.154,+0.960
1589636100,+3.34, +6.572, +0.155,+0.960
1589636160,+3.34, +6.592, +0.152,+0.960
1589636220,+3.34, +6.582, +0.151,+0.960
1589636280,+3.34, +6.592, +0.150,+0.960
1589636340,+3.34, +6.631, +0.149,+0.960
1589636400,+3.34, +6.641, +0.149,+0.960
1589636460,+3.34, +6.689, +0.148,+0.960
1589636520,+3.34, +6.699, +0.150,+0.960
1589636580,+3.34, +6.757, +0.149,+0.960
1589636640,+3.34, +6.816, +0.149,+0.961
1589636700,+3.34, +6.825, +0.148,+0.960
1589636760,+3.34, +6.854, +0.149,+0.961
1589636820,+3.34, +6.884, +0.149,+0.960
1589636880,+3.34, +6.903, +0.146,+0.961
1589636940,+3.34, +6.874, +0.148,+0.960
1589637000,+3.34, +6.893, +0.146,+0.960
1589637060,+3.34, +6.874, +0.147,+0.960
1589637120,+3.34, +6.796, +0.149,+0.960
1589637180,+3.34, +6.767, +0.148,+0.960
1589637240,+3.34, +6.728, +0.148,+0.960
1589637300,+3.34, +6.699, +0.148,+0.960
1589637360,+3.34, +6.631, +0.147,+0.959
1589637420,+3.34, +6.563, +0.148,+0.960
1589637480,+3.34, +6.582, +0.148,+0.960
1589637540,+3.34, +6.611, +0.147,+0.960
1589637600,+3.34, +6.602, +0.149,+0.960
1589637660,+3.34, +6.641, +0.146,+0.960
1589637720,+3.34, +6.621, +0.148,+0.960
1589637780,+3.34, +6.641, +0.147,+0.960
1589637840,+3.34, +6.631, +0.148,+0.960
1589637900,+3.34, +6.680, +0.148,+0.960
1589637960,+3.34, +6.738, +0.150,+0.960
1589638020,+3.34, +6.816, +0.147,+0.960
1589638080,+3.34, +6.835, +0.148,+0.960
1589638140,+3.34, +6.806, +0.148,+0.960
1589638200,+3.34, +6.757, +0.148,+0.960
1589638260,+3.34, +6.787, +0.147,+0.960
1589638320,+3.34, +6.845, +0.149,+0.960
1589638380,+3.34, +6.874, +0.150,+0.961
1589638440,+3.34, +6.854, +0.150,+0.960
1589638500,+3.34, +6.854, +0.148,+0.960
1589638560,+3.34, +6.825, +0.148,+0.960
1589638620,+3.34, +6.874, +0.149,+0.960
1589638680,+3.34, +6.816, +0.148,+0.960
1589638740,+3.34, +6.845, +0.150,+0.960
1589638800,+3.34, +6.884, +0.151,+0.960
1589638860,+3.34, +6.903, +0.151,+0.960
1589638920,+3.34, +6.913, +0.151,+0.960
1589638980,+3.33, +6.884, +0.154,+0.960
1589639040,+3.34, +6.835, +0.153,+0.960
1589639100,+3.34, +6.787, +0.152,+0.960
1589639160,+3.34, +6.787, +0.152,+0.960
1589639220,+3.34, +6.767, +0.151,+0.960
1589639280,+3.34, +6.738, +0.150,+0.960
1589639340,+3.34, +6.728, +0.150,+0.960
1589639400,+3.34, +6.689, +0.149,+0.960
1589639460,+3.34, +6.641, +0.148,+0.960
1589639520,+3.34, +6.602, +0.149,+0.960
1589639580,+3.33, +6.543, +0.149,+0.960
1589639640,+3.34, +6.572, +0.149,+0.960
1589639700,+3.34, +6.504, +0.148,+0.960
1589639760,+3.34, +6.435, +0.153,+0.960
1589639820,+3.34, +6.455, +0.150,+0.960
1589639880,+3.34, +6.435, +0.151,+0.960
1589639940,+3.34, +6.465, +0.151,+0.960
1589640000,+3.33, +6.465, +0.152,+0.960
1589640060,+3.34, +6.553, +0.152,+0.960
1589640120,+3.34, +6.572, +0.151,+0.960
1589640180,+3.34, +6.572, +0.151,+0.960
1589640240,+3.33, +6.563, +0.152,+0.960
1589640300,+3.34, +6.602, +0.151,+0.960
1589640360,+3.33, +6.650, +0.151,+0.960
1589640420,+3.34, +6.709, +0.151,+0.960
1589640480,+3.34, +6.709, +0.152,+0.960
1589640540,+3.34, +6.699, +0.152,+0.960
1589640600,+3.34, +6.748, +0.153,+0.960
1589640660,+3.34, +6.748, +0.153,+0.960
1589640720,+3.34, +6.757, +0.154,+0.960
1589640780,+3.34, +6.796, +0.152,+0.960
1589640840,+3.34, +6.816, +0.152,+0.960
1589640900,+3.34, +6.835, +0.153,+0.960
1589640960,+3.34, +6.835, +0.153,+0.960
1589641020,+3.33, +6.864, +0.154,+0.960
1589641080,+3.34, +6.864, +0.154,+0.960
1589641140,+3.34, +6.825, +0.153,+0.960
1589641200,+3.33, +6.835, +0.156,+0.960
1589641260,+3.34, +6.874, +0.155,+0.960
1589641320,+3.34, +6.816, +0.154,+0.960
1589641380,+3.34, +6.787, +0.153,+0.960
1589641440,+3.34, +6.787, +0.151,+0.960
1589641500,+3.34, +6.757, +0.150,+0.960
1589641560,+3.34, +6.699, +0.149,+0.960
1589641620,+3.34, +6.621, +0.149,+0.959
1589641680,+3.33, +6.592, +0.150,+0.960
1589641740,+3.34, +6.621, +0.150,+0.960
1589641800,+3.34, +6.641, +0.151,+0.960
1589641860,+3.34, +6.602, +0.151,+0.960
1589641920,+3.34, +6.582, +0.151,+0.960
1589641980,+3.33, +6.533, +0.150,+0.960
1589642040,+3.33, +6.553, +0.151,+0.960
1589642100,+3.34, +6.602, +0.151,+0.960
1589642160,+3.34, +6.660, +0.151,+0.960
1589642220,+3.34, +6.699, +0.151,+0.960
1589642280,+3.34, +6.748, +0.150,+0.960
1589642340,+3.34, +6.709, +0.150,+0.960
1589642400,+3.34, +6.709, +0.150,+0.960
1589642460,+3.34, +6.670, +0.149,+0.960
1589642520,+3.34, +6.660, +0.154,+0.960
1589642580,+3.34, +6.748, +0.152,+0.961
1589642640,+3.34, +6.728, +0.151,+0.960
1589642700,+3.34, +6.650, +0.154,+0.960
1589642760,+3.34, +6.641, +0.153,+0.960
1589642820,+3.34, +6.660, +0.154,+0.960
1589642880,+3.34, +6.650, +0.154,+0.960
1589642940,+3.34, +6.611, +0.151,+0.960
1589643000,+3.33, +6.523, +0.151,+0.960
1589643060,+3.33, +6.475, +0.151,+0.960
1589643120,+3.33, +6.465, +0.151,+0.960
1589643180,+3.34, +6.514, +0.151,+0.960
1589643240,+3.34, +6.689, +0.152,+0.960
1589643300,+3.34, +6.806, +0.153,+0.961
1589643360,+3.34, +6.835, +0.151,+0.961
1589643420,+3.34, +6.903, +0.153,+0.961
1589643480,+3.34, +6.951, +0.154,+0.961
1589643540,+3.34, +6.971, +0.158,+0.961
1589643600,+3.34, +7.048, +0.162,+0.961
1589643660,+3.33, +6.980, +0.165,+0.961
1589643720,+3.33, +6.961, +0.160,+0.961
1589643780,+3.34, +6.942, +0.158,+0.961
1589643840,+3.34, +6.951, +0.157,+0.961
1589643900,+3.34, +6.903, +0.153,+0.960
1589643960,+3.34, +6.854, +0.152,+0.960
1589644020,+3.34, +6.787, +0.151,+0.960
1589644080,+3.34, +6.767, +0.151,+0.960
1589644140,+3.34, +6.767, +0.152,+0.960
1589644200,+3.34, +6.767, +0.151,+0.960
1589644260,+3.34, +6.796, +0.149,+0.960
1589644320,+3.34, +6.825, +0.151,+0.960
1589644380,+3.34, +6.874, +0.150,+0.960
1589644440,+3.34, +6.884, +0.149,+0.960
1589644500,+3.34, +6.903, +0.150,+0.960
1589644560,+3.34, +6.932, +0.151,+0.960
1589644620,+3.34, +6.903, +0.147,+0.960
1589644680,+3.34, +6.854, +0.148,+0.960
1589644740,+3.34, +6.796, +0.147,+0.960
1589644800,+3.34, +6.796, +0.148,+0.960
1589644860,+3.34, +6.806, +0.148,+0.960
1589644920,+3.34, +6.845, +0.148,+0.960
1589644980,+3.34, +6.796, +0.147,+0.960
1589645040,+3.34, +6.806, +0.147,+0.960
1589645100,+3.34, +6.893, +0.149,+0.960
1589645160,+3.34, +6.922, +0.149,+0.960
1589645220,+3.34, +6.942, +0.150,+0.960
1589645280,+3.34, +6.942, +0.150,+0.960
1589645340,+3.34, +7.000, +0.149,+0.961
1589645400,+3.34, +7.029, +0.150,+0.960
1589645460,+3.34, +7.048, +0.152,+0.960
1589645520,+3.34, +7.125, +0.160,+0.961
1589645580,+3.34, +7.164, +0.162,+0.961
1589645640,+3.34, +7.164, +0.160,+0.961
1589645700,+3.33, +7.183, +0.157,+0.960
1589645760,+3.34, +7.193, +0.155,+0.960
1589645820,+3.34, +7.173, +0.153,+0.960
1589645880,+3.34, +7.106, +0.152,+0.960
1589645940,+3.33, +7.048, +0.149,+0.960
1589646000,+3.34, +6.961, +0.148,+0.960
1589646060,+3.34, +6.864, +0.147,+0.960
1589646120,+3.34, +6.796, +0.148,+0.959
1589646180,+3.34, +6.757, +0.147,+0.960
1589646240,+3.34, +6.680, +0.145,+0.959
1589646300,+3.34, +6.553, +0.146,+0.959
1589646360,+3.34, +6.494, +0.146,+0.959
1589646420,+3.34, +6.484, +0.147,+0.959
1589646480,+3.34, +6.465, +0.146,+0.959
1589646540,+3.33, +6.494, +0.147,+0.959
1589646600,+3.34, +6.484, +0.147,+0.960
1589646660,+3.34, +6.455, +0.148,+0.959
1589646720,+3.33, +6.484, +0.148,+0.960
1589646780,+3.33, +6.523, +0.148,+0.960
1589646840,+3.34, +6.572, +0.149,+0.960
1589646900,+3.34, +6.592, +0.147,+0.960
1589646960,+3.34, +6.670, +0.150,+0.960
1589647020,+3.34, +6.748, +0.146,+0.960
1589647080,+3.34, +6.767, +0.148,+0.960
1589647140,+3.34, +6.796, +0.145,+0.960
1589647200,+3.34, +6.699, +0.147,+0.960
1589647260,+3.34, +6.611, +0.144,+0.960
1589647320,+3.34, +6.494, +0.147,+0.959
1589647380,+3.34, +6.611, +0.151,+0.960
1589647440,+3.33, +6.767, +0.147,+0.960
1589647500,+3.34, +6.874, +0.149,+0.961
1589647560,+3.34, +6.971, +0.149,+0.961
1589647620,+3.34, +6.874, +0.147,+0.960
1589647680,+3.34, +6.748, +0.150,+0.960
1589647740,+3.34, +6.699, +0.150,+0.960
1589647800,+3.34, +6.748, +0.150,+0.960
1589647860,+3.34, +6.796, +0.149,+0.960
1589647920,+3.34, +6.816, +0.148,+0.960
1589647980,+3.34, +6.787, +0.150,+0.960
1589648040,+3.34, +6.709, +0.152,+0.960
1589648100,+3.34, +6.699, +0.149,+0.960
1589648160,+3.34, +6.777, +0.150,+0.960
1589648220,+3.34, +6.903, +0.151,+0.960
1589648280,+3.34, +6.893, +0.151,+0.960
1589648340,+3.34, +6.796, +0.149,+0.960
1589648400,+3.34, +6.738, +0.148,+0.959
1589648460,+3.34, +6.670, +0.150,+0.960
1589648520,+3.34, +6.680, +0.146,+0.960
1589648580,+3.34, +6.631, +0.147,+0.959
1589648640,+3.34, +6.611, +0.147,+0.960
1589648700,+3.33, +6.582, +0.147,+0.960
1589648760,+3.34, +6.533, +0.147,+0.960
1589648820,+3.33, +6.514, +0.147,+0.959
1589648880,+3.34, +6.475, +0.146,+0.960
1589648940,+3.33, +6.416, +0.146,+0.959
1589649000,+3.33, +6.357, +0.146,+0.959
1589649060,+3.34, +6.308, +0.146,+0.959
1589649120,+3.34, +6.308, +0.149,+0.960
1589649180,+3.34, +6.338, +0.148,+0.960
1589649240,+3.34, +6.328, +0.150,+0.960
1589649300,+3.33, +6.367, +0.151,+0.960
1589649360,+3.34, +6.416, +0.150,+0.960
1589649420,+3.33, +6.543, +0.152,+0.961
1589649480,+3.33, +6.592, +0.150,+0.960
1589649540,+3.34, +6.660, +0.152,+0.961
1589649600,+3.34, +6.689, +0.150,+0.960
1589649660,+3.34, +6.709, +0.149,+0.960
1589649720,+3.34, +6.689, +0.148,+0.960
1589649780,+3.33, +6.728, +0.148,+0.960
1589649840,+3.34, +6.767, +0.149,+0.960
1589649900,+3.34, +6.728, +0.147,+0.960
1589649960,+3.34, +6.787, +0.148,+0.960
1589650020,+3.34, +6.796, +0.149,+0.961
1589650080,+3.34, +6.796, +0.147,+0.960
1589650140,+3.34, +6.767, +0.147,+0.960
1589650200,+3.34, +6.738, +0.148,+0.960
1589650260,+3.34, +6.748, +0.149,+0.960
1589650320,+3.33, +6.777, +0.149,+0.960
1589650380,+3.34, +6.738, +0.148,+0.960
1589650440,+3.34, +6.709, +0.148,+0.960
1589650500,+3.33, +6.718, +0.149,+0.960
1589650560,+3.34, +6.757, +0.150,+0.960
1589650620,+3.34, +6.777, +0.150,+0.960
1589650680,+3.33, +6.787, +0.149,+0.960
1589650740,+3.34, +6.806, +0.152,+0.960
1589650800,+3.34, +6.845, +0.149,+0.960
1589650860,+3.34, +6.854, +0.150,+0.960
1589650920,+3.34, +6.864, +0.152,+0.960
1589650980,+3.33, +6.845, +0.152,+0.960
1589651040,+3.34, +6.777, +0.151,+0.960
1589651100,+3.34, +6.864, +0.157,+0.961
1589651160,+3.34, +6.951, +0.159,+0.961
1589651220,+3.34, +6.922, +0.160,+0.961
1589651280,+3.34, +6.884, +0.158,+0.960
1589651340,+3.34, +6.854, +0.155,+0.960
1589651400,+3.34, +6.854, +0.155,+0.960
1589651460,+3.34, +6.893, +0.159,+0.961
1589651520,+3.34, +6.961, +0.161,+0.960
1589651580,+3.34, +7.000, +0.163,+0.961
1589651640,+3.34, +6.971, +0.162,+0.960
1589651700,+3.34, +6.903, +0.162,+0.960
1589651760,+3.34, +6.854, +0.157,+0.960
1589651820,+3.34, +6.816, +0.157,+0.960
1589651880,+3.34, +6.767, +0.155,+0.960
1589651940,+3.34, +6.738, +0.151,+0.960
1589652000,+3.34, +6.709, +0.149,+0.960
1589652060,+3.34, +6.670, +0.150,+0.960
1589652120,+3.34, +6.611, +0.149,+0.960
1589652180,+3.34, +6.621, +0.149,+0.960
1589652240,+3.34, +6.660, +0.149,+0.960
1589652300,+3.34, +6.689, +0.149,+0.960
1589652360,+3.34, +6.709, +0.150,+0.960
1589652420,+3.34, +6.777, +0.150,+0.960
1589652480,+3.34, +6.777, +0.151,+0.960
1589652540,+3.34, +6.825, +0.151,+0.960
1589652600,+3.34, +6.903, +0.155,+0.961
1589652660,+3.33, +7.000, +0.156,+0.961
1589652720,+3.34, +7.009, +0.155,+0.960
1589652780,+3.34, +6.932, +0.154,+0.960
1589652840,+3.34, +6.903, +0.155,+0.960
1589652900,+3.34, +6.893, +0.153,+0.960
1589652960,+3.34, +6.913, +0.152,+0.960
1589653020,+3.34, +6.835, +0.152,+0.960
1589653080,+3.34, +6.767, +0.149,+0.960
1589653140,+3.34, +6.611, +0.151,+0.959
1589653200,+3.34, +6.641, +0.150,+0.960
1589653260,+3.34, +6.631, +0.150,+0.960
1589653320,+3.34, +6.641, +0.149,+0.960
1589653380,+3.34, +6.641, +0.151,+0.960
1589653440,+3.34, +6.660, +0.150,+0.960
1589653500,+3.34, +6.699, +0.151,+0.960
1589653560,+3.34, +6.738, +0.152,+0.960
1589653620,+3.34, +6.825, +0.152,+0.961
1589653680,+3.34, +6.796, +0.152,+0.960
1589653740,+3.34, +6.728, +0.150,+0.960
1589653800,+3.34, +6.718, +0.149,+0.960
1589653860,+3.34, +6.631, +0.150,+0.960
1589653920,+3.33, +6.611, +0.150,+0.960
1589653980,+3.34, +6.602, +0.149,+0.960
1589654040,+3.33, +6.563, +0.149,+0.960
1589654100,+3.34, +6.514, +0.148,+0.960
1589654160,+3.33, +6.484, +0.149,+0.960
1589654220,+3.34, +6.455, +0.149,+0.960
1589654280,+3.34, +6.465, +0.149,+0.960
1589654340,+3.34, +6.435, +0.150,+0.960
1589654400,+3.34, +6.426, +0.151,+0.960
1589654460,+3.34, +6.475, +0.152,+0.960
1589654520,+3.33, +6.563, +0.155,+0.960
1589654580,+3.34, +6.631, +0.158,+0.961
1589654640,+3.34, +6.680, +0.160,+0.960
1589654700,+3.34, +6.728, +0.164,+0.961
1589654760,+3.34, +6.777, +0.165,+0.961
1589654820,+3.34, +6.835, +0.167,+0.961
1589654880,+3.34, +6.893, +0.168,+0.961
1589654940,+3.34, +6.874, +0.166,+0.961
1589655000,+3.34, +6.922, +0.165,+0.961
1589655060,+3.34, +6.845, +0.164,+0.960
1589655120,+3.34, +6.893, +0.164,+0.960
1589655180,+3.34, +6.913, +0.161,+0.960
1589655240,+3.34, +6.893, +0.161,+0.960
1589655300,+3.34, +6.913, +0.160,+0.960
1589655360,+3.34, +6.942, +0.160,+0.961
1589655420,+3.33, +6.893, +0.160,+0.960
1589655480,+3.34, +7.019, +0.161,+0.960
1589655540,+3.34, +7.077, +0.170,+0.961
1589655600,+3.34, +7.087, +0.169,+0.961
1589655660,+3.34, +7.116, +0.166,+0.961
1589655720,+3.34, +7.077, +0.162,+0.961
1589655780,+3.34, +7.058, +0.159,+0.961
1589655840,+3.34, +6.951, +0.155,+0.960
1589655900,+3.34, +6.854, +0.153,+0.960
1589655960,+3.34, +6.835, +0.153,+0.960
1589656020,+3.34, +6.825, +0.151,+0.960
1589656080,+3.34, +6.835, +0.151,+0.960
1589656140,+3.34, +6.816, +0.152,+0.960
1589656200,+3.34, +6.845, +0.151,+0.960
1589656260,+3.34, +6.893, +0.152,+0.960
1589656320,+3.34, +7.000, +0.152,+0.960
1589656380,+3.34, +7.038, +0.151,+0.960
1589656440,+3.34, +7.096, +0.152,+0.961
1589656500,+3.34, +7.048, +0.150,+0.960
1589656560,+3.34, +7.038, +0.147,+0.960
1589656620,+3.34, +6.922, +0.147,+0.960
1589656680,+3.34, +6.845, +0.147,+0.960
1589656740,+3.34, +6.738, +0.147,+0.960
1589656800,+3.34, +6.689, +0.146,+0.959
1589656860,+3.33, +6.621, +0.147,+0.960
1589656920,+3.34, +6.641, +0.149,+0.960
1589656980,+3.34, +6.670, +0.148,+0.960
1589657040,+3.34, +6.728, +0.147,+0.960
1589657100,+3.34, +6.738, +0.146,+0.960
1589657160,+3.34, +6.689, +0.147,+0.960
1589657220,+3.34, +6.699, +0.147,+0.960
1589657280,+3.34, +6.709, +0.146,+0.960
1589657340,+3.34, +6.709, +0.147,+0.960
1589657400,+3.34, +6.709, +0.145,+0.960
1589657460,+3.34, +6.718, +0.148,+0.960
1589657520,+3.34, +6.738, +0.146,+0.960
1589657580,+3.34, +6.767, +0.144,+0.960
1589657640,+3.34, +6.777, +0.148,+0.960
1589657700,+3.33, +6.796, +0.146,+0.960
1589657760,+3.34, +6.825, +0.146,+0.960
1589657820,+3.34, +6.796, +0.147,+0.960
1589657880,+3.34, +6.748, +0.147,+0.960
1589657940,+3.34, +6.718, +0.146,+0.960
1589658000,+3.34, +6.689, +0.146,+0.960
1589658060,+3.34, +6.670, +0.146,+0.960
1589658120,+3.34, +6.670, +0.147,+0.960
1589658180,+3.34, +6.680, +0.146,+0.960
1589658240,+3.34, +6.738, +0.148,+0.960
1589658300,+3.33, +6.757, +0.148,+0.960
1589658360,+3.34, +6.767, +0.148,+0.960
1589658420,+3.34, +6.767, +0.148,+0.960
1589658480,+3.34, +6.787, +0.150,+0.960
1589658540,+3.34, +6.806, +0.147,+0.960
1589658600,+3.34, +6.835, +0.146,+0.960
1589658660,+3.34, +6.854, +0.147,+0.960
1589658720,+3.34, +6.854, +0.149,+0.960
1589658780,+3.34, +6.874, +0.149,+0.960
1589658840,+3.34, +6.903, +0.150,+0.960
1589658900,+3.34, +6.903, +0.147,+0.960
1589658960,+3.33, +6.951, +0.148,+0.960
1589659020,+3.34, +7.000, +0.149,+0.961
1589659080,+3.34, +7.077, +0.150,+0.960
1589659140,+3.34, +7.106, +0.148,+0.960
1589659200,+3.34, +7.145, +0.147,+0.960
1589659260,+3.34, +7.193, +0.148,+0.960
1589659320,+3.34, +7.241, +0.146,+0.960
1589659380,+3.34, +7.222, +0.143,+0.960
1589659440,+3.34, +7.145, +0.147,+0.960
1589659500,+3.34, +7.038, +0.144,+0.960
1589659560,+3.34, +7.000, +0.144,+0.960
1589659620,+3.34, +6.913, +0.142,+0.959
1589659680,+3.34, +6.864, +0.144,+0.959
1589659740,+3.34, +6.845, +0.144,+0.959
1589659800,+3.34, +6.825, +0.146,+0.959
1589659860,+3.34, +6.835, +0.144,+0.960
1589659920,+3.34, +6.796, +0.144,+0.960
1589659980,+3.34, +6.748, +0.143,+0.959
1589660040,+3.34, +6.670, +0.145,+0.959
1589660100,+3.34, +6.631, +0.144,+0.959
1589660160,+3.33, +6.563, +0.146,+0.959
1589660220,+3.34, +6.484, +0.142,+0.959
1589660280,+3.34, +6.426, +0.143,+0.959
1589660340,+3.34, +6.396, +0.144,+0.959
1589660400,+3.34, +6.396, +0.144,+0.959
1589660460,+3.34, +6.367, +0.144,+0.959
1589660520,+3.34, +6.318, +0.144,+0.959
1589660580,+3.34, +6.328, +0.146,+0.959
1589660640,+3.33, +6.416, +0.144,+0.960
1589660700,+3.34, +6.475, +0.146,+0.960
1589660760,+3.33, +6.494, +0.147,+0.960
1589660820,+3.34, +6.484, +0.146,+0.960
1589660880,+3.33, +6.504, +0.147,+0.960
1589660940,+3.34, +6.504, +0.146,+0.960
1589661000,+3.34, +6.533, +0.147,+0.960
1589661060,+3.34, +6.572, +0.146,+0.960
1589661120,+3.34, +6.592, +0.146,+0.960
1589661180,+3.34, +6.689, +0.145,+0.960
1589661240,+3.34, +6.796, +0.144,+0.960
1589661300,+3.34, +6.845, +0.146,+0.960
1589661360,+3.34, +6.845, +0.145,+0.960
1589661420,+3.34, +6.845, +0.146,+0.960
1589661480,+3.34, +6.903, +0.143,+0.960
1589661540,+3.34, +6.874, +0.144,+0.960
1589661600,+3.34, +6.864, +0.144,+0.960
1589661660,+3.34, +6.874, +0.143,+0.960
1589661720,+3.34, +6.893, +0.146,+0.960
1589661780,+3.34, +6.893, +0.144,+0.960
1589661840,+3.34, +6.903, +0.143,+0.960
1589661900,+3.34, +6.913, +0.144,+0.960
1589661960,+3.33, +6.922, +0.145,+0.960
1589662020,+3.34, +6.951, +0.144,+0.960
1589662080,+3.34, +6.951, +0.144,+0.960
1589662140,+3.34, +6.932, +0.143,+0.960
1589662200,+3.34, +6.893, +0.143,+0.960
