7392-570653
OS REV: 1.11 Sensor Cal: 1428445788
Time (sec),  BV (Volts),  T (deg C),  DO (mg/l),  Q ()
1584910260,+3.32, +2.100, +0.170,+0.960
1584910320,+3.32, +2.078, +0.169,+0.960
1584910380,+3.32, +2.078, +0.171,+0.960
1584910440,+3.32, +2.133, +0.169,+0.960
1584910500,+3.32, +2.078, +0.170,+0.960
1584910560,+3.32, +2.078, +0.170,+0.960
1584910620,+3.32, +2.067, +0.172,+0.960
1584910680,+3.32, +2.056, +0.171,+0.960
1584910740,+3.32, +2.046, +0.171,+0.960
1584910800,+3.32, +2.078, +0.172,+0.960
1584910860,+3.32, +2.165, +0.168,+0.960
1584910920,+3.32, +2.100, +0.169,+0.960
1584910980,+3.32, +2.100, +0.169,+0.960
1584911040,+3.32, +2.089, +0.170,+0.960
1584911100,+3.32, +2.100, +0.171,+0.960
1584911160,+3.32, +2.111, +0.170,+0.960
1584911220,+3.32, +2.100, +0.170,+0.960
1584911280,+3.32, +2.089, +0.169,+0.960
1584911340,+3.32, +2.100, +0.171,+0.960
1584911400,+3.32, +2.056, +0.170,+0.960
1584911460,+3.32, +2.089, +0.169,+0.960
1584911520,+3.32, +2.089, +0.170,+0.960
1584911580,+3.32, +2.100, +0.169,+0.960
1584911640,+3.32, +2.089, +0.169,+0.960
1584911700,+3.32, +2.067, +0.170,+0.960
1584911760,+3.32, +2.089, +0.171,+0.960
1584911820,+3.32, +2.100, +0.170,+0.960
1584911880,+3.32, +2.133, +0.169,+0.960
1584911940,+3.32, +2.067, +0.170,+0.960
1584912000,+3.32, +2.089, +0.170,+0.960
1584912060,+3.32, +2.089, +0.171,+0.960
1584912120,+3.32, +2.078, +0.169,+0.960
1584912180,+3.32, +2.056, +0.172,+0.960
1584912240,+3.32, +2.067, +0.169,+0.960
1584912300,+3.32, +2.067, +0.171,+0.960
1584912360,+3.32, +2.089, +0.170,+0.960
1584912420,+3.32, +2.035, +0.171,+0.960
1584912480,+3.32, +2.067, +0.171,+0.960
1584912540,+3.32, +2.089, +0.172,+0.960
1584912600,+3.32, +2.056, +0.173,+0.960
1584912660,+3.32, +2.078, +0.170,+0.960
1584912720,+3.32, +2.067, +0.171,+0.960
1584912780,+3.32, +2.078, +0.171,+0.960
1584912840,+3.32, +2.089, +0.171,+0.960
1584912900,+3.32, +2.100, +0.170,+0.960
1584912960,+3.32, +2.056, +0.168,+0.960
1584913020,+3.32, +2.078, +0.169,+0.960
1584913080,+3.32, +2.067, +0.169,+0.960
1584913140,+3.32, +2.067, +0.171,+0.960
1584913200,+3.32, +2.078, +0.170,+0.960
1584913260,+3.32, +2.078, +0.170,+0.960
1584913320,+3.32, +2.078, +0.171,+0.960
1584913380,+3.32, +2.067, +0.170,+0.960
1584913440,+3.32, +2.056, +0.170,+0.960
1584913500,+3.32, +2.100, +0.169,+0.960
1584913560,+3.32, +2.089, +0.171,+0.960
1584913620,+3.32, +2.089, +0.169,+0.960
1584913680,+3.32, +2.100, +0.170,+0.960
1584913740,+3.32, +2.078, +0.171,+0.960
1584913800,+3.32, +2.100, +0.169,+0.960
1584913860,+3.32, +2.089, +0.169,+0.960
1584913920,+3.32, +2.078, +0.171,+0.960
1584913980,+3.32, +2.078, +0.171,+0.960
1584914040,+3.32, +2.078, +0.168,+0.960
1584914100,+3.32, +2.089, +0.170,+0.960
1584914160,+3.32, +2.067, +0.170,+0.960
1584914220,+3.32, +2.122, +0.170,+0.960
1584914280,+3.32, +2.067, +0.172,+0.960
1584914340,+3.32, +2.078, +0.170,+0.960
1584914400,+3.32, +2.067, +0.171,+0.960
1584914460,+3.32, +2.046, +0.170,+0.960
1584914520,+3.32, +2.100, +0.169,+0.960
1584914580,+3.32, +2.089, +0.170,+0.960
1584914640,+3.32, +2.100, +0.169,+0.960
1584914700,+3.32, +2.100, +0.171,+0.960
1584914760,+3.32, +2.067, +0.170,+0.960
1584914820,+3.32, +2.067, +0.170,+0.960
1584914880,+3.32, +2.100, +0.171,+0.960
1584914940,+3.32, +2.067, +0.170,+0.960
1584915000,+3.32, +2.089, +0.169,+0.960
1584915060,+3.32, +2.067, +0.172,+0.960
1584915120,+3.31, +2.067, +0.172,+0.960
1584915180,+3.32, +2.089, +0.171,+0.960
1584915240,+3.32, +2.078, +0.171,+0.960
1584915300,+3.32, +2.067, +0.170,+0.960
1584915360,+3.32, +2.056, +0.171,+0.960
1584915420,+3.32, +2.078, +0.170,+0.960
1584915480,+3.32, +2.067, +0.169,+0.960
1584915540,+3.32, +2.078, +0.170,+0.960
1584915600,+3.32, +2.056, +0.169,+0.960
1584915660,+3.32, +2.078, +0.170,+0.960
1584915720,+3.32, +2.067, +0.172,+0.960
1584915780,+3.32, +2.056, +0.169,+0.960
1584915840,+3.32, +2.067, +0.171,+0.960
1584915900,+3.32, +2.067, +0.170,+0.960
1584915960,+3.32, +2.056, +0.170,+0.960
1584916020,+3.32, +2.046, +0.171,+0.960
1584916080,+3.32, +2.056, +0.171,+0.960
1584916140,+3.32, +2.067, +0.171,+0.960
1584916200,+3.32, +2.067, +0.171,+0.960
1584916260,+3.32, +2.089, +0.171,+0.960
1584916320,+3.32, +2.089, +0.169,+0.960
1584916380,+3.32, +2.089, +0.170,+0.960
1584916440,+3.32, +2.002, +0.171,+0.960
1584916500,+3.32, +2.067, +0.170,+0.960
1584916560,+3.32, +2.078, +0.172,+0.960
1584916620,+3.32, +2.089, +0.170,+0.960
1584916680,+3.32, +2.089, +0.171,+0.960
1584916740,+3.32, +2.089, +0.170,+0.960
1584916800,+3.32, +2.078, +0.171,+0.960
1584916860,+3.32, +2.067, +0.171,+0.960
1584916920,+3.32, +2.078, +0.170,+0.960
1584916980,+3.32, +2.078, +0.171,+0.960
1584917040,+3.32, +2.056, +0.171,+0.960
1584917100,+3.32, +2.078, +0.170,+0.960
1584917160,+3.32, +2.089, +0.169,+0.960
1584917220,+3.32, +2.089, +0.170,+0.960
1584917280,+3.32, +2.067, +0.171,+0.960
1584917340,+3.32, +2.046, +0.171,+0.960
1584917400,+3.32, +2.067, +0.169,+0.960
1584917460,+3.32, +2.089, +0.170,+0.960
1584917520,+3.32, +2.078, +0.172,+0.960
1584917580,+3.32, +2.089, +0.168,+0.960
1584917640,+3.32, +2.067, +0.171,+0.960
1584917700,+3.32, +2.067, +0.170,+0.960
1584917760,+3.32, +2.078, +0.170,+0.960
1584917820,+3.32, +2.089, +0.171,+0.960
1584917880,+3.32, +2.100, +0.169,+0.960
1584917940,+3.32, +2.067, +0.170,+0.960
1584918000,+3.32, +2.089, +0.170,+0.960
1584918060,+3.32, +2.056, +0.173,+0.960
1584918120,+3.32, +2.067, +0.169,+0.960
1584918180,+3.32, +2.067, +0.172,+0.960
1584918240,+3.32, +2.067, +0.171,+0.960
1584918300,+3.32, +2.089, +0.171,+0.960
1584918360,+3.32, +2.056, +0.172,+0.960
1584918420,+3.32, +2.056, +0.171,+0.960
1584918480,+3.32, +2.089, +0.170,+0.960
1584918540,+3.32, +2.067, +0.171,+0.960
1584918600,+3.32, +2.089, +0.170,+0.960
1584918660,+3.32, +2.067, +0.172,+0.960
1584918720,+3.32, +2.111, +0.170,+0.960
1584918780,+3.32, +2.067, +0.172,+0.960
1584918840,+3.32, +2.078, +0.170,+0.960
1584918900,+3.32, +2.056, +0.170,+0.960
1584918960,+3.32, +2.067, +0.171,+0.960
1584919020,+3.32, +2.078, +0.171,+0.960
1584919080,+3.32, +2.078, +0.168,+0.960
1584919140,+3.32, +2.089, +0.168,+0.960
1584919200,+3.32, +2.067, +0.171,+0.960
1584919260,+3.32, +2.067, +0.171,+0.960
1584919320,+3.32, +2.067, +0.170,+0.960
1584919380,+3.32, +2.056, +0.170,+0.960
1584919440,+3.32, +2.078, +0.170,+0.960
1584919500,+3.32, +2.046, +0.171,+0.960
1584919560,+3.32, +2.056, +0.170,+0.960
1584919620,+3.32, +2.089, +0.168,+0.960
1584919680,+3.32, +2.111, +0.171,+0.960
1584919740,+3.31, +2.078, +0.170,+0.960
1584919800,+3.32, +2.067, +0.171,+0.960
1584919860,+3.32, +2.078, +0.170,+0.960
1584919920,+3.32, +2.100, +0.170,+0.960
1584919980,+3.32, +2.078, +0.170,+0.960
1584920040,+3.32, +2.067, +0.170,+0.960
1584920100,+3.32, +2.067, +0.172,+0.960
1584920160,+3.32, +2.024, +0.171,+0.960
1584920220,+3.32, +2.056, +0.171,+0.960
1584920280,+3.32, +2.078, +0.171,+0.960
1584920340,+3.32, +2.078, +0.171,+0.960
1584920400,+3.32, +2.067, +0.170,+0.960
1584920460,+3.32, +2.056, +0.172,+0.960
1584920520,+3.32, +2.089, +0.171,+0.960
1584920580,+3.32, +2.078, +0.169,+0.960
1584920640,+3.32, +2.067, +0.169,+0.960
1584920700,+3.32, +2.078, +0.170,+0.960
1584920760,+3.32, +2.046, +0.171,+0.960
1584920820,+3.32, +2.078, +0.171,+0.960
1584920880,+3.32, +2.078, +0.170,+0.960
1584920940,+3.32, +2.078, +0.171,+0.960
1584921000,+3.32, +2.056, +0.170,+0.960
1584921060,+3.32, +2.122, +0.170,+0.960
1584921120,+3.32, +2.078, +0.171,+0.960
1584921180,+3.32, +2.056, +0.171,+0.960
1584921240,+3.32, +2.056, +0.169,+0.960
1584921300,+3.32, +2.067, +0.170,+0.960
1584921360,+3.32, +2.078, +0.170,+0.960
1584921420,+3.32, +2.067, +0.171,+0.960
1584921480,+3.32, +2.078, +0.170,+0.960
1584921540,+3.32, +2.078, +0.169,+0.960
1584921600,+3.32, +2.067, +0.171,+0.960
1584921660,+3.32, +2.078, +0.169,+0.960
1584921720,+3.32, +2.056, +0.170,+0.960
1584921780,+3.32, +2.056, +0.172,+0.960
1584921840,+3.32, +2.100, +0.170,+0.960
1584921900,+3.32, +2.067, +0.171,+0.960
1584921960,+3.32, +2.056, +0.172,+0.960
1584922020,+3.32, +2.078, +0.168,+0.960
1584922080,+3.32, +2.056, +0.171,+0.960
1584922140,+3.32, +2.078, +0.170,+0.960
1584922200,+3.32, +2.067, +0.171,+0.960
1584922260,+3.32, +2.067, +0.171,+0.960
1584922320,+3.32, +2.111, +0.170,+0.960
1584922380,+3.32, +2.089, +0.170,+0.960
1584922440,+3.32, +2.089, +0.169,+0.960
1584922500,+3.32, +2.078, +0.171,+0.960
1584922560,+3.32, +2.067, +0.170,+0.960
1584922620,+3.32, +2.089, +0.170,+0.960
1584922680,+3.32, +2.089, +0.170,+0.960
1584922740,+3.32, +2.046, +0.172,+0.960
1584922800,+3.32, +2.078, +0.170,+0.960
1584922860,+3.32, +2.078, +0.170,+0.960
1584922920,+3.32, +2.056, +0.171,+0.960
1584922980,+3.32, +2.078, +0.172,+0.960
1584923040,+3.32, +2.046, +0.171,+0.960
1584923100,+3.32, +2.046, +0.170,+0.960
1584923160,+3.32, +2.078, +0.171,+0.960
1584923220,+3.32, +2.056, +0.171,+0.960
1584923280,+3.32, +2.078, +0.171,+0.960
1584923340,+3.32, +2.089, +0.170,+0.960
1584923400,+3.32, +2.067, +0.171,+0.960
1584923460,+3.32, +2.089, +0.171,+0.960
1584923520,+3.32, +2.067, +0.169,+0.960
1584923580,+3.32, +2.089, +0.170,+0.960
1584923640,+3.32, +2.067, +0.170,+0.960
1584923700,+3.32, +2.089, +0.169,+0.960
1584923760,+3.32, +2.067, +0.170,+0.960
1584923820,+3.32, +2.067, +0.168,+0.960
1584923880,+3.32, +2.078, +0.170,+0.960
1584923940,+3.32, +2.067, +0.169,+0.960
1584924000,+3.32, +2.067, +0.171,+0.960
1584924060,+3.32, +2.089, +0.170,+0.960
1584924120,+3.32, +2.056, +0.171,+0.960
1584924180,+3.32, +2.067, +0.171,+0.960
1584924240,+3.32, +2.078, +0.170,+0.960
1584924300,+3.32, +2.067, +0.171,+0.960
1584924360,+3.32, +2.078, +0.171,+0.960
1584924420,+3.32, +2.078, +0.169,+0.960
1584924480,+3.32, +2.089, +0.170,+0.960
1584924540,+3.32, +2.067, +0.169,+0.960
1584924600,+3.32, +2.089, +0.169,+0.960
1584924660,+3.32, +2.078, +0.170,+0.960
1584924720,+3.32, +2.100, +0.171,+0.960
1584924780,+3.32, +2.056, +0.171,+0.960
1584924840,+3.32, +2.046, +0.173,+0.960
1584924900,+3.32, +2.078, +0.170,+0.960
1584924960,+3.32, +2.046, +0.170,+0.960
1584925020,+3.32, +2.067, +0.170,+0.960
1584925080,+3.32, +2.078, +0.172,+0.960
1584925140,+3.32, +2.067, +0.170,+0.960
1584925200,+3.32, +2.046, +0.172,+0.960
1584925260,+3.32, +2.067, +0.172,+0.960
1584925320,+3.32, +2.078, +0.170,+0.960
1584925380,+3.32, +2.078, +0.170,+0.960
1584925440,+3.32, +2.056, +0.171,+0.960
1584925500,+3.32, +2.056, +0.171,+0.960
1584925560,+3.32, +2.089, +0.168,+0.960
1584925620,+3.32, +2.111, +0.170,+0.960
1584925680,+3.32, +2.078, +0.170,+0.960
1584925740,+3.32, +2.100, +0.170,+0.960
1584925800,+3.32, +2.089, +0.170,+0.960
1584925860,+3.32, +2.067, +0.171,+0.960
1584925920,+3.32, +2.089, +0.171,+0.960
1584925980,+3.32, +2.067, +0.170,+0.960
1584926040,+3.32, +2.056, +0.170,+0.960
1584926100,+3.32, +2.078, +0.171,+0.960
1584926160,+3.32, +2.078, +0.170,+0.960
1584926220,+3.32, +2.089, +0.169,+0.960
1584926280,+3.32, +2.089, +0.171,+0.960
1584926340,+3.32, +2.056, +0.169,+0.960
1584926400,+3.32, +2.078, +0.170,+0.960
1584926460,+3.32, +2.089, +0.170,+0.960
1584926520,+3.32, +2.067, +0.172,+0.960
1584926580,+3.32, +2.078, +0.170,+0.960
1584926640,+3.32, +2.067, +0.170,+0.960
1584926700,+3.32, +2.089, +0.169,+0.960
1584926760,+3.32, +2.078, +0.171,+0.960
1584926820,+3.32, +2.067, +0.169,+0.960
1584926880,+3.32, +2.056, +0.171,+0.960
1584926940,+3.32, +2.078, +0.171,+0.960
1584927000,+3.32, +2.067, +0.170,+0.960
1584927060,+3.32, +2.067, +0.172,+0.960
1584927120,+3.32, +2.056, +0.172,+0.960
1584927180,+3.32, +2.067, +0.171,+0.960
1584927240,+3.32, +2.067, +0.171,+0.960
1584927300,+3.31, +2.056, +0.170,+0.960
1584927360,+3.32, +2.067, +0.171,+0.960
1584927420,+3.32, +2.100, +0.170,+0.960
1584927480,+3.32, +2.078, +0.171,+0.960
1584927540,+3.32, +2.089, +0.170,+0.960
1584927600,+3.32, +2.078, +0.171,+0.960
1584927660,+3.32, +2.078, +0.170,+0.960
1584927720,+3.32, +2.078, +0.169,+0.960
1584927780,+3.32, +2.078, +0.170,+0.960
1584927840,+3.32, +2.078, +0.171,+0.960
1584927900,+3.32, +2.078, +0.170,+0.960
1584927960,+3.32, +2.089, +0.170,+0.960
1584928020,+3.32, +2.067, +0.171,+0.960
1584928080,+3.32, +2.056, +0.170,+0.960
1584928140,+3.32, +2.078, +0.171,+0.960
1584928200,+3.32, +2.089, +0.169,+0.960
1584928260,+3.32, +2.100, +0.172,+0.960
1584928320,+3.32, +2.089, +0.168,+0.960
1584928380,+3.32, +2.078, +0.170,+0.960
1584928440,+3.32, +2.067, +0.170,+0.960
1584928500,+3.32, +2.067, +0.172,+0.960
1584928560,+3.32, +2.078, +0.170,+0.960
1584928620,+3.32, +2.078, +0.171,+0.960
1584928680,+3.32, +2.067, +0.170,+0.960
1584928740,+3.32, +2.067, +0.169,+0.960
1584928800,+3.32, +2.089, +0.169,+0.960
1584928860,+3.32, +2.078, +0.170,+0.960
1584928920,+3.32, +2.078, +0.172,+0.960
1584928980,+3.32, +2.100, +0.170,+0.960
1584929040,+3.32, +2.078, +0.170,+0.960
1584929100,+3.32, +2.078, +0.169,+0.960
1584929160,+3.32, +2.067, +0.171,+0.960
1584929220,+3.32, +2.067, +0.172,+0.960
1584929280,+3.32, +2.067, +0.170,+0.960
1584929340,+3.32, +2.067, +0.171,+0.960
1584929400,+3.32, +2.078, +0.170,+0.960
1584929460,+3.32, +2.078, +0.171,+0.960
1584929520,+3.32, +2.078, +0.171,+0.960
1584929580,+3.32, +2.056, +0.171,+0.960
1584929640,+3.32, +2.078, +0.170,+0.960
1584929700,+3.32, +2.078, +0.170,+0.960
1584929760,+3.32, +2.067, +0.170,+0.960
1584929820,+3.32, +2.078, +0.170,+0.960
1584929880,+3.32, +2.067, +0.172,+0.960
1584929940,+3.32, +2.078, +0.169,+0.960
1584930000,+3.32, +2.089, +0.170,+0.960
1584930060,+3.32, +2.078, +0.169,+0.960
1584930120,+3.32, +2.078, +0.169,+0.960
1584930180,+3.32, +2.056, +0.170,+0.960
1584930240,+3.32, +2.078, +0.171,+0.960
1584930300,+3.32, +2.056, +0.169,+0.960
1584930360,+3.32, +2.089, +0.169,+0.960
1584930420,+3.32, +2.100, +0.169,+0.960
1584930480,+3.32, +2.056, +0.170,+0.960
1584930540,+3.32, +2.067, +0.171,+0.960
1584930600,+3.32, +2.067, +0.171,+0.960
1584930660,+3.32, +2.078, +0.172,+0.960
1584930720,+3.32, +2.078, +0.170,+0.960
1584930780,+3.32, +2.089, +0.170,+0.960
1584930840,+3.32, +2.078, +0.170,+0.960
1584930900,+3.32, +2.067, +0.169,+0.960
1584930960,+3.32, +2.067, +0.171,+0.960
1584931020,+3.32, +2.089, +0.170,+0.960
1584931080,+3.32, +2.089, +0.171,+0.960
1584931140,+3.32, +2.056, +0.171,+0.960
1584931200,+3.32, +2.067, +0.169,+0.960
1584931260,+3.32, +2.078, +0.170,+0.960
1584931320,+3.32, +2.078, +0.172,+0.960
1584931380,+3.32, +2.067, +0.170,+0.960
1584931440,+3.32, +2.056, +0.171,+0.960
1584931500,+3.32, +2.056, +0.171,+0.960
1584931560,+3.32, +2.056, +0.171,+0.960
1584931620,+3.32, +2.100, +0.169,+0.960
1584931680,+3.32, +2.089, +0.170,+0.960
1584931740,+3.32, +2.089, +0.170,+0.960
1584931800,+3.32, +2.143, +0.169,+0.960
1584931860,+3.32, +2.089, +0.172,+0.960
1584931920,+3.32, +2.067, +0.172,+0.960
1584931980,+3.32, +2.089, +0.170,+0.960
1584932040,+3.32, +2.078, +0.169,+0.960
1584932100,+3.32, +2.089, +0.171,+0.960
1584932160,+3.32, +2.067, +0.169,+0.959
1584932220,+3.32, +2.078, +0.171,+0.960
1584932280,+3.32, +2.089, +0.171,+0.960
1584932340,+3.32, +2.089, +0.170,+0.960
1584932400,+3.32, +2.078, +0.172,+0.960
1584932460,+3.32, +2.078, +0.170,+0.960
1584932520,+3.32, +2.100, +0.170,+0.960
1584932580,+3.32, +2.089, +0.173,+0.960
1584932640,+3.32, +2.089, +0.170,+0.960
1584932700,+3.32, +2.100, +0.170,+0.960
1584932760,+3.32, +2.078, +0.171,+0.960
1584932820,+3.32, +2.078, +0.171,+0.960
1584932880,+3.32, +2.067, +0.170,+0.960
1584932940,+3.32, +2.056, +0.171,+0.960
1584933000,+3.32, +2.089, +0.170,+0.960
1584933060,+3.32, +2.100, +0.171,+0.960
1584933120,+3.32, +2.089, +0.170,+0.960
1584933180,+3.32, +2.078, +0.171,+0.960
1584933240,+3.32, +2.078, +0.171,+0.960
1584933300,+3.32, +2.056, +0.171,+0.960
1584933360,+3.32, +2.078, +0.170,+0.960
1584933420,+3.32, +2.089, +0.170,+0.960
1584933480,+3.32, +2.067, +0.171,+0.960
1584933540,+3.32, +2.078, +0.168,+0.960
1584933600,+3.32, +2.056, +0.171,+0.960
1584933660,+3.32, +2.078, +0.170,+0.960
1584933720,+3.32, +2.100, +0.171,+0.960
1584933780,+3.32, +2.067, +0.172,+0.960
1584933840,+3.32, +2.078, +0.169,+0.960
1584933900,+3.32, +2.024, +0.171,+0.960
1584933960,+3.32, +2.089, +0.172,+0.960
1584934020,+3.32, +2.078, +0.169,+0.960
1584934080,+3.32, +2.078, +0.169,+0.960
1584934140,+3.32, +2.067, +0.171,+0.960
1584934200,+3.32, +2.078, +0.169,+0.960
1584934260,+3.32, +2.056, +0.169,+0.960
1584934320,+3.32, +2.067, +0.170,+0.960
1584934380,+3.32, +2.100, +0.169,+0.960
1584934440,+3.32, +2.078, +0.168,+0.960
1584934500,+3.32, +2.046, +0.172,+0.960
1584934560,+3.32, +2.078, +0.172,+0.960
1584934620,+3.32, +2.067, +0.169,+0.960
1584934680,+3.32, +2.078, +0.169,+0.960
1584934740,+3.32, +2.100, +0.172,+0.960
1584934800,+3.32, +2.078, +0.170,+0.960
1584934860,+3.32, +2.056, +0.170,+0.960
1584934920,+3.32, +2.078, +0.169,+0.960
1584934980,+3.32, +2.056, +0.172,+0.960
1584935040,+3.32, +2.078, +0.172,+0.960
1584935100,+3.32, +2.067, +0.170,+0.960
1584935160,+3.32, +2.089, +0.171,+0.960
1584935220,+3.32, +2.046, +0.171,+0.960
1584935280,+3.32, +2.089, +0.169,+0.960
1584935340,+3.32, +2.078, +0.170,+0.960
1584935400,+3.32, +2.067, +0.169,+0.960
1584935460,+3.32, +2.100, +0.170,+0.960
1584935520,+3.32, +2.100, +0.171,+0.960
1584935580,+3.32, +2.133, +0.168,+0.960
1584935640,+3.32, +2.067, +0.170,+0.960
1584935700,+3.32, +2.067, +0.170,+0.960
1584935760,+3.32, +2.067, +0.171,+0.960
1584935820,+3.32, +2.078, +0.172,+0.960
1584935880,+3.32, +2.067, +0.171,+0.960
1584935940,+3.32, +2.067, +0.170,+0.960
1584936000,+3.32, +2.089, +0.169,+0.960
1584936060,+3.32, +2.078, +0.169,+0.960
1584936120,+3.32, +2.078, +0.171,+0.960
1584936180,+3.32, +2.122, +0.172,+0.960
1584936240,+3.32, +2.078, +0.169,+0.960
1584936300,+3.32, +2.078, +0.170,+0.960
1584936360,+3.32, +2.078, +0.170,+0.960
1584936420,+3.32, +2.056, +0.172,+0.960
1584936480,+3.32, +2.089, +0.171,+0.960
1584936540,+3.32, +2.067, +0.171,+0.960
1584936600,+3.32, +2.067, +0.169,+0.960
1584936660,+3.32, +2.078, +0.170,+0.960
1584936720,+3.32, +2.078, +0.170,+0.960
1584936780,+3.32, +2.122, +0.169,+0.960
1584936840,+3.32, +2.067, +0.170,+0.960
1584936900,+3.32, +2.078, +0.170,+0.960
1584936960,+3.32, +2.089, +0.171,+0.960
1584937020,+3.32, +2.111, +0.170,+0.960
1584937080,+3.32, +2.078, +0.169,+0.960
1584937140,+3.32, +2.035, +0.172,+0.960
1584937200,+3.32, +2.067, +0.171,+0.960
1584937260,+3.32, +2.056, +0.171,+0.960
1584937320,+3.32, +2.089, +0.169,+0.960
1584937380,+3.32, +2.067, +0.169,+0.960
1584937440,+3.32, +2.078, +0.170,+0.960
1584937500,+3.32, +2.067, +0.171,+0.960
1584937560,+3.32, +2.067, +0.170,+0.960
1584937620,+3.32, +2.100, +0.170,+0.960
1584937680,+3.32, +2.089, +0.170,+0.960
1584937740,+3.32, +2.056, +0.171,+0.960
1584937800,+3.32, +2.089, +0.169,+0.960
1584937860,+3.32, +2.078, +0.171,+0.960
1584937920,+3.32, +2.089, +0.171,+0.960
1584937980,+3.32, +2.078, +0.170,+0.960
1584938040,+3.32, +2.100, +0.169,+0.960
1584938100,+3.32, +2.078, +0.168,+0.960
1584938160,+3.32, +2.078, +0.172,+0.960
1584938220,+3.32, +2.067, +0.170,+0.960
1584938280,+3.32, +2.078, +0.168,+0.960
1584938340,+3.32, +2.089, +0.170,+0.960
1584938400,+3.32, +2.122, +0.169,+0.960
1584938460,+3.32, +2.100, +0.171,+0.960
1584938520,+3.32, +2.046, +0.169,+0.960
1584938580,+3.32, +2.078, +0.170,+0.960
1584938640,+3.32, +2.089, +0.171,+0.960
1584938700,+3.32, +2.056, +0.171,+0.960
1584938760,+3.32, +2.056, +0.171,+0.960
1584938820,+3.32, +2.067, +0.170,+0.960
1584938880,+3.32, +2.089, +0.170,+0.960
1584938940,+3.32, +2.056, +0.170,+0.960
1584939000,+3.32, +2.056, +0.171,+0.960
1584939060,+3.32, +2.067, +0.170,+0.960
1584939120,+3.32, +2.089, +0.170,+0.960
1584939180,+3.32, +2.067, +0.171,+0.960
1584939240,+3.32, +2.067, +0.169,+0.959
1584939300,+3.32, +2.078, +0.170,+0.960
1584939360,+3.32, +2.089, +0.170,+0.960
1584939420,+3.32, +2.067, +0.171,+0.960
1584939480,+3.32, +2.089, +0.168,+0.959
1584939540,+3.32, +2.078, +0.171,+0.960
1584939600,+3.32, +2.078, +0.170,+0.960
1584939660,+3.32, +2.078, +0.171,+0.960
1584939720,+3.32, +2.100, +0.171,+0.960
1584939780,+3.32, +2.100, +0.170,+0.960
1584939840,+3.32, +2.100, +0.168,+0.960
1584939900,+3.32, +2.067, +0.170,+0.960
1584939960,+3.32, +2.078, +0.171,+0.960
1584940020,+3.32, +2.067, +0.171,+0.960
1584940080,+3.32, +2.078, +0.170,+0.960
1584940140,+3.32, +2.078, +0.171,+0.960
1584940200,+3.32, +2.067, +0.173,+0.960
1584940260,+3.32, +2.078, +0.171,+0.960
1584940320,+3.32, +2.067, +0.170,+0.960
1584940380,+3.32, +2.067, +0.171,+0.960
1584940440,+3.32, +2.078, +0.170,+0.960
1584940500,+3.32, +2.078, +0.171,+0.960
1584940560,+3.32, +2.067, +0.172,+0.960
1584940620,+3.32, +2.067, +0.171,+0.960
1584940680,+3.32, +2.046, +0.170,+0.960
1584940740,+3.32, +2.056, +0.172,+0.960
1584940800,+3.32, +2.111, +0.171,+0.960
1584940860,+3.32, +2.100, +0.172,+0.960
1584940920,+3.32, +2.067, +0.171,+0.960
1584940980,+3.32, +2.078, +0.170,+0.960
1584941040,+3.32, +2.067, +0.170,+0.960
1584941100,+3.32, +2.078, +0.171,+0.960
1584941160,+3.32, +2.100, +0.170,+0.960
1584941220,+3.32, +2.089, +0.170,+0.960
1584941280,+3.32, +2.089, +0.171,+0.960
1584941340,+3.32, +2.067, +0.170,+0.960
1584941400,+3.32, +2.078, +0.170,+0.960
1584941460,+3.32, +2.100, +0.169,+0.960
1584941520,+3.32, +2.089, +0.169,+0.960
1584941580,+3.32, +2.067, +0.170,+0.960
1584941640,+3.32, +2.035, +0.171,+0.960
1584941700,+3.32, +2.046, +0.170,+0.960
1584941760,+3.32, +2.056, +0.171,+0.960
1584941820,+3.32, +2.078, +0.169,+0.960
1584941880,+3.32, +2.056, +0.171,+0.960
1584941940,+3.32, +2.078, +0.172,+0.960
1584942000,+3.32, +2.089, +0.168,+0.960
1584942060,+3.32, +2.089, +0.170,+0.960
1584942120,+3.32, +2.067, +0.173,+0.960
1584942180,+3.32, +2.046, +0.171,+0.960
1584942240,+3.32, +2.078, +0.170,+0.960
1584942300,+3.32, +2.067, +0.170,+0.960
1584942360,+3.32, +2.078, +0.169,+0.960
1584942420,+3.32, +2.067, +0.169,+0.960
1584942480,+3.32, +2.056, +0.171,+0.960
1584942540,+3.32, +2.067, +0.170,+0.960
1584942600,+3.32, +2.089, +0.170,+0.960
1584942660,+3.32, +2.056, +0.171,+0.960
1584942720,+3.32, +2.067, +0.170,+0.960
1584942780,+3.32, +2.056, +0.171,+0.960
1584942840,+3.32, +2.089, +0.170,+0.960
1584942900,+3.32, +2.078, +0.171,+0.960
1584942960,+3.32, +2.067, +0.170,+0.960
1584943020,+3.32, +2.056, +0.171,+0.960
1584943080,+3.32, +2.067, +0.171,+0.960
1584943140,+3.32, +2.078, +0.171,+0.960
1584943200,+3.32, +2.067, +0.172,+0.960
1584943260,+3.32, +2.100, +0.169,+0.960
1584943320,+3.32, +2.089, +0.169,+0.960
1584943380,+3.32, +2.100, +0.169,+0.960
1584943440,+3.32, +2.056, +0.170,+0.960
1584943500,+3.32, +2.067, +0.170,+0.960
1584943560,+3.32, +2.067, +0.170,+0.960
1584943620,+3.32, +2.078, +0.168,+0.960
1584943680,+3.32, +2.078, +0.170,+0.960
1584943740,+3.32, +2.100, +0.171,+0.960
1584943800,+3.32, +2.089, +0.169,+0.960
1584943860,+3.32, +2.067, +0.170,+0.960
1584943920,+3.32, +2.100, +0.171,+0.960
1584943980,+3.32, +2.078, +0.172,+0.960
1584944040,+3.32, +2.067, +0.170,+0.960
1584944100,+3.32, +2.078, +0.170,+0.960
1584944160,+3.32, +2.067, +0.170,+0.960
1584944220,+3.32, +2.067, +0.171,+0.960
1584944280,+3.32, +2.056, +0.170,+0.960
1584944340,+3.32, +2.056, +0.170,+0.960
1584944400,+3.32, +2.078, +0.170,+0.960
1584944460,+3.32, +2.056, +0.171,+0.960
1584944520,+3.32, +2.089, +0.171,+0.960
1584944580,+3.32, +2.089, +0.168,+0.960
1584944640,+3.32, +2.089, +0.169,+0.960
1584944700,+3.32, +2.100, +0.170,+0.960
1584944760,+3.32, +2.078, +0.170,+0.960
1584944820,+3.32, +2.089, +0.170,+0.960
1584944880,+3.32, +2.078, +0.171,+0.960
1584944940,+3.32, +2.067, +0.170,+0.960
1584945000,+3.32, +2.078, +0.170,+0.960
1584945060,+3.32, +2.067, +0.171,+0.960
1584945120,+3.32, +2.089, +0.169,+0.960
1584945180,+3.32, +2.078, +0.168,+0.960
1584945240,+3.32, +2.056, +0.171,+0.960
1584945300,+3.32, +2.089, +0.171,+0.960
1584945360,+3.32, +2.067, +0.171,+0.960
1584945420,+3.32, +2.089, +0.171,+0.960
1584945480,+3.32, +2.100, +0.172,+0.960
1584945540,+3.32, +2.067, +0.170,+0.960
1584945600,+3.32, +2.067, +0.171,+0.960
1584945660,+3.32, +2.089, +0.169,+0.960
1584945720,+3.32, +2.078, +0.171,+0.960
1584945780,+3.32, +2.067, +0.172,+0.960
1584945840,+3.32, +2.078, +0.170,+0.960
1584945900,+3.32, +2.067, +0.171,+0.960
1584945960,+3.32, +2.056, +0.172,+0.960
1584946020,+3.32, +2.089, +0.169,+0.960
1584946080,+3.32, +2.067, +0.169,+0.960
1584946140,+3.32, +2.046, +0.171,+0.960
1584946200,+3.32, +2.089, +0.171,+0.960
1584946260,+3.32, +2.089, +0.170,+0.960
1584946320,+3.32, +2.056, +0.171,+0.960
1584946380,+3.32, +2.067, +0.168,+0.960
1584946440,+3.32, +2.089, +0.170,+0.960
1584946500,+3.32, +2.056, +0.170,+0.960
1584946560,+3.32, +2.067, +0.171,+0.960
1584946620,+3.32, +2.089, +0.169,+0.960
1584946680,+3.32, +2.078, +0.170,+0.960
1584946740,+3.32, +2.056, +0.171,+0.960
1584946800,+3.32, +2.100, +0.171,+0.960
1584946860,+3.32, +2.067, +0.170,+0.960
1584946920,+3.32, +2.078, +0.171,+0.960
1584946980,+3.32, +2.100, +0.171,+0.960
1584947040,+3.32, +2.067, +0.170,+0.960
1584947100,+3.32, +2.078, +0.169,+0.960
1584947160,+3.32, +2.067, +0.171,+0.960
1584947220,+3.32, +2.078, +0.173,+0.960
1584947280,+3.32, +2.089, +0.170,+0.960
1584947340,+3.32, +2.078, +0.171,+0.960
1584947400,+3.32, +2.067, +0.169,+0.960
1584947460,+3.32, +2.089, +0.168,+0.960
1584947520,+3.32, +2.067, +0.172,+0.960
1584947580,+3.32, +2.078, +0.168,+0.960
1584947640,+3.32, +2.067, +0.169,+0.960
1584947700,+3.32, +2.089, +0.170,+0.960
1584947760,+3.32, +2.078, +0.169,+0.960
1584947820,+3.32, +2.089, +0.171,+0.960
1584947880,+3.32, +2.089, +0.171,+0.960
1584947940,+3.32, +2.089, +0.170,+0.960
1584948000,+3.32, +2.089, +0.170,+0.960
1584948060,+3.32, +2.089, +0.170,+0.960
1584948120,+3.32, +2.078, +0.169,+0.960
1584948180,+3.32, +2.067, +0.170,+0.960
1584948240,+3.32, +2.089, +0.170,+0.960
1584948300,+3.32, +2.078, +0.170,+0.960
1584948360,+3.32, +2.078, +0.170,+0.960
1584948420,+3.32, +2.089, +0.169,+0.960
1584948480,+3.32, +2.078, +0.171,+0.960
1584948540,+3.32, +2.067, +0.171,+0.960
1584948600,+3.32, +2.067, +0.171,+0.960
1584948660,+3.32, +2.089, +0.170,+0.960
1584948720,+3.32, +2.067, +0.170,+0.960
1584948780,+3.32, +2.078, +0.171,+0.960
1584948840,+3.32, +2.089, +0.171,+0.960
1584948900,+3.32, +2.078, +0.170,+0.960
1584948960,+3.32, +2.078, +0.169,+0.960
1584949020,+3.32, +2.078, +0.171,+0.960
1584949080,+3.32, +2.067, +0.170,+0.960
1584949140,+3.32, +2.067, +0.170,+0.960
1584949200,+3.32, +2.046, +0.171,+0.960
1584949260,+3.32, +2.056, +0.170,+0.960
1584949320,+3.32, +2.078, +0.170,+0.960
1584949380,+3.32, +2.078, +0.171,+0.960
1584949440,+3.32, +2.089, +0.169,+0.960
1584949500,+3.32, +2.078, +0.169,+0.960
1584949560,+3.32, +2.089, +0.172,+0.960
1584949620,+3.32, +2.089, +0.170,+0.960
1584949680,+3.32, +2.067, +0.171,+0.960
1584949740,+3.32, +2.046, +0.171,+0.960
1584949800,+3.32, +2.089, +0.171,+0.960
1584949860,+3.32, +2.089, +0.171,+0.960
1584949920,+3.32, +2.067, +0.171,+0.960
1584949980,+3.32, +2.067, +0.171,+0.960
1584950040,+3.32, +2.078, +0.170,+0.960
1584950100,+3.32, +2.089, +0.170,+0.960
1584950160,+3.32, +2.089, +0.168,+0.960
1584950220,+3.32, +2.089, +0.169,+0.960
1584950280,+3.32, +2.089, +0.171,+0.960
1584950340,+3.32, +2.078, +0.169,+0.960
1584950400,+3.32, +2.078, +0.170,+0.960
1584950460,+3.32, +2.078, +0.169,+0.960
1584950520,+3.32, +2.067, +0.171,+0.960
1584950580,+3.32, +2.067, +0.169,+0.960
1584950640,+3.32, +2.067, +0.169,+0.960
1584950700,+3.32, +2.089, +0.169,+0.960
1584950760,+3.32, +2.078, +0.169,+0.960
1584950820,+3.32, +2.078, +0.171,+0.960
1584950880,+3.32, +2.056, +0.171,+0.960
1584950940,+3.32, +2.089, +0.170,+0.960
1584951000,+3.32, +2.100, +0.172,+0.960
1584951060,+3.32, +2.089, +0.170,+0.960
1584951120,+3.32, +2.089, +0.169,+0.960
1584951180,+3.32, +2.078, +0.169,+0.960
1584951240,+3.32, +2.089, +0.171,+0.960
1584951300,+3.32, +2.078, +0.170,+0.960
1584951360,+3.32, +2.078, +0.170,+0.960
1584951420,+3.32, +2.078, +0.169,+0.960
1584951480,+3.32, +2.089, +0.170,+0.960
1584951540,+3.32, +2.078, +0.169,+0.960
1584951600,+3.32, +2.100, +0.170,+0.960
1584951660,+3.32, +2.078, +0.170,+0.960
1584951720,+3.32, +2.078, +0.171,+0.960
1584951780,+3.32, +2.100, +0.170,+0.960
1584951840,+3.32, +2.078, +0.169,+0.960
1584951900,+3.32, +2.067, +0.170,+0.960
1584951960,+3.32, +2.089, +0.171,+0.960
1584952020,+3.32, +2.056, +0.171,+0.960
1584952080,+3.32, +2.056, +0.171,+0.960
1584952140,+3.32, +2.046, +0.170,+0.960
1584952200,+3.32, +2.067, +0.171,+0.960
1584952260,+3.32, +2.056, +0.170,+0.960
1584952320,+3.32, +2.067, +0.171,+0.960
1584952380,+3.32, +2.089, +0.171,+0.960
1584952440,+3.32, +2.078, +0.169,+0.960
1584952500,+3.32, +2.078, +0.169,+0.960
1584952560,+3.32, +2.078, +0.171,+0.960
1584952620,+3.32, +2.078, +0.171,+0.960
1584952680,+3.32, +2.078, +0.169,+0.960
1584952740,+3.32, +2.067, +0.171,+0.960
1584952800,+3.31, +2.089, +0.170,+0.960
1584952860,+3.32, +2.100, +0.169,+0.960
1584952920,+3.32, +2.100, +0.171,+0.960
1584952980,+3.32, +2.067, +0.171,+0.960
1584953040,+3.32, +2.067, +0.171,+0.960
1584953100,+3.32, +2.089, +0.169,+0.960
1584953160,+3.32, +2.078, +0.170,+0.960
1584953220,+3.32, +2.056, +0.171,+0.960
1584953280,+3.32, +2.078, +0.171,+0.960
1584953340,+3.32, +2.067, +0.171,+0.960
1584953400,+3.32, +2.089, +0.171,+0.960
1584953460,+3.32, +2.078, +0.170,+0.960
1584953520,+3.32, +2.046, +0.171,+0.960
1584953580,+3.32, +2.067, +0.171,+0.960
1584953640,+3.32, +2.100, +0.171,+0.960
1584953700,+3.32, +2.078, +0.169,+0.960
1584953760,+3.32, +2.056, +0.170,+0.960
1584953820,+3.32, +2.024, +0.171,+0.960
1584953880,+3.32, +2.067, +0.169,+0.960
1584953940,+3.32, +2.078, +0.171,+0.960
1584954000,+3.32, +2.078, +0.171,+0.960
1584954060,+3.32, +2.100, +0.172,+0.960
1584954120,+3.32, +2.078, +0.169,+0.960
1584954180,+3.32, +2.078, +0.171,+0.960
1584954240,+3.32, +2.078, +0.170,+0.960
1584954300,+3.32, +2.089, +0.170,+0.960
1584954360,+3.32, +2.111, +0.169,+0.960
1584954420,+3.32, +2.089, +0.171,+0.960
1584954480,+3.32, +2.111, +0.170,+0.960
1584954540,+3.32, +2.111, +0.170,+0.960
1584954600,+3.32, +2.100, +0.170,+0.960
1584954660,+3.32, +2.078, +0.170,+0.960
1584954720,+3.32, +2.089, +0.170,+0.960
1584954780,+3.32, +2.056, +0.172,+0.960
1584954840,+3.32, +2.067, +0.171,+0.960
1584954900,+3.32, +2.078, +0.170,+0.960
1584954960,+3.32, +2.078, +0.171,+0.960
1584955020,+3.32, +2.067, +0.170,+0.960
1584955080,+3.32, +2.089, +0.170,+0.960
1584955140,+3.32, +2.067, +0.170,+0.960
1584955200,+3.32, +2.067, +0.171,+0.960
1584955260,+3.32, +2.078, +0.172,+0.960
1584955320,+3.32, +2.089, +0.170,+0.960
1584955380,+3.32, +2.067, +0.170,+0.960
1584955440,+3.32, +2.078, +0.170,+0.960
1584955500,+3.32, +2.078, +0.168,+0.960
1584955560,+3.32, +2.078, +0.169,+0.960
1584955620,+3.32, +2.067, +0.170,+0.960
1584955680,+3.32, +2.056, +0.172,+0.960
1584955740,+3.32, +2.078, +0.171,+0.960
1584955800,+3.32, +2.111, +0.169,+0.960
1584955860,+3.32, +2.067, +0.171,+0.960
1584955920,+3.32, +2.078, +0.170,+0.960
1584955980,+3.32, +2.067, +0.169,+0.960
1584956040,+3.32, +2.089, +0.170,+0.960
1584956100,+3.32, +2.078, +0.169,+0.960
1584956160,+3.32, +2.046, +0.171,+0.960
1584956220,+3.32, +2.056, +0.171,+0.960
1584956280,+3.32, +2.067, +0.170,+0.960
1584956340,+3.32, +2.067, +0.171,+0.960
1584956400,+3.32, +2.056, +0.171,+0.960
1584956460,+3.32, +2.067, +0.170,+0.960
1584956520,+3.32, +2.078, +0.172,+0.960
1584956580,+3.32, +2.067, +0.169,+0.960
1584956640,+3.32, +2.078, +0.170,+0.960
1584956700,+3.32, +2.067, +0.170,+0.960
1584956760,+3.32, +2.089, +0.171,+0.960
1584956820,+3.32, +2.067, +0.170,+0.960
1584956880,+3.32, +2.089, +0.169,+0.960
1584956940,+3.32, +2.067, +0.170,+0.960
1584957000,+3.32, +2.078, +0.172,+0.960
1584957060,+3.32, +2.089, +0.171,+0.960
1584957120,+3.32, +2.046, +0.171,+0.960
1584957180,+3.32, +2.067, +0.172,+0.960
1584957240,+3.32, +2.100, +0.171,+0.960
1584957300,+3.32, +2.089, +0.169,+0.960
1584957360,+3.32, +2.089, +0.171,+0.960
1584957420,+3.32, +2.067, +0.169,+0.960
1584957480,+3.32, +2.078, +0.170,+0.960
1584957540,+3.32, +2.067, +0.171,+0.960
1584957600,+3.32, +2.078, +0.170,+0.960
1584957660,+3.32, +2.089, +0.169,+0.960
1584957720,+3.32, +2.078, +0.169,+0.960
1584957780,+3.32, +2.067, +0.171,+0.960
1584957840,+3.32, +2.100, +0.170,+0.960
1584957900,+3.32, +2.067, +0.169,+0.960
1584957960,+3.32, +2.078, +0.173,+0.960
1584958020,+3.32, +2.078, +0.171,+0.960
1584958080,+3.32, +2.089, +0.170,+0.960
1584958140,+3.32, +2.067, +0.170,+0.960
1584958200,+3.32, +2.067, +0.171,+0.960
1584958260,+3.32, +2.089, +0.172,+0.960
1584958320,+3.32, +2.078, +0.171,+0.960
1584958380,+3.32, +2.078, +0.170,+0.960
1584958440,+3.32, +2.078, +0.171,+0.960
1584958500,+3.32, +2.056, +0.172,+0.960
1584958560,+3.32, +2.046, +0.170,+0.960
1584958620,+3.32, +2.067, +0.168,+0.960
1584958680,+3.32, +2.078, +0.169,+0.960
1584958740,+3.32, +2.067, +0.172,+0.960
1584958800,+3.32, +2.046, +0.172,+0.960
1584958860,+3.32, +2.078, +0.171,+0.960
1584958920,+3.32, +2.056, +0.170,+0.960
1584958980,+3.32, +2.089, +0.170,+0.960
1584959040,+3.32, +2.078, +0.171,+0.960
1584959100,+3.32, +2.078, +0.171,+0.960
1584959160,+3.32, +2.067, +0.170,+0.960
1584959220,+3.32, +2.067, +0.171,+0.960
1584959280,+3.32, +2.078, +0.171,+0.960
1584959340,+3.32, +2.089, +0.169,+0.960
1584959400,+3.32, +2.078, +0.169,+0.960
1584959460,+3.32, +2.056, +0.171,+0.960
1584959520,+3.32, +2.056, +0.171,+0.960
1584959580,+3.32, +2.067, +0.170,+0.960
1584959640,+3.32, +2.078, +0.171,+0.960
1584959700,+3.32, +2.067, +0.169,+0.960
1584959760,+3.32, +2.089, +0.170,+0.960
1584959820,+3.32, +2.089, +0.169,+0.960
1584959880,+3.32, +2.078, +0.172,+0.960
1584959940,+3.32, +2.089, +0.168,+0.960
1584960000,+3.32, +2.067, +0.171,+0.960
1584960060,+3.32, +2.046, +0.169,+0.960
1584960120,+3.32, +2.067, +0.172,+0.960
1584960180,+3.32, +2.067, +0.171,+0.960
1584960240,+3.32, +2.078, +0.170,+0.960
1584960300,+3.32, +2.100, +0.171,+0.960
1584960360,+3.32, +2.046, +0.169,+0.960
1584960420,+3.32, +2.067, +0.169,+0.960
1584960480,+3.32, +2.067, +0.170,+0.960
1584960540,+3.32, +2.078, +0.169,+0.960
1584960600,+3.32, +2.078, +0.171,+0.960
1584960660,+3.32, +2.078, +0.171,+0.960
1584960720,+3.32, +2.078, +0.170,+0.960
1584960780,+3.32, +2.078, +0.169,+0.960
1584960840,+3.32, +2.078, +0.169,+0.959
1584960900,+3.32, +2.067, +0.169,+0.960
1584960960,+3.32, +2.078, +0.171,+0.960
1584961020,+3.32, +2.067, +0.172,+0.960
1584961080,+3.32, +2.067, +0.170,+0.960
1584961140,+3.32, +2.089, +0.169,+0.960
1584961200,+3.32, +2.067, +0.170,+0.960
1584961260,+3.32, +2.067, +0.170,+0.960
1584961320,+3.32, +2.067, +0.169,+0.960
1584961380,+3.32, +2.133, +0.169,+0.960
1584961440,+3.32, +2.089, +0.170,+0.960
1584961500,+3.32, +2.067, +0.170,+0.960
1584961560,+3.32, +2.067, +0.172,+0.960
1584961620,+3.32, +2.078, +0.169,+0.960
1584961680,+3.32, +2.056, +0.169,+0.960
1584961740,+3.32, +2.100, +0.171,+0.960
1584961800,+3.32, +2.067, +0.171,+0.960
1584961860,+3.32, +2.100, +0.170,+0.960
1584961920,+3.32, +2.100, +0.169,+0.960
1584961980,+3.32, +2.089, +0.170,+0.960
1584962040,+3.32, +2.100, +0.171,+0.960
1584962100,+3.32, +2.078, +0.171,+0.960
1584962160,+3.32, +2.078, +0.170,+0.960
1584962220,+3.32, +2.089, +0.170,+0.960
1584962280,+3.32, +2.078, +0.170,+0.960
1584962340,+3.32, +2.078, +0.168,+0.960
1584962400,+3.32, +2.100, +0.170,+0.960
1584962460,+3.32, +2.067, +0.171,+0.960
1584962520,+3.32, +2.067, +0.170,+0.960
1584962580,+3.32, +2.046, +0.172,+0.960
1584962640,+3.32, +2.078, +0.169,+0.960
1584962700,+3.32, +2.078, +0.170,+0.960
1584962760,+3.32, +2.056, +0.172,+0.960
1584962820,+3.32, +2.089, +0.170,+0.960
1584962880,+3.32, +2.078, +0.172,+0.960
1584962940,+3.32, +2.078, +0.170,+0.960
1584963000,+3.32, +2.056, +0.172,+0.960
1584963060,+3.32, +2.067, +0.171,+0.960
1584963120,+3.32, +2.067, +0.170,+0.960
1584963180,+3.32, +2.056, +0.171,+0.960
1584963240,+3.32, +2.078, +0.171,+0.960
1584963300,+3.32, +2.089, +0.169,+0.960
1584963360,+3.32, +2.089, +0.169,+0.960
1584963420,+3.32, +2.067, +0.169,+0.959
1584963480,+3.32, +2.078, +0.171,+0.960
1584963540,+3.32, +2.078, +0.169,+0.960
1584963600,+3.32, +2.078, +0.171,+0.960
1584963660,+3.32, +2.089, +0.169,+0.960
1584963720,+3.32, +2.078, +0.170,+0.960
1584963780,+3.32, +2.089, +0.169,+0.960
1584963840,+3.32, +2.067, +0.170,+0.960
1584963900,+3.32, +2.089, +0.170,+0.960
1584963960,+3.32, +2.078, +0.171,+0.960
1584964020,+3.32, +2.067, +0.171,+0.960
1584964080,+3.32, +2.078, +0.169,+0.960
1584964140,+3.32, +2.122, +0.171,+0.960
1584964200,+3.32, +2.078, +0.170,+0.960
1584964260,+3.32, +2.089, +0.169,+0.960
1584964320,+3.32, +2.089, +0.170,+0.960
1584964380,+3.32, +2.078, +0.169,+0.960
1584964440,+3.32, +2.078, +0.170,+0.960
1584964500,+3.32, +2.078, +0.172,+0.960
1584964560,+3.32, +2.067, +0.169,+0.960
1584964620,+3.32, +2.089, +0.170,+0.960
1584964680,+3.32, +2.078, +0.170,+0.960
1584964740,+3.32, +2.100, +0.169,+0.960
1584964800,+3.32, +2.089, +0.170,+0.960
1584964860,+3.32, +2.046, +0.171,+0.960
1584964920,+3.32, +2.078, +0.170,+0.960
1584964980,+3.32, +2.089, +0.170,+0.960
1584965040,+3.32, +2.100, +0.170,+0.960
1584965100,+3.32, +2.078, +0.170,+0.960
1584965160,+3.32, +2.078, +0.170,+0.960
1584965220,+3.32, +2.078, +0.170,+0.960
1584965280,+3.32, +2.089, +0.170,+0.960
1584965340,+3.32, +2.056, +0.170,+0.960
1584965400,+3.32, +2.067, +0.171,+0.960
1584965460,+3.32, +2.100, +0.170,+0.960
1584965520,+3.32, +2.078, +0.170,+0.960
1584965580,+3.32, +2.078, +0.170,+0.960
1584965640,+3.32, +2.078, +0.171,+0.960
1584965700,+3.32, +2.078, +0.169,+0.960
1584965760,+3.32, +2.089, +0.170,+0.960
1584965820,+3.32, +2.100, +0.170,+0.960
1584965880,+3.32, +2.056, +0.170,+0.960
1584965940,+3.32, +2.100, +0.168,+0.960
1584966000,+3.32, +2.078, +0.169,+0.960
1584966060,+3.32, +2.078, +0.171,+0.960
1584966120,+3.32, +2.046, +0.172,+0.960
1584966180,+3.32, +2.078, +0.171,+0.960
1584966240,+3.32, +2.056, +0.171,+0.960
1584966300,+3.32, +2.089, +0.171,+0.960
1584966360,+3.32, +2.067, +0.172,+0.960
1584966420,+3.32, +2.100, +0.168,+0.960
1584966480,+3.32, +2.067, +0.170,+0.960
1584966540,+3.32, +2.089, +0.172,+0.960
1584966600,+3.32, +2.100, +0.170,+0.960
1584966660,+3.32, +2.078, +0.171,+0.960
1584966720,+3.32, +2.056, +0.170,+0.960
1584966780,+3.32, +2.078, +0.170,+0.960
1584966840,+3.32, +2.078, +0.171,+0.960
1584966900,+3.32, +2.046, +0.171,+0.960
1584966960,+3.32, +2.100, +0.169,+0.960
1584967020,+3.32, +2.067, +0.170,+0.960
1584967080,+3.32, +2.089, +0.170,+0.960
1584967140,+3.32, +2.035, +0.172,+0.960
1584967200,+3.32, +2.056, +0.170,+0.960
1584967260,+3.32, +2.100, +0.169,+0.960
1584967320,+3.32, +2.056, +0.171,+0.960
1584967380,+3.32, +2.100, +0.169,+0.960
1584967440,+3.32, +2.067, +0.170,+0.960
1584967500,+3.32, +2.067, +0.171,+0.960
1584967560,+3.32, +2.056, +0.170,+0.960
1584967620,+3.32, +2.067, +0.171,+0.960
1584967680,+3.32, +2.089, +0.170,+0.960
1584967740,+3.32, +2.078, +0.172,+0.960
1584967800,+3.32, +2.078, +0.170,+0.960
1584967860,+3.32, +2.100, +0.171,+0.960
1584967920,+3.32, +2.067, +0.172,+0.960
1584967980,+3.32, +2.067, +0.172,+0.960
1584968040,+3.32, +2.089, +0.170,+0.960
1584968100,+3.32, +2.046, +0.172,+0.960
1584968160,+3.32, +2.078, +0.169,+0.960
1584968220,+3.32, +2.067, +0.171,+0.960
1584968280,+3.32, +2.067, +0.171,+0.960
1584968340,+3.32, +2.056, +0.172,+0.960
1584968400,+3.32, +2.089, +0.170,+0.960
1584968460,+3.32, +2.100, +0.169,+0.960
1584968520,+3.32, +2.100, +0.168,+0.960
1584968580,+3.32, +2.067, +0.169,+0.960
1584968640,+3.32, +2.089, +0.171,+0.960
1584968700,+3.32, +2.078, +0.169,+0.960
1584968760,+3.32, +2.089, +0.171,+0.960
1584968820,+3.32, +2.089, +0.170,+0.960
1584968880,+3.32, +2.067, +0.170,+0.960
1584968940,+3.32, +2.067, +0.170,+0.960
1584969000,+3.32, +2.067, +0.170,+0.960
1584969060,+3.32, +2.067, +0.171,+0.960
1584969120,+3.32, +2.056, +0.170,+0.960
1584969180,+3.32, +2.089, +0.170,+0.960
1584969240,+3.32, +2.046, +0.172,+0.960
1584969300,+3.32, +2.056, +0.170,+0.960
1584969360,+3.32, +2.056, +0.170,+0.960
1584969420,+3.32, +2.078, +0.171,+0.960
1584969480,+3.32, +2.056, +0.171,+0.960
1584969540,+3.32, +2.089, +0.169,+0.960
1584969600,+3.32, +2.133, +0.171,+0.960
1584969660,+3.32, +2.078, +0.171,+0.960
1584969720,+3.32, +2.067, +0.169,+0.960
1584969780,+3.32, +2.067, +0.170,+0.960
1584969840,+3.32, +2.046, +0.170,+0.960
1584969900,+3.32, +2.089, +0.171,+0.960
1584969960,+3.32, +2.100, +0.168,+0.960
1584970020,+3.32, +2.056, +0.171,+0.960
1584970080,+3.32, +2.067, +0.171,+0.960
1584970140,+3.32, +2.078, +0.173,+0.960
1584970200,+3.32, +2.078, +0.169,+0.960
1584970260,+3.32, +2.046, +0.171,+0.960
1584970320,+3.32, +2.067, +0.172,+0.960
1584970380,+3.32, +2.078, +0.170,+0.960
1584970440,+3.32, +2.067, +0.170,+0.960
1584970500,+3.32, +2.100, +0.170,+0.960
1584970560,+3.32, +2.056, +0.170,+0.960
1584970620,+3.32, +2.067, +0.171,+0.960
1584970680,+3.32, +2.089, +0.171,+0.960
1584970740,+3.32, +2.078, +0.169,+0.960
1584970800,+3.32, +2.078, +0.171,+0.960
1584970860,+3.32, +2.067, +0.168,+0.960
1584970920,+3.32, +2.089, +0.172,+0.960
1584970980,+3.32, +2.100, +0.170,+0.960
1584971040,+3.32, +2.056, +0.169,+0.960
1584971100,+3.32, +2.046, +0.169,+0.960
1584971160,+3.32, +2.067, +0.171,+0.960
1584971220,+3.32, +2.089, +0.169,+0.960
1584971280,+3.32, +2.067, +0.170,+0.960
1584971340,+3.32, +2.046, +0.170,+0.960
1584971400,+3.32, +2.056, +0.171,+0.960
1584971460,+3.32, +2.056, +0.171,+0.960
1584971520,+3.32, +2.056, +0.171,+0.960
1584971580,+3.32, +2.067, +0.171,+0.960
1584971640,+3.32, +2.067, +0.170,+0.960
1584971700,+3.32, +2.067, +0.169,+0.960
1584971760,+3.32, +2.078, +0.171,+0.960
1584971820,+3.32, +2.078, +0.171,+0.960
1584971880,+3.32, +2.035, +0.172,+0.960
1584971940,+3.32, +2.067, +0.169,+0.960
1584972000,+3.32, +2.078, +0.170,+0.960
1584972060,+3.32, +2.067, +0.172,+0.960
1584972120,+3.32, +2.067, +0.171,+0.960
1584972180,+3.32, +2.067, +0.170,+0.960
1584972240,+3.32, +2.056, +0.169,+0.960
1584972300,+3.32, +2.122, +0.170,+0.960
1584972360,+3.32, +2.056, +0.169,+0.960
1584972420,+3.32, +2.056, +0.171,+0.960
1584972480,+3.32, +2.100, +0.169,+0.960
1584972540,+3.32, +2.056, +0.171,+0.960
1584972600,+3.32, +2.078, +0.170,+0.960
1584972660,+3.32, +2.078, +0.168,+0.960
1584972720,+3.32, +2.078, +0.171,+0.960
1584972780,+3.32, +2.089, +0.171,+0.960
1584972840,+3.32, +2.078, +0.169,+0.960
1584972900,+3.32, +2.089, +0.171,+0.960
1584972960,+3.32, +2.089, +0.169,+0.960
1584973020,+3.32, +2.078, +0.171,+0.960
1584973080,+3.32, +2.067, +0.169,+0.960
1584973140,+3.32, +2.089, +0.169,+0.960
1584973200,+3.32, +2.133, +0.171,+0.960
1584973260,+3.32, +2.078, +0.172,+0.960
1584973320,+3.32, +2.067, +0.169,+0.960
1584973380,+3.32, +2.078, +0.170,+0.960
1584973440,+3.32, +2.067, +0.171,+0.960
1584973500,+3.32, +2.067, +0.169,+0.960
1584973560,+3.32, +2.078, +0.169,+0.960
1584973620,+3.32, +2.078, +0.171,+0.960
1584973680,+3.32, +2.056, +0.170,+0.960
1584973740,+3.32, +2.035, +0.171,+0.960
1584973800,+3.32, +2.056, +0.170,+0.960
1584973860,+3.32, +2.056, +0.171,+0.960
1584973920,+3.32, +2.078, +0.169,+0.960
1584973980,+3.32, +2.078, +0.169,+0.960
1584974040,+3.32, +2.056, +0.170,+0.960
1584974100,+3.32, +2.100, +0.170,+0.960
1584974160,+3.32, +2.089, +0.170,+0.960
1584974220,+3.32, +2.067, +0.170,+0.960
1584974280,+3.32, +2.078, +0.170,+0.960
1584974340,+3.32, +2.067, +0.170,+0.960
1584974400,+3.32, +2.056, +0.172,+0.960
1584974460,+3.32, +2.078, +0.170,+0.960
1584974520,+3.32, +2.046, +0.169,+0.960
1584974580,+3.32, +2.078, +0.170,+0.960
1584974640,+3.32, +2.078, +0.169,+0.960
1584974700,+3.32, +2.056, +0.171,+0.960
1584974760,+3.32, +2.067, +0.170,+0.960
1584974820,+3.32, +2.056, +0.171,+0.960
1584974880,+3.32, +2.067, +0.169,+0.959
1584974940,+3.32, +2.078, +0.170,+0.960
1584975000,+3.32, +2.078, +0.169,+0.960
1584975060,+3.32, +2.078, +0.172,+0.960
1584975120,+3.32, +2.078, +0.172,+0.960
1584975180,+3.32, +2.089, +0.170,+0.960
1584975240,+3.32, +2.089, +0.169,+0.960
1584975300,+3.32, +2.067, +0.171,+0.960
1584975360,+3.32, +2.089, +0.170,+0.960
1584975420,+3.32, +2.078, +0.170,+0.960
1584975480,+3.32, +2.056, +0.171,+0.960
1584975540,+3.32, +2.089, +0.170,+0.960
1584975600,+3.32, +2.089, +0.171,+0.960
1584975660,+3.32, +2.100, +0.170,+0.960
1584975720,+3.32, +2.056, +0.172,+0.960
1584975780,+3.32, +2.100, +0.171,+0.960
1584975840,+3.32, +2.089, +0.170,+0.960
1584975900,+3.32, +2.089, +0.171,+0.960
1584975960,+3.32, +2.078, +0.171,+0.960
1584976020,+3.32, +2.078, +0.170,+0.960
1584976080,+3.32, +2.089, +0.171,+0.960
1584976140,+3.32, +2.089, +0.172,+0.960
1584976200,+3.32, +2.100, +0.172,+0.960
1584976260,+3.32, +2.089, +0.170,+0.960
1584976320,+3.32, +2.078, +0.172,+0.960
1584976380,+3.32, +2.078, +0.169,+0.960
1584976440,+3.32, +2.089, +0.171,+0.960
1584976500,+3.32, +2.089, +0.170,+0.960
1584976560,+3.32, +2.078, +0.171,+0.960
1584976620,+3.32, +2.100, +0.170,+0.960
1584976680,+3.32, +2.111, +0.170,+0.960
1584976740,+3.32, +2.089, +0.169,+0.960
1584976800,+3.32, +2.024, +0.172,+0.960
1584976860,+3.32, +2.111, +0.172,+0.960
1584976920,+3.32, +2.056, +0.171,+0.960
1584976980,+3.32, +2.078, +0.169,+0.960
1584977040,+3.32, +2.046, +0.170,+0.960
1584977100,+3.32, +2.067, +0.171,+0.960
1584977160,+3.32, +2.089, +0.169,+0.960
1584977220,+3.32, +2.056, +0.171,+0.960
1584977280,+3.32, +2.067, +0.172,+0.960
1584977340,+3.32, +2.078, +0.170,+0.960
1584977400,+3.32, +2.056, +0.170,+0.960
1584977460,+3.32, +2.078, +0.170,+0.960
1584977520,+3.32, +2.089, +0.171,+0.960
1584977580,+3.32, +2.078, +0.169,+0.960
1584977640,+3.32, +2.122, +0.170,+0.960
1584977700,+3.32, +2.078, +0.169,+0.960
1584977760,+3.32, +2.067, +0.171,+0.960
1584977820,+3.32, +2.056, +0.171,+0.960
1584977880,+3.32, +2.122, +0.169,+0.960
1584977940,+3.32, +2.067, +0.170,+0.960
1584978000,+3.32, +2.078, +0.172,+0.960
1584978060,+3.32, +2.067, +0.172,+0.960
1584978120,+3.32, +2.089, +0.169,+0.960
1584978180,+3.32, +2.089, +0.170,+0.960
1584978240,+3.32, +2.089, +0.171,+0.960
1584978300,+3.32, +2.078, +0.171,+0.960
1584978360,+3.32, +2.067, +0.172,+0.960
1584978420,+3.32, +2.067, +0.172,+0.960
1584978480,+3.32, +2.089, +0.169,+0.960
1584978540,+3.32, +2.067, +0.171,+0.960
1584978600,+3.31, +2.078, +0.170,+0.960
1584978660,+3.32, +2.067, +0.169,+0.960
1584978720,+3.32, +2.078, +0.171,+0.960
1584978780,+3.32, +2.100, +0.168,+0.960
1584978840,+3.32, +2.078, +0.172,+0.960
1584978900,+3.32, +2.078, +0.170,+0.960
1584978960,+3.32, +2.067, +0.170,+0.960
1584979020,+3.32, +2.067, +0.171,+0.960
1584979080,+3.32, +2.046, +0.170,+0.960
1584979140,+3.32, +2.089, +0.170,+0.960
1584979200,+3.32, +2.078, +0.171,+0.960
1584979260,+3.32, +2.056, +0.171,+0.960
1584979320,+3.32, +2.067, +0.172,+0.960
1584979380,+3.32, +2.067, +0.171,+0.960
1584979440,+3.32, +2.089, +0.171,+0.960
1584979500,+3.32, +2.056, +0.169,+0.960
1584979560,+3.32, +2.089, +0.170,+0.960
1584979620,+3.32, +2.067, +0.171,+0.960
1584979680,+3.32, +2.089, +0.170,+0.960
1584979740,+3.32, +2.078, +0.170,+0.960
1584979800,+3.32, +2.078, +0.171,+0.960
1584979860,+3.32, +2.067, +0.169,+0.960
1584979920,+3.32, +2.056, +0.170,+0.960
1584979980,+3.32, +2.024, +0.171,+0.959
1584980040,+3.32, +2.078, +0.172,+0.960
1584980100,+3.32, +2.078, +0.171,+0.960
1584980160,+3.32, +2.089, +0.171,+0.960
1584980220,+3.32, +2.078, +0.170,+0.960
1584980280,+3.32, +2.078, +0.170,+0.960
1584980340,+3.32, +2.067, +0.168,+0.960
1584980400,+3.32, +2.122, +0.168,+0.960
1584980460,+3.32, +2.035, +0.170,+0.959
1584980520,+3.32, +2.067, +0.170,+0.960
1584980580,+3.32, +2.056, +0.170,+0.960
1584980640,+3.32, +2.067, +0.170,+0.960
1584980700,+3.32, +2.089, +0.168,+0.960
1584980760,+3.32, +2.046, +0.172,+0.960
1584980820,+3.32, +2.035, +0.169,+0.960
1584980880,+3.32, +2.111, +0.169,+0.960
1584980940,+3.32, +2.089, +0.169,+0.960
1584981000,+3.32, +2.089, +0.170,+0.960
1584981060,+3.32, +2.122, +0.169,+0.960
1584981120,+3.32, +2.078, +0.170,+0.960
1584981180,+3.32, +2.089, +0.168,+0.960
1584981240,+3.32, +2.078, +0.170,+0.960
1584981300,+3.32, +2.078, +0.168,+0.960
1584981360,+3.32, +2.089, +0.171,+0.960
1584981420,+3.32, +2.067, +0.172,+0.960
1584981480,+3.32, +2.067, +0.170,+0.960
1584981540,+3.32, +2.089, +0.172,+0.960
1584981600,+3.32, +2.067, +0.171,+0.960
1584981660,+3.32, +2.024, +0.171,+0.960
1584981720,+3.32, +2.089, +0.170,+0.960
1584981780,+3.32, +2.078, +0.170,+0.960
1584981840,+3.32, +2.067, +0.170,+0.960
1584981900,+3.32, +2.100, +0.171,+0.960
1584981960,+3.32, +2.067, +0.171,+0.960
1584982020,+3.32, +2.089, +0.171,+0.960
1584982080,+3.32, +2.067, +0.173,+0.960
1584982140,+3.32, +2.056, +0.171,+0.960
1584982200,+3.32, +2.089, +0.171,+0.960
1584982260,+3.32, +2.100, +0.170,+0.960
1584982320,+3.32, +2.067, +0.169,+0.960
1584982380,+3.32, +2.067, +0.169,+0.960
1584982440,+3.32, +2.056, +0.171,+0.960
1584982500,+3.32, +2.067, +0.171,+0.960
1584982560,+3.32, +2.067, +0.170,+0.960
1584982620,+3.32, +2.067, +0.170,+0.960
1584982680,+3.32, +2.089, +0.173,+0.960
1584982740,+3.32, +2.089, +0.170,+0.960
1584982800,+3.32, +2.056, +0.170,+0.960
1584982860,+3.32, +2.078, +0.171,+0.960
1584982920,+3.32, +2.078, +0.171,+0.960
1584982980,+3.32, +2.067, +0.169,+0.960
1584983040,+3.32, +2.067, +0.171,+0.960
1584983100,+3.32, +2.078, +0.170,+0.960
1584983160,+3.32, +2.078, +0.170,+0.960
1584983220,+3.32, +2.067, +0.170,+0.960
1584983280,+3.32, +2.067, +0.173,+0.960
1584983340,+3.32, +2.078, +0.172,+0.960
1584983400,+3.32, +2.078, +0.172,+0.960
1584983460,+3.32, +2.078, +0.170,+0.960
1584983520,+3.32, +2.056, +0.169,+0.960
1584983580,+3.32, +2.067, +0.172,+0.960
1584983640,+3.32, +2.089, +0.169,+0.960
1584983700,+3.32, +2.089, +0.169,+0.960
1584983760,+3.32, +2.067, +0.169,+0.960
1584983820,+3.32, +2.111, +0.168,+0.960
1584983880,+3.32, +2.056, +0.171,+0.960
1584983940,+3.32, +2.056, +0.171,+0.960
1584984000,+3.32, +2.046, +0.171,+0.960
1584984060,+3.32, +2.067, +0.171,+0.960
1584984120,+3.32, +2.067, +0.171,+0.960
1584984180,+3.32, +2.078, +0.171,+0.960
1584984240,+3.32, +2.078, +0.171,+0.960
1584984300,+3.32, +2.078, +0.170,+0.960
1584984360,+3.32, +2.046, +0.170,+0.960
1584984420,+3.32, +2.067, +0.172,+0.960
1584984480,+3.32, +2.089, +0.169,+0.960
1584984540,+3.32, +2.133, +0.169,+0.960
1584984600,+3.32, +2.067, +0.170,+0.960
1584984660,+3.32, +2.078, +0.169,+0.960
1584984720,+3.32, +2.089, +0.168,+0.960
1584984780,+3.32, +2.067, +0.170,+0.960
1584984840,+3.32, +2.089, +0.171,+0.960
1584984900,+3.32, +2.078, +0.172,+0.960
1584984960,+3.32, +2.056, +0.171,+0.960
1584985020,+3.32, +2.067, +0.170,+0.960
1584985080,+3.32, +2.089, +0.172,+0.960
1584985140,+3.32, +2.100, +0.170,+0.960
1584985200,+3.32, +2.122, +0.170,+0.960
1584985260,+3.32, +2.100, +0.170,+0.960
1584985320,+3.32, +2.089, +0.169,+0.960
1584985380,+3.32, +2.046, +0.171,+0.960
1584985440,+3.32, +2.067, +0.170,+0.960
1584985500,+3.32, +2.067, +0.172,+0.960
1584985560,+3.32, +2.089, +0.170,+0.960
1584985620,+3.32, +2.100, +0.169,+0.960
1584985680,+3.32, +2.078, +0.171,+0.960
1584985740,+3.32, +2.133, +0.170,+0.960
1584985800,+3.32, +2.089, +0.170,+0.960
1584985860,+3.32, +2.067, +0.170,+0.960
1584985920,+3.32, +2.089, +0.171,+0.960
1584985980,+3.32, +2.078, +0.170,+0.960
1584986040,+3.32, +2.078, +0.170,+0.960
1584986100,+3.32, +2.089, +0.169,+0.960
1584986160,+3.32, +2.067, +0.170,+0.960
1584986220,+3.32, +2.100, +0.170,+0.960
1584986280,+3.32, +2.078, +0.169,+0.960
1584986340,+3.32, +2.067, +0.170,+0.960
1584986400,+3.32, +2.067, +0.171,+0.960
1584986460,+3.32, +2.056, +0.171,+0.960
1584986520,+3.32, +2.067, +0.173,+0.960
1584986580,+3.32, +2.067, +0.169,+0.960
1584986640,+3.32, +2.078, +0.170,+0.960
1584986700,+3.32, +2.056, +0.172,+0.960
1584986760,+3.32, +2.100, +0.170,+0.960
1584986820,+3.32, +2.078, +0.170,+0.960
1584986880,+3.32, +2.046, +0.169,+0.960
1584986940,+3.32, +2.100, +0.170,+0.960
1584987000,+3.32, +2.056, +0.169,+0.960
1584987060,+3.32, +2.089, +0.168,+0.960
1584987120,+3.32, +2.078, +0.171,+0.960
1584987180,+3.32, +2.056, +0.171,+0.960
1584987240,+3.32, +2.035, +0.171,+0.960
1584987300,+3.32, +2.078, +0.172,+0.960
1584987360,+3.32, +2.067, +0.171,+0.960
1584987420,+3.32, +2.067, +0.169,+0.960
1584987480,+3.32, +2.056, +0.171,+0.960
1584987540,+3.32, +2.056, +0.171,+0.960
1584987600,+3.32, +2.067, +0.170,+0.960
1584987660,+3.32, +2.056, +0.171,+0.960
1584987720,+3.32, +2.056, +0.171,+0.960
1584987780,+3.32, +2.067, +0.169,+0.960
1584987840,+3.32, +2.067, +0.171,+0.960
1584987900,+3.32, +2.056, +0.169,+0.959
1584987960,+3.32, +2.089, +0.170,+0.960
1584988020,+3.32, +2.035, +0.170,+0.960
1584988080,+3.32, +2.078, +0.169,+0.960
1584988140,+3.32, +2.067, +0.172,+0.960
1584988200,+3.32, +2.078, +0.172,+0.960
1584988260,+3.32, +2.024, +0.172,+0.960
1584988320,+3.32, +2.078, +0.170,+0.960
1584988380,+3.32, +2.067, +0.170,+0.960
1584988440,+3.32, +2.089, +0.171,+0.960
1584988500,+3.32, +2.067, +0.171,+0.960
1584988560,+3.32, +2.067, +0.172,+0.960
1584988620,+3.32, +2.067, +0.170,+0.960
1584988680,+3.32, +2.056, +0.170,+0.960
1584988740,+3.32, +2.046, +0.171,+0.960
1584988800,+3.32, +2.089, +0.172,+0.960
1584988860,+3.32, +2.089, +0.171,+0.960
1584988920,+3.32, +2.078, +0.171,+0.960
1584988980,+3.32, +2.089, +0.171,+0.960
1584989040,+3.32, +2.100, +0.169,+0.960
1584989100,+3.32, +2.046, +0.170,+0.960
1584989160,+3.32, +2.056, +0.170,+0.960
1584989220,+3.32, +2.078, +0.169,+0.960
1584989280,+3.32, +2.089, +0.170,+0.960
1584989340,+3.32, +2.089, +0.171,+0.960
1584989400,+3.32, +2.078, +0.170,+0.960
1584989460,+3.32, +2.067, +0.170,+0.960
1584989520,+3.32, +2.089, +0.170,+0.960
1584989580,+3.32, +2.089, +0.170,+0.960
1584989640,+3.32, +2.100, +0.168,+0.960
1584989700,+3.32, +2.056, +0.169,+0.960
1584989760,+3.32, +2.078, +0.170,+0.960
1584989820,+3.31, +2.067, +0.171,+0.960
1584989880,+3.32, +2.078, +0.169,+0.960
1584989940,+3.32, +2.046, +0.171,+0.960
1584990000,+3.32, +2.067, +0.169,+0.960
1584990060,+3.32, +2.078, +0.170,+0.960
1584990120,+3.32, +2.067, +0.172,+0.960
1584990180,+3.32, +2.100, +0.169,+0.960
1584990240,+3.32, +2.067, +0.170,+0.960
1584990300,+3.32, +2.046, +0.172,+0.960
1584990360,+3.32, +2.089, +0.171,+0.960
1584990420,+3.32, +2.067, +0.170,+0.960
1584990480,+3.32, +2.078, +0.171,+0.960
1584990540,+3.32, +2.067, +0.171,+0.960
1584990600,+3.32, +2.067, +0.169,+0.960
1584990660,+3.32, +2.067, +0.169,+0.960
1584990720,+3.32, +2.078, +0.171,+0.960
1584990780,+3.32, +2.089, +0.169,+0.960
1584990840,+3.32, +2.078, +0.171,+0.960
1584990900,+3.32, +2.067, +0.171,+0.960
1584990960,+3.32, +2.067, +0.171,+0.960
1584991020,+3.32, +2.056, +0.171,+0.960
1584991080,+3.32, +2.078, +0.170,+0.960
1584991140,+3.32, +2.089, +0.171,+0.960
1584991200,+3.32, +2.056, +0.171,+0.960
1584991260,+3.32, +2.067, +0.170,+0.960
1584991320,+3.32, +2.056, +0.170,+0.960
1584991380,+3.32, +2.078, +0.169,+0.960
1584991440,+3.32, +2.056, +0.170,+0.960
1584991500,+3.32, +2.067, +0.171,+0.960
1584991560,+3.32, +2.067, +0.171,+0.960
1584991620,+3.32, +2.078, +0.169,+0.960
1584991680,+3.32, +2.056, +0.170,+0.960
1584991740,+3.32, +2.078, +0.169,+0.960
1584991800,+3.32, +2.056, +0.170,+0.960
1584991860,+3.32, +2.067, +0.170,+0.960
1584991920,+3.32, +2.078, +0.169,+0.960
1584991980,+3.32, +2.100, +0.170,+0.960
1584992040,+3.32, +2.067, +0.170,+0.960
1584992100,+3.32, +2.056, +0.171,+0.960
1584992160,+3.32, +2.078, +0.170,+0.960
1584992220,+3.32, +2.056, +0.171,+0.960
1584992280,+3.32, +2.100, +0.170,+0.960
1584992340,+3.32, +2.078, +0.171,+0.960
1584992400,+3.32, +2.067, +0.169,+0.960
1584992460,+3.32, +2.078, +0.172,+0.960
1584992520,+3.32, +2.067, +0.172,+0.960
1584992580,+3.32, +2.100, +0.168,+0.960
1584992640,+3.32, +2.078, +0.168,+0.960
1584992700,+3.32, +2.056, +0.171,+0.960
1584992760,+3.32, +2.046, +0.172,+0.960
1584992820,+3.32, +2.035, +0.170,+0.960
1584992880,+3.32, +2.078, +0.169,+0.960
1584992940,+3.32, +2.056, +0.169,+0.960
1584993000,+3.32, +2.067, +0.171,+0.960
1584993060,+3.32, +2.056, +0.172,+0.960
1584993120,+3.32, +2.078, +0.171,+0.960
1584993180,+3.32, +2.078, +0.169,+0.960
1584993240,+3.32, +2.067, +0.171,+0.960
1584993300,+3.32, +2.046, +0.171,+0.960
1584993360,+3.32, +2.100, +0.171,+0.960
1584993420,+3.32, +2.078, +0.170,+0.960
1584993480,+3.32, +2.089, +0.171,+0.960
1584993540,+3.32, +2.089, +0.170,+0.960
1584993600,+3.32, +2.067, +0.170,+0.960
1584993660,+3.32, +2.024, +0.172,+0.960
1584993720,+3.32, +2.067, +0.170,+0.960
1584993780,+3.32, +2.089, +0.169,+0.960
1584993840,+3.32, +2.056, +0.170,+0.960
1584993900,+3.32, +2.067, +0.169,+0.960
1584993960,+3.32, +2.078, +0.170,+0.960
1584994020,+3.32, +2.078, +0.171,+0.960
1584994080,+3.32, +2.078, +0.170,+0.960
1584994140,+3.32, +2.100, +0.171,+0.960
1584994200,+3.32, +2.089, +0.170,+0.960
1584994260,+3.32, +2.067, +0.171,+0.960
1584994320,+3.32, +2.089, +0.170,+0.960
1584994380,+3.32, +2.078, +0.171,+0.960
1584994440,+3.32, +2.067, +0.170,+0.960
1584994500,+3.32, +2.100, +0.171,+0.960
1584994560,+3.32, +2.089, +0.169,+0.960
1584994620,+3.32, +2.078, +0.170,+0.960
1584994680,+3.32, +2.067, +0.171,+0.960
1584994740,+3.32, +2.078, +0.172,+0.960
1584994800,+3.32, +2.056, +0.171,+0.960
1584994860,+3.32, +2.046, +0.171,+0.960
1584994920,+3.32, +2.089, +0.169,+0.960
1584994980,+3.32, +2.078, +0.171,+0.960
1584995040,+3.32, +2.067, +0.169,+0.960
1584995100,+3.32, +2.100, +0.169,+0.960
1584995160,+3.32, +2.089, +0.170,+0.960
1584995220,+3.32, +2.078, +0.170,+0.960
1584995280,+3.32, +2.067, +0.170,+0.960
1584995340,+3.32, +2.056, +0.171,+0.960
1584995400,+3.32, +2.056, +0.171,+0.960
1584995460,+3.32, +2.056, +0.171,+0.960
1584995520,+3.32, +2.078, +0.168,+0.960
1584995580,+3.32, +2.078, +0.168,+0.960
1584995640,+3.32, +2.035, +0.172,+0.960
1584995700,+3.32, +2.056, +0.170,+0.960
1584995760,+3.32, +2.056, +0.170,+0.960
1584995820,+3.32, +2.100, +0.171,+0.960
1584995880,+3.32, +2.067, +0.169,+0.960
1584995940,+3.32, +2.056, +0.172,+0.960
1584996000,+3.32, +2.078, +0.170,+0.960
1584996060,+3.32, +2.089, +0.169,+0.960
1584996120,+3.32, +2.067, +0.171,+0.960
1584996180,+3.32, +2.067, +0.172,+0.960
1584996240,+3.32, +2.111, +0.170,+0.960
1584996300,+3.32, +2.056, +0.170,+0.960
1584996360,+3.32, +2.056, +0.170,+0.960
1584996420,+3.32, +2.067, +0.171,+0.960
1584996480,+3.32, +2.089, +0.170,+0.960
1584996540,+3.32, +2.089, +0.170,+0.960
1584996600,+3.32, +2.078, +0.171,+0.960
