7392-570653
OS REV: 1.11 Sensor Cal: 1428445788
Time (sec),  BV (Volts),  T (deg C),  DO (mg/l),  Q ()
1585083060,+3.32, +2.078, +0.170,+0.960
1585083120,+3.32, +2.067, +0.171,+0.960
1585083180,+3.32, +2.078, +0.170,+0.960
1585083240,+3.32, +2.056, +0.171,+0.960
1585083300,+3.32, +2.067, +0.171,+0.960
1585083360,+3.32, +2.056, +0.171,+0.960
1585083420,+3.32, +2.067, +0.171,+0.960
1585083480,+3.32, +2.067, +0.170,+0.960
1585083540,+3.32, +2.046, +0.172,+0.960
1585083600,+3.32, +2.046, +0.171,+0.960
1585083660,+3.31, +2.143, +0.170,+0.960
1585083720,+3.32, +2.067, +0.169,+0.960
1585083780,+3.32, +2.078, +0.171,+0.960
1585083840,+3.32, +2.078, +0.170,+0.960
1585083900,+3.32, +2.078, +0.171,+0.960
1585083960,+3.32, +2.078, +0.171,+0.960
1585084020,+3.32, +2.089, +0.173,+0.960
1585084080,+3.32, +2.078, +0.171,+0.960
1585084140,+3.32, +2.046, +0.172,+0.960
1585084200,+3.32, +2.056, +0.171,+0.960
1585084260,+3.32, +2.056, +0.172,+0.960
1585084320,+3.32, +2.067, +0.171,+0.960
1585084380,+3.32, +2.046, +0.169,+0.960
1585084440,+3.32, +2.046, +0.170,+0.960
1585084500,+3.32, +2.056, +0.170,+0.960
1585084560,+3.32, +2.089, +0.170,+0.960
1585084620,+3.32, +2.067, +0.168,+0.960
1585084680,+3.32, +2.056, +0.173,+0.960
1585084740,+3.32, +2.067, +0.170,+0.960
1585084800,+3.32, +2.056, +0.172,+0.960
1585084860,+3.32, +2.046, +0.171,+0.960
1585084920,+3.32, +2.024, +0.169,+0.960
1585084980,+3.32, +2.056, +0.170,+0.960
1585085040,+3.32, +2.046, +0.170,+0.960
1585085100,+3.32, +2.067, +0.170,+0.960
1585085160,+3.32, +2.067, +0.169,+0.960
1585085220,+3.32, +2.056, +0.169,+0.960
1585085280,+3.32, +2.056, +0.169,+0.960
1585085340,+3.32, +2.056, +0.172,+0.960
1585085400,+3.32, +2.078, +0.170,+0.960
1585085460,+3.32, +2.078, +0.170,+0.960
1585085520,+3.32, +2.056, +0.169,+0.960
1585085580,+3.32, +2.078, +0.170,+0.960
1585085640,+3.32, +2.035, +0.171,+0.960
1585085700,+3.32, +2.067, +0.170,+0.960
1585085760,+3.32, +2.056, +0.170,+0.960
1585085820,+3.32, +2.067, +0.169,+0.960
1585085880,+3.32, +2.067, +0.170,+0.960
1585085940,+3.32, +2.056, +0.172,+0.960
1585086000,+3.32, +2.056, +0.171,+0.960
1585086060,+3.32, +2.067, +0.171,+0.960
1585086120,+3.32, +2.046, +0.171,+0.960
1585086180,+3.32, +2.056, +0.171,+0.960
1585086240,+3.31, +2.067, +0.172,+0.960
1585086300,+3.32, +2.056, +0.170,+0.960
1585086360,+3.32, +2.078, +0.169,+0.960
1585086420,+3.32, +2.067, +0.170,+0.960
1585086480,+3.32, +2.067, +0.171,+0.960
1585086540,+3.32, +2.046, +0.170,+0.960
1585086600,+3.32, +2.046, +0.170,+0.960
1585086660,+3.32, +2.056, +0.171,+0.960
1585086720,+3.32, +2.056, +0.170,+0.960
1585086780,+3.32, +2.056, +0.172,+0.960
1585086840,+3.32, +2.056, +0.172,+0.960
1585086900,+3.32, +2.024, +0.171,+0.960
1585086960,+3.32, +2.067, +0.171,+0.960
1585087020,+3.32, +2.067, +0.172,+0.960
1585087080,+3.32, +2.056, +0.171,+0.960
1585087140,+3.32, +2.013, +0.170,+0.960
1585087200,+3.32, +2.078, +0.170,+0.960
1585087260,+3.32, +2.056, +0.171,+0.960
1585087320,+3.32, +2.056, +0.169,+0.960
1585087380,+3.32, +2.056, +0.170,+0.960
1585087440,+3.32, +2.067, +0.171,+0.960
1585087500,+3.32, +2.056, +0.171,+0.960
1585087560,+3.32, +2.067, +0.170,+0.960
1585087620,+3.32, +2.067, +0.171,+0.960
1585087680,+3.32, +2.035, +0.168,+0.960
1585087740,+3.32, +2.056, +0.167,+0.960
1585087800,+3.32, +2.046, +0.170,+0.960
1585087860,+3.32, +2.056, +0.170,+0.960
1585087920,+3.32, +2.056, +0.170,+0.960
1585087980,+3.32, +2.056, +0.171,+0.960
1585088040,+3.32, +2.067, +0.170,+0.960
1585088100,+3.32, +2.067, +0.169,+0.960
1585088160,+3.32, +2.035, +0.171,+0.960
1585088220,+3.32, +2.056, +0.170,+0.960
1585088280,+3.32, +2.067, +0.171,+0.960
1585088340,+3.32, +2.056, +0.170,+0.960
1585088400,+3.32, +2.035, +0.171,+0.960
1585088460,+3.32, +2.046, +0.171,+0.960
1585088520,+3.31, +2.056, +0.171,+0.960
1585088580,+3.32, +2.046, +0.170,+0.960
1585088640,+3.32, +2.035, +0.171,+0.960
1585088700,+3.32, +2.067, +0.172,+0.960
1585088760,+3.32, +2.056, +0.171,+0.960
1585088820,+3.32, +2.013, +0.171,+0.960
1585088880,+3.32, +2.056, +0.172,+0.960
1585088940,+3.32, +2.089, +0.169,+0.960
1585089000,+3.32, +2.067, +0.169,+0.960
1585089060,+3.32, +2.056, +0.173,+0.960
1585089120,+3.32, +2.046, +0.168,+0.960
1585089180,+3.32, +2.046, +0.172,+0.960
1585089240,+3.32, +2.056, +0.172,+0.960
1585089300,+3.32, +2.046, +0.170,+0.960
1585089360,+3.32, +2.056, +0.171,+0.960
1585089420,+3.32, +2.067, +0.172,+0.960
1585089480,+3.32, +2.046, +0.170,+0.960
1585089540,+3.32, +2.046, +0.172,+0.960
1585089600,+3.32, +2.067, +0.171,+0.960
1585089660,+3.32, +2.056, +0.171,+0.960
1585089720,+3.32, +2.046, +0.172,+0.960
1585089780,+3.32, +2.067, +0.171,+0.960
1585089840,+3.32, +2.056, +0.171,+0.960
1585089900,+3.32, +2.046, +0.171,+0.960
1585089960,+3.31, +2.067, +0.172,+0.960
1585090020,+3.32, +2.056, +0.171,+0.960
1585090080,+3.32, +2.056, +0.171,+0.960
1585090140,+3.32, +2.056, +0.170,+0.960
1585090200,+3.32, +2.046, +0.171,+0.960
1585090260,+3.32, +2.056, +0.169,+0.960
1585090320,+3.32, +2.067, +0.170,+0.960
1585090380,+3.32, +2.056, +0.169,+0.960
1585090440,+3.31, +2.078, +0.170,+0.960
1585090500,+3.32, +2.067, +0.171,+0.960
1585090560,+3.32, +2.078, +0.169,+0.960
1585090620,+3.32, +2.056, +0.170,+0.960
1585090680,+3.32, +2.067, +0.170,+0.960
1585090740,+3.32, +2.056, +0.173,+0.960
1585090800,+3.32, +2.046, +0.172,+0.960
1585090860,+3.32, +2.046, +0.170,+0.960
1585090920,+3.32, +2.056, +0.170,+0.960
1585090980,+3.32, +2.078, +0.171,+0.960
1585091040,+3.32, +2.067, +0.170,+0.960
1585091100,+3.32, +2.056, +0.171,+0.960
1585091160,+3.32, +2.067, +0.169,+0.960
1585091220,+3.32, +2.056, +0.169,+0.960
1585091280,+3.32, +2.067, +0.169,+0.960
1585091340,+3.32, +2.035, +0.172,+0.960
1585091400,+3.32, +2.067, +0.171,+0.960
1585091460,+3.32, +2.046, +0.170,+0.960
1585091520,+3.32, +2.056, +0.171,+0.960
1585091580,+3.32, +2.067, +0.169,+0.960
1585091640,+3.32, +2.067, +0.170,+0.960
1585091700,+3.32, +2.046, +0.171,+0.960
1585091760,+3.32, +2.056, +0.170,+0.960
1585091820,+3.32, +2.056, +0.170,+0.960
1585091880,+3.32, +2.067, +0.170,+0.960
1585091940,+3.32, +2.056, +0.171,+0.960
1585092000,+3.32, +2.046, +0.171,+0.960
1585092060,+3.32, +2.035, +0.170,+0.960
1585092120,+3.32, +2.056, +0.171,+0.960
1585092180,+3.32, +2.067, +0.169,+0.960
1585092240,+3.32, +2.046, +0.170,+0.960
1585092300,+3.32, +2.078, +0.169,+0.960
1585092360,+3.32, +2.024, +0.171,+0.960
1585092420,+3.32, +2.078, +0.171,+0.960
1585092480,+3.32, +2.046, +0.170,+0.960
1585092540,+3.31, +2.046, +0.172,+0.960
1585092600,+3.32, +2.056, +0.171,+0.960
1585092660,+3.32, +2.078, +0.169,+0.960
1585092720,+3.32, +2.046, +0.171,+0.960
1585092780,+3.32, +2.067, +0.170,+0.960
1585092840,+3.32, +2.078, +0.171,+0.960
1585092900,+3.32, +2.056, +0.171,+0.960
1585092960,+3.32, +2.056, +0.170,+0.960
1585093020,+3.32, +2.024, +0.172,+0.960
1585093080,+3.32, +2.056, +0.171,+0.960
1585093140,+3.32, +2.046, +0.170,+0.960
1585093200,+3.32, +2.046, +0.170,+0.960
1585093260,+3.32, +2.056, +0.171,+0.960
1585093320,+3.32, +2.056, +0.170,+0.960
1585093380,+3.32, +2.035, +0.172,+0.960
1585093440,+3.32, +2.067, +0.170,+0.960
1585093500,+3.32, +2.078, +0.171,+0.960
1585093560,+3.32, +2.078, +0.170,+0.960
1585093620,+3.32, +2.024, +0.172,+0.960
1585093680,+3.32, +2.067, +0.171,+0.960
1585093740,+3.32, +2.089, +0.171,+0.960
1585093800,+3.32, +2.046, +0.171,+0.960
1585093860,+3.32, +2.067, +0.169,+0.960
1585093920,+3.32, +2.056, +0.170,+0.960
1585093980,+3.32, +2.056, +0.170,+0.960
1585094040,+3.32, +2.078, +0.171,+0.960
1585094100,+3.32, +2.046, +0.172,+0.960
1585094160,+3.32, +2.056, +0.171,+0.960
1585094220,+3.32, +2.056, +0.170,+0.960
1585094280,+3.32, +2.067, +0.170,+0.960
1585094340,+3.32, +2.056, +0.171,+0.960
1585094400,+3.32, +2.111, +0.168,+0.960
1585094460,+3.32, +2.067, +0.169,+0.960
1585094520,+3.32, +2.056, +0.170,+0.960
1585094580,+3.32, +2.067, +0.171,+0.960
1585094640,+3.32, +2.056, +0.171,+0.960
1585094700,+3.32, +2.024, +0.170,+0.960
1585094760,+3.32, +2.056, +0.171,+0.960
1585094820,+3.32, +2.046, +0.170,+0.960
1585094880,+3.32, +2.078, +0.170,+0.960
1585094940,+3.32, +2.046, +0.170,+0.960
1585095000,+3.32, +2.046, +0.170,+0.960
1585095060,+3.32, +2.078, +0.168,+0.960
1585095120,+3.32, +2.067, +0.169,+0.960
1585095180,+3.32, +2.046, +0.171,+0.960
1585095240,+3.32, +2.056, +0.171,+0.960
1585095300,+3.32, +2.056, +0.170,+0.960
1585095360,+3.32, +2.056, +0.171,+0.960
1585095420,+3.32, +2.067, +0.170,+0.960
1585095480,+3.32, +2.035, +0.170,+0.960
1585095540,+3.32, +2.078, +0.170,+0.960
1585095600,+3.32, +2.046, +0.170,+0.960
1585095660,+3.32, +2.046, +0.171,+0.960
1585095720,+3.32, +2.067, +0.170,+0.960
1585095780,+3.32, +2.035, +0.170,+0.960
1585095840,+3.31, +2.067, +0.170,+0.960
1585095900,+3.32, +2.056, +0.171,+0.960
1585095960,+3.32, +2.046, +0.170,+0.960
1585096020,+3.32, +2.056, +0.172,+0.960
1585096080,+3.32, +2.089, +0.170,+0.960
1585096140,+3.31, +2.078, +0.171,+0.960
1585096200,+3.32, +2.024, +0.171,+0.960
1585096260,+3.32, +2.056, +0.171,+0.960
1585096320,+3.32, +2.067, +0.170,+0.960
1585096380,+3.32, +2.056, +0.172,+0.960
1585096440,+3.32, +2.067, +0.171,+0.960
1585096500,+3.32, +2.046, +0.172,+0.960
1585096560,+3.32, +2.089, +0.170,+0.960
1585096620,+3.32, +2.078, +0.170,+0.960
1585096680,+3.32, +2.078, +0.171,+0.960
1585096740,+3.32, +2.089, +0.168,+0.960
1585096800,+3.32, +2.078, +0.170,+0.960
1585096860,+3.32, +2.056, +0.169,+0.960
1585096920,+3.32, +2.056, +0.172,+0.960
1585096980,+3.32, +2.056, +0.170,+0.960
1585097040,+3.32, +2.046, +0.171,+0.960
1585097100,+3.32, +2.067, +0.171,+0.960
1585097160,+3.32, +2.046, +0.171,+0.960
1585097220,+3.32, +2.056, +0.170,+0.960
1585097280,+3.32, +2.067, +0.170,+0.960
1585097340,+3.32, +2.067, +0.170,+0.960
1585097400,+3.32, +2.067, +0.172,+0.960
1585097460,+3.32, +2.046, +0.169,+0.960
1585097520,+3.32, +2.056, +0.169,+0.960
1585097580,+3.32, +2.067, +0.170,+0.960
1585097640,+3.32, +2.067, +0.170,+0.960
1585097700,+3.32, +2.078, +0.169,+0.960
1585097760,+3.32, +2.067, +0.171,+0.960
1585097820,+3.32, +2.067, +0.171,+0.960
1585097880,+3.32, +2.089, +0.170,+0.960
1585097940,+3.32, +2.067, +0.170,+0.960
1585098000,+3.31, +2.056, +0.171,+0.960
1585098060,+3.32, +2.002, +0.170,+0.960
1585098120,+3.32, +2.046, +0.170,+0.960
1585098180,+3.32, +2.035, +0.172,+0.960
1585098240,+3.31, +2.056, +0.171,+0.960
1585098300,+3.32, +2.056, +0.171,+0.960
1585098360,+3.32, +2.089, +0.171,+0.960
1585098420,+3.32, +2.056, +0.170,+0.960
1585098480,+3.32, +2.056, +0.170,+0.960
1585098540,+3.32, +2.078, +0.171,+0.960
1585098600,+3.32, +2.056, +0.169,+0.960
1585098660,+3.32, +2.067, +0.172,+0.960
1585098720,+3.32, +2.056, +0.170,+0.960
1585098780,+3.32, +2.035, +0.172,+0.960
1585098840,+3.32, +2.056, +0.171,+0.960
1585098900,+3.32, +2.056, +0.170,+0.960
1585098960,+3.32, +2.035, +0.170,+0.960
1585099020,+3.32, +2.067, +0.172,+0.960
1585099080,+3.32, +2.089, +0.169,+0.960
1585099140,+3.32, +2.056, +0.170,+0.960
1585099200,+3.32, +2.046, +0.171,+0.960
1585099260,+3.32, +2.046, +0.170,+0.960
1585099320,+3.32, +2.056, +0.171,+0.960
1585099380,+3.32, +2.056, +0.172,+0.960
1585099440,+3.32, +2.056, +0.170,+0.960
1585099500,+3.32, +2.056, +0.170,+0.960
1585099560,+3.32, +2.056, +0.171,+0.960
1585099620,+3.32, +2.046, +0.171,+0.960
1585099680,+3.32, +2.078, +0.170,+0.960
1585099740,+3.32, +2.046, +0.170,+0.960
1585099800,+3.32, +2.046, +0.172,+0.960
1585099860,+3.32, +2.100, +0.170,+0.960
1585099920,+3.32, +2.089, +0.170,+0.960
1585099980,+3.32, +2.089, +0.170,+0.960
1585100040,+3.32, +2.100, +0.171,+0.960
1585100100,+3.32, +2.046, +0.170,+0.960
1585100160,+3.32, +2.100, +0.168,+0.960
1585100220,+3.32, +2.067, +0.171,+0.960
1585100280,+3.32, +2.067, +0.170,+0.960
1585100340,+3.32, +2.035, +0.171,+0.960
1585100400,+3.32, +2.056, +0.172,+0.960
1585100460,+3.32, +2.056, +0.170,+0.960
1585100520,+3.32, +2.056, +0.171,+0.960
1585100580,+3.32, +2.089, +0.168,+0.960
1585100640,+3.32, +2.035, +0.171,+0.960
1585100700,+3.32, +2.067, +0.171,+0.960
1585100760,+3.32, +2.067, +0.170,+0.960
1585100820,+3.32, +2.067, +0.171,+0.960
1585100880,+3.32, +2.046, +0.172,+0.960
1585100940,+3.32, +2.067, +0.170,+0.960
1585101000,+3.32, +2.078, +0.172,+0.960
1585101060,+3.32, +2.056, +0.171,+0.960
1585101120,+3.32, +2.078, +0.169,+0.960
1585101180,+3.32, +2.046, +0.169,+0.960
1585101240,+3.32, +2.056, +0.169,+0.960
1585101300,+3.32, +2.056, +0.171,+0.960
1585101360,+3.32, +2.056, +0.169,+0.960
1585101420,+3.32, +2.046, +0.171,+0.960
1585101480,+3.32, +2.056, +0.172,+0.960
1585101540,+3.32, +2.056, +0.171,+0.960
1585101600,+3.32, +2.067, +0.170,+0.960
1585101660,+3.32, +2.056, +0.170,+0.960
1585101720,+3.32, +2.046, +0.172,+0.960
1585101780,+3.32, +2.046, +0.171,+0.960
1585101840,+3.32, +2.078, +0.170,+0.960
1585101900,+3.32, +2.056, +0.171,+0.960
1585101960,+3.32, +2.056, +0.171,+0.960
1585102020,+3.32, +2.067, +0.171,+0.960
1585102080,+3.32, +2.046, +0.170,+0.960
1585102140,+3.32, +2.056, +0.170,+0.960
1585102200,+3.32, +2.046, +0.171,+0.960
1585102260,+3.32, +2.056, +0.170,+0.960
1585102320,+3.32, +2.056, +0.170,+0.960
1585102380,+3.32, +2.067, +0.168,+0.960
1585102440,+3.32, +2.046, +0.171,+0.960
1585102500,+3.32, +2.067, +0.170,+0.960
1585102560,+3.32, +2.024, +0.170,+0.960
1585102620,+3.32, +2.046, +0.171,+0.960
1585102680,+3.32, +2.035, +0.172,+0.960
1585102740,+3.32, +2.067, +0.169,+0.960
1585102800,+3.32, +2.067, +0.171,+0.960
1585102860,+3.32, +2.067, +0.171,+0.960
1585102920,+3.32, +2.046, +0.170,+0.960
1585102980,+3.32, +2.067, +0.169,+0.960
1585103040,+3.32, +2.067, +0.170,+0.960
1585103100,+3.31, +2.067, +0.173,+0.960
1585103160,+3.32, +2.056, +0.170,+0.960
1585103220,+3.32, +2.100, +0.170,+0.960
1585103280,+3.32, +2.056, +0.169,+0.960
1585103340,+3.32, +2.067, +0.169,+0.960
1585103400,+3.32, +2.067, +0.170,+0.960
1585103460,+3.32, +2.056, +0.170,+0.960
1585103520,+3.32, +2.046, +0.170,+0.960
1585103580,+3.32, +2.056, +0.170,+0.960
1585103640,+3.32, +2.078, +0.169,+0.960
1585103700,+3.32, +2.056, +0.171,+0.960
1585103760,+3.32, +2.035, +0.171,+0.960
1585103820,+3.31, +2.035, +0.172,+0.960
1585103880,+3.32, +2.046, +0.169,+0.960
1585103940,+3.32, +2.035, +0.170,+0.960
1585104000,+3.32, +2.013, +0.170,+0.960
1585104060,+3.32, +2.078, +0.169,+0.960
1585104120,+3.32, +2.046, +0.170,+0.960
1585104180,+3.32, +2.067, +0.171,+0.960
1585104240,+3.32, +2.056, +0.171,+0.960
1585104300,+3.32, +2.078, +0.171,+0.960
1585104360,+3.32, +2.056, +0.170,+0.960
1585104420,+3.32, +2.046, +0.169,+0.960
1585104480,+3.32, +2.056, +0.169,+0.960
1585104540,+3.32, +2.056, +0.170,+0.960
1585104600,+3.32, +2.046, +0.172,+0.960
1585104660,+3.32, +2.035, +0.170,+0.960
1585104720,+3.32, +2.046, +0.171,+0.960
1585104780,+3.32, +2.056, +0.171,+0.960
1585104840,+3.32, +2.056, +0.171,+0.960
1585104900,+3.32, +2.046, +0.170,+0.960
1585104960,+3.32, +2.035, +0.170,+0.960
1585105020,+3.32, +2.024, +0.171,+0.960
1585105080,+3.32, +2.067, +0.170,+0.960
1585105140,+3.32, +2.046, +0.170,+0.960
1585105200,+3.32, +2.067, +0.171,+0.960
1585105260,+3.32, +2.078, +0.170,+0.960
1585105320,+3.32, +2.089, +0.170,+0.960
1585105380,+3.32, +2.046, +0.171,+0.960
1585105440,+3.32, +2.067, +0.171,+0.960
1585105500,+3.32, +2.056, +0.168,+0.960
1585105560,+3.32, +2.046, +0.169,+0.960
1585105620,+3.32, +2.056, +0.172,+0.960
1585105680,+3.32, +2.078, +0.171,+0.960
1585105740,+3.32, +2.067, +0.171,+0.960
1585105800,+3.32, +2.024, +0.171,+0.960
1585105860,+3.32, +2.067, +0.171,+0.960
1585105920,+3.31, +2.046, +0.171,+0.960
1585105980,+3.32, +2.056, +0.171,+0.960
1585106040,+3.32, +2.056, +0.171,+0.960
1585106100,+3.32, +2.046, +0.170,+0.960
1585106160,+3.32, +2.056, +0.171,+0.960
1585106220,+3.32, +2.067, +0.172,+0.960
1585106280,+3.32, +2.046, +0.171,+0.960
1585106340,+3.32, +2.056, +0.172,+0.960
1585106400,+3.32, +2.067, +0.170,+0.960
1585106460,+3.32, +2.056, +0.172,+0.960
1585106520,+3.31, +2.056, +0.172,+0.960
1585106580,+3.32, +2.056, +0.171,+0.960
1585106640,+3.32, +2.056, +0.170,+0.960
1585106700,+3.32, +2.056, +0.171,+0.960
1585106760,+3.32, +2.046, +0.172,+0.960
1585106820,+3.32, +2.046, +0.172,+0.960
1585106880,+3.32, +2.067, +0.172,+0.960
1585106940,+3.32, +2.056, +0.172,+0.960
1585107000,+3.32, +2.046, +0.171,+0.960
1585107060,+3.32, +2.024, +0.171,+0.960
1585107120,+3.32, +2.056, +0.172,+0.960
1585107180,+3.32, +2.089, +0.169,+0.960
1585107240,+3.32, +2.100, +0.171,+0.960
1585107300,+3.32, +2.046, +0.172,+0.960
1585107360,+3.32, +2.046, +0.171,+0.960
1585107420,+3.32, +2.046, +0.169,+0.960
1585107480,+3.32, +2.046, +0.171,+0.960
1585107540,+3.32, +2.056, +0.171,+0.960
1585107600,+3.32, +2.046, +0.171,+0.960
1585107660,+3.32, +2.056, +0.170,+0.960
1585107720,+3.32, +2.078, +0.170,+0.960
1585107780,+3.32, +2.056, +0.171,+0.960
1585107840,+3.32, +2.056, +0.171,+0.960
1585107900,+3.32, +2.078, +0.170,+0.960
1585107960,+3.32, +2.056, +0.169,+0.960
1585108020,+3.32, +2.078, +0.170,+0.960
1585108080,+3.32, +2.078, +0.170,+0.960
1585108140,+3.32, +2.035, +0.171,+0.960
1585108200,+3.32, +2.035, +0.172,+0.960
1585108260,+3.32, +2.067, +0.170,+0.960
1585108320,+3.32, +2.035, +0.171,+0.960
1585108380,+3.32, +2.067, +0.172,+0.960
1585108440,+3.32, +2.067, +0.171,+0.960
1585108500,+3.32, +2.067, +0.169,+0.960
1585108560,+3.32, +2.035, +0.171,+0.960
1585108620,+3.32, +2.046, +0.169,+0.959
1585108680,+3.32, +2.067, +0.171,+0.960
1585108740,+3.32, +2.046, +0.171,+0.960
1585108800,+3.32, +2.035, +0.172,+0.960
1585108860,+3.32, +2.089, +0.171,+0.960
1585108920,+3.32, +2.100, +0.171,+0.960
1585108980,+3.32, +2.056, +0.173,+0.960
1585109040,+3.32, +2.067, +0.169,+0.960
1585109100,+3.32, +2.056, +0.171,+0.960
1585109160,+3.32, +2.067, +0.171,+0.960
1585109220,+3.32, +2.046, +0.170,+0.960
1585109280,+3.32, +2.056, +0.171,+0.960
1585109340,+3.32, +2.056, +0.171,+0.960
1585109400,+3.32, +2.056, +0.171,+0.960
1585109460,+3.32, +2.046, +0.171,+0.960
1585109520,+3.32, +2.035, +0.171,+0.960
1585109580,+3.32, +2.035, +0.172,+0.960
1585109640,+3.32, +2.046, +0.171,+0.960
1585109700,+3.32, +2.056, +0.172,+0.960
1585109760,+3.32, +2.056, +0.170,+0.960
1585109820,+3.32, +2.067, +0.172,+0.960
1585109880,+3.32, +2.046, +0.171,+0.960
1585109940,+3.32, +2.035, +0.172,+0.960
1585110000,+3.32, +2.067, +0.171,+0.960
1585110060,+3.32, +2.046, +0.170,+0.960
1585110120,+3.32, +2.056, +0.171,+0.960
1585110180,+3.32, +2.046, +0.172,+0.960
1585110240,+3.32, +2.067, +0.171,+0.960
1585110300,+3.32, +2.046, +0.171,+0.960
1585110360,+3.32, +2.056, +0.171,+0.960
1585110420,+3.32, +2.046, +0.171,+0.960
1585110480,+3.32, +2.067, +0.170,+0.960
1585110540,+3.32, +2.046, +0.173,+0.960
1585110600,+3.32, +2.056, +0.170,+0.960
1585110660,+3.32, +2.046, +0.170,+0.960
1585110720,+3.32, +2.056, +0.170,+0.960
1585110780,+3.32, +2.035, +0.172,+0.960
1585110840,+3.32, +2.046, +0.171,+0.960
1585110900,+3.32, +2.046, +0.171,+0.960
1585110960,+3.32, +2.056, +0.170,+0.960
1585111020,+3.32, +2.024, +0.171,+0.960
1585111080,+3.32, +2.056, +0.170,+0.960
1585111140,+3.32, +2.078, +0.170,+0.960
1585111200,+3.32, +2.046, +0.170,+0.960
1585111260,+3.32, +2.078, +0.170,+0.960
1585111320,+3.32, +2.046, +0.171,+0.960
1585111380,+3.31, +2.056, +0.170,+0.960
1585111440,+3.32, +2.046, +0.170,+0.960
1585111500,+3.32, +2.035, +0.171,+0.960
1585111560,+3.32, +2.056, +0.170,+0.960
1585111620,+3.32, +2.046, +0.169,+0.960
1585111680,+3.32, +2.067, +0.172,+0.960
1585111740,+3.32, +2.056, +0.170,+0.960
1585111800,+3.32, +2.046, +0.172,+0.960
1585111860,+3.32, +2.067, +0.171,+0.960
1585111920,+3.32, +2.046, +0.170,+0.960
1585111980,+3.32, +2.035, +0.172,+0.960
1585112040,+3.32, +2.046, +0.171,+0.960
1585112100,+3.32, +2.024, +0.171,+0.960
1585112160,+3.32, +2.067, +0.170,+0.960
1585112220,+3.32, +2.035, +0.172,+0.960
1585112280,+3.32, +2.056, +0.170,+0.960
1585112340,+3.31, +2.046, +0.171,+0.960
1585112400,+3.32, +2.035, +0.170,+0.960
1585112460,+3.32, +2.056, +0.171,+0.960
1585112520,+3.32, +2.067, +0.171,+0.960
1585112580,+3.32, +2.067, +0.170,+0.960
1585112640,+3.32, +2.035, +0.171,+0.960
1585112700,+3.32, +2.056, +0.171,+0.960
1585112760,+3.32, +2.024, +0.172,+0.960
1585112820,+3.32, +2.056, +0.170,+0.960
1585112880,+3.32, +2.046, +0.171,+0.960
1585112940,+3.32, +2.056, +0.171,+0.960
1585113000,+3.32, +2.078, +0.171,+0.960
1585113060,+3.32, +2.035, +0.172,+0.960
1585113120,+3.32, +2.035, +0.170,+0.960
1585113180,+3.32, +2.046, +0.169,+0.960
1585113240,+3.32, +2.035, +0.171,+0.960
1585113300,+3.32, +2.056, +0.170,+0.960
1585113360,+3.32, +2.035, +0.170,+0.960
1585113420,+3.32, +2.046, +0.171,+0.960
1585113480,+3.32, +2.056, +0.171,+0.960
1585113540,+3.32, +2.067, +0.170,+0.960
1585113600,+3.32, +2.067, +0.170,+0.960
1585113660,+3.32, +2.056, +0.171,+0.960
1585113720,+3.32, +2.056, +0.170,+0.960
1585113780,+3.32, +2.078, +0.170,+0.960
1585113840,+3.32, +2.024, +0.172,+0.960
1585113900,+3.32, +2.067, +0.170,+0.960
1585113960,+3.32, +2.046, +0.173,+0.960
1585114020,+3.32, +2.035, +0.170,+0.960
1585114080,+3.32, +2.067, +0.171,+0.960
1585114140,+3.32, +2.078, +0.170,+0.960
1585114200,+3.32, +2.067, +0.172,+0.960
1585114260,+3.32, +2.046, +0.171,+0.960
1585114320,+3.32, +2.024, +0.171,+0.960
1585114380,+3.31, +2.056, +0.170,+0.960
1585114440,+3.32, +2.035, +0.170,+0.960
1585114500,+3.31, +2.046, +0.171,+0.960
1585114560,+3.32, +2.056, +0.171,+0.960
1585114620,+3.32, +2.056, +0.170,+0.960
1585114680,+3.32, +2.067, +0.170,+0.960
1585114740,+3.32, +2.067, +0.169,+0.960
1585114800,+3.32, +2.035, +0.170,+0.960
1585114860,+3.32, +2.067, +0.170,+0.960
1585114920,+3.32, +2.035, +0.170,+0.960
1585114980,+3.32, +2.056, +0.171,+0.960
1585115040,+3.32, +2.035, +0.173,+0.960
1585115100,+3.32, +2.056, +0.170,+0.960
1585115160,+3.31, +2.046, +0.171,+0.960
1585115220,+3.32, +2.035, +0.170,+0.960
1585115280,+3.32, +2.056, +0.171,+0.960
1585115340,+3.32, +2.111, +0.170,+0.960
1585115400,+3.32, +2.046, +0.170,+0.960
1585115460,+3.32, +2.056, +0.169,+0.960
1585115520,+3.32, +2.035, +0.171,+0.960
1585115580,+3.32, +2.046, +0.171,+0.960
1585115640,+3.32, +2.046, +0.169,+0.960
1585115700,+3.32, +2.046, +0.170,+0.960
1585115760,+3.32, +2.024, +0.171,+0.960
1585115820,+3.32, +2.056, +0.169,+0.960
1585115880,+3.32, +2.035, +0.170,+0.960
1585115940,+3.32, +2.035, +0.169,+0.960
1585116000,+3.32, +2.035, +0.171,+0.960
1585116060,+3.32, +2.078, +0.170,+0.960
1585116120,+3.32, +2.035, +0.170,+0.960
1585116180,+3.32, +2.056, +0.169,+0.960
1585116240,+3.32, +2.013, +0.172,+0.960
1585116300,+3.32, +2.046, +0.170,+0.960
1585116360,+3.32, +2.056, +0.173,+0.960
1585116420,+3.32, +2.024, +0.171,+0.960
1585116480,+3.32, +2.046, +0.170,+0.960
1585116540,+3.32, +2.046, +0.172,+0.960
1585116600,+3.32, +2.067, +0.169,+0.960
1585116660,+3.32, +2.024, +0.170,+0.960
1585116720,+3.32, +2.035, +0.170,+0.960
1585116780,+3.32, +2.024, +0.171,+0.960
1585116840,+3.32, +2.035, +0.171,+0.960
1585116900,+3.32, +2.056, +0.171,+0.960
1585116960,+3.32, +2.002, +0.173,+0.960
1585117020,+3.32, +2.035, +0.173,+0.960
1585117080,+3.32, +2.035, +0.170,+0.960
1585117140,+3.32, +2.100, +0.168,+0.960
1585117200,+3.32, +2.024, +0.171,+0.960
1585117260,+3.31, +2.024, +0.172,+0.960
1585117320,+3.32, +2.046, +0.171,+0.960
1585117380,+3.32, +2.035, +0.170,+0.960
1585117440,+3.32, +2.002, +0.171,+0.960
1585117500,+3.32, +2.024, +0.170,+0.960
1585117560,+3.32, +2.046, +0.171,+0.960
1585117620,+3.32, +2.013, +0.171,+0.960
1585117680,+3.32, +2.013, +0.171,+0.960
1585117740,+3.32, +2.035, +0.170,+0.960
1585117800,+3.32, +2.056, +0.170,+0.960
1585117860,+3.32, +2.056, +0.170,+0.960
1585117920,+3.32, +2.035, +0.169,+0.960
1585117980,+3.32, +2.056, +0.169,+0.960
1585118040,+3.32, +2.056, +0.170,+0.960
1585118100,+3.32, +2.024, +0.172,+0.960
1585118160,+3.32, +2.046, +0.172,+0.960
1585118220,+3.31, +2.024, +0.170,+0.960
1585118280,+3.32, +2.024, +0.169,+0.960
1585118340,+3.32, +2.046, +0.171,+0.960
1585118400,+3.32, +2.024, +0.171,+0.960
1585118460,+3.32, +2.035, +0.169,+0.960
1585118520,+3.32, +2.024, +0.171,+0.960
1585118580,+3.32, +2.056, +0.171,+0.960
1585118640,+3.32, +2.024, +0.171,+0.960
1585118700,+3.32, +2.046, +0.170,+0.960
1585118760,+3.32, +2.024, +0.170,+0.960
1585118820,+3.32, +2.024, +0.170,+0.960
1585118880,+3.32, +2.067, +0.169,+0.960
1585118940,+3.32, +2.035, +0.171,+0.960
1585119000,+3.32, +2.035, +0.171,+0.960
1585119060,+3.32, +2.013, +0.173,+0.960
1585119120,+3.32, +2.024, +0.170,+0.960
1585119180,+3.32, +2.046, +0.169,+0.960
1585119240,+3.32, +2.056, +0.171,+0.960
1585119300,+3.32, +2.035, +0.172,+0.960
1585119360,+3.32, +2.035, +0.172,+0.960
1585119420,+3.32, +2.056, +0.170,+0.960
1585119480,+3.32, +2.024, +0.170,+0.960
1585119540,+3.32, +2.035, +0.170,+0.960
1585119600,+3.32, +2.013, +0.171,+0.960
1585119660,+3.32, +1.969, +0.173,+0.960
1585119720,+3.31, +2.024, +0.170,+0.960
1585119780,+3.32, +2.024, +0.171,+0.960
1585119840,+3.32, +2.035, +0.171,+0.960
1585119900,+3.32, +2.024, +0.171,+0.960
1585119960,+3.32, +2.067, +0.169,+0.960
1585120020,+3.32, +2.024, +0.172,+0.960
1585120080,+3.32, +2.046, +0.171,+0.960
1585120140,+3.32, +2.013, +0.171,+0.960
1585120200,+3.32, +2.046, +0.170,+0.960
1585120260,+3.32, +2.046, +0.171,+0.960
1585120320,+3.32, +2.024, +0.171,+0.960
1585120380,+3.32, +2.035, +0.172,+0.960
1585120440,+3.32, +2.035, +0.169,+0.960
1585120500,+3.32, +2.035, +0.173,+0.960
1585120560,+3.32, +2.035, +0.172,+0.960
1585120620,+3.32, +2.035, +0.172,+0.960
1585120680,+3.32, +2.035, +0.171,+0.960
1585120740,+3.32, +2.046, +0.169,+0.960
1585120800,+3.32, +2.024, +0.172,+0.960
1585120860,+3.32, +2.013, +0.170,+0.960
1585120920,+3.32, +2.002, +0.171,+0.960
1585120980,+3.32, +2.024, +0.170,+0.960
1585121040,+3.32, +2.002, +0.173,+0.960
1585121100,+3.32, +2.046, +0.170,+0.960
1585121160,+3.32, +2.035, +0.171,+0.960
1585121220,+3.32, +2.035, +0.172,+0.960
1585121280,+3.32, +2.024, +0.170,+0.960
1585121340,+3.32, +2.056, +0.171,+0.960
1585121400,+3.32, +2.002, +0.172,+0.960
1585121460,+3.32, +2.056, +0.169,+0.960
1585121520,+3.32, +2.056, +0.171,+0.960
1585121580,+3.32, +2.035, +0.170,+0.960
1585121640,+3.32, +2.056, +0.171,+0.960
1585121700,+3.32, +2.035, +0.171,+0.960
1585121760,+3.32, +2.013, +0.171,+0.960
1585121820,+3.32, +2.024, +0.171,+0.960
1585121880,+3.32, +2.013, +0.171,+0.960
1585121940,+3.32, +2.013, +0.171,+0.960
1585122000,+3.32, +2.024, +0.174,+0.960
1585122060,+3.32, +2.024, +0.172,+0.960
1585122120,+3.32, +2.013, +0.172,+0.960
1585122180,+3.32, +2.035, +0.173,+0.960
1585122240,+3.31, +2.056, +0.171,+0.960
1585122300,+3.32, +2.035, +0.170,+0.960
1585122360,+3.32, +2.013, +0.171,+0.960
1585122420,+3.32, +2.024, +0.172,+0.960
1585122480,+3.32, +2.024, +0.172,+0.960
1585122540,+3.32, +2.013, +0.170,+0.960
1585122600,+3.32, +2.035, +0.171,+0.960
1585122660,+3.32, +2.035, +0.171,+0.960
1585122720,+3.32, +2.035, +0.170,+0.960
1585122780,+3.32, +2.013, +0.172,+0.960
1585122840,+3.32, +2.035, +0.169,+0.960
1585122900,+3.32, +2.056, +0.171,+0.960
1585122960,+3.32, +2.046, +0.171,+0.960
1585123020,+3.32, +2.046, +0.171,+0.960
1585123080,+3.32, +2.013, +0.172,+0.960
1585123140,+3.32, +1.991, +0.170,+0.960
1585123200,+3.32, +2.024, +0.172,+0.960
1585123260,+3.32, +2.002, +0.171,+0.960
1585123320,+3.32, +2.046, +0.171,+0.960
1585123380,+3.32, +2.024, +0.171,+0.960
1585123440,+3.32, +2.002, +0.171,+0.960
1585123500,+3.32, +2.056, +0.170,+0.960
1585123560,+3.32, +2.024, +0.170,+0.960
1585123620,+3.32, +2.035, +0.169,+0.960
1585123680,+3.32, +2.035, +0.169,+0.960
1585123740,+3.32, +2.024, +0.171,+0.960
1585123800,+3.32, +1.991, +0.172,+0.960
1585123860,+3.32, +2.013, +0.171,+0.960
1585123920,+3.32, +2.013, +0.171,+0.960
1585123980,+3.32, +2.035, +0.171,+0.960
1585124040,+3.32, +2.024, +0.170,+0.960
1585124100,+3.32, +2.002, +0.173,+0.960
1585124160,+3.32, +2.024, +0.171,+0.960
1585124220,+3.32, +2.013, +0.171,+0.960
1585124280,+3.32, +2.035, +0.170,+0.960
1585124340,+3.32, +2.024, +0.169,+0.960
1585124400,+3.32, +2.024, +0.173,+0.960
1585124460,+3.32, +2.002, +0.169,+0.960
1585124520,+3.32, +2.013, +0.171,+0.960
1585124580,+3.32, +2.046, +0.171,+0.960
1585124640,+3.32, +2.024, +0.170,+0.960
1585124700,+3.31, +2.024, +0.170,+0.960
1585124760,+3.32, +2.035, +0.172,+0.960
1585124820,+3.32, +2.013, +0.172,+0.960
1585124880,+3.32, +2.002, +0.170,+0.960
1585124940,+3.32, +2.002, +0.172,+0.960
1585125000,+3.32, +2.024, +0.173,+0.960
1585125060,+3.32, +2.024, +0.171,+0.960
1585125120,+3.32, +2.024, +0.170,+0.960
1585125180,+3.32, +2.002, +0.171,+0.960
1585125240,+3.32, +1.980, +0.172,+0.960
1585125300,+3.32, +2.024, +0.170,+0.960
1585125360,+3.32, +2.035, +0.171,+0.960
1585125420,+3.32, +2.035, +0.171,+0.960
1585125480,+3.32, +2.024, +0.172,+0.960
1585125540,+3.32, +2.002, +0.172,+0.960
1585125600,+3.32, +1.980, +0.172,+0.960
1585125660,+3.32, +2.035, +0.171,+0.960
1585125720,+3.32, +2.024, +0.170,+0.960
1585125780,+3.32, +2.046, +0.168,+0.960
1585125840,+3.32, +2.002, +0.173,+0.960
1585125900,+3.32, +2.013, +0.172,+0.960
1585125960,+3.32, +2.013, +0.171,+0.960
1585126020,+3.32, +2.024, +0.171,+0.960
1585126080,+3.32, +2.002, +0.172,+0.960
1585126140,+3.32, +2.024, +0.170,+0.960
1585126200,+3.32, +2.035, +0.170,+0.960
1585126260,+3.32, +2.035, +0.170,+0.960
1585126320,+3.32, +2.002, +0.170,+0.960
1585126380,+3.32, +2.024, +0.171,+0.960
1585126440,+3.32, +2.056, +0.171,+0.960
1585126500,+3.32, +2.024, +0.172,+0.960
1585126560,+3.32, +2.024, +0.171,+0.960
1585126620,+3.32, +1.991, +0.171,+0.960
1585126680,+3.32, +2.013, +0.170,+0.960
1585126740,+3.32, +2.035, +0.170,+0.960
1585126800,+3.32, +2.024, +0.171,+0.960
1585126860,+3.32, +2.024, +0.172,+0.960
1585126920,+3.32, +2.035, +0.172,+0.960
1585126980,+3.32, +2.024, +0.172,+0.960
1585127040,+3.32, +1.991, +0.173,+0.960
1585127100,+3.32, +2.035, +0.171,+0.960
1585127160,+3.32, +2.024, +0.171,+0.960
1585127220,+3.32, +2.035, +0.172,+0.960
1585127280,+3.32, +2.024, +0.171,+0.960
1585127340,+3.31, +1.991, +0.172,+0.960
1585127400,+3.32, +2.024, +0.171,+0.960
1585127460,+3.32, +2.024, +0.170,+0.960
1585127520,+3.32, +2.024, +0.172,+0.960
1585127580,+3.32, +2.002, +0.169,+0.959
1585127640,+3.32, +2.024, +0.171,+0.960
1585127700,+3.32, +2.024, +0.172,+0.960
1585127760,+3.32, +2.046, +0.170,+0.960
1585127820,+3.32, +2.024, +0.171,+0.960
1585127880,+3.32, +2.013, +0.172,+0.960
1585127940,+3.32, +2.002, +0.171,+0.960
1585128000,+3.32, +2.013, +0.172,+0.960
1585128060,+3.32, +2.046, +0.170,+0.960
1585128120,+3.32, +2.024, +0.170,+0.960
1585128180,+3.32, +2.013, +0.171,+0.960
1585128240,+3.31, +2.013, +0.170,+0.960
1585128300,+3.32, +2.024, +0.170,+0.960
1585128360,+3.32, +2.013, +0.171,+0.960
1585128420,+3.32, +1.991, +0.170,+0.960
1585128480,+3.31, +2.046, +0.169,+0.960
1585128540,+3.32, +2.024, +0.171,+0.960
1585128600,+3.32, +2.046, +0.168,+0.960
1585128660,+3.32, +2.035, +0.171,+0.960
1585128720,+3.32, +2.002, +0.170,+0.960
1585128780,+3.32, +2.013, +0.170,+0.960
1585128840,+3.32, +1.991, +0.172,+0.960
1585128900,+3.32, +2.013, +0.172,+0.960
1585128960,+3.32, +2.013, +0.172,+0.960
1585129020,+3.32, +2.024, +0.169,+0.960
1585129080,+3.32, +2.046, +0.170,+0.960
1585129140,+3.32, +1.980, +0.170,+0.959
1585129200,+3.32, +1.980, +0.171,+0.960
1585129260,+3.32, +2.013, +0.172,+0.960
1585129320,+3.32, +1.904, +0.174,+0.959
1585129380,+3.32, +2.013, +0.170,+0.960
1585129440,+3.32, +1.991, +0.170,+0.960
1585129500,+3.32, +2.035, +0.170,+0.960
1585129560,+3.32, +2.024, +0.171,+0.960
1585129620,+3.32, +2.056, +0.171,+0.960
1585129680,+3.32, +2.002, +0.171,+0.960
1585129740,+3.32, +2.002, +0.170,+0.960
1585129800,+3.32, +2.002, +0.171,+0.960
1585129860,+3.32, +2.024, +0.171,+0.960
1585129920,+3.32, +2.002, +0.172,+0.960
1585129980,+3.32, +1.969, +0.173,+0.960
1585130040,+3.32, +1.969, +0.174,+0.960
1585130100,+3.32, +2.013, +0.170,+0.960
1585130160,+3.32, +2.013, +0.171,+0.960
1585130220,+3.32, +1.991, +0.168,+0.960
1585130280,+3.32, +2.046, +0.171,+0.960
1585130340,+3.32, +1.980, +0.172,+0.960
1585130400,+3.32, +2.024, +0.171,+0.960
1585130460,+3.32, +2.013, +0.170,+0.960
1585130520,+3.32, +2.002, +0.170,+0.960
1585130580,+3.32, +2.024, +0.171,+0.960
1585130640,+3.31, +2.013, +0.170,+0.960
1585130700,+3.32, +2.024, +0.171,+0.960
1585130760,+3.32, +2.046, +0.170,+0.960
1585130820,+3.32, +2.035, +0.171,+0.960
1585130880,+3.32, +2.035, +0.172,+0.960
1585130940,+3.32, +2.046, +0.169,+0.960
1585131000,+3.32, +2.024, +0.171,+0.960
1585131060,+3.32, +2.013, +0.172,+0.960
1585131120,+3.32, +2.046, +0.168,+0.960
1585131180,+3.32, +2.024, +0.170,+0.960
1585131240,+3.32, +2.024, +0.171,+0.960
1585131300,+3.32, +2.046, +0.170,+0.960
1585131360,+3.32, +2.002, +0.171,+0.960
1585131420,+3.32, +2.013, +0.170,+0.960
1585131480,+3.32, +2.002, +0.170,+0.960
1585131540,+3.32, +2.013, +0.172,+0.960
1585131600,+3.32, +2.056, +0.171,+0.960
1585131660,+3.32, +2.024, +0.172,+0.960
1585131720,+3.32, +2.056, +0.169,+0.960
1585131780,+3.32, +2.035, +0.169,+0.960
1585131840,+3.32, +2.024, +0.172,+0.960
1585131900,+3.32, +2.024, +0.172,+0.960
1585131960,+3.32, +2.013, +0.171,+0.960
1585132020,+3.32, +2.002, +0.170,+0.960
1585132080,+3.32, +2.002, +0.169,+0.960
1585132140,+3.32, +2.002, +0.171,+0.960
1585132200,+3.32, +2.002, +0.172,+0.960
1585132260,+3.32, +2.035, +0.171,+0.960
1585132320,+3.32, +2.002, +0.170,+0.960
1585132380,+3.32, +1.991, +0.170,+0.960
1585132440,+3.32, +2.013, +0.170,+0.960
1585132500,+3.32, +1.991, +0.172,+0.960
1585132560,+3.32, +2.013, +0.170,+0.960
1585132620,+3.32, +2.024, +0.172,+0.960
1585132680,+3.32, +2.035, +0.172,+0.960
1585132740,+3.32, +2.002, +0.169,+0.960
1585132800,+3.32, +2.013, +0.171,+0.960
1585132860,+3.32, +2.035, +0.172,+0.960
1585132920,+3.32, +1.991, +0.172,+0.960
1585132980,+3.32, +2.002, +0.170,+0.960
1585133040,+3.32, +2.002, +0.170,+0.960
1585133100,+3.32, +1.980, +0.171,+0.960
1585133160,+3.32, +2.046, +0.170,+0.960
1585133220,+3.32, +2.002, +0.172,+0.960
1585133280,+3.32, +2.002, +0.171,+0.960
1585133340,+3.32, +2.035, +0.170,+0.960
1585133400,+3.32, +1.980, +0.172,+0.960
1585133460,+3.32, +2.002, +0.171,+0.960
1585133520,+3.32, +2.024, +0.171,+0.960
1585133580,+3.32, +2.013, +0.170,+0.960
1585133640,+3.32, +2.013, +0.171,+0.960
1585133700,+3.32, +1.991, +0.171,+0.960
1585133760,+3.32, +2.024, +0.169,+0.960
1585133820,+3.32, +2.002, +0.172,+0.960
1585133880,+3.32, +2.013, +0.171,+0.960
1585133940,+3.32, +2.024, +0.170,+0.960
1585134000,+3.32, +2.002, +0.171,+0.960
1585134060,+3.32, +2.024, +0.171,+0.960
1585134120,+3.32, +2.002, +0.170,+0.960
1585134180,+3.32, +2.002, +0.170,+0.960
1585134240,+3.32, +2.013, +0.172,+0.960
1585134300,+3.32, +2.013, +0.171,+0.960
1585134360,+3.32, +2.002, +0.170,+0.960
1585134420,+3.32, +2.035, +0.171,+0.960
1585134480,+3.32, +2.035, +0.170,+0.960
1585134540,+3.32, +2.024, +0.168,+0.959
1585134600,+3.32, +2.002, +0.171,+0.960
1585134660,+3.32, +1.980, +0.171,+0.960
1585134720,+3.32, +2.035, +0.171,+0.960
1585134780,+3.32, +2.024, +0.172,+0.960
1585134840,+3.32, +2.024, +0.172,+0.960
1585134900,+3.32, +2.002, +0.171,+0.960
1585134960,+3.32, +2.002, +0.171,+0.960
1585135020,+3.32, +2.002, +0.171,+0.960
1585135080,+3.32, +2.024, +0.170,+0.960
1585135140,+3.32, +2.078, +0.170,+0.960
1585135200,+3.32, +1.980, +0.171,+0.960
1585135260,+3.32, +2.013, +0.171,+0.960
1585135320,+3.32, +2.013, +0.172,+0.960
1585135380,+3.32, +2.013, +0.170,+0.960
1585135440,+3.32, +2.002, +0.171,+0.960
1585135500,+3.32, +1.991, +0.171,+0.960
1585135560,+3.32, +2.002, +0.171,+0.959
1585135620,+3.32, +1.991, +0.171,+0.960
1585135680,+3.32, +2.013, +0.171,+0.960
1585135740,+3.32, +2.013, +0.173,+0.960
1585135800,+3.32, +2.024, +0.170,+0.960
1585135860,+3.32, +2.013, +0.170,+0.960
1585135920,+3.32, +2.024, +0.171,+0.960
1585135980,+3.32, +2.002, +0.170,+0.960
1585136040,+3.32, +2.024, +0.172,+0.960
1585136100,+3.32, +2.002, +0.171,+0.960
1585136160,+3.32, +2.013, +0.171,+0.960
1585136220,+3.31, +2.024, +0.172,+0.960
1585136280,+3.31, +2.002, +0.171,+0.960
1585136340,+3.32, +2.024, +0.172,+0.960
1585136400,+3.32, +2.046, +0.169,+0.960
1585136460,+3.32, +2.024, +0.171,+0.960
1585136520,+3.32, +2.013, +0.172,+0.960
1585136580,+3.32, +2.013, +0.170,+0.960
1585136640,+3.32, +2.013, +0.171,+0.960
1585136700,+3.32, +2.002, +0.171,+0.960
1585136760,+3.32, +2.035, +0.171,+0.960
1585136820,+3.32, +2.024, +0.169,+0.960
1585136880,+3.32, +2.067, +0.171,+0.960
1585136940,+3.32, +1.991, +0.171,+0.960
1585137000,+3.32, +1.991, +0.172,+0.960
1585137060,+3.32, +2.035, +0.170,+0.960
1585137120,+3.32, +2.024, +0.172,+0.960
1585137180,+3.32, +2.013, +0.170,+0.960
1585137240,+3.32, +2.035, +0.171,+0.960
1585137300,+3.32, +2.002, +0.172,+0.960
1585137360,+3.32, +2.046, +0.171,+0.960
1585137420,+3.32, +2.013, +0.170,+0.960
1585137480,+3.32, +2.035, +0.170,+0.960
1585137540,+3.32, +2.002, +0.170,+0.960
1585137600,+3.32, +2.013, +0.172,+0.960
1585137660,+3.32, +2.035, +0.171,+0.960
1585137720,+3.32, +2.035, +0.171,+0.960
1585137780,+3.32, +2.024, +0.171,+0.960
1585137840,+3.32, +2.013, +0.172,+0.960
1585137900,+3.32, +2.024, +0.172,+0.960
1585137960,+3.32, +2.024, +0.170,+0.960
1585138020,+3.32, +2.024, +0.171,+0.960
1585138080,+3.32, +2.024, +0.171,+0.960
1585138140,+3.32, +1.980, +0.172,+0.960
1585138200,+3.32, +2.013, +0.172,+0.960
1585138260,+3.32, +2.013, +0.170,+0.960
1585138320,+3.32, +2.035, +0.170,+0.960
1585138380,+3.32, +2.013, +0.173,+0.960
1585138440,+3.32, +2.024, +0.170,+0.960
1585138500,+3.32, +2.013, +0.171,+0.960
1585138560,+3.32, +2.013, +0.171,+0.960
1585138620,+3.32, +2.046, +0.170,+0.960
1585138680,+3.32, +2.013, +0.171,+0.960
1585138740,+3.32, +2.024, +0.170,+0.960
1585138800,+3.32, +2.024, +0.170,+0.960
1585138860,+3.32, +2.013, +0.169,+0.960
1585138920,+3.32, +2.078, +0.170,+0.960
1585138980,+3.32, +2.035, +0.172,+0.960
1585139040,+3.32, +2.067, +0.170,+0.960
1585139100,+3.32, +2.024, +0.171,+0.960
1585139160,+3.32, +2.013, +0.173,+0.960
1585139220,+3.32, +2.035, +0.172,+0.960
1585139280,+3.32, +2.013, +0.170,+0.960
1585139340,+3.32, +2.024, +0.171,+0.960
1585139400,+3.32, +2.046, +0.170,+0.960
1585139460,+3.32, +2.056, +0.171,+0.960
1585139520,+3.32, +2.013, +0.172,+0.960
1585139580,+3.32, +2.024, +0.169,+0.960
1585139640,+3.31, +2.035, +0.168,+0.960
1585139700,+3.32, +1.991, +0.171,+0.960
1585139760,+3.32, +2.035, +0.171,+0.960
1585139820,+3.32, +1.991, +0.171,+0.960
1585139880,+3.32, +2.046, +0.170,+0.960
1585139940,+3.32, +2.024, +0.172,+0.960
1585140000,+3.32, +2.013, +0.171,+0.960
1585140060,+3.32, +2.002, +0.170,+0.960
1585140120,+3.32, +2.013, +0.172,+0.960
1585140180,+3.32, +2.013, +0.171,+0.960
1585140240,+3.32, +2.024, +0.171,+0.960
1585140300,+3.32, +2.013, +0.171,+0.960
1585140360,+3.32, +2.013, +0.170,+0.960
1585140420,+3.32, +2.035, +0.170,+0.960
1585140480,+3.32, +2.035, +0.170,+0.960
1585140540,+3.32, +2.035, +0.171,+0.960
1585140600,+3.32, +2.024, +0.170,+0.960
1585140660,+3.32, +1.991, +0.172,+0.960
1585140720,+3.32, +2.024, +0.171,+0.960
1585140780,+3.32, +2.024, +0.171,+0.960
1585140840,+3.31, +2.035, +0.170,+0.960
1585140900,+3.32, +2.046, +0.169,+0.960
1585140960,+3.32, +2.035, +0.169,+0.960
1585141020,+3.32, +2.035, +0.170,+0.960
1585141080,+3.32, +2.035, +0.171,+0.960
1585141140,+3.32, +2.046, +0.172,+0.960
1585141200,+3.32, +2.089, +0.169,+0.960
1585141260,+3.32, +2.024, +0.171,+0.960
1585141320,+3.32, +1.991, +0.171,+0.960
1585141380,+3.32, +2.035, +0.170,+0.960
1585141440,+3.32, +2.035, +0.172,+0.960
1585141500,+3.32, +2.024, +0.171,+0.960
1585141560,+3.32, +2.024, +0.172,+0.960
1585141620,+3.32, +2.035, +0.170,+0.960
1585141680,+3.32, +2.024, +0.171,+0.960
1585141740,+3.32, +2.002, +0.171,+0.960
1585141800,+3.32, +2.013, +0.171,+0.960
1585141860,+3.32, +2.035, +0.171,+0.960
1585141920,+3.32, +2.056, +0.169,+0.960
1585141980,+3.32, +2.056, +0.171,+0.960
1585142040,+3.32, +2.002, +0.171,+0.960
1585142100,+3.32, +2.046, +0.170,+0.960
1585142160,+3.32, +2.056, +0.171,+0.960
1585142220,+3.32, +2.024, +0.171,+0.960
1585142280,+3.32, +2.056, +0.169,+0.960
1585142340,+3.32, +2.067, +0.170,+0.960
1585142400,+3.32, +2.056, +0.170,+0.960
1585142460,+3.32, +2.035, +0.170,+0.960
1585142520,+3.32, +2.035, +0.169,+0.960
1585142580,+3.31, +2.013, +0.172,+0.960
1585142640,+3.32, +2.035, +0.172,+0.960
1585142700,+3.32, +2.002, +0.170,+0.960
1585142760,+3.32, +2.024, +0.170,+0.960
1585142820,+3.32, +2.024, +0.169,+0.960
1585142880,+3.32, +2.035, +0.170,+0.960
1585142940,+3.32, +2.013, +0.170,+0.960
1585143000,+3.32, +2.067, +0.169,+0.960
1585143060,+3.32, +2.046, +0.171,+0.960
1585143120,+3.32, +2.035, +0.172,+0.960
1585143180,+3.32, +2.046, +0.169,+0.960
1585143240,+3.32, +2.013, +0.170,+0.960
1585143300,+3.32, +2.024, +0.170,+0.960
1585143360,+3.32, +2.024, +0.171,+0.960
1585143420,+3.31, +2.024, +0.169,+0.960
1585143480,+3.32, +2.035, +0.170,+0.960
1585143540,+3.32, +2.046, +0.172,+0.960
1585143600,+3.32, +2.024, +0.171,+0.960
1585143660,+3.32, +2.046, +0.170,+0.960
1585143720,+3.32, +2.035, +0.171,+0.960
1585143780,+3.32, +2.046, +0.169,+0.960
1585143840,+3.32, +2.035, +0.171,+0.960
1585143900,+3.31, +2.035, +0.171,+0.960
1585143960,+3.32, +2.035, +0.169,+0.960
1585144020,+3.32, +2.035, +0.170,+0.960
1585144080,+3.32, +2.024, +0.170,+0.960
1585144140,+3.32, +2.002, +0.169,+0.960
1585144200,+3.32, +2.024, +0.172,+0.960
1585144260,+3.32, +2.013, +0.172,+0.960
1585144320,+3.32, +2.035, +0.170,+0.960
1585144380,+3.32, +2.035, +0.171,+0.960
1585144440,+3.32, +2.013, +0.171,+0.960
1585144500,+3.32, +2.046, +0.170,+0.960
1585144560,+3.32, +2.035, +0.171,+0.960
1585144620,+3.32, +2.024, +0.170,+0.960
1585144680,+3.32, +2.024, +0.171,+0.960
1585144740,+3.32, +2.056, +0.170,+0.960
1585144800,+3.32, +2.035, +0.170,+0.960
1585144860,+3.32, +2.046, +0.170,+0.960
1585144920,+3.32, +2.035, +0.171,+0.960
1585144980,+3.32, +2.046, +0.170,+0.960
1585145040,+3.32, +2.035, +0.172,+0.960
1585145100,+3.32, +2.024, +0.172,+0.960
1585145160,+3.32, +2.046, +0.171,+0.960
1585145220,+3.32, +2.056, +0.169,+0.960
1585145280,+3.32, +2.046, +0.170,+0.960
1585145340,+3.32, +2.024, +0.172,+0.960
1585145400,+3.32, +2.067, +0.170,+0.960
1585145460,+3.32, +2.024, +0.171,+0.960
1585145520,+3.32, +2.035, +0.170,+0.960
1585145580,+3.32, +2.024, +0.170,+0.960
1585145640,+3.32, +2.035, +0.173,+0.960
1585145700,+3.32, +2.002, +0.169,+0.960
1585145760,+3.32, +2.035, +0.170,+0.960
1585145820,+3.32, +2.046, +0.172,+0.960
1585145880,+3.32, +2.035, +0.172,+0.960
1585145940,+3.31, +2.046, +0.171,+0.960
1585146000,+3.32, +2.046, +0.171,+0.960
1585146060,+3.32, +2.056, +0.172,+0.960
1585146120,+3.32, +2.046, +0.171,+0.960
1585146180,+3.32, +2.046, +0.172,+0.960
1585146240,+3.32, +2.024, +0.170,+0.960
1585146300,+3.32, +2.024, +0.170,+0.960
1585146360,+3.32, +2.056, +0.171,+0.960
1585146420,+3.32, +2.035, +0.171,+0.960
1585146480,+3.32, +2.046, +0.171,+0.960
1585146540,+3.32, +2.056, +0.172,+0.960
1585146600,+3.32, +2.056, +0.170,+0.960
1585146660,+3.32, +2.046, +0.171,+0.960
1585146720,+3.32, +2.024, +0.170,+0.960
1585146780,+3.32, +2.056, +0.171,+0.960
1585146840,+3.32, +2.056, +0.171,+0.960
1585146900,+3.32, +2.035, +0.170,+0.960
1585146960,+3.32, +2.046, +0.170,+0.960
1585147020,+3.32, +2.035, +0.172,+0.960
1585147080,+3.32, +2.024, +0.172,+0.960
1585147140,+3.32, +2.046, +0.170,+0.960
1585147200,+3.32, +2.035, +0.172,+0.960
1585147260,+3.32, +2.046, +0.171,+0.960
1585147320,+3.32, +2.035, +0.171,+0.960
1585147380,+3.32, +2.024, +0.171,+0.960
1585147440,+3.32, +2.056, +0.169,+0.960
1585147500,+3.32, +2.035, +0.170,+0.960
1585147560,+3.32, +2.056, +0.170,+0.960
1585147620,+3.32, +2.013, +0.171,+0.960
1585147680,+3.32, +2.046, +0.172,+0.960
1585147740,+3.32, +2.024, +0.170,+0.960
1585147800,+3.32, +2.046, +0.170,+0.960
1585147860,+3.31, +2.056, +0.170,+0.960
1585147920,+3.32, +2.067, +0.171,+0.960
1585147980,+3.32, +2.056, +0.169,+0.960
1585148040,+3.32, +2.078, +0.169,+0.960
1585148100,+3.32, +2.013, +0.172,+0.960
1585148160,+3.32, +2.056, +0.169,+0.960
1585148220,+3.32, +2.078, +0.171,+0.960
1585148280,+3.32, +2.046, +0.171,+0.960
1585148340,+3.32, +2.078, +0.168,+0.960
1585148400,+3.32, +2.035, +0.172,+0.960
1585148460,+3.32, +2.013, +0.171,+0.960
1585148520,+3.32, +2.056, +0.169,+0.960
1585148580,+3.32, +2.067, +0.169,+0.960
1585148640,+3.32, +2.056, +0.171,+0.960
1585148700,+3.32, +2.035, +0.170,+0.960
1585148760,+3.32, +2.056, +0.169,+0.960
1585148820,+3.32, +2.056, +0.170,+0.960
1585148880,+3.32, +2.056, +0.169,+0.960
1585148940,+3.32, +2.024, +0.171,+0.960
1585149000,+3.32, +2.035, +0.170,+0.960
1585149060,+3.32, +2.035, +0.171,+0.960
1585149120,+3.32, +2.035, +0.170,+0.960
1585149180,+3.32, +2.046, +0.171,+0.960
1585149240,+3.32, +2.056, +0.171,+0.960
1585149300,+3.32, +2.046, +0.171,+0.960
1585149360,+3.32, +2.024, +0.170,+0.960
1585149420,+3.32, +2.024, +0.172,+0.960
1585149480,+3.32, +2.046, +0.171,+0.960
1585149540,+3.32, +2.035, +0.171,+0.960
1585149600,+3.31, +2.056, +0.170,+0.960
1585149660,+3.32, +2.035, +0.170,+0.960
1585149720,+3.32, +2.024, +0.171,+0.960
1585149780,+3.32, +2.056, +0.171,+0.960
1585149840,+3.32, +2.035, +0.170,+0.960
1585149900,+3.32, +2.013, +0.171,+0.960
1585149960,+3.32, +2.035, +0.170,+0.960
1585150020,+3.32, +2.035, +0.171,+0.960
1585150080,+3.32, +2.056, +0.169,+0.960
1585150140,+3.32, +2.046, +0.171,+0.960
1585150200,+3.32, +2.035, +0.173,+0.960
1585150260,+3.32, +2.035, +0.172,+0.960
1585150320,+3.32, +2.024, +0.171,+0.960
1585150380,+3.32, +2.035, +0.172,+0.960
1585150440,+3.32, +2.035, +0.172,+0.960
1585150500,+3.32, +2.046, +0.173,+0.960
1585150560,+3.32, +2.056, +0.170,+0.960
1585150620,+3.32, +2.056, +0.172,+0.960
1585150680,+3.32, +2.035, +0.171,+0.960
1585150740,+3.32, +2.024, +0.171,+0.960
1585150800,+3.32, +2.035, +0.172,+0.960
1585150860,+3.32, +2.046, +0.171,+0.960
1585150920,+3.32, +2.035, +0.170,+0.960
1585150980,+3.32, +2.035, +0.171,+0.960
1585151040,+3.32, +2.035, +0.171,+0.960
1585151100,+3.32, +2.024, +0.169,+0.960
1585151160,+3.32, +2.056, +0.171,+0.960
1585151220,+3.32, +2.013, +0.170,+0.960
1585151280,+3.32, +2.024, +0.172,+0.960
1585151340,+3.32, +2.035, +0.170,+0.960
1585151400,+3.32, +2.067, +0.171,+0.960
1585151460,+3.32, +2.046, +0.172,+0.960
1585151520,+3.32, +2.035, +0.170,+0.960
1585151580,+3.32, +2.024, +0.172,+0.960
1585151640,+3.32, +2.035, +0.171,+0.960
1585151700,+3.32, +2.035, +0.170,+0.960
1585151760,+3.32, +2.024, +0.171,+0.960
1585151820,+3.32, +2.035, +0.171,+0.960
1585151880,+3.32, +2.046, +0.171,+0.960
1585151940,+3.31, +2.035, +0.170,+0.960
1585152000,+3.32, +2.035, +0.170,+0.960
1585152060,+3.32, +2.046, +0.173,+0.960
1585152120,+3.32, +2.056, +0.170,+0.960
1585152180,+3.32, +2.056, +0.172,+0.960
1585152240,+3.32, +2.024, +0.173,+0.960
1585152300,+3.32, +2.024, +0.171,+0.960
1585152360,+3.32, +2.035, +0.172,+0.960
1585152420,+3.32, +2.035, +0.171,+0.960
1585152480,+3.32, +2.024, +0.170,+0.960
1585152540,+3.32, +2.002, +0.171,+0.960
1585152600,+3.32, +2.035, +0.171,+0.960
1585152660,+3.32, +2.002, +0.173,+0.960
1585152720,+3.32, +2.035, +0.169,+0.960
1585152780,+3.32, +2.046, +0.171,+0.960
1585152840,+3.32, +2.013, +0.172,+0.960
1585152900,+3.32, +2.056, +0.171,+0.960
1585152960,+3.32, +2.035, +0.170,+0.960
1585153020,+3.32, +2.046, +0.169,+0.960
1585153080,+3.32, +2.024, +0.170,+0.959
1585153140,+3.32, +2.035, +0.171,+0.960
1585153200,+3.32, +2.046, +0.174,+0.960
1585153260,+3.32, +2.056, +0.170,+0.960
1585153320,+3.32, +2.035, +0.172,+0.960
1585153380,+3.32, +2.046, +0.172,+0.960
1585153440,+3.32, +2.024, +0.172,+0.960
1585153500,+3.32, +2.024, +0.172,+0.960
1585153560,+3.32, +2.056, +0.170,+0.960
1585153620,+3.32, +2.035, +0.170,+0.960
1585153680,+3.32, +2.024, +0.170,+0.960
1585153740,+3.32, +2.024, +0.169,+0.960
1585153800,+3.32, +2.056, +0.170,+0.960
1585153860,+3.32, +2.024, +0.171,+0.960
1585153920,+3.32, +2.035, +0.172,+0.960
1585153980,+3.32, +2.035, +0.171,+0.960
1585154040,+3.32, +2.035, +0.171,+0.960
1585154100,+3.32, +2.046, +0.169,+0.960
1585154160,+3.32, +2.013, +0.172,+0.960
1585154220,+3.32, +2.035, +0.171,+0.960
1585154280,+3.32, +2.024, +0.171,+0.960
1585154340,+3.32, +2.056, +0.171,+0.960
1585154400,+3.32, +2.046, +0.171,+0.960
1585154460,+3.32, +2.046, +0.171,+0.960
1585154520,+3.31, +2.056, +0.171,+0.960
1585154580,+3.32, +2.002, +0.171,+0.960
1585154640,+3.32, +2.024, +0.171,+0.960
1585154700,+3.32, +2.067, +0.170,+0.960
1585154760,+3.31, +2.046, +0.171,+0.960
1585154820,+3.32, +2.013, +0.170,+0.960
1585154880,+3.32, +2.056, +0.170,+0.960
1585154940,+3.31, +2.046, +0.169,+0.960
1585155000,+3.31, +2.056, +0.170,+0.960
1585155060,+3.31, +2.056, +0.170,+0.960
1585155120,+3.32, +2.035, +0.173,+0.960
1585155180,+3.32, +2.046, +0.171,+0.960
1585155240,+3.32, +2.024, +0.170,+0.960
1585155300,+3.32, +2.035, +0.171,+0.960
1585155360,+3.32, +2.024, +0.171,+0.960
1585155420,+3.32, +2.046, +0.170,+0.960
1585155480,+3.32, +2.046, +0.171,+0.960
1585155540,+3.31, +2.046, +0.171,+0.960
1585155600,+3.32, +2.024, +0.171,+0.960
1585155660,+3.32, +2.046, +0.169,+0.960
1585155720,+3.32, +2.013, +0.170,+0.960
1585155780,+3.32, +2.111, +0.168,+0.960
1585155840,+3.32, +2.035, +0.170,+0.960
1585155900,+3.32, +2.046, +0.172,+0.960
1585155960,+3.32, +2.035, +0.171,+0.960
1585156020,+3.32, +2.024, +0.172,+0.960
1585156080,+3.32, +2.002, +0.172,+0.960
1585156140,+3.31, +2.035, +0.171,+0.960
1585156200,+3.32, +2.035, +0.171,+0.960
1585156260,+3.32, +2.024, +0.171,+0.960
1585156320,+3.32, +2.024, +0.172,+0.960
1585156380,+3.32, +2.035, +0.170,+0.960
1585156440,+3.32, +2.024, +0.171,+0.960
1585156500,+3.32, +2.046, +0.170,+0.960
1585156560,+3.32, +2.056, +0.170,+0.960
1585156620,+3.31, +2.089, +0.171,+0.960
1585156680,+3.32, +2.056, +0.171,+0.960
1585156740,+3.32, +2.035, +0.172,+0.960
1585156800,+3.32, +2.002, +0.171,+0.960
1585156860,+3.32, +2.013, +0.169,+0.960
1585156920,+3.32, +2.013, +0.171,+0.960
1585156980,+3.32, +2.046, +0.170,+0.960
1585157040,+3.32, +2.024, +0.170,+0.960
1585157100,+3.32, +2.013, +0.171,+0.960
1585157160,+3.32, +2.024, +0.171,+0.960
1585157220,+3.32, +2.035, +0.171,+0.960
1585157280,+3.32, +2.056, +0.170,+0.960
1585157340,+3.32, +2.035, +0.172,+0.960
1585157400,+3.32, +2.024, +0.171,+0.960
1585157460,+3.32, +2.024, +0.172,+0.960
1585157520,+3.32, +2.024, +0.171,+0.960
1585157580,+3.32, +2.024, +0.169,+0.960
1585157640,+3.32, +2.035, +0.172,+0.960
1585157700,+3.32, +2.035, +0.170,+0.960
1585157760,+3.32, +2.035, +0.170,+0.960
1585157820,+3.32, +2.035, +0.170,+0.960
1585157880,+3.32, +2.035, +0.170,+0.960
1585157940,+3.32, +2.035, +0.170,+0.960
1585158000,+3.32, +2.024, +0.170,+0.960
1585158060,+3.32, +2.024, +0.171,+0.960
1585158120,+3.32, +2.056, +0.170,+0.960
1585158180,+3.32, +2.035, +0.171,+0.960
1585158240,+3.32, +2.024, +0.172,+0.960
1585158300,+3.32, +2.035, +0.170,+0.960
1585158360,+3.32, +2.046, +0.170,+0.960
1585158420,+3.32, +2.024, +0.169,+0.960
1585158480,+3.32, +2.035, +0.170,+0.960
1585158540,+3.32, +2.024, +0.171,+0.960
1585158600,+3.32, +2.013, +0.173,+0.960
1585158660,+3.32, +2.013, +0.171,+0.960
1585158720,+3.32, +2.035, +0.170,+0.960
1585158780,+3.32, +2.035, +0.171,+0.960
1585158840,+3.32, +2.035, +0.170,+0.960
1585158900,+3.32, +2.035, +0.172,+0.960
1585158960,+3.32, +2.024, +0.170,+0.960
1585159020,+3.32, +2.002, +0.170,+0.960
1585159080,+3.32, +2.046, +0.169,+0.960
1585159140,+3.32, +2.035, +0.171,+0.960
1585159200,+3.32, +2.024, +0.170,+0.960
1585159260,+3.32, +2.035, +0.170,+0.960
1585159320,+3.31, +2.024, +0.171,+0.960
1585159380,+3.32, +2.024, +0.169,+0.960
1585159440,+3.32, +2.035, +0.171,+0.960
1585159500,+3.31, +2.035, +0.170,+0.960
1585159560,+3.32, +2.013, +0.172,+0.960
1585159620,+3.31, +2.013, +0.171,+0.960
1585159680,+3.32, +2.046, +0.171,+0.960
1585159740,+3.32, +2.046, +0.172,+0.960
1585159800,+3.31, +2.046, +0.170,+0.960
1585159860,+3.32, +2.046, +0.170,+0.960
1585159920,+3.32, +2.035, +0.171,+0.960
1585159980,+3.32, +2.002, +0.171,+0.960
1585160040,+3.32, +2.024, +0.170,+0.960
1585160100,+3.32, +2.035, +0.171,+0.960
1585160160,+3.32, +2.035, +0.170,+0.960
1585160220,+3.31, +2.046, +0.171,+0.960
1585160280,+3.32, +2.013, +0.171,+0.960
1585160340,+3.32, +2.035, +0.168,+0.960
1585160400,+3.32, +2.035, +0.172,+0.960
1585160460,+3.32, +2.013, +0.172,+0.960
1585160520,+3.32, +2.002, +0.173,+0.960
1585160580,+3.32, +2.002, +0.171,+0.960
1585160640,+3.32, +2.035, +0.168,+0.959
1585160700,+3.32, +2.035, +0.170,+0.960
1585160760,+3.32, +2.046, +0.169,+0.960
1585160820,+3.32, +2.024, +0.171,+0.960
1585160880,+3.32, +2.035, +0.169,+0.960
1585160940,+3.32, +2.013, +0.170,+0.960
1585161000,+3.32, +2.013, +0.171,+0.960
1585161060,+3.32, +2.024, +0.171,+0.960
1585161120,+3.32, +2.002, +0.173,+0.960
1585161180,+3.32, +2.035, +0.171,+0.960
1585161240,+3.32, +2.067, +0.170,+0.960
1585161300,+3.32, +2.046, +0.170,+0.960
1585161360,+3.32, +2.035, +0.170,+0.960
1585161420,+3.32, +2.067, +0.169,+0.960
1585161480,+3.31, +2.035, +0.169,+0.960
1585161540,+3.32, +2.024, +0.169,+0.960
1585161600,+3.32, +2.056, +0.171,+0.960
1585161660,+3.32, +2.046, +0.169,+0.960
1585161720,+3.32, +2.024, +0.169,+0.960
1585161780,+3.32, +2.035, +0.171,+0.960
1585161840,+3.32, +2.024, +0.170,+0.960
1585161900,+3.32, +2.035, +0.171,+0.960
1585161960,+3.32, +2.056, +0.171,+0.960
1585162020,+3.32, +2.002, +0.172,+0.960
1585162080,+3.32, +2.013, +0.171,+0.960
1585162140,+3.32, +2.024, +0.171,+0.960
1585162200,+3.32, +2.024, +0.170,+0.960
1585162260,+3.32, +2.013, +0.170,+0.960
1585162320,+3.32, +2.002, +0.169,+0.960
1585162380,+3.32, +2.024, +0.171,+0.960
1585162440,+3.32, +2.046, +0.170,+0.960
1585162500,+3.32, +2.056, +0.170,+0.960
1585162560,+3.32, +2.013, +0.173,+0.960
1585162620,+3.32, +2.013, +0.170,+0.960
1585162680,+3.31, +2.024, +0.170,+0.960
1585162740,+3.31, +2.002, +0.170,+0.960
1585162800,+3.32, +2.013, +0.171,+0.960
1585162860,+3.32, +2.046, +0.170,+0.960
1585162920,+3.32, +2.035, +0.171,+0.960
1585162980,+3.32, +2.013, +0.171,+0.960
1585163040,+3.32, +2.013, +0.173,+0.960
1585163100,+3.32, +2.002, +0.170,+0.960
1585163160,+3.32, +2.013, +0.170,+0.960
1585163220,+3.32, +2.035, +0.170,+0.960
1585163280,+3.32, +2.035, +0.171,+0.960
1585163340,+3.32, +2.035, +0.171,+0.960
1585163400,+3.32, +2.056, +0.171,+0.960
1585163460,+3.32, +2.024, +0.169,+0.960
1585163520,+3.32, +2.024, +0.171,+0.960
1585163580,+3.32, +2.067, +0.170,+0.960
1585163640,+3.32, +2.035, +0.171,+0.960
1585163700,+3.32, +2.035, +0.170,+0.960
1585163760,+3.32, +2.024, +0.170,+0.960
1585163820,+3.32, +2.013, +0.171,+0.960
1585163880,+3.32, +2.046, +0.169,+0.960
1585163940,+3.32, +2.035, +0.170,+0.960
1585164000,+3.31, +2.002, +0.173,+0.960
1585164060,+3.32, +2.013, +0.171,+0.960
1585164120,+3.32, +2.035, +0.170,+0.960
1585164180,+3.32, +2.013, +0.170,+0.960
1585164240,+3.32, +2.002, +0.171,+0.960
1585164300,+3.32, +2.046, +0.170,+0.960
1585164360,+3.32, +2.024, +0.171,+0.960
1585164420,+3.31, +2.024, +0.171,+0.960
1585164480,+3.32, +2.046, +0.171,+0.960
1585164540,+3.32, +2.035, +0.170,+0.960
1585164600,+3.32, +2.024, +0.171,+0.960
1585164660,+3.32, +2.013, +0.172,+0.960
1585164720,+3.32, +2.024, +0.170,+0.960
1585164780,+3.32, +2.013, +0.171,+0.960
1585164840,+3.32, +2.002, +0.171,+0.960
1585164900,+3.32, +2.024, +0.171,+0.960
1585164960,+3.32, +2.002, +0.170,+0.959
1585165020,+3.32, +2.013, +0.171,+0.960
1585165080,+3.32, +2.013, +0.170,+0.960
1585165140,+3.32, +2.024, +0.170,+0.960
1585165200,+3.32, +2.035, +0.171,+0.960
1585165260,+3.31, +2.046, +0.170,+0.960
1585165320,+3.32, +2.013, +0.173,+0.960
1585165380,+3.32, +2.024, +0.171,+0.960
1585165440,+3.32, +2.067, +0.169,+0.960
1585165500,+3.32, +2.046, +0.170,+0.960
1585165560,+3.32, +2.089, +0.170,+0.960
1585165620,+3.32, +2.046, +0.171,+0.960
1585165680,+3.32, +2.013, +0.172,+0.960
1585165740,+3.32, +2.024, +0.170,+0.960
1585165800,+3.31, +2.035, +0.168,+0.960
1585165860,+3.32, +1.980, +0.172,+0.960
1585165920,+3.32, +2.035, +0.172,+0.960
1585165980,+3.32, +2.035, +0.171,+0.960
1585166040,+3.32, +2.002, +0.171,+0.960
1585166100,+3.32, +2.013, +0.170,+0.960
1585166160,+3.32, +2.013, +0.170,+0.960
1585166220,+3.31, +2.035, +0.171,+0.960
1585166280,+3.32, +2.013, +0.170,+0.960
1585166340,+3.32, +2.035, +0.171,+0.960
1585166400,+3.32, +2.046, +0.170,+0.960
1585166460,+3.32, +2.078, +0.168,+0.960
1585166520,+3.32, +2.035, +0.172,+0.960
1585166580,+3.32, +2.035, +0.172,+0.960
1585166640,+3.31, +2.024, +0.173,+0.960
1585166700,+3.32, +2.024, +0.170,+0.960
1585166760,+3.32, +2.035, +0.170,+0.960
1585166820,+3.32, +2.035, +0.170,+0.960
1585166880,+3.32, +2.035, +0.171,+0.960
1585166940,+3.32, +2.013, +0.171,+0.960
1585167000,+3.32, +2.035, +0.173,+0.960
1585167060,+3.32, +1.991, +0.171,+0.960
1585167120,+3.32, +2.035, +0.170,+0.960
1585167180,+3.32, +2.035, +0.171,+0.960
1585167240,+3.31, +2.002, +0.171,+0.960
1585167300,+3.32, +2.002, +0.170,+0.960
1585167360,+3.32, +2.056, +0.168,+0.960
1585167420,+3.32, +2.024, +0.170,+0.960
1585167480,+3.32, +2.013, +0.173,+0.960
1585167540,+3.32, +2.035, +0.170,+0.960
1585167600,+3.32, +2.046, +0.168,+0.960
1585167660,+3.32, +2.046, +0.170,+0.960
1585167720,+3.32, +2.035, +0.172,+0.960
1585167780,+3.32, +2.056, +0.170,+0.960
1585167840,+3.32, +2.024, +0.170,+0.960
1585167900,+3.32, +1.991, +0.172,+0.960
1585167960,+3.32, +2.035, +0.170,+0.960
1585168020,+3.32, +2.046, +0.171,+0.960
1585168080,+3.32, +2.035, +0.170,+0.960
1585168140,+3.32, +1.991, +0.171,+0.960
1585168200,+3.32, +2.013, +0.171,+0.960
1585168260,+3.32, +2.024, +0.169,+0.960
1585168320,+3.31, +2.046, +0.171,+0.960
1585168380,+3.32, +2.024, +0.171,+0.960
1585168440,+3.32, +2.035, +0.170,+0.960
1585168500,+3.32, +2.056, +0.170,+0.960
1585168560,+3.32, +2.046, +0.170,+0.960
1585168620,+3.32, +1.991, +0.170,+0.960
1585168680,+3.32, +2.013, +0.173,+0.960
1585168740,+3.32, +2.035, +0.171,+0.960
1585168800,+3.32, +2.024, +0.171,+0.960
1585168860,+3.32, +1.991, +0.171,+0.960
1585168920,+3.32, +2.024, +0.172,+0.960
1585168980,+3.32, +2.013, +0.171,+0.960
1585169040,+3.32, +2.035, +0.171,+0.960
1585169100,+3.32, +2.024, +0.171,+0.960
1585169160,+3.32, +2.013, +0.172,+0.960
1585169220,+3.32, +2.035, +0.171,+0.960
1585169280,+3.31, +2.024, +0.170,+0.960
1585169340,+3.32, +2.024, +0.170,+0.960
1585169400,+3.32, +2.078, +0.168,+0.960
