7392-570653
OS REV: 1.11 Sensor Cal: 1428445788
Time (sec),  BV (Volts),  T (deg C),  DO (mg/l),  Q ()
1578257460,+3.35, +3.331, +0.160,+0.959
1578257520,+3.35, +3.320, +0.162,+0.959
1578257580,+3.35, +3.352, +0.161,+0.960
1578257640,+3.35, +3.320, +0.160,+0.960
1578257700,+3.35, +3.320, +0.161,+0.960
1578257760,+3.35, +3.352, +0.160,+0.960
1578257820,+3.35, +3.352, +0.161,+0.960
1578257880,+3.35, +3.320, +0.161,+0.960
1578257940,+3.35, +3.310, +0.162,+0.960
1578258000,+3.35, +3.352, +0.160,+0.960
1578258060,+3.35, +3.352, +0.162,+0.960
1578258120,+3.35, +3.363, +0.161,+0.960
1578258180,+3.35, +3.352, +0.160,+0.960
1578258240,+3.35, +3.341, +0.160,+0.960
1578258300,+3.35, +3.331, +0.161,+0.960
1578258360,+3.35, +3.352, +0.159,+0.959
1578258420,+3.35, +3.352, +0.159,+0.960
1578258480,+3.35, +3.331, +0.161,+0.960
1578258540,+3.35, +3.352, +0.160,+0.959
1578258600,+3.35, +3.352, +0.159,+0.960
1578258660,+3.35, +3.363, +0.159,+0.960
1578258720,+3.35, +3.352, +0.160,+0.960
1578258780,+3.35, +3.352, +0.160,+0.960
1578258840,+3.35, +3.331, +0.159,+0.959
1578258900,+3.35, +3.405, +0.160,+0.960
1578258960,+3.35, +3.341, +0.162,+0.960
1578259020,+3.35, +3.331, +0.159,+0.960
1578259080,+3.35, +3.352, +0.160,+0.960
1578259140,+3.35, +3.363, +0.160,+0.960
1578259200,+3.35, +3.363, +0.160,+0.960
1578259260,+3.35, +3.341, +0.161,+0.960
1578259320,+3.35, +3.310, +0.158,+0.959
1578259380,+3.35, +3.373, +0.161,+0.960
1578259440,+3.35, +3.352, +0.161,+0.960
1578259500,+3.35, +3.341, +0.162,+0.960
1578259560,+3.35, +3.352, +0.160,+0.959
1578259620,+3.35, +3.373, +0.161,+0.960
1578259680,+3.35, +3.331, +0.162,+0.960
1578259740,+3.35, +3.331, +0.161,+0.960
1578259800,+3.35, +3.331, +0.160,+0.960
1578259860,+3.35, +3.352, +0.161,+0.960
1578259920,+3.35, +3.341, +0.160,+0.960
1578259980,+3.35, +3.310, +0.161,+0.960
1578260040,+3.35, +3.341, +0.161,+0.960
1578260100,+3.35, +3.352, +0.160,+0.960
1578260160,+3.35, +3.310, +0.160,+0.960
1578260220,+3.35, +3.363, +0.158,+0.959
1578260280,+3.35, +3.352, +0.161,+0.960
1578260340,+3.35, +3.341, +0.161,+0.960
1578260400,+3.35, +3.373, +0.160,+0.960
1578260460,+3.35, +3.341, +0.162,+0.960
1578260520,+3.35, +3.320, +0.159,+0.959
1578260580,+3.35, +3.331, +0.160,+0.960
1578260640,+3.35, +3.341, +0.159,+0.960
1578260700,+3.35, +3.384, +0.157,+0.960
1578260760,+3.35, +3.331, +0.159,+0.960
1578260820,+3.35, +3.331, +0.161,+0.960
1578260880,+3.35, +3.341, +0.161,+0.960
1578260940,+3.35, +3.341, +0.159,+0.960
1578261000,+3.35, +3.341, +0.161,+0.960
1578261060,+3.35, +3.331, +0.160,+0.960
1578261120,+3.35, +3.341, +0.161,+0.960
1578261180,+3.35, +3.363, +0.158,+0.960
1578261240,+3.35, +3.352, +0.161,+0.960
1578261300,+3.35, +3.331, +0.159,+0.959
1578261360,+3.35, +3.320, +0.160,+0.960
1578261420,+3.35, +3.352, +0.160,+0.960
1578261480,+3.35, +3.341, +0.159,+0.960
1578261540,+3.35, +3.310, +0.160,+0.960
1578261600,+3.35, +3.352, +0.161,+0.960
1578261660,+3.35, +3.331, +0.161,+0.960
1578261720,+3.35, +3.320, +0.160,+0.960
1578261780,+3.35, +3.331, +0.161,+0.960
1578261840,+3.35, +3.331, +0.158,+0.960
1578261900,+3.35, +3.331, +0.161,+0.960
1578261960,+3.35, +3.341, +0.161,+0.960
1578262020,+3.35, +3.363, +0.160,+0.960
1578262080,+3.35, +3.320, +0.161,+0.960
1578262140,+3.35, +3.341, +0.160,+0.960
1578262200,+3.35, +3.341, +0.160,+0.960
1578262260,+3.35, +3.373, +0.161,+0.960
1578262320,+3.35, +3.320, +0.160,+0.960
1578262380,+3.35, +3.352, +0.159,+0.959
1578262440,+3.35, +3.331, +0.161,+0.960
1578262500,+3.35, +3.352, +0.160,+0.960
1578262560,+3.35, +3.331, +0.160,+0.960
1578262620,+3.35, +3.363, +0.161,+0.960
1578262680,+3.35, +3.341, +0.161,+0.960
1578262740,+3.35, +3.341, +0.160,+0.960
1578262800,+3.35, +3.352, +0.159,+0.959
1578262860,+3.35, +3.331, +0.161,+0.959
1578262920,+3.35, +3.331, +0.160,+0.960
1578262980,+3.35, +3.320, +0.161,+0.960
1578263040,+3.35, +3.363, +0.160,+0.960
1578263100,+3.35, +3.331, +0.161,+0.960
1578263160,+3.35, +3.341, +0.160,+0.959
1578263220,+3.35, +3.331, +0.159,+0.960
1578263280,+3.35, +3.352, +0.159,+0.960
1578263340,+3.35, +3.310, +0.160,+0.959
1578263400,+3.35, +3.341, +0.160,+0.960
1578263460,+3.35, +3.331, +0.159,+0.959
1578263520,+3.35, +3.331, +0.159,+0.959
1578263580,+3.35, +3.320, +0.160,+0.960
1578263640,+3.35, +3.341, +0.161,+0.960
1578263700,+3.35, +3.373, +0.161,+0.960
1578263760,+3.35, +3.331, +0.161,+0.960
1578263820,+3.35, +3.341, +0.161,+0.960
1578263880,+3.35, +3.320, +0.161,+0.960
1578263940,+3.35, +3.331, +0.161,+0.960
1578264000,+3.35, +3.352, +0.161,+0.960
1578264060,+3.35, +3.341, +0.159,+0.960
1578264120,+3.35, +3.341, +0.162,+0.960
1578264180,+3.35, +3.352, +0.160,+0.960
1578264240,+3.35, +3.341, +0.160,+0.960
1578264300,+3.35, +3.320, +0.159,+0.959
1578264360,+3.35, +3.341, +0.160,+0.960
1578264420,+3.35, +3.341, +0.160,+0.960
1578264480,+3.35, +3.341, +0.161,+0.960
1578264540,+3.35, +3.331, +0.160,+0.960
1578264600,+3.35, +3.331, +0.160,+0.960
1578264660,+3.35, +3.352, +0.161,+0.960
1578264720,+3.35, +3.373, +0.160,+0.960
1578264780,+3.35, +3.341, +0.160,+0.960
1578264840,+3.35, +3.352, +0.161,+0.960
1578264900,+3.35, +3.341, +0.161,+0.960
1578264960,+3.35, +3.341, +0.160,+0.960
1578265020,+3.35, +3.331, +0.161,+0.960
1578265080,+3.35, +3.341, +0.160,+0.960
1578265140,+3.35, +3.331, +0.159,+0.959
1578265200,+3.35, +3.352, +0.160,+0.960
1578265260,+3.35, +3.341, +0.160,+0.960
1578265320,+3.35, +3.341, +0.159,+0.960
1578265380,+3.35, +3.320, +0.160,+0.960
1578265440,+3.35, +3.341, +0.160,+0.960
1578265500,+3.35, +3.320, +0.159,+0.960
1578265560,+3.35, +3.363, +0.160,+0.960
1578265620,+3.35, +3.310, +0.160,+0.960
1578265680,+3.35, +3.331, +0.159,+0.959
1578265740,+3.35, +3.363, +0.159,+0.960
1578265800,+3.35, +3.352, +0.161,+0.960
1578265860,+3.35, +3.363, +0.161,+0.960
1578265920,+3.35, +3.341, +0.161,+0.960
1578265980,+3.35, +3.331, +0.160,+0.960
1578266040,+3.35, +3.341, +0.160,+0.960
1578266100,+3.35, +3.299, +0.161,+0.960
1578266160,+3.35, +3.341, +0.158,+0.959
1578266220,+3.35, +3.331, +0.160,+0.960
1578266280,+3.35, +3.331, +0.160,+0.959
1578266340,+3.35, +3.352, +0.159,+0.960
1578266400,+3.35, +3.341, +0.160,+0.960
1578266460,+3.35, +3.310, +0.160,+0.960
1578266520,+3.35, +3.331, +0.160,+0.960
1578266580,+3.35, +3.331, +0.160,+0.960
1578266640,+3.35, +3.352, +0.161,+0.960
1578266700,+3.35, +3.320, +0.161,+0.960
1578266760,+3.35, +3.310, +0.161,+0.960
1578266820,+3.35, +3.341, +0.161,+0.960
1578266880,+3.35, +3.331, +0.160,+0.960
1578266940,+3.35, +3.341, +0.160,+0.960
1578267000,+3.35, +3.363, +0.158,+0.959
1578267060,+3.35, +3.331, +0.159,+0.959
1578267120,+3.35, +3.331, +0.160,+0.960
1578267180,+3.35, +3.341, +0.160,+0.960
1578267240,+3.35, +3.331, +0.160,+0.960
1578267300,+3.35, +3.310, +0.161,+0.960
1578267360,+3.35, +3.299, +0.160,+0.959
1578267420,+3.35, +3.352, +0.159,+0.960
1578267480,+3.35, +3.341, +0.162,+0.960
1578267540,+3.35, +3.341, +0.160,+0.960
1578267600,+3.35, +3.341, +0.160,+0.960
1578267660,+3.35, +3.341, +0.160,+0.960
1578267720,+3.35, +3.341, +0.161,+0.960
1578267780,+3.35, +3.352, +0.160,+0.960
1578267840,+3.35, +3.278, +0.162,+0.960
1578267900,+3.35, +3.341, +0.160,+0.960
1578267960,+3.35, +3.320, +0.161,+0.960
1578268020,+3.35, +3.320, +0.162,+0.960
1578268080,+3.35, +3.331, +0.162,+0.960
1578268140,+3.35, +3.331, +0.160,+0.960
1578268200,+3.35, +3.363, +0.159,+0.960
1578268260,+3.35, +3.384, +0.160,+0.960
1578268320,+3.35, +3.341, +0.160,+0.960
1578268380,+3.35, +3.331, +0.160,+0.960
1578268440,+3.35, +3.341, +0.159,+0.960
1578268500,+3.35, +3.341, +0.159,+0.960
1578268560,+3.35, +3.352, +0.159,+0.960
1578268620,+3.35, +3.352, +0.159,+0.960
1578268680,+3.35, +3.341, +0.160,+0.960
1578268740,+3.35, +3.299, +0.161,+0.960
1578268800,+3.35, +3.331, +0.159,+0.959
1578268860,+3.35, +3.320, +0.160,+0.959
1578268920,+3.35, +3.352, +0.161,+0.960
1578268980,+3.35, +3.341, +0.160,+0.960
1578269040,+3.35, +3.331, +0.161,+0.960
1578269100,+3.35, +3.320, +0.162,+0.960
1578269160,+3.35, +3.341, +0.160,+0.960
1578269220,+3.35, +3.310, +0.160,+0.959
1578269280,+3.35, +3.341, +0.160,+0.959
1578269340,+3.35, +3.331, +0.160,+0.960
1578269400,+3.35, +3.341, +0.162,+0.960
1578269460,+3.35, +3.352, +0.161,+0.960
1578269520,+3.35, +3.352, +0.158,+0.959
1578269580,+3.35, +3.363, +0.160,+0.960
1578269640,+3.35, +3.341, +0.161,+0.960
1578269700,+3.35, +3.310, +0.160,+0.960
1578269760,+3.35, +3.331, +0.160,+0.960
1578269820,+3.35, +3.331, +0.161,+0.960
1578269880,+3.35, +3.320, +0.161,+0.959
1578269940,+3.35, +3.320, +0.161,+0.960
1578270000,+3.35, +3.331, +0.161,+0.959
1578270060,+3.35, +3.352, +0.162,+0.960
1578270120,+3.35, +3.341, +0.161,+0.960
1578270180,+3.35, +3.341, +0.160,+0.960
1578270240,+3.35, +3.352, +0.160,+0.960
1578270300,+3.35, +3.341, +0.160,+0.960
1578270360,+3.35, +3.341, +0.160,+0.960
1578270420,+3.35, +3.352, +0.160,+0.960
1578270480,+3.35, +3.352, +0.159,+0.960
1578270540,+3.35, +3.363, +0.161,+0.960
1578270600,+3.35, +3.352, +0.159,+0.960
1578270660,+3.35, +3.320, +0.159,+0.960
1578270720,+3.35, +3.331, +0.160,+0.960
1578270780,+3.35, +3.341, +0.160,+0.960
1578270840,+3.35, +3.331, +0.160,+0.959
1578270900,+3.35, +3.352, +0.162,+0.960
1578270960,+3.35, +3.331, +0.160,+0.960
1578271020,+3.35, +3.352, +0.160,+0.960
1578271080,+3.35, +3.331, +0.162,+0.960
1578271140,+3.35, +3.341, +0.159,+0.959
1578271200,+3.35, +3.341, +0.160,+0.960
1578271260,+3.35, +3.341, +0.161,+0.960
1578271320,+3.35, +3.352, +0.160,+0.960
1578271380,+3.35, +3.310, +0.160,+0.960
1578271440,+3.35, +3.363, +0.160,+0.960
1578271500,+3.35, +3.299, +0.160,+0.959
1578271560,+3.35, +3.310, +0.162,+0.960
1578271620,+3.35, +3.363, +0.160,+0.960
1578271680,+3.35, +3.341, +0.160,+0.960
1578271740,+3.35, +3.320, +0.161,+0.959
1578271800,+3.35, +3.320, +0.162,+0.960
1578271860,+3.35, +3.341, +0.160,+0.960
1578271920,+3.35, +3.384, +0.159,+0.960
1578271980,+3.35, +3.341, +0.160,+0.960
1578272040,+3.35, +3.331, +0.159,+0.959
1578272100,+3.35, +3.341, +0.160,+0.960
1578272160,+3.35, +3.341, +0.161,+0.960
1578272220,+3.35, +3.352, +0.160,+0.960
1578272280,+3.35, +3.352, +0.160,+0.960
1578272340,+3.35, +3.352, +0.160,+0.960
1578272400,+3.35, +3.352, +0.160,+0.960
1578272460,+3.35, +3.341, +0.161,+0.960
1578272520,+3.35, +3.310, +0.159,+0.959
1578272580,+3.35, +3.310, +0.162,+0.959
1578272640,+3.35, +3.331, +0.160,+0.960
1578272700,+3.35, +3.341, +0.160,+0.960
1578272760,+3.35, +3.341, +0.161,+0.960
1578272820,+3.35, +3.341, +0.159,+0.960
1578272880,+3.35, +3.289, +0.161,+0.959
1578272940,+3.35, +3.341, +0.158,+0.960
1578273000,+3.35, +3.341, +0.159,+0.960
1578273060,+3.35, +3.341, +0.160,+0.960
1578273120,+3.35, +3.363, +0.161,+0.960
1578273180,+3.35, +3.331, +0.162,+0.960
1578273240,+3.35, +3.320, +0.160,+0.959
1578273300,+3.35, +3.352, +0.161,+0.960
1578273360,+3.35, +3.341, +0.161,+0.960
1578273420,+3.35, +3.341, +0.160,+0.960
1578273480,+3.35, +3.341, +0.160,+0.960
1578273540,+3.35, +3.320, +0.161,+0.959
1578273600,+3.35, +3.341, +0.160,+0.960
1578273660,+3.35, +3.341, +0.161,+0.960
1578273720,+3.35, +3.331, +0.160,+0.960
1578273780,+3.35, +3.331, +0.160,+0.959
1578273840,+3.35, +3.341, +0.158,+0.959
1578273900,+3.35, +3.373, +0.159,+0.960
1578273960,+3.35, +3.331, +0.160,+0.960
1578274020,+3.35, +3.341, +0.158,+0.959
1578274080,+3.35, +3.352, +0.161,+0.960
1578274140,+3.35, +3.320, +0.160,+0.959
1578274200,+3.35, +3.341, +0.160,+0.960
1578274260,+3.35, +3.352, +0.160,+0.959
1578274320,+3.35, +3.341, +0.159,+0.960
1578274380,+3.35, +3.352, +0.160,+0.960
1578274440,+3.35, +3.331, +0.160,+0.960
1578274500,+3.35, +3.352, +0.160,+0.960
1578274560,+3.35, +3.331, +0.161,+0.960
1578274620,+3.35, +3.320, +0.160,+0.960
1578274680,+3.35, +3.331, +0.159,+0.960
1578274740,+3.35, +3.341, +0.160,+0.960
1578274800,+3.35, +3.320, +0.161,+0.960
1578274860,+3.35, +3.341, +0.161,+0.960
1578274920,+3.35, +3.341, +0.159,+0.959
1578274980,+3.35, +3.331, +0.160,+0.959
1578275040,+3.35, +3.341, +0.161,+0.960
1578275100,+3.35, +3.363, +0.161,+0.960
1578275160,+3.35, +3.352, +0.160,+0.960
1578275220,+3.35, +3.363, +0.159,+0.960
1578275280,+3.35, +3.320, +0.160,+0.960
1578275340,+3.35, +3.352, +0.161,+0.960
1578275400,+3.35, +3.341, +0.161,+0.960
1578275460,+3.35, +3.341, +0.160,+0.960
1578275520,+3.35, +3.341, +0.160,+0.960
1578275580,+3.35, +3.320, +0.161,+0.960
1578275640,+3.35, +3.373, +0.160,+0.960
1578275700,+3.35, +3.352, +0.161,+0.960
1578275760,+3.35, +3.331, +0.159,+0.959
1578275820,+3.35, +3.352, +0.160,+0.959
1578275880,+3.35, +3.331, +0.161,+0.960
1578275940,+3.35, +3.331, +0.161,+0.960
1578276000,+3.35, +3.331, +0.161,+0.960
1578276060,+3.35, +3.363, +0.159,+0.960
1578276120,+3.35, +3.331, +0.160,+0.960
1578276180,+3.35, +3.352, +0.159,+0.960
1578276240,+3.35, +3.352, +0.161,+0.960
1578276300,+3.35, +3.352, +0.159,+0.960
1578276360,+3.35, +3.331, +0.159,+0.960
1578276420,+3.35, +3.352, +0.161,+0.960
1578276480,+3.35, +3.331, +0.161,+0.960
1578276540,+3.35, +3.341, +0.161,+0.960
1578276600,+3.35, +3.341, +0.161,+0.960
1578276660,+3.35, +3.341, +0.159,+0.960
1578276720,+3.35, +3.310, +0.162,+0.960
1578276780,+3.35, +3.331, +0.160,+0.960
1578276840,+3.35, +3.363, +0.160,+0.960
1578276900,+3.35, +3.352, +0.159,+0.960
1578276960,+3.35, +3.352, +0.160,+0.960
1578277020,+3.35, +3.331, +0.160,+0.959
1578277080,+3.35, +3.331, +0.160,+0.959
1578277140,+3.35, +3.320, +0.161,+0.960
1578277200,+3.35, +3.289, +0.161,+0.959
1578277260,+3.35, +3.352, +0.160,+0.960
1578277320,+3.35, +3.331, +0.162,+0.960
1578277380,+3.35, +3.331, +0.161,+0.960
1578277440,+3.35, +3.352, +0.159,+0.960
1578277500,+3.35, +3.341, +0.161,+0.960
1578277560,+3.35, +3.331, +0.160,+0.960
1578277620,+3.35, +3.352, +0.160,+0.960
1578277680,+3.35, +3.341, +0.160,+0.960
1578277740,+3.35, +3.310, +0.160,+0.960
1578277800,+3.35, +3.320, +0.159,+0.959
1578277860,+3.35, +3.320, +0.159,+0.960
1578277920,+3.35, +3.320, +0.161,+0.960
1578277980,+3.35, +3.320, +0.160,+0.960
1578278040,+3.35, +3.394, +0.157,+0.960
1578278100,+3.35, +3.352, +0.160,+0.960
1578278160,+3.35, +3.331, +0.159,+0.959
1578278220,+3.35, +3.331, +0.161,+0.960
1578278280,+3.35, +3.331, +0.161,+0.960
1578278340,+3.35, +3.352, +0.161,+0.960
1578278400,+3.35, +3.341, +0.159,+0.960
1578278460,+3.35, +3.341, +0.162,+0.960
1578278520,+3.35, +3.341, +0.160,+0.960
1578278580,+3.35, +3.352, +0.160,+0.960
1578278640,+3.35, +3.363, +0.159,+0.959
1578278700,+3.35, +3.341, +0.160,+0.960
1578278760,+3.35, +3.320, +0.160,+0.959
1578278820,+3.35, +3.363, +0.159,+0.960
1578278880,+3.35, +3.331, +0.159,+0.959
1578278940,+3.35, +3.341, +0.160,+0.960
1578279000,+3.35, +3.341, +0.159,+0.960
1578279060,+3.35, +3.320, +0.161,+0.960
1578279120,+3.35, +3.320, +0.160,+0.959
1578279180,+3.35, +3.352, +0.160,+0.960
1578279240,+3.35, +3.331, +0.160,+0.959
1578279300,+3.35, +3.331, +0.159,+0.960
1578279360,+3.35, +3.352, +0.159,+0.960
1578279420,+3.35, +3.331, +0.162,+0.960
1578279480,+3.35, +3.363, +0.160,+0.960
1578279540,+3.35, +3.310, +0.160,+0.960
1578279600,+3.35, +3.352, +0.161,+0.960
1578279660,+3.35, +3.299, +0.163,+0.960
1578279720,+3.35, +3.352, +0.160,+0.960
1578279780,+3.35, +3.352, +0.160,+0.960
1578279840,+3.35, +3.352, +0.159,+0.960
1578279900,+3.35, +3.331, +0.160,+0.960
1578279960,+3.35, +3.341, +0.162,+0.960
1578280020,+3.35, +3.352, +0.161,+0.960
1578280080,+3.35, +3.352, +0.161,+0.960
1578280140,+3.35, +3.320, +0.160,+0.959
1578280200,+3.35, +3.341, +0.162,+0.960
1578280260,+3.35, +3.341, +0.160,+0.960
1578280320,+3.35, +3.341, +0.159,+0.959
1578280380,+3.35, +3.341, +0.162,+0.960
1578280440,+3.35, +3.363, +0.158,+0.960
1578280500,+3.35, +3.352, +0.159,+0.960
1578280560,+3.35, +3.331, +0.159,+0.960
1578280620,+3.35, +3.352, +0.159,+0.959
1578280680,+3.35, +3.310, +0.160,+0.959
1578280740,+3.35, +3.405, +0.159,+0.960
1578280800,+3.35, +3.341, +0.159,+0.960
1578280860,+3.35, +3.341, +0.161,+0.960
1578280920,+3.35, +3.352, +0.161,+0.960
1578280980,+3.35, +3.331, +0.161,+0.960
1578281040,+3.35, +3.341, +0.160,+0.959
1578281100,+3.35, +3.331, +0.161,+0.960
1578281160,+3.35, +3.341, +0.160,+0.960
1578281220,+3.35, +3.341, +0.159,+0.959
1578281280,+3.35, +3.331, +0.159,+0.959
1578281340,+3.35, +3.341, +0.161,+0.960
1578281400,+3.35, +3.341, +0.161,+0.960
1578281460,+3.35, +3.352, +0.159,+0.960
1578281520,+3.35, +3.320, +0.162,+0.960
1578281580,+3.35, +3.331, +0.162,+0.960
1578281640,+3.35, +3.341, +0.160,+0.960
1578281700,+3.35, +3.363, +0.159,+0.960
1578281760,+3.35, +3.320, +0.160,+0.960
1578281820,+3.35, +3.320, +0.162,+0.960
1578281880,+3.35, +3.331, +0.162,+0.960
1578281940,+3.35, +3.268, +0.160,+0.959
1578282000,+3.35, +3.341, +0.161,+0.960
1578282060,+3.35, +3.352, +0.160,+0.960
1578282120,+3.35, +3.352, +0.161,+0.960
1578282180,+3.35, +3.341, +0.160,+0.960
1578282240,+3.35, +3.320, +0.161,+0.960
1578282300,+3.35, +3.331, +0.160,+0.960
1578282360,+3.35, +3.331, +0.161,+0.960
1578282420,+3.35, +3.363, +0.160,+0.960
1578282480,+3.35, +3.341, +0.160,+0.959
1578282540,+3.35, +3.320, +0.160,+0.960
1578282600,+3.35, +3.341, +0.160,+0.960
1578282660,+3.35, +3.352, +0.161,+0.960
1578282720,+3.35, +3.320, +0.159,+0.959
1578282780,+3.35, +3.331, +0.160,+0.960
1578282840,+3.35, +3.320, +0.161,+0.960
1578282900,+3.35, +3.352, +0.159,+0.959
1578282960,+3.35, +3.331, +0.160,+0.959
1578283020,+3.35, +3.341, +0.161,+0.960
1578283080,+3.35, +3.331, +0.160,+0.960
1578283140,+3.35, +3.320, +0.161,+0.959
1578283200,+3.35, +3.331, +0.160,+0.960
1578283260,+3.35, +3.352, +0.161,+0.960
1578283320,+3.35, +3.310, +0.159,+0.959
1578283380,+3.35, +3.341, +0.161,+0.960
1578283440,+3.35, +3.331, +0.160,+0.960
1578283500,+3.35, +3.310, +0.161,+0.960
1578283560,+3.35, +3.363, +0.160,+0.960
1578283620,+3.35, +3.320, +0.160,+0.960
1578283680,+3.35, +3.331, +0.159,+0.960
1578283740,+3.35, +3.331, +0.162,+0.960
1578283800,+3.35, +3.352, +0.160,+0.960
1578283860,+3.35, +3.352, +0.160,+0.960
1578283920,+3.35, +3.341, +0.159,+0.960
1578283980,+3.35, +3.341, +0.160,+0.960
1578284040,+3.35, +3.331, +0.161,+0.960
1578284100,+3.35, +3.341, +0.161,+0.960
1578284160,+3.35, +3.363, +0.159,+0.960
1578284220,+3.35, +3.341, +0.159,+0.960
1578284280,+3.35, +3.331, +0.161,+0.960
1578284340,+3.35, +3.331, +0.159,+0.959
1578284400,+3.35, +3.341, +0.159,+0.960
1578284460,+3.35, +3.405, +0.158,+0.960
1578284520,+3.35, +3.341, +0.161,+0.960
1578284580,+3.35, +3.320, +0.161,+0.960
1578284640,+3.35, +3.352, +0.160,+0.960
1578284700,+3.35, +3.352, +0.160,+0.960
1578284760,+3.35, +3.331, +0.160,+0.960
1578284820,+3.35, +3.341, +0.159,+0.959
1578284880,+3.35, +3.352, +0.160,+0.960
1578284940,+3.35, +3.352, +0.159,+0.960
1578285000,+3.35, +3.352, +0.161,+0.960
1578285060,+3.35, +3.352, +0.159,+0.960
1578285120,+3.35, +3.352, +0.160,+0.960
1578285180,+3.35, +3.331, +0.159,+0.959
1578285240,+3.35, +3.352, +0.159,+0.960
1578285300,+3.35, +3.352, +0.159,+0.960
1578285360,+3.35, +3.341, +0.161,+0.960
1578285420,+3.35, +3.363, +0.159,+0.960
1578285480,+3.35, +3.331, +0.159,+0.960
1578285540,+3.35, +3.320, +0.160,+0.959
1578285600,+3.35, +3.278, +0.162,+0.959
1578285660,+3.35, +3.331, +0.161,+0.960
1578285720,+3.35, +3.352, +0.161,+0.960
1578285780,+3.35, +3.331, +0.162,+0.960
1578285840,+3.35, +3.341, +0.160,+0.960
1578285900,+3.35, +3.331, +0.161,+0.960
1578285960,+3.35, +3.331, +0.160,+0.960
1578286020,+3.35, +3.320, +0.160,+0.960
1578286080,+3.35, +3.341, +0.160,+0.960
1578286140,+3.35, +3.320, +0.160,+0.959
1578286200,+3.35, +3.331, +0.159,+0.960
1578286260,+3.35, +3.320, +0.160,+0.959
1578286320,+3.35, +3.310, +0.160,+0.959
1578286380,+3.35, +3.352, +0.160,+0.960
1578286440,+3.35, +3.320, +0.159,+0.959
1578286500,+3.35, +3.341, +0.160,+0.960
1578286560,+3.35, +3.331, +0.161,+0.960
1578286620,+3.35, +3.341, +0.160,+0.960
1578286680,+3.35, +3.320, +0.160,+0.960
1578286740,+3.35, +3.341, +0.160,+0.960
1578286800,+3.35, +3.373, +0.160,+0.960
1578286860,+3.35, +3.352, +0.158,+0.960
1578286920,+3.35, +3.352, +0.160,+0.960
1578286980,+3.35, +3.320, +0.162,+0.960
1578287040,+3.35, +3.352, +0.160,+0.960
1578287100,+3.35, +3.352, +0.160,+0.960
1578287160,+3.35, +3.352, +0.160,+0.960
1578287220,+3.35, +3.320, +0.161,+0.960
1578287280,+3.35, +3.331, +0.162,+0.960
1578287340,+3.35, +3.341, +0.161,+0.960
1578287400,+3.35, +3.341, +0.159,+0.960
1578287460,+3.35, +3.331, +0.161,+0.960
1578287520,+3.35, +3.341, +0.159,+0.960
1578287580,+3.35, +3.341, +0.158,+0.959
1578287640,+3.35, +3.341, +0.162,+0.960
1578287700,+3.35, +3.320, +0.160,+0.960
1578287760,+3.35, +3.320, +0.162,+0.960
1578287820,+3.35, +3.320, +0.160,+0.959
1578287880,+3.35, +3.341, +0.162,+0.960
1578287940,+3.35, +3.341, +0.159,+0.960
1578288000,+3.35, +3.341, +0.161,+0.960
1578288060,+3.35, +3.341, +0.160,+0.960
1578288120,+3.35, +3.331, +0.160,+0.959
1578288180,+3.35, +3.341, +0.159,+0.959
1578288240,+3.35, +3.331, +0.161,+0.959
1578288300,+3.35, +3.352, +0.160,+0.960
1578288360,+3.35, +3.341, +0.159,+0.960
1578288420,+3.35, +3.341, +0.160,+0.960
1578288480,+3.35, +3.352, +0.159,+0.960
1578288540,+3.35, +3.352, +0.160,+0.960
1578288600,+3.35, +3.352, +0.161,+0.960
1578288660,+3.35, +3.331, +0.161,+0.960
1578288720,+3.35, +3.341, +0.161,+0.960
1578288780,+3.35, +3.341, +0.159,+0.960
1578288840,+3.35, +3.352, +0.160,+0.960
1578288900,+3.35, +3.331, +0.160,+0.959
1578288960,+3.35, +3.331, +0.159,+0.959
1578289020,+3.35, +3.341, +0.160,+0.960
1578289080,+3.35, +3.352, +0.160,+0.960
1578289140,+3.35, +3.341, +0.160,+0.960
1578289200,+3.35, +3.352, +0.161,+0.960
1578289260,+3.35, +3.341, +0.160,+0.960
1578289320,+3.35, +3.363, +0.160,+0.960
1578289380,+3.35, +3.341, +0.159,+0.959
1578289440,+3.35, +3.310, +0.161,+0.960
1578289500,+3.35, +3.363, +0.161,+0.960
1578289560,+3.35, +3.331, +0.162,+0.960
1578289620,+3.35, +3.373, +0.160,+0.960
1578289680,+3.35, +3.331, +0.162,+0.960
1578289740,+3.35, +3.352, +0.162,+0.960
1578289800,+3.35, +3.363, +0.161,+0.960
1578289860,+3.35, +3.331, +0.159,+0.960
1578289920,+3.35, +3.320, +0.162,+0.960
1578289980,+3.35, +3.331, +0.160,+0.960
1578290040,+3.35, +3.310, +0.160,+0.960
1578290100,+3.35, +3.331, +0.160,+0.960
1578290160,+3.35, +3.320, +0.162,+0.960
1578290220,+3.35, +3.341, +0.159,+0.960
1578290280,+3.35, +3.331, +0.161,+0.960
1578290340,+3.35, +3.320, +0.161,+0.960
1578290400,+3.35, +3.320, +0.160,+0.960
1578290460,+3.35, +3.341, +0.159,+0.960
1578290520,+3.35, +3.352, +0.160,+0.959
1578290580,+3.35, +3.352, +0.161,+0.960
1578290640,+3.35, +3.331, +0.162,+0.960
1578290700,+3.35, +3.341, +0.161,+0.960
1578290760,+3.35, +3.341, +0.161,+0.960
1578290820,+3.35, +3.363, +0.159,+0.960
1578290880,+3.35, +3.352, +0.160,+0.960
1578290940,+3.35, +3.320, +0.161,+0.960
1578291000,+3.35, +3.310, +0.160,+0.960
1578291060,+3.35, +3.341, +0.160,+0.960
1578291120,+3.35, +3.341, +0.159,+0.960
1578291180,+3.35, +3.331, +0.161,+0.960
1578291240,+3.35, +3.331, +0.158,+0.959
1578291300,+3.35, +3.331, +0.161,+0.960
1578291360,+3.35, +3.310, +0.162,+0.960
1578291420,+3.35, +3.352, +0.159,+0.960
1578291480,+3.35, +3.331, +0.160,+0.959
1578291540,+3.35, +3.341, +0.160,+0.960
1578291600,+3.35, +3.331, +0.159,+0.959
1578291660,+3.35, +3.352, +0.160,+0.960
1578291720,+3.35, +3.363, +0.160,+0.960
1578291780,+3.35, +3.331, +0.160,+0.960
1578291840,+3.35, +3.320, +0.160,+0.959
1578291900,+3.35, +3.341, +0.159,+0.960
1578291960,+3.35, +3.341, +0.160,+0.960
1578292020,+3.35, +3.341, +0.161,+0.960
1578292080,+3.35, +3.341, +0.159,+0.960
1578292140,+3.35, +3.310, +0.162,+0.959
1578292200,+3.35, +3.341, +0.161,+0.960
1578292260,+3.35, +3.373, +0.159,+0.960
1578292320,+3.35, +3.320, +0.159,+0.959
1578292380,+3.35, +3.320, +0.160,+0.960
1578292440,+3.35, +3.331, +0.158,+0.959
1578292500,+3.35, +3.331, +0.160,+0.959
1578292560,+3.35, +3.310, +0.161,+0.960
1578292620,+3.35, +3.331, +0.160,+0.960
1578292680,+3.35, +3.341, +0.161,+0.960
1578292740,+3.35, +3.341, +0.160,+0.960
1578292800,+3.35, +3.331, +0.160,+0.960
1578292860,+3.35, +3.341, +0.160,+0.960
1578292920,+3.35, +3.373, +0.157,+0.960
1578292980,+3.35, +3.384, +0.159,+0.960
1578293040,+3.35, +3.341, +0.160,+0.960
1578293100,+3.35, +3.331, +0.160,+0.960
1578293160,+3.35, +3.341, +0.158,+0.960
1578293220,+3.35, +3.341, +0.159,+0.960
1578293280,+3.35, +3.341, +0.158,+0.960
1578293340,+3.35, +3.331, +0.162,+0.960
1578293400,+3.35, +3.341, +0.161,+0.960
1578293460,+3.35, +3.320, +0.161,+0.960
1578293520,+3.35, +3.331, +0.161,+0.960
1578293580,+3.35, +3.352, +0.161,+0.960
1578293640,+3.35, +3.341, +0.163,+0.960
1578293700,+3.35, +3.320, +0.160,+0.959
1578293760,+3.35, +3.352, +0.159,+0.960
1578293820,+3.35, +3.289, +0.160,+0.959
1578293880,+3.35, +3.331, +0.161,+0.960
1578293940,+3.35, +3.352, +0.159,+0.960
1578294000,+3.35, +3.352, +0.160,+0.960
1578294060,+3.35, +3.331, +0.159,+0.960
1578294120,+3.35, +3.341, +0.160,+0.960
1578294180,+3.35, +3.320, +0.160,+0.960
1578294240,+3.35, +3.341, +0.160,+0.960
1578294300,+3.35, +3.363, +0.161,+0.960
1578294360,+3.35, +3.310, +0.159,+0.959
1578294420,+3.35, +3.310, +0.160,+0.960
1578294480,+3.35, +3.341, +0.158,+0.960
1578294540,+3.35, +3.320, +0.162,+0.960
1578294600,+3.35, +3.341, +0.161,+0.960
1578294660,+3.35, +3.341, +0.160,+0.960
1578294720,+3.35, +3.320, +0.162,+0.960
1578294780,+3.35, +3.341, +0.160,+0.960
1578294840,+3.35, +3.320, +0.160,+0.959
1578294900,+3.35, +3.341, +0.159,+0.960
1578294960,+3.35, +3.331, +0.159,+0.960
1578295020,+3.35, +3.310, +0.159,+0.959
1578295080,+3.35, +3.320, +0.161,+0.959
1578295140,+3.35, +3.310, +0.162,+0.960
1578295200,+3.35, +3.352, +0.160,+0.960
1578295260,+3.35, +3.352, +0.159,+0.960
1578295320,+3.35, +3.341, +0.161,+0.960
1578295380,+3.35, +3.341, +0.161,+0.960
1578295440,+3.35, +3.341, +0.160,+0.960
1578295500,+3.35, +3.341, +0.160,+0.960
1578295560,+3.35, +3.331, +0.161,+0.960
1578295620,+3.35, +3.363, +0.161,+0.960
1578295680,+3.35, +3.352, +0.162,+0.960
1578295740,+3.35, +3.331, +0.161,+0.960
1578295800,+3.35, +3.331, +0.159,+0.959
1578295860,+3.35, +3.341, +0.159,+0.959
1578295920,+3.35, +3.352, +0.159,+0.960
1578295980,+3.35, +3.331, +0.160,+0.959
1578296040,+3.35, +3.331, +0.161,+0.960
1578296100,+3.35, +3.341, +0.159,+0.960
1578296160,+3.35, +3.341, +0.160,+0.960
1578296220,+3.35, +3.352, +0.161,+0.960
1578296280,+3.35, +3.320, +0.161,+0.960
1578296340,+3.35, +3.331, +0.159,+0.960
1578296400,+3.35, +3.341, +0.161,+0.960
1578296460,+3.35, +3.341, +0.160,+0.960
1578296520,+3.35, +3.352, +0.159,+0.960
1578296580,+3.35, +3.331, +0.158,+0.959
1578296640,+3.35, +3.320, +0.161,+0.959
1578296700,+3.35, +3.289, +0.162,+0.960
1578296760,+3.35, +3.352, +0.159,+0.960
1578296820,+3.35, +3.320, +0.160,+0.960
1578296880,+3.35, +3.352, +0.160,+0.960
1578296940,+3.35, +3.310, +0.160,+0.959
1578297000,+3.35, +3.341, +0.161,+0.960
1578297060,+3.35, +3.331, +0.162,+0.960
1578297120,+3.35, +3.352, +0.163,+0.960
1578297180,+3.35, +3.341, +0.159,+0.960
1578297240,+3.35, +3.341, +0.161,+0.960
1578297300,+3.35, +3.341, +0.160,+0.960
1578297360,+3.35, +3.373, +0.160,+0.960
1578297420,+3.35, +3.352, +0.159,+0.960
1578297480,+3.35, +3.341, +0.160,+0.960
1578297540,+3.35, +3.352, +0.158,+0.960
1578297600,+3.35, +3.320, +0.160,+0.959
1578297660,+3.35, +3.341, +0.159,+0.960
1578297720,+3.35, +3.320, +0.161,+0.960
1578297780,+3.35, +3.341, +0.161,+0.960
1578297840,+3.35, +3.363, +0.160,+0.960
1578297900,+3.35, +3.341, +0.161,+0.960
1578297960,+3.35, +3.331, +0.161,+0.960
1578298020,+3.35, +3.331, +0.161,+0.960
1578298080,+3.35, +3.352, +0.160,+0.960
1578298140,+3.35, +3.363, +0.162,+0.960
1578298200,+3.35, +3.352, +0.161,+0.960
1578298260,+3.35, +3.320, +0.160,+0.959
1578298320,+3.35, +3.320, +0.161,+0.960
1578298380,+3.35, +3.331, +0.161,+0.960
1578298440,+3.35, +3.331, +0.160,+0.960
1578298500,+3.35, +3.331, +0.160,+0.960
1578298560,+3.35, +3.320, +0.160,+0.959
1578298620,+3.35, +3.341, +0.161,+0.960
1578298680,+3.35, +3.331, +0.159,+0.960
1578298740,+3.35, +3.341, +0.160,+0.960
1578298800,+3.35, +3.341, +0.160,+0.960
1578298860,+3.35, +3.352, +0.160,+0.960
1578298920,+3.35, +3.341, +0.161,+0.960
1578298980,+3.35, +3.331, +0.159,+0.959
1578299040,+3.35, +3.341, +0.161,+0.960
1578299100,+3.35, +3.341, +0.158,+0.959
1578299160,+3.35, +3.331, +0.161,+0.960
1578299220,+3.35, +3.363, +0.162,+0.960
1578299280,+3.35, +3.331, +0.160,+0.960
1578299340,+3.35, +3.341, +0.160,+0.960
1578299400,+3.35, +3.331, +0.161,+0.960
1578299460,+3.35, +3.352, +0.159,+0.960
1578299520,+3.35, +3.352, +0.161,+0.960
1578299580,+3.35, +3.341, +0.161,+0.960
1578299640,+3.35, +3.363, +0.159,+0.959
1578299700,+3.35, +3.331, +0.158,+0.959
1578299760,+3.35, +3.341, +0.162,+0.960
1578299820,+3.35, +3.352, +0.160,+0.960
1578299880,+3.35, +3.341, +0.159,+0.960
1578299940,+3.35, +3.320, +0.160,+0.960
1578300000,+3.35, +3.331, +0.160,+0.960
1578300060,+3.35, +3.341, +0.159,+0.960
1578300120,+3.35, +3.363, +0.160,+0.960
1578300180,+3.35, +3.341, +0.159,+0.960
1578300240,+3.35, +3.341, +0.159,+0.959
1578300300,+3.35, +3.363, +0.160,+0.960
1578300360,+3.35, +3.341, +0.160,+0.960
1578300420,+3.35, +3.341, +0.162,+0.960
1578300480,+3.35, +3.331, +0.160,+0.960
1578300540,+3.35, +3.341, +0.159,+0.960
1578300600,+3.35, +3.299, +0.160,+0.960
1578300660,+3.35, +3.299, +0.162,+0.960
1578300720,+3.35, +3.341, +0.158,+0.960
1578300780,+3.35, +3.320, +0.160,+0.960
1578300840,+3.35, +3.341, +0.159,+0.959
1578300900,+3.35, +3.341, +0.159,+0.959
1578300960,+3.35, +3.331, +0.160,+0.959
1578301020,+3.35, +3.331, +0.160,+0.960
1578301080,+3.35, +3.331, +0.159,+0.960
1578301140,+3.35, +3.352, +0.161,+0.960
1578301200,+3.35, +3.331, +0.162,+0.960
1578301260,+3.35, +3.331, +0.160,+0.960
1578301320,+3.35, +3.352, +0.160,+0.960
1578301380,+3.35, +3.363, +0.160,+0.960
1578301440,+3.35, +3.363, +0.160,+0.960
1578301500,+3.35, +3.352, +0.161,+0.960
1578301560,+3.35, +3.373, +0.159,+0.960
1578301620,+3.35, +3.341, +0.160,+0.960
1578301680,+3.35, +3.341, +0.159,+0.959
1578301740,+3.35, +3.352, +0.160,+0.960
1578301800,+3.35, +3.341, +0.159,+0.960
1578301860,+3.35, +3.331, +0.161,+0.960
1578301920,+3.35, +3.331, +0.161,+0.960
1578301980,+3.35, +3.320, +0.160,+0.959
1578302040,+3.35, +3.341, +0.160,+0.960
1578302100,+3.35, +3.320, +0.160,+0.959
1578302160,+3.35, +3.310, +0.160,+0.960
1578302220,+3.35, +3.341, +0.159,+0.959
1578302280,+3.35, +3.341, +0.161,+0.960
1578302340,+3.35, +3.331, +0.160,+0.960
1578302400,+3.35, +3.341, +0.160,+0.960
1578302460,+3.35, +3.320, +0.161,+0.960
1578302520,+3.35, +3.341, +0.161,+0.960
1578302580,+3.35, +3.331, +0.160,+0.960
1578302640,+3.35, +3.310, +0.159,+0.959
1578302700,+3.35, +3.320, +0.159,+0.959
1578302760,+3.35, +3.363, +0.160,+0.960
1578302820,+3.35, +3.341, +0.161,+0.960
1578302880,+3.35, +3.320, +0.160,+0.959
1578302940,+3.35, +3.331, +0.162,+0.960
1578303000,+3.35, +3.341, +0.160,+0.960
1578303060,+3.35, +3.331, +0.160,+0.959
1578303120,+3.35, +3.320, +0.160,+0.959
1578303180,+3.35, +3.363, +0.161,+0.960
1578303240,+3.35, +3.341, +0.160,+0.960
1578303300,+3.35, +3.373, +0.159,+0.960
1578303360,+3.35, +3.320, +0.161,+0.960
1578303420,+3.35, +3.341, +0.161,+0.960
1578303480,+3.35, +3.331, +0.161,+0.960
1578303540,+3.35, +3.352, +0.160,+0.960
1578303600,+3.35, +3.331, +0.159,+0.959
1578303660,+3.35, +3.331, +0.161,+0.960
1578303720,+3.35, +3.331, +0.161,+0.960
1578303780,+3.35, +3.352, +0.161,+0.960
1578303840,+3.35, +3.341, +0.161,+0.960
1578303900,+3.35, +3.341, +0.159,+0.960
1578303960,+3.35, +3.341, +0.161,+0.960
1578304020,+3.35, +3.331, +0.161,+0.960
1578304080,+3.35, +3.289, +0.160,+0.959
1578304140,+3.35, +3.320, +0.160,+0.960
1578304200,+3.35, +3.341, +0.161,+0.960
1578304260,+3.35, +3.341, +0.161,+0.960
1578304320,+3.35, +3.341, +0.159,+0.960
1578304380,+3.35, +3.341, +0.160,+0.960
1578304440,+3.35, +3.352, +0.159,+0.959
1578304500,+3.35, +3.331, +0.158,+0.959
1578304560,+3.35, +3.352, +0.159,+0.959
1578304620,+3.35, +3.341, +0.159,+0.959
1578304680,+3.35, +3.341, +0.161,+0.960
1578304740,+3.35, +3.310, +0.161,+0.960
1578304800,+3.35, +3.352, +0.160,+0.959
1578304860,+3.35, +3.331, +0.160,+0.959
1578304920,+3.35, +3.341, +0.160,+0.959
1578304980,+3.35, +3.341, +0.160,+0.960
1578305040,+3.35, +3.299, +0.162,+0.960
1578305100,+3.35, +3.363, +0.160,+0.960
1578305160,+3.35, +3.331, +0.160,+0.960
1578305220,+3.35, +3.341, +0.158,+0.959
1578305280,+3.35, +3.352, +0.160,+0.960
1578305340,+3.35, +3.331, +0.160,+0.960
1578305400,+3.35, +3.320, +0.160,+0.959
1578305460,+3.35, +3.341, +0.160,+0.960
1578305520,+3.35, +3.331, +0.160,+0.960
1578305580,+3.35, +3.352, +0.159,+0.960
1578305640,+3.35, +3.320, +0.160,+0.960
1578305700,+3.35, +3.352, +0.160,+0.960
1578305760,+3.35, +3.341, +0.160,+0.960
1578305820,+3.35, +3.331, +0.161,+0.960
1578305880,+3.35, +3.341, +0.161,+0.960
1578305940,+3.35, +3.320, +0.161,+0.960
1578306000,+3.35, +3.331, +0.160,+0.960
1578306060,+3.35, +3.331, +0.160,+0.960
1578306120,+3.35, +3.331, +0.161,+0.960
1578306180,+3.35, +3.341, +0.160,+0.960
1578306240,+3.35, +3.352, +0.162,+0.960
1578306300,+3.35, +3.363, +0.160,+0.960
1578306360,+3.35, +3.268, +0.159,+0.959
1578306420,+3.35, +3.320, +0.160,+0.960
1578306480,+3.35, +3.320, +0.161,+0.960
1578306540,+3.35, +3.320, +0.161,+0.960
1578306600,+3.35, +3.341, +0.160,+0.960
1578306660,+3.35, +3.352, +0.161,+0.960
1578306720,+3.35, +3.331, +0.160,+0.960
1578306780,+3.35, +3.352, +0.160,+0.960
1578306840,+3.35, +3.341, +0.161,+0.960
1578306900,+3.35, +3.320, +0.161,+0.960
1578306960,+3.35, +3.341, +0.160,+0.960
1578307020,+3.35, +3.352, +0.162,+0.960
1578307080,+3.35, +3.341, +0.161,+0.960
1578307140,+3.35, +3.331, +0.160,+0.960
1578307200,+3.35, +3.363, +0.159,+0.960
1578307260,+3.35, +3.310, +0.161,+0.960
1578307320,+3.35, +3.331, +0.161,+0.960
1578307380,+3.35, +3.331, +0.161,+0.960
1578307440,+3.35, +3.341, +0.158,+0.959
1578307500,+3.35, +3.320, +0.160,+0.960
1578307560,+3.35, +3.320, +0.161,+0.960
1578307620,+3.35, +3.331, +0.160,+0.959
1578307680,+3.34, +3.331, +0.161,+0.960
1578307740,+3.35, +3.331, +0.159,+0.960
1578307800,+3.35, +3.352, +0.160,+0.960
1578307860,+3.35, +3.341, +0.160,+0.960
1578307920,+3.35, +3.341, +0.159,+0.959
1578307980,+3.35, +3.320, +0.161,+0.959
1578308040,+3.35, +3.341, +0.161,+0.960
1578308100,+3.35, +3.363, +0.161,+0.960
1578308160,+3.35, +3.341, +0.160,+0.959
1578308220,+3.35, +3.331, +0.160,+0.959
1578308280,+3.35, +3.384, +0.160,+0.960
1578308340,+3.35, +3.320, +0.161,+0.960
1578308400,+3.35, +3.352, +0.160,+0.959
1578308460,+3.35, +3.341, +0.161,+0.960
1578308520,+3.35, +3.310, +0.162,+0.960
1578308580,+3.35, +3.331, +0.161,+0.960
1578308640,+3.35, +3.352, +0.162,+0.960
1578308700,+3.35, +3.331, +0.161,+0.960
1578308760,+3.35, +3.320, +0.161,+0.960
1578308820,+3.35, +3.331, +0.160,+0.959
1578308880,+3.35, +3.341, +0.159,+0.960
1578308940,+3.35, +3.352, +0.158,+0.960
1578309000,+3.35, +3.341, +0.159,+0.960
1578309060,+3.35, +3.352, +0.158,+0.960
1578309120,+3.35, +3.341, +0.159,+0.960
1578309180,+3.35, +3.331, +0.160,+0.960
1578309240,+3.35, +3.331, +0.160,+0.960
1578309300,+3.35, +3.341, +0.159,+0.960
1578309360,+3.35, +3.352, +0.161,+0.960
1578309420,+3.35, +3.352, +0.161,+0.960
1578309480,+3.35, +3.341, +0.161,+0.960
1578309540,+3.35, +3.331, +0.159,+0.959
1578309600,+3.35, +3.352, +0.160,+0.960
1578309660,+3.35, +3.341, +0.162,+0.960
1578309720,+3.35, +3.341, +0.160,+0.959
1578309780,+3.35, +3.331, +0.161,+0.960
1578309840,+3.35, +3.331, +0.159,+0.960
1578309900,+3.35, +3.299, +0.162,+0.959
1578309960,+3.35, +3.331, +0.161,+0.959
1578310020,+3.35, +3.320, +0.160,+0.959
1578310080,+3.35, +3.373, +0.160,+0.960
1578310140,+3.35, +3.320, +0.160,+0.959
1578310200,+3.35, +3.341, +0.160,+0.959
1578310260,+3.35, +3.373, +0.161,+0.960
1578310320,+3.35, +3.341, +0.160,+0.960
1578310380,+3.35, +3.352, +0.161,+0.960
1578310440,+3.35, +3.341, +0.159,+0.960
1578310500,+3.35, +3.331, +0.160,+0.960
1578310560,+3.35, +3.320, +0.160,+0.960
1578310620,+3.35, +3.310, +0.162,+0.960
1578310680,+3.35, +3.352, +0.159,+0.960
1578310740,+3.35, +3.352, +0.162,+0.960
1578310800,+3.35, +3.352, +0.158,+0.959
1578310860,+3.35, +3.320, +0.160,+0.960
1578310920,+3.35, +3.405, +0.159,+0.960
1578310980,+3.35, +3.352, +0.161,+0.960
1578311040,+3.35, +3.341, +0.161,+0.960
1578311100,+3.35, +3.320, +0.161,+0.960
1578311160,+3.35, +3.320, +0.161,+0.960
1578311220,+3.35, +3.331, +0.161,+0.960
1578311280,+3.35, +3.341, +0.160,+0.960
1578311340,+3.35, +3.320, +0.160,+0.960
1578311400,+3.35, +3.320, +0.160,+0.960
1578311460,+3.35, +3.341, +0.161,+0.960
1578311520,+3.35, +3.352, +0.160,+0.960
1578311580,+3.35, +3.331, +0.161,+0.960
1578311640,+3.35, +3.299, +0.160,+0.959
1578311700,+3.35, +3.310, +0.161,+0.960
1578311760,+3.35, +3.331, +0.160,+0.960
1578311820,+3.35, +3.320, +0.159,+0.959
1578311880,+3.35, +3.331, +0.159,+0.959
1578311940,+3.35, +3.331, +0.160,+0.960
1578312000,+3.35, +3.341, +0.161,+0.959
1578312060,+3.35, +3.352, +0.161,+0.960
1578312120,+3.35, +3.341, +0.160,+0.960
1578312180,+3.35, +3.331, +0.161,+0.960
1578312240,+3.35, +3.341, +0.160,+0.960
1578312300,+3.35, +3.341, +0.160,+0.960
1578312360,+3.35, +3.341, +0.159,+0.959
1578312420,+3.35, +3.341, +0.161,+0.960
1578312480,+3.35, +3.320, +0.161,+0.960
1578312540,+3.35, +3.320, +0.159,+0.960
1578312600,+3.35, +3.363, +0.158,+0.959
1578312660,+3.35, +3.341, +0.161,+0.960
1578312720,+3.35, +3.320, +0.161,+0.960
1578312780,+3.35, +3.320, +0.158,+0.959
1578312840,+3.35, +3.352, +0.159,+0.960
1578312900,+3.35, +3.331, +0.160,+0.960
1578312960,+3.35, +3.341, +0.160,+0.960
1578313020,+3.35, +3.320, +0.160,+0.960
1578313080,+3.35, +3.331, +0.159,+0.959
1578313140,+3.35, +3.352, +0.160,+0.960
1578313200,+3.35, +3.352, +0.161,+0.960
1578313260,+3.35, +3.331, +0.161,+0.960
1578313320,+3.35, +3.331, +0.161,+0.960
1578313380,+3.35, +3.320, +0.161,+0.960
1578313440,+3.35, +3.320, +0.161,+0.959
1578313500,+3.35, +3.341, +0.161,+0.960
1578313560,+3.35, +3.352, +0.159,+0.960
1578313620,+3.35, +3.310, +0.159,+0.960
1578313680,+3.35, +3.363, +0.159,+0.960
1578313740,+3.35, +3.331, +0.160,+0.959
1578313800,+3.35, +3.320, +0.161,+0.960
1578313860,+3.35, +3.352, +0.161,+0.960
1578313920,+3.35, +3.352, +0.160,+0.960
1578313980,+3.35, +3.331, +0.161,+0.960
1578314040,+3.35, +3.363, +0.161,+0.960
1578314100,+3.35, +3.341, +0.160,+0.960
1578314160,+3.35, +3.341, +0.159,+0.959
1578314220,+3.35, +3.363, +0.161,+0.960
1578314280,+3.35, +3.341, +0.161,+0.960
1578314340,+3.35, +3.331, +0.160,+0.960
1578314400,+3.35, +3.341, +0.160,+0.959
1578314460,+3.35, +3.331, +0.162,+0.960
1578314520,+3.35, +3.331, +0.161,+0.960
1578314580,+3.35, +3.341, +0.159,+0.959
1578314640,+3.35, +3.341, +0.161,+0.960
1578314700,+3.35, +3.394, +0.159,+0.960
1578314760,+3.35, +3.331, +0.159,+0.959
1578314820,+3.35, +3.320, +0.159,+0.959
1578314880,+3.35, +3.341, +0.162,+0.960
1578314940,+3.35, +3.341, +0.159,+0.960
1578315000,+3.35, +3.341, +0.160,+0.960
1578315060,+3.35, +3.341, +0.159,+0.960
1578315120,+3.35, +3.352, +0.159,+0.960
1578315180,+3.35, +3.320, +0.160,+0.960
1578315240,+3.35, +3.363, +0.160,+0.960
1578315300,+3.35, +3.331, +0.162,+0.960
1578315360,+3.35, +3.341, +0.159,+0.960
1578315420,+3.35, +3.352, +0.160,+0.960
1578315480,+3.35, +3.320, +0.160,+0.960
1578315540,+3.35, +3.320, +0.160,+0.959
1578315600,+3.35, +3.320, +0.161,+0.960
1578315660,+3.35, +3.310, +0.161,+0.960
1578315720,+3.35, +3.352, +0.161,+0.960
1578315780,+3.35, +3.331, +0.161,+0.960
1578315840,+3.35, +3.341, +0.161,+0.960
1578315900,+3.35, +3.310, +0.161,+0.960
1578315960,+3.35, +3.331, +0.159,+0.960
1578316020,+3.35, +3.331, +0.160,+0.960
1578316080,+3.35, +3.320, +0.161,+0.960
1578316140,+3.35, +3.352, +0.161,+0.960
1578316200,+3.35, +3.341, +0.159,+0.959
1578316260,+3.35, +3.341, +0.159,+0.960
1578316320,+3.35, +3.341, +0.159,+0.959
1578316380,+3.35, +3.320, +0.160,+0.960
1578316440,+3.35, +3.341, +0.160,+0.960
1578316500,+3.35, +3.331, +0.159,+0.960
1578316560,+3.35, +3.341, +0.160,+0.960
1578316620,+3.35, +3.331, +0.159,+0.960
1578316680,+3.35, +3.320, +0.162,+0.960
1578316740,+3.35, +3.331, +0.160,+0.960
1578316800,+3.35, +3.320, +0.161,+0.960
1578316860,+3.35, +3.331, +0.159,+0.960
1578316920,+3.35, +3.373, +0.160,+0.960
1578316980,+3.35, +3.341, +0.161,+0.960
1578317040,+3.35, +3.268, +0.162,+0.959
1578317100,+3.35, +3.341, +0.159,+0.960
1578317160,+3.35, +3.310, +0.160,+0.960
1578317220,+3.35, +3.331, +0.161,+0.960
1578317280,+3.35, +3.320, +0.161,+0.959
1578317340,+3.35, +3.341, +0.159,+0.959
1578317400,+3.35, +3.352, +0.159,+0.960
1578317460,+3.35, +3.341, +0.159,+0.960
1578317520,+3.35, +3.331, +0.160,+0.960
1578317580,+3.35, +3.341, +0.160,+0.960
1578317640,+3.35, +3.331, +0.160,+0.960
1578317700,+3.35, +3.320, +0.159,+0.959
1578317760,+3.35, +3.363, +0.160,+0.960
1578317820,+3.35, +3.310, +0.161,+0.960
1578317880,+3.35, +3.341, +0.159,+0.959
1578317940,+3.35, +3.341, +0.160,+0.960
1578318000,+3.35, +3.352, +0.159,+0.960
1578318060,+3.35, +3.352, +0.160,+0.960
1578318120,+3.35, +3.331, +0.161,+0.960
1578318180,+3.35, +3.331, +0.159,+0.960
1578318240,+3.35, +3.299, +0.161,+0.960
1578318300,+3.35, +3.331, +0.161,+0.960
1578318360,+3.35, +3.310, +0.160,+0.960
1578318420,+3.35, +3.331, +0.160,+0.960
1578318480,+3.35, +3.341, +0.161,+0.960
1578318540,+3.35, +3.331, +0.159,+0.959
1578318600,+3.35, +3.363, +0.159,+0.960
1578318660,+3.35, +3.341, +0.159,+0.959
1578318720,+3.35, +3.341, +0.160,+0.960
1578318780,+3.35, +3.352, +0.160,+0.960
1578318840,+3.35, +3.320, +0.160,+0.960
1578318900,+3.35, +3.363, +0.161,+0.960
1578318960,+3.35, +3.331, +0.161,+0.960
1578319020,+3.35, +3.320, +0.159,+0.960
1578319080,+3.35, +3.341, +0.159,+0.959
1578319140,+3.35, +3.363, +0.161,+0.960
1578319200,+3.35, +3.373, +0.159,+0.960
1578319260,+3.35, +3.341, +0.159,+0.960
1578319320,+3.35, +3.331, +0.161,+0.960
1578319380,+3.35, +3.352, +0.160,+0.960
1578319440,+3.35, +3.320, +0.160,+0.960
1578319500,+3.35, +3.352, +0.160,+0.960
1578319560,+3.35, +3.331, +0.160,+0.959
1578319620,+3.35, +3.320, +0.160,+0.959
1578319680,+3.35, +3.331, +0.161,+0.960
1578319740,+3.35, +3.341, +0.162,+0.960
1578319800,+3.35, +3.331, +0.160,+0.960
1578319860,+3.35, +3.352, +0.159,+0.960
1578319920,+3.35, +3.331, +0.160,+0.959
1578319980,+3.35, +3.341, +0.161,+0.960
1578320040,+3.35, +3.320, +0.161,+0.960
1578320100,+3.35, +3.352, +0.160,+0.960
1578320160,+3.35, +3.352, +0.162,+0.960
1578320220,+3.35, +3.352, +0.160,+0.960
1578320280,+3.35, +3.320, +0.160,+0.959
1578320340,+3.35, +3.331, +0.160,+0.960
1578320400,+3.35, +3.299, +0.160,+0.960
1578320460,+3.35, +3.310, +0.161,+0.960
1578320520,+3.35, +3.341, +0.160,+0.960
1578320580,+3.35, +3.341, +0.160,+0.959
1578320640,+3.35, +3.341, +0.159,+0.960
1578320700,+3.35, +3.363, +0.159,+0.960
1578320760,+3.35, +3.320, +0.160,+0.959
1578320820,+3.35, +3.310, +0.161,+0.960
1578320880,+3.35, +3.352, +0.160,+0.960
1578320940,+3.35, +3.341, +0.160,+0.960
1578321000,+3.35, +3.341, +0.159,+0.959
1578321060,+3.35, +3.331, +0.161,+0.960
1578321120,+3.35, +3.341, +0.160,+0.959
1578321180,+3.35, +3.363, +0.159,+0.959
1578321240,+3.35, +3.331, +0.160,+0.959
1578321300,+3.35, +3.331, +0.159,+0.959
1578321360,+3.35, +3.320, +0.158,+0.959
1578321420,+3.35, +3.341, +0.161,+0.960
1578321480,+3.35, +3.363, +0.162,+0.960
1578321540,+3.35, +3.299, +0.161,+0.959
1578321600,+3.35, +3.331, +0.160,+0.960
1578321660,+3.35, +3.289, +0.160,+0.959
1578321720,+3.35, +3.310, +0.160,+0.959
1578321780,+3.35, +3.331, +0.161,+0.960
1578321840,+3.35, +3.331, +0.160,+0.960
1578321900,+3.35, +3.320, +0.161,+0.960
1578321960,+3.35, +3.331, +0.159,+0.960
1578322020,+3.35, +3.320, +0.158,+0.959
1578322080,+3.35, +3.320, +0.161,+0.960
1578322140,+3.35, +3.299, +0.161,+0.959
1578322200,+3.35, +3.320, +0.160,+0.959
1578322260,+3.35, +3.341, +0.161,+0.960
1578322320,+3.35, +3.310, +0.160,+0.960
1578322380,+3.35, +3.352, +0.159,+0.960
1578322440,+3.35, +3.331, +0.161,+0.960
1578322500,+3.35, +3.352, +0.160,+0.960
1578322560,+3.35, +3.320, +0.161,+0.959
1578322620,+3.35, +3.278, +0.162,+0.959
1578322680,+3.35, +3.341, +0.159,+0.960
1578322740,+3.35, +3.331, +0.161,+0.960
1578322800,+3.35, +3.331, +0.160,+0.960
1578322860,+3.35, +3.352, +0.161,+0.960
1578322920,+3.35, +3.341, +0.159,+0.959
1578322980,+3.35, +3.341, +0.160,+0.960
1578323040,+3.35, +3.341, +0.160,+0.960
1578323100,+3.35, +3.341, +0.159,+0.960
1578323160,+3.35, +3.363, +0.161,+0.960
1578323220,+3.35, +3.341, +0.161,+0.960
1578323280,+3.35, +3.394, +0.158,+0.959
1578323340,+3.35, +3.341, +0.159,+0.960
1578323400,+3.35, +3.363, +0.159,+0.960
1578323460,+3.35, +3.341, +0.160,+0.960
1578323520,+3.35, +3.341, +0.160,+0.960
1578323580,+3.35, +3.341, +0.160,+0.960
1578323640,+3.35, +3.341, +0.161,+0.960
1578323700,+3.35, +3.331, +0.160,+0.960
1578323760,+3.35, +3.331, +0.161,+0.960
1578323820,+3.35, +3.331, +0.161,+0.960
1578323880,+3.35, +3.341, +0.161,+0.960
1578323940,+3.35, +3.341, +0.160,+0.960
1578324000,+3.35, +3.352, +0.159,+0.960
1578324060,+3.35, +3.341, +0.161,+0.960
1578324120,+3.35, +3.341, +0.160,+0.960
1578324180,+3.35, +3.331, +0.160,+0.959
1578324240,+3.35, +3.341, +0.160,+0.960
1578324300,+3.35, +3.352, +0.159,+0.959
1578324360,+3.35, +3.341, +0.160,+0.959
1578324420,+3.35, +3.320, +0.160,+0.959
1578324480,+3.35, +3.320, +0.158,+0.959
1578324540,+3.35, +3.310, +0.161,+0.960
1578324600,+3.35, +3.341, +0.160,+0.960
1578324660,+3.35, +3.310, +0.160,+0.960
1578324720,+3.35, +3.331, +0.162,+0.960
1578324780,+3.35, +3.310, +0.161,+0.960
1578324840,+3.35, +3.331, +0.160,+0.960
1578324900,+3.35, +3.299, +0.161,+0.959
1578324960,+3.35, +3.331, +0.160,+0.960
1578325020,+3.35, +3.341, +0.159,+0.959
1578325080,+3.35, +3.341, +0.159,+0.960
1578325140,+3.35, +3.320, +0.161,+0.960
1578325200,+3.35, +3.310, +0.161,+0.959
1578325260,+3.35, +3.320, +0.159,+0.960
1578325320,+3.35, +3.373, +0.160,+0.960
1578325380,+3.35, +3.352, +0.161,+0.960
1578325440,+3.35, +3.341, +0.160,+0.960
1578325500,+3.35, +3.331, +0.160,+0.960
1578325560,+3.35, +3.320, +0.159,+0.960
1578325620,+3.35, +3.310, +0.161,+0.959
1578325680,+3.35, +3.352, +0.160,+0.960
1578325740,+3.35, +3.320, +0.160,+0.959
1578325800,+3.35, +3.341, +0.161,+0.960
1578325860,+3.35, +3.320, +0.160,+0.959
1578325920,+3.35, +3.363, +0.159,+0.960
1578325980,+3.35, +3.352, +0.160,+0.960
1578326040,+3.35, +3.310, +0.161,+0.960
1578326100,+3.35, +3.341, +0.161,+0.960
1578326160,+3.35, +3.310, +0.160,+0.960
1578326220,+3.35, +3.331, +0.161,+0.960
1578326280,+3.35, +3.299, +0.161,+0.959
1578326340,+3.35, +3.299, +0.162,+0.960
1578326400,+3.35, +3.320, +0.160,+0.960
1578326460,+3.35, +3.310, +0.162,+0.960
1578326520,+3.35, +3.331, +0.159,+0.960
1578326580,+3.35, +3.320, +0.161,+0.959
1578326640,+3.35, +3.331, +0.161,+0.960
1578326700,+3.35, +3.289, +0.161,+0.960
1578326760,+3.35, +3.331, +0.162,+0.960
1578326820,+3.35, +3.341, +0.160,+0.960
1578326880,+3.35, +3.331, +0.160,+0.959
1578326940,+3.35, +3.331, +0.160,+0.960
1578327000,+3.35, +3.341, +0.158,+0.959
1578327060,+3.35, +3.331, +0.159,+0.959
1578327120,+3.35, +3.299, +0.162,+0.960
1578327180,+3.35, +3.310, +0.160,+0.959
1578327240,+3.35, +3.352, +0.161,+0.960
1578327300,+3.35, +3.320, +0.160,+0.960
1578327360,+3.35, +3.341, +0.159,+0.960
1578327420,+3.35, +3.341, +0.159,+0.960
1578327480,+3.35, +3.331, +0.160,+0.959
1578327540,+3.35, +3.320, +0.160,+0.959
1578327600,+3.35, +3.320, +0.159,+0.960
1578327660,+3.35, +3.320, +0.160,+0.960
1578327720,+3.35, +3.331, +0.160,+0.960
1578327780,+3.35, +3.352, +0.160,+0.960
1578327840,+3.35, +3.331, +0.161,+0.960
1578327900,+3.35, +3.331, +0.160,+0.960
1578327960,+3.35, +3.331, +0.159,+0.959
1578328020,+3.35, +3.341, +0.160,+0.960
1578328080,+3.35, +3.331, +0.160,+0.960
1578328140,+3.35, +3.352, +0.160,+0.960
1578328200,+3.35, +3.320, +0.160,+0.960
1578328260,+3.35, +3.310, +0.159,+0.959
1578328320,+3.35, +3.341, +0.160,+0.959
1578328380,+3.35, +3.341, +0.158,+0.960
1578328440,+3.35, +3.320, +0.161,+0.960
1578328500,+3.35, +3.320, +0.161,+0.960
1578328560,+3.35, +3.341, +0.161,+0.960
1578328620,+3.35, +3.331, +0.162,+0.960
1578328680,+3.35, +3.320, +0.160,+0.959
1578328740,+3.35, +3.352, +0.160,+0.960
1578328800,+3.35, +3.341, +0.161,+0.960
1578328860,+3.35, +3.320, +0.160,+0.959
1578328920,+3.35, +3.352, +0.161,+0.960
1578328980,+3.35, +3.320, +0.161,+0.960
1578329040,+3.35, +3.363, +0.159,+0.959
1578329100,+3.35, +3.299, +0.161,+0.960
1578329160,+3.35, +3.352, +0.160,+0.960
1578329220,+3.35, +3.341, +0.161,+0.960
1578329280,+3.35, +3.341, +0.160,+0.960
1578329340,+3.35, +3.341, +0.160,+0.960
1578329400,+3.35, +3.341, +0.158,+0.960
1578329460,+3.35, +3.331, +0.160,+0.960
1578329520,+3.35, +3.341, +0.160,+0.960
1578329580,+3.35, +3.331, +0.160,+0.960
1578329640,+3.35, +3.341, +0.160,+0.960
1578329700,+3.35, +3.320, +0.160,+0.959
1578329760,+3.35, +3.331, +0.161,+0.959
1578329820,+3.35, +3.320, +0.161,+0.960
1578329880,+3.35, +3.331, +0.159,+0.959
1578329940,+3.35, +3.363, +0.159,+0.960
1578330000,+3.35, +3.278, +0.161,+0.959
1578330060,+3.35, +3.320, +0.160,+0.959
1578330120,+3.35, +3.320, +0.160,+0.960
1578330180,+3.35, +3.310, +0.160,+0.959
1578330240,+3.35, +3.320, +0.161,+0.960
1578330300,+3.35, +3.320, +0.162,+0.960
1578330360,+3.35, +3.320, +0.159,+0.959
1578330420,+3.35, +3.331, +0.160,+0.960
1578330480,+3.35, +3.320, +0.159,+0.960
1578330540,+3.35, +3.341, +0.160,+0.960
1578330600,+3.35, +3.331, +0.159,+0.960
1578330660,+3.35, +3.320, +0.160,+0.959
1578330720,+3.35, +3.331, +0.159,+0.960
1578330780,+3.35, +3.320, +0.160,+0.960
1578330840,+3.35, +3.299, +0.161,+0.960
1578330900,+3.35, +3.310, +0.160,+0.960
1578330960,+3.35, +3.320, +0.159,+0.960
1578331020,+3.35, +3.310, +0.161,+0.960
1578331080,+3.35, +3.310, +0.160,+0.960
1578331140,+3.35, +3.341, +0.160,+0.960
1578331200,+3.35, +3.331, +0.159,+0.959
1578331260,+3.35, +3.289, +0.160,+0.960
1578331320,+3.35, +3.341, +0.159,+0.960
1578331380,+3.35, +3.320, +0.160,+0.960
1578331440,+3.35, +3.310, +0.160,+0.960
1578331500,+3.35, +3.331, +0.160,+0.960
1578331560,+3.35, +3.299, +0.161,+0.959
1578331620,+3.35, +3.320, +0.158,+0.959
1578331680,+3.35, +3.320, +0.161,+0.960
1578331740,+3.35, +3.331, +0.159,+0.960
1578331800,+3.35, +3.310, +0.161,+0.960
1578331860,+3.35, +3.310, +0.160,+0.960
1578331920,+3.35, +3.310, +0.159,+0.960
1578331980,+3.35, +3.341, +0.160,+0.960
1578332040,+3.35, +3.310, +0.160,+0.959
1578332100,+3.35, +3.299, +0.160,+0.960
1578332160,+3.35, +3.341, +0.159,+0.960
1578332220,+3.35, +3.247, +0.163,+0.960
1578332280,+3.35, +3.289, +0.161,+0.960
1578332340,+3.35, +3.320, +0.158,+0.959
1578332400,+3.35, +3.278, +0.162,+0.960
1578332460,+3.35, +3.320, +0.160,+0.960
1578332520,+3.35, +3.320, +0.161,+0.960
1578332580,+3.35, +3.331, +0.159,+0.960
1578332640,+3.35, +3.310, +0.161,+0.960
1578332700,+3.35, +3.310, +0.161,+0.960
1578332760,+3.35, +3.331, +0.161,+0.960
1578332820,+3.35, +3.331, +0.161,+0.960
1578332880,+3.35, +3.289, +0.160,+0.959
1578332940,+3.35, +3.299, +0.160,+0.960
1578333000,+3.35, +3.331, +0.160,+0.960
1578333060,+3.35, +3.331, +0.162,+0.960
1578333120,+3.35, +3.331, +0.160,+0.960
1578333180,+3.35, +3.331, +0.160,+0.960
1578333240,+3.35, +3.299, +0.161,+0.960
1578333300,+3.35, +3.310, +0.161,+0.960
1578333360,+3.35, +3.363, +0.159,+0.960
1578333420,+3.35, +3.320, +0.160,+0.960
1578333480,+3.35, +3.310, +0.161,+0.960
1578333540,+3.35, +3.320, +0.160,+0.960
1578333600,+3.35, +3.331, +0.160,+0.960
1578333660,+3.35, +3.341, +0.160,+0.960
1578333720,+3.35, +3.320, +0.160,+0.960
1578333780,+3.35, +3.320, +0.159,+0.959
1578333840,+3.35, +3.310, +0.160,+0.960
1578333900,+3.35, +3.320, +0.161,+0.960
1578333960,+3.35, +3.320, +0.160,+0.960
1578334020,+3.35, +3.320, +0.161,+0.960
1578334080,+3.35, +3.320, +0.160,+0.960
1578334140,+3.35, +3.320, +0.159,+0.960
1578334200,+3.35, +3.289, +0.161,+0.959
1578334260,+3.35, +3.310, +0.158,+0.959
1578334320,+3.35, +3.320, +0.161,+0.960
1578334380,+3.35, +3.320, +0.159,+0.959
1578334440,+3.35, +3.320, +0.160,+0.959
1578334500,+3.35, +3.320, +0.161,+0.959
1578334560,+3.35, +3.331, +0.162,+0.960
1578334620,+3.35, +3.320, +0.160,+0.960
1578334680,+3.35, +3.310, +0.160,+0.960
1578334740,+3.35, +3.299, +0.161,+0.960
1578334800,+3.35, +3.310, +0.161,+0.960
1578334860,+3.35, +3.331, +0.160,+0.960
1578334920,+3.35, +3.320, +0.160,+0.960
1578334980,+3.35, +3.331, +0.159,+0.960
1578335040,+3.35, +3.320, +0.160,+0.960
1578335100,+3.35, +3.331, +0.161,+0.960
1578335160,+3.35, +3.331, +0.160,+0.960
1578335220,+3.35, +3.331, +0.160,+0.960
1578335280,+3.35, +3.310, +0.161,+0.960
1578335340,+3.35, +3.299, +0.160,+0.959
1578335400,+3.35, +3.320, +0.160,+0.960
1578335460,+3.35, +3.320, +0.161,+0.960
1578335520,+3.35, +3.299, +0.160,+0.959
1578335580,+3.35, +3.363, +0.159,+0.960
1578335640,+3.35, +3.341, +0.161,+0.960
1578335700,+3.35, +3.331, +0.160,+0.960
1578335760,+3.35, +3.310, +0.160,+0.959
1578335820,+3.35, +3.310, +0.161,+0.960
1578335880,+3.35, +3.310, +0.161,+0.960
1578335940,+3.35, +3.299, +0.160,+0.960
1578336000,+3.35, +3.310, +0.159,+0.960
1578336060,+3.35, +3.310, +0.161,+0.960
1578336120,+3.35, +3.331, +0.160,+0.960
1578336180,+3.35, +3.310, +0.161,+0.960
1578336240,+3.35, +3.299, +0.161,+0.960
1578336300,+3.35, +3.320, +0.160,+0.960
1578336360,+3.35, +3.331, +0.159,+0.960
1578336420,+3.35, +3.320, +0.161,+0.960
1578336480,+3.35, +3.331, +0.159,+0.960
1578336540,+3.35, +3.331, +0.161,+0.960
1578336600,+3.35, +3.320, +0.160,+0.959
1578336660,+3.35, +3.299, +0.161,+0.959
1578336720,+3.35, +3.310, +0.161,+0.960
1578336780,+3.35, +3.310, +0.160,+0.959
1578336840,+3.35, +3.331, +0.160,+0.960
1578336900,+3.35, +3.310, +0.162,+0.960
1578336960,+3.35, +3.310, +0.160,+0.959
1578337020,+3.35, +3.310, +0.162,+0.960
1578337080,+3.35, +3.320, +0.161,+0.960
1578337140,+3.35, +3.310, +0.161,+0.960
1578337200,+3.35, +3.320, +0.159,+0.959
1578337260,+3.35, +3.299, +0.161,+0.960
1578337320,+3.35, +3.341, +0.160,+0.960
1578337380,+3.35, +3.289, +0.161,+0.959
1578337440,+3.35, +3.310, +0.161,+0.960
1578337500,+3.35, +3.320, +0.159,+0.959
1578337560,+3.35, +3.310, +0.160,+0.960
1578337620,+3.35, +3.331, +0.161,+0.960
1578337680,+3.35, +3.320, +0.159,+0.960
1578337740,+3.35, +3.331, +0.160,+0.960
1578337800,+3.35, +3.310, +0.160,+0.959
1578337860,+3.35, +3.341, +0.160,+0.960
1578337920,+3.35, +3.331, +0.159,+0.960
1578337980,+3.35, +3.320, +0.159,+0.959
1578338040,+3.35, +3.320, +0.161,+0.960
1578338100,+3.35, +3.331, +0.160,+0.960
1578338160,+3.35, +3.320, +0.159,+0.960
1578338220,+3.35, +3.299, +0.161,+0.960
1578338280,+3.35, +3.310, +0.161,+0.959
1578338340,+3.35, +3.331, +0.160,+0.960
1578338400,+3.35, +3.289, +0.160,+0.960
1578338460,+3.35, +3.320, +0.160,+0.960
1578338520,+3.35, +3.320, +0.160,+0.960
1578338580,+3.35, +3.289, +0.160,+0.960
1578338640,+3.35, +3.310, +0.161,+0.960
1578338700,+3.35, +3.310, +0.160,+0.959
1578338760,+3.35, +3.320, +0.161,+0.960
1578338820,+3.35, +3.331, +0.160,+0.960
1578338880,+3.35, +3.320, +0.158,+0.959
1578338940,+3.35, +3.331, +0.159,+0.960
1578339000,+3.35, +3.278, +0.160,+0.960
1578339060,+3.35, +3.320, +0.160,+0.960
1578339120,+3.35, +3.299, +0.159,+0.959
1578339180,+3.35, +3.299, +0.160,+0.959
1578339240,+3.35, +3.236, +0.162,+0.960
1578339300,+3.35, +3.289, +0.160,+0.959
1578339360,+3.35, +3.331, +0.160,+0.960
1578339420,+3.35, +3.310, +0.160,+0.960
1578339480,+3.35, +3.299, +0.160,+0.960
1578339540,+3.35, +3.320, +0.162,+0.960
1578339600,+3.35, +3.310, +0.159,+0.959
1578339660,+3.35, +3.341, +0.158,+0.960
1578339720,+3.35, +3.320, +0.158,+0.959
1578339780,+3.35, +3.331, +0.161,+0.960
1578339840,+3.35, +3.331, +0.160,+0.960
1578339900,+3.35, +3.299, +0.161,+0.960
1578339960,+3.35, +3.299, +0.161,+0.960
1578340020,+3.35, +3.331, +0.159,+0.960
1578340080,+3.35, +3.320, +0.162,+0.960
1578340140,+3.35, +3.384, +0.159,+0.960
1578340200,+3.35, +3.310, +0.159,+0.960
1578340260,+3.35, +3.320, +0.159,+0.960
1578340320,+3.35, +3.320, +0.160,+0.960
1578340380,+3.35, +3.299, +0.160,+0.960
1578340440,+3.35, +3.320, +0.159,+0.960
1578340500,+3.35, +3.278, +0.160,+0.960
1578340560,+3.35, +3.320, +0.161,+0.960
1578340620,+3.35, +3.289, +0.159,+0.959
1578340680,+3.35, +3.299, +0.161,+0.960
1578340740,+3.35, +3.289, +0.159,+0.960
1578340800,+3.35, +3.331, +0.161,+0.960
1578340860,+3.35, +3.331, +0.160,+0.960
1578340920,+3.35, +3.299, +0.159,+0.959
1578340980,+3.35, +3.352, +0.161,+0.960
1578341040,+3.35, +3.341, +0.160,+0.960
1578341100,+3.35, +3.299, +0.160,+0.959
1578341160,+3.35, +3.352, +0.161,+0.960
1578341220,+3.35, +3.299, +0.160,+0.959
1578341280,+3.35, +3.310, +0.161,+0.960
1578341340,+3.35, +3.310, +0.160,+0.960
1578341400,+3.35, +3.331, +0.161,+0.960
1578341460,+3.35, +3.299, +0.160,+0.959
1578341520,+3.35, +3.320, +0.161,+0.960
1578341580,+3.35, +3.331, +0.160,+0.960
1578341640,+3.35, +3.299, +0.159,+0.959
1578341700,+3.35, +3.320, +0.161,+0.959
1578341760,+3.35, +3.289, +0.161,+0.960
1578341820,+3.35, +3.310, +0.160,+0.960
1578341880,+3.35, +3.331, +0.160,+0.960
1578341940,+3.35, +3.299, +0.160,+0.960
1578342000,+3.35, +3.331, +0.159,+0.960
1578342060,+3.35, +3.289, +0.161,+0.960
1578342120,+3.35, +3.310, +0.162,+0.960
1578342180,+3.35, +3.341, +0.159,+0.960
1578342240,+3.35, +3.320, +0.161,+0.960
1578342300,+3.35, +3.320, +0.159,+0.960
1578342360,+3.35, +3.299, +0.161,+0.960
1578342420,+3.35, +3.331, +0.159,+0.960
1578342480,+3.35, +3.299, +0.159,+0.959
1578342540,+3.35, +3.310, +0.160,+0.960
1578342600,+3.35, +3.299, +0.163,+0.960
1578342660,+3.35, +3.320, +0.160,+0.959
1578342720,+3.35, +3.299, +0.161,+0.960
1578342780,+3.35, +3.320, +0.161,+0.960
1578342840,+3.35, +3.331, +0.159,+0.960
1578342900,+3.35, +3.331, +0.160,+0.960
1578342960,+3.35, +3.310, +0.161,+0.960
1578343020,+3.35, +3.299, +0.160,+0.959
1578343080,+3.35, +3.320, +0.158,+0.960
1578343140,+3.35, +3.310, +0.161,+0.960
1578343200,+3.35, +3.289, +0.162,+0.960
1578343260,+3.35, +3.331, +0.160,+0.960
1578343320,+3.35, +3.310, +0.162,+0.960
1578343380,+3.35, +3.320, +0.159,+0.960
1578343440,+3.35, +3.320, +0.160,+0.960
1578343500,+3.35, +3.299, +0.160,+0.960
1578343560,+3.35, +3.320, +0.160,+0.960
1578343620,+3.35, +3.331, +0.159,+0.960
1578343680,+3.35, +3.331, +0.161,+0.960
1578343740,+3.35, +3.320, +0.160,+0.960
1578343800,+3.35, +3.299, +0.160,+0.959
