7392-570653
OS REV: 1.11 Sensor Cal: 1428445788
Time (sec),  BV (Volts),  T (deg C),  DO (mg/l),  Q ()
1588279860,+3.33, +4.902, +4.479,+0.987
1588279920,+3.33, +5.003, +4.932,+0.987
1588279980,+3.33, +5.114, +5.562,+0.988
1588280040,+3.33, +5.154, +5.956,+0.988
1588280100,+3.33, +5.225, +6.192,+0.988
1588280160,+3.33, +5.275, +6.375,+0.988
1588280220,+3.32, +5.315, +6.602,+0.988
1588280280,+3.33, +5.265, +6.679,+0.988
1588280340,+3.33, +5.205, +6.517,+0.987
1588280400,+3.33, +5.175, +5.831,+0.987
1588280460,+3.33, +5.043, +5.341,+0.987
1588280520,+3.33, +4.952, +4.795,+0.986
1588280580,+3.33, +4.821, +4.019,+0.985
1588280640,+3.33, +4.749, +3.577,+0.985
1588280700,+3.33, +4.668, +3.185,+0.985
1588280760,+3.33, +4.607, +2.790,+0.983
1588280820,+3.33, +4.586, +2.421,+0.982
1588280880,+3.33, +4.566, +2.283,+0.982
1588280940,+3.33, +4.566, +2.065,+0.981
1588281000,+3.33, +4.463, +1.851,+0.979
1588281060,+3.33, +4.535, +1.912,+0.980
1588281120,+3.33, +4.556, +2.141,+0.981
1588281180,+3.33, +4.586, +2.436,+0.983
1588281240,+3.33, +4.545, +2.523,+0.983
1588281300,+3.33, +4.535, +2.486,+0.983
1588281360,+3.33, +4.525, +2.546,+0.983
1588281420,+3.33, +4.463, +2.332,+0.982
1588281480,+3.33, +4.392, +1.848,+0.979
1588281540,+3.33, +4.381, +1.529,+0.977
1588281600,+3.33, +4.309, +1.217,+0.975
1588281660,+3.33, +4.217, +0.997,+0.972
1588281720,+3.33, +4.217, +0.804,+0.970
1588281780,+3.33, +4.217, +0.716,+0.968
1588281840,+3.33, +4.196, +0.695,+0.968
1588281900,+3.33, +4.299, +0.995,+0.973
1588281960,+3.33, +4.422, +1.759,+0.980
1588282020,+3.33, +4.494, +2.292,+0.983
1588282080,+3.33, +4.617, +2.876,+0.985
1588282140,+3.33, +4.698, +3.571,+0.986
1588282200,+3.33, +4.770, +4.161,+0.987
1588282260,+3.33, +4.841, +4.464,+0.987
1588282320,+3.33, +4.810, +4.579,+0.987
1588282380,+3.33, +4.800, +4.380,+0.987
1588282440,+3.33, +4.698, +3.941,+0.986
1588282500,+3.33, +4.525, +3.315,+0.985
1588282560,+3.33, +4.453, +2.469,+0.982
1588282620,+3.33, +4.371, +1.916,+0.980
1588282680,+3.33, +4.351, +1.613,+0.978
1588282740,+3.33, +4.320, +1.553,+0.978
1588282800,+3.33, +4.248, +1.244,+0.975
1588282860,+3.33, +4.279, +1.064,+0.973
1588282920,+3.33, +4.309, +1.205,+0.975
1588282980,+3.33, +4.371, +1.453,+0.977
1588283040,+3.33, +4.330, +1.485,+0.977
1588283100,+3.33, +4.258, +1.322,+0.976
1588283160,+3.33, +4.299, +1.237,+0.975
1588283220,+3.33, +4.351, +1.339,+0.977
1588283280,+3.33, +4.443, +1.597,+0.979
1588283340,+3.33, +4.535, +2.063,+0.982
1588283400,+3.33, +4.617, +2.578,+0.984
1588283460,+3.33, +4.627, +3.066,+0.985
1588283520,+3.33, +4.658, +3.232,+0.985
1588283580,+3.33, +4.668, +3.318,+0.986
1588283640,+3.33, +4.617, +3.284,+0.986
1588283700,+3.33, +4.647, +3.200,+0.985
1588283760,+3.33, +4.596, +3.191,+0.985
1588283820,+3.33, +4.647, +3.268,+0.986
1588283880,+3.33, +4.780, +4.007,+0.987
1588283940,+3.33, +4.902, +4.824,+0.988
1588284000,+3.33, +4.963, +5.344,+0.988
1588284060,+3.33, +4.983, +5.874,+0.988
1588284120,+3.33, +4.963, +6.037,+0.987
1588284180,+3.33, +4.963, +6.022,+0.988
1588284240,+3.33, +4.952, +5.886,+0.987
1588284300,+3.33, +4.942, +5.682,+0.987
1588284360,+3.33, +4.881, +5.426,+0.987
1588284420,+3.33, +4.861, +5.131,+0.987
1588284480,+3.33, +4.810, +5.042,+0.987
1588284540,+3.33, +4.739, +4.612,+0.987
1588284600,+3.33, +4.698, +4.030,+0.986
1588284660,+3.33, +4.668, +3.632,+0.986
1588284720,+3.33, +4.658, +3.394,+0.985
1588284780,+3.33, +4.627, +3.164,+0.985
1588284840,+3.33, +4.647, +3.056,+0.985
1588284900,+3.33, +4.688, +3.224,+0.985
1588284960,+3.33, +4.749, +3.592,+0.986
1588285020,+3.33, +4.790, +3.950,+0.987
1588285080,+3.33, +4.821, +4.119,+0.987
1588285140,+3.33, +4.851, +4.294,+0.987
1588285200,+3.33, +4.881, +4.588,+0.987
1588285260,+3.33, +4.952, +4.907,+0.987
1588285320,+3.33, +4.973, +5.372,+0.987
1588285380,+3.33, +5.023, +5.649,+0.988
1588285440,+3.33, +5.043, +5.833,+0.988
1588285500,+3.33, +5.043, +6.038,+0.988
1588285560,+3.33, +5.074, +6.262,+0.987
1588285620,+3.33, +5.104, +6.416,+0.987
1588285680,+3.33, +5.114, +6.493,+0.988
1588285740,+3.33, +5.114, +6.495,+0.988
1588285800,+3.33, +5.094, +6.469,+0.987
1588285860,+3.33, +5.074, +6.462,+0.988
1588285920,+3.33, +5.094, +6.546,+0.987
1588285980,+3.33, +5.084, +6.611,+0.987
1588286040,+3.33, +5.094, +6.625,+0.988
1588286100,+3.33, +5.064, +6.621,+0.988
1588286160,+3.33, +5.084, +6.552,+0.987
1588286220,+3.33, +5.074, +6.566,+0.987
1588286280,+3.33, +5.084, +6.475,+0.987
1588286340,+3.33, +5.074, +6.344,+0.987
1588286400,+3.33, +5.064, +6.300,+0.987
1588286460,+3.33, +5.064, +6.392,+0.988
1588286520,+3.33, +5.134, +6.483,+0.987
1588286580,+3.33, +5.114, +6.642,+0.988
1588286640,+3.33, +5.104, +6.723,+0.987
1588286700,+3.33, +5.064, +6.562,+0.987
1588286760,+3.33, +5.023, +6.446,+0.988
1588286820,+3.33, +5.043, +6.299,+0.987
1588286880,+3.33, +5.043, +6.211,+0.987
1588286940,+3.33, +5.054, +6.151,+0.987
1588287000,+3.33, +5.033, +6.128,+0.987
1588287060,+3.33, +5.033, +6.128,+0.987
1588287120,+3.33, +5.033, +6.087,+0.987
1588287180,+3.33, +5.043, +6.114,+0.987
1588287240,+3.33, +5.064, +6.141,+0.987
1588287300,+3.33, +5.064, +6.204,+0.988
1588287360,+3.33, +5.033, +6.257,+0.988
1588287420,+3.33, +5.023, +6.245,+0.987
1588287480,+3.33, +5.023, +6.155,+0.987
1588287540,+3.33, +5.003, +6.054,+0.987
1588287600,+3.33, +4.993, +5.906,+0.988
1588287660,+3.33, +4.952, +5.864,+0.987
1588287720,+3.33, +4.993, +5.810,+0.987
1588287780,+3.33, +4.922, +5.709,+0.987
1588287840,+3.33, +4.952, +5.677,+0.988
1588287900,+3.33, +4.942, +5.669,+0.988
1588287960,+3.33, +4.952, +5.588,+0.987
1588288020,+3.33, +4.952, +5.562,+0.987
1588288080,+3.33, +5.003, +5.583,+0.987
1588288140,+3.33, +5.033, +5.805,+0.988
1588288200,+3.33, +5.023, +5.913,+0.987
1588288260,+3.33, +4.993, +5.983,+0.988
1588288320,+3.33, +5.054, +6.025,+0.987
1588288380,+3.33, +5.054, +6.107,+0.988
1588288440,+3.33, +5.033, +6.152,+0.987
1588288500,+3.33, +5.023, +6.145,+0.987
1588288560,+3.33, +4.973, +5.895,+0.987
1588288620,+3.33, +4.942, +5.501,+0.987
1588288680,+3.33, +4.922, +5.271,+0.986
1588288740,+3.33, +4.881, +5.160,+0.987
1588288800,+3.33, +4.851, +5.064,+0.986
1588288860,+3.33, +4.892, +4.930,+0.987
1588288920,+3.33, +4.912, +4.929,+0.987
1588288980,+3.33, +4.902, +5.020,+0.987
1588289040,+3.33, +4.912, +5.011,+0.987
1588289100,+3.33, +4.902, +4.974,+0.987
1588289160,+3.33, +4.952, +4.970,+0.987
1588289220,+3.33, +4.952, +5.038,+0.987
1588289280,+3.33, +5.013, +5.098,+0.988
1588289340,+3.33, +5.023, +5.172,+0.987
1588289400,+3.33, +5.033, +5.253,+0.987
1588289460,+3.33, +5.033, +5.440,+0.988
1588289520,+3.33, +5.043, +5.720,+0.987
1588289580,+3.33, +5.013, +5.832,+0.987
1588289640,+3.33, +5.033, +5.768,+0.987
1588289700,+3.33, +5.023, +5.728,+0.987
1588289760,+3.33, +4.983, +5.669,+0.987
1588289820,+3.33, +4.973, +5.595,+0.987
1588289880,+3.33, +4.952, +5.531,+0.987
1588289940,+3.33, +4.932, +5.451,+0.987
1588290000,+3.33, +4.912, +5.363,+0.987
1588290060,+3.33, +4.942, +5.286,+0.987
1588290120,+3.33, +4.912, +5.215,+0.987
1588290180,+3.33, +4.861, +5.128,+0.987
1588290240,+3.33, +4.871, +5.034,+0.987
1588290300,+3.33, +4.861, +4.959,+0.987
1588290360,+3.33, +4.871, +4.892,+0.987
1588290420,+3.33, +4.821, +4.841,+0.987
1588290480,+3.33, +4.861, +4.784,+0.987
1588290540,+3.33, +4.841, +4.753,+0.986
1588290600,+3.33, +4.821, +4.703,+0.987
1588290660,+3.33, +4.831, +4.655,+0.987
1588290720,+3.33, +4.810, +4.634,+0.987
1588290780,+3.33, +4.831, +4.580,+0.987
1588290840,+3.33, +4.739, +4.548,+0.987
1588290900,+3.33, +4.800, +4.463,+0.987
1588290960,+3.33, +4.770, +4.357,+0.987
1588291020,+3.33, +4.790, +4.245,+0.987
1588291080,+3.33, +4.770, +4.147,+0.987
1588291140,+3.33, +4.729, +4.092,+0.986
1588291200,+3.33, +4.729, +4.025,+0.986
1588291260,+3.33, +4.770, +3.968,+0.987
1588291320,+3.33, +4.800, +4.027,+0.986
1588291380,+3.33, +4.831, +4.111,+0.986
1588291440,+3.33, +4.841, +4.252,+0.986
1588291500,+3.33, +4.851, +4.399,+0.987
1588291560,+3.33, +4.841, +4.500,+0.987
1588291620,+3.33, +4.892, +4.552,+0.987
1588291680,+3.33, +4.871, +4.610,+0.988
1588291740,+3.33, +4.851, +4.650,+0.987
1588291800,+3.33, +4.871, +4.692,+0.987
1588291860,+3.33, +4.902, +4.728,+0.987
1588291920,+3.32, +4.932, +4.777,+0.987
1588291980,+3.33, +4.963, +4.840,+0.987
1588292040,+3.33, +4.963, +4.930,+0.987
1588292100,+3.33, +5.023, +5.026,+0.987
1588292160,+3.33, +5.033, +5.181,+0.987
1588292220,+3.33, +5.054, +5.280,+0.988
1588292280,+3.33, +5.074, +5.356,+0.988
1588292340,+3.33, +5.094, +5.438,+0.987
1588292400,+3.33, +5.074, +5.593,+0.987
1588292460,+3.33, +5.094, +5.757,+0.988
1588292520,+3.33, +5.094, +5.912,+0.988
1588292580,+3.33, +5.104, +6.087,+0.987
1588292640,+3.33, +5.104, +6.246,+0.988
1588292700,+3.33, +5.094, +6.415,+0.987
1588292760,+3.33, +5.084, +6.523,+0.988
1588292820,+3.33, +5.094, +6.607,+0.987
1588292880,+3.33, +5.064, +6.662,+0.987
1588292940,+3.33, +5.074, +6.653,+0.987
1588293000,+3.33, +5.074, +6.644,+0.988
1588293060,+3.33, +5.064, +6.606,+0.988
1588293120,+3.33, +5.033, +6.577,+0.988
1588293180,+3.33, +5.043, +6.540,+0.987
1588293240,+3.33, +5.023, +6.525,+0.987
1588293300,+3.33, +5.023, +6.495,+0.987
1588293360,+3.33, +4.993, +6.483,+0.987
1588293420,+3.33, +5.013, +6.455,+0.987
1588293480,+3.33, +4.973, +6.449,+0.988
1588293540,+3.33, +4.983, +6.405,+0.987
1588293600,+3.33, +4.963, +6.384,+0.987
1588293660,+3.33, +4.942, +6.340,+0.987
1588293720,+3.33, +4.932, +6.305,+0.987
1588293780,+3.33, +4.963, +6.248,+0.987
1588293840,+3.33, +4.881, +6.214,+0.987
1588293900,+3.33, +4.881, +6.161,+0.987
1588293960,+3.33, +4.881, +6.119,+0.987
1588294020,+3.33, +4.851, +6.077,+0.987
1588294080,+3.33, +4.841, +6.027,+0.987
1588294140,+3.33, +4.800, +5.988,+0.987
1588294200,+3.33, +4.841, +5.921,+0.987
1588294260,+3.33, +4.790, +5.879,+0.987
1588294320,+3.32, +4.800, +5.824,+0.987
1588294380,+3.33, +4.810, +5.770,+0.987
1588294440,+3.33, +4.810, +5.718,+0.987
1588294500,+3.33, +4.760, +5.688,+0.987
1588294560,+3.33, +4.770, +5.630,+0.987
1588294620,+3.33, +4.749, +5.581,+0.987
1588294680,+3.33, +4.780, +5.524,+0.987
1588294740,+3.33, +4.770, +5.467,+0.987
1588294800,+3.33, +4.790, +5.405,+0.987
1588294860,+3.33, +4.780, +5.351,+0.987
1588294920,+3.33, +4.770, +5.281,+0.987
1588294980,+3.33, +4.770, +5.220,+0.987
1588295040,+3.33, +4.770, +5.152,+0.987
1588295100,+3.33, +4.749, +5.089,+0.987
1588295160,+3.33, +4.739, +5.037,+0.987
1588295220,+3.33, +4.729, +4.986,+0.987
1588295280,+3.33, +4.719, +4.951,+0.987
1588295340,+3.33, +4.739, +4.906,+0.987
1588295400,+3.33, +4.729, +4.872,+0.987
1588295460,+3.33, +4.729, +4.845,+0.987
1588295520,+3.33, +4.780, +4.823,+0.987
1588295580,+3.33, +4.729, +4.802,+0.987
1588295640,+3.33, +4.760, +4.777,+0.987
1588295700,+3.33, +4.729, +4.764,+0.987
1588295760,+3.33, +4.729, +4.748,+0.987
1588295820,+3.33, +4.729, +4.740,+0.987
1588295880,+3.33, +4.719, +4.733,+0.987
1588295940,+3.33, +4.749, +4.720,+0.987
1588296000,+3.33, +4.760, +4.703,+0.987
1588296060,+3.33, +4.790, +4.681,+0.987
1588296120,+3.33, +4.810, +4.667,+0.987
1588296180,+3.33, +4.841, +4.631,+0.987
1588296240,+3.33, +4.841, +4.597,+0.987
1588296300,+3.33, +4.821, +4.576,+0.987
1588296360,+3.33, +4.851, +4.548,+0.987
1588296420,+3.33, +4.790, +4.541,+0.987
1588296480,+3.33, +4.861, +4.504,+0.987
1588296540,+3.33, +4.871, +4.481,+0.987
1588296600,+3.33, +4.831, +4.480,+0.987
1588296660,+3.33, +4.851, +4.464,+0.987
1588296720,+3.33, +4.841, +4.465,+0.987
1588296780,+3.33, +4.871, +4.463,+0.987
1588296840,+3.33, +4.841, +4.480,+0.987
1588296900,+3.33, +4.841, +4.489,+0.987
1588296960,+3.33, +4.831, +4.497,+0.986
1588297020,+3.33, +4.851, +4.514,+0.987
1588297080,+3.33, +4.841, +4.519,+0.987
1588297140,+3.33, +4.841, +4.526,+0.987
1588297200,+3.33, +4.821, +4.536,+0.987
1588297260,+3.33, +4.810, +4.540,+0.987
1588297320,+3.33, +4.821, +4.539,+0.987
1588297380,+3.33, +4.821, +4.531,+0.987
1588297440,+3.33, +4.810, +4.525,+0.987
1588297500,+3.33, +4.790, +4.530,+0.987
1588297560,+3.33, +4.790, +4.519,+0.987
1588297620,+3.33, +4.790, +4.516,+0.987
1588297680,+3.33, +4.790, +4.505,+0.987
1588297740,+3.33, +4.800, +4.501,+0.987
1588297800,+3.33, +4.800, +4.497,+0.987
1588297860,+3.33, +4.790, +4.498,+0.987
1588297920,+3.33, +4.800, +4.491,+0.987
1588297980,+3.33, +4.800, +4.487,+0.987
1588298040,+3.33, +4.831, +4.478,+0.987
1588298100,+3.33, +4.831, +4.477,+0.987
1588298160,+3.33, +4.831, +4.474,+0.987
1588298220,+3.33, +4.841, +4.462,+0.987
1588298280,+3.33, +4.831, +4.458,+0.987
1588298340,+3.33, +4.831, +4.453,+0.987
1588298400,+3.33, +4.871, +4.437,+0.987
1588298460,+3.33, +4.892, +4.428,+0.987
1588298520,+3.33, +4.892, +4.417,+0.987
1588298580,+3.33, +4.881, +4.410,+0.987
1588298640,+3.33, +4.922, +4.381,+0.987
1588298700,+3.33, +4.912, +4.380,+0.987
1588298760,+3.33, +4.942, +4.354,+0.987
1588298820,+3.32, +4.942, +4.359,+0.987
1588298880,+3.33, +4.952, +4.361,+0.987
1588298940,+3.33, +4.952, +4.372,+0.987
1588299000,+3.33, +4.952, +4.380,+0.987
1588299060,+3.33, +4.963, +4.390,+0.987
1588299120,+3.33, +4.963, +4.390,+0.987
1588299180,+3.33, +4.963, +4.386,+0.986
1588299240,+3.33, +4.973, +4.390,+0.987
1588299300,+3.33, +4.973, +4.406,+0.987
1588299360,+3.33, +4.973, +4.429,+0.987
1588299420,+3.33, +4.952, +4.454,+0.986
1588299480,+3.33, +4.942, +4.490,+0.987
1588299540,+3.33, +4.932, +4.519,+0.986
1588299600,+3.33, +4.942, +4.553,+0.986
1588299660,+3.33, +4.932, +4.589,+0.987
1588299720,+3.33, +4.922, +4.627,+0.987
1588299780,+3.33, +4.912, +4.658,+0.986
1588299840,+3.33, +4.922, +4.697,+0.987
1588299900,+3.33, +4.942, +4.715,+0.987
1588299960,+3.33, +4.912, +4.754,+0.987
1588300020,+3.33, +4.932, +4.783,+0.987
1588300080,+3.33, +4.932, +4.804,+0.987
1588300140,+3.33, +4.902, +4.829,+0.987
1588300200,+3.33, +4.932, +4.826,+0.986
1588300260,+3.33, +4.932, +4.841,+0.987
1588300320,+3.33, +4.922, +4.844,+0.987
1588300380,+3.33, +4.932, +4.837,+0.987
1588300440,+3.33, +4.932, +4.833,+0.987
1588300500,+3.33, +4.932, +4.833,+0.987
1588300560,+3.33, +4.932, +4.851,+0.987
1588300620,+3.33, +4.912, +4.869,+0.987
1588300680,+3.33, +4.902, +4.894,+0.987
1588300740,+3.33, +4.892, +4.927,+0.987
1588300800,+3.33, +4.881, +4.946,+0.987
1588300860,+3.33, +4.902, +4.946,+0.987
1588300920,+3.33, +4.881, +4.973,+0.987
1588300980,+3.33, +4.912, +4.960,+0.987
1588301040,+3.33, +4.902, +4.956,+0.987
1588301100,+3.33, +4.912, +4.943,+0.987
1588301160,+3.33, +4.881, +4.945,+0.987
1588301220,+3.33, +4.902, +4.930,+0.987
1588301280,+3.33, +4.912, +4.928,+0.987
1588301340,+3.33, +4.922, +4.934,+0.987
1588301400,+3.33, +4.952, +4.936,+0.987
1588301460,+3.33, +4.963, +4.942,+0.987
1588301520,+3.33, +4.973, +4.961,+0.987
1588301580,+3.33, +4.973, +4.993,+0.987
1588301640,+3.33, +4.993, +5.028,+0.987
1588301700,+3.33, +4.983, +5.082,+0.987
1588301760,+3.33, +4.973, +5.137,+0.987
1588301820,+3.33, +5.003, +5.184,+0.987
1588301880,+3.33, +5.033, +5.228,+0.987
1588301940,+3.33, +5.013, +5.285,+0.987
1588302000,+3.33, +5.023, +5.241,+0.987
1588302060,+3.33, +4.993, +5.242,+0.987
1588302120,+3.33, +5.003, +5.262,+0.987
1588302180,+3.33, +4.973, +5.291,+0.987
1588302240,+3.33, +4.973, +5.311,+0.988
1588302300,+3.33, +4.983, +5.314,+0.987
1588302360,+3.33, +4.973, +5.323,+0.987
1588302420,+3.33, +4.963, +5.333,+0.987
1588302480,+3.33, +4.963, +5.328,+0.987
1588302540,+3.32, +4.952, +5.329,+0.987
1588302600,+3.33, +4.973, +5.305,+0.986
1588302660,+3.33, +4.952, +5.214,+0.987
1588302720,+3.33, +4.942, +5.125,+0.987
1588302780,+3.33, +4.922, +5.095,+0.987
1588302840,+3.33, +4.912, +5.060,+0.987
1588302900,+3.33, +4.902, +5.037,+0.987
1588302960,+3.33, +4.912, +5.021,+0.987
1588303020,+3.33, +4.912, +5.000,+0.987
1588303080,+3.33, +4.881, +4.990,+0.987
1588303140,+3.33, +4.881, +4.985,+0.987
1588303200,+3.33, +4.912, +4.964,+0.987
1588303260,+3.33, +4.881, +4.957,+0.987
1588303320,+3.33, +4.892, +4.947,+0.987
1588303380,+3.33, +4.902, +4.926,+0.987
1588303440,+3.33, +4.902, +4.910,+0.987
1588303500,+3.33, +4.902, +4.903,+0.987
1588303560,+3.33, +4.881, +4.904,+0.987
1588303620,+3.33, +4.902, +4.885,+0.987
1588303680,+3.33, +4.902, +4.869,+0.986
1588303740,+3.33, +4.922, +4.859,+0.987
1588303800,+3.33, +4.902, +4.859,+0.987
1588303860,+3.33, +4.932, +4.837,+0.987
1588303920,+3.33, +4.932, +4.826,+0.987
1588303980,+3.33, +4.922, +4.826,+0.988
1588304040,+3.33, +4.942, +4.805,+0.987
1588304100,+3.33, +4.932, +4.788,+0.987
1588304160,+3.33, +4.932, +4.774,+0.987
1588304220,+3.33, +4.942, +4.763,+0.987
1588304280,+3.33, +4.922, +4.737,+0.986
1588304340,+3.33, +4.952, +4.722,+0.987
1588304400,+3.33, +4.932, +4.717,+0.987
1588304460,+3.33, +4.932, +4.696,+0.987
1588304520,+3.33, +4.942, +4.689,+0.987
1588304580,+3.33, +4.922, +4.682,+0.987
1588304640,+3.33, +4.932, +4.681,+0.987
1588304700,+3.33, +4.912, +4.686,+0.987
1588304760,+3.33, +4.912, +4.692,+0.987
1588304820,+3.33, +4.902, +4.709,+0.987
1588304880,+3.33, +4.892, +4.720,+0.987
1588304940,+3.33, +4.912, +4.725,+0.987
1588305000,+3.33, +4.892, +4.737,+0.987
1588305060,+3.33, +4.881, +4.754,+0.987
1588305120,+3.33, +4.902, +4.752,+0.986
1588305180,+3.32, +4.892, +4.764,+0.987
1588305240,+3.33, +4.871, +4.773,+0.987
1588305300,+3.33, +4.871, +4.782,+0.987
1588305360,+3.33, +4.871, +4.779,+0.987
1588305420,+3.33, +4.851, +4.793,+0.987
1588305480,+3.33, +4.861, +4.787,+0.987
1588305540,+3.33, +4.871, +4.771,+0.987
1588305600,+3.33, +4.831, +4.771,+0.987
1588305660,+3.33, +4.871, +4.747,+0.987
1588305720,+3.33, +4.790, +4.748,+0.987
1588305780,+3.33, +4.861, +4.720,+0.987
1588305840,+3.33, +4.851, +4.710,+0.987
1588305900,+3.33, +4.841, +4.696,+0.987
1588305960,+3.33, +4.851, +4.679,+0.987
1588306020,+3.33, +4.851, +4.664,+0.987
1588306080,+3.33, +4.821, +4.661,+0.987
1588306140,+3.33, +4.871, +4.643,+0.987
1588306200,+3.33, +4.851, +4.627,+0.987
1588306260,+3.33, +4.861, +4.612,+0.987
1588306320,+3.33, +4.821, +4.605,+0.987
1588306380,+3.33, +4.861, +4.581,+0.987
1588306440,+3.33, +4.851, +4.574,+0.987
1588306500,+3.33, +4.831, +4.559,+0.987
1588306560,+3.33, +4.821, +4.550,+0.987
1588306620,+3.33, +4.861, +4.526,+0.987
1588306680,+3.33, +4.841, +4.520,+0.987
1588306740,+3.33, +4.851, +4.505,+0.987
1588306800,+3.33, +4.851, +4.489,+0.987
1588306860,+3.33, +4.851, +4.474,+0.987
1588306920,+3.33, +4.831, +4.470,+0.987
1588306980,+3.33, +4.841, +4.450,+0.986
1588307040,+3.33, +4.841, +4.439,+0.987
1588307100,+3.33, +4.851, +4.426,+0.987
1588307160,+3.33, +4.831, +4.422,+0.988
1588307220,+3.33, +4.831, +4.405,+0.987
1588307280,+3.33, +4.841, +4.386,+0.986
1588307340,+3.33, +4.831, +4.380,+0.987
1588307400,+3.33, +4.821, +4.374,+0.987
1588307460,+3.33, +4.851, +4.360,+0.987
1588307520,+3.33, +4.851, +4.348,+0.986
1588307580,+3.33, +4.841, +4.349,+0.987
1588307640,+3.33, +4.831, +4.338,+0.987
1588307700,+3.33, +4.821, +4.334,+0.986
1588307760,+3.33, +4.831, +4.322,+0.986
1588307820,+3.33, +4.821, +4.314,+0.986
1588307880,+3.33, +4.841, +4.304,+0.986
1588307940,+3.33, +4.841, +4.295,+0.986
1588308000,+3.33, +4.841, +4.289,+0.986
1588308060,+3.33, +4.810, +4.292,+0.987
1588308120,+3.33, +4.831, +4.281,+0.987
1588308180,+3.33, +4.831, +4.270,+0.987
1588308240,+3.33, +4.851, +4.253,+0.986
1588308300,+3.33, +4.851, +4.242,+0.987
1588308360,+3.33, +4.871, +4.229,+0.987
1588308420,+3.33, +4.871, +4.230,+0.987
1588308480,+3.33, +4.881, +4.231,+0.987
1588308540,+3.33, +4.892, +4.238,+0.987
1588308600,+3.33, +4.871, +4.259,+0.987
1588308660,+3.33, +4.881, +4.282,+0.987
1588308720,+3.33, +4.871, +4.319,+0.987
1588308780,+3.33, +4.892, +4.359,+0.987
1588308840,+3.33, +4.881, +4.401,+0.987
1588308900,+3.33, +4.892, +4.452,+0.987
1588308960,+3.33, +4.912, +4.488,+0.987
1588309020,+3.33, +4.892, +4.531,+0.987
1588309080,+3.33, +4.881, +4.564,+0.987
1588309140,+3.33, +4.922, +4.581,+0.987
1588309200,+3.33, +4.942, +4.611,+0.987
1588309260,+3.33, +4.932, +4.648,+0.987
1588309320,+3.33, +4.973, +4.690,+0.987
1588309380,+3.33, +4.952, +4.743,+0.987
1588309440,+3.33, +4.973, +4.781,+0.987
1588309500,+3.33, +4.952, +4.826,+0.987
1588309560,+3.33, +4.963, +4.864,+0.987
1588309620,+3.33, +4.983, +4.881,+0.987
1588309680,+3.33, +4.973, +4.896,+0.987
1588309740,+3.33, +4.973, +4.916,+0.987
1588309800,+3.33, +4.983, +4.928,+0.987
1588309860,+3.33, +4.983, +4.946,+0.987
1588309920,+3.33, +4.952, +4.964,+0.987
1588309980,+3.33, +5.003, +4.978,+0.987
1588310040,+3.33, +4.993, +5.003,+0.987
1588310100,+3.33, +4.973, +5.021,+0.987
1588310160,+3.33, +4.993, +5.026,+0.987
1588310220,+3.33, +4.983, +5.062,+0.988
1588310280,+3.33, +5.003, +5.063,+0.987
1588310340,+3.33, +5.003, +5.096,+0.987
1588310400,+3.33, +4.993, +5.128,+0.987
1588310460,+3.33, +4.983, +5.153,+0.987
1588310520,+3.33, +5.023, +5.154,+0.987
1588310580,+3.33, +5.013, +5.170,+0.988
1588310640,+3.33, +4.983, +5.177,+0.987
1588310700,+3.33, +5.013, +5.172,+0.987
1588310760,+3.33, +5.013, +5.163,+0.987
1588310820,+3.33, +4.983, +5.169,+0.987
1588310880,+3.33, +4.963, +5.170,+0.987
1588310940,+3.33, +4.983, +5.164,+0.987
1588311000,+3.33, +4.942, +5.167,+0.987
1588311060,+3.33, +4.973, +5.172,+0.987
1588311120,+3.33, +4.963, +5.160,+0.987
1588311180,+3.33, +4.993, +5.148,+0.987
1588311240,+3.33, +4.973, +5.148,+0.987
1588311300,+3.33, +4.963, +5.152,+0.987
1588311360,+3.33, +4.973, +5.142,+0.987
1588311420,+3.33, +4.983, +5.141,+0.987
1588311480,+3.33, +4.942, +5.150,+0.987
1588311540,+3.33, +4.983, +5.141,+0.988
1588311600,+3.33, +4.922, +5.141,+0.987
1588311660,+3.33, +4.902, +5.135,+0.987
1588311720,+3.33, +4.952, +5.127,+0.987
1588311780,+3.33, +4.963, +5.114,+0.987
1588311840,+3.33, +4.952, +5.107,+0.987
1588311900,+3.33, +4.942, +5.099,+0.987
1588311960,+3.33, +4.963, +5.105,+0.988
1588312020,+3.33, +4.963, +5.089,+0.987
1588312080,+3.33, +4.973, +5.082,+0.987
1588312140,+3.33, +4.942, +5.077,+0.987
1588312200,+3.33, +4.952, +5.069,+0.987
1588312260,+3.33, +4.942, +5.068,+0.987
1588312320,+3.33, +4.942, +5.057,+0.987
1588312380,+3.33, +4.932, +5.049,+0.987
1588312440,+3.33, +4.932, +5.035,+0.987
1588312500,+3.33, +4.952, +5.018,+0.987
1588312560,+3.33, +4.942, +5.018,+0.987
1588312620,+3.33, +4.912, +5.024,+0.987
1588312680,+3.33, +4.932, +5.013,+0.987
1588312740,+3.33, +4.952, +4.997,+0.987
1588312800,+3.33, +4.952, +4.987,+0.987
1588312860,+3.33, +4.942, +4.974,+0.987
1588312920,+3.33, +4.952, +4.966,+0.987
1588312980,+3.33, +4.963, +4.962,+0.988
1588313040,+3.33, +4.912, +4.966,+0.987
1588313100,+3.33, +4.942, +4.953,+0.987
1588313160,+3.33, +4.952, +4.951,+0.987
1588313220,+3.33, +4.922, +4.966,+0.987
1588313280,+3.33, +4.902, +4.963,+0.987
1588313340,+3.33, +4.912, +4.966,+0.987
1588313400,+3.33, +4.932, +4.962,+0.987
1588313460,+3.33, +4.932, +4.956,+0.987
1588313520,+3.33, +4.912, +4.962,+0.987
1588313580,+3.33, +4.942, +4.952,+0.987
1588313640,+3.33, +4.912, +4.951,+0.987
1588313700,+3.33, +4.932, +4.936,+0.987
1588313760,+3.33, +4.902, +4.940,+0.987
1588313820,+3.33, +4.902, +4.937,+0.987
1588313880,+3.33, +4.912, +4.935,+0.988
1588313940,+3.33, +4.932, +4.918,+0.987
1588314000,+3.33, +4.922, +4.917,+0.987
1588314060,+3.33, +4.922, +4.918,+0.987
1588314120,+3.32, +4.912, +4.915,+0.987
1588314180,+3.33, +4.922, +4.915,+0.987
1588314240,+3.33, +4.942, +4.905,+0.987
1588314300,+3.33, +4.902, +4.901,+0.987
1588314360,+3.33, +4.922, +4.904,+0.987
1588314420,+3.33, +4.932, +4.891,+0.987
1588314480,+3.33, +4.922, +4.893,+0.987
1588314540,+3.33, +4.963, +4.879,+0.987
1588314600,+3.33, +4.902, +4.886,+0.987
1588314660,+3.33, +4.942, +4.874,+0.987
1588314720,+3.33, +4.952, +4.869,+0.987
1588314780,+3.33, +4.942, +4.867,+0.987
1588314840,+3.33, +4.922, +4.873,+0.987
1588314900,+3.33, +4.922, +4.874,+0.987
1588314960,+3.33, +4.932, +4.878,+0.988
1588315020,+3.33, +4.952, +4.867,+0.987
1588315080,+3.33, +4.942, +4.874,+0.987
1588315140,+3.33, +4.922, +4.873,+0.987
1588315200,+3.33, +4.942, +4.871,+0.988
1588315260,+3.33, +4.942, +4.866,+0.987
1588315320,+3.33, +4.952, +4.865,+0.987
1588315380,+3.33, +4.963, +4.857,+0.987
1588315440,+3.33, +4.952, +4.867,+0.987
1588315500,+3.33, +4.942, +4.865,+0.987
1588315560,+3.33, +4.952, +4.869,+0.987
1588315620,+3.33, +4.932, +4.885,+0.987
1588315680,+3.33, +4.963, +4.886,+0.988
1588315740,+3.33, +4.963, +4.885,+0.987
1588315800,+3.33, +4.942, +4.891,+0.987
1588315860,+3.33, +4.952, +4.896,+0.988
1588315920,+3.33, +4.922, +4.892,+0.987
1588315980,+3.33, +4.952, +4.888,+0.988
1588316040,+3.33, +4.952, +4.878,+0.987
1588316100,+3.33, +4.922, +4.881,+0.987
1588316160,+3.33, +4.942, +4.873,+0.987
1588316220,+3.33, +4.932, +4.863,+0.987
1588316280,+3.33, +4.932, +4.858,+0.987
1588316340,+3.33, +4.932, +4.851,+0.987
1588316400,+3.33, +4.922, +4.856,+0.987
1588316460,+3.33, +4.912, +4.847,+0.986
1588316520,+3.33, +4.912, +4.859,+0.987
1588316580,+3.33, +4.912, +4.862,+0.987
1588316640,+3.33, +4.902, +4.865,+0.987
1588316700,+3.33, +4.902, +4.867,+0.987
1588316760,+3.33, +4.902, +4.859,+0.987
1588316820,+3.33, +4.912, +4.858,+0.987
1588316880,+3.33, +4.912, +4.849,+0.987
1588316940,+3.33, +4.902, +4.838,+0.987
1588317000,+3.33, +4.902, +4.833,+0.987
1588317060,+3.33, +4.902, +4.823,+0.987
1588317120,+3.33, +4.892, +4.815,+0.987
1588317180,+3.33, +4.871, +4.821,+0.987
1588317240,+3.33, +4.922, +4.797,+0.987
1588317300,+3.33, +4.902, +4.800,+0.987
1588317360,+3.33, +4.892, +4.793,+0.987
1588317420,+3.33, +4.912, +4.778,+0.987
1588317480,+3.33, +4.892, +4.782,+0.987
1588317540,+3.33, +4.892, +4.786,+0.988
1588317600,+3.33, +4.912, +4.764,+0.987
1588317660,+3.33, +4.932, +4.751,+0.986
1588317720,+3.33, +4.902, +4.759,+0.987
1588317780,+3.33, +4.922, +4.748,+0.987
1588317840,+3.33, +4.892, +4.749,+0.987
1588317900,+3.33, +4.922, +4.737,+0.986
1588317960,+3.33, +4.922, +4.735,+0.987
1588318020,+3.33, +4.922, +4.728,+0.987
1588318080,+3.33, +4.922, +4.724,+0.987
1588318140,+3.33, +4.993, +4.702,+0.987
1588318200,+3.33, +4.932, +4.713,+0.987
1588318260,+3.33, +4.922, +4.706,+0.987
1588318320,+3.33, +4.922, +4.708,+0.987
1588318380,+3.33, +4.922, +4.697,+0.987
1588318440,+3.33, +4.963, +4.692,+0.988
1588318500,+3.33, +4.922, +4.692,+0.987
1588318560,+3.33, +4.952, +4.679,+0.987
1588318620,+3.33, +4.932, +4.680,+0.987
1588318680,+3.33, +4.942, +4.678,+0.987
1588318740,+3.33, +4.932, +4.678,+0.987
1588318800,+3.33, +4.922, +4.692,+0.987
1588318860,+3.33, +4.952, +4.692,+0.987
1588318920,+3.33, +4.973, +4.689,+0.986
1588318980,+3.33, +4.932, +4.714,+0.987
1588319040,+3.33, +4.942, +4.716,+0.987
1588319100,+3.33, +4.922, +4.728,+0.987
1588319160,+3.33, +4.952, +4.727,+0.988
1588319220,+3.33, +4.932, +4.723,+0.987
1588319280,+3.33, +4.912, +4.725,+0.987
1588319340,+3.33, +4.922, +4.729,+0.987
1588319400,+3.33, +4.912, +4.727,+0.987
1588319460,+3.33, +4.912, +4.725,+0.987
1588319520,+3.33, +4.932, +4.722,+0.987
1588319580,+3.33, +4.912, +4.729,+0.987
1588319640,+3.33, +4.902, +4.725,+0.987
1588319700,+3.33, +4.892, +4.726,+0.987
1588319760,+3.33, +4.881, +4.730,+0.987
1588319820,+3.33, +4.902, +4.729,+0.987
1588319880,+3.33, +4.902, +4.724,+0.987
1588319940,+3.33, +4.881, +4.734,+0.987
1588320000,+3.33, +4.912, +4.728,+0.987
1588320060,+3.33, +4.871, +4.730,+0.987
1588320120,+3.33, +4.912, +4.721,+0.987
1588320180,+3.33, +4.881, +4.721,+0.987
1588320240,+3.33, +4.892, +4.711,+0.986
1588320300,+3.33, +4.871, +4.713,+0.987
1588320360,+3.33, +4.881, +4.707,+0.987
1588320420,+3.33, +4.912, +4.694,+0.987
1588320480,+3.33, +4.892, +4.691,+0.987
1588320540,+3.33, +4.892, +4.678,+0.987
1588320600,+3.33, +4.861, +4.680,+0.987
1588320660,+3.33, +4.881, +4.663,+0.987
1588320720,+3.33, +4.861, +4.660,+0.987
1588320780,+3.33, +4.871, +4.661,+0.987
1588320840,+3.33, +4.892, +4.655,+0.987
1588320900,+3.33, +4.871, +4.654,+0.987
1588320960,+3.33, +4.871, +4.654,+0.987
1588321020,+3.33, +4.871, +4.642,+0.986
1588321080,+3.33, +4.861, +4.648,+0.987
1588321140,+3.32, +4.871, +4.639,+0.987
1588321200,+3.33, +4.851, +4.634,+0.987
1588321260,+3.33, +4.841, +4.628,+0.987
1588321320,+3.33, +4.851, +4.614,+0.987
1588321380,+3.33, +4.831, +4.615,+0.987
1588321440,+3.33, +4.851, +4.605,+0.987
1588321500,+3.33, +4.881, +4.585,+0.987
1588321560,+3.32, +4.851, +4.578,+0.987
1588321620,+3.33, +4.841, +4.570,+0.987
1588321680,+3.33, +4.851, +4.559,+0.987
1588321740,+3.33, +4.851, +4.547,+0.987
1588321800,+3.33, +4.851, +4.545,+0.987
1588321860,+3.33, +4.851, +4.535,+0.987
1588321920,+3.33, +4.871, +4.533,+0.987
1588321980,+3.33, +4.861, +4.524,+0.987
1588322040,+3.33, +4.851, +4.523,+0.987
1588322100,+3.33, +4.861, +4.518,+0.987
1588322160,+3.33, +4.831, +4.508,+0.986
1588322220,+3.33, +4.831, +4.508,+0.987
1588322280,+3.33, +4.790, +4.506,+0.987
1588322340,+3.33, +4.851, +4.486,+0.987
1588322400,+3.33, +4.861, +4.479,+0.987
1588322460,+3.33, +4.841, +4.476,+0.987
1588322520,+3.33, +4.841, +4.469,+0.987
1588322580,+3.33, +4.841, +4.460,+0.987
1588322640,+3.33, +4.851, +4.452,+0.987
1588322700,+3.33, +4.841, +4.449,+0.987
1588322760,+3.33, +4.841, +4.438,+0.987
1588322820,+3.33, +4.831, +4.444,+0.987
1588322880,+3.33, +4.861, +4.430,+0.987
1588322940,+3.33, +4.851, +4.421,+0.986
1588323000,+3.33, +4.851, +4.418,+0.986
1588323060,+3.33, +4.851, +4.425,+0.987
1588323120,+3.33, +4.861, +4.419,+0.987
1588323180,+3.33, +4.851, +4.422,+0.987
1588323240,+3.33, +4.841, +4.422,+0.987
1588323300,+3.33, +4.861, +4.422,+0.987
1588323360,+3.33, +4.881, +4.420,+0.987
1588323420,+3.33, +4.871, +4.423,+0.987
1588323480,+3.33, +4.861, +4.424,+0.987
1588323540,+3.33, +4.881, +4.417,+0.986
1588323600,+3.33, +4.851, +4.385,+0.986
1588323660,+3.33, +4.892, +4.426,+0.987
1588323720,+3.33, +4.871, +4.463,+0.987
1588323780,+3.33, +4.851, +4.495,+0.987
1588323840,+3.33, +4.881, +4.509,+0.987
1588323900,+3.33, +4.892, +4.522,+0.987
1588323960,+3.33, +4.861, +4.529,+0.986
1588324020,+3.33, +4.881, +4.542,+0.987
1588324080,+3.33, +4.881, +4.545,+0.987
1588324140,+3.33, +4.871, +4.554,+0.987
1588324200,+3.33, +4.892, +4.554,+0.987
1588324260,+3.33, +4.881, +4.562,+0.987
1588324320,+3.33, +4.892, +4.554,+0.987
1588324380,+3.33, +4.892, +4.560,+0.987
1588324440,+3.33, +4.902, +4.562,+0.987
1588324500,+3.33, +4.892, +4.563,+0.986
1588324560,+3.33, +4.922, +4.565,+0.987
1588324620,+3.33, +4.902, +4.586,+0.987
1588324680,+3.33, +4.892, +4.595,+0.987
1588324740,+3.33, +4.892, +4.605,+0.987
1588324800,+3.33, +4.902, +4.619,+0.987
1588324860,+3.33, +4.912, +4.623,+0.987
1588324920,+3.33, +4.902, +4.638,+0.987
1588324980,+3.33, +4.881, +4.652,+0.987
1588325040,+3.33, +4.912, +4.653,+0.987
1588325100,+3.33, +4.902, +4.651,+0.987
1588325160,+3.33, +4.932, +4.654,+0.987
1588325220,+3.33, +4.932, +4.664,+0.987
1588325280,+3.33, +4.892, +4.675,+0.987
1588325340,+3.33, +4.892, +4.683,+0.987
1588325400,+3.33, +4.892, +4.678,+0.987
1588325460,+3.33, +4.902, +4.683,+0.987
1588325520,+3.33, +4.902, +4.683,+0.987
1588325580,+3.33, +4.892, +4.689,+0.987
1588325640,+3.33, +4.892, +4.684,+0.986
1588325700,+3.33, +4.881, +4.693,+0.987
1588325760,+3.33, +4.912, +4.695,+0.987
1588325820,+3.33, +4.892, +4.694,+0.987
1588325880,+3.33, +4.902, +4.704,+0.987
1588325940,+3.33, +4.922, +4.694,+0.987
1588326000,+3.33, +4.912, +4.701,+0.987
1588326060,+3.33, +4.902, +4.700,+0.986
1588326120,+3.33, +4.881, +4.716,+0.987
1588326180,+3.33, +4.902, +4.708,+0.987
1588326240,+3.33, +4.871, +4.720,+0.987
1588326300,+3.33, +4.922, +4.703,+0.987
1588326360,+3.33, +4.881, +4.707,+0.986
1588326420,+3.33, +4.881, +4.710,+0.986
1588326480,+3.33, +4.892, +4.712,+0.987
1588326540,+3.33, +4.902, +4.703,+0.987
1588326600,+3.33, +4.912, +4.705,+0.987
1588326660,+3.33, +4.902, +4.708,+0.987
1588326720,+3.33, +4.892, +4.712,+0.987
1588326780,+3.33, +4.871, +4.713,+0.987
1588326840,+3.33, +4.892, +4.707,+0.987
1588326900,+3.33, +4.871, +4.716,+0.987
1588326960,+3.33, +4.902, +4.708,+0.987
1588327020,+3.33, +4.881, +4.710,+0.987
1588327080,+3.33, +4.881, +4.710,+0.987
1588327140,+3.33, +4.861, +4.712,+0.987
1588327200,+3.33, +4.871, +4.714,+0.987
1588327260,+3.33, +4.902, +4.704,+0.987
1588327320,+3.33, +4.892, +4.701,+0.987
1588327380,+3.33, +4.871, +4.709,+0.987
1588327440,+3.33, +4.892, +4.701,+0.987
1588327500,+3.33, +4.821, +4.710,+0.986
1588327560,+3.33, +4.881, +4.699,+0.987
1588327620,+3.33, +4.851, +4.703,+0.987
1588327680,+3.33, +4.902, +4.694,+0.987
1588327740,+3.33, +4.861, +4.703,+0.987
1588327800,+3.33, +4.902, +4.693,+0.987
1588327860,+3.33, +4.902, +4.693,+0.987
1588327920,+3.33, +4.902, +4.687,+0.987
1588327980,+3.33, +4.892, +4.686,+0.987
1588328040,+3.33, +4.912, +4.680,+0.987
1588328100,+3.33, +4.861, +4.678,+0.986
1588328160,+3.33, +4.912, +4.668,+0.987
1588328220,+3.33, +4.892, +4.671,+0.987
1588328280,+3.33, +4.871, +4.679,+0.987
1588328340,+3.33, +4.902, +4.665,+0.987
1588328400,+3.33, +4.861, +4.671,+0.987
1588328460,+3.33, +4.871, +4.672,+0.987
1588328520,+3.33, +4.881, +4.676,+0.987
1588328580,+3.33, +4.902, +4.671,+0.987
1588328640,+3.33, +4.881, +4.672,+0.986
1588328700,+3.33, +4.892, +4.690,+0.987
1588328760,+3.33, +4.902, +4.676,+0.986
1588328820,+3.33, +4.881, +4.688,+0.987
1588328880,+3.33, +4.892, +4.684,+0.987
1588328940,+3.33, +4.871, +4.689,+0.987
1588329000,+3.33, +4.892, +4.685,+0.987
1588329060,+3.33, +4.881, +4.689,+0.987
1588329120,+3.33, +4.892, +4.690,+0.987
1588329180,+3.33, +4.902, +4.686,+0.987
1588329240,+3.33, +4.902, +4.688,+0.987
1588329300,+3.33, +4.892, +4.686,+0.986
1588329360,+3.33, +4.912, +4.693,+0.987
1588329420,+3.33, +4.892, +4.694,+0.986
1588329480,+3.33, +4.912, +4.697,+0.987
1588329540,+3.33, +4.902, +4.692,+0.987
1588329600,+3.33, +4.902, +4.702,+0.987
1588329660,+3.33, +4.881, +4.701,+0.987
1588329720,+3.33, +4.912, +4.697,+0.987
1588329780,+3.33, +4.922, +4.691,+0.987
1588329840,+3.32, +4.902, +4.700,+0.987
1588329900,+3.33, +4.912, +4.697,+0.987
1588329960,+3.33, +4.902, +4.695,+0.987
1588330020,+3.33, +4.922, +4.688,+0.987
1588330080,+3.33, +4.912, +4.694,+0.987
1588330140,+3.33, +4.892, +4.686,+0.987
1588330200,+3.33, +4.892, +4.687,+0.987
1588330260,+3.33, +4.902, +4.677,+0.987
1588330320,+3.33, +4.861, +4.686,+0.987
1588330380,+3.33, +4.892, +4.679,+0.987
1588330440,+3.33, +4.861, +4.680,+0.987
1588330500,+3.33, +4.881, +4.673,+0.986
1588330560,+3.33, +4.881, +4.672,+0.987
1588330620,+3.33, +4.871, +4.671,+0.987
1588330680,+3.33, +4.881, +4.665,+0.987
1588330740,+3.33, +4.861, +4.675,+0.987
1588330800,+3.33, +4.790, +4.685,+0.987
1588330860,+3.33, +4.851, +4.666,+0.987
1588330920,+3.33, +4.881, +4.662,+0.987
1588330980,+3.33, +4.861, +4.659,+0.987
1588331040,+3.33, +4.861, +4.650,+0.987
1588331100,+3.33, +4.851, +4.652,+0.987
1588331160,+3.33, +4.871, +4.635,+0.986
1588331220,+3.33, +4.871, +4.636,+0.987
1588331280,+3.33, +4.861, +4.640,+0.987
1588331340,+3.33, +4.841, +4.634,+0.987
1588331400,+3.33, +4.841, +4.633,+0.987
1588331460,+3.33, +4.861, +4.633,+0.987
1588331520,+3.33, +4.851, +4.630,+0.987
1588331580,+3.33, +4.881, +4.622,+0.987
1588331640,+3.33, +4.861, +4.619,+0.987
1588331700,+3.33, +4.861, +4.604,+0.987
1588331760,+3.33, +4.861, +4.591,+0.987
1588331820,+3.33, +4.841, +4.591,+0.986
1588331880,+3.33, +4.861, +4.587,+0.987
1588331940,+3.33, +4.871, +4.587,+0.987
1588332000,+3.33, +4.861, +4.584,+0.986
1588332060,+3.33, +4.841, +4.594,+0.987
1588332120,+3.33, +4.851, +4.599,+0.987
1588332180,+3.33, +4.861, +4.592,+0.987
1588332240,+3.33, +4.881, +4.594,+0.987
1588332300,+3.33, +4.881, +4.598,+0.987
1588332360,+3.33, +4.851, +4.601,+0.987
1588332420,+3.33, +4.892, +4.602,+0.987
1588332480,+3.33, +4.851, +4.615,+0.987
1588332540,+3.33, +4.861, +4.618,+0.987
1588332600,+3.33, +4.892, +4.608,+0.987
1588332660,+3.33, +4.892, +4.616,+0.987
1588332720,+3.33, +4.871, +4.623,+0.987
1588332780,+3.33, +4.841, +4.636,+0.987
1588332840,+3.33, +4.871, +4.634,+0.987
1588332900,+3.33, +4.881, +4.638,+0.987
1588332960,+3.33, +4.902, +4.640,+0.987
1588333020,+3.33, +4.871, +4.649,+0.987
1588333080,+3.33, +4.881, +4.655,+0.987
1588333140,+3.33, +4.892, +4.658,+0.987
1588333200,+3.33, +4.871, +4.670,+0.987
1588333260,+3.33, +4.892, +4.665,+0.987
1588333320,+3.33, +4.881, +4.668,+0.987
1588333380,+3.33, +4.871, +4.674,+0.987
1588333440,+3.33, +4.871, +4.674,+0.987
1588333500,+3.33, +4.892, +4.676,+0.987
1588333560,+3.33, +4.871, +4.678,+0.987
1588333620,+3.33, +4.892, +4.675,+0.987
1588333680,+3.33, +4.892, +4.670,+0.986
1588333740,+3.33, +4.881, +4.680,+0.987
1588333800,+3.33, +4.892, +4.676,+0.987
1588333860,+3.33, +4.902, +4.673,+0.987
1588333920,+3.33, +4.881, +4.667,+0.986
1588333980,+3.33, +4.892, +4.668,+0.987
1588334040,+3.33, +4.892, +4.657,+0.987
1588334100,+3.33, +4.881, +4.652,+0.987
1588334160,+3.33, +4.881, +4.640,+0.987
1588334220,+3.33, +4.841, +4.649,+0.987
1588334280,+3.33, +4.871, +4.639,+0.987
1588334340,+3.33, +4.881, +4.640,+0.987
1588334400,+3.33, +4.871, +4.646,+0.987
1588334460,+3.33, +4.881, +4.638,+0.987
1588334520,+3.33, +4.861, +4.643,+0.987
1588334580,+3.33, +4.892, +4.636,+0.987
1588334640,+3.33, +4.871, +4.644,+0.987
1588334700,+3.33, +4.861, +4.645,+0.987
1588334760,+3.33, +4.861, +4.640,+0.987
1588334820,+3.32, +4.871, +4.639,+0.987
1588334880,+3.33, +4.871, +4.636,+0.987
1588334940,+3.33, +4.892, +4.644,+0.987
1588335000,+3.33, +4.892, +4.651,+0.987
1588335060,+3.33, +4.881, +4.647,+0.987
1588335120,+3.33, +4.851, +4.647,+0.987
1588335180,+3.33, +4.851, +4.637,+0.987
1588335240,+3.33, +4.851, +4.636,+0.986
1588335300,+3.33, +4.902, +4.632,+0.987
1588335360,+3.33, +4.871, +4.641,+0.987
1588335420,+3.33, +4.892, +4.639,+0.987
1588335480,+3.33, +4.881, +4.646,+0.987
1588335540,+3.33, +4.861, +4.639,+0.987
1588335600,+3.33, +4.861, +4.642,+0.987
1588335660,+3.33, +4.892, +4.637,+0.987
1588335720,+3.33, +4.841, +4.649,+0.987
1588335780,+3.33, +4.871, +4.646,+0.987
1588335840,+3.33, +4.902, +4.639,+0.987
1588335900,+3.33, +4.871, +4.660,+0.987
1588335960,+3.33, +4.881, +4.657,+0.987
1588336020,+3.33, +4.871, +4.660,+0.987
1588336080,+3.33, +4.861, +4.642,+0.987
1588336140,+3.33, +4.861, +4.585,+0.986
1588336200,+3.33, +4.861, +4.553,+0.987
1588336260,+3.33, +4.851, +4.521,+0.987
1588336320,+3.33, +4.871, +4.477,+0.987
1588336380,+3.33, +4.831, +4.499,+0.987
1588336440,+3.33, +4.831, +4.499,+0.986
1588336500,+3.33, +4.810, +4.500,+0.987
1588336560,+3.33, +4.821, +4.458,+0.986
1588336620,+3.33, +4.841, +4.437,+0.987
1588336680,+3.33, +4.841, +4.462,+0.987
1588336740,+3.33, +4.881, +4.476,+0.987
1588336800,+3.33, +4.821, +4.501,+0.987
1588336860,+3.33, +4.821, +4.507,+0.987
1588336920,+3.33, +4.841, +4.495,+0.987
1588336980,+3.33, +4.821, +4.463,+0.987
1588337040,+3.33, +4.821, +4.457,+0.987
1588337100,+3.33, +4.770, +4.413,+0.986
1588337160,+3.33, +4.749, +4.222,+0.987
1588337220,+3.33, +4.770, +4.069,+0.987
1588337280,+3.33, +4.749, +3.985,+0.986
1588337340,+3.33, +4.719, +3.991,+0.986
1588337400,+3.33, +4.719, +3.926,+0.986
1588337460,+3.33, +4.709, +3.842,+0.986
1588337520,+3.33, +4.709, +3.824,+0.986
1588337580,+3.33, +4.719, +3.895,+0.986
1588337640,+3.33, +4.719, +3.927,+0.986
1588337700,+3.33, +4.749, +3.925,+0.986
1588337760,+3.33, +4.760, +3.999,+0.987
1588337820,+3.33, +4.729, +4.029,+0.987
1588337880,+3.33, +4.770, +4.026,+0.987
1588337940,+3.33, +4.739, +4.041,+0.986
1588338000,+3.33, +4.790, +4.039,+0.986
1588338060,+3.33, +4.749, +4.053,+0.986
1588338120,+3.33, +4.760, +4.060,+0.986
1588338180,+3.33, +4.780, +4.069,+0.986
1588338240,+3.33, +4.780, +4.116,+0.987
1588338300,+3.33, +4.780, +4.151,+0.987
1588338360,+3.33, +4.770, +4.156,+0.987
1588338420,+3.33, +4.749, +4.154,+0.986
1588338480,+3.33, +4.749, +4.120,+0.986
1588338540,+3.33, +4.739, +4.039,+0.987
1588338600,+3.33, +4.821, +4.203,+0.987
1588338660,+3.33, +4.831, +4.333,+0.987
1588338720,+3.33, +4.821, +4.466,+0.987
1588338780,+3.33, +4.831, +4.550,+0.987
1588338840,+3.33, +4.831, +4.591,+0.988
1588338900,+3.33, +4.800, +4.512,+0.987
1588338960,+3.33, +4.790, +4.311,+0.986
1588339020,+3.33, +4.780, +4.267,+0.987
1588339080,+3.33, +4.821, +4.255,+0.987
1588339140,+3.33, +4.800, +4.262,+0.986
1588339200,+3.33, +4.831, +4.302,+0.987
1588339260,+3.33, +4.861, +4.394,+0.987
1588339320,+3.33, +4.871, +4.533,+0.987
1588339380,+3.33, +4.861, +4.588,+0.987
1588339440,+3.33, +4.861, +4.540,+0.987
1588339500,+3.33, +4.861, +4.478,+0.987
1588339560,+3.33, +4.790, +4.439,+0.987
1588339620,+3.33, +4.790, +4.383,+0.987
1588339680,+3.33, +4.780, +4.366,+0.986
1588339740,+3.33, +4.821, +4.376,+0.987
1588339800,+3.33, +4.831, +4.467,+0.987
1588339860,+3.33, +4.841, +4.566,+0.986
1588339920,+3.33, +4.851, +4.497,+0.987
1588339980,+3.33, +4.749, +4.426,+0.987
1588340040,+3.33, +4.698, +4.077,+0.986
1588340100,+3.33, +4.770, +3.976,+0.986
1588340160,+3.33, +4.780, +4.040,+0.987
1588340220,+3.33, +4.810, +4.140,+0.987
1588340280,+3.33, +4.821, +4.313,+0.987
1588340340,+3.33, +4.861, +4.404,+0.987
1588340400,+3.33, +4.861, +4.512,+0.987
1588340460,+3.33, +4.881, +4.593,+0.987
1588340520,+3.33, +4.861, +4.685,+0.987
1588340580,+3.33, +4.871, +4.708,+0.987
1588340640,+3.33, +4.831, +4.769,+0.987
1588340700,+3.33, +4.892, +4.765,+0.987
1588340760,+3.33, +4.881, +4.797,+0.987
1588340820,+3.33, +4.881, +4.822,+0.987
1588340880,+3.33, +4.892, +4.856,+0.987
1588340940,+3.33, +4.892, +4.816,+0.987
1588341000,+3.33, +4.871, +4.746,+0.986
1588341060,+3.33, +4.881, +4.789,+0.987
1588341120,+3.33, +4.892, +4.973,+0.987
1588341180,+3.33, +4.902, +5.037,+0.987
1588341240,+3.33, +4.760, +4.996,+0.987
1588341300,+3.33, +4.881, +4.836,+0.987
1588341360,+3.33, +4.861, +4.778,+0.987
1588341420,+3.33, +4.851, +4.696,+0.987
1588341480,+3.33, +4.892, +4.672,+0.987
1588341540,+3.33, +4.892, +4.766,+0.987
1588341600,+3.33, +4.932, +4.914,+0.988
1588341660,+3.33, +4.902, +4.981,+0.987
1588341720,+3.33, +4.892, +4.813,+0.987
1588341780,+3.33, +4.881, +4.730,+0.987
1588341840,+3.33, +4.800, +4.537,+0.987
1588341900,+3.33, +4.810, +4.259,+0.986
1588341960,+3.33, +4.810, +4.133,+0.986
1588342020,+3.33, +4.800, +4.118,+0.986
1588342080,+3.33, +4.810, +4.200,+0.987
1588342140,+3.33, +4.729, +4.054,+0.986
1588342200,+3.33, +4.688, +3.739,+0.986
1588342260,+3.33, +4.658, +3.567,+0.986
1588342320,+3.33, +4.627, +3.376,+0.985
1588342380,+3.33, +4.627, +3.238,+0.985
1588342440,+3.33, +4.617, +3.207,+0.985
1588342500,+3.33, +4.647, +3.227,+0.985
1588342560,+3.33, +4.658, +3.356,+0.985
1588342620,+3.33, +4.617, +3.367,+0.985
1588342680,+3.33, +4.617, +3.242,+0.985
1588342740,+3.33, +4.637, +3.290,+0.985
1588342800,+3.33, +4.627, +3.303,+0.985
1588342860,+3.33, +4.586, +3.298,+0.985
1588342920,+3.33, +4.566, +3.172,+0.985
1588342980,+3.33, +4.545, +3.076,+0.984
1588343040,+3.33, +4.535, +2.970,+0.984
1588343100,+3.33, +4.556, +2.914,+0.984
1588343160,+3.33, +4.586, +3.027,+0.985
1588343220,+3.33, +4.617, +3.168,+0.985
1588343280,+3.33, +4.678, +3.337,+0.986
1588343340,+3.33, +4.647, +3.441,+0.986
1588343400,+3.33, +4.627, +3.378,+0.985
1588343460,+3.33, +4.627, +3.310,+0.985
1588343520,+3.33, +4.647, +3.384,+0.986
1588343580,+3.33, +4.637, +3.403,+0.986
1588343640,+3.33, +4.688, +3.488,+0.986
1588343700,+3.33, +4.760, +3.683,+0.986
1588343760,+3.33, +4.810, +4.074,+0.987
1588343820,+3.33, +4.861, +4.303,+0.987
1588343880,+3.33, +4.841, +4.439,+0.987
1588343940,+3.33, +4.871, +4.750,+0.988
1588344000,+3.33, +4.942, +5.204,+0.988
1588344060,+3.33, +5.003, +5.562,+0.988
1588344120,+3.33, +5.033, +5.914,+0.988
1588344180,+3.33, +5.033, +6.054,+0.988
1588344240,+3.33, +5.064, +6.122,+0.988
1588344300,+3.33, +5.104, +6.201,+0.988
1588344360,+3.33, +5.114, +6.300,+0.988
1588344420,+3.33, +5.084, +6.290,+0.987
1588344480,+3.33, +5.074, +6.152,+0.987
1588344540,+3.33, +5.054, +5.934,+0.987
1588344600,+3.33, +5.043, +5.824,+0.987
1588344660,+3.33, +5.023, +5.769,+0.987
1588344720,+3.33, +5.013, +5.782,+0.987
1588344780,+3.33, +4.983, +5.704,+0.987
1588344840,+3.33, +4.973, +5.558,+0.988
1588344900,+3.33, +4.963, +5.447,+0.987
1588344960,+3.33, +4.973, +5.468,+0.987
1588345020,+3.33, +4.973, +5.484,+0.987
1588345080,+3.33, +4.973, +5.370,+0.987
1588345140,+3.33, +4.973, +5.316,+0.987
1588345200,+3.33, +4.942, +4.878,+0.987
1588345260,+3.33, +4.902, +4.622,+0.987
1588345320,+3.33, +4.800, +4.322,+0.986
1588345380,+3.33, +4.749, +3.895,+0.986
1588345440,+3.33, +4.739, +3.721,+0.986
1588345500,+3.33, +4.749, +3.636,+0.985
1588345560,+3.33, +4.719, +3.535,+0.985
1588345620,+3.33, +4.719, +3.537,+0.986
1588345680,+3.33, +4.709, +3.581,+0.986
1588345740,+3.33, +4.729, +3.644,+0.986
1588345800,+3.33, +4.749, +3.728,+0.986
1588345860,+3.33, +4.729, +3.701,+0.986
1588345920,+3.33, +4.709, +3.641,+0.986
1588345980,+3.33, +4.739, +3.694,+0.986
1588346040,+3.33, +4.760, +3.761,+0.986
1588346100,+3.33, +4.729, +3.758,+0.986
1588346160,+3.33, +4.719, +3.708,+0.986
1588346220,+3.33, +4.688, +3.650,+0.986
1588346280,+3.33, +4.668, +3.455,+0.985
1588346340,+3.33, +4.658, +3.414,+0.986
1588346400,+3.33, +4.627, +3.284,+0.985
1588346460,+3.33, +4.617, +3.194,+0.985
1588346520,+3.33, +4.617, +3.185,+0.985
1588346580,+3.33, +4.658, +3.238,+0.985
1588346640,+3.33, +4.596, +3.270,+0.985
1588346700,+3.33, +4.525, +3.023,+0.984
1588346760,+3.33, +4.453, +2.754,+0.984
1588346820,+3.33, +4.463, +2.525,+0.983
1588346880,+3.33, +4.443, +2.382,+0.982
1588346940,+3.33, +4.433, +2.293,+0.982
1588347000,+3.33, +4.412, +2.107,+0.981
1588347060,+3.33, +4.371, +1.859,+0.980
1588347120,+3.33, +4.289, +1.609,+0.978
1588347180,+3.33, +4.289, +1.422,+0.977
1588347240,+3.33, +4.299, +1.435,+0.977
1588347300,+3.33, +4.330, +1.680,+0.979
1588347360,+3.33, +4.340, +1.652,+0.979
1588347420,+3.33, +4.361, +1.802,+0.980
1588347480,+3.33, +4.392, +1.922,+0.981
1588347540,+3.33, +4.422, +2.024,+0.981
1588347600,+3.33, +4.433, +2.209,+0.982
1588347660,+3.33, +4.443, +2.337,+0.983
1588347720,+3.33, +4.484, +2.408,+0.983
1588347780,+3.33, +4.494, +2.524,+0.983
1588347840,+3.33, +4.504, +2.611,+0.984
1588347900,+3.33, +4.515, +2.670,+0.984
1588347960,+3.33, +4.576, +2.912,+0.985
1588348020,+3.33, +4.586, +3.112,+0.985
1588348080,+3.33, +4.576, +3.080,+0.985
1588348140,+3.33, +4.596, +3.263,+0.986
1588348200,+3.33, +4.647, +3.364,+0.986
1588348260,+3.33, +4.637, +3.335,+0.986
1588348320,+3.33, +4.607, +3.260,+0.985
1588348380,+3.33, +4.566, +3.038,+0.984
1588348440,+3.33, +4.525, +2.764,+0.984
1588348500,+3.33, +4.525, +2.667,+0.984
1588348560,+3.33, +4.556, +2.805,+0.984
1588348620,+3.33, +4.515, +2.815,+0.984
1588348680,+3.33, +4.494, +2.712,+0.984
1588348740,+3.33, +4.474, +2.634,+0.983
1588348800,+3.33, +4.474, +2.512,+0.983
1588348860,+3.33, +4.556, +2.436,+0.983
1588348920,+3.33, +4.607, +2.717,+0.984
1588348980,+3.33, +4.658, +3.126,+0.985
1588349040,+3.33, +4.719, +3.492,+0.986
1588349100,+3.33, +4.678, +3.479,+0.986
1588349160,+3.33, +4.698, +3.460,+0.986
1588349220,+3.33, +4.709, +3.519,+0.986
1588349280,+3.33, +4.760, +3.712,+0.986
1588349340,+3.33, +4.780, +3.909,+0.987
1588349400,+3.33, +4.790, +4.051,+0.986
1588349460,+3.33, +4.871, +4.201,+0.987
1588349520,+3.33, +4.871, +4.388,+0.987
1588349580,+3.33, +4.881, +4.532,+0.987
1588349640,+3.33, +4.851, +4.488,+0.987
1588349700,+3.33, +4.810, +4.370,+0.987
1588349760,+3.33, +4.790, +4.235,+0.987
1588349820,+3.33, +4.647, +3.982,+0.986
1588349880,+3.33, +4.678, +3.652,+0.986
1588349940,+3.33, +4.637, +3.367,+0.985
1588350000,+3.33, +4.647, +3.262,+0.985
1588350060,+3.33, +4.678, +3.274,+0.985
1588350120,+3.33, +4.647, +3.286,+0.985
1588350180,+3.33, +4.637, +3.203,+0.985
1588350240,+3.33, +4.678, +3.344,+0.986
1588350300,+3.33, +4.719, +3.521,+0.986
1588350360,+3.33, +4.790, +3.714,+0.987
1588350420,+3.33, +4.841, +4.191,+0.987
1588350480,+3.33, +4.861, +4.536,+0.987
1588350540,+3.33, +4.912, +4.718,+0.988
1588350600,+3.33, +4.952, +4.908,+0.988
1588350660,+3.33, +4.952, +5.097,+0.987
1588350720,+3.33, +4.983, +5.105,+0.987
1588350780,+3.33, +5.023, +5.254,+0.987
1588350840,+3.33, +5.013, +5.375,+0.988
1588350900,+3.33, +5.033, +5.722,+0.987
1588350960,+3.33, +5.064, +5.902,+0.988
1588351020,+3.33, +5.074, +5.931,+0.987
1588351080,+3.33, +5.084, +5.917,+0.988
1588351140,+3.33, +5.094, +5.953,+0.988
1588351200,+3.33, +5.094, +5.981,+0.988
1588351260,+3.33, +5.134, +6.102,+0.987
1588351320,+3.33, +5.134, +6.279,+0.987
1588351380,+3.33, +5.114, +6.380,+0.988
1588351440,+3.33, +5.185, +6.459,+0.987
1588351500,+3.33, +5.144, +6.322,+0.987
1588351560,+3.33, +5.124, +5.985,+0.987
1588351620,+3.33, +5.033, +5.543,+0.987
1588351680,+3.33, +4.963, +5.079,+0.987
1588351740,+3.33, +4.841, +4.612,+0.986
1588351800,+3.33, +4.821, +4.286,+0.986
1588351860,+3.33, +4.810, +4.127,+0.986
1588351920,+3.33, +4.780, +3.984,+0.986
1588351980,+3.33, +4.709, +3.812,+0.986
1588352040,+3.33, +4.688, +3.667,+0.985
1588352100,+3.33, +4.709, +3.495,+0.985
1588352160,+3.33, +4.658, +3.435,+0.985
1588352220,+3.33, +4.719, +3.617,+0.986
1588352280,+3.33, +4.719, +3.693,+0.986
1588352340,+3.33, +4.678, +3.555,+0.985
1588352400,+3.33, +4.627, +3.284,+0.985
1588352460,+3.33, +4.586, +3.057,+0.984
1588352520,+3.33, +4.535, +2.845,+0.984
1588352580,+3.33, +4.515, +2.631,+0.983
1588352640,+3.33, +4.545, +2.673,+0.984
1588352700,+3.33, +4.607, +2.933,+0.984
1588352760,+3.33, +4.607, +3.189,+0.985
1588352820,+3.33, +4.658, +3.367,+0.985
1588352880,+3.33, +4.637, +3.335,+0.985
1588352940,+3.33, +4.607, +3.285,+0.985
1588353000,+3.33, +4.627, +3.350,+0.985
1588353060,+3.32, +4.617, +3.279,+0.985
1588353120,+3.33, +4.688, +3.301,+0.986
1588353180,+3.33, +4.831, +3.759,+0.987
1588353240,+3.33, +4.902, +4.530,+0.987
1588353300,+3.33, +4.922, +4.802,+0.987
1588353360,+3.33, +4.932, +4.949,+0.988
1588353420,+3.33, +4.963, +5.117,+0.988
1588353480,+3.33, +4.993, +5.220,+0.987
1588353540,+3.33, +4.983, +5.244,+0.987
1588353600,+3.33, +4.942, +5.150,+0.987
1588353660,+3.33, +4.942, +5.051,+0.987
1588353720,+3.33, +4.963, +5.064,+0.987
1588353780,+3.33, +4.973, +5.098,+0.987
1588353840,+3.33, +4.932, +5.006,+0.987
1588353900,+3.33, +4.902, +4.854,+0.987
1588353960,+3.33, +4.892, +4.702,+0.987
1588354020,+3.33, +4.871, +4.688,+0.987
1588354080,+3.33, +4.800, +4.571,+0.987
1588354140,+3.33, +4.902, +4.626,+0.986
1588354200,+3.33, +4.892, +4.744,+0.987
1588354260,+3.33, +4.973, +4.913,+0.987
1588354320,+3.33, +4.973, +5.087,+0.987
1588354380,+3.33, +5.003, +5.393,+0.987
1588354440,+3.33, +5.074, +5.559,+0.988
1588354500,+3.33, +5.084, +5.733,+0.988
1588354560,+3.33, +5.064, +5.800,+0.987
1588354620,+3.33, +5.074, +5.848,+0.988
1588354680,+3.33, +5.023, +5.755,+0.987
1588354740,+3.33, +4.983, +5.483,+0.987
1588354800,+3.33, +4.963, +5.333,+0.987
1588354860,+3.33, +4.973, +5.264,+0.987
1588354920,+3.33, +5.003, +5.252,+0.987
1588354980,+3.33, +5.043, +5.257,+0.988
1588355040,+3.33, +5.124, +5.800,+0.987
1588355100,+3.33, +5.124, +6.393,+0.988
1588355160,+3.33, +5.175, +6.700,+0.988
1588355220,+3.33, +5.225, +6.945,+0.988
1588355280,+3.33, +5.215, +6.966,+0.988
1588355340,+3.33, +5.215, +7.008,+0.988
1588355400,+3.33, +5.205, +7.052,+0.988
1588355460,+3.33, +5.185, +6.962,+0.987
1588355520,+3.33, +5.114, +6.245,+0.987
1588355580,+3.32, +4.993, +5.367,+0.986
1588355640,+3.33, +4.892, +4.633,+0.986
1588355700,+3.33, +4.810, +4.145,+0.986
1588355760,+3.33, +4.729, +3.727,+0.985
1588355820,+3.33, +4.749, +3.622,+0.985
1588355880,+3.33, +4.770, +3.642,+0.986
1588355940,+3.33, +4.821, +3.758,+0.986
1588356000,+3.33, +4.810, +3.959,+0.986
1588356060,+3.33, +4.861, +4.159,+0.987
1588356120,+3.33, +4.861, +4.202,+0.987
1588356180,+3.33, +4.902, +4.389,+0.987
1588356240,+3.33, +4.831, +4.522,+0.986
1588356300,+3.33, +4.892, +4.429,+0.987
1588356360,+3.33, +4.892, +4.541,+0.987
1588356420,+3.33, +4.892, +4.583,+0.986
1588356480,+3.33, +4.892, +4.650,+0.987
1588356540,+3.33, +4.922, +4.704,+0.987
1588356600,+3.33, +4.952, +4.804,+0.987
1588356660,+3.33, +4.963, +4.952,+0.987
1588356720,+3.32, +4.983, +5.047,+0.988
1588356780,+3.33, +4.942, +5.102,+0.987
1588356840,+3.33, +4.922, +4.926,+0.987
1588356900,+3.33, +4.841, +4.370,+0.986
1588356960,+3.33, +4.729, +3.822,+0.985
1588357020,+3.33, +4.658, +3.575,+0.985
1588357080,+3.33, +4.566, +3.030,+0.984
1588357140,+3.33, +4.515, +2.590,+0.983
1588357200,+3.33, +4.474, +2.495,+0.982
1588357260,+3.33, +4.463, +2.368,+0.982
1588357320,+3.33, +4.443, +2.111,+0.981
1588357380,+3.33, +4.443, +2.051,+0.981
1588357440,+3.33, +4.443, +2.069,+0.981
1588357500,+3.33, +4.484, +2.152,+0.982
1588357560,+3.33, +4.484, +2.245,+0.982
1588357620,+3.33, +4.484, +2.308,+0.983
1588357680,+3.33, +4.474, +2.357,+0.982
1588357740,+3.33, +4.422, +2.118,+0.981
1588357800,+3.33, +4.361, +1.810,+0.979
1588357860,+3.33, +4.351, +1.729,+0.979
1588357920,+3.33, +4.381, +2.033,+0.981
1588357980,+3.33, +4.381, +2.017,+0.981
1588358040,+3.33, +4.422, +2.071,+0.981
1588358100,+3.33, +4.412, +2.166,+0.982
1588358160,+3.33, +4.412, +2.233,+0.982
1588358220,+3.33, +4.412, +2.242,+0.982
1588358280,+3.33, +4.433, +2.321,+0.983
1588358340,+3.33, +4.494, +2.702,+0.984
1588358400,+3.33, +4.535, +3.021,+0.985
1588358460,+3.33, +4.535, +2.977,+0.985
1588358520,+3.33, +4.525, +2.884,+0.984
1588358580,+3.33, +4.556, +2.918,+0.985
1588358640,+3.33, +4.607, +3.320,+0.986
1588358700,+3.33, +4.647, +3.511,+0.986
1588358760,+3.33, +4.719, +3.704,+0.987
1588358820,+3.33, +4.729, +3.738,+0.986
1588358880,+3.33, +4.658, +3.519,+0.986
1588358940,+3.33, +4.617, +3.278,+0.985
1588359000,+3.33, +4.627, +3.329,+0.986
1588359060,+3.33, +4.668, +3.458,+0.986
1588359120,+3.33, +4.698, +3.661,+0.986
1588359180,+3.33, +4.760, +3.866,+0.987
1588359240,+3.32, +4.800, +4.066,+0.987
1588359300,+3.33, +4.800, +4.145,+0.987
1588359360,+3.33, +4.800, +4.211,+0.987
1588359420,+3.33, +4.800, +4.177,+0.987
1588359480,+3.33, +4.739, +4.050,+0.986
1588359540,+3.33, +4.709, +3.925,+0.987
1588359600,+3.33, +4.658, +3.711,+0.986
1588359660,+3.33, +4.658, +3.566,+0.986
1588359720,+3.33, +4.627, +3.437,+0.985
1588359780,+3.33, +4.535, +3.017,+0.985
1588359840,+3.33, +4.494, +2.718,+0.983
1588359900,+3.33, +4.463, +2.473,+0.983
1588359960,+3.33, +4.443, +2.281,+0.982
1588360020,+3.33, +4.412, +2.160,+0.981
1588360080,+3.33, +4.371, +2.066,+0.981
1588360140,+3.33, +4.351, +1.978,+0.981
1588360200,+3.33, +4.392, +1.953,+0.981
1588360260,+3.33, +4.402, +2.005,+0.981
1588360320,+3.33, +4.463, +2.541,+0.984
1588360380,+3.33, +4.576, +2.878,+0.984
1588360440,+3.33, +4.647, +3.186,+0.986
1588360500,+3.33, +4.932, +4.403,+0.988
1588360560,+3.33, +5.094, +5.602,+0.989
1588360620,+3.33, +5.235, +6.621,+0.989
1588360680,+3.33, +5.265, +7.164,+0.989
1588360740,+3.33, +5.265, +7.210,+0.988
1588360800,+3.33, +5.275, +7.075,+0.988
1588360860,+3.33, +5.305, +7.119,+0.988
1588360920,+3.33, +5.315, +7.188,+0.988
1588360980,+3.33, +5.275, +6.999,+0.988
1588361040,+3.33, +5.245, +6.910,+0.988
1588361100,+3.33, +5.185, +6.361,+0.987
1588361160,+3.33, +5.144, +6.036,+0.987
1588361220,+3.33, +5.185, +6.047,+0.987
1588361280,+3.33, +5.175, +6.055,+0.987
1588361340,+3.33, +5.205, +6.144,+0.988
1588361400,+3.33, +5.175, +6.080,+0.987
1588361460,+3.33, +5.114, +5.912,+0.987
1588361520,+3.33, +5.144, +5.828,+0.987
1588361580,+3.33, +5.245, +6.402,+0.987
1588361640,+3.33, +5.255, +6.762,+0.987
1588361700,+3.33, +5.325, +7.071,+0.988
1588361760,+3.33, +5.305, +7.346,+0.987
1588361820,+3.33, +5.295, +7.051,+0.987
1588361880,+3.33, +5.205, +6.809,+0.987
1588361940,+3.33, +5.124, +6.178,+0.987
1588362000,+3.33, +5.064, +5.759,+0.987
1588362060,+3.33, +5.054, +5.580,+0.987
1588362120,+3.33, +5.003, +5.310,+0.986
1588362180,+3.33, +4.871, +4.525,+0.986
1588362240,+3.33, +4.790, +3.842,+0.985
1588362300,+3.33, +4.698, +3.370,+0.984
1588362360,+3.33, +4.607, +2.952,+0.983
1588362420,+3.33, +4.576, +2.767,+0.983
1588362480,+3.33, +4.556, +2.665,+0.983
1588362540,+3.33, +4.515, +2.605,+0.983
1588362600,+3.33, +4.545, +2.607,+0.983
1588362660,+3.33, +4.556, +2.630,+0.983
1588362720,+3.33, +4.576, +2.721,+0.984
1588362780,+3.33, +4.719, +3.150,+0.986
1588362840,+3.33, +4.810, +3.523,+0.986
1588362900,+3.33, +4.861, +4.117,+0.986
1588362960,+3.33, +4.770, +4.158,+0.987
1588363020,+3.33, +4.719, +4.074,+0.987
1588363080,+3.33, +4.678, +3.855,+0.986
1588363140,+3.33, +4.719, +3.738,+0.986
1588363200,+3.33, +4.770, +3.876,+0.986
1588363260,+3.33, +4.821, +4.134,+0.987
1588363320,+3.33, +4.821, +4.321,+0.987
1588363380,+3.33, +4.841, +4.410,+0.987
1588363440,+3.33, +4.831, +4.421,+0.987
1588363500,+3.33, +4.760, +4.273,+0.986
1588363560,+3.33, +4.760, +4.076,+0.987
1588363620,+3.33, +4.749, +3.951,+0.986
1588363680,+3.33, +4.709, +3.714,+0.986
1588363740,+3.33, +4.698, +3.536,+0.985
1588363800,+3.33, +4.647, +3.346,+0.986
1588363860,+3.33, +4.637, +3.186,+0.985
1588363920,+3.33, +4.637, +3.152,+0.985
1588363980,+3.33, +4.647, +3.134,+0.985
1588364040,+3.33, +4.627, +3.147,+0.985
1588364100,+3.33, +4.688, +3.300,+0.986
1588364160,+3.33, +4.688, +3.483,+0.986
1588364220,+3.33, +4.719, +3.560,+0.986
1588364280,+3.33, +4.658, +3.372,+0.986
1588364340,+3.33, +4.637, +3.172,+0.985
1588364400,+3.33, +4.545, +2.822,+0.984
1588364460,+3.33, +4.515, +2.513,+0.983
1588364520,+3.33, +4.433, +2.330,+0.982
1588364580,+3.33, +4.412, +2.038,+0.981
1588364640,+3.33, +4.433, +1.908,+0.980
1588364700,+3.33, +4.422, +1.879,+0.980
1588364760,+3.33, +4.412, +1.999,+0.981
1588364820,+3.33, +4.412, +2.050,+0.981
1588364880,+3.33, +4.453, +2.075,+0.981
1588364940,+3.33, +4.525, +2.321,+0.983
1588365000,+3.33, +4.637, +2.574,+0.984
1588365060,+3.33, +4.760, +3.267,+0.986
1588365120,+3.33, +4.892, +4.105,+0.988
1588365180,+3.33, +5.033, +4.959,+0.988
1588365240,+3.33, +5.094, +5.594,+0.988
1588365300,+3.33, +5.104, +5.865,+0.988
1588365360,+3.33, +5.033, +5.858,+0.988
1588365420,+3.33, +5.023, +5.750,+0.988
1588365480,+3.33, +4.973, +5.631,+0.988
1588365540,+3.33, +4.912, +5.480,+0.987
1588365600,+3.33, +4.810, +5.114,+0.987
1588365660,+3.33, +4.719, +4.532,+0.986
1588365720,+3.33, +4.637, +3.989,+0.986
1588365780,+3.33, +4.596, +3.550,+0.985
1588365840,+3.33, +4.596, +3.309,+0.985
1588365900,+3.33, +4.596, +3.149,+0.984
1588365960,+3.33, +4.566, +3.073,+0.984
1588366020,+3.33, +4.576, +3.033,+0.984
1588366080,+3.33, +4.586, +2.974,+0.984
1588366140,+3.33, +4.576, +2.916,+0.984
1588366200,+3.33, +4.627, +2.973,+0.985
