7392-570653
OS REV: 1.11 Sensor Cal: 1428445788
Time (sec),  BV (Volts),  T (deg C),  DO (mg/l),  Q ()
1589057460,+3.34, +6.092, +0.348,+0.964
1589057520,+3.34, +6.131, +0.342,+0.964
1589057580,+3.34, +6.259, +0.364,+0.965
1589057640,+3.34, +6.279, +0.476,+0.966
1589057700,+3.34, +6.298, +0.522,+0.967
1589057760,+3.34, +6.338, +0.530,+0.967
1589057820,+3.34, +6.318, +0.536,+0.967
1589057880,+3.34, +6.249, +0.510,+0.966
1589057940,+3.34, +6.239, +0.463,+0.966
1589058000,+3.34, +6.229, +0.354,+0.964
1589058060,+3.34, +6.190, +0.313,+0.963
1589058120,+3.34, +6.229, +0.286,+0.963
1589058180,+3.34, +6.318, +0.338,+0.964
1589058240,+3.34, +6.416, +0.495,+0.967
1589058300,+3.34, +6.484, +0.605,+0.969
1589058360,+3.34, +6.484, +0.686,+0.970
1589058420,+3.34, +6.426, +0.676,+0.969
1589058480,+3.34, +6.533, +0.659,+0.969
1589058540,+3.34, +6.553, +0.705,+0.970
1589058600,+3.34, +6.592, +0.785,+0.971
1589058660,+3.34, +6.504, +0.654,+0.969
1589058720,+3.34, +6.523, +0.521,+0.967
1589058780,+3.34, +6.484, +0.439,+0.966
1589058840,+3.34, +6.465, +0.398,+0.965
1589058900,+3.34, +6.396, +0.347,+0.964
1589058960,+3.34, +6.406, +0.318,+0.963
1589059020,+3.34, +6.328, +0.296,+0.962
1589059080,+3.34, +6.279, +0.283,+0.962
1589059140,+3.34, +6.229, +0.262,+0.962
1589059200,+3.34, +6.092, +0.228,+0.961
1589059260,+3.34, +6.013, +0.211,+0.961
1589059320,+3.34, +5.894, +0.194,+0.960
1589059380,+3.34, +5.904, +0.184,+0.960
1589059440,+3.34, +5.904, +0.183,+0.960
1589059500,+3.34, +5.914, +0.179,+0.960
1589059560,+3.34, +5.864, +0.173,+0.960
1589059620,+3.34, +5.815, +0.171,+0.960
1589059680,+3.34, +5.824, +0.175,+0.960
1589059740,+3.34, +5.834, +0.195,+0.961
1589059800,+3.34, +5.884, +0.195,+0.961
1589059860,+3.34, +5.924, +0.217,+0.961
1589059920,+3.34, +5.983, +0.240,+0.962
1589059980,+3.34, +5.973, +0.227,+0.962
1589060040,+3.34, +5.973, +0.218,+0.961
1589060100,+3.34, +5.963, +0.220,+0.961
1589060160,+3.34, +5.933, +0.209,+0.961
1589060220,+3.34, +6.052, +0.239,+0.962
1589060280,+3.34, +6.180, +0.321,+0.964
1589060340,+3.34, +6.072, +0.277,+0.962
1589060400,+3.34, +6.052, +0.249,+0.962
1589060460,+3.34, +6.052, +0.229,+0.962
1589060520,+3.34, +6.042, +0.202,+0.961
1589060580,+3.34, +5.933, +0.192,+0.961
1589060640,+3.34, +5.805, +0.185,+0.960
1589060700,+3.34, +5.785, +0.177,+0.960
1589060760,+3.34, +5.824, +0.184,+0.960
1589060820,+3.34, +5.805, +0.183,+0.960
1589060880,+3.34, +5.695, +0.176,+0.960
1589060940,+3.34, +5.645, +0.173,+0.960
1589061000,+3.34, +5.715, +0.168,+0.960
1589061060,+3.34, +5.725, +0.167,+0.960
1589061120,+3.34, +5.685, +0.169,+0.960
1589061180,+3.34, +5.745, +0.167,+0.961
1589061240,+3.34, +5.775, +0.164,+0.960
1589061300,+3.34, +5.775, +0.162,+0.961
1589061360,+3.34, +5.775, +0.160,+0.960
1589061420,+3.34, +5.785, +0.158,+0.960
1589061480,+3.34, +5.785, +0.159,+0.960
1589061540,+3.34, +5.785, +0.162,+0.960
1589061600,+3.34, +5.854, +0.195,+0.961
1589061660,+3.34, +5.943, +0.381,+0.965
1589061720,+3.34, +6.082, +0.479,+0.966
1589061780,+3.34, +6.092, +0.529,+0.967
1589061840,+3.34, +6.022, +0.524,+0.967
1589061900,+3.34, +6.013, +0.467,+0.966
1589061960,+3.34, +6.032, +0.418,+0.965
1589062020,+3.34, +6.013, +0.381,+0.964
1589062080,+3.34, +6.022, +0.342,+0.964
1589062140,+3.34, +5.983, +0.309,+0.963
1589062200,+3.34, +6.052, +0.267,+0.963
1589062260,+3.34, +6.101, +0.259,+0.963
1589062320,+3.34, +6.161, +0.239,+0.962
1589062380,+3.34, +6.269, +0.220,+0.962
1589062440,+3.34, +6.239, +0.210,+0.962
1589062500,+3.34, +6.190, +0.194,+0.961
1589062560,+3.34, +6.180, +0.182,+0.961
1589062620,+3.34, +6.220, +0.174,+0.961
1589062680,+3.34, +6.249, +0.176,+0.961
1589062740,+3.34, +6.279, +0.174,+0.961
1589062800,+3.34, +6.239, +0.173,+0.961
1589062860,+3.34, +6.111, +0.168,+0.961
1589062920,+3.34, +5.993, +0.162,+0.960
1589062980,+3.34, +5.914, +0.160,+0.960
1589063040,+3.34, +5.904, +0.159,+0.960
1589063100,+3.34, +5.854, +0.155,+0.960
1589063160,+3.34, +5.834, +0.157,+0.960
1589063220,+3.34, +5.884, +0.164,+0.960
1589063280,+3.34, +5.864, +0.168,+0.960
1589063340,+3.34, +5.924, +0.167,+0.961
1589063400,+3.34, +5.924, +0.164,+0.961
1589063460,+3.34, +5.973, +0.163,+0.961
1589063520,+3.34, +5.993, +0.166,+0.961
1589063580,+3.34, +6.052, +0.170,+0.961
1589063640,+3.34, +6.062, +0.171,+0.961
1589063700,+3.34, +6.092, +0.171,+0.961
1589063760,+3.34, +6.042, +0.167,+0.960
1589063820,+3.34, +6.003, +0.166,+0.960
1589063880,+3.34, +6.072, +0.168,+0.961
1589063940,+3.34, +6.121, +0.180,+0.961
1589064000,+3.34, +6.092, +0.184,+0.961
1589064060,+3.34, +6.151, +0.189,+0.961
1589064120,+3.34, +6.170, +0.190,+0.961
1589064180,+3.34, +6.239, +0.199,+0.962
1589064240,+3.34, +6.288, +0.205,+0.961
1589064300,+3.34, +6.328, +0.216,+0.962
1589064360,+3.34, +6.338, +0.219,+0.962
1589064420,+3.34, +6.357, +0.221,+0.962
1589064480,+3.34, +6.308, +0.226,+0.962
1589064540,+3.34, +6.318, +0.223,+0.962
1589064600,+3.34, +6.279, +0.217,+0.961
1589064660,+3.34, +6.210, +0.207,+0.961
1589064720,+3.34, +6.220, +0.196,+0.961
1589064780,+3.34, +6.190, +0.191,+0.961
1589064840,+3.34, +6.151, +0.188,+0.961
1589064900,+3.34, +5.993, +0.173,+0.960
1589064960,+3.34, +5.973, +0.171,+0.960
1589065020,+3.34, +5.805, +0.170,+0.960
1589065080,+3.34, +5.695, +0.173,+0.960
1589065140,+3.34, +5.745, +0.228,+0.961
1589065200,+3.34, +5.725, +0.243,+0.962
1589065260,+3.34, +5.616, +0.239,+0.961
1589065320,+3.34, +5.606, +0.221,+0.961
1589065380,+3.34, +5.556, +0.211,+0.961
1589065440,+3.34, +5.546, +0.201,+0.961
1589065500,+3.34, +5.586, +0.194,+0.961
1589065560,+3.34, +5.645, +0.192,+0.961
1589065620,+3.34, +5.655, +0.193,+0.961
1589065680,+3.34, +5.665, +0.190,+0.961
1589065740,+3.34, +5.665, +0.189,+0.961
1589065800,+3.34, +5.636, +0.187,+0.961
1589065860,+3.34, +5.685, +0.186,+0.961
1589065920,+3.34, +5.735, +0.183,+0.961
1589065980,+3.34, +5.805, +0.184,+0.961
1589066040,+3.34, +5.834, +0.186,+0.961
1589066100,+3.34, +5.864, +0.187,+0.961
1589066160,+3.34, +5.844, +0.186,+0.961
1589066220,+3.34, +5.834, +0.186,+0.961
1589066280,+3.34, +5.824, +0.182,+0.961
1589066340,+3.34, +5.805, +0.180,+0.961
1589066400,+3.34, +5.824, +0.176,+0.961
1589066460,+3.34, +5.844, +0.173,+0.961
1589066520,+3.34, +5.904, +0.174,+0.961
1589066580,+3.34, +5.973, +0.173,+0.961
1589066640,+3.34, +6.082, +0.170,+0.961
1589066700,+3.34, +6.101, +0.181,+0.962
1589066760,+3.34, +6.022, +0.189,+0.961
1589066820,+3.34, +5.983, +0.183,+0.961
1589066880,+3.34, +5.953, +0.178,+0.961
1589066940,+3.34, +5.924, +0.176,+0.961
1589067000,+3.34, +5.884, +0.174,+0.961
1589067060,+3.34, +5.824, +0.170,+0.960
1589067120,+3.34, +5.844, +0.166,+0.960
1589067180,+3.34, +5.805, +0.163,+0.960
1589067240,+3.34, +5.834, +0.162,+0.961
1589067300,+3.34, +5.844, +0.159,+0.960
1589067360,+3.34, +5.834, +0.158,+0.961
1589067420,+3.34, +5.864, +0.157,+0.961
1589067480,+3.34, +5.834, +0.154,+0.960
1589067540,+3.34, +5.844, +0.154,+0.961
1589067600,+3.34, +5.834, +0.154,+0.960
1589067660,+3.34, +5.894, +0.153,+0.961
1589067720,+3.34, +5.914, +0.153,+0.961
1589067780,+3.34, +5.914, +0.153,+0.960
1589067840,+3.34, +5.874, +0.154,+0.961
1589067900,+3.34, +5.904, +0.152,+0.960
1589067960,+3.34, +5.953, +0.154,+0.960
1589068020,+3.34, +5.953, +0.158,+0.961
1589068080,+3.34, +5.943, +0.156,+0.960
1589068140,+3.34, +5.963, +0.158,+0.961
1589068200,+3.34, +5.933, +0.159,+0.961
1589068260,+3.34, +5.933, +0.156,+0.960
1589068320,+3.34, +5.924, +0.157,+0.960
1589068380,+3.34, +5.953, +0.157,+0.961
1589068440,+3.34, +5.953, +0.154,+0.960
1589068500,+3.34, +5.924, +0.156,+0.960
1589068560,+3.34, +5.953, +0.154,+0.961
1589068620,+3.34, +5.914, +0.153,+0.960
1589068680,+3.34, +5.894, +0.154,+0.960
1589068740,+3.34, +5.924, +0.155,+0.960
1589068800,+3.34, +5.973, +0.154,+0.960
1589068860,+3.34, +6.013, +0.152,+0.961
1589068920,+3.34, +6.022, +0.153,+0.961
1589068980,+3.34, +6.052, +0.153,+0.961
1589069040,+3.33, +6.042, +0.153,+0.961
1589069100,+3.34, +6.042, +0.153,+0.960
1589069160,+3.34, +6.013, +0.154,+0.960
1589069220,+3.34, +6.022, +0.156,+0.961
1589069280,+3.34, +5.993, +0.154,+0.961
1589069340,+3.34, +6.003, +0.152,+0.961
1589069400,+3.34, +5.953, +0.151,+0.960
1589069460,+3.34, +5.933, +0.153,+0.960
1589069520,+3.34, +5.933, +0.151,+0.960
1589069580,+3.34, +5.894, +0.149,+0.960
1589069640,+3.34, +5.993, +0.148,+0.960
1589069700,+3.34, +5.933, +0.150,+0.960
1589069760,+3.34, +5.924, +0.150,+0.960
1589069820,+3.34, +5.953, +0.149,+0.960
1589069880,+3.34, +5.963, +0.150,+0.960
1589069940,+3.34, +6.003, +0.150,+0.960
1589070000,+3.34, +6.052, +0.155,+0.961
1589070060,+3.34, +6.042, +0.156,+0.961
1589070120,+3.34, +6.013, +0.154,+0.960
1589070180,+3.34, +6.062, +0.154,+0.960
1589070240,+3.34, +6.082, +0.151,+0.960
1589070300,+3.34, +6.082, +0.154,+0.961
1589070360,+3.34, +6.101, +0.150,+0.960
1589070420,+3.34, +6.052, +0.150,+0.960
1589070480,+3.34, +6.072, +0.150,+0.960
1589070540,+3.34, +6.042, +0.150,+0.960
1589070600,+3.34, +6.032, +0.148,+0.960
1589070660,+3.34, +6.013, +0.149,+0.960
1589070720,+3.34, +6.072, +0.148,+0.960
1589070780,+3.34, +6.092, +0.148,+0.961
1589070840,+3.34, +6.092, +0.149,+0.960
1589070900,+3.34, +6.121, +0.149,+0.960
1589070960,+3.34, +6.101, +0.149,+0.960
1589071020,+3.34, +6.121, +0.150,+0.960
1589071080,+3.34, +6.121, +0.149,+0.960
1589071140,+3.34, +6.151, +0.150,+0.961
1589071200,+3.34, +6.170, +0.151,+0.960
1589071260,+3.34, +6.210, +0.153,+0.960
1589071320,+3.34, +6.210, +0.156,+0.961
1589071380,+3.34, +6.161, +0.158,+0.961
1589071440,+3.34, +6.092, +0.160,+0.960
1589071500,+3.34, +6.092, +0.157,+0.960
1589071560,+3.34, +6.101, +0.158,+0.960
1589071620,+3.34, +6.141, +0.157,+0.960
1589071680,+3.34, +6.101, +0.157,+0.960
1589071740,+3.34, +6.101, +0.157,+0.960
1589071800,+3.34, +6.082, +0.157,+0.960
1589071860,+3.34, +6.052, +0.158,+0.960
1589071920,+3.34, +6.003, +0.156,+0.960
1589071980,+3.34, +6.032, +0.154,+0.960
1589072040,+3.34, +6.032, +0.154,+0.960
1589072100,+3.34, +6.072, +0.152,+0.960
1589072160,+3.34, +6.092, +0.152,+0.960
1589072220,+3.34, +6.082, +0.152,+0.960
1589072280,+3.34, +6.101, +0.150,+0.960
1589072340,+3.34, +6.121, +0.150,+0.960
1589072400,+3.34, +6.141, +0.150,+0.960
1589072460,+3.34, +6.092, +0.151,+0.960
1589072520,+3.34, +6.121, +0.151,+0.960
1589072580,+3.34, +6.082, +0.151,+0.960
1589072640,+3.34, +6.101, +0.151,+0.960
1589072700,+3.34, +6.101, +0.150,+0.960
1589072760,+3.34, +6.111, +0.150,+0.960
1589072820,+3.34, +6.092, +0.148,+0.960
1589072880,+3.34, +6.101, +0.148,+0.960
1589072940,+3.34, +6.131, +0.147,+0.960
1589073000,+3.34, +6.101, +0.147,+0.960
1589073060,+3.34, +6.111, +0.148,+0.960
1589073120,+3.34, +6.141, +0.148,+0.960
1589073180,+3.34, +6.170, +0.147,+0.960
1589073240,+3.34, +6.210, +0.147,+0.960
1589073300,+3.34, +6.210, +0.146,+0.960
1589073360,+3.34, +6.239, +0.147,+0.960
1589073420,+3.34, +6.200, +0.147,+0.960
1589073480,+3.34, +6.210, +0.147,+0.960
1589073540,+3.34, +6.229, +0.145,+0.960
1589073600,+3.34, +6.180, +0.146,+0.960
1589073660,+3.34, +6.170, +0.147,+0.960
1589073720,+3.34, +6.151, +0.145,+0.960
1589073780,+3.34, +6.111, +0.146,+0.960
1589073840,+3.34, +6.072, +0.147,+0.960
1589073900,+3.34, +6.032, +0.147,+0.960
1589073960,+3.34, +6.022, +0.147,+0.960
1589074020,+3.34, +5.993, +0.146,+0.960
1589074080,+3.34, +5.963, +0.146,+0.960
1589074140,+3.34, +5.963, +0.147,+0.960
1589074200,+3.34, +5.924, +0.147,+0.960
1589074260,+3.34, +5.914, +0.146,+0.960
1589074320,+3.34, +5.894, +0.147,+0.960
1589074380,+3.34, +5.904, +0.147,+0.960
1589074440,+3.34, +5.894, +0.147,+0.960
1589074500,+3.34, +5.924, +0.147,+0.960
1589074560,+3.34, +5.904, +0.147,+0.960
1589074620,+3.34, +5.943, +0.146,+0.960
1589074680,+3.34, +5.924, +0.147,+0.960
1589074740,+3.34, +5.924, +0.146,+0.960
1589074800,+3.34, +5.933, +0.147,+0.960
1589074860,+3.34, +5.953, +0.147,+0.960
1589074920,+3.34, +5.924, +0.147,+0.960
1589074980,+3.34, +5.943, +0.147,+0.960
1589075040,+3.34, +5.943, +0.147,+0.960
1589075100,+3.34, +5.963, +0.148,+0.960
1589075160,+3.34, +5.993, +0.146,+0.960
1589075220,+3.34, +5.983, +0.145,+0.960
1589075280,+3.34, +5.993, +0.147,+0.960
1589075340,+3.34, +6.042, +0.147,+0.960
1589075400,+3.34, +6.062, +0.147,+0.960
1589075460,+3.34, +6.092, +0.147,+0.961
1589075520,+3.34, +6.082, +0.146,+0.960
1589075580,+3.34, +6.101, +0.146,+0.960
1589075640,+3.34, +6.111, +0.148,+0.961
1589075700,+3.33, +6.121, +0.146,+0.960
1589075760,+3.34, +6.121, +0.147,+0.960
1589075820,+3.34, +6.111, +0.145,+0.960
1589075880,+3.34, +6.111, +0.146,+0.960
1589075940,+3.34, +6.131, +0.147,+0.960
1589076000,+3.34, +6.101, +0.146,+0.960
1589076060,+3.34, +6.111, +0.146,+0.960
1589076120,+3.34, +6.082, +0.145,+0.960
1589076180,+3.34, +6.092, +0.147,+0.960
1589076240,+3.34, +6.082, +0.146,+0.960
1589076300,+3.34, +6.092, +0.146,+0.960
1589076360,+3.34, +6.072, +0.146,+0.960
1589076420,+3.34, +6.072, +0.146,+0.960
1589076480,+3.34, +6.062, +0.145,+0.960
1589076540,+3.34, +6.072, +0.146,+0.960
1589076600,+3.34, +6.082, +0.147,+0.960
1589076660,+3.34, +6.042, +0.147,+0.960
1589076720,+3.34, +6.062, +0.146,+0.960
1589076780,+3.34, +6.052, +0.146,+0.960
1589076840,+3.34, +6.032, +0.146,+0.960
1589076900,+3.34, +6.042, +0.147,+0.960
1589076960,+3.34, +6.013, +0.147,+0.960
1589077020,+3.34, +6.013, +0.146,+0.960
1589077080,+3.34, +5.993, +0.147,+0.960
1589077140,+3.34, +5.973, +0.147,+0.960
1589077200,+3.34, +5.993, +0.146,+0.960
1589077260,+3.34, +5.983, +0.147,+0.960
1589077320,+3.34, +5.973, +0.148,+0.960
1589077380,+3.34, +5.993, +0.147,+0.960
1589077440,+3.34, +5.933, +0.148,+0.960
1589077500,+3.34, +5.973, +0.148,+0.960
1589077560,+3.34, +5.983, +0.147,+0.960
1589077620,+3.34, +5.983, +0.148,+0.960
1589077680,+3.34, +5.973, +0.146,+0.960
1589077740,+3.34, +5.983, +0.147,+0.960
1589077800,+3.34, +5.983, +0.148,+0.960
1589077860,+3.34, +5.993, +0.145,+0.960
1589077920,+3.34, +5.983, +0.147,+0.960
1589077980,+3.34, +5.983, +0.147,+0.960
1589078040,+3.34, +5.943, +0.146,+0.960
1589078100,+3.34, +5.983, +0.147,+0.960
1589078160,+3.34, +5.963, +0.146,+0.960
1589078220,+3.34, +5.973, +0.145,+0.960
1589078280,+3.34, +5.963, +0.147,+0.960
1589078340,+3.34, +5.953, +0.147,+0.960
1589078400,+3.34, +5.973, +0.148,+0.960
1589078460,+3.34, +5.953, +0.147,+0.960
1589078520,+3.34, +5.983, +0.145,+0.960
1589078580,+3.34, +5.973, +0.148,+0.960
1589078640,+3.34, +6.003, +0.146,+0.960
1589078700,+3.34, +6.013, +0.147,+0.960
1589078760,+3.34, +6.062, +0.147,+0.960
1589078820,+3.34, +6.072, +0.147,+0.960
1589078880,+3.34, +6.131, +0.145,+0.960
1589078940,+3.34, +6.161, +0.145,+0.960
1589079000,+3.34, +6.170, +0.147,+0.960
1589079060,+3.34, +6.180, +0.144,+0.960
1589079120,+3.34, +6.180, +0.146,+0.960
1589079180,+3.34, +6.170, +0.146,+0.960
1589079240,+3.34, +6.131, +0.146,+0.960
1589079300,+3.34, +6.151, +0.146,+0.960
1589079360,+3.34, +6.141, +0.147,+0.960
1589079420,+3.34, +6.111, +0.146,+0.960
1589079480,+3.34, +6.101, +0.146,+0.960
1589079540,+3.34, +6.111, +0.145,+0.960
1589079600,+3.34, +6.082, +0.145,+0.960
1589079660,+3.34, +6.072, +0.146,+0.960
1589079720,+3.34, +6.032, +0.146,+0.960
1589079780,+3.34, +6.052, +0.144,+0.960
1589079840,+3.34, +6.042, +0.146,+0.960
1589079900,+3.34, +6.013, +0.147,+0.960
1589079960,+3.34, +6.013, +0.147,+0.960
1589080020,+3.34, +5.973, +0.148,+0.960
1589080080,+3.34, +5.993, +0.146,+0.960
1589080140,+3.34, +5.993, +0.147,+0.960
1589080200,+3.34, +5.973, +0.148,+0.960
1589080260,+3.34, +5.973, +0.146,+0.960
1589080320,+3.34, +5.973, +0.148,+0.960
1589080380,+3.34, +5.963, +0.146,+0.960
1589080440,+3.34, +5.963, +0.147,+0.960
1589080500,+3.34, +5.983, +0.147,+0.960
1589080560,+3.34, +5.983, +0.145,+0.960
1589080620,+3.34, +5.983, +0.146,+0.960
1589080680,+3.34, +5.963, +0.147,+0.960
1589080740,+3.34, +5.963, +0.147,+0.960
1589080800,+3.34, +5.973, +0.147,+0.960
1589080860,+3.34, +6.022, +0.146,+0.960
1589080920,+3.34, +6.032, +0.146,+0.960
1589080980,+3.34, +6.042, +0.145,+0.960
1589081040,+3.34, +6.042, +0.147,+0.960
1589081100,+3.34, +6.052, +0.146,+0.960
1589081160,+3.34, +6.092, +0.146,+0.960
1589081220,+3.34, +6.082, +0.146,+0.960
1589081280,+3.34, +6.141, +0.146,+0.960
1589081340,+3.34, +6.092, +0.148,+0.960
1589081400,+3.34, +6.111, +0.146,+0.960
1589081460,+3.34, +6.121, +0.144,+0.960
1589081520,+3.34, +6.151, +0.145,+0.960
1589081580,+3.34, +6.141, +0.147,+0.960
1589081640,+3.34, +6.131, +0.147,+0.960
1589081700,+3.34, +6.131, +0.146,+0.960
1589081760,+3.34, +6.151, +0.147,+0.960
1589081820,+3.34, +6.161, +0.146,+0.960
1589081880,+3.34, +6.151, +0.145,+0.960
1589081940,+3.34, +6.170, +0.144,+0.960
1589082000,+3.34, +6.161, +0.146,+0.960
1589082060,+3.34, +6.161, +0.146,+0.960
1589082120,+3.34, +6.131, +0.146,+0.960
1589082180,+3.34, +6.151, +0.146,+0.960
1589082240,+3.34, +6.141, +0.146,+0.960
1589082300,+3.34, +6.141, +0.147,+0.960
1589082360,+3.34, +6.141, +0.146,+0.960
1589082420,+3.34, +6.131, +0.144,+0.960
1589082480,+3.34, +6.141, +0.146,+0.960
1589082540,+3.34, +6.121, +0.146,+0.960
1589082600,+3.34, +6.111, +0.146,+0.960
1589082660,+3.34, +6.111, +0.145,+0.960
1589082720,+3.34, +6.101, +0.145,+0.960
1589082780,+3.34, +6.092, +0.146,+0.960
1589082840,+3.34, +6.121, +0.146,+0.960
1589082900,+3.34, +6.062, +0.147,+0.960
1589082960,+3.34, +6.052, +0.147,+0.960
1589083020,+3.34, +6.082, +0.145,+0.960
1589083080,+3.34, +6.052, +0.147,+0.960
1589083140,+3.34, +6.062, +0.145,+0.960
1589083200,+3.34, +6.072, +0.147,+0.960
1589083260,+3.34, +6.092, +0.146,+0.960
1589083320,+3.34, +6.072, +0.144,+0.960
1589083380,+3.34, +6.092, +0.145,+0.960
1589083440,+3.34, +6.072, +0.145,+0.960
1589083500,+3.34, +6.082, +0.146,+0.960
1589083560,+3.34, +6.072, +0.147,+0.960
1589083620,+3.34, +6.052, +0.147,+0.960
1589083680,+3.34, +6.072, +0.146,+0.960
1589083740,+3.34, +6.052, +0.146,+0.960
1589083800,+3.34, +6.082, +0.145,+0.960
1589083860,+3.34, +6.082, +0.146,+0.960
1589083920,+3.34, +6.082, +0.146,+0.960
1589083980,+3.34, +6.072, +0.147,+0.960
1589084040,+3.34, +6.072, +0.146,+0.960
1589084100,+3.34, +6.101, +0.147,+0.961
1589084160,+3.34, +6.072, +0.146,+0.960
1589084220,+3.34, +6.072, +0.146,+0.960
1589084280,+3.34, +6.092, +0.147,+0.960
1589084340,+3.34, +6.062, +0.148,+0.960
1589084400,+3.34, +6.072, +0.146,+0.960
1589084460,+3.34, +6.042, +0.148,+0.960
1589084520,+3.34, +6.072, +0.146,+0.960
1589084580,+3.34, +6.042, +0.146,+0.960
1589084640,+3.34, +6.062, +0.145,+0.960
1589084700,+3.34, +6.072, +0.146,+0.960
1589084760,+3.34, +6.032, +0.147,+0.960
1589084820,+3.34, +6.052, +0.147,+0.960
1589084880,+3.34, +6.042, +0.146,+0.960
1589084940,+3.34, +6.032, +0.147,+0.960
1589085000,+3.34, +6.042, +0.147,+0.960
1589085060,+3.34, +6.013, +0.148,+0.960
1589085120,+3.34, +6.022, +0.146,+0.960
1589085180,+3.34, +5.983, +0.146,+0.960
1589085240,+3.34, +6.013, +0.146,+0.960
1589085300,+3.34, +6.003, +0.146,+0.960
1589085360,+3.34, +6.022, +0.146,+0.960
1589085420,+3.34, +6.003, +0.148,+0.960
1589085480,+3.34, +6.022, +0.145,+0.960
1589085540,+3.34, +6.003, +0.145,+0.960
1589085600,+3.34, +6.003, +0.146,+0.960
1589085660,+3.34, +6.022, +0.147,+0.960
1589085720,+3.34, +6.003, +0.147,+0.960
1589085780,+3.34, +6.003, +0.147,+0.960
1589085840,+3.34, +6.003, +0.146,+0.960
1589085900,+3.34, +6.022, +0.146,+0.960
1589085960,+3.34, +6.022, +0.146,+0.960
1589086020,+3.34, +6.022, +0.146,+0.960
1589086080,+3.34, +5.993, +0.146,+0.960
1589086140,+3.34, +6.062, +0.145,+0.960
1589086200,+3.34, +5.993, +0.146,+0.960
1589086260,+3.34, +6.013, +0.146,+0.960
1589086320,+3.34, +6.003, +0.146,+0.960
1589086380,+3.34, +5.973, +0.147,+0.960
1589086440,+3.34, +5.983, +0.146,+0.960
1589086500,+3.34, +5.983, +0.146,+0.960
1589086560,+3.34, +5.983, +0.145,+0.960
1589086620,+3.34, +5.993, +0.147,+0.960
1589086680,+3.34, +5.973, +0.147,+0.960
1589086740,+3.34, +6.013, +0.146,+0.960
1589086800,+3.34, +5.973, +0.146,+0.960
1589086860,+3.34, +5.993, +0.145,+0.960
1589086920,+3.34, +6.003, +0.146,+0.960
1589086980,+3.34, +6.003, +0.147,+0.960
1589087040,+3.34, +5.963, +0.148,+0.960
1589087100,+3.34, +5.963, +0.148,+0.960
1589087160,+3.33, +5.983, +0.147,+0.960
1589087220,+3.34, +5.993, +0.146,+0.960
1589087280,+3.34, +5.993, +0.147,+0.960
1589087340,+3.34, +5.993, +0.146,+0.960
1589087400,+3.34, +5.983, +0.145,+0.960
1589087460,+3.34, +6.003, +0.146,+0.960
1589087520,+3.34, +6.003, +0.147,+0.960
1589087580,+3.34, +6.013, +0.147,+0.960
1589087640,+3.34, +5.983, +0.146,+0.960
1589087700,+3.34, +5.993, +0.147,+0.960
1589087760,+3.34, +5.983, +0.146,+0.960
1589087820,+3.34, +5.983, +0.147,+0.960
1589087880,+3.34, +5.943, +0.147,+0.960
1589087940,+3.34, +5.993, +0.145,+0.960
1589088000,+3.34, +6.022, +0.145,+0.960
1589088060,+3.34, +6.022, +0.147,+0.960
1589088120,+3.34, +6.032, +0.146,+0.960
1589088180,+3.34, +6.062, +0.146,+0.960
1589088240,+3.34, +6.062, +0.146,+0.960
1589088300,+3.34, +6.062, +0.146,+0.960
1589088360,+3.34, +6.052, +0.146,+0.960
1589088420,+3.34, +6.062, +0.146,+0.960
1589088480,+3.34, +6.072, +0.146,+0.960
1589088540,+3.34, +6.072, +0.147,+0.960
1589088600,+3.34, +6.052, +0.145,+0.960
1589088660,+3.34, +6.042, +0.146,+0.960
1589088720,+3.34, +6.042, +0.147,+0.960
1589088780,+3.34, +6.062, +0.145,+0.960
1589088840,+3.34, +6.052, +0.146,+0.960
1589088900,+3.34, +6.052, +0.146,+0.960
1589088960,+3.34, +6.042, +0.145,+0.960
1589089020,+3.34, +6.042, +0.147,+0.960
1589089080,+3.34, +6.022, +0.148,+0.960
1589089140,+3.34, +6.022, +0.146,+0.960
1589089200,+3.34, +6.042, +0.145,+0.960
1589089260,+3.34, +6.022, +0.145,+0.960
1589089320,+3.34, +6.042, +0.145,+0.960
1589089380,+3.34, +6.042, +0.145,+0.960
1589089440,+3.34, +6.052, +0.147,+0.960
1589089500,+3.34, +6.003, +0.146,+0.960
1589089560,+3.34, +6.062, +0.146,+0.960
1589089620,+3.34, +6.052, +0.146,+0.960
1589089680,+3.34, +6.022, +0.146,+0.960
1589089740,+3.34, +6.042, +0.147,+0.960
1589089800,+3.34, +6.052, +0.145,+0.960
1589089860,+3.34, +6.052, +0.146,+0.960
1589089920,+3.34, +6.062, +0.146,+0.960
1589089980,+3.34, +6.072, +0.148,+0.960
1589090040,+3.34, +6.062, +0.147,+0.960
1589090100,+3.34, +6.082, +0.146,+0.960
1589090160,+3.34, +6.082, +0.148,+0.960
1589090220,+3.34, +6.101, +0.146,+0.960
1589090280,+3.34, +6.101, +0.147,+0.960
1589090340,+3.34, +6.101, +0.144,+0.960
1589090400,+3.34, +6.121, +0.146,+0.960
1589090460,+3.34, +6.131, +0.146,+0.960
1589090520,+3.34, +6.121, +0.147,+0.960
1589090580,+3.34, +6.151, +0.145,+0.960
1589090640,+3.34, +6.170, +0.145,+0.960
1589090700,+3.34, +6.170, +0.145,+0.960
1589090760,+3.34, +6.111, +0.146,+0.960
1589090820,+3.34, +6.141, +0.145,+0.960
1589090880,+3.34, +6.170, +0.144,+0.960
1589090940,+3.34, +6.131, +0.145,+0.960
1589091000,+3.34, +6.131, +0.144,+0.960
1589091060,+3.34, +6.111, +0.145,+0.960
1589091120,+3.34, +6.072, +0.146,+0.960
1589091180,+3.34, +6.072, +0.146,+0.960
1589091240,+3.34, +6.062, +0.145,+0.960
1589091300,+3.34, +6.062, +0.146,+0.960
1589091360,+3.34, +6.072, +0.144,+0.960
1589091420,+3.34, +6.052, +0.145,+0.960
1589091480,+3.34, +6.042, +0.146,+0.960
1589091540,+3.33, +6.022, +0.145,+0.960
1589091600,+3.34, +6.032, +0.146,+0.960
1589091660,+3.34, +6.052, +0.147,+0.960
1589091720,+3.34, +6.072, +0.145,+0.960
1589091780,+3.34, +6.052, +0.145,+0.960
1589091840,+3.34, +6.101, +0.147,+0.960
1589091900,+3.34, +6.092, +0.145,+0.960
1589091960,+3.34, +6.072, +0.147,+0.960
1589092020,+3.34, +6.062, +0.146,+0.960
1589092080,+3.34, +6.082, +0.146,+0.960
1589092140,+3.34, +6.082, +0.145,+0.960
1589092200,+3.34, +6.062, +0.148,+0.961
1589092260,+3.34, +6.062, +0.145,+0.960
1589092320,+3.34, +6.032, +0.145,+0.960
1589092380,+3.34, +6.042, +0.146,+0.960
1589092440,+3.34, +6.022, +0.147,+0.960
1589092500,+3.34, +6.062, +0.146,+0.960
1589092560,+3.34, +6.052, +0.147,+0.960
1589092620,+3.34, +6.072, +0.148,+0.960
1589092680,+3.34, +6.042, +0.147,+0.960
1589092740,+3.34, +6.052, +0.146,+0.960
1589092800,+3.34, +6.013, +0.147,+0.960
1589092860,+3.34, +6.062, +0.148,+0.960
1589092920,+3.34, +6.062, +0.149,+0.960
1589092980,+3.34, +6.052, +0.149,+0.960
1589093040,+3.34, +6.072, +0.149,+0.960
1589093100,+3.34, +6.082, +0.149,+0.960
1589093160,+3.34, +6.092, +0.149,+0.960
1589093220,+3.34, +6.082, +0.149,+0.960
1589093280,+3.34, +6.062, +0.149,+0.960
1589093340,+3.34, +6.101, +0.149,+0.960
1589093400,+3.34, +6.131, +0.150,+0.961
1589093460,+3.34, +6.131, +0.149,+0.960
1589093520,+3.34, +6.151, +0.149,+0.960
1589093580,+3.34, +6.151, +0.149,+0.960
1589093640,+3.34, +6.111, +0.148,+0.960
1589093700,+3.34, +6.131, +0.150,+0.960
1589093760,+3.34, +6.121, +0.147,+0.960
1589093820,+3.34, +6.042, +0.147,+0.960
1589093880,+3.34, +6.022, +0.147,+0.960
1589093940,+3.34, +6.062, +0.146,+0.960
1589094000,+3.34, +6.072, +0.146,+0.960
1589094060,+3.34, +6.052, +0.145,+0.960
1589094120,+3.34, +6.062, +0.146,+0.960
1589094180,+3.34, +6.013, +0.146,+0.960
1589094240,+3.34, +6.062, +0.146,+0.960
1589094300,+3.34, +6.062, +0.147,+0.960
1589094360,+3.34, +6.101, +0.147,+0.960
1589094420,+3.34, +6.062, +0.147,+0.960
1589094480,+3.34, +6.092, +0.146,+0.960
1589094540,+3.34, +6.121, +0.150,+0.960
1589094600,+3.34, +6.121, +0.152,+0.960
1589094660,+3.34, +6.141, +0.153,+0.961
1589094720,+3.34, +6.121, +0.156,+0.960
1589094780,+3.34, +6.052, +0.155,+0.960
1589094840,+3.34, +6.022, +0.155,+0.960
1589094900,+3.34, +6.042, +0.153,+0.960
1589094960,+3.34, +6.013, +0.154,+0.960
1589095020,+3.34, +5.963, +0.152,+0.960
1589095080,+3.34, +5.983, +0.151,+0.960
1589095140,+3.34, +5.993, +0.151,+0.960
1589095200,+3.34, +5.953, +0.153,+0.960
1589095260,+3.34, +5.973, +0.154,+0.960
1589095320,+3.34, +5.983, +0.156,+0.960
1589095380,+3.34, +5.993, +0.159,+0.960
1589095440,+3.34, +5.953, +0.166,+0.960
1589095500,+3.34, +5.973, +0.172,+0.961
1589095560,+3.34, +5.943, +0.168,+0.960
1589095620,+3.34, +5.953, +0.165,+0.961
1589095680,+3.34, +5.973, +0.165,+0.961
1589095740,+3.34, +6.013, +0.165,+0.961
1589095800,+3.34, +6.042, +0.170,+0.961
1589095860,+3.34, +6.072, +0.175,+0.961
1589095920,+3.34, +6.131, +0.176,+0.961
1589095980,+3.34, +6.072, +0.178,+0.961
1589096040,+3.34, +6.082, +0.176,+0.961
1589096100,+3.33, +6.072, +0.176,+0.961
1589096160,+3.34, +6.072, +0.176,+0.961
1589096220,+3.34, +6.062, +0.176,+0.961
1589096280,+3.34, +6.082, +0.175,+0.961
1589096340,+3.34, +6.092, +0.173,+0.961
1589096400,+3.34, +6.101, +0.176,+0.961
1589096460,+3.34, +6.092, +0.179,+0.961
1589096520,+3.34, +6.121, +0.184,+0.961
1589096580,+3.34, +6.052, +0.178,+0.961
1589096640,+3.34, +6.032, +0.177,+0.961
1589096700,+3.34, +6.003, +0.181,+0.961
1589096760,+3.34, +6.052, +0.192,+0.961
1589096820,+3.34, +6.062, +0.196,+0.961
1589096880,+3.34, +6.022, +0.190,+0.961
1589096940,+3.34, +5.973, +0.190,+0.961
1589097000,+3.34, +5.973, +0.185,+0.961
1589097060,+3.34, +6.003, +0.183,+0.961
1589097120,+3.34, +6.013, +0.185,+0.961
1589097180,+3.34, +5.963, +0.180,+0.961
1589097240,+3.34, +6.032, +0.178,+0.961
1589097300,+3.34, +6.062, +0.177,+0.961
1589097360,+3.34, +6.170, +0.183,+0.961
1589097420,+3.34, +6.200, +0.195,+0.961
1589097480,+3.33, +6.180, +0.207,+0.962
1589097540,+3.34, +6.259, +0.204,+0.962
1589097600,+3.34, +6.190, +0.204,+0.962
1589097660,+3.34, +6.141, +0.202,+0.961
1589097720,+3.34, +6.121, +0.195,+0.961
1589097780,+3.34, +6.092, +0.189,+0.961
1589097840,+3.34, +6.092, +0.184,+0.961
1589097900,+3.34, +6.082, +0.177,+0.961
1589097960,+3.34, +6.082, +0.172,+0.961
1589098020,+3.34, +6.042, +0.166,+0.961
1589098080,+3.34, +6.072, +0.163,+0.961
1589098140,+3.34, +6.052, +0.159,+0.960
1589098200,+3.34, +6.072, +0.157,+0.961
1589098260,+3.34, +6.082, +0.154,+0.960
1589098320,+3.34, +6.082, +0.153,+0.960
1589098380,+3.34, +6.082, +0.153,+0.960
1589098440,+3.34, +6.062, +0.152,+0.960
1589098500,+3.34, +5.993, +0.153,+0.960
1589098560,+3.34, +6.013, +0.152,+0.960
1589098620,+3.34, +6.042, +0.153,+0.961
1589098680,+3.34, +6.032, +0.152,+0.960
1589098740,+3.34, +6.062, +0.153,+0.960
1589098800,+3.34, +6.022, +0.151,+0.960
1589098860,+3.34, +5.993, +0.152,+0.960
1589098920,+3.34, +5.993, +0.150,+0.960
1589098980,+3.34, +5.983, +0.151,+0.960
1589099040,+3.34, +5.963, +0.153,+0.960
1589099100,+3.34, +5.983, +0.152,+0.960
1589099160,+3.34, +5.924, +0.155,+0.960
1589099220,+3.34, +5.894, +0.155,+0.960
1589099280,+3.34, +5.864, +0.153,+0.960
1589099340,+3.34, +5.805, +0.152,+0.960
1589099400,+3.34, +5.815, +0.151,+0.960
1589099460,+3.34, +5.844, +0.149,+0.960
1589099520,+3.34, +5.894, +0.151,+0.960
1589099580,+3.34, +5.943, +0.152,+0.960
1589099640,+3.34, +5.943, +0.156,+0.961
1589099700,+3.34, +5.953, +0.158,+0.961
1589099760,+3.34, +5.953, +0.157,+0.961
1589099820,+3.33, +5.963, +0.156,+0.960
1589099880,+3.34, +6.013, +0.157,+0.961
1589099940,+3.34, +6.013, +0.159,+0.961
1589100000,+3.34, +6.003, +0.157,+0.960
1589100060,+3.34, +5.933, +0.157,+0.960
1589100120,+3.34, +5.943, +0.156,+0.960
1589100180,+3.34, +5.943, +0.154,+0.960
1589100240,+3.34, +5.933, +0.154,+0.960
1589100300,+3.34, +5.933, +0.151,+0.960
1589100360,+3.34, +5.963, +0.153,+0.960
1589100420,+3.34, +5.973, +0.152,+0.960
1589100480,+3.34, +5.953, +0.154,+0.960
1589100540,+3.34, +6.013, +0.157,+0.961
1589100600,+3.33, +6.072, +0.161,+0.961
1589100660,+3.34, +6.062, +0.163,+0.961
1589100720,+3.34, +6.111, +0.164,+0.961
1589100780,+3.34, +6.151, +0.164,+0.961
1589100840,+3.34, +6.151, +0.167,+0.961
1589100900,+3.34, +6.131, +0.169,+0.961
1589100960,+3.34, +6.121, +0.168,+0.961
1589101020,+3.34, +6.022, +0.167,+0.960
1589101080,+3.34, +6.082, +0.167,+0.961
1589101140,+3.34, +6.062, +0.166,+0.960
1589101200,+3.34, +6.022, +0.166,+0.961
1589101260,+3.34, +6.052, +0.163,+0.961
1589101320,+3.33, +6.003, +0.164,+0.960
1589101380,+3.34, +6.042, +0.162,+0.961
1589101440,+3.34, +6.022, +0.161,+0.960
1589101500,+3.34, +6.013, +0.158,+0.960
1589101560,+3.34, +5.963, +0.156,+0.960
1589101620,+3.34, +5.953, +0.157,+0.960
1589101680,+3.34, +5.953, +0.154,+0.960
1589101740,+3.34, +5.884, +0.153,+0.960
1589101800,+3.34, +5.933, +0.153,+0.960
1589101860,+3.34, +5.973, +0.152,+0.960
1589101920,+3.34, +6.003, +0.149,+0.960
1589101980,+3.33, +6.003, +0.152,+0.960
1589102040,+3.34, +6.042, +0.151,+0.961
1589102100,+3.34, +6.042, +0.150,+0.960
1589102160,+3.34, +6.032, +0.149,+0.960
1589102220,+3.34, +6.022, +0.150,+0.960
1589102280,+3.34, +5.993, +0.150,+0.960
1589102340,+3.34, +5.973, +0.149,+0.960
1589102400,+3.34, +5.973, +0.150,+0.960
1589102460,+3.34, +6.013, +0.151,+0.960
1589102520,+3.34, +6.052, +0.154,+0.960
1589102580,+3.34, +6.032, +0.156,+0.960
1589102640,+3.34, +5.993, +0.156,+0.960
1589102700,+3.34, +5.953, +0.157,+0.960
1589102760,+3.34, +5.943, +0.159,+0.960
1589102820,+3.34, +5.953, +0.163,+0.960
1589102880,+3.34, +5.983, +0.171,+0.961
1589102940,+3.34, +5.993, +0.170,+0.961
1589103000,+3.34, +5.963, +0.172,+0.961
1589103060,+3.34, +5.983, +0.172,+0.961
1589103120,+3.34, +5.983, +0.172,+0.961
1589103180,+3.34, +5.983, +0.175,+0.961
1589103240,+3.34, +5.973, +0.174,+0.961
1589103300,+3.34, +5.973, +0.174,+0.961
1589103360,+3.34, +6.013, +0.198,+0.961
1589103420,+3.34, +6.022, +0.209,+0.962
1589103480,+3.34, +6.042, +0.230,+0.962
1589103540,+3.34, +6.062, +0.248,+0.962
1589103600,+3.34, +6.052, +0.258,+0.963
1589103660,+3.34, +6.052, +0.248,+0.962
1589103720,+3.34, +6.003, +0.256,+0.962
1589103780,+3.34, +6.032, +0.257,+0.962
1589103840,+3.34, +6.042, +0.263,+0.963
1589103900,+3.34, +6.101, +0.275,+0.963
1589103960,+3.34, +6.131, +0.291,+0.963
1589104020,+3.34, +6.170, +0.334,+0.964
1589104080,+3.34, +6.190, +0.380,+0.965
1589104140,+3.34, +6.180, +0.360,+0.965
1589104200,+3.34, +6.170, +0.340,+0.964
1589104260,+3.34, +6.200, +0.332,+0.964
1589104320,+3.34, +6.229, +0.358,+0.964
1589104380,+3.34, +6.249, +0.374,+0.965
1589104440,+3.34, +6.279, +0.397,+0.965
1589104500,+3.34, +6.239, +0.379,+0.965
1589104560,+3.34, +6.229, +0.360,+0.964
1589104620,+3.34, +6.229, +0.340,+0.964
1589104680,+3.34, +6.220, +0.308,+0.963
1589104740,+3.34, +6.269, +0.318,+0.963
1589104800,+3.34, +6.200, +0.315,+0.963
1589104860,+3.34, +6.210, +0.288,+0.963
1589104920,+3.34, +6.161, +0.274,+0.963
1589104980,+3.34, +6.131, +0.275,+0.963
1589105040,+3.34, +6.101, +0.265,+0.962
1589105100,+3.34, +6.200, +0.291,+0.963
1589105160,+3.34, +6.220, +0.312,+0.963
1589105220,+3.34, +6.161, +0.275,+0.963
1589105280,+3.34, +6.210, +0.264,+0.962
1589105340,+3.34, +6.170, +0.254,+0.962
1589105400,+3.34, +6.190, +0.250,+0.962
1589105460,+3.34, +6.200, +0.238,+0.962
1589105520,+3.34, +6.229, +0.277,+0.963
1589105580,+3.34, +6.151, +0.278,+0.963
1589105640,+3.34, +6.092, +0.265,+0.962
1589105700,+3.34, +6.032, +0.247,+0.962
1589105760,+3.34, +6.022, +0.240,+0.962
1589105820,+3.34, +6.072, +0.246,+0.962
1589105880,+3.34, +6.003, +0.234,+0.962
1589105940,+3.34, +5.953, +0.211,+0.961
1589106000,+3.34, +5.924, +0.197,+0.961
1589106060,+3.34, +5.904, +0.192,+0.961
1589106120,+3.34, +5.864, +0.193,+0.961
1589106180,+3.34, +5.765, +0.189,+0.961
1589106240,+3.34, +5.795, +0.184,+0.961
1589106300,+3.34, +5.785, +0.186,+0.961
1589106360,+3.34, +5.844, +0.185,+0.961
1589106420,+3.34, +5.874, +0.190,+0.961
1589106480,+3.34, +5.864, +0.199,+0.961
1589106540,+3.34, +5.834, +0.199,+0.961
1589106600,+3.34, +5.943, +0.215,+0.962
1589106660,+3.34, +6.062, +0.252,+0.963
1589106720,+3.34, +6.032, +0.258,+0.962
1589106780,+3.34, +6.092, +0.268,+0.963
1589106840,+3.34, +6.072, +0.261,+0.963
1589106900,+3.34, +6.082, +0.241,+0.962
1589106960,+3.34, +6.121, +0.223,+0.962
1589107020,+3.34, +6.092, +0.221,+0.962
1589107080,+3.34, +6.032, +0.206,+0.961
1589107140,+3.34, +5.963, +0.200,+0.961
1589107200,+3.34, +5.993, +0.201,+0.961
1589107260,+3.34, +5.973, +0.197,+0.961
1589107320,+3.34, +5.973, +0.203,+0.961
1589107380,+3.34, +6.003, +0.217,+0.962
1589107440,+3.34, +6.111, +0.251,+0.963
1589107500,+3.34, +6.111, +0.269,+0.963
1589107560,+3.34, +6.072, +0.258,+0.962
1589107620,+3.34, +6.072, +0.267,+0.962
1589107680,+3.34, +6.131, +0.311,+0.964
1589107740,+3.34, +6.101, +0.351,+0.964
1589107800,+3.34, +5.993, +0.316,+0.963
1589107860,+3.34, +5.914, +0.278,+0.962
1589107920,+3.34, +5.844, +0.257,+0.962
1589107980,+3.34, +5.844, +0.235,+0.961
1589108040,+3.34, +5.854, +0.222,+0.961
1589108100,+3.34, +5.815, +0.204,+0.961
1589108160,+3.34, +5.745, +0.189,+0.961
1589108220,+3.34, +5.745, +0.187,+0.961
1589108280,+3.34, +5.795, +0.217,+0.961
1589108340,+3.34, +5.884, +0.268,+0.963
1589108400,+3.34, +5.933, +0.296,+0.963
1589108460,+3.33, +5.914, +0.288,+0.963
1589108520,+3.34, +5.914, +0.274,+0.963
1589108580,+3.34, +5.914, +0.269,+0.963
1589108640,+3.34, +5.924, +0.274,+0.963
1589108700,+3.34, +5.894, +0.261,+0.962
1589108760,+3.34, +5.815, +0.263,+0.962
1589108820,+3.34, +5.844, +0.247,+0.962
1589108880,+3.34, +5.874, +0.233,+0.962
1589108940,+3.34, +5.844, +0.226,+0.962
1589109000,+3.34, +5.824, +0.223,+0.962
1589109060,+3.34, +5.715, +0.209,+0.961
1589109120,+3.34, +5.775, +0.220,+0.961
1589109180,+3.34, +5.824, +0.242,+0.962
1589109240,+3.34, +5.824, +0.267,+0.962
1589109300,+3.34, +5.805, +0.280,+0.963
1589109360,+3.34, +5.785, +0.268,+0.962
1589109420,+3.34, +5.795, +0.277,+0.963
1589109480,+3.34, +5.834, +0.310,+0.963
1589109540,+3.34, +5.854, +0.312,+0.963
1589109600,+3.34, +5.854, +0.304,+0.963
1589109660,+3.34, +5.924, +0.348,+0.964
1589109720,+3.34, +5.983, +0.393,+0.965
1589109780,+3.34, +6.052, +0.436,+0.966
1589109840,+3.34, +6.141, +0.493,+0.967
1589109900,+3.34, +6.180, +0.557,+0.968
1589109960,+3.34, +6.161, +0.533,+0.967
1589110020,+3.34, +6.200, +0.490,+0.967
1589110080,+3.34, +6.190, +0.454,+0.966
1589110140,+3.34, +6.239, +0.415,+0.966
1589110200,+3.34, +6.229, +0.399,+0.965
1589110260,+3.34, +6.111, +0.384,+0.964
1589110320,+3.34, +6.131, +0.369,+0.964
1589110380,+3.34, +6.161, +0.356,+0.964
1589110440,+3.34, +6.180, +0.366,+0.965
1589110500,+3.34, +6.249, +0.375,+0.965
1589110560,+3.34, +6.239, +0.357,+0.964
1589110620,+3.34, +6.288, +0.329,+0.964
1589110680,+3.34, +6.347, +0.308,+0.964
1589110740,+3.34, +6.347, +0.290,+0.963
1589110800,+3.34, +6.387, +0.298,+0.963
1589110860,+3.34, +6.435, +0.419,+0.965
1589110920,+3.34, +6.445, +0.520,+0.967
1589110980,+3.34, +6.406, +0.489,+0.966
1589111040,+3.34, +6.396, +0.402,+0.965
1589111100,+3.34, +6.387, +0.377,+0.964
1589111160,+3.34, +6.357, +0.369,+0.964
1589111220,+3.34, +6.328, +0.338,+0.964
1589111280,+3.34, +6.338, +0.293,+0.963
1589111340,+3.33, +6.308, +0.316,+0.963
1589111400,+3.34, +6.298, +0.329,+0.963
1589111460,+3.34, +6.190, +0.318,+0.963
1589111520,+3.34, +6.220, +0.285,+0.962
1589111580,+3.34, +6.131, +0.255,+0.962
1589111640,+3.34, +6.111, +0.231,+0.961
1589111700,+3.34, +6.092, +0.227,+0.961
1589111760,+3.34, +6.013, +0.220,+0.961
1589111820,+3.34, +5.933, +0.208,+0.961
1589111880,+3.34, +5.834, +0.206,+0.960
1589111940,+3.34, +5.844, +0.202,+0.961
1589112000,+3.34, +5.785, +0.199,+0.960
1589112060,+3.34, +5.834, +0.206,+0.961
1589112120,+3.34, +5.795, +0.225,+0.961
1589112180,+3.34, +5.755, +0.222,+0.961
1589112240,+3.34, +5.785, +0.238,+0.962
1589112300,+3.34, +5.815, +0.232,+0.961
1589112360,+3.34, +5.904, +0.270,+0.962
1589112420,+3.34, +5.914, +0.288,+0.963
1589112480,+3.34, +5.854, +0.271,+0.962
1589112540,+3.34, +5.894, +0.253,+0.962
1589112600,+3.34, +5.884, +0.251,+0.962
1589112660,+3.34, +5.924, +0.257,+0.962
1589112720,+3.34, +5.914, +0.264,+0.962
1589112780,+3.34, +5.943, +0.270,+0.963
1589112840,+3.34, +6.092, +0.311,+0.964
1589112900,+3.34, +6.249, +0.347,+0.965
1589112960,+3.34, +6.269, +0.382,+0.965
1589113020,+3.34, +6.318, +0.382,+0.965
1589113080,+3.34, +6.357, +0.401,+0.965
1589113140,+3.34, +6.367, +0.371,+0.965
1589113200,+3.34, +6.288, +0.305,+0.963
1589113260,+3.34, +6.249, +0.259,+0.962
1589113320,+3.34, +6.220, +0.231,+0.962
1589113380,+3.34, +6.180, +0.203,+0.961
1589113440,+3.34, +6.131, +0.191,+0.961
1589113500,+3.34, +6.092, +0.179,+0.961
1589113560,+3.34, +6.042, +0.184,+0.961
1589113620,+3.34, +6.022, +0.184,+0.961
1589113680,+3.34, +5.963, +0.188,+0.961
1589113740,+3.34, +5.973, +0.188,+0.961
1589113800,+3.34, +5.973, +0.191,+0.961
1589113860,+3.34, +5.973, +0.203,+0.961
1589113920,+3.34, +5.983, +0.217,+0.961
1589113980,+3.34, +5.993, +0.228,+0.962
1589114040,+3.34, +5.973, +0.233,+0.962
1589114100,+3.34, +5.953, +0.231,+0.962
1589114160,+3.34, +5.943, +0.220,+0.961
1589114220,+3.34, +5.854, +0.216,+0.961
1589114280,+3.34, +5.874, +0.211,+0.961
1589114340,+3.34, +5.854, +0.205,+0.961
1589114400,+3.34, +5.844, +0.200,+0.961
1589114460,+3.34, +5.894, +0.207,+0.961
1589114520,+3.34, +5.864, +0.211,+0.961
1589114580,+3.34, +5.805, +0.203,+0.961
1589114640,+3.34, +5.834, +0.205,+0.961
1589114700,+3.34, +5.894, +0.220,+0.962
1589114760,+3.34, +5.904, +0.230,+0.962
1589114820,+3.34, +5.914, +0.218,+0.962
1589114880,+3.34, +5.933, +0.199,+0.961
1589114940,+3.34, +5.983, +0.198,+0.962
1589115000,+3.34, +6.022, +0.203,+0.962
1589115060,+3.34, +6.013, +0.199,+0.961
1589115120,+3.34, +6.013, +0.190,+0.961
1589115180,+3.34, +6.003, +0.185,+0.961
1589115240,+3.34, +5.993, +0.187,+0.961
1589115300,+3.34, +6.062, +0.203,+0.962
1589115360,+3.34, +6.022, +0.211,+0.962
1589115420,+3.34, +6.220, +0.297,+0.964
1589115480,+3.34, +6.298, +0.400,+0.965
1589115540,+3.34, +6.435, +0.488,+0.967
1589115600,+3.34, +6.475, +0.517,+0.967
1589115660,+3.34, +6.563, +0.597,+0.969
1589115720,+3.34, +6.523, +0.635,+0.969
1589115780,+3.34, +6.553, +0.609,+0.969
1589115840,+3.34, +6.523, +0.615,+0.969
1589115900,+3.34, +6.426, +0.551,+0.967
1589115960,+3.34, +6.396, +0.468,+0.966
1589116020,+3.34, +6.328, +0.407,+0.965
1589116080,+3.34, +6.269, +0.348,+0.964
1589116140,+3.34, +6.190, +0.289,+0.962
1589116200,+3.34, +6.101, +0.258,+0.962
1589116260,+3.34, +6.072, +0.242,+0.962
1589116320,+3.34, +6.022, +0.241,+0.961
1589116380,+3.34, +5.983, +0.239,+0.961
1589116440,+3.34, +5.963, +0.232,+0.961
1589116500,+3.34, +5.914, +0.220,+0.961
1589116560,+3.34, +5.884, +0.207,+0.961
1589116620,+3.34, +5.864, +0.206,+0.961
1589116680,+3.34, +5.805, +0.200,+0.961
1589116740,+3.34, +5.775, +0.191,+0.961
1589116800,+3.34, +5.765, +0.188,+0.961
1589116860,+3.34, +5.795, +0.201,+0.961
1589116920,+3.34, +5.735, +0.202,+0.961
1589116980,+3.34, +5.715, +0.199,+0.961
1589117040,+3.34, +5.715, +0.201,+0.961
1589117100,+3.34, +5.745, +0.223,+0.961
1589117160,+3.34, +5.695, +0.227,+0.961
1589117220,+3.34, +5.636, +0.219,+0.961
1589117280,+3.34, +5.685, +0.213,+0.961
1589117340,+3.34, +5.636, +0.209,+0.961
1589117400,+3.34, +5.665, +0.204,+0.961
1589117460,+3.34, +5.685, +0.200,+0.961
1589117520,+3.34, +5.715, +0.200,+0.961
1589117580,+3.34, +5.755, +0.203,+0.961
1589117640,+3.34, +5.735, +0.209,+0.962
1589117700,+3.34, +5.745, +0.210,+0.961
1589117760,+3.34, +5.785, +0.211,+0.961
1589117820,+3.34, +5.834, +0.226,+0.962
1589117880,+3.34, +5.805, +0.231,+0.962
1589117940,+3.34, +5.815, +0.226,+0.962
1589118000,+3.34, +5.844, +0.235,+0.962
1589118060,+3.34, +5.884, +0.253,+0.963
1589118120,+3.34, +5.904, +0.256,+0.963
1589118180,+3.34, +5.924, +0.264,+0.962
1589118240,+3.34, +5.973, +0.274,+0.963
1589118300,+3.34, +6.013, +0.287,+0.963
1589118360,+3.34, +6.111, +0.308,+0.964
1589118420,+3.34, +6.190, +0.322,+0.964
1589118480,+3.34, +6.220, +0.321,+0.964
1589118540,+3.34, +6.288, +0.346,+0.965
1589118600,+3.34, +6.387, +0.381,+0.965
1589118660,+3.34, +6.377, +0.412,+0.965
1589118720,+3.34, +6.416, +0.435,+0.966
1589118780,+3.34, +6.406, +0.464,+0.966
1589118840,+3.34, +6.387, +0.472,+0.966
1589118900,+3.34, +6.338, +0.448,+0.966
1589118960,+3.34, +6.259, +0.409,+0.965
1589119020,+3.34, +6.141, +0.360,+0.964
1589119080,+3.34, +6.101, +0.318,+0.963
1589119140,+3.34, +6.062, +0.298,+0.963
1589119200,+3.34, +6.121, +0.303,+0.963
1589119260,+3.34, +6.092, +0.294,+0.963
1589119320,+3.34, +6.052, +0.266,+0.962
1589119380,+3.34, +6.101, +0.263,+0.962
1589119440,+3.34, +6.210, +0.284,+0.963
1589119500,+3.34, +6.308, +0.376,+0.965
1589119560,+3.34, +6.328, +0.405,+0.965
1589119620,+3.34, +6.377, +0.428,+0.965
1589119680,+3.34, +6.318, +0.427,+0.965
1589119740,+3.34, +6.288, +0.408,+0.965
1589119800,+3.34, +6.308, +0.387,+0.965
1589119860,+3.34, +6.239, +0.375,+0.964
1589119920,+3.34, +6.210, +0.359,+0.964
1589119980,+3.34, +6.180, +0.348,+0.964
1589120040,+3.34, +6.141, +0.328,+0.963
1589120100,+3.34, +6.131, +0.308,+0.963
1589120160,+3.34, +6.180, +0.321,+0.964
1589120220,+3.34, +6.239, +0.306,+0.963
1589120280,+3.34, +6.229, +0.293,+0.963
1589120340,+3.34, +6.259, +0.318,+0.963
1589120400,+3.34, +6.229, +0.341,+0.964
1589120460,+3.34, +6.220, +0.337,+0.964
1589120520,+3.34, +6.220, +0.335,+0.964
1589120580,+3.34, +6.229, +0.446,+0.965
1589120640,+3.34, +6.239, +0.457,+0.966
1589120700,+3.34, +6.200, +0.421,+0.965
1589120760,+3.34, +6.220, +0.378,+0.964
1589120820,+3.34, +6.220, +0.336,+0.964
1589120880,+3.34, +6.101, +0.301,+0.963
1589120940,+3.34, +6.013, +0.269,+0.962
1589121000,+3.34, +6.013, +0.255,+0.962
1589121060,+3.34, +6.003, +0.255,+0.962
1589121120,+3.34, +5.993, +0.258,+0.962
1589121180,+3.34, +5.973, +0.252,+0.962
1589121240,+3.34, +5.993, +0.244,+0.962
1589121300,+3.34, +5.993, +0.239,+0.962
1589121360,+3.34, +6.022, +0.251,+0.962
1589121420,+3.34, +5.983, +0.246,+0.962
1589121480,+3.34, +6.003, +0.245,+0.962
1589121540,+3.34, +6.003, +0.246,+0.962
1589121600,+3.34, +6.003, +0.244,+0.962
1589121660,+3.34, +6.013, +0.240,+0.962
1589121720,+3.34, +5.983, +0.231,+0.961
1589121780,+3.34, +5.953, +0.223,+0.962
1589121840,+3.34, +5.963, +0.260,+0.962
1589121900,+3.34, +5.933, +0.279,+0.962
1589121960,+3.34, +5.864, +0.253,+0.962
1589122020,+3.34, +5.864, +0.241,+0.962
1589122080,+3.34, +5.854, +0.233,+0.961
1589122140,+3.34, +5.884, +0.231,+0.962
1589122200,+3.34, +5.884, +0.235,+0.962
1589122260,+3.34, +5.815, +0.213,+0.961
1589122320,+3.33, +5.894, +0.232,+0.962
1589122380,+3.34, +5.993, +0.275,+0.963
1589122440,+3.34, +5.963, +0.289,+0.963
1589122500,+3.34, +6.062, +0.322,+0.964
1589122560,+3.34, +5.993, +0.316,+0.963
1589122620,+3.34, +5.933, +0.297,+0.963
1589122680,+3.34, +5.953, +0.270,+0.962
1589122740,+3.34, +5.963, +0.266,+0.962
1589122800,+3.34, +5.963, +0.325,+0.963
1589122860,+3.34, +5.953, +0.316,+0.963
1589122920,+3.34, +5.983, +0.312,+0.963
1589122980,+3.34, +5.953, +0.298,+0.963
1589123040,+3.34, +6.042, +0.280,+0.963
1589123100,+3.34, +6.032, +0.241,+0.962
1589123160,+3.34, +6.003, +0.220,+0.961
1589123220,+3.34, +5.953, +0.218,+0.961
1589123280,+3.34, +5.983, +0.211,+0.961
1589123340,+3.34, +5.983, +0.207,+0.961
1589123400,+3.34, +6.062, +0.244,+0.962
1589123460,+3.34, +6.141, +0.253,+0.963
1589123520,+3.34, +6.131, +0.243,+0.962
1589123580,+3.34, +6.092, +0.217,+0.962
1589123640,+3.34, +6.042, +0.205,+0.961
1589123700,+3.34, +6.052, +0.195,+0.961
1589123760,+3.34, +6.032, +0.193,+0.961
1589123820,+3.34, +6.072, +0.223,+0.962
1589123880,+3.34, +6.072, +0.229,+0.962
1589123940,+3.34, +6.131, +0.233,+0.962
1589124000,+3.34, +6.131, +0.246,+0.962
1589124060,+3.34, +6.062, +0.245,+0.962
1589124120,+3.34, +6.101, +0.265,+0.962
1589124180,+3.34, +6.121, +0.292,+0.963
1589124240,+3.34, +6.151, +0.311,+0.963
1589124300,+3.34, +6.210, +0.338,+0.964
1589124360,+3.34, +6.220, +0.363,+0.964
1589124420,+3.34, +6.279, +0.372,+0.965
1589124480,+3.34, +6.288, +0.388,+0.965
1589124540,+3.34, +6.308, +0.406,+0.965
1589124600,+3.34, +6.288, +0.411,+0.965
1589124660,+3.34, +6.239, +0.396,+0.964
1589124720,+3.34, +6.200, +0.368,+0.964
1589124780,+3.34, +6.180, +0.358,+0.964
1589124840,+3.34, +6.190, +0.340,+0.964
1589124900,+3.34, +6.151, +0.317,+0.963
1589124960,+3.34, +6.131, +0.296,+0.963
1589125020,+3.34, +6.131, +0.281,+0.962
1589125080,+3.34, +6.180, +0.286,+0.963
1589125140,+3.34, +6.220, +0.322,+0.963
1589125200,+3.34, +6.269, +0.344,+0.964
1589125260,+3.34, +6.220, +0.348,+0.964
1589125320,+3.34, +6.210, +0.338,+0.964
1589125380,+3.34, +6.190, +0.322,+0.963
1589125440,+3.34, +6.121, +0.301,+0.963
1589125500,+3.34, +6.082, +0.277,+0.962
1589125560,+3.34, +6.022, +0.250,+0.962
1589125620,+3.34, +6.003, +0.232,+0.961
1589125680,+3.34, +5.963, +0.225,+0.961
1589125740,+3.34, +5.924, +0.218,+0.961
1589125800,+3.34, +5.963, +0.214,+0.961
1589125860,+3.34, +5.943, +0.217,+0.961
1589125920,+3.34, +5.943, +0.223,+0.961
1589125980,+3.34, +5.894, +0.227,+0.961
1589126040,+3.34, +5.894, +0.233,+0.962
1589126100,+3.34, +5.963, +0.253,+0.962
1589126160,+3.34, +5.953, +0.274,+0.963
1589126220,+3.34, +6.022, +0.280,+0.963
1589126280,+3.34, +5.973, +0.281,+0.963
1589126340,+3.34, +6.003, +0.325,+0.963
1589126400,+3.34, +5.953, +0.327,+0.963
1589126460,+3.34, +5.933, +0.314,+0.963
1589126520,+3.34, +5.924, +0.285,+0.962
1589126580,+3.34, +5.933, +0.259,+0.963
1589126640,+3.34, +5.924, +0.231,+0.962
1589126700,+3.34, +5.933, +0.215,+0.961
1589126760,+3.34, +5.943, +0.207,+0.961
1589126820,+3.34, +5.963, +0.216,+0.961
1589126880,+3.34, +6.003, +0.213,+0.962
1589126940,+3.34, +5.924, +0.217,+0.961
1589127000,+3.34, +6.003, +0.218,+0.962
1589127060,+3.34, +6.072, +0.248,+0.962
1589127120,+3.34, +6.141, +0.279,+0.963
1589127180,+3.34, +6.190, +0.291,+0.963
1589127240,+3.34, +6.141, +0.276,+0.963
1589127300,+3.34, +6.190, +0.262,+0.963
1589127360,+3.34, +6.141, +0.285,+0.963
1589127420,+3.34, +5.993, +0.276,+0.962
1589127480,+3.34, +6.052, +0.323,+0.963
1589127540,+3.34, +6.082, +0.360,+0.964
1589127600,+3.34, +6.072, +0.310,+0.963
1589127660,+3.34, +5.993, +0.261,+0.962
1589127720,+3.34, +5.963, +0.236,+0.962
1589127780,+3.34, +5.953, +0.225,+0.961
1589127840,+3.34, +5.933, +0.215,+0.962
1589127900,+3.34, +5.924, +0.208,+0.961
1589127960,+3.34, +5.963, +0.202,+0.961
1589128020,+3.34, +6.013, +0.204,+0.961
1589128080,+3.34, +6.013, +0.203,+0.961
1589128140,+3.34, +5.983, +0.211,+0.961
1589128200,+3.34, +6.032, +0.241,+0.962
1589128260,+3.34, +5.993, +0.251,+0.962
1589128320,+3.34, +6.082, +0.251,+0.962
1589128380,+3.34, +6.062, +0.248,+0.962
1589128440,+3.34, +6.092, +0.249,+0.962
1589128500,+3.34, +6.111, +0.258,+0.963
1589128560,+3.34, +6.072, +0.250,+0.962
1589128620,+3.34, +6.111, +0.243,+0.962
1589128680,+3.34, +6.072, +0.251,+0.962
1589128740,+3.34, +6.111, +0.274,+0.963
1589128800,+3.34, +6.032, +0.271,+0.962
1589128860,+3.34, +6.003, +0.265,+0.962
1589128920,+3.34, +5.953, +0.265,+0.962
1589128980,+3.34, +5.864, +0.254,+0.962
1589129040,+3.34, +5.815, +0.261,+0.962
1589129100,+3.34, +5.844, +0.281,+0.962
1589129160,+3.34, +5.874, +0.301,+0.963
1589129220,+3.34, +5.914, +0.307,+0.963
1589129280,+3.34, +5.924, +0.314,+0.963
1589129340,+3.33, +5.943, +0.304,+0.963
1589129400,+3.34, +5.943, +0.291,+0.963
1589129460,+3.34, +5.894, +0.274,+0.962
1589129520,+3.34, +5.874, +0.256,+0.962
1589129580,+3.34, +5.874, +0.251,+0.962
1589129640,+3.34, +5.963, +0.296,+0.963
1589129700,+3.34, +5.953, +0.308,+0.963
1589129760,+3.34, +5.993, +0.322,+0.963
1589129820,+3.34, +6.032, +0.353,+0.964
1589129880,+3.34, +6.082, +0.410,+0.965
1589129940,+3.34, +6.052, +0.429,+0.965
1589130000,+3.34, +6.042, +0.405,+0.965
1589130060,+3.34, +6.032, +0.371,+0.964
1589130120,+3.34, +5.983, +0.335,+0.963
1589130180,+3.34, +5.904, +0.297,+0.962
1589130240,+3.34, +5.854, +0.271,+0.962
1589130300,+3.34, +5.864, +0.257,+0.962
1589130360,+3.34, +5.834, +0.244,+0.962
1589130420,+3.34, +5.815, +0.232,+0.962
1589130480,+3.34, +5.795, +0.221,+0.961
1589130540,+3.34, +5.765, +0.216,+0.961
1589130600,+3.34, +5.824, +0.241,+0.962
1589130660,+3.34, +5.824, +0.246,+0.962
1589130720,+3.34, +5.854, +0.247,+0.962
1589130780,+3.34, +5.963, +0.273,+0.963
1589130840,+3.33, +5.993, +0.309,+0.963
1589130900,+3.34, +6.072, +0.332,+0.964
1589130960,+3.34, +6.072, +0.349,+0.964
1589131020,+3.34, +6.141, +0.350,+0.964
1589131080,+3.34, +6.220, +0.367,+0.965
1589131140,+3.34, +6.357, +0.411,+0.966
1589131200,+3.34, +6.426, +0.459,+0.967
1589131260,+3.34, +6.465, +0.485,+0.967
1589131320,+3.34, +6.484, +0.444,+0.966
1589131380,+3.34, +6.455, +0.451,+0.966
1589131440,+3.34, +6.426, +0.415,+0.965
1589131500,+3.34, +6.387, +0.374,+0.965
1589131560,+3.34, +6.367, +0.333,+0.964
1589131620,+3.34, +6.357, +0.307,+0.963
1589131680,+3.34, +6.377, +0.312,+0.963
1589131740,+3.34, +6.357, +0.326,+0.963
1589131800,+3.34, +6.387, +0.324,+0.964
1589131860,+3.34, +6.328, +0.325,+0.963
1589131920,+3.34, +6.298, +0.313,+0.963
1589131980,+3.34, +6.288, +0.311,+0.963
1589132040,+3.34, +6.279, +0.314,+0.963
1589132100,+3.34, +6.328, +0.323,+0.963
1589132160,+3.34, +6.347, +0.343,+0.964
1589132220,+3.34, +6.347, +0.357,+0.964
1589132280,+3.34, +6.298, +0.356,+0.964
1589132340,+3.34, +6.269, +0.340,+0.964
1589132400,+3.34, +6.220, +0.325,+0.963
1589132460,+3.34, +6.239, +0.346,+0.964
1589132520,+3.34, +6.151, +0.324,+0.963
1589132580,+3.34, +6.111, +0.303,+0.963
1589132640,+3.34, +5.983, +0.272,+0.962
1589132700,+3.34, +5.963, +0.251,+0.962
1589132760,+3.34, +5.943, +0.235,+0.961
1589132820,+3.34, +5.924, +0.221,+0.961
1589132880,+3.34, +5.884, +0.208,+0.961
1589132940,+3.34, +5.824, +0.196,+0.960
1589133000,+3.34, +5.805, +0.185,+0.960
1589133060,+3.34, +5.745, +0.185,+0.960
1589133120,+3.34, +5.755, +0.183,+0.961
1589133180,+3.34, +5.735, +0.184,+0.960
1589133240,+3.34, +5.745, +0.186,+0.961
1589133300,+3.34, +5.715, +0.192,+0.961
1589133360,+3.34, +5.655, +0.195,+0.961
1589133420,+3.34, +5.636, +0.197,+0.961
1589133480,+3.34, +5.655, +0.203,+0.961
1589133540,+3.34, +5.725, +0.231,+0.962
1589133600,+3.34, +5.755, +0.261,+0.962
1589133660,+3.34, +5.775, +0.262,+0.962
1589133720,+3.34, +5.755, +0.247,+0.962
1589133780,+3.34, +5.765, +0.242,+0.962
1589133840,+3.34, +5.864, +0.275,+0.963
1589133900,+3.34, +5.864, +0.277,+0.963
1589133960,+3.34, +5.824, +0.265,+0.962
1589134020,+3.34, +5.854, +0.273,+0.963
1589134080,+3.34, +5.924, +0.313,+0.963
1589134140,+3.34, +5.963, +0.341,+0.964
1589134200,+3.34, +5.943, +0.357,+0.964
1589134260,+3.34, +6.082, +0.373,+0.965
1589134320,+3.34, +6.220, +0.433,+0.966
1589134380,+3.34, +6.239, +0.463,+0.966
1589134440,+3.34, +6.279, +0.469,+0.967
1589134500,+3.34, +6.308, +0.493,+0.967
1589134560,+3.34, +6.426, +0.526,+0.967
1589134620,+3.34, +6.416, +0.511,+0.967
1589134680,+3.34, +6.426, +0.495,+0.967
1589134740,+3.34, +6.435, +0.489,+0.967
1589134800,+3.34, +6.416, +0.467,+0.966
1589134860,+3.34, +6.387, +0.442,+0.966
1589134920,+3.34, +6.406, +0.400,+0.965
1589134980,+3.34, +6.426, +0.346,+0.964
1589135040,+3.34, +6.387, +0.296,+0.963
1589135100,+3.34, +6.406, +0.255,+0.962
1589135160,+3.34, +6.416, +0.237,+0.962
1589135220,+3.34, +6.377, +0.222,+0.962
1589135280,+3.34, +6.377, +0.220,+0.962
1589135340,+3.34, +6.357, +0.194,+0.961
1589135400,+3.34, +6.318, +0.182,+0.961
1589135460,+3.34, +6.239, +0.176,+0.961
1589135520,+3.34, +6.190, +0.168,+0.960
1589135580,+3.34, +6.131, +0.165,+0.960
1589135640,+3.34, +6.121, +0.167,+0.960
1589135700,+3.34, +6.082, +0.173,+0.960
1589135760,+3.34, +6.062, +0.177,+0.960
1589135820,+3.34, +6.042, +0.177,+0.960
1589135880,+3.34, +6.022, +0.178,+0.961
1589135940,+3.34, +6.042, +0.176,+0.961
1589136000,+3.34, +6.042, +0.172,+0.960
1589136060,+3.34, +6.072, +0.169,+0.960
1589136120,+3.34, +6.101, +0.175,+0.961
1589136180,+3.34, +6.082, +0.178,+0.961
1589136240,+3.34, +6.101, +0.174,+0.961
1589136300,+3.34, +6.101, +0.174,+0.961
1589136360,+3.34, +6.082, +0.174,+0.961
1589136420,+3.34, +6.082, +0.175,+0.961
1589136480,+3.34, +6.062, +0.189,+0.961
1589136540,+3.34, +6.072, +0.195,+0.961
1589136600,+3.34, +6.062, +0.200,+0.961
1589136660,+3.34, +6.082, +0.202,+0.961
1589136720,+3.34, +6.121, +0.207,+0.961
1589136780,+3.34, +6.121, +0.216,+0.962
1589136840,+3.34, +6.141, +0.216,+0.962
1589136900,+3.34, +6.180, +0.235,+0.962
1589136960,+3.34, +6.170, +0.244,+0.962
1589137020,+3.34, +6.220, +0.251,+0.963
1589137080,+3.34, +6.249, +0.254,+0.962
1589137140,+3.34, +6.259, +0.256,+0.962
1589137200,+3.34, +6.298, +0.272,+0.963
1589137260,+3.34, +6.239, +0.278,+0.963
1589137320,+3.34, +6.269, +0.266,+0.963
1589137380,+3.34, +6.318, +0.275,+0.963
1589137440,+3.34, +6.377, +0.313,+0.964
1589137500,+3.34, +6.387, +0.295,+0.963
1589137560,+3.34, +6.377, +0.267,+0.963
1589137620,+3.34, +6.406, +0.272,+0.963
1589137680,+3.34, +6.445, +0.291,+0.963
1589137740,+3.34, +6.406, +0.275,+0.963
1589137800,+3.34, +6.347, +0.256,+0.962
1589137860,+3.34, +6.288, +0.234,+0.962
1589137920,+3.34, +6.229, +0.207,+0.961
1589137980,+3.34, +6.180, +0.195,+0.961
1589138040,+3.34, +6.141, +0.186,+0.960
1589138100,+3.34, +6.072, +0.187,+0.961
1589138160,+3.34, +6.092, +0.189,+0.961
1589138220,+3.34, +6.022, +0.189,+0.961
1589138280,+3.34, +5.983, +0.183,+0.960
1589138340,+3.34, +5.904, +0.177,+0.960
1589138400,+3.34, +5.854, +0.174,+0.960
1589138460,+3.34, +5.844, +0.176,+0.960
1589138520,+3.34, +5.824, +0.177,+0.960
1589138580,+3.34, +5.854, +0.179,+0.961
1589138640,+3.34, +5.815, +0.186,+0.961
1589138700,+3.34, +5.805, +0.186,+0.961
1589138760,+3.34, +5.805, +0.175,+0.961
1589138820,+3.34, +5.765, +0.172,+0.960
1589138880,+3.34, +5.715, +0.170,+0.960
1589138940,+3.34, +5.705, +0.169,+0.960
1589139000,+3.34, +5.685, +0.166,+0.960
1589139060,+3.34, +5.765, +0.167,+0.961
1589139120,+3.34, +5.844, +0.170,+0.961
1589139180,+3.34, +5.904, +0.175,+0.961
1589139240,+3.34, +6.022, +0.191,+0.962
1589139300,+3.34, +6.042, +0.198,+0.961
1589139360,+3.34, +6.052, +0.197,+0.961
1589139420,+3.34, +6.013, +0.195,+0.961
1589139480,+3.34, +6.022, +0.194,+0.961
1589139540,+3.34, +6.062, +0.192,+0.961
1589139600,+3.34, +6.121, +0.195,+0.962
1589139660,+3.34, +6.210, +0.215,+0.962
1589139720,+3.34, +6.190, +0.229,+0.962
1589139780,+3.34, +6.141, +0.229,+0.962
1589139840,+3.34, +6.151, +0.231,+0.962
1589139900,+3.34, +6.082, +0.236,+0.962
1589139960,+3.34, +6.052, +0.226,+0.962
1589140020,+3.34, +5.993, +0.211,+0.961
1589140080,+3.34, +5.983, +0.202,+0.961
1589140140,+3.34, +5.943, +0.196,+0.961
1589140200,+3.34, +5.943, +0.192,+0.961
1589140260,+3.34, +5.894, +0.191,+0.961
1589140320,+3.34, +5.953, +0.193,+0.961
1589140380,+3.34, +5.933, +0.201,+0.961
1589140440,+3.34, +5.953, +0.201,+0.961
1589140500,+3.34, +5.963, +0.198,+0.961
1589140560,+3.34, +5.973, +0.197,+0.961
1589140620,+3.34, +5.983, +0.196,+0.961
1589140680,+3.34, +6.013, +0.199,+0.961
1589140740,+3.34, +6.042, +0.200,+0.961
1589140800,+3.34, +6.022, +0.201,+0.961
1589140860,+3.34, +6.022, +0.199,+0.961
1589140920,+3.34, +6.022, +0.193,+0.961
1589140980,+3.34, +6.062, +0.191,+0.961
1589141040,+3.34, +6.052, +0.191,+0.961
1589141100,+3.34, +6.062, +0.189,+0.961
1589141160,+3.34, +6.052, +0.188,+0.961
1589141220,+3.34, +6.052, +0.183,+0.961
1589141280,+3.34, +6.082, +0.178,+0.961
1589141340,+3.34, +6.121, +0.179,+0.961
1589141400,+3.34, +6.141, +0.185,+0.961
1589141460,+3.34, +6.092, +0.186,+0.961
1589141520,+3.34, +6.092, +0.184,+0.961
1589141580,+3.34, +6.072, +0.181,+0.961
1589141640,+3.34, +6.082, +0.193,+0.961
1589141700,+3.34, +6.052, +0.199,+0.961
1589141760,+3.34, +6.022, +0.198,+0.961
1589141820,+3.34, +6.052, +0.196,+0.961
1589141880,+3.34, +6.092, +0.191,+0.961
1589141940,+3.34, +6.161, +0.184,+0.961
1589142000,+3.34, +6.190, +0.180,+0.961
1589142060,+3.34, +6.180, +0.178,+0.961
1589142120,+3.34, +6.249, +0.177,+0.961
1589142180,+3.34, +6.298, +0.174,+0.961
1589142240,+3.34, +6.259, +0.182,+0.961
1589142300,+3.34, +6.239, +0.180,+0.961
1589142360,+3.34, +6.229, +0.180,+0.961
1589142420,+3.34, +6.269, +0.181,+0.961
1589142480,+3.34, +6.279, +0.187,+0.961
1589142540,+3.34, +6.259, +0.191,+0.961
1589142600,+3.34, +6.239, +0.189,+0.961
1589142660,+3.34, +6.249, +0.199,+0.961
1589142720,+3.34, +6.239, +0.200,+0.962
1589142780,+3.34, +6.220, +0.197,+0.961
1589142840,+3.34, +6.190, +0.195,+0.961
1589142900,+3.34, +6.200, +0.188,+0.961
1589142960,+3.34, +6.161, +0.184,+0.961
1589143020,+3.34, +6.111, +0.183,+0.961
1589143080,+3.34, +6.180, +0.198,+0.961
1589143140,+3.34, +6.180, +0.211,+0.962
1589143200,+3.34, +6.190, +0.205,+0.961
1589143260,+3.34, +6.170, +0.197,+0.961
1589143320,+3.34, +6.190, +0.196,+0.961
1589143380,+3.34, +6.131, +0.186,+0.961
1589143440,+3.34, +6.072, +0.181,+0.961
1589143500,+3.34, +5.983, +0.173,+0.960
1589143560,+3.34, +5.933, +0.169,+0.960
1589143620,+3.34, +5.844, +0.164,+0.960
1589143680,+3.34, +5.815, +0.162,+0.960
1589143740,+3.34, +5.874, +0.162,+0.960
1589143800,+3.34, +5.953, +0.177,+0.961
