7392-570653
OS REV: 1.11 Sensor Cal: 1428445788
Time (sec),  BV (Volts),  T (deg C),  DO (mg/l),  Q ()
1586033460,+3.31, +1.871, +0.173,+0.960
1586033520,+3.31, +1.882, +0.172,+0.960
1586033580,+3.31, +1.849, +0.174,+0.960
1586033640,+3.31, +1.838, +0.174,+0.960
1586033700,+3.31, +1.871, +0.173,+0.960
1586033760,+3.31, +1.838, +0.172,+0.960
1586033820,+3.31, +1.871, +0.173,+0.960
1586033880,+3.31, +1.871, +0.172,+0.960
1586033940,+3.31, +1.893, +0.172,+0.960
1586034000,+3.31, +1.860, +0.206,+0.961
1586034060,+3.31, +1.860, +0.231,+0.961
1586034120,+3.31, +1.849, +0.249,+0.961
1586034180,+3.31, +1.860, +0.263,+0.962
1586034240,+3.31, +1.871, +0.269,+0.962
1586034300,+3.31, +1.882, +0.275,+0.962
1586034360,+3.31, +1.893, +0.281,+0.962
1586034420,+3.31, +1.882, +0.282,+0.962
1586034480,+3.31, +1.871, +0.282,+0.962
1586034540,+3.31, +1.860, +0.284,+0.962
1586034600,+3.31, +1.849, +0.280,+0.962
1586034660,+3.31, +1.838, +0.282,+0.962
1586034720,+3.31, +1.871, +0.280,+0.962
1586034780,+3.31, +1.871, +0.278,+0.962
1586034840,+3.31, +1.838, +0.277,+0.962
1586034900,+3.31, +1.860, +0.273,+0.962
1586034960,+3.31, +1.882, +0.272,+0.962
1586035020,+3.31, +1.871, +0.271,+0.962
1586035080,+3.31, +1.871, +0.269,+0.962
1586035140,+3.31, +1.849, +0.266,+0.961
1586035200,+3.31, +1.871, +0.264,+0.961
1586035260,+3.31, +1.849, +0.261,+0.961
1586035320,+3.31, +1.871, +0.259,+0.962
1586035380,+3.31, +1.915, +0.254,+0.962
1586035440,+3.31, +1.882, +0.254,+0.962
1586035500,+3.31, +1.860, +0.251,+0.961
1586035560,+3.31, +1.860, +0.247,+0.961
1586035620,+3.31, +1.860, +0.242,+0.961
1586035680,+3.31, +1.871, +0.237,+0.961
1586035740,+3.31, +1.893, +0.233,+0.961
1586035800,+3.31, +1.849, +0.227,+0.961
1586035860,+3.31, +1.882, +0.224,+0.961
1586035920,+3.31, +1.904, +0.219,+0.961
1586035980,+3.31, +1.871, +0.215,+0.961
1586036040,+3.31, +1.816, +0.210,+0.960
1586036100,+3.31, +1.860, +0.207,+0.961
1586036160,+3.31, +1.860, +0.202,+0.961
1586036220,+3.31, +1.849, +0.199,+0.961
1586036280,+3.31, +1.871, +0.195,+0.961
1586036340,+3.31, +1.849, +0.195,+0.960
1586036400,+3.31, +1.871, +0.192,+0.960
1586036460,+3.31, +1.860, +0.189,+0.960
1586036520,+3.31, +1.838, +0.187,+0.960
1586036580,+3.31, +1.871, +0.186,+0.960
1586036640,+3.31, +1.849, +0.183,+0.960
1586036700,+3.31, +1.849, +0.184,+0.960
1586036760,+3.31, +1.849, +0.184,+0.960
1586036820,+3.31, +1.871, +0.183,+0.960
1586036880,+3.31, +1.871, +0.182,+0.960
1586036940,+3.31, +1.860, +0.181,+0.960
1586037000,+3.31, +1.849, +0.182,+0.960
1586037060,+3.31, +1.882, +0.180,+0.960
1586037120,+3.31, +1.849, +0.179,+0.960
1586037180,+3.31, +1.882, +0.179,+0.960
1586037240,+3.31, +1.860, +0.178,+0.960
1586037300,+3.31, +1.871, +0.180,+0.960
1586037360,+3.31, +1.882, +0.178,+0.960
1586037420,+3.31, +1.871, +0.179,+0.960
1586037480,+3.31, +1.849, +0.178,+0.960
1586037540,+3.31, +1.849, +0.178,+0.960
1586037600,+3.31, +1.860, +0.179,+0.960
1586037660,+3.31, +1.882, +0.178,+0.960
1586037720,+3.31, +1.849, +0.176,+0.960
1586037780,+3.31, +1.849, +0.178,+0.960
1586037840,+3.31, +1.860, +0.177,+0.960
1586037900,+3.31, +1.827, +0.176,+0.960
1586037960,+3.31, +1.871, +0.175,+0.960
1586038020,+3.31, +1.882, +0.176,+0.960
1586038080,+3.31, +1.860, +0.176,+0.960
1586038140,+3.31, +1.860, +0.176,+0.960
1586038200,+3.31, +1.849, +0.177,+0.960
1586038260,+3.31, +1.849, +0.179,+0.960
1586038320,+3.31, +1.849, +0.177,+0.960
1586038380,+3.31, +1.838, +0.178,+0.960
1586038440,+3.31, +1.893, +0.177,+0.960
1586038500,+3.31, +1.871, +0.181,+0.960
1586038560,+3.31, +1.827, +0.183,+0.960
1586038620,+3.31, +1.860, +0.185,+0.960
1586038680,+3.31, +1.849, +0.188,+0.960
1586038740,+3.31, +1.860, +0.192,+0.961
1586038800,+3.31, +1.838, +0.196,+0.961
1586038860,+3.31, +1.871, +0.199,+0.961
1586038920,+3.31, +1.871, +0.203,+0.960
1586038980,+3.31, +1.871, +0.208,+0.961
1586039040,+3.31, +1.849, +0.211,+0.961
1586039100,+3.31, +1.871, +0.214,+0.961
1586039160,+3.31, +1.860, +0.216,+0.961
1586039220,+3.31, +1.849, +0.222,+0.961
1586039280,+3.31, +1.849, +0.223,+0.961
1586039340,+3.31, +1.871, +0.224,+0.961
1586039400,+3.31, +1.871, +0.229,+0.961
1586039460,+3.31, +1.860, +0.230,+0.961
1586039520,+3.31, +1.849, +0.234,+0.961
1586039580,+3.31, +1.871, +0.235,+0.961
1586039640,+3.31, +1.849, +0.235,+0.961
1586039700,+3.31, +1.860, +0.238,+0.961
1586039760,+3.31, +1.893, +0.238,+0.961
1586039820,+3.31, +1.838, +0.241,+0.961
1586039880,+3.31, +1.860, +0.242,+0.961
1586039940,+3.31, +1.838, +0.243,+0.961
1586040000,+3.31, +1.849, +0.247,+0.961
1586040060,+3.31, +1.871, +0.246,+0.961
1586040120,+3.31, +1.860, +0.248,+0.961
1586040180,+3.31, +1.882, +0.247,+0.961
1586040240,+3.31, +1.838, +0.249,+0.961
1586040300,+3.31, +1.838, +0.248,+0.961
1586040360,+3.31, +1.827, +0.251,+0.961
1586040420,+3.31, +1.849, +0.247,+0.961
1586040480,+3.31, +1.871, +0.248,+0.961
1586040540,+3.31, +1.860, +0.248,+0.961
1586040600,+3.31, +1.827, +0.248,+0.961
1586040660,+3.31, +1.849, +0.247,+0.961
1586040720,+3.31, +1.816, +0.246,+0.961
1586040780,+3.31, +1.849, +0.242,+0.961
1586040840,+3.31, +1.838, +0.242,+0.961
1586040900,+3.31, +1.816, +0.239,+0.961
1586040960,+3.31, +1.827, +0.237,+0.961
1586041020,+3.31, +1.860, +0.233,+0.961
1586041080,+3.31, +1.827, +0.232,+0.961
1586041140,+3.31, +1.849, +0.228,+0.961
1586041200,+3.31, +1.827, +0.227,+0.961
1586041260,+3.31, +1.805, +0.224,+0.961
1586041320,+3.31, +1.827, +0.222,+0.961
1586041380,+3.31, +1.849, +0.221,+0.961
1586041440,+3.31, +1.838, +0.220,+0.961
1586041500,+3.31, +1.860, +0.219,+0.961
1586041560,+3.31, +1.838, +0.215,+0.961
1586041620,+3.31, +1.849, +0.214,+0.961
1586041680,+3.31, +1.893, +0.211,+0.961
1586041740,+3.31, +1.849, +0.209,+0.961
1586041800,+3.31, +1.838, +0.209,+0.961
1586041860,+3.31, +1.816, +0.208,+0.961
1586041920,+3.31, +1.838, +0.207,+0.961
1586041980,+3.31, +1.838, +0.206,+0.961
1586042040,+3.31, +1.860, +0.207,+0.961
1586042100,+3.31, +1.849, +0.208,+0.961
1586042160,+3.31, +1.860, +0.210,+0.961
1586042220,+3.31, +1.860, +0.212,+0.961
1586042280,+3.31, +1.860, +0.215,+0.961
1586042340,+3.31, +1.849, +0.216,+0.961
1586042400,+3.31, +1.838, +0.219,+0.961
1586042460,+3.31, +1.849, +0.221,+0.961
1586042520,+3.31, +1.849, +0.226,+0.961
1586042580,+3.31, +1.871, +0.226,+0.961
1586042640,+3.31, +1.849, +0.226,+0.961
1586042700,+3.31, +1.816, +0.228,+0.961
1586042760,+3.31, +1.827, +0.229,+0.961
1586042820,+3.31, +1.849, +0.231,+0.961
1586042880,+3.31, +1.838, +0.230,+0.961
1586042940,+3.31, +1.849, +0.231,+0.961
1586043000,+3.31, +1.816, +0.230,+0.961
1586043060,+3.31, +1.860, +0.230,+0.961
1586043120,+3.31, +1.860, +0.228,+0.961
1586043180,+3.31, +1.849, +0.229,+0.961
1586043240,+3.31, +1.871, +0.227,+0.961
1586043300,+3.31, +1.882, +0.227,+0.961
1586043360,+3.31, +1.860, +0.226,+0.961
1586043420,+3.31, +1.838, +0.227,+0.961
1586043480,+3.31, +1.827, +0.225,+0.961
1586043540,+3.31, +1.838, +0.228,+0.961
1586043600,+3.31, +1.849, +0.224,+0.961
1586043660,+3.31, +1.838, +0.223,+0.961
1586043720,+3.31, +1.838, +0.224,+0.961
1586043780,+3.31, +1.860, +0.222,+0.961
1586043840,+3.31, +1.849, +0.223,+0.961
1586043900,+3.31, +1.860, +0.223,+0.961
1586043960,+3.31, +1.849, +0.220,+0.961
1586044020,+3.31, +1.849, +0.223,+0.961
1586044080,+3.31, +1.827, +0.220,+0.961
1586044140,+3.31, +1.860, +0.218,+0.961
1586044200,+3.31, +1.838, +0.219,+0.961
1586044260,+3.31, +1.838, +0.220,+0.961
1586044320,+3.31, +1.849, +0.218,+0.961
1586044380,+3.31, +1.816, +0.217,+0.961
1586044440,+3.31, +1.849, +0.217,+0.961
1586044500,+3.31, +1.860, +0.215,+0.961
1586044560,+3.31, +1.871, +0.212,+0.961
1586044620,+3.31, +1.860, +0.213,+0.961
1586044680,+3.31, +1.838, +0.216,+0.961
1586044740,+3.31, +1.860, +0.214,+0.961
1586044800,+3.31, +1.860, +0.212,+0.961
1586044860,+3.31, +1.860, +0.211,+0.961
1586044920,+3.31, +1.794, +0.213,+0.961
1586044980,+3.31, +1.849, +0.211,+0.961
1586045040,+3.31, +1.838, +0.211,+0.961
1586045100,+3.31, +1.871, +0.209,+0.961
1586045160,+3.31, +1.849, +0.208,+0.961
1586045220,+3.31, +1.838, +0.208,+0.961
1586045280,+3.31, +1.838, +0.205,+0.960
1586045340,+3.31, +1.805, +0.205,+0.960
1586045400,+3.31, +1.827, +0.202,+0.961
1586045460,+3.31, +1.838, +0.201,+0.961
1586045520,+3.31, +1.827, +0.199,+0.961
1586045580,+3.31, +1.838, +0.193,+0.960
1586045640,+3.31, +1.838, +0.192,+0.960
1586045700,+3.31, +1.849, +0.188,+0.961
1586045760,+3.31, +1.871, +0.187,+0.960
1586045820,+3.31, +1.816, +0.183,+0.960
1586045880,+3.31, +1.838, +0.184,+0.960
1586045940,+3.31, +1.827, +0.181,+0.960
1586046000,+3.31, +1.838, +0.181,+0.960
1586046060,+3.31, +1.838, +0.180,+0.960
1586046120,+3.31, +1.849, +0.179,+0.960
1586046180,+3.31, +1.838, +0.176,+0.960
1586046240,+3.31, +1.816, +0.177,+0.960
1586046300,+3.31, +1.838, +0.175,+0.960
1586046360,+3.31, +1.849, +0.176,+0.960
1586046420,+3.31, +1.827, +0.176,+0.960
1586046480,+3.31, +1.838, +0.175,+0.960
1586046540,+3.31, +1.827, +0.176,+0.960
1586046600,+3.31, +1.827, +0.175,+0.960
1586046660,+3.31, +1.816, +0.178,+0.960
1586046720,+3.31, +1.783, +0.177,+0.960
1586046780,+3.31, +1.838, +0.175,+0.960
1586046840,+3.31, +1.827, +0.174,+0.960
1586046900,+3.31, +1.849, +0.174,+0.960
1586046960,+3.31, +1.794, +0.175,+0.960
1586047020,+3.31, +1.849, +0.174,+0.960
1586047080,+3.31, +1.794, +0.174,+0.960
1586047140,+3.31, +1.827, +0.174,+0.960
1586047200,+3.31, +1.816, +0.175,+0.960
1586047260,+3.31, +1.805, +0.172,+0.960
1586047320,+3.31, +1.827, +0.173,+0.960
1586047380,+3.31, +1.816, +0.173,+0.960
1586047440,+3.31, +1.805, +0.173,+0.960
1586047500,+3.31, +1.838, +0.171,+0.960
1586047560,+3.31, +1.794, +0.173,+0.960
1586047620,+3.31, +1.816, +0.173,+0.960
1586047680,+3.31, +1.794, +0.174,+0.960
1586047740,+3.31, +1.816, +0.173,+0.960
1586047800,+3.31, +1.838, +0.173,+0.960
1586047860,+3.31, +1.827, +0.173,+0.960
1586047920,+3.31, +1.838, +0.172,+0.960
1586047980,+3.31, +1.816, +0.173,+0.960
1586048040,+3.31, +1.805, +0.171,+0.960
1586048100,+3.31, +1.816, +0.172,+0.960
1586048160,+3.31, +1.805, +0.173,+0.960
1586048220,+3.31, +1.827, +0.171,+0.960
1586048280,+3.31, +1.772, +0.174,+0.960
1586048340,+3.31, +1.794, +0.172,+0.960
1586048400,+3.31, +1.816, +0.173,+0.960
1586048460,+3.31, +1.827, +0.172,+0.960
1586048520,+3.31, +1.838, +0.174,+0.960
1586048580,+3.31, +1.816, +0.175,+0.960
1586048640,+3.31, +1.827, +0.172,+0.960
1586048700,+3.31, +1.739, +0.173,+0.960
1586048760,+3.31, +1.783, +0.172,+0.960
1586048820,+3.31, +1.783, +0.173,+0.960
1586048880,+3.31, +1.750, +0.173,+0.960
1586048940,+3.31, +1.783, +0.175,+0.960
1586049000,+3.31, +1.805, +0.173,+0.960
1586049060,+3.31, +1.761, +0.175,+0.960
1586049120,+3.31, +1.783, +0.173,+0.960
1586049180,+3.31, +1.794, +0.173,+0.960
1586049240,+3.31, +1.750, +0.176,+0.960
1586049300,+3.31, +1.772, +0.178,+0.960
1586049360,+3.31, +1.750, +0.179,+0.960
1586049420,+3.31, +1.761, +0.183,+0.960
1586049480,+3.31, +1.706, +0.185,+0.960
1586049540,+3.31, +1.761, +0.189,+0.960
1586049600,+3.31, +1.728, +0.193,+0.960
1586049660,+3.31, +1.750, +0.196,+0.960
1586049720,+3.31, +1.772, +0.202,+0.961
1586049780,+3.31, +1.761, +0.209,+0.961
1586049840,+3.31, +1.772, +0.210,+0.961
1586049900,+3.31, +1.750, +0.216,+0.961
1586049960,+3.31, +1.750, +0.219,+0.961
1586050020,+3.31, +1.783, +0.221,+0.961
1586050080,+3.31, +1.761, +0.223,+0.961
1586050140,+3.31, +1.750, +0.226,+0.961
1586050200,+3.31, +1.761, +0.230,+0.961
1586050260,+3.31, +1.739, +0.233,+0.961
1586050320,+3.31, +1.761, +0.236,+0.961
1586050380,+3.31, +1.783, +0.239,+0.961
1586050440,+3.31, +1.783, +0.242,+0.961
1586050500,+3.31, +1.739, +0.244,+0.961
1586050560,+3.31, +1.728, +0.247,+0.961
1586050620,+3.31, +1.761, +0.247,+0.961
1586050680,+3.31, +1.761, +0.249,+0.961
1586050740,+3.31, +1.750, +0.247,+0.961
1586050800,+3.31, +1.761, +0.247,+0.961
1586050860,+3.31, +1.761, +0.247,+0.961
1586050920,+3.31, +1.783, +0.247,+0.961
1586050980,+3.31, +1.772, +0.246,+0.961
1586051040,+3.31, +1.750, +0.246,+0.961
1586051100,+3.31, +1.783, +0.244,+0.961
1586051160,+3.31, +1.761, +0.239,+0.961
1586051220,+3.31, +1.783, +0.234,+0.961
1586051280,+3.31, +1.772, +0.230,+0.961
1586051340,+3.31, +1.772, +0.225,+0.961
1586051400,+3.31, +1.783, +0.220,+0.961
1586051460,+3.31, +1.750, +0.218,+0.961
1586051520,+3.31, +1.783, +0.213,+0.961
1586051580,+3.31, +1.783, +0.211,+0.961
1586051640,+3.31, +1.761, +0.209,+0.961
1586051700,+3.31, +1.794, +0.205,+0.961
1586051760,+3.31, +1.794, +0.201,+0.961
1586051820,+3.31, +1.783, +0.198,+0.960
1586051880,+3.31, +1.805, +0.197,+0.961
1586051940,+3.31, +1.794, +0.193,+0.961
1586052000,+3.31, +1.772, +0.190,+0.960
1586052060,+3.31, +1.772, +0.187,+0.960
1586052120,+3.31, +1.794, +0.184,+0.960
1586052180,+3.31, +1.783, +0.183,+0.960
1586052240,+3.31, +1.783, +0.181,+0.960
1586052300,+3.31, +1.794, +0.180,+0.960
1586052360,+3.31, +1.783, +0.179,+0.960
1586052420,+3.31, +1.772, +0.178,+0.960
1586052480,+3.31, +1.805, +0.177,+0.960
1586052540,+3.31, +1.805, +0.177,+0.960
1586052600,+3.31, +1.794, +0.175,+0.960
1586052660,+3.31, +1.794, +0.175,+0.960
1586052720,+3.31, +1.805, +0.175,+0.960
1586052780,+3.31, +1.805, +0.174,+0.960
1586052840,+3.31, +1.794, +0.173,+0.960
1586052900,+3.31, +1.805, +0.173,+0.960
1586052960,+3.31, +1.805, +0.173,+0.960
1586053020,+3.31, +1.805, +0.174,+0.960
1586053080,+3.31, +1.827, +0.173,+0.960
1586053140,+3.31, +1.805, +0.173,+0.960
1586053200,+3.31, +1.805, +0.172,+0.960
1586053260,+3.31, +1.816, +0.172,+0.960
1586053320,+3.31, +1.838, +0.172,+0.960
1586053380,+3.31, +1.827, +0.172,+0.960
1586053440,+3.31, +1.794, +0.173,+0.960
1586053500,+3.31, +1.805, +0.173,+0.960
1586053560,+3.31, +1.816, +0.172,+0.960
1586053620,+3.31, +1.838, +0.173,+0.960
1586053680,+3.31, +1.772, +0.174,+0.960
1586053740,+3.31, +1.805, +0.174,+0.960
1586053800,+3.31, +1.816, +0.174,+0.960
1586053860,+3.31, +1.849, +0.173,+0.960
1586053920,+3.31, +1.827, +0.172,+0.960
1586053980,+3.31, +1.838, +0.173,+0.960
1586054040,+3.31, +1.827, +0.174,+0.960
1586054100,+3.31, +1.827, +0.173,+0.960
1586054160,+3.31, +1.816, +0.173,+0.960
1586054220,+3.31, +1.827, +0.173,+0.960
1586054280,+3.31, +1.849, +0.172,+0.960
1586054340,+3.31, +1.838, +0.173,+0.960
1586054400,+3.31, +1.827, +0.171,+0.960
1586054460,+3.31, +1.838, +0.174,+0.960
1586054520,+3.31, +1.827, +0.173,+0.960
1586054580,+3.31, +1.827, +0.172,+0.960
1586054640,+3.31, +1.827, +0.173,+0.960
1586054700,+3.31, +1.838, +0.173,+0.960
1586054760,+3.31, +1.838, +0.173,+0.960
1586054820,+3.31, +1.882, +0.172,+0.960
1586054880,+3.31, +1.827, +0.173,+0.960
1586054940,+3.31, +1.871, +0.169,+0.960
1586055000,+3.31, +1.827, +0.172,+0.960
1586055060,+3.31, +1.827, +0.172,+0.960
1586055120,+3.31, +1.827, +0.172,+0.960
1586055180,+3.31, +1.838, +0.172,+0.960
1586055240,+3.31, +1.838, +0.172,+0.960
1586055300,+3.31, +1.838, +0.173,+0.960
1586055360,+3.31, +1.860, +0.172,+0.960
1586055420,+3.31, +1.827, +0.172,+0.960
1586055480,+3.31, +1.849, +0.172,+0.960
1586055540,+3.31, +1.838, +0.174,+0.960
1586055600,+3.31, +1.849, +0.172,+0.960
1586055660,+3.31, +1.849, +0.174,+0.960
1586055720,+3.31, +1.860, +0.172,+0.960
1586055780,+3.31, +1.871, +0.173,+0.960
1586055840,+3.31, +1.860, +0.172,+0.960
1586055900,+3.31, +1.849, +0.172,+0.960
1586055960,+3.31, +1.849, +0.174,+0.960
1586056020,+3.31, +1.838, +0.172,+0.960
1586056080,+3.31, +1.794, +0.172,+0.960
1586056140,+3.31, +1.893, +0.170,+0.960
1586056200,+3.31, +1.849, +0.172,+0.960
1586056260,+3.31, +1.849, +0.171,+0.960
1586056320,+3.31, +1.838, +0.173,+0.960
1586056380,+3.31, +1.849, +0.171,+0.960
1586056440,+3.31, +1.860, +0.172,+0.960
1586056500,+3.31, +1.849, +0.173,+0.960
1586056560,+3.31, +1.849, +0.172,+0.960
1586056620,+3.31, +1.849, +0.172,+0.960
1586056680,+3.31, +1.849, +0.172,+0.960
1586056740,+3.31, +1.860, +0.171,+0.960
1586056800,+3.31, +1.860, +0.170,+0.960
1586056860,+3.31, +1.860, +0.172,+0.960
1586056920,+3.31, +1.849, +0.173,+0.960
1586056980,+3.31, +1.816, +0.173,+0.960
1586057040,+3.31, +1.882, +0.172,+0.960
1586057100,+3.31, +1.849, +0.171,+0.960
1586057160,+3.31, +1.849, +0.171,+0.960
1586057220,+3.31, +1.838, +0.172,+0.960
1586057280,+3.31, +1.860, +0.172,+0.960
1586057340,+3.31, +1.838, +0.172,+0.960
1586057400,+3.31, +1.816, +0.174,+0.960
1586057460,+3.31, +1.827, +0.174,+0.960
1586057520,+3.31, +1.849, +0.172,+0.960
1586057580,+3.31, +1.860, +0.172,+0.960
1586057640,+3.31, +1.849, +0.172,+0.960
1586057700,+3.31, +1.849, +0.172,+0.960
1586057760,+3.31, +1.849, +0.173,+0.960
1586057820,+3.31, +1.860, +0.172,+0.960
1586057880,+3.31, +1.871, +0.172,+0.960
1586057940,+3.31, +1.838, +0.174,+0.960
1586058000,+3.31, +1.849, +0.172,+0.960
1586058060,+3.31, +1.838, +0.172,+0.960
1586058120,+3.31, +1.838, +0.172,+0.960
1586058180,+3.31, +1.849, +0.171,+0.960
1586058240,+3.31, +1.849, +0.173,+0.960
1586058300,+3.31, +1.860, +0.173,+0.960
1586058360,+3.31, +1.860, +0.173,+0.960
1586058420,+3.31, +1.838, +0.172,+0.960
1586058480,+3.31, +1.871, +0.173,+0.960
1586058540,+3.31, +1.860, +0.173,+0.960
1586058600,+3.31, +1.860, +0.173,+0.960
1586058660,+3.31, +1.860, +0.171,+0.960
1586058720,+3.31, +1.849, +0.171,+0.960
1586058780,+3.31, +1.849, +0.173,+0.960
1586058840,+3.31, +1.838, +0.171,+0.960
1586058900,+3.31, +1.871, +0.173,+0.960
1586058960,+3.31, +1.871, +0.170,+0.960
1586059020,+3.31, +1.849, +0.172,+0.960
1586059080,+3.31, +1.849, +0.173,+0.960
1586059140,+3.31, +1.860, +0.172,+0.960
1586059200,+3.31, +1.849, +0.172,+0.960
1586059260,+3.31, +1.860, +0.172,+0.960
1586059320,+3.31, +1.882, +0.171,+0.960
1586059380,+3.31, +1.882, +0.172,+0.960
1586059440,+3.31, +1.838, +0.171,+0.960
1586059500,+3.31, +1.849, +0.172,+0.960
1586059560,+3.31, +1.882, +0.172,+0.960
1586059620,+3.31, +1.827, +0.172,+0.960
1586059680,+3.31, +1.893, +0.170,+0.960
1586059740,+3.31, +1.871, +0.172,+0.960
1586059800,+3.31, +1.882, +0.172,+0.960
1586059860,+3.31, +1.838, +0.171,+0.960
1586059920,+3.31, +1.849, +0.173,+0.960
1586059980,+3.31, +1.838, +0.172,+0.960
1586060040,+3.31, +1.827, +0.172,+0.960
1586060100,+3.31, +1.849, +0.173,+0.960
1586060160,+3.31, +1.860, +0.174,+0.960
1586060220,+3.31, +1.849, +0.171,+0.960
1586060280,+3.31, +1.849, +0.172,+0.960
1586060340,+3.31, +1.838, +0.172,+0.960
1586060400,+3.31, +1.849, +0.171,+0.960
1586060460,+3.31, +1.827, +0.173,+0.960
1586060520,+3.31, +1.860, +0.173,+0.960
1586060580,+3.31, +1.860, +0.173,+0.960
1586060640,+3.31, +1.816, +0.172,+0.960
1586060700,+3.31, +1.860, +0.172,+0.960
1586060760,+3.31, +1.849, +0.173,+0.960
1586060820,+3.31, +1.838, +0.173,+0.960
1586060880,+3.31, +1.860, +0.172,+0.960
1586060940,+3.31, +1.849, +0.172,+0.960
1586061000,+3.31, +1.827, +0.171,+0.960
1586061060,+3.31, +1.816, +0.173,+0.960
1586061120,+3.31, +1.849, +0.173,+0.960
1586061180,+3.31, +1.827, +0.171,+0.960
1586061240,+3.31, +1.871, +0.172,+0.960
1586061300,+3.31, +1.805, +0.172,+0.960
1586061360,+3.31, +1.805, +0.173,+0.960
1586061420,+3.31, +1.849, +0.171,+0.960
1586061480,+3.31, +1.849, +0.174,+0.960
1586061540,+3.31, +1.838, +0.172,+0.960
1586061600,+3.31, +1.827, +0.173,+0.960
1586061660,+3.31, +1.838, +0.171,+0.960
1586061720,+3.31, +1.838, +0.172,+0.960
1586061780,+3.31, +1.838, +0.172,+0.960
1586061840,+3.31, +1.838, +0.173,+0.960
1586061900,+3.31, +1.849, +0.170,+0.960
1586061960,+3.31, +1.805, +0.171,+0.960
1586062020,+3.31, +1.838, +0.171,+0.960
1586062080,+3.31, +1.794, +0.172,+0.960
1586062140,+3.31, +1.838, +0.172,+0.960
1586062200,+3.31, +1.827, +0.174,+0.960
1586062260,+3.31, +1.816, +0.172,+0.960
1586062320,+3.31, +1.816, +0.173,+0.960
1586062380,+3.31, +1.860, +0.173,+0.960
1586062440,+3.31, +1.816, +0.173,+0.960
1586062500,+3.31, +1.871, +0.170,+0.960
1586062560,+3.31, +1.860, +0.171,+0.960
1586062620,+3.31, +1.838, +0.171,+0.960
1586062680,+3.31, +1.838, +0.173,+0.960
1586062740,+3.31, +1.838, +0.173,+0.960
1586062800,+3.31, +1.838, +0.170,+0.960
1586062860,+3.31, +1.794, +0.174,+0.960
1586062920,+3.31, +1.816, +0.173,+0.960
1586062980,+3.31, +1.849, +0.173,+0.960
1586063040,+3.31, +1.827, +0.173,+0.960
1586063100,+3.31, +1.860, +0.172,+0.960
1586063160,+3.31, +1.860, +0.173,+0.960
1586063220,+3.31, +1.805, +0.173,+0.960
1586063280,+3.31, +1.827, +0.172,+0.960
1586063340,+3.31, +1.849, +0.173,+0.960
1586063400,+3.31, +1.849, +0.172,+0.960
1586063460,+3.31, +1.827, +0.172,+0.960
1586063520,+3.31, +1.805, +0.173,+0.960
1586063580,+3.31, +1.882, +0.171,+0.960
1586063640,+3.31, +1.849, +0.172,+0.960
1586063700,+3.31, +1.838, +0.172,+0.960
1586063760,+3.31, +1.827, +0.173,+0.960
1586063820,+3.31, +1.838, +0.172,+0.960
1586063880,+3.31, +1.860, +0.171,+0.960
1586063940,+3.31, +1.849, +0.172,+0.960
1586064000,+3.31, +1.849, +0.172,+0.960
1586064060,+3.31, +1.871, +0.172,+0.960
1586064120,+3.31, +1.827, +0.173,+0.960
1586064180,+3.31, +1.838, +0.172,+0.960
1586064240,+3.31, +1.838, +0.173,+0.960
1586064300,+3.31, +1.882, +0.171,+0.960
1586064360,+3.31, +1.838, +0.173,+0.960
1586064420,+3.31, +1.860, +0.172,+0.960
1586064480,+3.31, +1.849, +0.172,+0.960
1586064540,+3.31, +1.860, +0.172,+0.960
1586064600,+3.31, +1.849, +0.172,+0.960
1586064660,+3.31, +1.871, +0.171,+0.960
1586064720,+3.31, +1.838, +0.173,+0.960
1586064780,+3.31, +1.849, +0.172,+0.960
1586064840,+3.31, +1.849, +0.173,+0.960
1586064900,+3.31, +1.849, +0.172,+0.960
1586064960,+3.31, +1.860, +0.172,+0.960
1586065020,+3.31, +1.849, +0.173,+0.960
1586065080,+3.31, +1.849, +0.171,+0.960
1586065140,+3.31, +1.849, +0.172,+0.960
1586065200,+3.31, +1.816, +0.173,+0.960
1586065260,+3.31, +1.849, +0.172,+0.960
1586065320,+3.31, +1.827, +0.172,+0.960
1586065380,+3.31, +1.882, +0.172,+0.960
1586065440,+3.31, +1.838, +0.171,+0.960
1586065500,+3.31, +1.849, +0.173,+0.960
1586065560,+3.31, +1.860, +0.172,+0.960
1586065620,+3.31, +1.827, +0.172,+0.960
1586065680,+3.31, +1.849, +0.172,+0.960
1586065740,+3.31, +1.860, +0.171,+0.960
1586065800,+3.31, +1.838, +0.173,+0.960
1586065860,+3.31, +1.816, +0.171,+0.960
1586065920,+3.31, +1.838, +0.172,+0.960
1586065980,+3.31, +1.849, +0.172,+0.960
1586066040,+3.31, +1.860, +0.172,+0.960
1586066100,+3.31, +1.871, +0.172,+0.960
1586066160,+3.31, +1.849, +0.174,+0.960
1586066220,+3.31, +1.871, +0.173,+0.960
1586066280,+3.31, +1.893, +0.171,+0.960
1586066340,+3.31, +1.838, +0.171,+0.960
1586066400,+3.31, +1.849, +0.172,+0.960
1586066460,+3.31, +1.849, +0.171,+0.960
1586066520,+3.31, +1.838, +0.174,+0.960
1586066580,+3.31, +1.838, +0.171,+0.960
1586066640,+3.31, +1.860, +0.173,+0.960
1586066700,+3.31, +1.871, +0.171,+0.960
1586066760,+3.31, +1.838, +0.174,+0.960
1586066820,+3.31, +1.849, +0.171,+0.960
1586066880,+3.31, +1.849, +0.172,+0.960
1586066940,+3.31, +1.860, +0.173,+0.960
1586067000,+3.31, +1.838, +0.172,+0.960
1586067060,+3.31, +1.871, +0.170,+0.960
1586067120,+3.31, +1.827, +0.172,+0.960
1586067180,+3.31, +1.838, +0.172,+0.960
1586067240,+3.31, +1.860, +0.172,+0.960
1586067300,+3.31, +1.860, +0.173,+0.960
1586067360,+3.31, +1.849, +0.172,+0.960
1586067420,+3.31, +1.849, +0.173,+0.960
1586067480,+3.31, +1.915, +0.172,+0.960
1586067540,+3.31, +1.794, +0.173,+0.960
1586067600,+3.31, +1.849, +0.171,+0.960
1586067660,+3.31, +1.849, +0.172,+0.960
1586067720,+3.31, +1.849, +0.172,+0.960
1586067780,+3.31, +1.849, +0.172,+0.960
1586067840,+3.31, +1.849, +0.172,+0.960
1586067900,+3.31, +1.860, +0.171,+0.960
1586067960,+3.31, +1.871, +0.172,+0.960
1586068020,+3.31, +1.871, +0.172,+0.960
1586068080,+3.31, +1.838, +0.173,+0.960
1586068140,+3.31, +1.860, +0.171,+0.960
1586068200,+3.31, +1.849, +0.171,+0.960
1586068260,+3.31, +1.871, +0.172,+0.960
1586068320,+3.31, +1.838, +0.174,+0.960
1586068380,+3.31, +1.860, +0.171,+0.960
1586068440,+3.31, +1.860, +0.172,+0.960
1586068500,+3.31, +1.860, +0.173,+0.960
1586068560,+3.31, +1.860, +0.174,+0.960
1586068620,+3.31, +1.860, +0.172,+0.960
1586068680,+3.31, +1.849, +0.173,+0.960
1586068740,+3.31, +1.838, +0.173,+0.960
1586068800,+3.31, +1.816, +0.174,+0.960
1586068860,+3.31, +1.871, +0.172,+0.960
1586068920,+3.31, +1.860, +0.173,+0.960
1586068980,+3.31, +1.849, +0.172,+0.960
1586069040,+3.31, +1.882, +0.172,+0.960
1586069100,+3.31, +1.860, +0.173,+0.960
1586069160,+3.31, +1.849, +0.172,+0.960
1586069220,+3.31, +1.849, +0.172,+0.960
1586069280,+3.31, +1.860, +0.172,+0.960
1586069340,+3.31, +1.849, +0.172,+0.960
1586069400,+3.31, +1.805, +0.174,+0.960
1586069460,+3.31, +1.838, +0.173,+0.960
1586069520,+3.31, +1.871, +0.171,+0.960
1586069580,+3.31, +1.838, +0.172,+0.960
1586069640,+3.31, +1.871, +0.171,+0.960
1586069700,+3.31, +1.871, +0.173,+0.960
1586069760,+3.31, +1.871, +0.174,+0.960
1586069820,+3.31, +1.882, +0.171,+0.960
1586069880,+3.31, +1.893, +0.173,+0.960
1586069940,+3.31, +1.871, +0.173,+0.960
1586070000,+3.31, +1.849, +0.172,+0.960
1586070060,+3.31, +1.871, +0.172,+0.960
1586070120,+3.31, +1.849, +0.173,+0.960
1586070180,+3.31, +1.860, +0.172,+0.960
1586070240,+3.31, +1.860, +0.173,+0.960
1586070300,+3.31, +1.849, +0.172,+0.960
1586070360,+3.31, +1.871, +0.173,+0.960
1586070420,+3.31, +1.838, +0.173,+0.960
1586070480,+3.31, +1.860, +0.173,+0.960
1586070540,+3.31, +1.860, +0.174,+0.960
1586070600,+3.31, +1.860, +0.171,+0.960
1586070660,+3.31, +1.860, +0.172,+0.960
1586070720,+3.31, +1.860, +0.172,+0.960
1586070780,+3.31, +1.860, +0.172,+0.960
1586070840,+3.31, +1.871, +0.171,+0.960
1586070900,+3.31, +1.871, +0.170,+0.960
1586070960,+3.31, +1.860, +0.171,+0.960
1586071020,+3.31, +1.860, +0.171,+0.960
1586071080,+3.31, +1.860, +0.174,+0.960
1586071140,+3.31, +1.860, +0.172,+0.960
1586071200,+3.31, +1.849, +0.174,+0.960
1586071260,+3.31, +1.871, +0.173,+0.960
1586071320,+3.31, +1.882, +0.171,+0.960
1586071380,+3.31, +1.871, +0.173,+0.960
1586071440,+3.31, +1.860, +0.172,+0.960
1586071500,+3.31, +1.871, +0.171,+0.960
1586071560,+3.31, +1.860, +0.173,+0.960
1586071620,+3.31, +1.871, +0.172,+0.960
1586071680,+3.31, +1.849, +0.171,+0.960
1586071740,+3.31, +1.860, +0.171,+0.960
1586071800,+3.31, +1.871, +0.172,+0.960
1586071860,+3.31, +1.849, +0.172,+0.960
1586071920,+3.31, +1.849, +0.171,+0.960
1586071980,+3.31, +1.827, +0.173,+0.960
1586072040,+3.31, +1.860, +0.172,+0.960
1586072100,+3.31, +1.849, +0.173,+0.960
1586072160,+3.31, +1.849, +0.171,+0.960
1586072220,+3.31, +1.838, +0.173,+0.960
1586072280,+3.31, +1.849, +0.172,+0.960
1586072340,+3.31, +1.849, +0.173,+0.960
1586072400,+3.31, +1.860, +0.173,+0.960
1586072460,+3.31, +1.860, +0.171,+0.960
1586072520,+3.31, +1.860, +0.173,+0.960
1586072580,+3.31, +1.860, +0.172,+0.960
1586072640,+3.31, +1.860, +0.172,+0.960
1586072700,+3.31, +1.860, +0.173,+0.960
1586072760,+3.31, +1.882, +0.172,+0.960
1586072820,+3.31, +1.860, +0.173,+0.960
1586072880,+3.31, +1.871, +0.172,+0.960
1586072940,+3.31, +1.860, +0.173,+0.960
1586073000,+3.31, +1.904, +0.172,+0.960
1586073060,+3.31, +1.849, +0.174,+0.960
1586073120,+3.31, +1.882, +0.171,+0.960
1586073180,+3.31, +1.849, +0.172,+0.960
1586073240,+3.31, +1.849, +0.172,+0.960
1586073300,+3.31, +1.893, +0.172,+0.960
1586073360,+3.31, +1.871, +0.172,+0.960
1586073420,+3.31, +1.860, +0.172,+0.960
1586073480,+3.31, +1.860, +0.172,+0.960
1586073540,+3.31, +1.860, +0.172,+0.960
1586073600,+3.31, +1.871, +0.172,+0.960
1586073660,+3.31, +1.871, +0.172,+0.960
1586073720,+3.31, +1.860, +0.172,+0.960
1586073780,+3.31, +1.871, +0.170,+0.960
1586073840,+3.31, +1.893, +0.170,+0.960
1586073900,+3.31, +1.882, +0.172,+0.960
1586073960,+3.31, +1.871, +0.174,+0.960
1586074020,+3.31, +1.860, +0.173,+0.960
1586074080,+3.31, +1.860, +0.171,+0.960
1586074140,+3.31, +1.871, +0.172,+0.960
1586074200,+3.31, +1.871, +0.172,+0.960
1586074260,+3.31, +1.882, +0.172,+0.960
1586074320,+3.31, +1.871, +0.172,+0.960
1586074380,+3.31, +1.860, +0.173,+0.960
1586074440,+3.31, +1.871, +0.172,+0.960
1586074500,+3.31, +1.893, +0.170,+0.960
1586074560,+3.31, +1.838, +0.173,+0.960
1586074620,+3.31, +1.882, +0.172,+0.960
1586074680,+3.31, +1.882, +0.172,+0.960
1586074740,+3.31, +1.860, +0.171,+0.960
1586074800,+3.31, +1.871, +0.173,+0.960
1586074860,+3.31, +1.882, +0.172,+0.960
1586074920,+3.31, +1.893, +0.170,+0.960
1586074980,+3.31, +1.871, +0.172,+0.960
1586075040,+3.31, +1.838, +0.171,+0.960
1586075100,+3.31, +1.882, +0.172,+0.960
1586075160,+3.31, +1.860, +0.170,+0.960
1586075220,+3.31, +1.893, +0.172,+0.960
1586075280,+3.31, +1.871, +0.172,+0.960
1586075340,+3.31, +1.871, +0.172,+0.960
1586075400,+3.31, +1.849, +0.171,+0.960
1586075460,+3.31, +1.838, +0.173,+0.960
1586075520,+3.31, +1.871, +0.172,+0.960
1586075580,+3.31, +1.882, +0.171,+0.960
1586075640,+3.31, +1.871, +0.171,+0.960
1586075700,+3.31, +1.860, +0.172,+0.960
1586075760,+3.31, +1.893, +0.172,+0.960
1586075820,+3.31, +1.860, +0.171,+0.960
1586075880,+3.31, +1.871, +0.174,+0.960
1586075940,+3.31, +1.860, +0.173,+0.960
1586076000,+3.31, +1.882, +0.172,+0.960
1586076060,+3.31, +1.860, +0.173,+0.960
1586076120,+3.31, +1.860, +0.171,+0.960
1586076180,+3.31, +1.871, +0.170,+0.960
1586076240,+3.31, +1.882, +0.174,+0.960
1586076300,+3.31, +1.860, +0.173,+0.960
1586076360,+3.31, +1.882, +0.170,+0.960
1586076420,+3.31, +1.871, +0.171,+0.960
1586076480,+3.31, +1.904, +0.172,+0.960
1586076540,+3.31, +1.871, +0.173,+0.960
1586076600,+3.31, +1.838, +0.175,+0.960
1586076660,+3.31, +1.860, +0.173,+0.960
1586076720,+3.31, +1.838, +0.173,+0.960
1586076780,+3.31, +1.893, +0.171,+0.960
1586076840,+3.31, +1.893, +0.172,+0.960
1586076900,+3.31, +1.860, +0.172,+0.960
1586076960,+3.31, +1.882, +0.170,+0.960
1586077020,+3.31, +1.882, +0.173,+0.960
1586077080,+3.31, +1.882, +0.173,+0.960
1586077140,+3.31, +1.882, +0.173,+0.960
1586077200,+3.31, +1.871, +0.172,+0.960
1586077260,+3.31, +1.882, +0.173,+0.960
1586077320,+3.31, +1.871, +0.171,+0.960
1586077380,+3.31, +1.904, +0.170,+0.960
1586077440,+3.31, +1.893, +0.170,+0.960
1586077500,+3.31, +1.860, +0.172,+0.960
1586077560,+3.31, +1.871, +0.174,+0.960
1586077620,+3.31, +1.904, +0.171,+0.960
1586077680,+3.31, +1.893, +0.172,+0.960
1586077740,+3.31, +1.882, +0.171,+0.960
1586077800,+3.31, +1.871, +0.172,+0.960
1586077860,+3.31, +1.860, +0.173,+0.960
1586077920,+3.31, +1.860, +0.173,+0.960
1586077980,+3.31, +1.882, +0.173,+0.960
1586078040,+3.31, +1.882, +0.170,+0.960
1586078100,+3.31, +1.882, +0.171,+0.960
1586078160,+3.31, +1.882, +0.171,+0.960
1586078220,+3.31, +1.882, +0.172,+0.960
1586078280,+3.31, +1.893, +0.171,+0.960
1586078340,+3.31, +1.893, +0.173,+0.960
1586078400,+3.31, +1.893, +0.172,+0.960
1586078460,+3.31, +1.893, +0.171,+0.960
1586078520,+3.31, +1.882, +0.173,+0.960
1586078580,+3.31, +1.893, +0.171,+0.960
1586078640,+3.31, +1.849, +0.174,+0.960
1586078700,+3.31, +1.893, +0.171,+0.960
1586078760,+3.31, +1.871, +0.171,+0.960
1586078820,+3.31, +1.871, +0.173,+0.960
1586078880,+3.31, +1.871, +0.171,+0.960
1586078940,+3.31, +1.882, +0.172,+0.960
1586079000,+3.31, +1.871, +0.171,+0.960
1586079060,+3.31, +1.882, +0.172,+0.960
1586079120,+3.31, +1.882, +0.171,+0.960
1586079180,+3.31, +1.893, +0.171,+0.960
1586079240,+3.31, +1.849, +0.171,+0.960
1586079300,+3.31, +1.893, +0.172,+0.960
1586079360,+3.31, +1.860, +0.170,+0.960
1586079420,+3.31, +1.882, +0.172,+0.960
1586079480,+3.31, +1.860, +0.172,+0.960
1586079540,+3.31, +1.893, +0.172,+0.960
1586079600,+3.31, +1.893, +0.172,+0.960
1586079660,+3.31, +1.849, +0.171,+0.960
1586079720,+3.31, +1.893, +0.173,+0.960
1586079780,+3.31, +1.882, +0.171,+0.960
1586079840,+3.31, +1.871, +0.172,+0.960
1586079900,+3.31, +1.882, +0.172,+0.960
1586079960,+3.31, +1.805, +0.175,+0.960
1586080020,+3.31, +1.882, +0.171,+0.960
1586080080,+3.31, +1.860, +0.172,+0.960
1586080140,+3.31, +1.882, +0.172,+0.960
1586080200,+3.31, +1.893, +0.171,+0.960
1586080260,+3.31, +1.860, +0.173,+0.960
1586080320,+3.31, +1.849, +0.173,+0.960
1586080380,+3.31, +1.882, +0.170,+0.960
1586080440,+3.31, +1.871, +0.172,+0.960
1586080500,+3.31, +1.860, +0.171,+0.960
1586080560,+3.31, +1.849, +0.173,+0.960
1586080620,+3.31, +1.860, +0.173,+0.960
1586080680,+3.31, +1.871, +0.172,+0.960
1586080740,+3.31, +1.871, +0.172,+0.960
1586080800,+3.31, +1.871, +0.172,+0.960
1586080860,+3.31, +1.849, +0.171,+0.960
1586080920,+3.31, +1.871, +0.172,+0.960
1586080980,+3.31, +1.893, +0.171,+0.960
1586081040,+3.31, +1.893, +0.172,+0.960
1586081100,+3.31, +1.882, +0.172,+0.960
1586081160,+3.31, +1.838, +0.173,+0.960
1586081220,+3.31, +1.871, +0.171,+0.960
1586081280,+3.31, +1.882, +0.173,+0.960
1586081340,+3.31, +1.893, +0.171,+0.960
1586081400,+3.31, +1.871, +0.173,+0.960
1586081460,+3.31, +1.871, +0.172,+0.960
1586081520,+3.31, +1.904, +0.172,+0.960
1586081580,+3.31, +1.915, +0.172,+0.960
1586081640,+3.31, +1.904, +0.174,+0.960
1586081700,+3.31, +1.871, +0.173,+0.960
1586081760,+3.31, +1.871, +0.172,+0.960
1586081820,+3.31, +1.893, +0.170,+0.960
1586081880,+3.31, +1.893, +0.171,+0.960
1586081940,+3.31, +1.871, +0.172,+0.960
1586082000,+3.31, +1.871, +0.172,+0.960
1586082060,+3.31, +1.882, +0.171,+0.960
1586082120,+3.31, +1.849, +0.172,+0.960
1586082180,+3.31, +1.893, +0.171,+0.960
1586082240,+3.31, +1.882, +0.172,+0.960
1586082300,+3.31, +1.882, +0.174,+0.960
1586082360,+3.31, +1.860, +0.172,+0.960
1586082420,+3.31, +1.882, +0.170,+0.960
1586082480,+3.31, +1.838, +0.173,+0.960
1586082540,+3.31, +1.871, +0.172,+0.960
1586082600,+3.31, +1.849, +0.173,+0.960
1586082660,+3.31, +1.871, +0.172,+0.960
1586082720,+3.31, +1.860, +0.173,+0.960
1586082780,+3.31, +1.871, +0.171,+0.960
1586082840,+3.31, +1.893, +0.171,+0.960
1586082900,+3.31, +1.893, +0.170,+0.960
1586082960,+3.31, +1.893, +0.170,+0.960
1586083020,+3.31, +1.871, +0.171,+0.960
1586083080,+3.31, +1.882, +0.170,+0.960
1586083140,+3.31, +1.871, +0.173,+0.960
1586083200,+3.31, +1.871, +0.170,+0.960
1586083260,+3.31, +1.893, +0.171,+0.960
1586083320,+3.31, +1.871, +0.171,+0.960
1586083380,+3.31, +1.882, +0.172,+0.960
1586083440,+3.31, +1.871, +0.173,+0.960
1586083500,+3.31, +1.915, +0.171,+0.960
1586083560,+3.31, +1.871, +0.172,+0.960
1586083620,+3.31, +1.871, +0.171,+0.960
1586083680,+3.31, +1.838, +0.173,+0.960
1586083740,+3.31, +1.871, +0.172,+0.960
1586083800,+3.31, +1.882, +0.172,+0.960
1586083860,+3.31, +1.860, +0.171,+0.960
1586083920,+3.31, +1.871, +0.171,+0.960
1586083980,+3.31, +1.860, +0.172,+0.960
1586084040,+3.31, +1.882, +0.174,+0.960
1586084100,+3.31, +1.893, +0.171,+0.960
1586084160,+3.31, +1.871, +0.174,+0.960
1586084220,+3.31, +1.871, +0.171,+0.960
1586084280,+3.31, +1.871, +0.174,+0.960
1586084340,+3.31, +1.871, +0.172,+0.960
1586084400,+3.31, +1.838, +0.172,+0.960
1586084460,+3.31, +1.893, +0.171,+0.960
1586084520,+3.31, +1.882, +0.171,+0.960
1586084580,+3.31, +1.860, +0.173,+0.960
1586084640,+3.31, +1.882, +0.173,+0.960
1586084700,+3.31, +1.838, +0.172,+0.960
1586084760,+3.31, +1.871, +0.172,+0.960
1586084820,+3.31, +1.882, +0.172,+0.960
1586084880,+3.31, +1.893, +0.172,+0.960
1586084940,+3.31, +1.882, +0.173,+0.960
1586085000,+3.31, +1.871, +0.171,+0.960
1586085060,+3.31, +1.893, +0.172,+0.960
1586085120,+3.31, +1.893, +0.172,+0.960
1586085180,+3.31, +1.871, +0.172,+0.960
1586085240,+3.31, +1.871, +0.172,+0.960
1586085300,+3.31, +1.871, +0.170,+0.960
1586085360,+3.31, +1.871, +0.173,+0.960
1586085420,+3.31, +1.904, +0.171,+0.960
1586085480,+3.31, +1.893, +0.172,+0.960
1586085540,+3.31, +1.871, +0.172,+0.960
1586085600,+3.31, +1.893, +0.172,+0.960
1586085660,+3.31, +1.871, +0.173,+0.960
1586085720,+3.31, +1.882, +0.172,+0.960
1586085780,+3.31, +1.882, +0.172,+0.960
1586085840,+3.31, +1.871, +0.172,+0.960
1586085900,+3.31, +1.871, +0.171,+0.960
1586085960,+3.31, +1.871, +0.176,+0.960
1586086020,+3.31, +1.882, +0.173,+0.960
1586086080,+3.31, +1.871, +0.171,+0.960
1586086140,+3.31, +1.860, +0.172,+0.960
1586086200,+3.31, +1.860, +0.172,+0.960
1586086260,+3.31, +1.882, +0.171,+0.960
1586086320,+3.31, +1.882, +0.172,+0.960
1586086380,+3.31, +1.860, +0.173,+0.960
1586086440,+3.31, +1.882, +0.173,+0.960
1586086500,+3.31, +1.838, +0.173,+0.960
1586086560,+3.31, +1.860, +0.172,+0.960
1586086620,+3.31, +1.893, +0.172,+0.960
1586086680,+3.31, +1.860, +0.172,+0.960
1586086740,+3.31, +1.893, +0.172,+0.960
1586086800,+3.31, +1.882, +0.173,+0.960
1586086860,+3.31, +1.882, +0.173,+0.960
1586086920,+3.31, +1.871, +0.173,+0.960
1586086980,+3.31, +1.893, +0.171,+0.960
1586087040,+3.31, +1.882, +0.172,+0.960
1586087100,+3.31, +1.882, +0.171,+0.960
1586087160,+3.31, +1.893, +0.172,+0.960
1586087220,+3.31, +1.860, +0.172,+0.960
1586087280,+3.31, +1.860, +0.171,+0.960
1586087340,+3.31, +1.915, +0.172,+0.960
1586087400,+3.31, +1.860, +0.171,+0.960
1586087460,+3.31, +1.882, +0.172,+0.960
1586087520,+3.31, +1.882, +0.172,+0.960
1586087580,+3.31, +1.871, +0.172,+0.960
1586087640,+3.31, +1.893, +0.173,+0.960
1586087700,+3.31, +1.915, +0.173,+0.960
1586087760,+3.31, +1.893, +0.172,+0.960
1586087820,+3.31, +1.893, +0.172,+0.960
1586087880,+3.31, +1.893, +0.173,+0.960
1586087940,+3.31, +1.904, +0.171,+0.960
1586088000,+3.31, +1.871, +0.172,+0.960
1586088060,+3.31, +1.893, +0.172,+0.960
1586088120,+3.31, +1.915, +0.171,+0.960
1586088180,+3.31, +1.904, +0.170,+0.960
1586088240,+3.31, +1.849, +0.173,+0.960
1586088300,+3.31, +1.860, +0.172,+0.960
1586088360,+3.31, +1.893, +0.170,+0.960
1586088420,+3.31, +1.893, +0.170,+0.960
1586088480,+3.31, +1.893, +0.172,+0.960
1586088540,+3.31, +1.860, +0.171,+0.960
1586088600,+3.31, +1.882, +0.173,+0.960
1586088660,+3.31, +1.871, +0.173,+0.960
1586088720,+3.31, +1.904, +0.174,+0.960
1586088780,+3.31, +1.904, +0.171,+0.960
1586088840,+3.31, +1.882, +0.172,+0.960
1586088900,+3.31, +1.904, +0.172,+0.960
1586088960,+3.31, +1.871, +0.173,+0.960
1586089020,+3.31, +1.882, +0.174,+0.960
1586089080,+3.31, +1.904, +0.169,+0.960
1586089140,+3.31, +1.893, +0.170,+0.960
1586089200,+3.31, +1.871, +0.172,+0.960
1586089260,+3.31, +1.882, +0.171,+0.960
1586089320,+3.31, +1.893, +0.173,+0.960
1586089380,+3.31, +1.893, +0.171,+0.960
1586089440,+3.31, +1.893, +0.171,+0.960
1586089500,+3.31, +1.893, +0.172,+0.960
1586089560,+3.31, +1.915, +0.170,+0.960
1586089620,+3.31, +1.838, +0.173,+0.960
1586089680,+3.31, +1.871, +0.172,+0.960
1586089740,+3.31, +1.882, +0.172,+0.960
1586089800,+3.31, +1.838, +0.173,+0.960
1586089860,+3.31, +1.893, +0.171,+0.960
1586089920,+3.31, +1.871, +0.172,+0.960
1586089980,+3.31, +1.904, +0.173,+0.960
1586090040,+3.31, +1.882, +0.172,+0.960
1586090100,+3.31, +1.904, +0.171,+0.960
1586090160,+3.31, +1.893, +0.172,+0.960
1586090220,+3.31, +1.871, +0.172,+0.960
1586090280,+3.31, +1.882, +0.172,+0.960
1586090340,+3.31, +1.915, +0.171,+0.960
1586090400,+3.31, +1.958, +0.171,+0.960
1586090460,+3.31, +1.893, +0.172,+0.960
1586090520,+3.31, +1.860, +0.171,+0.960
1586090580,+3.31, +1.893, +0.172,+0.960
1586090640,+3.31, +1.926, +0.172,+0.960
1586090700,+3.31, +1.893, +0.171,+0.960
1586090760,+3.31, +1.893, +0.171,+0.960
1586090820,+3.31, +1.893, +0.173,+0.960
1586090880,+3.31, +1.904, +0.171,+0.960
1586090940,+3.31, +1.915, +0.170,+0.960
1586091000,+3.31, +1.893, +0.172,+0.960
1586091060,+3.31, +1.904, +0.172,+0.960
1586091120,+3.31, +1.893, +0.171,+0.960
1586091180,+3.31, +1.893, +0.173,+0.960
1586091240,+3.31, +1.871, +0.172,+0.960
1586091300,+3.31, +1.893, +0.171,+0.960
1586091360,+3.31, +1.893, +0.172,+0.960
1586091420,+3.31, +1.937, +0.171,+0.960
1586091480,+3.31, +1.871, +0.171,+0.960
1586091540,+3.31, +1.882, +0.173,+0.960
1586091600,+3.31, +1.871, +0.172,+0.960
1586091660,+3.31, +1.904, +0.171,+0.960
1586091720,+3.31, +1.904, +0.173,+0.960
1586091780,+3.31, +1.882, +0.172,+0.960
1586091840,+3.31, +1.893, +0.171,+0.960
1586091900,+3.31, +1.904, +0.172,+0.960
1586091960,+3.31, +1.904, +0.172,+0.960
1586092020,+3.31, +1.893, +0.172,+0.960
1586092080,+3.31, +1.871, +0.173,+0.960
1586092140,+3.31, +1.904, +0.170,+0.960
1586092200,+3.31, +1.915, +0.171,+0.960
1586092260,+3.31, +1.893, +0.171,+0.960
1586092320,+3.31, +1.871, +0.172,+0.960
1586092380,+3.31, +1.882, +0.173,+0.960
1586092440,+3.31, +1.871, +0.173,+0.960
1586092500,+3.31, +1.849, +0.172,+0.960
1586092560,+3.31, +1.893, +0.172,+0.960
1586092620,+3.31, +1.849, +0.173,+0.960
1586092680,+3.31, +1.882, +0.171,+0.960
1586092740,+3.31, +1.838, +0.174,+0.960
1586092800,+3.31, +1.882, +0.171,+0.960
1586092860,+3.31, +1.882, +0.171,+0.960
1586092920,+3.31, +1.882, +0.171,+0.960
1586092980,+3.31, +1.849, +0.172,+0.960
1586093040,+3.31, +1.893, +0.171,+0.960
1586093100,+3.31, +1.904, +0.173,+0.960
1586093160,+3.31, +1.904, +0.172,+0.960
1586093220,+3.31, +1.882, +0.172,+0.960
1586093280,+3.31, +1.882, +0.172,+0.960
1586093340,+3.31, +1.904, +0.173,+0.960
1586093400,+3.31, +1.882, +0.173,+0.960
1586093460,+3.31, +1.904, +0.170,+0.960
1586093520,+3.31, +1.915, +0.170,+0.960
1586093580,+3.31, +1.893, +0.172,+0.960
1586093640,+3.31, +1.882, +0.172,+0.960
1586093700,+3.31, +1.882, +0.173,+0.960
1586093760,+3.31, +1.882, +0.172,+0.960
1586093820,+3.31, +1.849, +0.171,+0.960
1586093880,+3.31, +1.893, +0.173,+0.960
1586093940,+3.31, +1.882, +0.171,+0.960
1586094000,+3.31, +1.893, +0.172,+0.960
1586094060,+3.31, +1.882, +0.171,+0.960
1586094120,+3.31, +1.871, +0.171,+0.960
1586094180,+3.31, +1.882, +0.171,+0.960
1586094240,+3.31, +1.871, +0.173,+0.960
1586094300,+3.31, +1.893, +0.171,+0.960
1586094360,+3.31, +1.893, +0.173,+0.960
1586094420,+3.31, +1.882, +0.173,+0.960
1586094480,+3.31, +1.860, +0.173,+0.960
1586094540,+3.31, +1.860, +0.172,+0.960
1586094600,+3.31, +1.904, +0.171,+0.960
1586094660,+3.31, +1.893, +0.172,+0.960
1586094720,+3.31, +1.926, +0.172,+0.960
1586094780,+3.31, +1.871, +0.171,+0.960
1586094840,+3.31, +1.871, +0.171,+0.960
1586094900,+3.31, +1.904, +0.170,+0.960
1586094960,+3.31, +1.882, +0.172,+0.960
1586095020,+3.31, +1.882, +0.171,+0.960
1586095080,+3.31, +1.904, +0.172,+0.960
1586095140,+3.31, +1.882, +0.172,+0.960
1586095200,+3.31, +1.915, +0.173,+0.960
1586095260,+3.31, +1.904, +0.173,+0.960
1586095320,+3.31, +1.893, +0.171,+0.960
1586095380,+3.31, +1.904, +0.171,+0.960
1586095440,+3.31, +1.893, +0.172,+0.960
1586095500,+3.31, +1.882, +0.171,+0.960
1586095560,+3.31, +1.893, +0.172,+0.960
1586095620,+3.31, +1.904, +0.170,+0.960
1586095680,+3.31, +1.860, +0.172,+0.960
1586095740,+3.31, +1.860, +0.172,+0.960
1586095800,+3.31, +1.904, +0.172,+0.960
1586095860,+3.31, +1.893, +0.171,+0.960
1586095920,+3.31, +1.893, +0.172,+0.960
1586095980,+3.31, +1.904, +0.171,+0.960
1586096040,+3.31, +1.904, +0.172,+0.960
1586096100,+3.31, +1.904, +0.172,+0.960
1586096160,+3.31, +1.860, +0.170,+0.960
1586096220,+3.31, +1.893, +0.171,+0.960
1586096280,+3.31, +1.904, +0.172,+0.960
1586096340,+3.31, +1.871, +0.172,+0.960
1586096400,+3.31, +1.904, +0.173,+0.960
1586096460,+3.31, +1.893, +0.171,+0.960
1586096520,+3.31, +1.915, +0.171,+0.960
1586096580,+3.31, +1.871, +0.172,+0.960
1586096640,+3.31, +1.871, +0.174,+0.960
1586096700,+3.31, +1.893, +0.173,+0.960
1586096760,+3.31, +1.893, +0.172,+0.960
1586096820,+3.31, +1.893, +0.171,+0.960
1586096880,+3.31, +1.871, +0.171,+0.960
1586096940,+3.31, +1.871, +0.172,+0.960
1586097000,+3.31, +1.904, +0.171,+0.960
1586097060,+3.31, +1.937, +0.171,+0.960
1586097120,+3.31, +1.904, +0.172,+0.960
1586097180,+3.31, +1.882, +0.172,+0.960
1586097240,+3.31, +1.871, +0.172,+0.960
1586097300,+3.31, +1.904, +0.170,+0.960
1586097360,+3.31, +1.882, +0.172,+0.960
1586097420,+3.31, +1.871, +0.174,+0.960
1586097480,+3.31, +1.893, +0.171,+0.960
1586097540,+3.31, +1.882, +0.171,+0.960
1586097600,+3.31, +1.893, +0.174,+0.960
1586097660,+3.31, +1.871, +0.172,+0.960
1586097720,+3.31, +1.915, +0.172,+0.960
1586097780,+3.31, +1.882, +0.174,+0.960
1586097840,+3.31, +1.871, +0.171,+0.960
1586097900,+3.31, +1.871, +0.171,+0.960
1586097960,+3.31, +1.893, +0.170,+0.960
1586098020,+3.31, +1.882, +0.170,+0.960
1586098080,+3.31, +1.893, +0.171,+0.960
1586098140,+3.31, +1.871, +0.169,+0.960
1586098200,+3.31, +1.860, +0.172,+0.960
1586098260,+3.31, +1.893, +0.171,+0.960
1586098320,+3.31, +1.882, +0.173,+0.960
1586098380,+3.31, +1.904, +0.169,+0.960
1586098440,+3.31, +1.893, +0.173,+0.960
1586098500,+3.31, +1.904, +0.171,+0.960
1586098560,+3.31, +1.882, +0.174,+0.960
1586098620,+3.31, +1.893, +0.171,+0.960
1586098680,+3.31, +1.882, +0.172,+0.960
1586098740,+3.31, +1.893, +0.172,+0.960
1586098800,+3.31, +1.882, +0.173,+0.960
1586098860,+3.31, +1.893, +0.173,+0.960
1586098920,+3.31, +1.871, +0.171,+0.960
1586098980,+3.31, +1.904, +0.171,+0.960
1586099040,+3.31, +1.893, +0.171,+0.960
1586099100,+3.31, +1.893, +0.171,+0.960
1586099160,+3.31, +1.871, +0.171,+0.960
1586099220,+3.31, +1.871, +0.172,+0.960
1586099280,+3.31, +1.893, +0.172,+0.960
1586099340,+3.31, +1.882, +0.172,+0.960
1586099400,+3.31, +1.904, +0.172,+0.960
1586099460,+3.31, +1.882, +0.171,+0.960
1586099520,+3.31, +1.893, +0.172,+0.960
1586099580,+3.31, +1.882, +0.172,+0.960
1586099640,+3.31, +1.893, +0.173,+0.960
1586099700,+3.31, +1.882, +0.171,+0.960
1586099760,+3.31, +1.904, +0.172,+0.960
1586099820,+3.31, +1.882, +0.172,+0.960
1586099880,+3.31, +1.860, +0.172,+0.960
1586099940,+3.31, +1.871, +0.173,+0.960
1586100000,+3.31, +1.893, +0.171,+0.960
1586100060,+3.31, +1.860, +0.173,+0.960
1586100120,+3.31, +1.904, +0.171,+0.960
1586100180,+3.31, +1.882, +0.174,+0.960
1586100240,+3.31, +1.882, +0.172,+0.960
1586100300,+3.31, +1.871, +0.173,+0.960
1586100360,+3.31, +1.871, +0.173,+0.960
1586100420,+3.31, +1.882, +0.171,+0.960
1586100480,+3.31, +1.871, +0.172,+0.960
1586100540,+3.31, +1.893, +0.171,+0.960
1586100600,+3.31, +1.915, +0.173,+0.960
1586100660,+3.31, +1.915, +0.171,+0.960
1586100720,+3.31, +1.882, +0.171,+0.960
1586100780,+3.31, +1.849, +0.174,+0.960
1586100840,+3.31, +1.904, +0.171,+0.960
1586100900,+3.31, +1.915, +0.172,+0.960
1586100960,+3.31, +1.882, +0.171,+0.960
1586101020,+3.31, +1.937, +0.172,+0.960
1586101080,+3.31, +1.904, +0.172,+0.960
1586101140,+3.31, +1.904, +0.171,+0.960
1586101200,+3.31, +1.860, +0.174,+0.960
1586101260,+3.31, +1.904, +0.172,+0.960
1586101320,+3.31, +1.871, +0.171,+0.960
1586101380,+3.31, +1.893, +0.172,+0.960
1586101440,+3.31, +1.893, +0.171,+0.960
1586101500,+3.31, +1.849, +0.173,+0.960
1586101560,+3.31, +1.860, +0.172,+0.960
1586101620,+3.31, +1.882, +0.173,+0.960
1586101680,+3.31, +1.893, +0.173,+0.960
1586101740,+3.31, +1.882, +0.172,+0.960
1586101800,+3.31, +1.871, +0.171,+0.960
1586101860,+3.31, +1.871, +0.172,+0.960
1586101920,+3.31, +1.871, +0.172,+0.960
1586101980,+3.31, +1.904, +0.172,+0.960
1586102040,+3.31, +1.893, +0.170,+0.960
1586102100,+3.31, +1.915, +0.169,+0.960
1586102160,+3.31, +1.904, +0.173,+0.960
1586102220,+3.31, +1.893, +0.173,+0.960
1586102280,+3.31, +1.904, +0.172,+0.960
1586102340,+3.31, +1.882, +0.172,+0.960
1586102400,+3.31, +1.849, +0.173,+0.960
1586102460,+3.31, +1.882, +0.171,+0.960
1586102520,+3.31, +1.871, +0.172,+0.960
1586102580,+3.31, +1.849, +0.173,+0.960
1586102640,+3.31, +1.893, +0.170,+0.960
1586102700,+3.31, +1.882, +0.173,+0.960
1586102760,+3.31, +1.882, +0.172,+0.960
1586102820,+3.31, +1.893, +0.173,+0.960
1586102880,+3.31, +1.860, +0.174,+0.960
1586102940,+3.31, +1.904, +0.171,+0.960
1586103000,+3.31, +1.882, +0.172,+0.960
1586103060,+3.31, +1.827, +0.173,+0.960
1586103120,+3.31, +1.893, +0.172,+0.960
1586103180,+3.31, +1.893, +0.171,+0.960
1586103240,+3.31, +1.860, +0.173,+0.960
1586103300,+3.31, +1.871, +0.173,+0.960
1586103360,+3.31, +1.860, +0.172,+0.960
1586103420,+3.31, +1.871, +0.172,+0.960
1586103480,+3.31, +1.860, +0.173,+0.960
1586103540,+3.31, +1.904, +0.171,+0.960
1586103600,+3.31, +1.882, +0.171,+0.960
1586103660,+3.31, +1.871, +0.172,+0.960
1586103720,+3.31, +1.882, +0.171,+0.960
1586103780,+3.31, +1.893, +0.173,+0.960
1586103840,+3.31, +1.882, +0.173,+0.960
1586103900,+3.31, +1.893, +0.171,+0.960
1586103960,+3.31, +1.893, +0.171,+0.960
1586104020,+3.31, +1.893, +0.171,+0.960
1586104080,+3.31, +1.893, +0.172,+0.960
1586104140,+3.31, +1.860, +0.172,+0.960
1586104200,+3.31, +1.871, +0.171,+0.960
1586104260,+3.31, +1.871, +0.174,+0.960
1586104320,+3.31, +1.882, +0.173,+0.960
1586104380,+3.31, +1.882, +0.173,+0.960
1586104440,+3.31, +1.860, +0.172,+0.960
1586104500,+3.31, +1.860, +0.172,+0.960
1586104560,+3.31, +1.860, +0.174,+0.960
1586104620,+3.31, +1.882, +0.172,+0.960
1586104680,+3.31, +1.871, +0.171,+0.960
1586104740,+3.31, +1.882, +0.172,+0.960
1586104800,+3.31, +1.915, +0.172,+0.960
1586104860,+3.31, +1.882, +0.171,+0.960
1586104920,+3.31, +1.893, +0.172,+0.960
1586104980,+3.31, +1.871, +0.173,+0.960
1586105040,+3.31, +1.904, +0.172,+0.960
1586105100,+3.31, +1.860, +0.171,+0.960
1586105160,+3.31, +1.882, +0.170,+0.960
1586105220,+3.31, +1.860, +0.174,+0.960
1586105280,+3.31, +1.838, +0.174,+0.960
1586105340,+3.31, +1.893, +0.171,+0.960
1586105400,+3.31, +1.871, +0.174,+0.960
1586105460,+3.31, +1.904, +0.172,+0.960
1586105520,+3.31, +1.893, +0.172,+0.960
1586105580,+3.31, +1.871, +0.171,+0.960
1586105640,+3.31, +1.893, +0.173,+0.960
1586105700,+3.31, +1.882, +0.171,+0.960
1586105760,+3.31, +1.871, +0.173,+0.960
1586105820,+3.31, +1.904, +0.171,+0.960
1586105880,+3.31, +1.849, +0.172,+0.960
1586105940,+3.31, +1.882, +0.173,+0.960
1586106000,+3.31, +1.871, +0.172,+0.960
1586106060,+3.31, +1.871, +0.172,+0.960
1586106120,+3.31, +1.893, +0.173,+0.960
1586106180,+3.31, +1.893, +0.172,+0.960
1586106240,+3.31, +1.882, +0.172,+0.960
1586106300,+3.31, +1.926, +0.171,+0.960
1586106360,+3.31, +1.893, +0.171,+0.960
1586106420,+3.31, +1.904, +0.171,+0.960
1586106480,+3.31, +1.882, +0.171,+0.960
1586106540,+3.31, +1.904, +0.171,+0.960
1586106600,+3.31, +1.893, +0.170,+0.960
1586106660,+3.31, +1.893, +0.170,+0.960
1586106720,+3.31, +1.893, +0.171,+0.960
1586106780,+3.31, +1.915, +0.171,+0.960
1586106840,+3.31, +1.904, +0.171,+0.960
1586106900,+3.31, +1.893, +0.171,+0.960
1586106960,+3.31, +1.893, +0.173,+0.960
1586107020,+3.31, +1.893, +0.172,+0.960
1586107080,+3.31, +1.893, +0.170,+0.960
1586107140,+3.31, +1.893, +0.171,+0.960
1586107200,+3.31, +1.882, +0.172,+0.960
1586107260,+3.31, +1.893, +0.170,+0.960
1586107320,+3.31, +1.871, +0.173,+0.960
1586107380,+3.31, +1.871, +0.171,+0.960
1586107440,+3.31, +1.915, +0.172,+0.960
1586107500,+3.31, +1.871, +0.170,+0.960
1586107560,+3.31, +1.882, +0.172,+0.960
1586107620,+3.31, +1.926, +0.170,+0.960
1586107680,+3.31, +1.893, +0.171,+0.960
1586107740,+3.31, +1.893, +0.171,+0.960
1586107800,+3.31, +1.882, +0.169,+0.960
1586107860,+3.31, +1.893, +0.173,+0.960
1586107920,+3.31, +1.882, +0.172,+0.960
1586107980,+3.31, +1.915, +0.171,+0.960
1586108040,+3.31, +1.871, +0.170,+0.960
1586108100,+3.31, +1.871, +0.172,+0.960
1586108160,+3.31, +1.915, +0.173,+0.960
1586108220,+3.31, +1.882, +0.171,+0.960
1586108280,+3.31, +1.893, +0.173,+0.960
1586108340,+3.31, +1.849, +0.173,+0.960
1586108400,+3.31, +1.871, +0.172,+0.960
1586108460,+3.31, +1.915, +0.171,+0.960
1586108520,+3.31, +1.871, +0.172,+0.960
1586108580,+3.31, +1.904, +0.170,+0.960
1586108640,+3.31, +1.904, +0.171,+0.960
1586108700,+3.31, +1.882, +0.170,+0.960
1586108760,+3.31, +1.893, +0.172,+0.960
1586108820,+3.31, +1.882, +0.172,+0.960
1586108880,+3.31, +1.893, +0.173,+0.960
1586108940,+3.31, +1.893, +0.171,+0.960
1586109000,+3.31, +1.937, +0.172,+0.960
1586109060,+3.31, +1.893, +0.174,+0.960
1586109120,+3.31, +1.882, +0.172,+0.960
1586109180,+3.31, +1.882, +0.171,+0.960
1586109240,+3.31, +1.893, +0.173,+0.960
1586109300,+3.31, +1.893, +0.172,+0.960
1586109360,+3.31, +1.893, +0.170,+0.960
1586109420,+3.31, +1.904, +0.173,+0.960
1586109480,+3.31, +1.871, +0.173,+0.960
1586109540,+3.31, +1.904, +0.171,+0.960
1586109600,+3.31, +1.882, +0.172,+0.960
1586109660,+3.31, +1.893, +0.170,+0.960
1586109720,+3.31, +1.915, +0.173,+0.960
1586109780,+3.31, +1.893, +0.172,+0.960
1586109840,+3.31, +1.882, +0.173,+0.960
1586109900,+3.31, +1.893, +0.173,+0.960
1586109960,+3.31, +1.893, +0.172,+0.960
1586110020,+3.31, +1.893, +0.172,+0.960
1586110080,+3.31, +1.860, +0.172,+0.960
1586110140,+3.31, +1.882, +0.171,+0.960
1586110200,+3.31, +1.915, +0.172,+0.960
1586110260,+3.31, +1.893, +0.171,+0.960
1586110320,+3.31, +1.926, +0.172,+0.960
1586110380,+3.31, +1.871, +0.171,+0.960
1586110440,+3.31, +1.871, +0.171,+0.960
1586110500,+3.31, +1.904, +0.172,+0.960
1586110560,+3.31, +1.882, +0.174,+0.960
1586110620,+3.31, +1.893, +0.173,+0.960
1586110680,+3.31, +1.871, +0.171,+0.960
1586110740,+3.31, +1.871, +0.172,+0.960
1586110800,+3.31, +1.904, +0.170,+0.960
1586110860,+3.31, +1.882, +0.172,+0.960
1586110920,+3.31, +1.904, +0.172,+0.960
1586110980,+3.31, +1.915, +0.171,+0.960
1586111040,+3.31, +1.893, +0.172,+0.960
1586111100,+3.31, +1.827, +0.173,+0.960
1586111160,+3.31, +1.915, +0.172,+0.960
1586111220,+3.31, +1.882, +0.171,+0.960
1586111280,+3.31, +1.882, +0.171,+0.960
1586111340,+3.31, +1.904, +0.172,+0.960
1586111400,+3.31, +1.882, +0.171,+0.960
1586111460,+3.31, +1.893, +0.171,+0.960
1586111520,+3.31, +1.893, +0.172,+0.960
1586111580,+3.31, +1.893, +0.172,+0.960
1586111640,+3.31, +1.904, +0.172,+0.960
1586111700,+3.31, +1.904, +0.171,+0.960
1586111760,+3.31, +1.871, +0.172,+0.960
1586111820,+3.31, +1.882, +0.172,+0.960
1586111880,+3.31, +1.904, +0.172,+0.960
1586111940,+3.31, +1.904, +0.172,+0.960
1586112000,+3.31, +1.893, +0.172,+0.960
1586112060,+3.31, +1.882, +0.171,+0.960
1586112120,+3.31, +1.860, +0.171,+0.960
1586112180,+3.31, +1.893, +0.171,+0.960
1586112240,+3.31, +1.915, +0.171,+0.960
1586112300,+3.31, +1.893, +0.172,+0.960
1586112360,+3.31, +1.882, +0.172,+0.960
1586112420,+3.31, +1.915, +0.171,+0.960
1586112480,+3.31, +1.915, +0.173,+0.960
1586112540,+3.31, +1.860, +0.174,+0.960
1586112600,+3.31, +1.893, +0.172,+0.960
1586112660,+3.31, +1.904, +0.173,+0.960
1586112720,+3.31, +1.904, +0.172,+0.960
1586112780,+3.31, +1.893, +0.171,+0.960
1586112840,+3.31, +1.893, +0.172,+0.960
1586112900,+3.31, +1.937, +0.172,+0.960
1586112960,+3.31, +1.893, +0.171,+0.960
1586113020,+3.31, +1.882, +0.174,+0.960
1586113080,+3.31, +1.915, +0.171,+0.960
1586113140,+3.31, +1.882, +0.172,+0.960
1586113200,+3.31, +1.926, +0.171,+0.960
1586113260,+3.31, +1.904, +0.171,+0.960
1586113320,+3.31, +1.893, +0.172,+0.960
1586113380,+3.31, +1.915, +0.172,+0.960
1586113440,+3.31, +1.827, +0.173,+0.960
1586113500,+3.31, +1.893, +0.171,+0.960
1586113560,+3.31, +1.904, +0.172,+0.960
1586113620,+3.31, +1.893, +0.172,+0.960
1586113680,+3.31, +1.926, +0.170,+0.960
1586113740,+3.31, +1.904, +0.170,+0.960
1586113800,+3.31, +1.915, +0.173,+0.960
1586113860,+3.31, +1.838, +0.173,+0.960
1586113920,+3.31, +1.904, +0.172,+0.960
1586113980,+3.31, +1.904, +0.172,+0.960
1586114040,+3.31, +1.904, +0.171,+0.960
1586114100,+3.31, +1.893, +0.171,+0.960
1586114160,+3.31, +1.882, +0.173,+0.960
1586114220,+3.31, +1.915, +0.172,+0.960
1586114280,+3.31, +1.915, +0.172,+0.960
1586114340,+3.30, +1.871, +0.172,+0.960
1586114400,+3.31, +1.904, +0.171,+0.960
1586114460,+3.31, +1.871, +0.172,+0.960
1586114520,+3.31, +1.915, +0.171,+0.960
1586114580,+3.31, +1.882, +0.172,+0.960
1586114640,+3.31, +1.926, +0.172,+0.960
1586114700,+3.31, +1.882, +0.171,+0.960
1586114760,+3.31, +1.893, +0.172,+0.960
1586114820,+3.31, +1.882, +0.172,+0.960
1586114880,+3.31, +1.893, +0.171,+0.960
1586114940,+3.31, +1.915, +0.171,+0.960
1586115000,+3.31, +1.882, +0.171,+0.960
1586115060,+3.31, +1.893, +0.173,+0.960
1586115120,+3.31, +1.860, +0.171,+0.960
1586115180,+3.31, +1.893, +0.173,+0.960
1586115240,+3.31, +1.893, +0.170,+0.960
1586115300,+3.31, +1.904, +0.171,+0.960
1586115360,+3.31, +1.893, +0.172,+0.960
1586115420,+3.31, +1.893, +0.170,+0.960
1586115480,+3.31, +1.915, +0.172,+0.960
1586115540,+3.31, +1.926, +0.171,+0.960
1586115600,+3.31, +1.893, +0.173,+0.960
1586115660,+3.31, +1.893, +0.172,+0.960
1586115720,+3.31, +1.882, +0.171,+0.960
1586115780,+3.31, +1.871, +0.171,+0.960
1586115840,+3.31, +1.893, +0.173,+0.960
1586115900,+3.31, +1.871, +0.172,+0.960
1586115960,+3.31, +1.926, +0.172,+0.960
1586116020,+3.31, +1.893, +0.173,+0.960
1586116080,+3.31, +1.882, +0.171,+0.960
1586116140,+3.31, +1.882, +0.172,+0.960
1586116200,+3.31, +1.915, +0.171,+0.960
1586116260,+3.31, +1.915, +0.171,+0.960
1586116320,+3.31, +1.926, +0.172,+0.960
1586116380,+3.31, +1.937, +0.170,+0.960
1586116440,+3.31, +1.926, +0.171,+0.960
1586116500,+3.31, +1.904, +0.172,+0.960
1586116560,+3.31, +1.904, +0.170,+0.960
1586116620,+3.31, +1.915, +0.170,+0.960
1586116680,+3.31, +1.904, +0.173,+0.960
1586116740,+3.31, +1.893, +0.173,+0.960
1586116800,+3.31, +1.904, +0.171,+0.960
1586116860,+3.31, +1.904, +0.170,+0.960
1586116920,+3.31, +1.893, +0.172,+0.960
1586116980,+3.31, +1.893, +0.173,+0.960
1586117040,+3.31, +1.882, +0.171,+0.960
1586117100,+3.31, +1.893, +0.171,+0.960
1586117160,+3.31, +1.926, +0.171,+0.960
1586117220,+3.31, +1.882, +0.171,+0.960
1586117280,+3.31, +1.904, +0.170,+0.960
1586117340,+3.31, +1.915, +0.172,+0.960
1586117400,+3.31, +1.904, +0.171,+0.960
1586117460,+3.31, +1.926, +0.169,+0.960
1586117520,+3.31, +1.904, +0.172,+0.960
1586117580,+3.31, +1.915, +0.172,+0.960
1586117640,+3.31, +1.904, +0.172,+0.960
1586117700,+3.31, +1.893, +0.171,+0.960
1586117760,+3.31, +1.915, +0.171,+0.960
1586117820,+3.31, +1.937, +0.171,+0.960
1586117880,+3.31, +1.893, +0.173,+0.960
1586117940,+3.31, +1.882, +0.172,+0.960
1586118000,+3.31, +1.904, +0.171,+0.960
1586118060,+3.31, +1.904, +0.174,+0.960
1586118120,+3.31, +1.904, +0.172,+0.960
1586118180,+3.31, +1.937, +0.172,+0.960
1586118240,+3.31, +1.904, +0.172,+0.960
1586118300,+3.31, +1.904, +0.171,+0.960
1586118360,+3.31, +1.915, +0.172,+0.960
1586118420,+3.31, +1.926, +0.170,+0.960
1586118480,+3.31, +1.904, +0.170,+0.960
1586118540,+3.31, +1.915, +0.172,+0.960
1586118600,+3.31, +1.904, +0.172,+0.960
1586118660,+3.31, +1.926, +0.171,+0.960
1586118720,+3.31, +1.893, +0.172,+0.960
1586118780,+3.31, +1.937, +0.171,+0.960
1586118840,+3.31, +1.915, +0.171,+0.960
1586118900,+3.31, +1.893, +0.173,+0.960
1586118960,+3.31, +1.926, +0.171,+0.960
1586119020,+3.31, +1.915, +0.171,+0.960
1586119080,+3.31, +1.915, +0.170,+0.960
1586119140,+3.31, +1.915, +0.170,+0.960
1586119200,+3.31, +1.904, +0.172,+0.960
1586119260,+3.31, +1.904, +0.172,+0.960
1586119320,+3.31, +1.893, +0.171,+0.960
1586119380,+3.31, +1.969, +0.170,+0.960
1586119440,+3.31, +1.926, +0.173,+0.960
1586119500,+3.31, +1.915, +0.172,+0.960
1586119560,+3.31, +1.904, +0.173,+0.960
1586119620,+3.31, +1.926, +0.171,+0.960
1586119680,+3.31, +1.893, +0.173,+0.960
1586119740,+3.31, +1.893, +0.172,+0.960
1586119800,+3.31, +1.926, +0.173,+0.960
