7392-570653
OS REV: 1.11 Sensor Cal: 1428445788
Time (sec),  BV (Volts),  T (deg C),  DO (mg/l),  Q ()
1589489460,+3.34, +6.709, +0.147,+0.960
1589489520,+3.34, +6.709, +0.146,+0.960
1589489580,+3.34, +6.718, +0.145,+0.960
1589489640,+3.33, +6.787, +0.145,+0.960
1589489700,+3.34, +6.787, +0.145,+0.960
1589489760,+3.33, +6.816, +0.143,+0.960
1589489820,+3.34, +6.796, +0.144,+0.960
1589489880,+3.34, +6.777, +0.144,+0.960
1589489940,+3.34, +6.787, +0.144,+0.960
1589490000,+3.34, +6.777, +0.146,+0.960
1589490060,+3.34, +6.816, +0.144,+0.960
1589490120,+3.34, +6.767, +0.144,+0.960
1589490180,+3.34, +6.738, +0.146,+0.960
1589490240,+3.34, +6.767, +0.145,+0.960
1589490300,+3.34, +6.718, +0.144,+0.960
1589490360,+3.34, +6.709, +0.143,+0.960
1589490420,+3.33, +6.709, +0.144,+0.960
1589490480,+3.34, +6.680, +0.144,+0.960
1589490540,+3.34, +6.660, +0.144,+0.960
1589490600,+3.34, +6.670, +0.146,+0.960
1589490660,+3.34, +6.650, +0.144,+0.960
1589490720,+3.34, +6.631, +0.145,+0.960
1589490780,+3.34, +6.631, +0.145,+0.960
1589490840,+3.34, +6.650, +0.146,+0.960
1589490900,+3.34, +6.611, +0.145,+0.960
1589490960,+3.33, +6.621, +0.144,+0.960
1589491020,+3.34, +6.563, +0.144,+0.960
1589491080,+3.33, +6.553, +0.143,+0.960
1589491140,+3.33, +6.465, +0.144,+0.960
1589491200,+3.33, +6.484, +0.143,+0.960
1589491260,+3.33, +6.484, +0.144,+0.960
1589491320,+3.33, +6.484, +0.144,+0.960
1589491380,+3.33, +6.455, +0.145,+0.960
1589491440,+3.33, +6.475, +0.145,+0.960
1589491500,+3.33, +6.543, +0.145,+0.960
1589491560,+3.34, +6.582, +0.145,+0.960
1589491620,+3.34, +6.592, +0.145,+0.960
1589491680,+3.34, +6.602, +0.144,+0.960
1589491740,+3.34, +6.641, +0.143,+0.960
1589491800,+3.34, +6.641, +0.144,+0.960
1589491860,+3.33, +6.641, +0.145,+0.960
1589491920,+3.34, +6.660, +0.144,+0.960
1589491980,+3.33, +6.650, +0.144,+0.960
1589492040,+3.33, +6.670, +0.144,+0.960
1589492100,+3.34, +6.699, +0.143,+0.960
1589492160,+3.34, +6.670, +0.143,+0.960
1589492220,+3.33, +6.611, +0.145,+0.960
1589492280,+3.33, +6.641, +0.144,+0.960
1589492340,+3.33, +6.611, +0.144,+0.960
1589492400,+3.34, +6.631, +0.144,+0.960
1589492460,+3.34, +6.631, +0.144,+0.960
1589492520,+3.33, +6.621, +0.143,+0.960
1589492580,+3.33, +6.621, +0.145,+0.960
1589492640,+3.34, +6.670, +0.145,+0.960
1589492700,+3.34, +6.670, +0.145,+0.960
1589492760,+3.34, +6.699, +0.146,+0.960
1589492820,+3.34, +6.670, +0.146,+0.960
1589492880,+3.34, +6.650, +0.145,+0.960
1589492940,+3.33, +6.660, +0.145,+0.960
1589493000,+3.34, +6.670, +0.145,+0.960
1589493060,+3.34, +6.650, +0.143,+0.960
1589493120,+3.34, +6.660, +0.143,+0.960
1589493180,+3.33, +6.650, +0.145,+0.960
1589493240,+3.33, +6.670, +0.146,+0.960
1589493300,+3.34, +6.670, +0.146,+0.960
1589493360,+3.34, +6.660, +0.143,+0.960
1589493420,+3.33, +6.582, +0.144,+0.960
1589493480,+3.33, +6.504, +0.144,+0.960
1589493540,+3.33, +6.465, +0.143,+0.960
1589493600,+3.33, +6.396, +0.145,+0.960
1589493660,+3.34, +6.338, +0.144,+0.960
1589493720,+3.33, +6.338, +0.143,+0.960
1589493780,+3.33, +6.347, +0.145,+0.960
1589493840,+3.33, +6.387, +0.146,+0.960
1589493900,+3.33, +6.435, +0.144,+0.960
1589493960,+3.33, +6.406, +0.145,+0.960
1589494020,+3.33, +6.406, +0.144,+0.959
1589494080,+3.33, +6.465, +0.147,+0.960
1589494140,+3.33, +6.543, +0.146,+0.960
1589494200,+3.33, +6.543, +0.144,+0.960
1589494260,+3.33, +6.514, +0.144,+0.960
1589494320,+3.33, +6.445, +0.144,+0.960
1589494380,+3.34, +6.377, +0.145,+0.960
1589494440,+3.33, +6.377, +0.145,+0.960
1589494500,+3.33, +6.406, +0.146,+0.960
1589494560,+3.33, +6.455, +0.146,+0.960
1589494620,+3.33, +6.445, +0.145,+0.960
1589494680,+3.34, +6.396, +0.145,+0.960
1589494740,+3.33, +6.387, +0.147,+0.960
1589494800,+3.33, +6.387, +0.146,+0.960
1589494860,+3.33, +6.435, +0.147,+0.960
1589494920,+3.33, +6.494, +0.148,+0.960
1589494980,+3.33, +6.514, +0.144,+0.960
1589495040,+3.33, +6.582, +0.144,+0.960
1589495100,+3.33, +6.563, +0.145,+0.960
1589495160,+3.34, +6.650, +0.145,+0.960
1589495220,+3.33, +6.670, +0.145,+0.960
1589495280,+3.34, +6.660, +0.147,+0.960
1589495340,+3.34, +6.718, +0.146,+0.960
1589495400,+3.34, +6.748, +0.146,+0.960
1589495460,+3.33, +6.777, +0.146,+0.960
1589495520,+3.34, +6.816, +0.145,+0.961
1589495580,+3.34, +6.825, +0.143,+0.960
1589495640,+3.33, +6.816, +0.145,+0.960
1589495700,+3.34, +6.835, +0.145,+0.960
1589495760,+3.33, +6.806, +0.144,+0.960
1589495820,+3.34, +6.816, +0.143,+0.960
1589495880,+3.34, +6.757, +0.144,+0.960
1589495940,+3.33, +6.757, +0.145,+0.960
1589496000,+3.34, +6.738, +0.144,+0.960
1589496060,+3.34, +6.738, +0.142,+0.960
1589496120,+3.33, +6.709, +0.144,+0.960
1589496180,+3.34, +6.718, +0.144,+0.960
1589496240,+3.34, +6.680, +0.144,+0.960
1589496300,+3.33, +6.709, +0.144,+0.960
1589496360,+3.34, +6.689, +0.143,+0.960
1589496420,+3.33, +6.670, +0.143,+0.960
1589496480,+3.34, +6.670, +0.144,+0.960
1589496540,+3.34, +6.680, +0.145,+0.960
1589496600,+3.33, +6.631, +0.144,+0.960
1589496660,+3.34, +6.650, +0.145,+0.960
1589496720,+3.34, +6.660, +0.145,+0.960
1589496780,+3.34, +6.660, +0.143,+0.960
1589496840,+3.33, +6.641, +0.144,+0.960
1589496900,+3.34, +6.699, +0.146,+0.960
1589496960,+3.34, +6.718, +0.144,+0.960
1589497020,+3.33, +6.728, +0.144,+0.960
1589497080,+3.34, +6.680, +0.144,+0.960
1589497140,+3.34, +6.650, +0.142,+0.960
1589497200,+3.34, +6.699, +0.144,+0.960
1589497260,+3.34, +6.738, +0.144,+0.960
1589497320,+3.34, +6.757, +0.144,+0.960
1589497380,+3.34, +6.787, +0.144,+0.960
1589497440,+3.33, +6.728, +0.144,+0.960
1589497500,+3.34, +6.777, +0.143,+0.960
1589497560,+3.33, +6.757, +0.145,+0.960
1589497620,+3.34, +6.767, +0.144,+0.960
1589497680,+3.34, +6.796, +0.145,+0.960
1589497740,+3.34, +6.825, +0.144,+0.960
1589497800,+3.34, +6.884, +0.145,+0.961
1589497860,+3.34, +6.874, +0.143,+0.960
1589497920,+3.33, +6.864, +0.144,+0.960
1589497980,+3.34, +6.845, +0.145,+0.960
1589498040,+3.33, +6.874, +0.143,+0.960
1589498100,+3.34, +6.884, +0.145,+0.960
1589498160,+3.33, +6.893, +0.143,+0.960
1589498220,+3.34, +6.845, +0.143,+0.960
1589498280,+3.34, +6.825, +0.143,+0.960
1589498340,+3.34, +6.845, +0.141,+0.960
1589498400,+3.33, +6.806, +0.144,+0.960
1589498460,+3.33, +6.787, +0.143,+0.960
1589498520,+3.34, +6.816, +0.142,+0.960
1589498580,+3.34, +6.777, +0.144,+0.960
1589498640,+3.34, +6.796, +0.142,+0.960
1589498700,+3.33, +6.787, +0.144,+0.960
1589498760,+3.34, +6.777, +0.144,+0.960
1589498820,+3.34, +6.777, +0.143,+0.960
1589498880,+3.34, +6.777, +0.142,+0.960
1589498940,+3.34, +6.738, +0.143,+0.960
1589499000,+3.33, +6.738, +0.145,+0.960
1589499060,+3.33, +6.757, +0.144,+0.960
1589499120,+3.34, +6.728, +0.142,+0.960
1589499180,+3.33, +6.689, +0.143,+0.960
1589499240,+3.34, +6.670, +0.142,+0.960
1589499300,+3.34, +6.777, +0.142,+0.960
1589499360,+3.34, +6.689, +0.143,+0.960
1589499420,+3.33, +6.689, +0.145,+0.960
1589499480,+3.34, +6.728, +0.144,+0.960
1589499540,+3.34, +6.709, +0.143,+0.960
1589499600,+3.34, +6.709, +0.143,+0.960
1589499660,+3.34, +6.689, +0.144,+0.960
1589499720,+3.33, +6.670, +0.144,+0.960
1589499780,+3.33, +6.621, +0.143,+0.960
1589499840,+3.34, +6.641, +0.143,+0.960
1589499900,+3.34, +6.631, +0.144,+0.960
1589499960,+3.34, +6.602, +0.144,+0.960
1589500020,+3.33, +6.621, +0.143,+0.960
1589500080,+3.33, +6.621, +0.144,+0.960
1589500140,+3.34, +6.611, +0.145,+0.960
1589500200,+3.34, +6.631, +0.143,+0.960
1589500260,+3.33, +6.592, +0.145,+0.960
1589500320,+3.33, +6.592, +0.145,+0.960
1589500380,+3.34, +6.602, +0.143,+0.960
1589500440,+3.33, +6.592, +0.145,+0.960
1589500500,+3.33, +6.592, +0.144,+0.960
1589500560,+3.34, +6.611, +0.144,+0.960
1589500620,+3.34, +6.611, +0.145,+0.960
1589500680,+3.34, +6.621, +0.145,+0.960
1589500740,+3.33, +6.621, +0.143,+0.960
1589500800,+3.34, +6.621, +0.145,+0.960
1589500860,+3.33, +6.641, +0.144,+0.960
1589500920,+3.33, +6.602, +0.146,+0.960
1589500980,+3.34, +6.650, +0.142,+0.960
1589501040,+3.33, +6.631, +0.144,+0.960
1589501100,+3.33, +6.602, +0.144,+0.960
1589501160,+3.33, +6.553, +0.143,+0.960
1589501220,+3.33, +6.611, +0.144,+0.960
1589501280,+3.34, +6.592, +0.144,+0.960
1589501340,+3.33, +6.650, +0.143,+0.960
1589501400,+3.34, +6.621, +0.144,+0.960
1589501460,+3.33, +6.650, +0.143,+0.960
1589501520,+3.34, +6.689, +0.144,+0.960
1589501580,+3.34, +6.738, +0.143,+0.960
1589501640,+3.34, +6.718, +0.143,+0.960
1589501700,+3.33, +6.728, +0.143,+0.960
1589501760,+3.34, +6.738, +0.142,+0.960
1589501820,+3.34, +6.748, +0.144,+0.960
1589501880,+3.34, +6.757, +0.142,+0.960
1589501940,+3.34, +6.767, +0.142,+0.960
1589502000,+3.34, +6.738, +0.144,+0.960
1589502060,+3.34, +6.757, +0.142,+0.960
1589502120,+3.34, +6.718, +0.143,+0.960
1589502180,+3.34, +6.709, +0.142,+0.960
1589502240,+3.34, +6.689, +0.144,+0.960
1589502300,+3.34, +6.660, +0.142,+0.960
1589502360,+3.33, +6.621, +0.145,+0.960
1589502420,+3.33, +6.611, +0.145,+0.960
1589502480,+3.34, +6.582, +0.143,+0.959
1589502540,+3.34, +6.553, +0.145,+0.960
1589502600,+3.34, +6.543, +0.142,+0.960
1589502660,+3.33, +6.504, +0.144,+0.960
1589502720,+3.33, +6.533, +0.144,+0.960
1589502780,+3.33, +6.523, +0.143,+0.960
1589502840,+3.33, +6.523, +0.144,+0.960
1589502900,+3.33, +6.543, +0.144,+0.960
1589502960,+3.34, +6.582, +0.144,+0.960
1589503020,+3.33, +6.602, +0.144,+0.960
1589503080,+3.33, +6.611, +0.144,+0.960
1589503140,+3.34, +6.641, +0.144,+0.960
1589503200,+3.33, +6.650, +0.143,+0.960
1589503260,+3.34, +6.650, +0.143,+0.960
1589503320,+3.34, +6.660, +0.145,+0.960
1589503380,+3.34, +6.689, +0.143,+0.960
1589503440,+3.34, +6.709, +0.142,+0.960
1589503500,+3.34, +6.680, +0.143,+0.960
1589503560,+3.34, +6.699, +0.142,+0.960
1589503620,+3.34, +6.718, +0.145,+0.960
1589503680,+3.34, +6.709, +0.144,+0.960
1589503740,+3.34, +6.738, +0.141,+0.960
1589503800,+3.34, +6.748, +0.142,+0.960
1589503860,+3.34, +6.757, +0.143,+0.960
1589503920,+3.34, +6.767, +0.144,+0.960
1589503980,+3.33, +6.787, +0.141,+0.960
1589504040,+3.34, +6.777, +0.143,+0.960
1589504100,+3.34, +6.757, +0.144,+0.960
1589504160,+3.33, +6.767, +0.141,+0.960
1589504220,+3.33, +6.718, +0.143,+0.960
1589504280,+3.34, +6.767, +0.143,+0.960
1589504340,+3.34, +6.728, +0.144,+0.960
1589504400,+3.34, +6.718, +0.143,+0.960
1589504460,+3.34, +6.728, +0.144,+0.960
1589504520,+3.34, +6.718, +0.142,+0.960
1589504580,+3.34, +6.689, +0.143,+0.960
1589504640,+3.33, +6.650, +0.144,+0.960
1589504700,+3.34, +6.650, +0.144,+0.960
1589504760,+3.34, +6.641, +0.144,+0.960
1589504820,+3.34, +6.631, +0.143,+0.960
1589504880,+3.34, +6.621, +0.143,+0.960
1589504940,+3.34, +6.621, +0.145,+0.960
1589505000,+3.34, +6.641, +0.143,+0.960
1589505060,+3.34, +6.631, +0.144,+0.960
1589505120,+3.34, +6.641, +0.145,+0.960
1589505180,+3.34, +6.621, +0.144,+0.960
1589505240,+3.34, +6.660, +0.143,+0.960
1589505300,+3.34, +6.660, +0.144,+0.960
1589505360,+3.34, +6.670, +0.143,+0.960
1589505420,+3.34, +6.670, +0.143,+0.960
1589505480,+3.34, +6.670, +0.144,+0.960
1589505540,+3.34, +6.650, +0.144,+0.960
1589505600,+3.34, +6.670, +0.144,+0.960
1589505660,+3.33, +6.680, +0.143,+0.960
1589505720,+3.34, +6.680, +0.144,+0.960
1589505780,+3.34, +6.680, +0.143,+0.960
1589505840,+3.33, +6.650, +0.144,+0.960
1589505900,+3.33, +6.621, +0.144,+0.960
1589505960,+3.34, +6.631, +0.144,+0.960
1589506020,+3.34, +6.621, +0.144,+0.960
1589506080,+3.34, +6.650, +0.144,+0.960
1589506140,+3.34, +6.641, +0.144,+0.960
1589506200,+3.34, +6.641, +0.143,+0.960
1589506260,+3.34, +6.631, +0.144,+0.960
1589506320,+3.33, +6.631, +0.144,+0.960
1589506380,+3.34, +6.650, +0.143,+0.960
1589506440,+3.33, +6.650, +0.145,+0.960
1589506500,+3.33, +6.621, +0.144,+0.960
1589506560,+3.33, +6.650, +0.144,+0.960
1589506620,+3.34, +6.650, +0.143,+0.960
1589506680,+3.33, +6.660, +0.144,+0.960
1589506740,+3.33, +6.650, +0.146,+0.960
1589506800,+3.34, +6.621, +0.143,+0.960
1589506860,+3.33, +6.650, +0.144,+0.960
1589506920,+3.33, +6.611, +0.145,+0.960
1589506980,+3.33, +6.621, +0.143,+0.960
1589507040,+3.34, +6.631, +0.143,+0.960
1589507100,+3.34, +6.631, +0.144,+0.960
1589507160,+3.34, +6.621, +0.144,+0.960
1589507220,+3.34, +6.611, +0.144,+0.960
1589507280,+3.34, +6.611, +0.143,+0.960
1589507340,+3.33, +6.621, +0.145,+0.960
1589507400,+3.33, +6.611, +0.144,+0.960
1589507460,+3.33, +6.631, +0.144,+0.960
1589507520,+3.33, +6.631, +0.143,+0.960
1589507580,+3.33, +6.621, +0.143,+0.960
1589507640,+3.34, +6.621, +0.144,+0.960
1589507700,+3.34, +6.621, +0.144,+0.960
1589507760,+3.34, +6.631, +0.143,+0.960
1589507820,+3.33, +6.621, +0.145,+0.960
1589507880,+3.33, +6.631, +0.144,+0.960
1589507940,+3.33, +6.621, +0.144,+0.960
1589508000,+3.33, +6.621, +0.143,+0.960
1589508060,+3.34, +6.611, +0.143,+0.960
1589508120,+3.34, +6.602, +0.144,+0.960
1589508180,+3.33, +6.602, +0.143,+0.960
1589508240,+3.33, +6.602, +0.144,+0.960
1589508300,+3.34, +6.621, +0.144,+0.960
1589508360,+3.33, +6.602, +0.144,+0.960
1589508420,+3.33, +6.582, +0.143,+0.960
1589508480,+3.33, +6.602, +0.143,+0.960
1589508540,+3.34, +6.602, +0.145,+0.960
1589508600,+3.33, +6.592, +0.145,+0.960
1589508660,+3.33, +6.592, +0.143,+0.960
1589508720,+3.33, +6.602, +0.144,+0.960
1589508780,+3.34, +6.621, +0.145,+0.960
1589508840,+3.33, +6.611, +0.142,+0.960
1589508900,+3.34, +6.611, +0.144,+0.960
1589508960,+3.33, +6.611, +0.144,+0.960
1589509020,+3.34, +6.621, +0.145,+0.960
1589509080,+3.34, +6.660, +0.143,+0.960
1589509140,+3.34, +6.602, +0.143,+0.960
1589509200,+3.34, +6.748, +0.142,+0.960
1589509260,+3.34, +6.680, +0.144,+0.960
1589509320,+3.34, +6.689, +0.143,+0.960
1589509380,+3.34, +6.699, +0.143,+0.960
1589509440,+3.34, +6.718, +0.143,+0.960
1589509500,+3.34, +6.709, +0.143,+0.960
1589509560,+3.34, +6.728, +0.144,+0.960
1589509620,+3.34, +6.718, +0.144,+0.960
1589509680,+3.34, +6.728, +0.143,+0.960
1589509740,+3.34, +6.757, +0.142,+0.960
1589509800,+3.33, +6.806, +0.143,+0.960
1589509860,+3.34, +6.767, +0.143,+0.960
1589509920,+3.34, +6.777, +0.144,+0.960
1589509980,+3.34, +6.777, +0.144,+0.960
1589510040,+3.34, +6.777, +0.142,+0.960
1589510100,+3.34, +6.796, +0.143,+0.960
1589510160,+3.34, +6.767, +0.144,+0.960
1589510220,+3.34, +6.738, +0.143,+0.960
1589510280,+3.34, +6.738, +0.144,+0.960
1589510340,+3.33, +6.748, +0.143,+0.960
1589510400,+3.34, +6.728, +0.145,+0.960
1589510460,+3.34, +6.757, +0.144,+0.960
1589510520,+3.34, +6.728, +0.143,+0.960
1589510580,+3.34, +6.718, +0.143,+0.960
1589510640,+3.34, +6.709, +0.143,+0.960
1589510700,+3.34, +6.680, +0.145,+0.960
1589510760,+3.33, +6.670, +0.144,+0.960
1589510820,+3.34, +6.670, +0.144,+0.960
1589510880,+3.34, +6.699, +0.143,+0.960
1589510940,+3.34, +6.660, +0.144,+0.960
1589511000,+3.33, +6.680, +0.144,+0.960
1589511060,+3.34, +6.680, +0.144,+0.960
1589511120,+3.34, +6.670, +0.144,+0.960
1589511180,+3.34, +6.689, +0.144,+0.960
1589511240,+3.33, +6.611, +0.145,+0.960
1589511300,+3.34, +6.660, +0.142,+0.960
1589511360,+3.34, +6.680, +0.144,+0.960
1589511420,+3.34, +6.670, +0.143,+0.960
1589511480,+3.34, +6.670, +0.144,+0.960
1589511540,+3.34, +6.670, +0.144,+0.960
1589511600,+3.34, +6.641, +0.144,+0.960
1589511660,+3.34, +6.660, +0.143,+0.960
1589511720,+3.34, +6.611, +0.145,+0.960
1589511780,+3.34, +6.621, +0.145,+0.960
1589511840,+3.33, +6.631, +0.144,+0.960
1589511900,+3.33, +6.631, +0.144,+0.960
1589511960,+3.34, +6.621, +0.143,+0.960
1589512020,+3.34, +6.631, +0.142,+0.960
1589512080,+3.34, +6.602, +0.145,+0.960
1589512140,+3.33, +6.602, +0.143,+0.960
1589512200,+3.33, +6.631, +0.145,+0.960
1589512260,+3.34, +6.602, +0.143,+0.960
1589512320,+3.33, +6.563, +0.145,+0.960
1589512380,+3.34, +6.611, +0.142,+0.960
1589512440,+3.34, +6.621, +0.143,+0.960
1589512500,+3.34, +6.650, +0.145,+0.960
1589512560,+3.34, +6.602, +0.145,+0.960
1589512620,+3.34, +6.641, +0.143,+0.960
1589512680,+3.34, +6.650, +0.144,+0.960
1589512740,+3.34, +6.621, +0.142,+0.960
1589512800,+3.33, +6.641, +0.145,+0.960
1589512860,+3.34, +6.660, +0.144,+0.960
1589512920,+3.34, +6.631, +0.144,+0.960
1589512980,+3.34, +6.631, +0.146,+0.960
1589513040,+3.33, +6.641, +0.145,+0.960
1589513100,+3.33, +6.650, +0.144,+0.960
1589513160,+3.34, +6.670, +0.144,+0.960
1589513220,+3.34, +6.650, +0.144,+0.960
1589513280,+3.34, +6.660, +0.145,+0.960
1589513340,+3.34, +6.660, +0.145,+0.960
1589513400,+3.34, +6.650, +0.144,+0.960
1589513460,+3.34, +6.641, +0.143,+0.960
1589513520,+3.34, +6.631, +0.143,+0.960
1589513580,+3.34, +6.689, +0.143,+0.960
1589513640,+3.34, +6.680, +0.143,+0.960
1589513700,+3.34, +6.660, +0.145,+0.960
1589513760,+3.33, +6.650, +0.143,+0.960
1589513820,+3.33, +6.631, +0.143,+0.960
1589513880,+3.33, +6.631, +0.144,+0.960
1589513940,+3.34, +6.621, +0.143,+0.960
1589514000,+3.34, +6.650, +0.144,+0.960
1589514060,+3.34, +6.621, +0.143,+0.960
1589514120,+3.33, +6.611, +0.144,+0.960
1589514180,+3.34, +6.602, +0.144,+0.960
1589514240,+3.33, +6.631, +0.144,+0.960
1589514300,+3.34, +6.680, +0.144,+0.960
1589514360,+3.34, +6.650, +0.143,+0.960
1589514420,+3.34, +6.621, +0.144,+0.960
1589514480,+3.34, +6.641, +0.143,+0.960
1589514540,+3.33, +6.602, +0.144,+0.960
1589514600,+3.34, +6.631, +0.144,+0.960
1589514660,+3.33, +6.611, +0.142,+0.960
1589514720,+3.34, +6.631, +0.144,+0.960
1589514780,+3.34, +6.611, +0.144,+0.960
1589514840,+3.33, +6.611, +0.142,+0.960
1589514900,+3.33, +6.631, +0.144,+0.960
1589514960,+3.33, +6.621, +0.145,+0.960
1589515020,+3.34, +6.631, +0.144,+0.960
1589515080,+3.33, +6.631, +0.144,+0.960
1589515140,+3.34, +6.611, +0.143,+0.960
1589515200,+3.34, +6.621, +0.144,+0.960
1589515260,+3.34, +6.631, +0.143,+0.960
1589515320,+3.33, +6.602, +0.144,+0.960
1589515380,+3.34, +6.602, +0.144,+0.960
1589515440,+3.34, +6.631, +0.144,+0.960
1589515500,+3.34, +6.611, +0.145,+0.960
1589515560,+3.34, +6.621, +0.143,+0.960
1589515620,+3.33, +6.631, +0.144,+0.960
1589515680,+3.34, +6.621, +0.143,+0.960
1589515740,+3.33, +6.621, +0.144,+0.960
1589515800,+3.34, +6.660, +0.142,+0.960
1589515860,+3.33, +6.641, +0.144,+0.960
1589515920,+3.34, +6.631, +0.143,+0.960
1589515980,+3.34, +6.631, +0.144,+0.960
1589516040,+3.34, +6.650, +0.143,+0.960
1589516100,+3.34, +6.621, +0.144,+0.960
1589516160,+3.34, +6.650, +0.143,+0.960
1589516220,+3.33, +6.660, +0.144,+0.960
1589516280,+3.33, +6.650, +0.144,+0.960
1589516340,+3.34, +6.641, +0.144,+0.960
1589516400,+3.33, +6.660, +0.142,+0.960
1589516460,+3.33, +6.660, +0.143,+0.960
1589516520,+3.34, +6.650, +0.146,+0.960
1589516580,+3.34, +6.670, +0.144,+0.960
1589516640,+3.33, +6.650, +0.144,+0.960
1589516700,+3.33, +6.641, +0.143,+0.960
1589516760,+3.34, +6.650, +0.143,+0.960
1589516820,+3.34, +6.631, +0.143,+0.960
1589516880,+3.34, +6.650, +0.144,+0.960
1589516940,+3.33, +6.650, +0.144,+0.960
1589517000,+3.33, +6.650, +0.143,+0.960
1589517060,+3.34, +6.641, +0.144,+0.960
1589517120,+3.33, +6.631, +0.145,+0.960
1589517180,+3.33, +6.660, +0.144,+0.960
1589517240,+3.34, +6.650, +0.143,+0.960
1589517300,+3.34, +6.680, +0.143,+0.960
1589517360,+3.34, +6.650, +0.142,+0.960
1589517420,+3.34, +6.631, +0.144,+0.960
1589517480,+3.33, +6.621, +0.144,+0.960
1589517540,+3.33, +6.621, +0.144,+0.960
1589517600,+3.33, +6.543, +0.144,+0.960
1589517660,+3.34, +6.621, +0.143,+0.960
1589517720,+3.34, +6.621, +0.145,+0.960
1589517780,+3.33, +6.621, +0.143,+0.960
1589517840,+3.33, +6.621, +0.143,+0.960
1589517900,+3.33, +6.611, +0.143,+0.960
1589517960,+3.33, +6.650, +0.145,+0.960
1589518020,+3.34, +6.631, +0.144,+0.960
1589518080,+3.34, +6.670, +0.144,+0.960
1589518140,+3.34, +6.650, +0.144,+0.960
1589518200,+3.34, +6.641, +0.144,+0.960
1589518260,+3.33, +6.660, +0.143,+0.960
1589518320,+3.33, +6.650, +0.144,+0.960
1589518380,+3.33, +6.641, +0.144,+0.960
1589518440,+3.34, +6.670, +0.145,+0.960
1589518500,+3.34, +6.650, +0.143,+0.960
1589518560,+3.33, +6.650, +0.143,+0.960
1589518620,+3.34, +6.670, +0.144,+0.960
1589518680,+3.33, +6.660, +0.144,+0.960
1589518740,+3.33, +6.641, +0.144,+0.960
1589518800,+3.33, +6.621, +0.145,+0.960
1589518860,+3.33, +6.660, +0.144,+0.960
1589518920,+3.34, +6.660, +0.145,+0.960
1589518980,+3.34, +6.641, +0.145,+0.960
1589519040,+3.34, +6.680, +0.143,+0.960
1589519100,+3.33, +6.670, +0.145,+0.960
1589519160,+3.33, +6.670, +0.144,+0.960
1589519220,+3.34, +6.650, +0.144,+0.960
1589519280,+3.34, +6.680, +0.144,+0.960
1589519340,+3.33, +6.660, +0.143,+0.960
1589519400,+3.33, +6.670, +0.144,+0.960
1589519460,+3.34, +6.670, +0.144,+0.960
1589519520,+3.34, +6.650, +0.142,+0.960
1589519580,+3.34, +6.641, +0.143,+0.960
1589519640,+3.33, +6.631, +0.144,+0.960
1589519700,+3.34, +6.641, +0.145,+0.960
1589519760,+3.33, +6.670, +0.143,+0.960
1589519820,+3.34, +6.660, +0.144,+0.960
1589519880,+3.34, +6.670, +0.143,+0.960
1589519940,+3.34, +6.660, +0.143,+0.960
1589520000,+3.33, +6.621, +0.144,+0.960
1589520060,+3.33, +6.641, +0.143,+0.960
1589520120,+3.34, +6.641, +0.142,+0.960
1589520180,+3.33, +6.650, +0.146,+0.960
1589520240,+3.34, +6.650, +0.142,+0.960
1589520300,+3.34, +6.641, +0.143,+0.960
1589520360,+3.33, +6.641, +0.143,+0.960
1589520420,+3.33, +6.650, +0.144,+0.960
1589520480,+3.33, +6.641, +0.142,+0.960
1589520540,+3.33, +6.631, +0.144,+0.960
1589520600,+3.34, +6.631, +0.144,+0.960
1589520660,+3.33, +6.621, +0.144,+0.960
1589520720,+3.34, +6.641, +0.144,+0.960
1589520780,+3.34, +6.641, +0.141,+0.960
1589520840,+3.33, +6.621, +0.143,+0.960
1589520900,+3.34, +6.592, +0.144,+0.960
1589520960,+3.33, +6.650, +0.142,+0.960
1589521020,+3.34, +6.641, +0.144,+0.960
1589521080,+3.34, +6.631, +0.144,+0.960
1589521140,+3.34, +6.621, +0.144,+0.960
1589521200,+3.33, +6.621, +0.144,+0.960
1589521260,+3.33, +6.641, +0.144,+0.960
1589521320,+3.33, +6.621, +0.144,+0.960
1589521380,+3.34, +6.631, +0.144,+0.960
1589521440,+3.33, +6.621, +0.145,+0.960
1589521500,+3.34, +6.631, +0.144,+0.960
1589521560,+3.34, +6.631, +0.144,+0.960
1589521620,+3.33, +6.621, +0.144,+0.960
1589521680,+3.33, +6.641, +0.143,+0.960
1589521740,+3.34, +6.621, +0.144,+0.960
1589521800,+3.33, +6.641, +0.144,+0.960
1589521860,+3.34, +6.641, +0.144,+0.960
1589521920,+3.33, +6.631, +0.143,+0.960
1589521980,+3.33, +6.641, +0.144,+0.960
1589522040,+3.33, +6.621, +0.145,+0.960
1589522100,+3.33, +6.631, +0.143,+0.960
1589522160,+3.34, +6.641, +0.143,+0.960
1589522220,+3.33, +6.641, +0.144,+0.960
1589522280,+3.33, +6.641, +0.143,+0.960
1589522340,+3.33, +6.621, +0.145,+0.960
1589522400,+3.33, +6.592, +0.145,+0.960
1589522460,+3.34, +6.641, +0.143,+0.960
1589522520,+3.34, +6.631, +0.143,+0.960
1589522580,+3.33, +6.631, +0.144,+0.960
1589522640,+3.34, +6.631, +0.144,+0.960
1589522700,+3.34, +6.631, +0.144,+0.960
1589522760,+3.34, +6.650, +0.144,+0.960
1589522820,+3.34, +6.670, +0.144,+0.960
1589522880,+3.34, +6.641, +0.145,+0.960
1589522940,+3.33, +6.641, +0.145,+0.960
1589523000,+3.34, +6.660, +0.145,+0.960
1589523060,+3.34, +6.641, +0.143,+0.960
1589523120,+3.34, +6.660, +0.144,+0.960
1589523180,+3.34, +6.621, +0.143,+0.960
1589523240,+3.34, +6.641, +0.144,+0.960
1589523300,+3.33, +6.660, +0.143,+0.960
1589523360,+3.33, +6.641, +0.144,+0.960
1589523420,+3.33, +6.660, +0.144,+0.960
1589523480,+3.33, +6.641, +0.143,+0.960
1589523540,+3.33, +6.641, +0.142,+0.960
1589523600,+3.33, +6.650, +0.143,+0.960
1589523660,+3.34, +6.650, +0.143,+0.960
1589523720,+3.33, +6.650, +0.144,+0.960
1589523780,+3.33, +6.631, +0.144,+0.960
1589523840,+3.33, +6.631, +0.143,+0.960
1589523900,+3.34, +6.641, +0.144,+0.960
1589523960,+3.33, +6.650, +0.143,+0.960
1589524020,+3.34, +6.650, +0.144,+0.960
1589524080,+3.33, +6.621, +0.144,+0.960
1589524140,+3.33, +6.621, +0.142,+0.960
1589524200,+3.33, +6.621, +0.144,+0.960
1589524260,+3.33, +6.631, +0.144,+0.960
1589524320,+3.33, +6.611, +0.144,+0.960
1589524380,+3.33, +6.641, +0.144,+0.960
1589524440,+3.33, +6.611, +0.143,+0.960
1589524500,+3.34, +6.582, +0.144,+0.960
1589524560,+3.33, +6.602, +0.143,+0.960
1589524620,+3.34, +6.621, +0.145,+0.960
1589524680,+3.34, +6.611, +0.144,+0.960
1589524740,+3.33, +6.611, +0.145,+0.960
1589524800,+3.34, +6.621, +0.144,+0.960
1589524860,+3.33, +6.611, +0.143,+0.960
1589524920,+3.33, +6.602, +0.145,+0.960
1589524980,+3.33, +6.611, +0.143,+0.960
1589525040,+3.33, +6.611, +0.144,+0.960
1589525100,+3.33, +6.602, +0.144,+0.960
1589525160,+3.34, +6.602, +0.144,+0.960
1589525220,+3.34, +6.582, +0.145,+0.960
1589525280,+3.33, +6.602, +0.143,+0.960
1589525340,+3.33, +6.631, +0.143,+0.960
1589525400,+3.33, +6.621, +0.143,+0.960
1589525460,+3.33, +6.631, +0.144,+0.960
1589525520,+3.33, +6.631, +0.142,+0.960
1589525580,+3.33, +6.592, +0.143,+0.960
1589525640,+3.33, +6.602, +0.143,+0.960
1589525700,+3.34, +6.592, +0.144,+0.960
1589525760,+3.33, +6.582, +0.142,+0.960
1589525820,+3.33, +6.592, +0.144,+0.960
1589525880,+3.34, +6.572, +0.145,+0.960
1589525940,+3.33, +6.592, +0.145,+0.960
1589526000,+3.33, +6.582, +0.144,+0.960
1589526060,+3.33, +6.602, +0.144,+0.960
1589526120,+3.34, +6.582, +0.144,+0.960
1589526180,+3.33, +6.611, +0.144,+0.960
1589526240,+3.34, +6.611, +0.145,+0.960
1589526300,+3.34, +6.592, +0.143,+0.960
1589526360,+3.33, +6.611, +0.144,+0.960
1589526420,+3.34, +6.582, +0.144,+0.960
1589526480,+3.34, +6.563, +0.143,+0.960
1589526540,+3.33, +6.631, +0.144,+0.960
1589526600,+3.33, +6.572, +0.143,+0.960
1589526660,+3.33, +6.582, +0.144,+0.960
1589526720,+3.33, +6.582, +0.145,+0.960
1589526780,+3.33, +6.602, +0.145,+0.960
1589526840,+3.34, +6.611, +0.143,+0.960
1589526900,+3.33, +6.572, +0.145,+0.960
1589526960,+3.33, +6.621, +0.145,+0.960
1589527020,+3.34, +6.602, +0.144,+0.960
1589527080,+3.33, +6.582, +0.143,+0.960
1589527140,+3.33, +6.611, +0.143,+0.960
1589527200,+3.33, +6.621, +0.144,+0.960
1589527260,+3.33, +6.631, +0.143,+0.960
1589527320,+3.34, +6.660, +0.143,+0.960
1589527380,+3.33, +6.621, +0.145,+0.960
1589527440,+3.33, +6.621, +0.144,+0.960
1589527500,+3.33, +6.631, +0.143,+0.960
1589527560,+3.33, +6.631, +0.143,+0.960
1589527620,+3.33, +6.631, +0.145,+0.960
1589527680,+3.33, +6.631, +0.144,+0.960
1589527740,+3.34, +6.650, +0.144,+0.960
1589527800,+3.34, +6.650, +0.143,+0.960
1589527860,+3.33, +6.602, +0.143,+0.960
1589527920,+3.33, +6.650, +0.143,+0.960
1589527980,+3.33, +6.641, +0.143,+0.960
1589528040,+3.33, +6.660, +0.143,+0.960
1589528100,+3.33, +6.631, +0.143,+0.960
1589528160,+3.33, +6.641, +0.145,+0.960
1589528220,+3.33, +6.631, +0.143,+0.960
1589528280,+3.33, +6.650, +0.144,+0.960
1589528340,+3.33, +6.641, +0.143,+0.960
1589528400,+3.33, +6.621, +0.144,+0.960
1589528460,+3.34, +6.621, +0.145,+0.960
1589528520,+3.33, +6.641, +0.144,+0.960
1589528580,+3.33, +6.631, +0.144,+0.960
1589528640,+3.34, +6.631, +0.144,+0.960
1589528700,+3.34, +6.641, +0.143,+0.960
1589528760,+3.33, +6.611, +0.145,+0.960
1589528820,+3.33, +6.641, +0.143,+0.960
1589528880,+3.34, +6.631, +0.143,+0.960
1589528940,+3.33, +6.631, +0.144,+0.960
1589529000,+3.33, +6.602, +0.143,+0.960
1589529060,+3.34, +6.631, +0.145,+0.960
1589529120,+3.34, +6.631, +0.145,+0.960
1589529180,+3.34, +6.611, +0.144,+0.960
1589529240,+3.33, +6.621, +0.143,+0.960
1589529300,+3.33, +6.602, +0.146,+0.960
1589529360,+3.34, +6.621, +0.144,+0.960
1589529420,+3.33, +6.621, +0.144,+0.960
1589529480,+3.34, +6.631, +0.145,+0.960
1589529540,+3.33, +6.621, +0.143,+0.960
1589529600,+3.33, +6.631, +0.144,+0.960
1589529660,+3.33, +6.631, +0.146,+0.960
1589529720,+3.33, +6.621, +0.143,+0.960
1589529780,+3.33, +6.611, +0.144,+0.960
1589529840,+3.33, +6.602, +0.143,+0.960
1589529900,+3.33, +6.641, +0.144,+0.960
1589529960,+3.34, +6.641, +0.143,+0.960
1589530020,+3.34, +6.660, +0.142,+0.960
1589530080,+3.33, +6.641, +0.142,+0.960
1589530140,+3.34, +6.641, +0.143,+0.960
1589530200,+3.34, +6.641, +0.145,+0.960
1589530260,+3.33, +6.621, +0.143,+0.960
1589530320,+3.33, +6.621, +0.145,+0.960
1589530380,+3.33, +6.631, +0.144,+0.960
1589530440,+3.33, +6.611, +0.146,+0.960
1589530500,+3.33, +6.621, +0.143,+0.960
1589530560,+3.33, +6.611, +0.143,+0.960
1589530620,+3.34, +6.631, +0.144,+0.960
1589530680,+3.33, +6.611, +0.145,+0.960
1589530740,+3.33, +6.621, +0.143,+0.960
1589530800,+3.33, +6.621, +0.144,+0.960
1589530860,+3.33, +6.641, +0.144,+0.960
1589530920,+3.33, +6.631, +0.144,+0.960
1589530980,+3.34, +6.602, +0.144,+0.960
1589531040,+3.34, +6.631, +0.144,+0.960
1589531100,+3.33, +6.611, +0.143,+0.960
1589531160,+3.33, +6.621, +0.143,+0.960
1589531220,+3.33, +6.611, +0.145,+0.960
1589531280,+3.34, +6.621, +0.144,+0.960
1589531340,+3.33, +6.621, +0.143,+0.960
1589531400,+3.33, +6.611, +0.143,+0.960
1589531460,+3.33, +6.621, +0.143,+0.960
1589531520,+3.33, +6.611, +0.144,+0.960
1589531580,+3.33, +6.641, +0.143,+0.960
1589531640,+3.34, +6.621, +0.144,+0.960
1589531700,+3.33, +6.641, +0.146,+0.960
1589531760,+3.34, +6.641, +0.143,+0.960
1589531820,+3.33, +6.631, +0.144,+0.960
1589531880,+3.34, +6.631, +0.144,+0.960
1589531940,+3.34, +6.650, +0.144,+0.960
1589532000,+3.34, +6.650, +0.142,+0.960
1589532060,+3.33, +6.631, +0.145,+0.960
1589532120,+3.34, +6.621, +0.143,+0.960
1589532180,+3.33, +6.650, +0.144,+0.960
1589532240,+3.34, +6.660, +0.144,+0.960
1589532300,+3.33, +6.631, +0.144,+0.960
1589532360,+3.33, +6.641, +0.143,+0.960
1589532420,+3.34, +6.621, +0.144,+0.960
1589532480,+3.33, +6.621, +0.144,+0.960
1589532540,+3.33, +6.641, +0.144,+0.960
1589532600,+3.33, +6.621, +0.144,+0.960
1589532660,+3.33, +6.650, +0.144,+0.960
1589532720,+3.33, +6.621, +0.143,+0.960
1589532780,+3.33, +6.641, +0.142,+0.960
1589532840,+3.34, +6.611, +0.143,+0.960
1589532900,+3.33, +6.631, +0.144,+0.960
1589532960,+3.34, +6.621, +0.143,+0.960
1589533020,+3.34, +6.641, +0.142,+0.960
1589533080,+3.34, +6.650, +0.142,+0.960
1589533140,+3.33, +6.650, +0.142,+0.960
1589533200,+3.33, +6.641, +0.143,+0.960
1589533260,+3.34, +6.631, +0.144,+0.960
1589533320,+3.33, +6.641, +0.143,+0.960
1589533380,+3.33, +6.650, +0.143,+0.960
1589533440,+3.33, +6.631, +0.143,+0.960
1589533500,+3.34, +6.631, +0.145,+0.960
1589533560,+3.33, +6.621, +0.145,+0.960
1589533620,+3.34, +6.650, +0.142,+0.960
1589533680,+3.33, +6.621, +0.145,+0.960
1589533740,+3.33, +6.621, +0.144,+0.960
1589533800,+3.34, +6.621, +0.144,+0.960
1589533860,+3.34, +6.621, +0.143,+0.960
1589533920,+3.33, +6.641, +0.144,+0.960
1589533980,+3.34, +6.611, +0.143,+0.960
1589534040,+3.34, +6.631, +0.145,+0.960
1589534100,+3.33, +6.631, +0.143,+0.960
1589534160,+3.33, +6.621, +0.144,+0.960
1589534220,+3.33, +6.641, +0.144,+0.960
1589534280,+3.33, +6.641, +0.144,+0.960
1589534340,+3.34, +6.621, +0.142,+0.960
1589534400,+3.34, +6.641, +0.143,+0.960
1589534460,+3.33, +6.660, +0.143,+0.960
1589534520,+3.34, +6.592, +0.145,+0.960
1589534580,+3.34, +6.641, +0.143,+0.960
1589534640,+3.34, +6.650, +0.141,+0.960
1589534700,+3.34, +6.650, +0.144,+0.960
1589534760,+3.33, +6.631, +0.143,+0.960
1589534820,+3.34, +6.650, +0.144,+0.960
1589534880,+3.33, +6.650, +0.145,+0.960
1589534940,+3.33, +6.631, +0.146,+0.960
1589535000,+3.34, +6.631, +0.143,+0.960
1589535060,+3.34, +6.660, +0.145,+0.960
1589535120,+3.34, +6.631, +0.144,+0.960
1589535180,+3.34, +6.660, +0.143,+0.960
1589535240,+3.34, +6.631, +0.145,+0.960
1589535300,+3.33, +6.650, +0.144,+0.960
1589535360,+3.33, +6.670, +0.142,+0.960
1589535420,+3.34, +6.660, +0.142,+0.960
1589535480,+3.33, +6.650, +0.143,+0.960
1589535540,+3.34, +6.641, +0.144,+0.960
1589535600,+3.33, +6.641, +0.144,+0.960
1589535660,+3.34, +6.660, +0.143,+0.960
1589535720,+3.33, +6.631, +0.143,+0.960
1589535780,+3.33, +6.621, +0.145,+0.960
1589535840,+3.34, +6.660, +0.144,+0.960
1589535900,+3.33, +6.660, +0.143,+0.960
1589535960,+3.34, +6.641, +0.143,+0.960
1589536020,+3.34, +6.611, +0.144,+0.960
1589536080,+3.34, +6.650, +0.143,+0.960
1589536140,+3.34, +6.631, +0.144,+0.960
1589536200,+3.33, +6.641, +0.143,+0.960
1589536260,+3.33, +6.611, +0.143,+0.960
1589536320,+3.33, +6.631, +0.143,+0.960
1589536380,+3.33, +6.621, +0.143,+0.960
1589536440,+3.34, +6.650, +0.143,+0.960
1589536500,+3.33, +6.621, +0.146,+0.960
1589536560,+3.33, +6.650, +0.143,+0.960
1589536620,+3.33, +6.611, +0.142,+0.960
1589536680,+3.33, +6.631, +0.144,+0.960
1589536740,+3.33, +6.621, +0.145,+0.960
1589536800,+3.33, +6.621, +0.144,+0.960
1589536860,+3.34, +6.650, +0.143,+0.960
1589536920,+3.33, +6.611, +0.144,+0.960
1589536980,+3.33, +6.631, +0.144,+0.960
1589537040,+3.34, +6.650, +0.143,+0.960
1589537100,+3.33, +6.611, +0.145,+0.960
1589537160,+3.33, +6.660, +0.144,+0.960
1589537220,+3.33, +6.631, +0.144,+0.960
1589537280,+3.33, +6.631, +0.144,+0.960
1589537340,+3.34, +6.631, +0.144,+0.960
1589537400,+3.33, +6.611, +0.143,+0.960
1589537460,+3.33, +6.641, +0.143,+0.960
1589537520,+3.33, +6.631, +0.146,+0.960
1589537580,+3.33, +6.650, +0.143,+0.960
1589537640,+3.33, +6.631, +0.144,+0.960
1589537700,+3.34, +6.650, +0.145,+0.960
1589537760,+3.33, +6.650, +0.144,+0.960
1589537820,+3.33, +6.699, +0.143,+0.960
1589537880,+3.33, +6.641, +0.144,+0.960
1589537940,+3.34, +6.650, +0.144,+0.960
1589538000,+3.34, +6.641, +0.143,+0.960
1589538060,+3.33, +6.621, +0.144,+0.960
1589538120,+3.33, +6.660, +0.144,+0.960
1589538180,+3.34, +6.660, +0.143,+0.960
1589538240,+3.34, +6.641, +0.143,+0.960
1589538300,+3.34, +6.621, +0.143,+0.960
1589538360,+3.33, +6.650, +0.145,+0.960
1589538420,+3.34, +6.650, +0.143,+0.960
1589538480,+3.33, +6.650, +0.143,+0.960
1589538540,+3.34, +6.641, +0.142,+0.960
1589538600,+3.34, +6.650, +0.142,+0.960
1589538660,+3.34, +6.631, +0.145,+0.960
1589538720,+3.33, +6.650, +0.143,+0.960
1589538780,+3.33, +6.641, +0.145,+0.960
1589538840,+3.33, +6.641, +0.144,+0.960
1589538900,+3.34, +6.631, +0.143,+0.960
1589538960,+3.34, +6.631, +0.143,+0.960
1589539020,+3.33, +6.641, +0.144,+0.960
1589539080,+3.34, +6.670, +0.142,+0.960
1589539140,+3.33, +6.631, +0.144,+0.960
1589539200,+3.34, +6.660, +0.144,+0.960
1589539260,+3.33, +6.641, +0.145,+0.960
1589539320,+3.33, +6.621, +0.144,+0.960
1589539380,+3.33, +6.631, +0.144,+0.960
1589539440,+3.33, +6.631, +0.145,+0.960
1589539500,+3.34, +6.641, +0.144,+0.960
1589539560,+3.34, +6.631, +0.144,+0.960
1589539620,+3.33, +6.641, +0.143,+0.960
1589539680,+3.34, +6.650, +0.145,+0.960
1589539740,+3.33, +6.631, +0.143,+0.960
1589539800,+3.33, +6.631, +0.144,+0.960
1589539860,+3.33, +6.631, +0.144,+0.960
1589539920,+3.33, +6.621, +0.145,+0.960
1589539980,+3.34, +6.631, +0.143,+0.960
1589540040,+3.33, +6.641, +0.142,+0.960
1589540100,+3.33, +6.631, +0.144,+0.960
1589540160,+3.34, +6.641, +0.143,+0.960
1589540220,+3.34, +6.641, +0.143,+0.960
1589540280,+3.34, +6.631, +0.144,+0.960
1589540340,+3.34, +6.650, +0.144,+0.960
1589540400,+3.34, +6.631, +0.143,+0.960
1589540460,+3.33, +6.660, +0.143,+0.960
1589540520,+3.33, +6.621, +0.143,+0.960
1589540580,+3.34, +6.641, +0.144,+0.960
1589540640,+3.34, +6.641, +0.143,+0.960
1589540700,+3.34, +6.641, +0.142,+0.960
1589540760,+3.34, +6.641, +0.143,+0.960
1589540820,+3.34, +6.641, +0.144,+0.960
1589540880,+3.33, +6.650, +0.143,+0.960
1589540940,+3.33, +6.631, +0.143,+0.960
1589541000,+3.33, +6.631, +0.143,+0.960
1589541060,+3.33, +6.641, +0.142,+0.960
1589541120,+3.33, +6.641, +0.142,+0.960
1589541180,+3.33, +6.650, +0.144,+0.960
1589541240,+3.33, +6.631, +0.143,+0.960
1589541300,+3.33, +6.631, +0.143,+0.960
1589541360,+3.34, +6.621, +0.145,+0.960
1589541420,+3.34, +6.660, +0.144,+0.960
1589541480,+3.33, +6.641, +0.143,+0.960
1589541540,+3.34, +6.641, +0.144,+0.960
1589541600,+3.33, +6.641, +0.144,+0.960
1589541660,+3.33, +6.650, +0.144,+0.960
1589541720,+3.33, +6.621, +0.144,+0.960
1589541780,+3.33, +6.670, +0.144,+0.960
1589541840,+3.33, +6.621, +0.144,+0.960
1589541900,+3.33, +6.641, +0.143,+0.960
1589541960,+3.33, +6.660, +0.143,+0.960
1589542020,+3.34, +6.641, +0.144,+0.960
1589542080,+3.33, +6.650, +0.143,+0.960
1589542140,+3.33, +6.670, +0.144,+0.960
1589542200,+3.34, +6.631, +0.144,+0.960
1589542260,+3.34, +6.660, +0.143,+0.960
1589542320,+3.34, +6.689, +0.142,+0.960
1589542380,+3.34, +6.670, +0.143,+0.960
1589542440,+3.33, +6.650, +0.145,+0.960
1589542500,+3.34, +6.680, +0.145,+0.960
1589542560,+3.34, +6.660, +0.145,+0.960
1589542620,+3.34, +6.670, +0.142,+0.960
1589542680,+3.33, +6.660, +0.143,+0.960
1589542740,+3.34, +6.680, +0.143,+0.960
1589542800,+3.33, +6.660, +0.144,+0.960
1589542860,+3.33, +6.641, +0.143,+0.960
1589542920,+3.33, +6.611, +0.146,+0.960
1589542980,+3.33, +6.650, +0.144,+0.960
1589543040,+3.33, +6.650, +0.144,+0.960
1589543100,+3.33, +6.621, +0.143,+0.960
1589543160,+3.33, +6.641, +0.143,+0.960
1589543220,+3.33, +6.611, +0.145,+0.960
1589543280,+3.34, +6.631, +0.145,+0.960
1589543340,+3.34, +6.602, +0.143,+0.960
1589543400,+3.33, +6.602, +0.144,+0.960
1589543460,+3.34, +6.602, +0.144,+0.960
1589543520,+3.33, +6.621, +0.144,+0.960
1589543580,+3.34, +6.611, +0.143,+0.960
1589543640,+3.34, +6.631, +0.145,+0.960
1589543700,+3.33, +6.621, +0.143,+0.960
1589543760,+3.34, +6.611, +0.145,+0.960
1589543820,+3.33, +6.631, +0.142,+0.960
1589543880,+3.33, +6.602, +0.144,+0.960
1589543940,+3.34, +6.602, +0.144,+0.960
1589544000,+3.34, +6.611, +0.144,+0.960
1589544060,+3.33, +6.611, +0.144,+0.960
1589544120,+3.34, +6.621, +0.144,+0.960
1589544180,+3.33, +6.611, +0.144,+0.960
1589544240,+3.34, +6.602, +0.145,+0.960
1589544300,+3.34, +6.611, +0.144,+0.960
1589544360,+3.34, +6.641, +0.144,+0.960
1589544420,+3.33, +6.611, +0.144,+0.960
1589544480,+3.33, +6.611, +0.144,+0.960
1589544540,+3.34, +6.602, +0.145,+0.960
1589544600,+3.33, +6.592, +0.146,+0.960
1589544660,+3.34, +6.602, +0.144,+0.960
1589544720,+3.33, +6.602, +0.143,+0.960
1589544780,+3.33, +6.592, +0.143,+0.960
1589544840,+3.33, +6.563, +0.144,+0.960
1589544900,+3.33, +6.582, +0.143,+0.960
1589544960,+3.33, +6.572, +0.145,+0.960
1589545020,+3.33, +6.582, +0.145,+0.960
1589545080,+3.33, +6.592, +0.143,+0.960
1589545140,+3.33, +6.494, +0.143,+0.960
1589545200,+3.33, +6.553, +0.144,+0.960
1589545260,+3.33, +6.533, +0.144,+0.960
1589545320,+3.33, +6.543, +0.143,+0.960
1589545380,+3.34, +6.543, +0.144,+0.960
1589545440,+3.33, +6.563, +0.146,+0.960
1589545500,+3.33, +6.592, +0.144,+0.960
1589545560,+3.33, +6.602, +0.143,+0.960
1589545620,+3.33, +6.582, +0.144,+0.960
1589545680,+3.33, +6.553, +0.145,+0.960
1589545740,+3.34, +6.611, +0.145,+0.960
1589545800,+3.33, +6.563, +0.144,+0.960
1589545860,+3.34, +6.533, +0.145,+0.960
1589545920,+3.33, +6.523, +0.145,+0.960
1589545980,+3.33, +6.533, +0.146,+0.960
1589546040,+3.33, +6.543, +0.146,+0.960
1589546100,+3.33, +6.543, +0.146,+0.960
1589546160,+3.33, +6.533, +0.147,+0.960
1589546220,+3.33, +6.553, +0.147,+0.960
1589546280,+3.33, +6.563, +0.147,+0.960
1589546340,+3.33, +6.582, +0.146,+0.960
1589546400,+3.33, +6.553, +0.148,+0.960
1589546460,+3.33, +6.543, +0.147,+0.960
1589546520,+3.33, +6.523, +0.146,+0.960
1589546580,+3.33, +6.543, +0.145,+0.960
1589546640,+3.33, +6.543, +0.145,+0.960
1589546700,+3.33, +6.523, +0.146,+0.960
1589546760,+3.33, +6.533, +0.147,+0.960
1589546820,+3.33, +6.553, +0.148,+0.960
1589546880,+3.33, +6.553, +0.149,+0.960
1589546940,+3.33, +6.582, +0.149,+0.960
1589547000,+3.33, +6.621, +0.150,+0.960
1589547060,+3.33, +6.670, +0.159,+0.961
1589547120,+3.34, +6.680, +0.161,+0.960
1589547180,+3.34, +6.689, +0.160,+0.961
1589547240,+3.33, +6.660, +0.161,+0.960
1589547300,+3.34, +6.631, +0.159,+0.960
1589547360,+3.33, +6.621, +0.155,+0.960
1589547420,+3.33, +6.621, +0.155,+0.960
1589547480,+3.33, +6.670, +0.156,+0.961
1589547540,+3.33, +6.650, +0.155,+0.960
1589547600,+3.34, +6.602, +0.155,+0.960
1589547660,+3.34, +6.592, +0.155,+0.960
1589547720,+3.34, +6.572, +0.154,+0.960
1589547780,+3.34, +6.572, +0.156,+0.960
1589547840,+3.33, +6.650, +0.160,+0.960
1589547900,+3.33, +6.670, +0.156,+0.960
1589547960,+3.34, +6.660, +0.158,+0.960
1589548020,+3.33, +6.680, +0.157,+0.960
1589548080,+3.33, +6.709, +0.164,+0.961
1589548140,+3.33, +6.709, +0.177,+0.961
1589548200,+3.34, +6.718, +0.176,+0.961
1589548260,+3.33, +6.709, +0.167,+0.960
1589548320,+3.34, +6.631, +0.162,+0.960
1589548380,+3.33, +6.650, +0.158,+0.960
1589548440,+3.33, +6.641, +0.156,+0.960
1589548500,+3.33, +6.631, +0.155,+0.960
1589548560,+3.33, +6.631, +0.152,+0.960
1589548620,+3.34, +6.650, +0.152,+0.960
1589548680,+3.34, +6.641, +0.150,+0.960
1589548740,+3.33, +6.602, +0.152,+0.960
1589548800,+3.34, +6.631, +0.148,+0.960
1589548860,+3.34, +6.592, +0.154,+0.960
1589548920,+3.34, +6.631, +0.158,+0.960
1589548980,+3.34, +6.660, +0.160,+0.960
1589549040,+3.34, +6.680, +0.166,+0.961
1589549100,+3.33, +6.709, +0.174,+0.961
1589549160,+3.33, +6.641, +0.168,+0.960
1589549220,+3.33, +6.621, +0.164,+0.960
1589549280,+3.33, +6.641, +0.173,+0.961
1589549340,+3.33, +6.602, +0.172,+0.960
1589549400,+3.33, +6.563, +0.171,+0.961
1589549460,+3.33, +6.563, +0.167,+0.960
1589549520,+3.34, +6.572, +0.168,+0.960
1589549580,+3.33, +6.563, +0.171,+0.961
1589549640,+3.33, +6.533, +0.168,+0.960
1589549700,+3.33, +6.553, +0.165,+0.960
1589549760,+3.33, +6.582, +0.165,+0.960
1589549820,+3.33, +6.572, +0.165,+0.960
1589549880,+3.33, +6.533, +0.163,+0.960
1589549940,+3.33, +6.611, +0.158,+0.960
1589550000,+3.34, +6.563, +0.160,+0.960
1589550060,+3.34, +6.621, +0.162,+0.961
1589550120,+3.33, +6.602, +0.160,+0.961
1589550180,+3.33, +6.621, +0.166,+0.961
1589550240,+3.34, +6.602, +0.167,+0.961
1589550300,+3.33, +6.641, +0.162,+0.960
1589550360,+3.33, +6.621, +0.163,+0.960
1589550420,+3.33, +6.631, +0.163,+0.960
1589550480,+3.33, +6.621, +0.162,+0.960
1589550540,+3.34, +6.611, +0.162,+0.960
1589550600,+3.33, +6.582, +0.159,+0.960
1589550660,+3.33, +6.592, +0.157,+0.960
1589550720,+3.33, +6.572, +0.153,+0.960
1589550780,+3.33, +6.563, +0.154,+0.960
1589550840,+3.33, +6.543, +0.155,+0.960
1589550900,+3.34, +6.543, +0.154,+0.960
1589550960,+3.34, +6.563, +0.154,+0.960
1589551020,+3.33, +6.631, +0.156,+0.960
1589551080,+3.34, +6.670, +0.158,+0.961
1589551140,+3.33, +6.738, +0.158,+0.960
1589551200,+3.34, +6.738, +0.159,+0.961
1589551260,+3.33, +6.787, +0.158,+0.961
1589551320,+3.34, +6.757, +0.155,+0.960
1589551380,+3.33, +6.767, +0.153,+0.961
1589551440,+3.34, +6.738, +0.150,+0.960
1589551500,+3.34, +6.699, +0.150,+0.960
1589551560,+3.34, +6.670, +0.152,+0.960
1589551620,+3.33, +6.621, +0.152,+0.960
1589551680,+3.33, +6.572, +0.150,+0.960
1589551740,+3.34, +6.553, +0.150,+0.960
1589551800,+3.33, +6.504, +0.153,+0.960
1589551860,+3.33, +6.504, +0.152,+0.960
1589551920,+3.33, +6.475, +0.153,+0.960
1589551980,+3.33, +6.445, +0.151,+0.960
1589552040,+3.33, +6.435, +0.151,+0.960
1589552100,+3.33, +6.455, +0.150,+0.960
1589552160,+3.33, +6.445, +0.149,+0.960
1589552220,+3.33, +6.465, +0.149,+0.960
1589552280,+3.33, +6.475, +0.148,+0.960
1589552340,+3.33, +6.484, +0.149,+0.960
1589552400,+3.33, +6.543, +0.149,+0.960
1589552460,+3.33, +6.553, +0.151,+0.960
1589552520,+3.33, +6.572, +0.150,+0.960
1589552580,+3.34, +6.641, +0.148,+0.960
1589552640,+3.34, +6.641, +0.148,+0.960
1589552700,+3.33, +6.680, +0.150,+0.960
1589552760,+3.33, +6.777, +0.149,+0.961
1589552820,+3.33, +6.806, +0.148,+0.960
1589552880,+3.34, +6.874, +0.149,+0.961
1589552940,+3.34, +6.922, +0.151,+0.961
1589553000,+3.34, +6.932, +0.154,+0.961
1589553060,+3.34, +6.913, +0.153,+0.960
1589553120,+3.34, +6.874, +0.150,+0.960
1589553180,+3.34, +6.864, +0.150,+0.960
1589553240,+3.34, +6.806, +0.148,+0.960
1589553300,+3.34, +6.757, +0.148,+0.960
1589553360,+3.34, +6.748, +0.147,+0.960
1589553420,+3.34, +6.709, +0.146,+0.960
1589553480,+3.34, +6.738, +0.145,+0.960
1589553540,+3.34, +6.738, +0.145,+0.960
1589553600,+3.34, +6.738, +0.145,+0.960
1589553660,+3.34, +6.787, +0.142,+0.960
1589553720,+3.34, +6.796, +0.145,+0.960
1589553780,+3.34, +6.874, +0.145,+0.960
1589553840,+3.34, +6.884, +0.145,+0.960
1589553900,+3.34, +6.932, +0.143,+0.960
1589553960,+3.34, +6.893, +0.143,+0.960
1589554020,+3.34, +6.845, +0.145,+0.960
1589554080,+3.34, +6.825, +0.145,+0.960
1589554140,+3.34, +6.787, +0.143,+0.960
1589554200,+3.34, +6.718, +0.143,+0.960
1589554260,+3.33, +6.621, +0.144,+0.959
1589554320,+3.33, +6.553, +0.145,+0.960
1589554380,+3.33, +6.494, +0.145,+0.959
1589554440,+3.33, +6.455, +0.144,+0.959
1589554500,+3.34, +6.445, +0.145,+0.959
1589554560,+3.33, +6.435, +0.146,+0.960
1589554620,+3.34, +6.426, +0.145,+0.960
1589554680,+3.33, +6.367, +0.146,+0.959
1589554740,+3.33, +6.406, +0.145,+0.960
1589554800,+3.33, +6.387, +0.145,+0.960
1589554860,+3.33, +6.426, +0.146,+0.960
1589554920,+3.33, +6.475, +0.148,+0.960
1589554980,+3.34, +6.543, +0.150,+0.960
1589555040,+3.33, +6.553, +0.150,+0.960
1589555100,+3.34, +6.602, +0.151,+0.960
1589555160,+3.34, +6.641, +0.151,+0.960
1589555220,+3.34, +6.670, +0.151,+0.961
1589555280,+3.34, +6.650, +0.150,+0.960
1589555340,+3.34, +6.689, +0.151,+0.961
1589555400,+3.34, +6.709, +0.148,+0.960
1589555460,+3.34, +6.689, +0.147,+0.960
1589555520,+3.34, +6.718, +0.147,+0.960
1589555580,+3.34, +6.728, +0.145,+0.960
1589555640,+3.34, +6.689, +0.146,+0.960
1589555700,+3.34, +6.709, +0.146,+0.960
1589555760,+3.34, +6.670, +0.144,+0.960
1589555820,+3.34, +6.680, +0.146,+0.960
1589555880,+3.34, +6.680, +0.144,+0.960
1589555940,+3.33, +6.650, +0.145,+0.960
1589556000,+3.34, +6.650, +0.166,+0.961
1589556060,+3.34, +6.680, +0.186,+0.961
1589556120,+3.34, +6.709, +0.197,+0.961
1589556180,+3.34, +6.738, +0.192,+0.961
1589556240,+3.34, +6.738, +0.189,+0.961
1589556300,+3.34, +6.718, +0.184,+0.961
1589556360,+3.34, +6.689, +0.176,+0.961
1589556420,+3.34, +6.621, +0.168,+0.960
1589556480,+3.34, +6.631, +0.163,+0.960
1589556540,+3.34, +6.582, +0.161,+0.960
1589556600,+3.34, +6.582, +0.160,+0.960
1589556660,+3.33, +6.543, +0.159,+0.960
1589556720,+3.34, +6.514, +0.158,+0.960
1589556780,+3.34, +6.475, +0.156,+0.960
1589556840,+3.33, +6.465, +0.154,+0.960
1589556900,+3.34, +6.435, +0.153,+0.960
1589556960,+3.34, +6.387, +0.152,+0.960
1589557020,+3.33, +6.367, +0.153,+0.960
1589557080,+3.34, +6.406, +0.150,+0.960
1589557140,+3.34, +6.406, +0.148,+0.960
1589557200,+3.34, +6.416, +0.148,+0.960
1589557260,+3.34, +6.455, +0.147,+0.960
1589557320,+3.34, +6.426, +0.148,+0.960
1589557380,+3.33, +6.445, +0.148,+0.960
1589557440,+3.33, +6.494, +0.148,+0.960
1589557500,+3.34, +6.484, +0.147,+0.960
1589557560,+3.33, +6.514, +0.146,+0.960
1589557620,+3.33, +6.543, +0.146,+0.960
1589557680,+3.34, +6.572, +0.146,+0.960
1589557740,+3.34, +6.611, +0.146,+0.960
1589557800,+3.33, +6.641, +0.145,+0.960
1589557860,+3.34, +6.650, +0.146,+0.960
1589557920,+3.34, +6.680, +0.145,+0.960
1589557980,+3.34, +6.641, +0.146,+0.960
1589558040,+3.34, +6.621, +0.144,+0.960
1589558100,+3.34, +6.611, +0.145,+0.960
1589558160,+3.34, +6.572, +0.144,+0.960
1589558220,+3.33, +6.563, +0.146,+0.960
1589558280,+3.33, +6.563, +0.144,+0.960
1589558340,+3.34, +6.553, +0.144,+0.960
1589558400,+3.33, +6.543, +0.144,+0.960
1589558460,+3.34, +6.563, +0.146,+0.960
1589558520,+3.34, +6.602, +0.144,+0.960
1589558580,+3.34, +6.631, +0.145,+0.960
1589558640,+3.33, +6.641, +0.146,+0.960
1589558700,+3.34, +6.650, +0.148,+0.960
1589558760,+3.33, +6.641, +0.148,+0.960
1589558820,+3.33, +6.621, +0.151,+0.960
1589558880,+3.34, +6.582, +0.150,+0.960
1589558940,+3.34, +6.484, +0.150,+0.960
1589559000,+3.33, +6.465, +0.150,+0.960
1589559060,+3.34, +6.475, +0.151,+0.960
1589559120,+3.33, +6.475, +0.149,+0.959
1589559180,+3.34, +6.504, +0.151,+0.960
1589559240,+3.33, +6.553, +0.152,+0.960
1589559300,+3.34, +6.543, +0.153,+0.960
1589559360,+3.33, +6.504, +0.150,+0.960
1589559420,+3.34, +6.475, +0.147,+0.960
1589559480,+3.33, +6.387, +0.147,+0.960
1589559540,+3.33, +6.377, +0.147,+0.960
1589559600,+3.34, +6.445, +0.148,+0.960
1589559660,+3.33, +6.514, +0.146,+0.960
1589559720,+3.34, +6.543, +0.147,+0.960
1589559780,+3.34, +6.572, +0.146,+0.960
1589559840,+3.34, +6.484, +0.145,+0.960
1589559900,+3.34, +6.533, +0.146,+0.960
1589559960,+3.33, +6.543, +0.144,+0.960
1589560020,+3.33, +6.514, +0.146,+0.960
1589560080,+3.34, +6.563, +0.145,+0.960
1589560140,+3.34, +6.563, +0.143,+0.960
1589560200,+3.34, +6.553, +0.145,+0.960
1589560260,+3.34, +6.611, +0.146,+0.960
1589560320,+3.34, +6.611, +0.143,+0.960
1589560380,+3.33, +6.563, +0.145,+0.960
1589560440,+3.33, +6.611, +0.144,+0.960
1589560500,+3.33, +6.582, +0.146,+0.960
1589560560,+3.34, +6.592, +0.145,+0.960
1589560620,+3.34, +6.553, +0.148,+0.960
1589560680,+3.34, +6.543, +0.149,+0.960
1589560740,+3.34, +6.553, +0.148,+0.960
1589560800,+3.34, +6.563, +0.148,+0.960
1589560860,+3.34, +6.563, +0.147,+0.960
1589560920,+3.33, +6.533, +0.147,+0.960
1589560980,+3.33, +6.553, +0.151,+0.960
1589561040,+3.33, +6.582, +0.153,+0.960
1589561100,+3.34, +6.553, +0.154,+0.960
1589561160,+3.34, +6.553, +0.152,+0.960
1589561220,+3.33, +6.592, +0.164,+0.961
1589561280,+3.33, +6.621, +0.166,+0.961
1589561340,+3.34, +6.650, +0.166,+0.961
1589561400,+3.33, +6.611, +0.164,+0.960
1589561460,+3.34, +6.631, +0.163,+0.961
1589561520,+3.34, +6.621, +0.168,+0.961
1589561580,+3.33, +6.592, +0.168,+0.960
1589561640,+3.33, +6.611, +0.168,+0.961
1589561700,+3.34, +6.621, +0.167,+0.961
1589561760,+3.34, +6.631, +0.182,+0.961
1589561820,+3.34, +6.611, +0.178,+0.961
1589561880,+3.33, +6.572, +0.170,+0.960
1589561940,+3.33, +6.572, +0.174,+0.961
1589562000,+3.33, +6.582, +0.174,+0.961
1589562060,+3.33, +6.582, +0.172,+0.960
1589562120,+3.33, +6.592, +0.172,+0.961
1589562180,+3.33, +6.563, +0.178,+0.961
1589562240,+3.34, +6.602, +0.180,+0.961
1589562300,+3.33, +6.582, +0.178,+0.961
1589562360,+3.33, +6.553, +0.169,+0.961
1589562420,+3.33, +6.484, +0.164,+0.960
1589562480,+3.34, +6.523, +0.164,+0.961
1589562540,+3.33, +6.533, +0.165,+0.960
1589562600,+3.33, +6.563, +0.166,+0.960
1589562660,+3.33, +6.563, +0.168,+0.961
1589562720,+3.33, +6.592, +0.168,+0.961
1589562780,+3.33, +6.611, +0.176,+0.961
1589562840,+3.33, +6.602, +0.184,+0.961
1589562900,+3.33, +6.602, +0.181,+0.961
1589562960,+3.33, +6.641, +0.181,+0.961
1589563020,+3.33, +6.621, +0.179,+0.961
1589563080,+3.33, +6.621, +0.178,+0.961
1589563140,+3.33, +6.641, +0.177,+0.961
1589563200,+3.33, +6.602, +0.173,+0.961
1589563260,+3.34, +6.582, +0.169,+0.960
1589563320,+3.33, +6.553, +0.166,+0.960
1589563380,+3.33, +6.572, +0.161,+0.960
1589563440,+3.33, +6.582, +0.158,+0.961
1589563500,+3.33, +6.543, +0.155,+0.960
1589563560,+3.33, +6.563, +0.156,+0.960
1589563620,+3.33, +6.611, +0.163,+0.961
1589563680,+3.33, +6.621, +0.165,+0.960
1589563740,+3.34, +6.611, +0.167,+0.961
1589563800,+3.34, +6.631, +0.168,+0.961
1589563860,+3.34, +6.670, +0.171,+0.961
1589563920,+3.34, +6.611, +0.169,+0.961
1589563980,+3.34, +6.621, +0.171,+0.960
1589564040,+3.34, +6.660, +0.173,+0.961
1589564100,+3.34, +6.611, +0.170,+0.960
1589564160,+3.34, +6.670, +0.170,+0.961
1589564220,+3.33, +6.592, +0.167,+0.960
1589564280,+3.33, +6.602, +0.165,+0.960
1589564340,+3.33, +6.563, +0.163,+0.960
1589564400,+3.33, +6.592, +0.167,+0.961
1589564460,+3.34, +6.611, +0.167,+0.961
1589564520,+3.33, +6.631, +0.164,+0.961
1589564580,+3.34, +6.670, +0.169,+0.961
1589564640,+3.34, +6.738, +0.178,+0.961
1589564700,+3.34, +6.718, +0.178,+0.961
1589564760,+3.34, +6.718, +0.172,+0.961
1589564820,+3.34, +6.728, +0.170,+0.961
1589564880,+3.34, +6.835, +0.190,+0.961
1589564940,+3.33, +6.864, +0.206,+0.962
1589565000,+3.34, +6.951, +0.204,+0.962
1589565060,+3.34, +6.874, +0.200,+0.961
1589565120,+3.33, +6.971, +0.194,+0.961
1589565180,+3.34, +6.980, +0.184,+0.961
1589565240,+3.34, +7.029, +0.177,+0.961
1589565300,+3.34, +7.048, +0.170,+0.961
1589565360,+3.34, +7.038, +0.165,+0.961
1589565420,+3.34, +7.000, +0.160,+0.960
1589565480,+3.34, +6.942, +0.156,+0.960
1589565540,+3.34, +6.932, +0.154,+0.960
1589565600,+3.34, +6.893, +0.152,+0.960
1589565660,+3.34, +6.845, +0.151,+0.960
1589565720,+3.34, +6.854, +0.150,+0.960
1589565780,+3.34, +6.845, +0.147,+0.960
1589565840,+3.34, +6.777, +0.149,+0.960
1589565900,+3.34, +6.748, +0.149,+0.960
1589565960,+3.34, +6.709, +0.151,+0.960
1589566020,+3.34, +6.670, +0.151,+0.960
1589566080,+3.34, +6.680, +0.151,+0.960
1589566140,+3.34, +6.670, +0.150,+0.960
1589566200,+3.34, +6.572, +0.149,+0.960
1589566260,+3.34, +6.523, +0.149,+0.960
1589566320,+3.34, +6.514, +0.148,+0.960
1589566380,+3.34, +6.465, +0.148,+0.960
1589566440,+3.34, +6.484, +0.150,+0.960
1589566500,+3.33, +6.543, +0.152,+0.960
1589566560,+3.34, +6.631, +0.155,+0.960
1589566620,+3.34, +6.689, +0.159,+0.960
1589566680,+3.34, +6.748, +0.159,+0.961
1589566740,+3.34, +6.738, +0.160,+0.961
1589566800,+3.34, +6.699, +0.159,+0.960
1589566860,+3.34, +6.689, +0.158,+0.960
1589566920,+3.33, +6.699, +0.159,+0.960
1589566980,+3.34, +6.670, +0.158,+0.960
1589567040,+3.34, +6.602, +0.157,+0.960
1589567100,+3.34, +6.504, +0.155,+0.960
1589567160,+3.34, +6.465, +0.153,+0.960
1589567220,+3.34, +6.484, +0.155,+0.960
1589567280,+3.34, +6.465, +0.156,+0.960
1589567340,+3.34, +6.563, +0.161,+0.960
1589567400,+3.34, +6.699, +0.159,+0.961
1589567460,+3.34, +6.699, +0.155,+0.960
1589567520,+3.34, +6.748, +0.164,+0.961
1589567580,+3.34, +6.748, +0.173,+0.961
1589567640,+3.34, +6.767, +0.173,+0.961
1589567700,+3.34, +6.796, +0.173,+0.961
1589567760,+3.34, +6.796, +0.171,+0.961
1589567820,+3.34, +6.787, +0.167,+0.960
1589567880,+3.34, +6.787, +0.167,+0.961
1589567940,+3.34, +6.787, +0.163,+0.960
1589568000,+3.34, +6.864, +0.160,+0.961
1589568060,+3.33, +6.893, +0.160,+0.961
1589568120,+3.34, +6.951, +0.161,+0.961
1589568180,+3.34, +6.942, +0.160,+0.961
1589568240,+3.34, +6.951, +0.159,+0.961
1589568300,+3.34, +6.971, +0.156,+0.961
1589568360,+3.33, +6.971, +0.153,+0.960
1589568420,+3.34, +6.874, +0.150,+0.960
1589568480,+3.34, +6.825, +0.149,+0.960
1589568540,+3.34, +6.748, +0.148,+0.960
1589568600,+3.34, +6.689, +0.146,+0.959
1589568660,+3.34, +6.660, +0.146,+0.960
1589568720,+3.34, +6.602, +0.149,+0.960
1589568780,+3.33, +6.553, +0.151,+0.960
1589568840,+3.34, +6.445, +0.155,+0.960
1589568900,+3.33, +6.484, +0.189,+0.961
1589568960,+3.34, +6.504, +0.188,+0.960
1589569020,+3.33, +6.523, +0.198,+0.961
1589569080,+3.33, +6.465, +0.200,+0.961
1589569140,+3.34, +6.396, +0.191,+0.960
1589569200,+3.34, +6.357, +0.181,+0.960
1589569260,+3.33, +6.328, +0.173,+0.960
1589569320,+3.33, +6.269, +0.165,+0.960
1589569380,+3.34, +6.259, +0.163,+0.960
1589569440,+3.33, +6.269, +0.163,+0.960
1589569500,+3.34, +6.229, +0.161,+0.960
1589569560,+3.34, +6.367, +0.163,+0.961
1589569620,+3.34, +6.465, +0.166,+0.961
1589569680,+3.33, +6.592, +0.169,+0.961
1589569740,+3.34, +6.611, +0.168,+0.961
1589569800,+3.34, +6.718, +0.164,+0.961
1589569860,+3.34, +6.680, +0.163,+0.961
1589569920,+3.34, +6.699, +0.163,+0.961
1589569980,+3.34, +6.718, +0.166,+0.961
1589570040,+3.34, +6.757, +0.166,+0.961
1589570100,+3.34, +6.748, +0.163,+0.961
1589570160,+3.34, +6.777, +0.157,+0.961
1589570220,+3.34, +6.748, +0.157,+0.960
1589570280,+3.34, +6.777, +0.157,+0.960
1589570340,+3.34, +6.767, +0.156,+0.961
1589570400,+3.34, +6.718, +0.154,+0.960
1589570460,+3.34, +6.709, +0.152,+0.960
1589570520,+3.34, +6.631, +0.155,+0.960
1589570580,+3.34, +6.650, +0.155,+0.960
1589570640,+3.34, +6.641, +0.154,+0.960
1589570700,+3.33, +6.670, +0.153,+0.960
1589570760,+3.34, +6.631, +0.151,+0.960
1589570820,+3.34, +6.641, +0.151,+0.960
1589570880,+3.33, +6.572, +0.152,+0.960
1589570940,+3.33, +6.533, +0.151,+0.960
1589571000,+3.34, +6.494, +0.151,+0.960
1589571060,+3.34, +6.484, +0.152,+0.960
1589571120,+3.33, +6.465, +0.153,+0.960
1589571180,+3.34, +6.504, +0.153,+0.960
1589571240,+3.33, +6.523, +0.153,+0.960
1589571300,+3.34, +6.504, +0.155,+0.960
1589571360,+3.34, +6.572, +0.156,+0.960
1589571420,+3.34, +6.563, +0.155,+0.960
1589571480,+3.34, +6.611, +0.154,+0.960
1589571540,+3.33, +6.611, +0.152,+0.960
1589571600,+3.34, +6.582, +0.151,+0.960
1589571660,+3.34, +6.621, +0.149,+0.960
1589571720,+3.34, +6.650, +0.152,+0.960
1589571780,+3.34, +6.748, +0.151,+0.960
1589571840,+3.34, +6.787, +0.150,+0.960
1589571900,+3.34, +6.806, +0.150,+0.960
1589571960,+3.34, +6.835, +0.151,+0.961
1589572020,+3.34, +6.903, +0.149,+0.961
1589572080,+3.34, +6.893, +0.148,+0.960
1589572140,+3.34, +6.951, +0.148,+0.961
1589572200,+3.34, +6.874, +0.146,+0.960
1589572260,+3.34, +6.806, +0.146,+0.960
1589572320,+3.34, +6.689, +0.147,+0.960
1589572380,+3.34, +6.631, +0.145,+0.960
1589572440,+3.33, +6.523, +0.145,+0.959
1589572500,+3.34, +6.465, +0.146,+0.959
1589572560,+3.34, +6.426, +0.145,+0.959
1589572620,+3.34, +6.357, +0.147,+0.959
1589572680,+3.34, +6.367, +0.146,+0.960
1589572740,+3.34, +6.396, +0.147,+0.960
1589572800,+3.34, +6.387, +0.147,+0.960
1589572860,+3.34, +6.396, +0.148,+0.960
1589572920,+3.34, +6.514, +0.148,+0.960
1589572980,+3.33, +6.514, +0.148,+0.960
1589573040,+3.33, +6.523, +0.149,+0.960
1589573100,+3.34, +6.475, +0.149,+0.960
1589573160,+3.34, +6.523, +0.148,+0.960
1589573220,+3.34, +6.582, +0.146,+0.960
1589573280,+3.34, +6.592, +0.147,+0.960
1589573340,+3.34, +6.592, +0.148,+0.960
1589573400,+3.34, +6.582, +0.147,+0.960
1589573460,+3.34, +6.582, +0.146,+0.960
1589573520,+3.34, +6.563, +0.147,+0.960
1589573580,+3.34, +6.553, +0.147,+0.960
1589573640,+3.33, +6.533, +0.146,+0.960
1589573700,+3.34, +6.582, +0.147,+0.960
1589573760,+3.34, +6.602, +0.150,+0.960
1589573820,+3.34, +6.621, +0.150,+0.960
1589573880,+3.34, +6.718, +0.152,+0.960
1589573940,+3.34, +6.738, +0.153,+0.961
1589574000,+3.34, +6.767, +0.156,+0.961
1589574060,+3.34, +6.816, +0.154,+0.961
1589574120,+3.34, +6.816, +0.153,+0.960
1589574180,+3.34, +6.864, +0.153,+0.961
1589574240,+3.34, +6.884, +0.153,+0.961
1589574300,+3.34, +6.864, +0.151,+0.960
1589574360,+3.34, +6.874, +0.150,+0.960
1589574420,+3.34, +6.864, +0.151,+0.960
1589574480,+3.33, +6.903, +0.151,+0.960
1589574540,+3.34, +6.835, +0.152,+0.960
1589574600,+3.34, +6.825, +0.151,+0.960
1589574660,+3.34, +6.825, +0.151,+0.960
1589574720,+3.34, +6.787, +0.150,+0.960
1589574780,+3.34, +6.777, +0.149,+0.960
1589574840,+3.34, +6.796, +0.149,+0.960
1589574900,+3.34, +6.796, +0.149,+0.960
1589574960,+3.34, +6.835, +0.149,+0.960
1589575020,+3.34, +6.845, +0.148,+0.960
1589575080,+3.34, +6.845, +0.149,+0.960
1589575140,+3.34, +6.864, +0.146,+0.960
1589575200,+3.34, +6.874, +0.146,+0.960
1589575260,+3.34, +6.864, +0.148,+0.960
1589575320,+3.34, +6.874, +0.145,+0.960
1589575380,+3.34, +6.835, +0.146,+0.960
1589575440,+3.34, +6.825, +0.147,+0.960
1589575500,+3.34, +6.738, +0.144,+0.960
1589575560,+3.34, +6.670, +0.145,+0.960
1589575620,+3.34, +6.592, +0.146,+0.960
1589575680,+3.34, +6.543, +0.145,+0.959
1589575740,+3.33, +6.504, +0.147,+0.960
1589575800,+3.34, +6.455, +0.149,+0.960
