7392-570653
OS REV: 1.11 Sensor Cal: 1428445788
Time (sec),  BV (Volts),  T (deg C),  DO (mg/l),  Q ()
1584478260,+3.32, +2.133, +0.170,+0.960
1584478320,+3.32, +2.154, +0.168,+0.960
1584478380,+3.32, +2.154, +0.168,+0.960
1584478440,+3.32, +2.133, +0.170,+0.960
1584478500,+3.32, +2.165, +0.168,+0.960
1584478560,+3.32, +2.143, +0.171,+0.960
1584478620,+3.32, +2.154, +0.169,+0.960
1584478680,+3.32, +2.143, +0.170,+0.960
1584478740,+3.32, +2.143, +0.171,+0.960
1584478800,+3.32, +2.133, +0.170,+0.960
1584478860,+3.32, +2.176, +0.170,+0.960
1584478920,+3.32, +2.143, +0.168,+0.960
1584478980,+3.32, +2.165, +0.168,+0.960
1584479040,+3.32, +2.154, +0.170,+0.960
1584479100,+3.32, +2.143, +0.170,+0.960
1584479160,+3.32, +2.165, +0.170,+0.960
1584479220,+3.32, +2.165, +0.168,+0.960
1584479280,+3.32, +2.154, +0.171,+0.960
1584479340,+3.32, +2.143, +0.170,+0.960
1584479400,+3.32, +2.133, +0.171,+0.960
1584479460,+3.32, +2.143, +0.169,+0.960
1584479520,+3.32, +2.165, +0.172,+0.960
1584479580,+3.32, +2.143, +0.171,+0.960
1584479640,+3.32, +2.154, +0.169,+0.960
1584479700,+3.32, +2.143, +0.171,+0.960
1584479760,+3.32, +2.143, +0.168,+0.960
1584479820,+3.32, +2.133, +0.170,+0.960
1584479880,+3.32, +2.143, +0.169,+0.960
1584479940,+3.32, +2.133, +0.170,+0.960
1584480000,+3.32, +2.165, +0.170,+0.960
1584480060,+3.32, +2.154, +0.170,+0.960
1584480120,+3.32, +2.143, +0.172,+0.960
1584480180,+3.32, +2.143, +0.170,+0.960
1584480240,+3.32, +2.154, +0.169,+0.960
1584480300,+3.32, +2.165, +0.171,+0.960
1584480360,+3.32, +2.154, +0.169,+0.960
1584480420,+3.32, +2.133, +0.170,+0.960
1584480480,+3.32, +2.154, +0.169,+0.960
1584480540,+3.32, +2.154, +0.171,+0.960
1584480600,+3.32, +2.154, +0.169,+0.960
1584480660,+3.32, +2.176, +0.169,+0.960
1584480720,+3.32, +2.165, +0.169,+0.960
1584480780,+3.32, +2.143, +0.169,+0.960
1584480840,+3.32, +2.165, +0.170,+0.960
1584480900,+3.32, +2.122, +0.171,+0.960
1584480960,+3.32, +2.154, +0.171,+0.960
1584481020,+3.32, +2.122, +0.169,+0.960
1584481080,+3.32, +2.133, +0.170,+0.960
1584481140,+3.32, +2.165, +0.170,+0.960
1584481200,+3.32, +2.154, +0.171,+0.960
1584481260,+3.32, +2.133, +0.170,+0.960
1584481320,+3.32, +2.133, +0.171,+0.960
1584481380,+3.32, +2.133, +0.168,+0.960
1584481440,+3.32, +2.154, +0.171,+0.960
1584481500,+3.32, +2.143, +0.171,+0.960
1584481560,+3.32, +2.209, +0.168,+0.960
1584481620,+3.32, +2.143, +0.169,+0.960
1584481680,+3.32, +2.143, +0.169,+0.960
1584481740,+3.32, +2.133, +0.169,+0.960
1584481800,+3.32, +2.133, +0.171,+0.960
1584481860,+3.32, +2.143, +0.169,+0.960
1584481920,+3.32, +2.165, +0.168,+0.960
1584481980,+3.32, +2.165, +0.169,+0.960
1584482040,+3.32, +2.143, +0.168,+0.960
1584482100,+3.32, +2.154, +0.171,+0.960
1584482160,+3.32, +2.165, +0.168,+0.960
1584482220,+3.32, +2.122, +0.171,+0.960
1584482280,+3.32, +2.154, +0.170,+0.960
1584482340,+3.32, +2.133, +0.170,+0.960
1584482400,+3.32, +2.154, +0.169,+0.960
1584482460,+3.32, +2.143, +0.169,+0.960
1584482520,+3.32, +2.143, +0.170,+0.960
1584482580,+3.32, +2.143, +0.169,+0.960
1584482640,+3.32, +2.122, +0.170,+0.960
1584482700,+3.32, +2.143, +0.170,+0.960
1584482760,+3.32, +2.133, +0.170,+0.960
1584482820,+3.32, +2.143, +0.170,+0.960
1584482880,+3.32, +2.133, +0.170,+0.960
1584482940,+3.32, +2.143, +0.169,+0.960
1584483000,+3.32, +2.143, +0.170,+0.960
1584483060,+3.32, +2.133, +0.170,+0.960
1584483120,+3.32, +2.154, +0.170,+0.960
1584483180,+3.32, +2.143, +0.171,+0.960
1584483240,+3.32, +2.133, +0.170,+0.960
1584483300,+3.32, +2.143, +0.170,+0.960
1584483360,+3.32, +2.133, +0.170,+0.960
1584483420,+3.32, +2.133, +0.170,+0.960
1584483480,+3.32, +2.143, +0.170,+0.960
1584483540,+3.32, +2.143, +0.168,+0.960
1584483600,+3.32, +2.133, +0.171,+0.960
1584483660,+3.32, +2.089, +0.170,+0.960
1584483720,+3.32, +2.133, +0.171,+0.960
1584483780,+3.32, +2.143, +0.170,+0.960
1584483840,+3.32, +2.133, +0.171,+0.960
1584483900,+3.32, +2.122, +0.169,+0.960
1584483960,+3.32, +2.122, +0.170,+0.960
1584484020,+3.32, +2.165, +0.170,+0.960
1584484080,+3.32, +2.154, +0.170,+0.960
1584484140,+3.32, +2.176, +0.168,+0.960
1584484200,+3.32, +2.143, +0.170,+0.960
1584484260,+3.32, +2.122, +0.169,+0.960
1584484320,+3.32, +2.111, +0.170,+0.960
1584484380,+3.32, +2.143, +0.169,+0.960
1584484440,+3.32, +2.176, +0.170,+0.960
1584484500,+3.32, +2.143, +0.170,+0.960
1584484560,+3.32, +2.154, +0.170,+0.960
1584484620,+3.32, +2.143, +0.170,+0.960
1584484680,+3.32, +2.154, +0.171,+0.960
1584484740,+3.32, +2.143, +0.168,+0.960
1584484800,+3.32, +2.154, +0.169,+0.960
1584484860,+3.32, +2.187, +0.169,+0.960
1584484920,+3.32, +2.154, +0.170,+0.960
1584484980,+3.32, +2.165, +0.168,+0.960
1584485040,+3.32, +2.133, +0.170,+0.960
1584485100,+3.32, +2.111, +0.170,+0.960
1584485160,+3.32, +2.165, +0.169,+0.960
1584485220,+3.32, +2.133, +0.168,+0.960
1584485280,+3.32, +2.143, +0.170,+0.960
1584485340,+3.32, +2.143, +0.170,+0.960
1584485400,+3.32, +2.133, +0.170,+0.960
1584485460,+3.32, +2.143, +0.170,+0.960
1584485520,+3.32, +2.154, +0.169,+0.960
1584485580,+3.32, +2.176, +0.169,+0.960
1584485640,+3.32, +2.133, +0.170,+0.960
1584485700,+3.32, +2.165, +0.170,+0.960
1584485760,+3.32, +2.154, +0.168,+0.960
1584485820,+3.32, +2.154, +0.171,+0.960
1584485880,+3.32, +2.089, +0.171,+0.960
1584485940,+3.32, +2.133, +0.170,+0.960
1584486000,+3.32, +2.143, +0.170,+0.960
1584486060,+3.32, +2.143, +0.170,+0.960
1584486120,+3.32, +2.143, +0.171,+0.960
1584486180,+3.32, +2.154, +0.170,+0.960
1584486240,+3.32, +2.122, +0.170,+0.960
1584486300,+3.32, +2.143, +0.170,+0.960
1584486360,+3.32, +2.143, +0.170,+0.960
1584486420,+3.32, +2.143, +0.171,+0.960
1584486480,+3.32, +2.165, +0.171,+0.960
1584486540,+3.32, +2.143, +0.170,+0.960
1584486600,+3.32, +2.198, +0.168,+0.960
1584486660,+3.32, +2.133, +0.170,+0.960
1584486720,+3.32, +2.165, +0.171,+0.960
1584486780,+3.32, +2.154, +0.170,+0.960
1584486840,+3.32, +2.143, +0.170,+0.960
1584486900,+3.32, +2.154, +0.170,+0.960
1584486960,+3.32, +2.154, +0.170,+0.960
1584487020,+3.32, +2.165, +0.170,+0.960
1584487080,+3.32, +2.165, +0.170,+0.960
1584487140,+3.32, +2.100, +0.172,+0.960
1584487200,+3.32, +2.143, +0.170,+0.960
1584487260,+3.32, +2.154, +0.171,+0.960
1584487320,+3.32, +2.154, +0.171,+0.960
1584487380,+3.32, +2.143, +0.171,+0.960
1584487440,+3.32, +2.122, +0.170,+0.960
1584487500,+3.32, +2.133, +0.170,+0.960
1584487560,+3.32, +2.133, +0.172,+0.960
1584487620,+3.32, +2.122, +0.170,+0.960
1584487680,+3.32, +2.154, +0.169,+0.960
1584487740,+3.32, +2.133, +0.172,+0.960
1584487800,+3.32, +2.154, +0.169,+0.960
1584487860,+3.32, +2.133, +0.170,+0.960
1584487920,+3.32, +2.154, +0.169,+0.960
1584487980,+3.32, +2.143, +0.169,+0.960
1584488040,+3.32, +2.133, +0.171,+0.960
1584488100,+3.32, +2.133, +0.168,+0.960
1584488160,+3.32, +2.143, +0.170,+0.960
1584488220,+3.32, +2.133, +0.170,+0.960
1584488280,+3.32, +2.143, +0.169,+0.960
1584488340,+3.32, +2.154, +0.169,+0.960
1584488400,+3.32, +2.209, +0.169,+0.960
1584488460,+3.32, +2.133, +0.171,+0.960
1584488520,+3.32, +2.143, +0.171,+0.960
1584488580,+3.32, +2.133, +0.169,+0.960
1584488640,+3.32, +2.154, +0.171,+0.960
1584488700,+3.32, +2.133, +0.171,+0.960
1584488760,+3.32, +2.154, +0.169,+0.960
1584488820,+3.32, +2.154, +0.171,+0.960
1584488880,+3.32, +2.154, +0.169,+0.960
1584488940,+3.32, +2.143, +0.169,+0.960
1584489000,+3.32, +2.143, +0.168,+0.960
1584489060,+3.32, +2.111, +0.170,+0.960
1584489120,+3.32, +2.143, +0.169,+0.960
1584489180,+3.32, +2.154, +0.168,+0.960
1584489240,+3.32, +2.143, +0.170,+0.960
1584489300,+3.32, +2.154, +0.170,+0.960
1584489360,+3.32, +2.143, +0.169,+0.960
1584489420,+3.32, +2.111, +0.170,+0.960
1584489480,+3.32, +2.133, +0.169,+0.960
1584489540,+3.32, +2.176, +0.170,+0.960
1584489600,+3.32, +2.143, +0.171,+0.960
1584489660,+3.32, +2.165, +0.169,+0.960
1584489720,+3.32, +2.122, +0.169,+0.960
1584489780,+3.32, +2.143, +0.169,+0.960
1584489840,+3.32, +2.122, +0.170,+0.960
1584489900,+3.32, +2.143, +0.168,+0.960
1584489960,+3.32, +2.143, +0.171,+0.960
1584490020,+3.32, +2.165, +0.171,+0.960
1584490080,+3.32, +2.165, +0.168,+0.960
1584490140,+3.32, +2.154, +0.170,+0.960
1584490200,+3.32, +2.133, +0.169,+0.960
1584490260,+3.32, +2.165, +0.171,+0.960
1584490320,+3.32, +2.133, +0.169,+0.960
1584490380,+3.32, +2.165, +0.169,+0.960
1584490440,+3.32, +2.165, +0.168,+0.960
1584490500,+3.32, +2.176, +0.169,+0.960
1584490560,+3.32, +2.176, +0.169,+0.960
1584490620,+3.32, +2.198, +0.168,+0.960
1584490680,+3.32, +2.165, +0.169,+0.960
1584490740,+3.32, +2.133, +0.168,+0.960
1584490800,+3.32, +2.133, +0.170,+0.960
1584490860,+3.32, +2.154, +0.171,+0.960
1584490920,+3.32, +2.133, +0.171,+0.960
1584490980,+3.32, +2.111, +0.171,+0.960
1584491040,+3.32, +2.122, +0.169,+0.960
1584491100,+3.32, +2.089, +0.170,+0.960
1584491160,+3.32, +2.165, +0.168,+0.960
1584491220,+3.32, +2.143, +0.168,+0.960
1584491280,+3.32, +2.133, +0.170,+0.960
1584491340,+3.32, +2.187, +0.168,+0.960
1584491400,+3.32, +2.133, +0.169,+0.960
1584491460,+3.32, +2.154, +0.170,+0.960
1584491520,+3.32, +2.165, +0.168,+0.960
1584491580,+3.32, +2.154, +0.169,+0.960
1584491640,+3.32, +2.154, +0.170,+0.960
1584491700,+3.32, +2.133, +0.168,+0.960
1584491760,+3.32, +2.154, +0.169,+0.960
1584491820,+3.32, +2.133, +0.170,+0.960
1584491880,+3.32, +2.143, +0.171,+0.960
1584491940,+3.32, +2.143, +0.170,+0.960
1584492000,+3.32, +2.154, +0.169,+0.960
1584492060,+3.32, +2.122, +0.169,+0.960
1584492120,+3.32, +2.154, +0.168,+0.960
1584492180,+3.32, +2.122, +0.170,+0.960
1584492240,+3.32, +2.111, +0.172,+0.960
1584492300,+3.32, +2.133, +0.169,+0.960
1584492360,+3.32, +2.176, +0.169,+0.960
1584492420,+3.32, +2.154, +0.170,+0.960
1584492480,+3.32, +2.133, +0.170,+0.960
1584492540,+3.32, +2.133, +0.170,+0.960
1584492600,+3.32, +2.143, +0.169,+0.960
1584492660,+3.32, +2.143, +0.171,+0.960
1584492720,+3.32, +2.143, +0.168,+0.960
1584492780,+3.32, +2.143, +0.171,+0.960
1584492840,+3.32, +2.143, +0.169,+0.960
1584492900,+3.32, +2.154, +0.170,+0.960
1584492960,+3.32, +2.111, +0.169,+0.960
1584493020,+3.32, +2.143, +0.169,+0.960
1584493080,+3.32, +2.133, +0.170,+0.960
1584493140,+3.32, +2.154, +0.170,+0.960
1584493200,+3.32, +2.122, +0.170,+0.960
1584493260,+3.32, +2.154, +0.167,+0.960
1584493320,+3.32, +2.154, +0.171,+0.960
1584493380,+3.32, +2.133, +0.171,+0.960
1584493440,+3.32, +2.154, +0.170,+0.960
1584493500,+3.32, +2.143, +0.170,+0.960
1584493560,+3.32, +2.154, +0.169,+0.960
1584493620,+3.32, +2.133, +0.172,+0.960
1584493680,+3.32, +2.143, +0.169,+0.960
1584493740,+3.32, +2.122, +0.172,+0.960
1584493800,+3.32, +2.122, +0.169,+0.960
1584493860,+3.32, +2.165, +0.169,+0.960
1584493920,+3.32, +2.154, +0.169,+0.960
1584493980,+3.32, +2.133, +0.172,+0.960
1584494040,+3.32, +2.133, +0.170,+0.960
1584494100,+3.32, +2.154, +0.169,+0.960
1584494160,+3.32, +2.133, +0.172,+0.960
1584494220,+3.32, +2.165, +0.168,+0.960
1584494280,+3.32, +2.143, +0.170,+0.960
1584494340,+3.32, +2.133, +0.169,+0.960
1584494400,+3.32, +2.154, +0.170,+0.960
1584494460,+3.32, +2.154, +0.171,+0.960
1584494520,+3.32, +2.154, +0.170,+0.960
1584494580,+3.32, +2.111, +0.170,+0.960
1584494640,+3.32, +2.176, +0.168,+0.960
1584494700,+3.32, +2.143, +0.170,+0.960
1584494760,+3.32, +2.122, +0.171,+0.960
1584494820,+3.32, +2.111, +0.169,+0.960
1584494880,+3.32, +2.143, +0.171,+0.960
1584494940,+3.32, +2.143, +0.170,+0.960
1584495000,+3.32, +2.176, +0.169,+0.960
1584495060,+3.32, +2.143, +0.169,+0.960
1584495120,+3.32, +2.133, +0.169,+0.960
1584495180,+3.32, +2.133, +0.171,+0.960
1584495240,+3.32, +2.154, +0.170,+0.960
1584495300,+3.32, +2.165, +0.171,+0.960
1584495360,+3.32, +2.165, +0.169,+0.960
1584495420,+3.32, +2.111, +0.170,+0.960
1584495480,+3.32, +2.143, +0.169,+0.960
1584495540,+3.32, +2.133, +0.170,+0.960
1584495600,+3.32, +2.133, +0.170,+0.960
1584495660,+3.32, +2.143, +0.169,+0.960
1584495720,+3.32, +2.154, +0.171,+0.960
1584495780,+3.32, +2.111, +0.171,+0.960
1584495840,+3.32, +2.154, +0.171,+0.960
1584495900,+3.32, +2.143, +0.170,+0.960
1584495960,+3.32, +2.165, +0.170,+0.960
1584496020,+3.32, +2.133, +0.170,+0.960
1584496080,+3.32, +2.122, +0.168,+0.960
1584496140,+3.32, +2.165, +0.169,+0.960
1584496200,+3.32, +2.143, +0.170,+0.960
1584496260,+3.32, +2.154, +0.171,+0.960
1584496320,+3.32, +2.133, +0.170,+0.960
1584496380,+3.32, +2.176, +0.169,+0.960
1584496440,+3.32, +2.143, +0.170,+0.960
1584496500,+3.32, +2.143, +0.169,+0.960
1584496560,+3.32, +2.154, +0.168,+0.960
1584496620,+3.32, +2.122, +0.170,+0.960
1584496680,+3.32, +2.122, +0.170,+0.960
1584496740,+3.32, +2.143, +0.171,+0.960
1584496800,+3.32, +2.143, +0.169,+0.960
1584496860,+3.32, +2.133, +0.171,+0.960
1584496920,+3.32, +2.154, +0.169,+0.960
1584496980,+3.32, +2.143, +0.170,+0.960
1584497040,+3.32, +2.143, +0.170,+0.960
1584497100,+3.32, +2.133, +0.171,+0.960
1584497160,+3.32, +2.133, +0.170,+0.960
1584497220,+3.32, +2.133, +0.172,+0.960
1584497280,+3.32, +2.165, +0.169,+0.960
1584497340,+3.32, +2.143, +0.168,+0.960
1584497400,+3.32, +2.176, +0.168,+0.960
1584497460,+3.32, +2.165, +0.169,+0.960
1584497520,+3.32, +2.154, +0.170,+0.960
1584497580,+3.32, +2.133, +0.170,+0.960
1584497640,+3.32, +2.143, +0.171,+0.960
1584497700,+3.32, +2.154, +0.170,+0.960
1584497760,+3.32, +2.143, +0.170,+0.960
1584497820,+3.32, +2.154, +0.169,+0.960
1584497880,+3.32, +2.133, +0.170,+0.960
1584497940,+3.32, +2.133, +0.170,+0.960
1584498000,+3.32, +2.165, +0.169,+0.960
1584498060,+3.32, +2.187, +0.169,+0.960
1584498120,+3.32, +2.143, +0.170,+0.960
1584498180,+3.32, +2.143, +0.171,+0.960
1584498240,+3.32, +2.143, +0.170,+0.960
1584498300,+3.32, +2.154, +0.170,+0.960
1584498360,+3.32, +2.143, +0.170,+0.960
1584498420,+3.32, +2.165, +0.168,+0.960
1584498480,+3.32, +2.143, +0.169,+0.960
1584498540,+3.32, +2.154, +0.170,+0.960
1584498600,+3.32, +2.176, +0.169,+0.960
1584498660,+3.32, +2.133, +0.170,+0.960
1584498720,+3.32, +2.176, +0.169,+0.960
1584498780,+3.32, +2.154, +0.169,+0.960
1584498840,+3.32, +2.154, +0.170,+0.960
1584498900,+3.32, +2.143, +0.171,+0.960
1584498960,+3.32, +2.133, +0.168,+0.960
1584499020,+3.32, +2.154, +0.169,+0.960
1584499080,+3.32, +2.133, +0.170,+0.960
1584499140,+3.32, +2.187, +0.169,+0.960
1584499200,+3.32, +2.154, +0.171,+0.960
1584499260,+3.32, +2.187, +0.168,+0.960
1584499320,+3.32, +2.143, +0.169,+0.960
1584499380,+3.32, +2.165, +0.169,+0.960
1584499440,+3.32, +2.133, +0.170,+0.960
1584499500,+3.32, +2.154, +0.168,+0.960
1584499560,+3.32, +2.154, +0.170,+0.960
1584499620,+3.32, +2.133, +0.169,+0.960
1584499680,+3.32, +2.133, +0.171,+0.960
1584499740,+3.32, +2.165, +0.168,+0.960
1584499800,+3.32, +2.111, +0.169,+0.960
1584499860,+3.32, +2.143, +0.171,+0.960
1584499920,+3.32, +2.143, +0.170,+0.960
1584499980,+3.32, +2.154, +0.168,+0.960
1584500040,+3.32, +2.154, +0.171,+0.960
1584500100,+3.32, +2.143, +0.168,+0.960
1584500160,+3.32, +2.133, +0.169,+0.960
1584500220,+3.32, +2.154, +0.170,+0.960
1584500280,+3.32, +2.165, +0.169,+0.960
1584500340,+3.32, +2.143, +0.169,+0.960
1584500400,+3.32, +2.133, +0.173,+0.960
1584500460,+3.32, +2.176, +0.168,+0.960
1584500520,+3.32, +2.143, +0.171,+0.960
1584500580,+3.32, +2.154, +0.171,+0.960
1584500640,+3.32, +2.133, +0.170,+0.960
1584500700,+3.32, +2.165, +0.170,+0.960
1584500760,+3.32, +2.143, +0.171,+0.960
1584500820,+3.32, +2.143, +0.169,+0.960
1584500880,+3.32, +2.165, +0.170,+0.960
1584500940,+3.32, +2.133, +0.170,+0.960
1584501000,+3.32, +2.176, +0.170,+0.960
1584501060,+3.32, +2.154, +0.170,+0.960
1584501120,+3.32, +2.154, +0.170,+0.960
1584501180,+3.32, +2.154, +0.171,+0.960
1584501240,+3.32, +2.165, +0.170,+0.960
1584501300,+3.32, +2.165, +0.170,+0.960
1584501360,+3.32, +2.133, +0.170,+0.960
1584501420,+3.32, +2.154, +0.170,+0.960
1584501480,+3.32, +2.143, +0.171,+0.960
1584501540,+3.32, +2.154, +0.170,+0.960
1584501600,+3.32, +2.154, +0.169,+0.960
1584501660,+3.32, +2.143, +0.171,+0.960
1584501720,+3.32, +2.154, +0.169,+0.960
1584501780,+3.32, +2.154, +0.171,+0.960
1584501840,+3.32, +2.122, +0.170,+0.960
1584501900,+3.32, +2.154, +0.169,+0.960
1584501960,+3.32, +2.154, +0.168,+0.960
1584502020,+3.32, +2.165, +0.171,+0.960
1584502080,+3.32, +2.154, +0.170,+0.960
1584502140,+3.32, +2.154, +0.169,+0.960
1584502200,+3.32, +2.133, +0.171,+0.960
1584502260,+3.32, +2.165, +0.169,+0.960
1584502320,+3.32, +2.143, +0.170,+0.960
1584502380,+3.32, +2.187, +0.171,+0.960
1584502440,+3.32, +2.143, +0.169,+0.960
1584502500,+3.32, +2.143, +0.169,+0.960
1584502560,+3.32, +2.165, +0.168,+0.960
1584502620,+3.32, +2.165, +0.169,+0.960
1584502680,+3.32, +2.133, +0.170,+0.960
1584502740,+3.32, +2.165, +0.170,+0.960
1584502800,+3.32, +2.122, +0.169,+0.960
1584502860,+3.32, +2.154, +0.169,+0.960
1584502920,+3.32, +2.143, +0.170,+0.960
1584502980,+3.32, +2.154, +0.168,+0.960
1584503040,+3.32, +2.143, +0.170,+0.960
1584503100,+3.32, +2.122, +0.170,+0.960
1584503160,+3.32, +2.154, +0.168,+0.960
1584503220,+3.32, +2.154, +0.168,+0.960
1584503280,+3.32, +2.143, +0.170,+0.960
1584503340,+3.32, +2.154, +0.170,+0.960
1584503400,+3.32, +2.143, +0.170,+0.960
1584503460,+3.32, +2.154, +0.168,+0.960
1584503520,+3.32, +2.143, +0.169,+0.960
1584503580,+3.32, +2.133, +0.171,+0.960
1584503640,+3.32, +2.133, +0.170,+0.960
1584503700,+3.32, +2.133, +0.171,+0.960
1584503760,+3.32, +2.165, +0.169,+0.960
1584503820,+3.32, +2.133, +0.173,+0.960
1584503880,+3.32, +2.176, +0.169,+0.960
1584503940,+3.32, +2.133, +0.170,+0.960
1584504000,+3.32, +2.133, +0.172,+0.960
1584504060,+3.32, +2.154, +0.168,+0.960
1584504120,+3.32, +2.143, +0.171,+0.960
1584504180,+3.32, +2.133, +0.170,+0.960
1584504240,+3.32, +2.143, +0.170,+0.960
1584504300,+3.32, +2.154, +0.170,+0.960
1584504360,+3.32, +2.176, +0.170,+0.960
1584504420,+3.32, +2.143, +0.170,+0.960
1584504480,+3.32, +2.133, +0.169,+0.960
1584504540,+3.32, +2.122, +0.170,+0.960
1584504600,+3.32, +2.143, +0.168,+0.960
1584504660,+3.32, +2.165, +0.170,+0.960
1584504720,+3.32, +2.122, +0.170,+0.960
1584504780,+3.32, +2.154, +0.169,+0.960
1584504840,+3.32, +2.133, +0.170,+0.960
1584504900,+3.32, +2.111, +0.171,+0.960
1584504960,+3.32, +2.143, +0.169,+0.960
1584505020,+3.32, +2.154, +0.169,+0.960
1584505080,+3.32, +2.143, +0.169,+0.960
1584505140,+3.32, +2.165, +0.169,+0.960
1584505200,+3.32, +2.154, +0.168,+0.960
1584505260,+3.32, +2.143, +0.169,+0.960
1584505320,+3.32, +2.133, +0.170,+0.960
1584505380,+3.32, +2.187, +0.169,+0.960
1584505440,+3.32, +2.154, +0.170,+0.960
1584505500,+3.32, +2.154, +0.170,+0.960
1584505560,+3.32, +2.143, +0.168,+0.960
1584505620,+3.32, +2.143, +0.169,+0.960
1584505680,+3.32, +2.143, +0.169,+0.960
1584505740,+3.32, +2.133, +0.171,+0.960
1584505800,+3.32, +2.154, +0.171,+0.960
1584505860,+3.32, +2.122, +0.169,+0.960
1584505920,+3.32, +2.154, +0.170,+0.960
1584505980,+3.32, +2.133, +0.169,+0.960
1584506040,+3.32, +2.143, +0.169,+0.960
1584506100,+3.32, +2.133, +0.169,+0.960
1584506160,+3.32, +2.154, +0.170,+0.960
1584506220,+3.32, +2.143, +0.169,+0.960
1584506280,+3.32, +2.154, +0.169,+0.960
1584506340,+3.32, +2.154, +0.170,+0.960
1584506400,+3.32, +2.143, +0.169,+0.960
1584506460,+3.32, +2.154, +0.170,+0.960
1584506520,+3.32, +2.143, +0.171,+0.960
1584506580,+3.32, +2.143, +0.170,+0.960
1584506640,+3.32, +2.133, +0.170,+0.960
1584506700,+3.32, +2.143, +0.169,+0.960
1584506760,+3.32, +2.154, +0.168,+0.960
1584506820,+3.32, +2.143, +0.169,+0.960
1584506880,+3.32, +2.133, +0.170,+0.960
1584506940,+3.32, +2.154, +0.171,+0.960
1584507000,+3.32, +2.154, +0.171,+0.960
1584507060,+3.32, +2.122, +0.171,+0.960
1584507120,+3.32, +2.154, +0.170,+0.960
1584507180,+3.32, +2.143, +0.171,+0.960
1584507240,+3.32, +2.165, +0.170,+0.960
1584507300,+3.32, +2.133, +0.170,+0.960
1584507360,+3.32, +2.154, +0.169,+0.960
1584507420,+3.32, +2.122, +0.171,+0.960
1584507480,+3.32, +2.143, +0.170,+0.960
1584507540,+3.32, +2.154, +0.170,+0.960
1584507600,+3.32, +2.154, +0.170,+0.960
1584507660,+3.32, +2.143, +0.171,+0.960
1584507720,+3.32, +2.143, +0.170,+0.960
1584507780,+3.32, +2.143, +0.169,+0.960
1584507840,+3.32, +2.143, +0.169,+0.960
1584507900,+3.32, +2.154, +0.169,+0.960
1584507960,+3.32, +2.143, +0.171,+0.960
1584508020,+3.32, +2.154, +0.169,+0.960
1584508080,+3.32, +2.111, +0.170,+0.960
1584508140,+3.32, +2.143, +0.169,+0.960
1584508200,+3.32, +2.133, +0.170,+0.960
1584508260,+3.32, +2.133, +0.170,+0.960
1584508320,+3.32, +2.143, +0.169,+0.960
1584508380,+3.32, +2.100, +0.170,+0.960
1584508440,+3.32, +2.165, +0.170,+0.960
1584508500,+3.32, +2.133, +0.171,+0.960
1584508560,+3.32, +2.154, +0.168,+0.960
1584508620,+3.32, +2.122, +0.169,+0.960
1584508680,+3.32, +2.154, +0.169,+0.960
1584508740,+3.32, +2.165, +0.170,+0.960
1584508800,+3.32, +2.154, +0.169,+0.960
1584508860,+3.32, +2.122, +0.169,+0.960
1584508920,+3.32, +2.143, +0.170,+0.960
1584508980,+3.32, +2.143, +0.169,+0.960
1584509040,+3.32, +2.143, +0.171,+0.960
1584509100,+3.32, +2.133, +0.171,+0.960
1584509160,+3.32, +2.143, +0.169,+0.960
1584509220,+3.32, +2.133, +0.170,+0.960
1584509280,+3.32, +2.143, +0.169,+0.960
1584509340,+3.32, +2.154, +0.169,+0.960
1584509400,+3.32, +2.133, +0.170,+0.960
1584509460,+3.32, +2.133, +0.169,+0.960
1584509520,+3.32, +2.165, +0.171,+0.960
1584509580,+3.32, +2.154, +0.169,+0.960
1584509640,+3.32, +2.143, +0.170,+0.960
1584509700,+3.32, +2.122, +0.169,+0.960
1584509760,+3.32, +2.154, +0.169,+0.960
1584509820,+3.32, +2.133, +0.170,+0.960
1584509880,+3.32, +2.154, +0.169,+0.960
1584509940,+3.32, +2.133, +0.171,+0.960
1584510000,+3.32, +2.154, +0.169,+0.960
1584510060,+3.32, +2.122, +0.171,+0.960
1584510120,+3.32, +2.143, +0.168,+0.960
1584510180,+3.32, +2.143, +0.170,+0.960
1584510240,+3.32, +2.154, +0.169,+0.960
1584510300,+3.32, +2.122, +0.170,+0.960
1584510360,+3.32, +2.133, +0.170,+0.960
1584510420,+3.32, +2.165, +0.170,+0.960
1584510480,+3.32, +2.111, +0.170,+0.960
1584510540,+3.32, +2.122, +0.171,+0.960
1584510600,+3.32, +2.133, +0.168,+0.960
1584510660,+3.32, +2.143, +0.168,+0.960
1584510720,+3.32, +2.143, +0.169,+0.960
1584510780,+3.32, +2.143, +0.169,+0.960
1584510840,+3.32, +2.165, +0.170,+0.960
1584510900,+3.32, +2.176, +0.167,+0.960
1584510960,+3.32, +2.143, +0.170,+0.960
1584511020,+3.32, +2.133, +0.170,+0.960
1584511080,+3.32, +2.165, +0.169,+0.960
1584511140,+3.32, +2.143, +0.168,+0.960
1584511200,+3.32, +2.154, +0.169,+0.960
1584511260,+3.32, +2.143, +0.169,+0.960
1584511320,+3.32, +2.154, +0.171,+0.960
1584511380,+3.32, +2.143, +0.170,+0.960
1584511440,+3.32, +2.143, +0.170,+0.960
1584511500,+3.32, +2.133, +0.170,+0.960
1584511560,+3.32, +2.154, +0.168,+0.960
1584511620,+3.32, +2.143, +0.169,+0.960
1584511680,+3.32, +2.154, +0.170,+0.960
1584511740,+3.32, +2.133, +0.170,+0.960
1584511800,+3.32, +2.154, +0.171,+0.960
1584511860,+3.32, +2.176, +0.168,+0.960
1584511920,+3.32, +2.176, +0.169,+0.960
1584511980,+3.32, +2.143, +0.170,+0.960
1584512040,+3.32, +2.154, +0.170,+0.960
1584512100,+3.32, +2.165, +0.169,+0.960
1584512160,+3.32, +2.133, +0.170,+0.960
1584512220,+3.32, +2.133, +0.170,+0.960
1584512280,+3.32, +2.165, +0.170,+0.960
1584512340,+3.32, +2.143, +0.168,+0.960
1584512400,+3.32, +2.133, +0.171,+0.960
1584512460,+3.32, +2.143, +0.168,+0.960
1584512520,+3.32, +2.165, +0.168,+0.960
1584512580,+3.32, +2.165, +0.169,+0.960
1584512640,+3.32, +2.143, +0.169,+0.960
1584512700,+3.32, +2.176, +0.169,+0.960
1584512760,+3.32, +2.143, +0.169,+0.960
1584512820,+3.32, +2.154, +0.170,+0.960
1584512880,+3.32, +2.165, +0.169,+0.960
1584512940,+3.32, +2.154, +0.169,+0.960
1584513000,+3.32, +2.122, +0.170,+0.960
1584513060,+3.32, +2.187, +0.169,+0.960
1584513120,+3.32, +2.165, +0.169,+0.960
1584513180,+3.32, +2.122, +0.169,+0.960
1584513240,+3.32, +2.165, +0.169,+0.960
1584513300,+3.32, +2.143, +0.171,+0.960
1584513360,+3.32, +2.165, +0.169,+0.960
1584513420,+3.32, +2.143, +0.169,+0.960
1584513480,+3.32, +2.154, +0.169,+0.960
1584513540,+3.32, +2.133, +0.170,+0.960
1584513600,+3.32, +2.154, +0.170,+0.960
1584513660,+3.32, +2.154, +0.170,+0.960
1584513720,+3.32, +2.154, +0.169,+0.960
1584513780,+3.32, +2.154, +0.171,+0.960
1584513840,+3.32, +2.122, +0.171,+0.960
1584513900,+3.32, +2.143, +0.169,+0.960
1584513960,+3.32, +2.143, +0.169,+0.960
1584514020,+3.32, +2.143, +0.171,+0.960
1584514080,+3.32, +2.122, +0.169,+0.960
1584514140,+3.32, +2.143, +0.170,+0.960
1584514200,+3.32, +2.154, +0.168,+0.960
1584514260,+3.32, +2.133, +0.170,+0.960
1584514320,+3.32, +2.154, +0.169,+0.960
1584514380,+3.32, +2.133, +0.170,+0.960
1584514440,+3.32, +2.143, +0.169,+0.960
1584514500,+3.32, +2.143, +0.170,+0.960
1584514560,+3.32, +2.143, +0.170,+0.960
1584514620,+3.32, +2.122, +0.170,+0.960
1584514680,+3.32, +2.154, +0.171,+0.960
1584514740,+3.32, +2.133, +0.170,+0.960
1584514800,+3.32, +2.122, +0.170,+0.960
1584514860,+3.32, +2.143, +0.169,+0.960
1584514920,+3.32, +2.143, +0.169,+0.960
1584514980,+3.32, +2.143, +0.170,+0.960
1584515040,+3.32, +2.133, +0.170,+0.960
1584515100,+3.32, +2.133, +0.169,+0.960
1584515160,+3.32, +2.154, +0.169,+0.960
1584515220,+3.32, +2.143, +0.169,+0.960
1584515280,+3.32, +2.165, +0.169,+0.960
1584515340,+3.32, +2.154, +0.170,+0.960
1584515400,+3.32, +2.154, +0.171,+0.960
1584515460,+3.32, +2.133, +0.169,+0.960
1584515520,+3.32, +2.176, +0.170,+0.960
1584515580,+3.32, +2.143, +0.171,+0.960
1584515640,+3.32, +2.165, +0.169,+0.960
1584515700,+3.32, +2.133, +0.171,+0.960
1584515760,+3.32, +2.143, +0.169,+0.960
1584515820,+3.32, +2.165, +0.171,+0.960
1584515880,+3.32, +2.143, +0.169,+0.960
1584515940,+3.32, +2.165, +0.171,+0.960
1584516000,+3.32, +2.143, +0.170,+0.960
1584516060,+3.32, +2.143, +0.168,+0.960
1584516120,+3.32, +2.122, +0.169,+0.960
1584516180,+3.32, +2.133, +0.169,+0.960
1584516240,+3.32, +2.154, +0.169,+0.960
1584516300,+3.32, +2.122, +0.170,+0.960
1584516360,+3.32, +2.143, +0.169,+0.960
1584516420,+3.32, +2.122, +0.168,+0.960
1584516480,+3.32, +2.133, +0.168,+0.960
1584516540,+3.32, +2.133, +0.169,+0.960
1584516600,+3.32, +2.154, +0.169,+0.960
1584516660,+3.32, +2.143, +0.169,+0.960
1584516720,+3.32, +2.133, +0.171,+0.960
1584516780,+3.32, +2.133, +0.169,+0.960
1584516840,+3.32, +2.143, +0.170,+0.960
1584516900,+3.32, +2.143, +0.170,+0.960
1584516960,+3.32, +2.122, +0.170,+0.960
1584517020,+3.32, +2.187, +0.170,+0.960
1584517080,+3.32, +2.133, +0.170,+0.960
1584517140,+3.32, +2.133, +0.170,+0.960
1584517200,+3.32, +2.133, +0.169,+0.960
1584517260,+3.32, +2.154, +0.169,+0.960
1584517320,+3.32, +2.122, +0.170,+0.960
1584517380,+3.32, +2.133, +0.172,+0.960
1584517440,+3.32, +2.143, +0.169,+0.960
1584517500,+3.32, +2.122, +0.171,+0.960
1584517560,+3.32, +2.143, +0.169,+0.960
1584517620,+3.32, +2.154, +0.171,+0.960
1584517680,+3.32, +2.133, +0.170,+0.960
1584517740,+3.32, +2.165, +0.170,+0.960
1584517800,+3.32, +2.133, +0.172,+0.960
1584517860,+3.32, +2.143, +0.169,+0.960
1584517920,+3.32, +2.133, +0.168,+0.960
1584517980,+3.32, +2.133, +0.169,+0.960
1584518040,+3.32, +2.133, +0.169,+0.960
1584518100,+3.32, +2.133, +0.171,+0.960
1584518160,+3.32, +2.143, +0.170,+0.960
1584518220,+3.32, +2.143, +0.169,+0.960
1584518280,+3.32, +2.111, +0.170,+0.960
1584518340,+3.32, +2.154, +0.169,+0.960
1584518400,+3.32, +2.133, +0.170,+0.960
1584518460,+3.32, +2.143, +0.172,+0.960
1584518520,+3.32, +2.143, +0.170,+0.960
1584518580,+3.32, +2.133, +0.170,+0.960
1584518640,+3.32, +2.143, +0.170,+0.960
1584518700,+3.32, +2.143, +0.168,+0.960
1584518760,+3.32, +2.143, +0.171,+0.960
1584518820,+3.32, +2.154, +0.168,+0.960
1584518880,+3.32, +2.154, +0.170,+0.960
1584518940,+3.32, +2.154, +0.170,+0.960
1584519000,+3.32, +2.187, +0.169,+0.960
1584519060,+3.32, +2.176, +0.171,+0.960
1584519120,+3.32, +2.165, +0.171,+0.960
1584519180,+3.32, +2.133, +0.171,+0.960
1584519240,+3.32, +2.133, +0.169,+0.960
1584519300,+3.32, +2.111, +0.171,+0.960
1584519360,+3.32, +2.122, +0.170,+0.960
1584519420,+3.32, +2.133, +0.169,+0.960
1584519480,+3.32, +2.154, +0.167,+0.960
1584519540,+3.32, +2.143, +0.170,+0.960
1584519600,+3.32, +2.133, +0.170,+0.960
1584519660,+3.32, +2.176, +0.171,+0.960
1584519720,+3.32, +2.133, +0.168,+0.960
1584519780,+3.32, +2.122, +0.170,+0.960
1584519840,+3.32, +2.154, +0.168,+0.960
1584519900,+3.32, +2.122, +0.171,+0.960
1584519960,+3.32, +2.143, +0.171,+0.960
1584520020,+3.32, +2.143, +0.169,+0.960
1584520080,+3.32, +2.122, +0.169,+0.960
1584520140,+3.32, +2.143, +0.170,+0.960
1584520200,+3.32, +2.122, +0.171,+0.960
1584520260,+3.32, +2.133, +0.171,+0.960
1584520320,+3.32, +2.133, +0.168,+0.960
1584520380,+3.32, +2.165, +0.169,+0.960
1584520440,+3.32, +2.154, +0.170,+0.960
1584520500,+3.32, +2.089, +0.171,+0.960
1584520560,+3.32, +2.154, +0.170,+0.960
1584520620,+3.32, +2.133, +0.170,+0.960
1584520680,+3.32, +2.154, +0.171,+0.960
1584520740,+3.32, +2.154, +0.170,+0.960
1584520800,+3.32, +2.143, +0.169,+0.960
1584520860,+3.32, +2.165, +0.169,+0.960
1584520920,+3.32, +2.143, +0.169,+0.960
1584520980,+3.32, +2.143, +0.170,+0.960
1584521040,+3.32, +2.154, +0.170,+0.960
1584521100,+3.32, +2.165, +0.169,+0.960
1584521160,+3.32, +2.154, +0.168,+0.960
1584521220,+3.32, +2.165, +0.170,+0.960
1584521280,+3.32, +2.133, +0.171,+0.960
1584521340,+3.32, +2.154, +0.169,+0.960
1584521400,+3.32, +2.176, +0.170,+0.960
1584521460,+3.32, +2.143, +0.169,+0.960
1584521520,+3.32, +2.165, +0.171,+0.960
1584521580,+3.32, +2.133, +0.169,+0.960
1584521640,+3.32, +2.154, +0.169,+0.960
1584521700,+3.32, +2.165, +0.172,+0.960
1584521760,+3.32, +2.154, +0.171,+0.960
1584521820,+3.32, +2.143, +0.170,+0.960
1584521880,+3.32, +2.133, +0.169,+0.960
1584521940,+3.32, +2.209, +0.168,+0.960
1584522000,+3.32, +2.143, +0.169,+0.960
1584522060,+3.32, +2.187, +0.169,+0.960
1584522120,+3.32, +2.176, +0.168,+0.960
1584522180,+3.32, +2.154, +0.170,+0.960
1584522240,+3.32, +2.133, +0.169,+0.960
1584522300,+3.32, +2.154, +0.169,+0.960
1584522360,+3.32, +2.165, +0.170,+0.960
1584522420,+3.32, +2.154, +0.167,+0.960
1584522480,+3.32, +2.154, +0.172,+0.960
1584522540,+3.32, +2.176, +0.169,+0.960
1584522600,+3.32, +2.165, +0.170,+0.960
1584522660,+3.32, +2.165, +0.170,+0.960
1584522720,+3.32, +2.143, +0.170,+0.960
1584522780,+3.32, +2.133, +0.170,+0.960
1584522840,+3.32, +2.143, +0.169,+0.960
1584522900,+3.32, +2.165, +0.169,+0.960
1584522960,+3.32, +2.143, +0.169,+0.960
1584523020,+3.32, +2.133, +0.170,+0.960
1584523080,+3.32, +2.165, +0.169,+0.960
1584523140,+3.32, +2.078, +0.171,+0.960
1584523200,+3.32, +2.165, +0.171,+0.960
1584523260,+3.32, +2.133, +0.171,+0.960
1584523320,+3.32, +2.165, +0.170,+0.960
1584523380,+3.32, +2.122, +0.170,+0.960
1584523440,+3.32, +2.143, +0.170,+0.960
1584523500,+3.32, +2.143, +0.169,+0.960
1584523560,+3.32, +2.176, +0.168,+0.960
1584523620,+3.32, +2.133, +0.170,+0.960
1584523680,+3.32, +2.133, +0.169,+0.960
1584523740,+3.32, +2.111, +0.170,+0.960
1584523800,+3.32, +2.122, +0.170,+0.960
1584523860,+3.32, +2.154, +0.169,+0.960
1584523920,+3.32, +2.122, +0.169,+0.960
1584523980,+3.32, +2.165, +0.169,+0.960
1584524040,+3.32, +2.154, +0.170,+0.960
1584524100,+3.32, +2.154, +0.169,+0.960
1584524160,+3.32, +2.133, +0.170,+0.960
1584524220,+3.32, +2.154, +0.169,+0.960
1584524280,+3.32, +2.133, +0.172,+0.960
1584524340,+3.32, +2.111, +0.169,+0.960
1584524400,+3.32, +2.154, +0.171,+0.960
1584524460,+3.32, +2.154, +0.171,+0.960
1584524520,+3.32, +2.122, +0.170,+0.960
1584524580,+3.32, +2.133, +0.171,+0.960
1584524640,+3.32, +2.154, +0.169,+0.960
1584524700,+3.32, +2.165, +0.169,+0.960
1584524760,+3.32, +2.143, +0.170,+0.960
1584524820,+3.32, +2.154, +0.169,+0.960
1584524880,+3.32, +2.133, +0.170,+0.960
1584524940,+3.32, +2.143, +0.171,+0.960
1584525000,+3.32, +2.143, +0.170,+0.960
1584525060,+3.32, +2.154, +0.171,+0.960
1584525120,+3.32, +2.154, +0.170,+0.960
1584525180,+3.32, +2.154, +0.170,+0.960
1584525240,+3.32, +2.111, +0.171,+0.960
1584525300,+3.32, +2.100, +0.172,+0.960
1584525360,+3.32, +2.154, +0.170,+0.960
1584525420,+3.32, +2.143, +0.171,+0.960
1584525480,+3.32, +2.133, +0.170,+0.960
1584525540,+3.32, +2.154, +0.172,+0.960
1584525600,+3.32, +2.165, +0.170,+0.960
1584525660,+3.32, +2.154, +0.171,+0.960
1584525720,+3.32, +2.154, +0.168,+0.960
1584525780,+3.32, +2.143, +0.170,+0.960
1584525840,+3.32, +2.122, +0.169,+0.960
1584525900,+3.32, +2.165, +0.169,+0.960
1584525960,+3.32, +2.111, +0.170,+0.960
1584526020,+3.32, +2.154, +0.170,+0.960
1584526080,+3.32, +2.089, +0.173,+0.960
1584526140,+3.32, +2.154, +0.169,+0.960
1584526200,+3.32, +2.122, +0.170,+0.960
1584526260,+3.32, +2.154, +0.168,+0.960
1584526320,+3.32, +2.143, +0.170,+0.960
1584526380,+3.32, +2.176, +0.168,+0.960
1584526440,+3.32, +2.143, +0.169,+0.960
1584526500,+3.32, +2.143, +0.170,+0.960
1584526560,+3.32, +2.122, +0.171,+0.960
1584526620,+3.32, +2.122, +0.169,+0.960
1584526680,+3.32, +2.165, +0.169,+0.960
1584526740,+3.32, +2.133, +0.169,+0.960
1584526800,+3.32, +2.154, +0.171,+0.960
1584526860,+3.32, +2.143, +0.170,+0.960
1584526920,+3.32, +2.143, +0.170,+0.960
1584526980,+3.32, +2.143, +0.170,+0.960
1584527040,+3.32, +2.165, +0.170,+0.960
1584527100,+3.32, +2.154, +0.169,+0.960
1584527160,+3.32, +2.133, +0.171,+0.960
1584527220,+3.32, +2.165, +0.170,+0.960
1584527280,+3.32, +2.133, +0.170,+0.960
1584527340,+3.32, +2.143, +0.171,+0.960
1584527400,+3.32, +2.122, +0.171,+0.960
1584527460,+3.32, +2.067, +0.171,+0.960
1584527520,+3.32, +2.133, +0.171,+0.960
1584527580,+3.32, +2.143, +0.169,+0.960
1584527640,+3.32, +2.143, +0.171,+0.960
1584527700,+3.32, +2.154, +0.170,+0.960
1584527760,+3.32, +2.154, +0.171,+0.960
1584527820,+3.32, +2.143, +0.169,+0.960
1584527880,+3.32, +2.165, +0.169,+0.960
1584527940,+3.32, +2.187, +0.170,+0.960
1584528000,+3.32, +2.122, +0.171,+0.960
1584528060,+3.32, +2.154, +0.171,+0.960
1584528120,+3.32, +2.122, +0.169,+0.960
1584528180,+3.32, +2.198, +0.169,+0.960
1584528240,+3.32, +2.133, +0.171,+0.960
1584528300,+3.32, +2.165, +0.169,+0.960
1584528360,+3.32, +2.133, +0.170,+0.960
1584528420,+3.32, +2.133, +0.170,+0.960
1584528480,+3.32, +2.154, +0.171,+0.960
1584528540,+3.32, +2.165, +0.169,+0.960
1584528600,+3.32, +2.165, +0.170,+0.960
1584528660,+3.32, +2.165, +0.169,+0.960
1584528720,+3.32, +2.122, +0.171,+0.960
1584528780,+3.32, +2.154, +0.170,+0.960
1584528840,+3.32, +2.143, +0.170,+0.960
1584528900,+3.32, +2.154, +0.168,+0.960
1584528960,+3.32, +2.176, +0.168,+0.960
1584529020,+3.32, +2.133, +0.170,+0.960
1584529080,+3.32, +2.143, +0.169,+0.960
1584529140,+3.32, +2.133, +0.169,+0.960
1584529200,+3.32, +2.154, +0.168,+0.960
1584529260,+3.32, +2.143, +0.172,+0.960
1584529320,+3.32, +2.198, +0.168,+0.960
1584529380,+3.32, +2.154, +0.172,+0.960
1584529440,+3.32, +2.133, +0.171,+0.960
1584529500,+3.32, +2.176, +0.170,+0.960
1584529560,+3.32, +2.143, +0.171,+0.960
1584529620,+3.32, +2.122, +0.170,+0.960
1584529680,+3.32, +2.154, +0.169,+0.960
1584529740,+3.32, +2.143, +0.168,+0.960
1584529800,+3.32, +2.122, +0.169,+0.960
1584529860,+3.32, +2.154, +0.169,+0.960
1584529920,+3.32, +2.154, +0.168,+0.960
1584529980,+3.32, +2.143, +0.169,+0.960
1584530040,+3.32, +2.122, +0.169,+0.960
1584530100,+3.32, +2.122, +0.171,+0.960
1584530160,+3.32, +2.165, +0.168,+0.960
1584530220,+3.32, +2.165, +0.171,+0.960
1584530280,+3.32, +2.122, +0.171,+0.960
1584530340,+3.32, +2.111, +0.170,+0.960
1584530400,+3.32, +2.122, +0.170,+0.960
1584530460,+3.32, +2.143, +0.170,+0.960
1584530520,+3.32, +2.133, +0.169,+0.960
1584530580,+3.32, +2.143, +0.170,+0.960
1584530640,+3.32, +2.133, +0.171,+0.960
1584530700,+3.32, +2.154, +0.170,+0.960
1584530760,+3.32, +2.143, +0.170,+0.960
1584530820,+3.32, +2.154, +0.169,+0.960
1584530880,+3.32, +2.154, +0.171,+0.960
1584530940,+3.32, +2.154, +0.169,+0.960
1584531000,+3.32, +2.154, +0.169,+0.960
1584531060,+3.32, +2.133, +0.170,+0.960
1584531120,+3.32, +2.122, +0.171,+0.960
1584531180,+3.32, +2.143, +0.170,+0.960
1584531240,+3.32, +2.133, +0.170,+0.960
1584531300,+3.32, +2.143, +0.171,+0.960
1584531360,+3.32, +2.143, +0.169,+0.960
1584531420,+3.32, +2.165, +0.169,+0.960
1584531480,+3.32, +2.165, +0.171,+0.960
1584531540,+3.32, +2.122, +0.168,+0.960
1584531600,+3.32, +2.143, +0.170,+0.960
1584531660,+3.32, +2.133, +0.169,+0.960
1584531720,+3.32, +2.100, +0.169,+0.960
1584531780,+3.32, +2.100, +0.171,+0.960
1584531840,+3.32, +2.154, +0.171,+0.960
1584531900,+3.32, +2.165, +0.171,+0.960
1584531960,+3.32, +2.143, +0.170,+0.960
1584532020,+3.32, +2.122, +0.171,+0.960
1584532080,+3.32, +2.143, +0.170,+0.960
1584532140,+3.32, +2.154, +0.171,+0.960
1584532200,+3.32, +2.122, +0.169,+0.960
1584532260,+3.32, +2.133, +0.170,+0.960
1584532320,+3.32, +2.143, +0.170,+0.960
1584532380,+3.32, +2.133, +0.170,+0.960
1584532440,+3.32, +2.165, +0.168,+0.960
1584532500,+3.32, +2.133, +0.170,+0.960
1584532560,+3.32, +2.133, +0.171,+0.960
1584532620,+3.32, +2.143, +0.172,+0.960
1584532680,+3.32, +2.165, +0.169,+0.960
1584532740,+3.32, +2.133, +0.170,+0.960
1584532800,+3.32, +2.165, +0.170,+0.960
1584532860,+3.32, +2.133, +0.169,+0.960
1584532920,+3.32, +2.133, +0.170,+0.960
1584532980,+3.32, +2.143, +0.170,+0.960
1584533040,+3.32, +2.122, +0.171,+0.960
1584533100,+3.32, +2.122, +0.169,+0.960
1584533160,+3.32, +2.143, +0.167,+0.960
1584533220,+3.32, +2.133, +0.172,+0.960
1584533280,+3.32, +2.133, +0.171,+0.960
1584533340,+3.32, +2.133, +0.171,+0.960
1584533400,+3.32, +2.122, +0.170,+0.960
1584533460,+3.32, +2.143, +0.169,+0.960
1584533520,+3.32, +2.165, +0.168,+0.960
1584533580,+3.32, +2.133, +0.170,+0.960
1584533640,+3.32, +2.133, +0.169,+0.960
1584533700,+3.32, +2.133, +0.170,+0.960
1584533760,+3.32, +2.154, +0.169,+0.960
1584533820,+3.32, +2.154, +0.170,+0.960
1584533880,+3.32, +2.176, +0.168,+0.960
1584533940,+3.32, +2.165, +0.169,+0.960
1584534000,+3.32, +2.143, +0.170,+0.960
1584534060,+3.32, +2.133, +0.171,+0.960
1584534120,+3.32, +2.154, +0.170,+0.960
1584534180,+3.32, +2.154, +0.170,+0.960
1584534240,+3.32, +2.143, +0.168,+0.960
1584534300,+3.32, +2.143, +0.170,+0.960
1584534360,+3.32, +2.133, +0.169,+0.960
1584534420,+3.32, +2.187, +0.169,+0.960
1584534480,+3.32, +2.133, +0.170,+0.960
1584534540,+3.32, +2.133, +0.171,+0.960
1584534600,+3.32, +2.143, +0.169,+0.960
1584534660,+3.32, +2.143, +0.172,+0.960
1584534720,+3.32, +2.133, +0.170,+0.960
1584534780,+3.32, +2.122, +0.171,+0.960
1584534840,+3.32, +2.122, +0.170,+0.960
1584534900,+3.32, +2.133, +0.170,+0.960
1584534960,+3.32, +2.154, +0.170,+0.960
1584535020,+3.32, +2.133, +0.170,+0.960
1584535080,+3.32, +2.154, +0.169,+0.960
1584535140,+3.32, +2.133, +0.172,+0.960
1584535200,+3.32, +2.176, +0.169,+0.960
1584535260,+3.32, +2.111, +0.169,+0.960
1584535320,+3.32, +2.165, +0.171,+0.960
1584535380,+3.32, +2.133, +0.169,+0.960
1584535440,+3.32, +2.143, +0.170,+0.960
1584535500,+3.32, +2.133, +0.171,+0.960
1584535560,+3.32, +2.143, +0.170,+0.960
1584535620,+3.32, +2.133, +0.171,+0.960
1584535680,+3.32, +2.143, +0.170,+0.960
1584535740,+3.32, +2.154, +0.170,+0.960
1584535800,+3.32, +2.133, +0.169,+0.960
1584535860,+3.32, +2.143, +0.170,+0.960
1584535920,+3.32, +2.133, +0.168,+0.960
1584535980,+3.32, +2.122, +0.170,+0.960
1584536040,+3.32, +2.143, +0.170,+0.960
1584536100,+3.32, +2.154, +0.169,+0.960
1584536160,+3.32, +2.143, +0.169,+0.960
1584536220,+3.32, +2.176, +0.170,+0.960
1584536280,+3.32, +2.122, +0.172,+0.960
1584536340,+3.32, +2.133, +0.169,+0.960
1584536400,+3.32, +2.143, +0.170,+0.960
1584536460,+3.32, +2.154, +0.169,+0.960
1584536520,+3.32, +2.122, +0.169,+0.960
1584536580,+3.32, +2.133, +0.169,+0.960
1584536640,+3.32, +2.133, +0.169,+0.960
1584536700,+3.32, +2.111, +0.169,+0.960
1584536760,+3.32, +2.122, +0.171,+0.960
1584536820,+3.32, +2.154, +0.170,+0.960
1584536880,+3.32, +2.154, +0.169,+0.960
1584536940,+3.32, +2.143, +0.170,+0.960
1584537000,+3.32, +2.133, +0.170,+0.960
1584537060,+3.32, +2.122, +0.169,+0.960
1584537120,+3.32, +2.143, +0.168,+0.960
1584537180,+3.32, +2.154, +0.169,+0.960
1584537240,+3.32, +2.133, +0.172,+0.960
1584537300,+3.32, +2.133, +0.171,+0.960
1584537360,+3.32, +2.165, +0.169,+0.960
1584537420,+3.32, +2.133, +0.171,+0.960
1584537480,+3.32, +2.133, +0.171,+0.960
1584537540,+3.32, +2.133, +0.169,+0.960
1584537600,+3.32, +2.133, +0.171,+0.960
1584537660,+3.32, +2.143, +0.170,+0.960
1584537720,+3.32, +2.154, +0.171,+0.960
1584537780,+3.32, +2.154, +0.169,+0.960
1584537840,+3.32, +2.154, +0.170,+0.960
1584537900,+3.32, +2.165, +0.170,+0.960
1584537960,+3.32, +2.133, +0.170,+0.960
1584538020,+3.32, +2.133, +0.171,+0.960
1584538080,+3.32, +2.143, +0.169,+0.960
1584538140,+3.32, +2.154, +0.170,+0.960
1584538200,+3.32, +2.133, +0.170,+0.960
1584538260,+3.32, +2.143, +0.169,+0.960
1584538320,+3.32, +2.154, +0.169,+0.960
1584538380,+3.32, +2.154, +0.169,+0.960
1584538440,+3.32, +2.143, +0.170,+0.960
1584538500,+3.32, +2.176, +0.169,+0.960
1584538560,+3.32, +2.154, +0.169,+0.960
1584538620,+3.32, +2.143, +0.169,+0.960
1584538680,+3.32, +2.143, +0.171,+0.960
1584538740,+3.32, +2.143, +0.171,+0.960
1584538800,+3.32, +2.154, +0.168,+0.960
1584538860,+3.32, +2.133, +0.171,+0.960
1584538920,+3.32, +2.133, +0.170,+0.960
1584538980,+3.32, +2.143, +0.169,+0.960
1584539040,+3.32, +2.154, +0.169,+0.960
1584539100,+3.32, +2.122, +0.170,+0.960
1584539160,+3.32, +2.143, +0.169,+0.960
1584539220,+3.32, +2.133, +0.170,+0.960
1584539280,+3.32, +2.056, +0.171,+0.960
1584539340,+3.32, +2.165, +0.169,+0.960
1584539400,+3.32, +2.111, +0.171,+0.960
1584539460,+3.32, +2.122, +0.171,+0.960
1584539520,+3.32, +2.133, +0.170,+0.960
1584539580,+3.32, +2.143, +0.170,+0.960
1584539640,+3.32, +2.154, +0.170,+0.960
1584539700,+3.32, +2.154, +0.171,+0.960
1584539760,+3.32, +2.143, +0.170,+0.960
1584539820,+3.32, +2.133, +0.169,+0.960
1584539880,+3.32, +2.143, +0.171,+0.960
1584539940,+3.32, +2.165, +0.169,+0.960
1584540000,+3.32, +2.111, +0.171,+0.960
1584540060,+3.32, +2.154, +0.170,+0.960
1584540120,+3.32, +2.133, +0.169,+0.960
1584540180,+3.32, +2.165, +0.170,+0.960
1584540240,+3.32, +2.133, +0.169,+0.960
1584540300,+3.32, +2.133, +0.170,+0.960
1584540360,+3.32, +2.143, +0.169,+0.960
1584540420,+3.32, +2.133, +0.169,+0.960
1584540480,+3.32, +2.198, +0.169,+0.960
1584540540,+3.32, +2.165, +0.170,+0.960
1584540600,+3.32, +2.143, +0.169,+0.960
1584540660,+3.32, +2.111, +0.170,+0.960
1584540720,+3.32, +2.165, +0.169,+0.960
1584540780,+3.32, +2.111, +0.171,+0.960
1584540840,+3.32, +2.187, +0.170,+0.960
1584540900,+3.32, +2.133, +0.171,+0.960
1584540960,+3.32, +2.122, +0.171,+0.960
1584541020,+3.32, +2.133, +0.169,+0.960
1584541080,+3.32, +2.133, +0.169,+0.960
1584541140,+3.32, +2.176, +0.169,+0.960
1584541200,+3.32, +2.154, +0.169,+0.960
1584541260,+3.32, +2.111, +0.169,+0.960
1584541320,+3.32, +2.154, +0.169,+0.960
1584541380,+3.32, +2.111, +0.170,+0.960
1584541440,+3.32, +2.111, +0.170,+0.960
1584541500,+3.32, +2.143, +0.170,+0.960
1584541560,+3.32, +2.154, +0.169,+0.960
1584541620,+3.32, +2.133, +0.171,+0.960
1584541680,+3.32, +2.165, +0.170,+0.960
1584541740,+3.32, +2.154, +0.169,+0.960
1584541800,+3.32, +2.133, +0.169,+0.960
1584541860,+3.32, +2.165, +0.168,+0.960
1584541920,+3.32, +2.133, +0.170,+0.960
1584541980,+3.32, +2.165, +0.170,+0.960
1584542040,+3.32, +2.154, +0.170,+0.960
1584542100,+3.32, +2.154, +0.167,+0.960
1584542160,+3.32, +2.154, +0.169,+0.960
1584542220,+3.32, +2.143, +0.169,+0.960
1584542280,+3.32, +2.122, +0.170,+0.960
1584542340,+3.32, +2.143, +0.171,+0.960
1584542400,+3.32, +2.143, +0.169,+0.960
1584542460,+3.32, +2.154, +0.169,+0.960
1584542520,+3.32, +2.176, +0.168,+0.960
1584542580,+3.32, +2.133, +0.170,+0.960
1584542640,+3.32, +2.143, +0.169,+0.960
1584542700,+3.32, +2.165, +0.169,+0.960
1584542760,+3.32, +2.143, +0.170,+0.960
1584542820,+3.32, +2.133, +0.170,+0.960
1584542880,+3.32, +2.133, +0.170,+0.960
1584542940,+3.32, +2.133, +0.168,+0.960
1584543000,+3.32, +2.154, +0.169,+0.960
1584543060,+3.32, +2.165, +0.170,+0.960
1584543120,+3.32, +2.165, +0.169,+0.960
1584543180,+3.32, +2.122, +0.170,+0.960
1584543240,+3.32, +2.133, +0.170,+0.960
1584543300,+3.32, +2.133, +0.169,+0.960
1584543360,+3.32, +2.089, +0.172,+0.960
1584543420,+3.32, +2.133, +0.170,+0.960
1584543480,+3.32, +2.122, +0.169,+0.960
1584543540,+3.32, +2.122, +0.169,+0.960
1584543600,+3.32, +2.154, +0.168,+0.960
1584543660,+3.32, +2.143, +0.171,+0.960
1584543720,+3.32, +2.133, +0.169,+0.960
1584543780,+3.32, +2.143, +0.169,+0.960
1584543840,+3.32, +2.154, +0.170,+0.960
1584543900,+3.32, +2.143, +0.170,+0.960
1584543960,+3.32, +2.111, +0.170,+0.960
1584544020,+3.32, +2.111, +0.171,+0.960
1584544080,+3.32, +2.154, +0.169,+0.960
1584544140,+3.32, +2.143, +0.170,+0.960
1584544200,+3.32, +2.133, +0.170,+0.960
1584544260,+3.32, +2.122, +0.169,+0.960
1584544320,+3.32, +2.143, +0.169,+0.960
1584544380,+3.32, +2.154, +0.170,+0.960
1584544440,+3.32, +2.154, +0.167,+0.960
1584544500,+3.32, +2.122, +0.171,+0.960
1584544560,+3.32, +2.143, +0.169,+0.960
1584544620,+3.32, +2.133, +0.171,+0.960
1584544680,+3.32, +2.143, +0.169,+0.960
1584544740,+3.32, +2.143, +0.170,+0.960
1584544800,+3.32, +2.133, +0.170,+0.960
1584544860,+3.32, +2.111, +0.171,+0.960
1584544920,+3.32, +2.154, +0.170,+0.960
1584544980,+3.32, +2.133, +0.169,+0.960
1584545040,+3.32, +2.111, +0.171,+0.960
1584545100,+3.32, +2.111, +0.170,+0.960
1584545160,+3.32, +2.122, +0.170,+0.960
1584545220,+3.32, +2.143, +0.170,+0.960
1584545280,+3.32, +2.143, +0.169,+0.960
1584545340,+3.32, +2.133, +0.170,+0.960
1584545400,+3.32, +2.133, +0.169,+0.960
1584545460,+3.32, +2.133, +0.169,+0.960
1584545520,+3.32, +2.143, +0.170,+0.960
1584545580,+3.32, +2.143, +0.167,+0.960
1584545640,+3.32, +2.133, +0.169,+0.960
1584545700,+3.32, +2.133, +0.170,+0.960
1584545760,+3.32, +2.100, +0.171,+0.960
1584545820,+3.32, +2.133, +0.171,+0.960
1584545880,+3.32, +2.143, +0.169,+0.960
1584545940,+3.32, +2.133, +0.169,+0.960
1584546000,+3.32, +2.143, +0.169,+0.960
1584546060,+3.32, +2.143, +0.169,+0.960
1584546120,+3.32, +2.154, +0.170,+0.960
1584546180,+3.32, +2.133, +0.168,+0.960
1584546240,+3.32, +2.143, +0.170,+0.960
1584546300,+3.32, +2.143, +0.170,+0.960
1584546360,+3.32, +2.154, +0.169,+0.960
1584546420,+3.32, +2.133, +0.170,+0.960
1584546480,+3.32, +2.133, +0.169,+0.960
1584546540,+3.32, +2.133, +0.170,+0.960
1584546600,+3.32, +2.143, +0.170,+0.960
1584546660,+3.32, +2.111, +0.170,+0.960
1584546720,+3.32, +2.154, +0.171,+0.960
1584546780,+3.32, +2.133, +0.169,+0.960
1584546840,+3.32, +2.133, +0.169,+0.960
1584546900,+3.32, +2.154, +0.171,+0.960
1584546960,+3.32, +2.122, +0.171,+0.960
1584547020,+3.32, +2.154, +0.170,+0.960
1584547080,+3.32, +2.122, +0.170,+0.960
1584547140,+3.32, +2.133, +0.170,+0.960
1584547200,+3.32, +2.111, +0.171,+0.960
1584547260,+3.32, +2.143, +0.169,+0.960
1584547320,+3.32, +2.143, +0.168,+0.960
1584547380,+3.32, +2.111, +0.171,+0.960
1584547440,+3.32, +2.143, +0.168,+0.960
1584547500,+3.32, +2.122, +0.171,+0.960
1584547560,+3.32, +2.111, +0.171,+0.960
1584547620,+3.32, +2.133, +0.170,+0.960
1584547680,+3.32, +2.133, +0.168,+0.960
1584547740,+3.32, +2.111, +0.170,+0.960
1584547800,+3.32, +2.154, +0.170,+0.960
1584547860,+3.32, +2.122, +0.170,+0.960
1584547920,+3.32, +2.122, +0.170,+0.960
1584547980,+3.32, +2.133, +0.171,+0.960
1584548040,+3.32, +2.154, +0.168,+0.960
1584548100,+3.32, +2.143, +0.168,+0.960
1584548160,+3.32, +2.122, +0.169,+0.960
1584548220,+3.32, +2.165, +0.171,+0.960
1584548280,+3.32, +2.133, +0.169,+0.960
1584548340,+3.32, +2.067, +0.173,+0.960
1584548400,+3.32, +2.122, +0.172,+0.960
1584548460,+3.32, +2.143, +0.169,+0.960
1584548520,+3.32, +2.143, +0.170,+0.960
1584548580,+3.32, +2.133, +0.170,+0.960
1584548640,+3.32, +2.143, +0.170,+0.960
1584548700,+3.32, +2.111, +0.171,+0.960
1584548760,+3.32, +2.133, +0.172,+0.960
1584548820,+3.32, +2.133, +0.171,+0.960
1584548880,+3.32, +2.122, +0.170,+0.960
1584548940,+3.32, +2.122, +0.169,+0.960
1584549000,+3.32, +2.133, +0.171,+0.960
1584549060,+3.32, +2.133, +0.170,+0.960
1584549120,+3.32, +2.176, +0.170,+0.960
1584549180,+3.32, +2.133, +0.170,+0.960
1584549240,+3.32, +2.143, +0.171,+0.960
1584549300,+3.32, +2.133, +0.170,+0.960
1584549360,+3.32, +2.143, +0.169,+0.960
1584549420,+3.32, +2.143, +0.171,+0.960
1584549480,+3.32, +2.122, +0.171,+0.960
1584549540,+3.32, +2.154, +0.171,+0.960
1584549600,+3.32, +2.154, +0.169,+0.960
1584549660,+3.32, +2.154, +0.170,+0.960
1584549720,+3.32, +2.143, +0.169,+0.960
1584549780,+3.32, +2.143, +0.172,+0.960
1584549840,+3.32, +2.122, +0.170,+0.960
1584549900,+3.32, +2.133, +0.170,+0.960
1584549960,+3.32, +2.143, +0.170,+0.960
1584550020,+3.32, +2.133, +0.171,+0.960
1584550080,+3.32, +2.154, +0.170,+0.960
1584550140,+3.32, +2.133, +0.169,+0.960
1584550200,+3.32, +2.122, +0.169,+0.960
1584550260,+3.32, +2.165, +0.170,+0.960
1584550320,+3.32, +2.122, +0.169,+0.960
1584550380,+3.32, +2.154, +0.169,+0.960
1584550440,+3.32, +2.133, +0.171,+0.960
1584550500,+3.32, +2.154, +0.169,+0.960
1584550560,+3.32, +2.143, +0.170,+0.960
1584550620,+3.32, +2.133, +0.168,+0.960
1584550680,+3.32, +2.165, +0.170,+0.960
1584550740,+3.32, +2.122, +0.170,+0.960
1584550800,+3.32, +2.111, +0.171,+0.960
1584550860,+3.32, +2.133, +0.171,+0.960
1584550920,+3.32, +2.111, +0.171,+0.960
1584550980,+3.32, +2.133, +0.168,+0.960
1584551040,+3.32, +2.165, +0.170,+0.960
1584551100,+3.32, +2.154, +0.169,+0.960
1584551160,+3.32, +2.122, +0.171,+0.960
1584551220,+3.32, +2.143, +0.170,+0.960
1584551280,+3.32, +2.154, +0.169,+0.960
1584551340,+3.32, +2.143, +0.169,+0.960
1584551400,+3.32, +2.078, +0.170,+0.959
1584551460,+3.32, +2.122, +0.169,+0.960
1584551520,+3.32, +2.154, +0.167,+0.960
1584551580,+3.32, +2.154, +0.170,+0.960
1584551640,+3.32, +2.111, +0.169,+0.960
1584551700,+3.32, +2.133, +0.168,+0.960
1584551760,+3.32, +2.133, +0.170,+0.960
1584551820,+3.32, +2.143, +0.170,+0.960
1584551880,+3.32, +2.111, +0.170,+0.960
1584551940,+3.32, +2.154, +0.170,+0.960
1584552000,+3.32, +2.154, +0.170,+0.960
1584552060,+3.32, +2.111, +0.170,+0.960
1584552120,+3.32, +2.154, +0.169,+0.960
1584552180,+3.32, +2.154, +0.169,+0.960
1584552240,+3.32, +2.133, +0.171,+0.960
1584552300,+3.32, +2.122, +0.170,+0.960
1584552360,+3.32, +2.154, +0.169,+0.960
1584552420,+3.32, +2.143, +0.169,+0.960
1584552480,+3.32, +2.122, +0.170,+0.960
1584552540,+3.32, +2.122, +0.171,+0.960
1584552600,+3.32, +2.133, +0.171,+0.960
1584552660,+3.32, +2.154, +0.168,+0.960
1584552720,+3.32, +2.133, +0.170,+0.960
1584552780,+3.32, +2.143, +0.169,+0.960
1584552840,+3.32, +2.133, +0.170,+0.960
1584552900,+3.32, +2.111, +0.171,+0.960
1584552960,+3.32, +2.111, +0.170,+0.960
1584553020,+3.32, +2.143, +0.170,+0.960
1584553080,+3.32, +2.133, +0.168,+0.960
1584553140,+3.32, +2.143, +0.169,+0.960
1584553200,+3.32, +2.133, +0.171,+0.960
1584553260,+3.32, +2.154, +0.169,+0.960
1584553320,+3.32, +2.133, +0.169,+0.960
1584553380,+3.32, +2.143, +0.171,+0.960
1584553440,+3.32, +2.154, +0.169,+0.960
1584553500,+3.32, +2.154, +0.170,+0.960
1584553560,+3.32, +2.143, +0.168,+0.960
1584553620,+3.32, +2.143, +0.169,+0.960
1584553680,+3.32, +2.187, +0.170,+0.960
1584553740,+3.32, +2.176, +0.170,+0.960
1584553800,+3.32, +2.133, +0.169,+0.960
1584553860,+3.32, +2.143, +0.171,+0.960
1584553920,+3.32, +2.154, +0.169,+0.960
1584553980,+3.32, +2.133, +0.170,+0.960
1584554040,+3.32, +2.143, +0.169,+0.960
1584554100,+3.32, +2.111, +0.171,+0.960
1584554160,+3.32, +2.133, +0.170,+0.960
1584554220,+3.32, +2.143, +0.170,+0.960
1584554280,+3.32, +2.154, +0.171,+0.960
1584554340,+3.32, +2.154, +0.169,+0.960
1584554400,+3.32, +2.143, +0.170,+0.960
1584554460,+3.32, +2.133, +0.170,+0.960
1584554520,+3.32, +2.143, +0.170,+0.960
1584554580,+3.32, +2.100, +0.170,+0.960
1584554640,+3.32, +2.143, +0.170,+0.960
1584554700,+3.32, +2.133, +0.171,+0.960
1584554760,+3.32, +2.122, +0.170,+0.960
1584554820,+3.32, +2.133, +0.170,+0.960
1584554880,+3.32, +2.143, +0.170,+0.960
1584554940,+3.32, +2.154, +0.170,+0.960
1584555000,+3.32, +2.165, +0.169,+0.960
1584555060,+3.32, +2.143, +0.170,+0.960
1584555120,+3.32, +2.143, +0.170,+0.960
1584555180,+3.32, +2.133, +0.171,+0.960
1584555240,+3.32, +2.100, +0.169,+0.960
1584555300,+3.32, +2.143, +0.171,+0.960
1584555360,+3.32, +2.122, +0.169,+0.960
1584555420,+3.32, +2.165, +0.168,+0.960
1584555480,+3.32, +2.111, +0.170,+0.960
1584555540,+3.32, +2.133, +0.169,+0.960
1584555600,+3.32, +2.122, +0.170,+0.960
1584555660,+3.32, +2.154, +0.171,+0.960
1584555720,+3.32, +2.143, +0.170,+0.960
1584555780,+3.32, +2.111, +0.171,+0.960
1584555840,+3.32, +2.122, +0.169,+0.960
1584555900,+3.32, +2.154, +0.170,+0.960
1584555960,+3.32, +2.154, +0.171,+0.960
1584556020,+3.32, +2.154, +0.169,+0.960
1584556080,+3.32, +2.133, +0.170,+0.960
1584556140,+3.32, +2.143, +0.170,+0.960
1584556200,+3.32, +2.133, +0.172,+0.960
1584556260,+3.32, +2.154, +0.169,+0.960
1584556320,+3.32, +2.143, +0.172,+0.960
1584556380,+3.32, +2.133, +0.172,+0.960
1584556440,+3.32, +2.133, +0.170,+0.960
1584556500,+3.32, +2.133, +0.170,+0.960
1584556560,+3.32, +2.143, +0.168,+0.960
1584556620,+3.32, +2.133, +0.170,+0.960
1584556680,+3.32, +2.154, +0.170,+0.960
1584556740,+3.32, +2.154, +0.170,+0.960
1584556800,+3.32, +2.133, +0.171,+0.960
1584556860,+3.32, +2.154, +0.169,+0.960
1584556920,+3.32, +2.133, +0.171,+0.960
1584556980,+3.32, +2.165, +0.170,+0.960
1584557040,+3.32, +2.122, +0.170,+0.960
1584557100,+3.32, +2.133, +0.170,+0.960
1584557160,+3.32, +2.133, +0.170,+0.960
1584557220,+3.32, +2.133, +0.171,+0.960
1584557280,+3.32, +2.122, +0.170,+0.960
1584557340,+3.32, +2.143, +0.171,+0.960
1584557400,+3.32, +2.122, +0.169,+0.960
1584557460,+3.32, +2.133, +0.170,+0.960
1584557520,+3.32, +2.111, +0.170,+0.960
1584557580,+3.32, +2.133, +0.171,+0.960
1584557640,+3.32, +2.133, +0.170,+0.960
1584557700,+3.32, +2.122, +0.169,+0.960
1584557760,+3.32, +2.187, +0.169,+0.960
1584557820,+3.32, +2.133, +0.171,+0.960
1584557880,+3.32, +2.154, +0.170,+0.960
1584557940,+3.32, +2.143, +0.170,+0.960
1584558000,+3.32, +2.154, +0.169,+0.960
1584558060,+3.32, +2.133, +0.169,+0.960
1584558120,+3.32, +2.122, +0.172,+0.960
1584558180,+3.32, +2.133, +0.168,+0.960
1584558240,+3.32, +2.143, +0.170,+0.960
1584558300,+3.32, +2.143, +0.171,+0.960
1584558360,+3.32, +2.143, +0.169,+0.960
1584558420,+3.32, +2.111, +0.170,+0.960
1584558480,+3.32, +2.154, +0.169,+0.960
1584558540,+3.32, +2.089, +0.169,+0.960
1584558600,+3.32, +2.122, +0.171,+0.960
1584558660,+3.32, +2.143, +0.171,+0.960
1584558720,+3.32, +2.133, +0.169,+0.960
1584558780,+3.32, +2.133, +0.171,+0.960
1584558840,+3.32, +2.133, +0.169,+0.960
1584558900,+3.32, +2.122, +0.169,+0.960
1584558960,+3.32, +2.100, +0.169,+0.960
1584559020,+3.32, +2.133, +0.170,+0.960
1584559080,+3.32, +2.154, +0.169,+0.960
1584559140,+3.32, +2.165, +0.168,+0.960
1584559200,+3.32, +2.111, +0.171,+0.960
1584559260,+3.32, +2.133, +0.169,+0.960
1584559320,+3.32, +2.111, +0.171,+0.960
1584559380,+3.32, +2.122, +0.170,+0.960
1584559440,+3.32, +2.122, +0.169,+0.960
1584559500,+3.32, +2.165, +0.172,+0.960
1584559560,+3.32, +2.133, +0.170,+0.960
1584559620,+3.32, +2.143, +0.169,+0.960
1584559680,+3.32, +2.143, +0.169,+0.960
1584559740,+3.32, +2.154, +0.170,+0.960
1584559800,+3.32, +2.154, +0.169,+0.960
1584559860,+3.32, +2.111, +0.170,+0.960
1584559920,+3.32, +2.154, +0.170,+0.960
1584559980,+3.32, +2.133, +0.168,+0.960
1584560040,+3.32, +2.133, +0.169,+0.960
1584560100,+3.32, +2.143, +0.169,+0.960
1584560160,+3.32, +2.100, +0.169,+0.960
1584560220,+3.32, +2.122, +0.170,+0.960
1584560280,+3.32, +2.133, +0.171,+0.960
1584560340,+3.32, +2.133, +0.170,+0.960
1584560400,+3.32, +2.154, +0.169,+0.960
1584560460,+3.32, +2.154, +0.171,+0.960
1584560520,+3.32, +2.187, +0.169,+0.960
1584560580,+3.32, +2.143, +0.171,+0.960
1584560640,+3.32, +2.133, +0.169,+0.960
1584560700,+3.32, +2.143, +0.171,+0.960
1584560760,+3.32, +2.133, +0.169,+0.960
1584560820,+3.32, +2.143, +0.171,+0.960
1584560880,+3.32, +2.122, +0.170,+0.960
1584560940,+3.32, +2.143, +0.169,+0.960
1584561000,+3.32, +2.143, +0.169,+0.960
1584561060,+3.32, +2.100, +0.170,+0.960
1584561120,+3.32, +2.111, +0.170,+0.960
1584561180,+3.32, +2.143, +0.170,+0.960
1584561240,+3.32, +2.143, +0.169,+0.960
1584561300,+3.32, +2.100, +0.171,+0.960
1584561360,+3.32, +2.143, +0.170,+0.960
1584561420,+3.32, +2.122, +0.171,+0.960
1584561480,+3.32, +2.154, +0.170,+0.960
1584561540,+3.32, +2.122, +0.169,+0.960
1584561600,+3.32, +2.100, +0.172,+0.960
1584561660,+3.32, +2.165, +0.170,+0.960
1584561720,+3.32, +2.133, +0.171,+0.960
1584561780,+3.32, +2.133, +0.171,+0.960
1584561840,+3.32, +2.154, +0.169,+0.960
1584561900,+3.32, +2.133, +0.168,+0.960
1584561960,+3.32, +2.111, +0.169,+0.960
1584562020,+3.32, +2.154, +0.170,+0.960
1584562080,+3.32, +2.122, +0.171,+0.960
1584562140,+3.32, +2.143, +0.168,+0.960
1584562200,+3.32, +2.133, +0.169,+0.960
1584562260,+3.32, +2.165, +0.170,+0.960
1584562320,+3.32, +2.154, +0.170,+0.960
1584562380,+3.32, +2.143, +0.169,+0.960
1584562440,+3.32, +2.154, +0.170,+0.960
1584562500,+3.32, +2.143, +0.169,+0.960
1584562560,+3.32, +2.133, +0.169,+0.960
1584562620,+3.32, +2.122, +0.169,+0.960
1584562680,+3.32, +2.133, +0.171,+0.960
1584562740,+3.32, +2.143, +0.169,+0.960
1584562800,+3.32, +2.122, +0.170,+0.960
1584562860,+3.32, +2.133, +0.169,+0.960
1584562920,+3.32, +2.111, +0.173,+0.960
1584562980,+3.32, +2.154, +0.169,+0.960
1584563040,+3.32, +2.133, +0.168,+0.960
1584563100,+3.32, +2.154, +0.170,+0.960
1584563160,+3.32, +2.133, +0.169,+0.960
1584563220,+3.32, +2.111, +0.169,+0.960
1584563280,+3.32, +2.143, +0.170,+0.960
1584563340,+3.32, +2.143, +0.171,+0.960
1584563400,+3.32, +2.122, +0.171,+0.960
1584563460,+3.32, +2.165, +0.169,+0.960
1584563520,+3.32, +2.143, +0.171,+0.960
1584563580,+3.32, +2.122, +0.171,+0.960
1584563640,+3.32, +2.165, +0.169,+0.960
1584563700,+3.32, +2.154, +0.169,+0.960
1584563760,+3.32, +2.122, +0.170,+0.960
1584563820,+3.32, +2.133, +0.171,+0.960
1584563880,+3.32, +2.143, +0.171,+0.960
1584563940,+3.32, +2.133, +0.170,+0.960
1584564000,+3.32, +2.133, +0.170,+0.960
1584564060,+3.32, +2.133, +0.169,+0.960
1584564120,+3.32, +2.111, +0.171,+0.960
1584564180,+3.32, +2.154, +0.169,+0.960
1584564240,+3.32, +2.122, +0.169,+0.960
1584564300,+3.32, +2.143, +0.169,+0.960
1584564360,+3.32, +2.143, +0.169,+0.960
1584564420,+3.32, +2.143, +0.170,+0.960
1584564480,+3.32, +2.133, +0.169,+0.960
1584564540,+3.32, +2.133, +0.169,+0.960
1584564600,+3.32, +2.143, +0.170,+0.960
