7392-570653
OS REV: 1.11 Sensor Cal: 1428445788
Time (sec),  BV (Volts),  T (deg C),  DO (mg/l),  Q ()
1586983860,+3.32, +2.897, +5.196,+0.987
1586983920,+3.32, +2.907, +5.191,+0.987
1586983980,+3.32, +2.907, +5.184,+0.987
1586984040,+3.32, +2.886, +5.192,+0.987
1586984100,+3.32, +2.897, +5.176,+0.986
1586984160,+3.32, +2.897, +5.179,+0.987
1586984220,+3.32, +2.928, +5.173,+0.987
1586984280,+3.32, +2.886, +5.190,+0.987
1586984340,+3.32, +2.907, +5.174,+0.987
1586984400,+3.32, +2.918, +5.097,+0.987
1586984460,+3.32, +2.907, +5.121,+0.987
1586984520,+3.32, +2.907, +5.135,+0.987
1586984580,+3.32, +2.918, +5.140,+0.987
1586984640,+3.32, +2.918, +5.150,+0.987
1586984700,+3.32, +2.907, +5.150,+0.987
1586984760,+3.32, +2.907, +5.150,+0.987
1586984820,+3.32, +2.897, +5.150,+0.986
1586984880,+3.32, +2.897, +5.159,+0.987
1586984940,+3.32, +2.897, +5.150,+0.987
1586985000,+3.32, +2.918, +5.139,+0.987
1586985060,+3.32, +2.886, +5.150,+0.987
1586985120,+3.32, +2.907, +5.134,+0.987
1586985180,+3.32, +2.928, +5.128,+0.987
1586985240,+3.32, +2.928, +5.123,+0.987
1586985300,+3.32, +2.886, +5.123,+0.986
1586985360,+3.32, +2.907, +5.124,+0.987
1586985420,+3.32, +2.907, +5.113,+0.987
1586985480,+3.32, +2.875, +5.114,+0.987
1586985540,+3.32, +2.907, +5.097,+0.986
1586985600,+3.32, +2.886, +5.100,+0.987
1586985660,+3.32, +2.897, +5.098,+0.987
1586985720,+3.32, +2.907, +5.087,+0.987
1586985780,+3.32, +2.907, +5.086,+0.987
1586985840,+3.32, +2.897, +5.080,+0.987
1586985900,+3.32, +2.918, +5.073,+0.987
1586985960,+3.32, +2.886, +5.074,+0.987
1586986020,+3.32, +2.875, +5.072,+0.987
1586986080,+3.32, +2.897, +5.061,+0.987
1586986140,+3.32, +2.918, +5.059,+0.987
1586986200,+3.32, +2.907, +5.059,+0.987
1586986260,+3.32, +2.907, +5.049,+0.987
1586986320,+3.32, +2.939, +5.039,+0.987
1586986380,+3.32, +2.897, +5.041,+0.987
1586986440,+3.32, +2.897, +5.047,+0.987
1586986500,+3.32, +2.897, +5.037,+0.987
1586986560,+3.32, +2.939, +5.026,+0.987
1586986620,+3.32, +2.897, +5.036,+0.987
1586986680,+3.32, +2.928, +5.028,+0.987
1586986740,+3.32, +2.918, +5.021,+0.986
1586986800,+3.32, +2.886, +5.032,+0.987
1586986860,+3.32, +2.886, +5.031,+0.987
1586986920,+3.32, +2.897, +5.026,+0.987
1586986980,+3.32, +2.918, +5.023,+0.987
1586987040,+3.32, +2.907, +5.027,+0.987
1586987100,+3.32, +2.918, +5.019,+0.986
1586987160,+3.32, +2.886, +5.029,+0.986
1586987220,+3.32, +2.811, +5.051,+0.987
1586987280,+3.32, +2.907, +5.029,+0.987
1586987340,+3.32, +2.907, +5.033,+0.987
1586987400,+3.32, +2.886, +5.043,+0.987
1586987460,+3.32, +2.907, +5.037,+0.986
1586987520,+3.32, +2.918, +5.047,+0.987
1586987580,+3.32, +2.854, +5.056,+0.987
1586987640,+3.32, +2.897, +5.051,+0.987
1586987700,+3.32, +2.907, +5.055,+0.987
1586987760,+3.32, +2.897, +5.061,+0.986
1586987820,+3.32, +2.886, +5.071,+0.987
1586987880,+3.32, +2.907, +5.074,+0.987
1586987940,+3.32, +2.907, +5.071,+0.987
1586988000,+3.32, +2.886, +5.085,+0.986
1586988060,+3.32, +2.897, +5.088,+0.987
1586988120,+3.32, +2.897, +5.101,+0.987
1586988180,+3.32, +2.918, +5.097,+0.987
1586988240,+3.32, +2.907, +5.104,+0.987
1586988300,+3.32, +2.907, +5.102,+0.987
1586988360,+3.32, +2.897, +5.099,+0.986
1586988420,+3.32, +2.886, +5.110,+0.987
1586988480,+3.32, +2.886, +5.112,+0.986
1586988540,+3.32, +2.897, +5.116,+0.987
1586988600,+3.32, +2.907, +5.111,+0.986
1586988660,+3.32, +2.918, +5.113,+0.987
1586988720,+3.32, +2.897, +5.124,+0.987
1586988780,+3.32, +2.886, +5.127,+0.987
1586988840,+3.32, +2.918, +5.123,+0.987
1586988900,+3.32, +2.897, +5.119,+0.987
1586988960,+3.32, +2.897, +5.134,+0.987
1586989020,+3.32, +2.907, +5.121,+0.987
1586989080,+3.32, +2.886, +5.125,+0.987
1586989140,+3.32, +2.907, +5.122,+0.987
1586989200,+3.32, +2.897, +5.119,+0.986
1586989260,+3.32, +2.897, +5.121,+0.987
1586989320,+3.32, +2.897, +5.118,+0.987
1586989380,+3.32, +2.897, +5.122,+0.987
1586989440,+3.32, +2.907, +5.116,+0.987
1586989500,+3.32, +2.918, +5.110,+0.987
1586989560,+3.32, +2.865, +5.113,+0.986
1586989620,+3.32, +2.886, +5.112,+0.987
1586989680,+3.32, +2.907, +5.100,+0.987
1586989740,+3.32, +2.886, +5.106,+0.987
1586989800,+3.32, +2.918, +5.099,+0.987
1586989860,+3.32, +2.897, +5.094,+0.987
1586989920,+3.32, +2.886, +5.095,+0.987
1586989980,+3.32, +2.875, +5.097,+0.987
1586990040,+3.32, +2.875, +5.095,+0.987
1586990100,+3.32, +2.897, +5.081,+0.987
1586990160,+3.32, +2.875, +5.081,+0.987
1586990220,+3.32, +2.875, +5.072,+0.987
1586990280,+3.32, +2.875, +5.076,+0.987
1586990340,+3.32, +2.907, +5.067,+0.987
1586990400,+3.32, +2.886, +5.062,+0.986
1586990460,+3.32, +2.886, +5.063,+0.987
1586990520,+3.32, +2.897, +5.059,+0.987
1586990580,+3.32, +2.886, +5.063,+0.987
1586990640,+3.32, +2.886, +5.058,+0.987
1586990700,+3.32, +2.897, +5.059,+0.987
1586990760,+3.32, +2.907, +5.055,+0.987
1586990820,+3.32, +2.897, +5.063,+0.987
1586990880,+3.32, +2.897, +5.055,+0.986
1586990940,+3.32, +2.875, +5.063,+0.987
1586991000,+3.32, +2.907, +5.057,+0.986
1586991060,+3.32, +2.875, +5.074,+0.987
1586991120,+3.32, +2.865, +5.071,+0.986
1586991180,+3.32, +2.897, +5.068,+0.987
1586991240,+3.32, +2.875, +5.074,+0.987
1586991300,+3.32, +2.886, +5.065,+0.986
1586991360,+3.32, +2.886, +5.071,+0.987
1586991420,+3.32, +2.897, +5.070,+0.987
1586991480,+3.32, +2.918, +5.069,+0.987
1586991540,+3.32, +2.875, +5.077,+0.987
1586991600,+3.32, +2.865, +5.078,+0.987
1586991660,+3.32, +2.886, +5.082,+0.987
1586991720,+3.32, +2.897, +5.077,+0.987
1586991780,+3.32, +2.897, +5.073,+0.986
1586991840,+3.32, +2.875, +5.084,+0.987
1586991900,+3.32, +2.886, +5.081,+0.987
1586991960,+3.32, +2.907, +5.077,+0.987
1586992020,+3.32, +2.897, +5.082,+0.987
1586992080,+3.32, +2.897, +5.082,+0.986
1586992140,+3.32, +2.886, +5.089,+0.987
1586992200,+3.32, +2.897, +5.094,+0.987
1586992260,+3.32, +2.875, +5.091,+0.987
1586992320,+3.32, +2.886, +5.095,+0.987
1586992380,+3.32, +2.875, +5.100,+0.987
1586992440,+3.32, +2.886, +5.098,+0.987
1586992500,+3.32, +2.907, +5.098,+0.987
1586992560,+3.32, +2.865, +5.111,+0.987
1586992620,+3.32, +2.886, +5.104,+0.987
1586992680,+3.32, +2.897, +5.109,+0.987
1586992740,+3.32, +2.897, +5.103,+0.987
1586992800,+3.32, +2.886, +5.107,+0.987
1586992860,+3.32, +2.907, +5.103,+0.986
1586992920,+3.32, +2.886, +5.111,+0.987
1586992980,+3.32, +2.886, +5.111,+0.986
1586993040,+3.32, +2.897, +5.112,+0.987
1586993100,+3.32, +2.907, +5.111,+0.987
1586993160,+3.32, +2.865, +5.118,+0.987
1586993220,+3.32, +2.875, +5.116,+0.986
1586993280,+3.32, +2.897, +5.109,+0.987
1586993340,+3.32, +2.886, +5.112,+0.987
1586993400,+3.32, +2.875, +5.118,+0.987
1586993460,+3.32, +2.875, +5.109,+0.986
1586993520,+3.32, +2.833, +5.122,+0.987
1586993580,+3.32, +2.897, +5.104,+0.987
1586993640,+3.32, +2.897, +5.106,+0.987
1586993700,+3.32, +2.907, +5.100,+0.987
1586993760,+3.32, +2.886, +5.099,+0.987
1586993820,+3.32, +2.907, +5.091,+0.987
1586993880,+3.32, +2.897, +5.093,+0.987
1586993940,+3.32, +2.886, +5.083,+0.986
1586994000,+3.32, +2.886, +5.085,+0.987
1586994060,+3.32, +2.907, +5.082,+0.987
1586994120,+3.32, +2.897, +5.078,+0.987
1586994180,+3.32, +2.875, +5.078,+0.987
1586994240,+3.32, +2.907, +5.059,+0.986
1586994300,+3.32, +2.886, +5.070,+0.987
1586994360,+3.32, +2.907, +5.060,+0.987
1586994420,+3.32, +2.907, +5.053,+0.987
1586994480,+3.32, +2.918, +5.043,+0.986
1586994540,+3.32, +2.928, +5.038,+0.987
1586994600,+3.32, +2.907, +5.038,+0.987
1586994660,+3.32, +2.907, +5.030,+0.987
1586994720,+3.32, +2.897, +5.030,+0.987
1586994780,+3.32, +2.907, +5.016,+0.987
1586994840,+3.32, +2.886, +5.018,+0.986
1586994900,+3.32, +2.897, +5.013,+0.987
1586994960,+3.32, +2.897, +5.001,+0.987
1586995020,+3.32, +2.897, +4.993,+0.987
1586995080,+3.32, +2.918, +4.975,+0.986
1586995140,+3.32, +2.907, +4.976,+0.987
1586995200,+3.32, +2.875, +4.979,+0.987
1586995260,+3.32, +2.886, +4.959,+0.986
1586995320,+3.32, +2.907, +4.954,+0.987
1586995380,+3.32, +2.928, +4.936,+0.987
1586995440,+3.32, +2.875, +4.948,+0.987
1586995500,+3.32, +2.907, +4.928,+0.987
1586995560,+3.32, +2.897, +4.930,+0.987
1586995620,+3.32, +2.875, +4.930,+0.987
1586995680,+3.32, +2.875, +4.924,+0.987
1586995740,+3.32, +2.907, +4.917,+0.986
1586995800,+3.32, +2.886, +4.922,+0.987
1586995860,+3.32, +2.886, +4.917,+0.987
1586995920,+3.32, +2.875, +4.925,+0.987
1586995980,+3.32, +2.865, +4.923,+0.987
1586996040,+3.32, +2.897, +4.908,+0.986
1586996100,+3.32, +2.886, +4.911,+0.987
1586996160,+3.32, +2.875, +4.916,+0.986
1586996220,+3.32, +2.897, +4.913,+0.987
1586996280,+3.32, +2.875, +4.917,+0.986
1586996340,+3.32, +2.875, +4.926,+0.987
1586996400,+3.32, +2.886, +4.928,+0.987
1586996460,+3.32, +2.886, +4.922,+0.987
1586996520,+3.32, +2.886, +4.925,+0.986
1586996580,+3.32, +2.875, +4.939,+0.987
1586996640,+3.32, +2.875, +4.933,+0.986
1586996700,+3.32, +2.875, +4.942,+0.987
1586996760,+3.32, +2.865, +4.954,+0.987
1586996820,+3.32, +2.918, +4.941,+0.987
1586996880,+3.32, +2.875, +4.962,+0.987
1586996940,+3.32, +2.886, +4.966,+0.987
1586997000,+3.32, +2.854, +4.992,+0.987
1586997060,+3.32, +2.875, +4.985,+0.987
1586997120,+3.32, +2.865, +4.991,+0.986
1586997180,+3.32, +2.865, +5.012,+0.987
1586997240,+3.32, +2.865, +5.014,+0.987
1586997300,+3.32, +2.865, +5.032,+0.987
1586997360,+3.32, +2.843, +5.040,+0.986
1586997420,+3.32, +2.865, +5.050,+0.986
1586997480,+3.32, +2.865, +5.058,+0.986
1586997540,+3.32, +2.865, +5.074,+0.987
1586997600,+3.32, +2.865, +5.084,+0.987
1586997660,+3.32, +2.875, +5.090,+0.987
1586997720,+3.32, +2.875, +5.095,+0.987
1586997780,+3.32, +2.865, +5.105,+0.987
1586997840,+3.32, +2.928, +5.102,+0.987
1586997900,+3.32, +2.875, +5.122,+0.987
1586997960,+3.32, +2.875, +5.132,+0.987
1586998020,+3.32, +2.865, +5.143,+0.987
1586998080,+3.32, +2.875, +5.144,+0.987
1586998140,+3.32, +2.875, +5.156,+0.987
1586998200,+3.32, +2.854, +5.166,+0.987
1586998260,+3.32, +2.875, +5.168,+0.987
1586998320,+3.32, +2.886, +5.180,+0.987
1586998380,+3.32, +2.865, +5.185,+0.986
1586998440,+3.32, +2.875, +5.194,+0.987
1586998500,+3.32, +2.897, +5.195,+0.987
1586998560,+3.32, +2.907, +5.194,+0.987
1586998620,+3.32, +2.833, +5.216,+0.987
1586998680,+3.32, +2.854, +5.215,+0.987
1586998740,+3.32, +2.875, +5.220,+0.987
1586998800,+3.32, +2.865, +5.225,+0.986
1586998860,+3.32, +2.854, +5.226,+0.987
1586998920,+3.32, +2.886, +5.222,+0.987
1586998980,+3.32, +2.886, +5.231,+0.987
1586999040,+3.32, +2.854, +5.236,+0.987
1586999100,+3.32, +2.843, +5.245,+0.987
1586999160,+3.32, +2.865, +5.243,+0.987
1586999220,+3.32, +2.865, +5.249,+0.987
1586999280,+3.32, +2.875, +5.241,+0.986
1586999340,+3.32, +2.886, +5.247,+0.987
1586999400,+3.32, +2.865, +5.250,+0.987
1586999460,+3.32, +2.854, +5.260,+0.987
1586999520,+3.32, +2.854, +5.255,+0.986
1586999580,+3.32, +2.843, +5.270,+0.987
1586999640,+3.32, +2.854, +5.273,+0.987
1586999700,+3.32, +2.854, +5.271,+0.987
1586999760,+3.32, +2.854, +5.280,+0.987
1586999820,+3.32, +2.875, +5.282,+0.987
1586999880,+3.32, +2.865, +5.288,+0.987
1586999940,+3.32, +2.854, +5.292,+0.987
1587000000,+3.32, +2.854, +5.292,+0.986
1587000060,+3.32, +2.875, +5.303,+0.987
1587000120,+3.32, +2.886, +5.296,+0.987
1587000180,+3.32, +2.843, +5.312,+0.987
1587000240,+3.32, +2.843, +5.318,+0.987
1587000300,+3.32, +2.854, +5.318,+0.987
1587000360,+3.32, +2.843, +5.326,+0.987
1587000420,+3.32, +2.865, +5.329,+0.987
1587000480,+3.32, +2.854, +5.324,+0.987
1587000540,+3.32, +2.875, +5.326,+0.987
1587000600,+3.32, +2.875, +5.332,+0.987
1587000660,+3.32, +2.854, +5.332,+0.987
1587000720,+3.32, +2.875, +5.331,+0.987
1587000780,+3.32, +2.886, +5.329,+0.987
1587000840,+3.32, +2.854, +5.333,+0.987
1587000900,+3.32, +2.865, +5.338,+0.987
1587000960,+3.32, +2.886, +5.332,+0.987
1587001020,+3.32, +2.865, +5.332,+0.987
1587001080,+3.32, +2.875, +5.328,+0.986
1587001140,+3.32, +2.875, +5.331,+0.987
1587001200,+3.32, +2.886, +5.332,+0.987
1587001260,+3.32, +2.865, +5.332,+0.987
1587001320,+3.32, +2.854, +5.338,+0.987
1587001380,+3.32, +2.897, +5.320,+0.987
1587001440,+3.32, +2.854, +5.328,+0.986
1587001500,+3.32, +2.875, +5.322,+0.987
1587001560,+3.32, +2.875, +5.318,+0.987
1587001620,+3.32, +2.897, +5.316,+0.987
1587001680,+3.32, +2.865, +5.312,+0.986
1587001740,+3.32, +2.854, +5.320,+0.987
1587001800,+3.32, +2.865, +5.311,+0.987
1587001860,+3.32, +2.886, +5.306,+0.987
1587001920,+3.32, +2.875, +5.301,+0.987
1587001980,+3.32, +2.875, +5.307,+0.987
1587002040,+3.32, +2.897, +5.289,+0.987
1587002100,+3.32, +2.886, +5.286,+0.987
1587002160,+3.32, +2.886, +5.283,+0.987
1587002220,+3.32, +2.843, +5.281,+0.986
1587002280,+3.32, +2.865, +5.280,+0.987
1587002340,+3.32, +2.886, +5.269,+0.987
1587002400,+3.32, +2.875, +5.268,+0.987
1587002460,+3.32, +2.865, +5.267,+0.987
1587002520,+3.32, +2.865, +5.271,+0.987
1587002580,+3.32, +2.875, +5.260,+0.987
1587002640,+3.32, +2.875, +5.260,+0.987
1587002700,+3.32, +2.886, +5.248,+0.987
1587002760,+3.32, +2.854, +5.258,+0.987
1587002820,+3.32, +2.886, +5.253,+0.987
1587002880,+3.32, +2.886, +5.248,+0.987
1587002940,+3.32, +2.854, +5.254,+0.987
1587003000,+3.32, +2.865, +5.256,+0.987
1587003060,+3.32, +2.865, +5.251,+0.987
1587003120,+3.32, +2.865, +5.253,+0.987
1587003180,+3.32, +2.875, +5.247,+0.987
1587003240,+3.32, +2.886, +5.242,+0.987
1587003300,+3.32, +2.865, +5.242,+0.986
1587003360,+3.32, +2.875, +5.241,+0.987
1587003420,+3.32, +2.875, +5.238,+0.986
1587003480,+3.32, +2.886, +5.232,+0.987
1587003540,+3.32, +2.811, +5.249,+0.986
1587003600,+3.32, +2.854, +5.238,+0.987
1587003660,+3.32, +2.875, +5.239,+0.987
1587003720,+3.32, +2.875, +5.237,+0.987
1587003780,+3.32, +2.865, +5.241,+0.987
1587003840,+3.32, +2.875, +5.231,+0.986
1587003900,+3.32, +2.886, +5.233,+0.987
1587003960,+3.32, +2.854, +5.243,+0.987
1587004020,+3.32, +2.865, +5.232,+0.987
1587004080,+3.32, +2.854, +5.238,+0.987
1587004140,+3.32, +2.865, +5.239,+0.987
1587004200,+3.32, +2.865, +5.229,+0.986
1587004260,+3.32, +2.865, +5.228,+0.986
1587004320,+3.32, +2.875, +5.228,+0.987
1587004380,+3.32, +2.854, +5.239,+0.987
1587004440,+3.32, +2.865, +5.229,+0.986
1587004500,+3.32, +2.886, +5.229,+0.986
1587004560,+3.32, +2.865, +5.240,+0.987
1587004620,+3.32, +2.865, +5.236,+0.986
1587004680,+3.32, +2.875, +5.250,+0.987
1587004740,+3.32, +2.886, +5.245,+0.987
1587004800,+3.32, +2.865, +5.246,+0.986
1587004860,+3.32, +2.897, +5.247,+0.987
1587004920,+3.32, +2.854, +5.263,+0.987
1587004980,+3.32, +2.865, +5.262,+0.987
1587005040,+3.32, +2.822, +5.274,+0.987
1587005100,+3.32, +2.886, +5.260,+0.987
1587005160,+3.32, +2.865, +5.273,+0.987
1587005220,+3.32, +2.854, +5.272,+0.987
1587005280,+3.32, +2.865, +5.268,+0.987
1587005340,+3.32, +2.865, +5.271,+0.987
1587005400,+3.32, +2.886, +5.267,+0.987
1587005460,+3.32, +2.865, +5.272,+0.987
1587005520,+3.32, +2.865, +5.269,+0.987
1587005580,+3.32, +2.875, +5.268,+0.987
1587005640,+3.32, +2.875, +5.265,+0.987
1587005700,+3.32, +2.865, +5.274,+0.987
1587005760,+3.32, +2.865, +5.272,+0.987
1587005820,+3.32, +2.886, +5.268,+0.987
1587005880,+3.32, +2.854, +5.275,+0.987
1587005940,+3.32, +2.875, +5.264,+0.987
1587006000,+3.32, +2.886, +5.124,+0.986
1587006060,+3.32, +2.875, +5.103,+0.987
1587006120,+3.32, +2.854, +5.107,+0.987
1587006180,+3.32, +2.875, +5.100,+0.987
1587006240,+3.32, +2.886, +5.108,+0.987
1587006300,+3.32, +2.875, +5.110,+0.987
1587006360,+3.32, +2.918, +5.107,+0.987
1587006420,+3.32, +2.875, +5.114,+0.987
1587006480,+3.32, +2.875, +5.123,+0.987
1587006540,+3.32, +2.886, +5.119,+0.987
1587006600,+3.32, +2.865, +5.128,+0.987
1587006660,+3.32, +2.897, +5.122,+0.987
1587006720,+3.32, +2.875, +5.121,+0.987
1587006780,+3.32, +2.886, +5.123,+0.987
1587006840,+3.32, +2.875, +5.132,+0.987
1587006900,+3.32, +2.886, +5.120,+0.987
1587006960,+3.32, +2.865, +5.130,+0.987
1587007020,+3.32, +2.875, +5.131,+0.987
1587007080,+3.32, +2.886, +5.126,+0.987
1587007140,+3.32, +2.875, +5.129,+0.987
1587007200,+3.32, +2.918, +5.114,+0.987
1587007260,+3.32, +2.918, +5.109,+0.987
1587007320,+3.32, +2.875, +5.129,+0.987
1587007380,+3.32, +2.875, +5.120,+0.986
1587007440,+3.32, +2.875, +5.123,+0.987
1587007500,+3.32, +2.886, +5.126,+0.987
1587007560,+3.32, +2.897, +5.112,+0.987
1587007620,+3.32, +2.897, +5.117,+0.987
1587007680,+3.32, +2.897, +5.111,+0.986
1587007740,+3.32, +2.907, +5.119,+0.987
1587007800,+3.32, +2.875, +5.113,+0.987
1587007860,+3.32, +2.907, +5.114,+0.987
1587007920,+3.32, +2.886, +5.111,+0.987
1587007980,+3.32, +2.865, +5.120,+0.987
1587008040,+3.32, +2.897, +5.105,+0.987
1587008100,+3.32, +2.886, +5.106,+0.987
1587008160,+3.32, +2.897, +5.103,+0.987
1587008220,+3.32, +2.875, +5.100,+0.987
1587008280,+3.32, +2.897, +5.093,+0.987
1587008340,+3.32, +2.897, +5.090,+0.987
1587008400,+3.32, +2.918, +5.084,+0.987
1587008460,+3.32, +2.875, +5.092,+0.987
1587008520,+3.32, +2.897, +5.079,+0.987
1587008580,+3.32, +2.897, +5.078,+0.987
1587008640,+3.32, +2.886, +5.075,+0.987
1587008700,+3.32, +2.875, +5.078,+0.987
1587008760,+3.32, +2.897, +5.064,+0.987
1587008820,+3.32, +2.833, +5.075,+0.987
1587008880,+3.32, +2.886, +5.059,+0.987
1587008940,+3.32, +2.918, +5.048,+0.987
1587009000,+3.32, +2.865, +5.054,+0.987
1587009060,+3.32, +2.907, +5.039,+0.987
1587009120,+3.32, +2.897, +5.036,+0.987
1587009180,+3.32, +2.886, +5.037,+0.987
1587009240,+3.32, +2.928, +5.020,+0.987
1587009300,+3.32, +2.875, +5.023,+0.986
1587009360,+3.32, +2.886, +5.022,+0.987
1587009420,+3.32, +2.865, +5.022,+0.987
1587009480,+3.32, +2.886, +5.007,+0.987
1587009540,+3.32, +2.897, +4.996,+0.986
1587009600,+3.32, +2.886, +4.994,+0.986
1587009660,+3.32, +2.875, +4.993,+0.986
1587009720,+3.32, +2.886, +4.990,+0.987
1587009780,+3.32, +2.875, +4.985,+0.987
1587009840,+3.32, +2.886, +4.982,+0.987
1587009900,+3.32, +2.875, +4.977,+0.987
1587009960,+3.32, +2.886, +4.967,+0.986
1587010020,+3.32, +2.875, +4.964,+0.986
1587010080,+3.32, +2.907, +4.970,+0.987
1587010140,+3.32, +2.886, +4.966,+0.987
1587010200,+3.32, +2.865, +4.969,+0.986
1587010260,+3.32, +2.875, +4.970,+0.987
1587010320,+3.32, +2.886, +4.968,+0.987
1587010380,+3.32, +2.907, +4.961,+0.987
1587010440,+3.32, +2.886, +4.964,+0.987
1587010500,+3.32, +2.875, +4.962,+0.987
1587010560,+3.32, +2.886, +4.962,+0.986
1587010620,+3.32, +2.886, +4.967,+0.987
1587010680,+3.32, +2.886, +4.958,+0.987
1587010740,+3.32, +2.897, +4.961,+0.987
1587010800,+3.32, +2.886, +4.958,+0.987
1587010860,+3.32, +2.907, +4.954,+0.986
1587010920,+3.32, +2.907, +4.959,+0.987
1587010980,+3.32, +2.907, +4.953,+0.987
1587011040,+3.32, +2.875, +4.954,+0.986
1587011100,+3.32, +2.865, +4.968,+0.987
1587011160,+3.32, +2.886, +4.958,+0.987
1587011220,+3.32, +2.886, +4.957,+0.987
1587011280,+3.32, +2.886, +4.956,+0.987
1587011340,+3.32, +2.875, +4.962,+0.987
1587011400,+3.32, +2.897, +4.958,+0.987
1587011460,+3.32, +2.897, +4.959,+0.987
1587011520,+3.32, +2.897, +4.962,+0.987
1587011580,+3.32, +2.865, +4.966,+0.987
1587011640,+3.32, +2.886, +4.967,+0.987
1587011700,+3.32, +2.886, +4.969,+0.987
1587011760,+3.32, +2.907, +4.955,+0.986
1587011820,+3.32, +2.897, +4.962,+0.987
1587011880,+3.32, +2.875, +4.963,+0.987
1587011940,+3.32, +2.886, +4.967,+0.987
1587012000,+3.32, +2.886, +4.965,+0.986
1587012060,+3.32, +2.865, +4.973,+0.987
1587012120,+3.32, +2.865, +4.971,+0.986
1587012180,+3.32, +2.875, +4.963,+0.986
1587012240,+3.32, +2.865, +4.964,+0.986
1587012300,+3.32, +2.875, +4.970,+0.987
1587012360,+3.32, +2.886, +4.966,+0.987
1587012420,+3.32, +2.875, +4.971,+0.987
1587012480,+3.32, +2.875, +4.967,+0.987
1587012540,+3.32, +2.865, +4.966,+0.986
1587012600,+3.32, +2.897, +4.964,+0.987
1587012660,+3.32, +2.875, +4.968,+0.987
1587012720,+3.32, +2.875, +4.962,+0.987
1587012780,+3.32, +2.886, +4.966,+0.987
1587012840,+3.32, +2.897, +4.954,+0.987
1587012900,+3.32, +2.886, +4.958,+0.987
1587012960,+3.32, +2.886, +4.962,+0.987
1587013020,+3.32, +2.865, +4.966,+0.987
1587013080,+3.32, +2.897, +4.961,+0.987
1587013140,+3.32, +2.886, +4.957,+0.986
1587013200,+3.32, +2.886, +4.966,+0.987
1587013260,+3.32, +2.897, +4.958,+0.986
1587013320,+3.32, +2.875, +4.971,+0.987
1587013380,+3.32, +2.886, +4.969,+0.987
1587013440,+3.32, +2.918, +4.968,+0.987
1587013500,+3.32, +2.875, +4.975,+0.986
1587013560,+3.32, +2.875, +4.973,+0.986
1587013620,+3.32, +2.928, +4.965,+0.986
1587013680,+3.32, +2.875, +4.984,+0.986
1587013740,+3.32, +2.865, +4.992,+0.987
1587013800,+3.32, +2.865, +5.000,+0.987
1587013860,+3.32, +2.886, +4.992,+0.987
1587013920,+3.32, +2.875, +4.992,+0.987
1587013980,+3.32, +2.854, +4.995,+0.986
1587014040,+3.32, +2.875, +4.993,+0.987
1587014100,+3.32, +2.875, +4.998,+0.987
1587014160,+3.32, +2.865, +4.993,+0.987
1587014220,+3.32, +2.875, +4.988,+0.987
1587014280,+3.32, +2.854, +4.996,+0.987
1587014340,+3.32, +2.854, +4.994,+0.987
1587014400,+3.32, +2.865, +4.984,+0.986
1587014460,+3.32, +2.854, +4.993,+0.986
1587014520,+3.32, +2.865, +4.990,+0.987
1587014580,+3.32, +2.875, +4.983,+0.986
1587014640,+3.32, +2.875, +4.988,+0.986
1587014700,+3.32, +2.897, +4.982,+0.986
1587014760,+3.32, +2.886, +4.992,+0.987
1587014820,+3.32, +2.865, +4.999,+0.987
1587014880,+3.32, +2.865, +5.001,+0.987
1587014940,+3.32, +2.865, +4.995,+0.986
1587015000,+3.32, +2.875, +4.997,+0.986
1587015060,+3.32, +2.875, +4.997,+0.987
1587015120,+3.32, +2.865, +5.000,+0.987
1587015180,+3.32, +2.886, +4.997,+0.987
1587015240,+3.32, +2.875, +4.995,+0.987
1587015300,+3.32, +2.875, +4.995,+0.986
1587015360,+3.32, +2.875, +5.005,+0.987
1587015420,+3.32, +2.886, +4.998,+0.987
1587015480,+3.32, +2.886, +4.998,+0.987
1587015540,+3.32, +2.865, +5.005,+0.986
1587015600,+3.32, +2.886, +5.011,+0.987
1587015660,+3.32, +2.918, +5.012,+0.987
1587015720,+3.32, +2.886, +5.021,+0.987
1587015780,+3.32, +2.865, +5.025,+0.986
1587015840,+3.32, +2.875, +5.029,+0.986
1587015900,+3.32, +2.897, +5.029,+0.987
1587015960,+3.32, +2.897, +5.039,+0.987
1587016020,+3.32, +2.886, +5.044,+0.986
1587016080,+3.32, +2.875, +5.047,+0.986
1587016140,+3.32, +2.875, +5.053,+0.986
1587016200,+3.32, +2.897, +5.061,+0.987
1587016260,+3.32, +2.865, +5.072,+0.987
1587016320,+3.32, +2.865, +5.079,+0.987
1587016380,+3.32, +2.875, +5.080,+0.987
1587016440,+3.32, +2.865, +5.088,+0.987
1587016500,+3.32, +2.865, +5.094,+0.987
1587016560,+3.32, +2.875, +5.091,+0.987
1587016620,+3.32, +2.897, +5.085,+0.987
1587016680,+3.32, +2.875, +5.094,+0.986
1587016740,+3.32, +2.886, +5.099,+0.987
1587016800,+3.32, +2.875, +5.098,+0.987
1587016860,+3.32, +2.854, +5.103,+0.987
1587016920,+3.32, +2.875, +5.091,+0.986
1587016980,+3.32, +2.897, +5.088,+0.986
1587017040,+3.32, +2.886, +5.094,+0.987
1587017100,+3.32, +2.865, +5.097,+0.986
1587017160,+3.32, +2.886, +5.099,+0.987
1587017220,+3.32, +2.843, +5.105,+0.986
1587017280,+3.32, +2.875, +5.102,+0.986
1587017340,+3.32, +2.875, +5.107,+0.987
1587017400,+3.32, +2.886, +5.110,+0.986
1587017460,+3.32, +2.865, +5.118,+0.987
1587017520,+3.32, +2.875, +5.131,+0.987
1587017580,+3.32, +2.875, +5.127,+0.987
1587017640,+3.32, +2.886, +5.121,+0.986
1587017700,+3.32, +2.875, +5.133,+0.987
1587017760,+3.32, +2.875, +5.135,+0.987
1587017820,+3.32, +2.886, +5.129,+0.987
1587017880,+3.32, +2.875, +5.131,+0.986
1587017940,+3.32, +2.875, +5.141,+0.987
1587018000,+3.32, +2.897, +5.132,+0.987
1587018060,+3.32, +2.886, +5.146,+0.987
1587018120,+3.32, +2.886, +5.138,+0.987
1587018180,+3.32, +2.875, +5.144,+0.987
1587018240,+3.32, +2.886, +5.141,+0.986
1587018300,+3.32, +2.865, +5.141,+0.986
1587018360,+3.32, +2.886, +5.137,+0.987
1587018420,+3.32, +2.907, +5.138,+0.987
1587018480,+3.32, +2.886, +5.141,+0.987
1587018540,+3.32, +2.886, +5.138,+0.987
1587018600,+3.32, +2.875, +5.144,+0.987
1587018660,+3.32, +2.875, +5.136,+0.987
1587018720,+3.32, +2.897, +5.136,+0.987
1587018780,+3.32, +2.886, +5.134,+0.987
1587018840,+3.32, +2.886, +5.129,+0.987
1587018900,+3.32, +2.886, +5.140,+0.987
1587018960,+3.32, +2.875, +5.132,+0.987
1587019020,+3.32, +2.897, +5.133,+0.987
1587019080,+3.32, +2.897, +5.137,+0.987
1587019140,+3.32, +2.865, +5.134,+0.987
1587019200,+3.32, +2.865, +5.129,+0.987
1587019260,+3.32, +2.865, +5.132,+0.987
1587019320,+3.32, +2.886, +5.119,+0.986
1587019380,+3.32, +2.875, +5.125,+0.987
1587019440,+3.32, +2.854, +5.129,+0.987
1587019500,+3.32, +2.875, +5.126,+0.987
1587019560,+3.32, +2.875, +5.118,+0.987
1587019620,+3.32, +2.854, +5.115,+0.987
1587019680,+3.32, +2.886, +5.109,+0.987
1587019740,+3.32, +2.886, +5.107,+0.987
1587019800,+3.32, +2.886, +5.108,+0.987
1587019860,+3.32, +2.875, +5.109,+0.987
1587019920,+3.32, +2.886, +5.099,+0.987
1587019980,+3.32, +2.865, +5.098,+0.987
1587020040,+3.32, +2.865, +5.097,+0.987
1587020100,+3.32, +2.897, +5.092,+0.987
1587020160,+3.32, +2.865, +5.087,+0.986
1587020220,+3.32, +2.875, +5.082,+0.987
1587020280,+3.32, +2.865, +5.090,+0.987
1587020340,+3.32, +2.886, +5.081,+0.987
1587020400,+3.32, +2.854, +5.085,+0.987
1587020460,+3.32, +2.875, +5.082,+0.987
1587020520,+3.32, +2.875, +5.078,+0.987
1587020580,+3.32, +2.875, +5.080,+0.987
1587020640,+3.32, +2.886, +5.073,+0.987
1587020700,+3.32, +2.886, +5.082,+0.987
1587020760,+3.32, +2.875, +5.082,+0.987
1587020820,+3.32, +2.897, +5.083,+0.987
1587020880,+3.32, +2.886, +5.098,+0.987
1587020940,+3.32, +2.865, +5.099,+0.986
1587021000,+3.32, +2.875, +5.102,+0.987
1587021060,+3.32, +2.875, +5.101,+0.987
1587021120,+3.32, +2.875, +5.107,+0.987
1587021180,+3.32, +2.865, +5.107,+0.986
1587021240,+3.32, +2.865, +5.113,+0.987
1587021300,+3.32, +2.875, +5.118,+0.987
1587021360,+3.32, +2.907, +5.105,+0.987
1587021420,+3.32, +2.865, +5.114,+0.987
1587021480,+3.32, +2.865, +5.119,+0.987
1587021540,+3.32, +2.865, +5.122,+0.987
1587021600,+3.32, +2.865, +5.126,+0.987
1587021660,+3.32, +2.854, +5.137,+0.987
1587021720,+3.32, +2.854, +5.145,+0.987
1587021780,+3.32, +2.875, +5.146,+0.987
1587021840,+3.32, +2.833, +5.160,+0.987
1587021900,+3.32, +2.897, +5.151,+0.986
1587021960,+3.32, +2.875, +5.165,+0.986
1587022020,+3.32, +2.875, +5.173,+0.987
1587022080,+3.32, +2.865, +5.181,+0.987
1587022140,+3.32, +2.865, +5.177,+0.986
1587022200,+3.32, +2.833, +5.190,+0.987
1587022260,+3.32, +2.875, +5.174,+0.986
1587022320,+3.32, +2.875, +5.181,+0.986
1587022380,+3.32, +2.875, +5.184,+0.986
1587022440,+3.32, +2.865, +5.190,+0.987
1587022500,+3.32, +2.875, +5.187,+0.986
1587022560,+3.32, +2.875, +5.196,+0.987
1587022620,+3.32, +2.833, +5.211,+0.987
1587022680,+3.32, +2.865, +5.201,+0.987
1587022740,+3.32, +2.865, +5.200,+0.986
1587022800,+3.32, +2.875, +5.212,+0.987
1587022860,+3.32, +2.822, +5.219,+0.986
1587022920,+3.32, +2.897, +5.210,+0.987
1587022980,+3.32, +2.886, +5.212,+0.987
1587023040,+3.32, +2.886, +5.205,+0.986
1587023100,+3.32, +2.886, +5.210,+0.987
1587023160,+3.32, +2.875, +5.215,+0.987
1587023220,+3.32, +2.865, +5.219,+0.987
1587023280,+3.32, +2.865, +5.226,+0.987
1587023340,+3.32, +2.865, +5.210,+0.987
1587023400,+3.32, +2.886, +5.205,+0.987
1587023460,+3.32, +2.897, +5.192,+0.986
1587023520,+3.32, +2.875, +5.192,+0.986
1587023580,+3.32, +2.865, +5.195,+0.987
1587023640,+3.32, +2.865, +5.187,+0.987
1587023700,+3.32, +2.886, +5.175,+0.987
1587023760,+3.32, +2.886, +5.172,+0.987
1587023820,+3.32, +2.875, +5.171,+0.987
1587023880,+3.32, +2.865, +5.171,+0.987
1587023940,+3.32, +2.886, +5.159,+0.987
1587024000,+3.32, +2.897, +5.153,+0.987
1587024060,+3.32, +2.886, +5.150,+0.987
1587024120,+3.32, +2.886, +5.152,+0.987
1587024180,+3.32, +2.897, +5.151,+0.987
1587024240,+3.32, +2.897, +5.141,+0.987
1587024300,+3.32, +2.897, +5.145,+0.987
1587024360,+3.32, +2.897, +5.138,+0.987
1587024420,+3.32, +2.897, +5.138,+0.987
1587024480,+3.32, +2.897, +5.134,+0.987
1587024540,+3.32, +2.886, +5.132,+0.987
1587024600,+3.32, +2.875, +5.132,+0.987
1587024660,+3.32, +2.854, +5.126,+0.986
1587024720,+3.32, +2.907, +5.108,+0.986
1587024780,+3.32, +2.886, +5.109,+0.987
1587024840,+3.32, +2.875, +5.114,+0.987
1587024900,+3.32, +2.865, +5.107,+0.986
1587024960,+3.32, +2.886, +5.104,+0.987
1587025020,+3.32, +2.875, +5.093,+0.986
1587025080,+3.32, +2.886, +5.097,+0.987
1587025140,+3.32, +2.886, +5.087,+0.987
1587025200,+3.32, +2.875, +5.083,+0.986
1587025260,+3.32, +2.886, +5.077,+0.987
1587025320,+3.32, +2.897, +5.063,+0.986
1587025380,+3.32, +2.886, +5.070,+0.986
1587025440,+3.32, +2.886, +5.060,+0.986
1587025500,+3.32, +2.865, +5.057,+0.986
1587025560,+3.32, +2.865, +5.055,+0.987
1587025620,+3.32, +2.907, +5.047,+0.987
1587025680,+3.32, +2.886, +5.039,+0.986
1587025740,+3.32, +2.886, +5.040,+0.987
1587025800,+3.32, +2.897, +5.032,+0.987
1587025860,+3.32, +2.897, +5.023,+0.986
1587025920,+3.32, +2.897, +5.017,+0.986
1587025980,+3.32, +2.875, +5.022,+0.987
1587026040,+3.32, +2.918, +5.002,+0.986
1587026100,+3.32, +2.897, +5.007,+0.987
1587026160,+3.32, +2.886, +5.002,+0.987
1587026220,+3.32, +2.875, +4.998,+0.986
1587026280,+3.32, +2.897, +4.980,+0.986
1587026340,+3.32, +2.907, +4.987,+0.987
1587026400,+3.32, +2.875, +4.995,+0.987
1587026460,+3.32, +2.897, +4.986,+0.987
1587026520,+3.32, +2.897, +4.982,+0.987
1587026580,+3.32, +2.886, +4.989,+0.987
1587026640,+3.32, +2.886, +4.988,+0.987
1587026700,+3.32, +2.875, +4.990,+0.986
1587026760,+3.32, +2.875, +4.990,+0.987
1587026820,+3.32, +2.907, +4.983,+0.987
1587026880,+3.32, +2.886, +4.990,+0.987
1587026940,+3.32, +2.875, +4.989,+0.987
1587027000,+3.32, +2.886, +4.988,+0.987
1587027060,+3.32, +2.854, +4.987,+0.987
1587027120,+3.32, +2.875, +4.985,+0.987
1587027180,+3.32, +2.897, +4.971,+0.986
1587027240,+3.32, +2.897, +4.960,+0.986
1587027300,+3.32, +2.907, +4.966,+0.987
1587027360,+3.32, +2.897, +4.955,+0.986
1587027420,+3.32, +2.854, +4.968,+0.986
1587027480,+3.32, +2.886, +4.953,+0.987
1587027540,+3.32, +2.886, +4.949,+0.987
1587027600,+3.32, +2.897, +4.945,+0.986
1587027660,+3.32, +2.897, +4.968,+0.987
1587027720,+3.32, +2.907, +4.978,+0.987
1587027780,+3.32, +2.886, +4.982,+0.987
1587027840,+3.32, +2.897, +4.989,+0.987
1587027900,+3.32, +2.875, +5.004,+0.987
1587027960,+3.32, +2.897, +4.998,+0.986
1587028020,+3.32, +2.886, +5.008,+0.986
1587028080,+3.32, +2.886, +5.016,+0.986
1587028140,+3.32, +2.897, +5.015,+0.986
1587028200,+3.32, +2.886, +5.018,+0.986
1587028260,+3.32, +2.886, +5.024,+0.987
1587028320,+3.32, +2.886, +5.023,+0.987
1587028380,+3.32, +2.886, +5.023,+0.986
1587028440,+3.32, +2.865, +5.029,+0.986
1587028500,+3.32, +2.875, +5.027,+0.987
1587028560,+3.32, +2.886, +5.021,+0.986
1587028620,+3.32, +2.875, +5.031,+0.987
1587028680,+3.32, +2.875, +5.030,+0.987
1587028740,+3.32, +2.897, +5.015,+0.987
1587028800,+3.32, +2.865, +5.030,+0.987
1587028860,+3.32, +2.907, +5.009,+0.987
1587028920,+3.32, +2.886, +5.008,+0.987
1587028980,+3.32, +2.865, +5.007,+0.986
1587029040,+3.32, +2.886, +4.996,+0.986
1587029100,+3.32, +2.865, +5.005,+0.987
1587029160,+3.32, +2.897, +4.999,+0.987
1587029220,+3.32, +2.907, +4.979,+0.986
1587029280,+3.32, +2.886, +4.988,+0.987
1587029340,+3.32, +2.897, +4.986,+0.987
1587029400,+3.32, +2.865, +4.995,+0.987
1587029460,+3.32, +2.865, +4.992,+0.987
1587029520,+3.32, +2.886, +4.984,+0.987
1587029580,+3.32, +2.875, +4.994,+0.987
1587029640,+3.32, +2.886, +4.993,+0.987
1587029700,+3.32, +2.822, +5.005,+0.986
1587029760,+3.32, +2.897, +4.997,+0.987
1587029820,+3.32, +2.897, +5.003,+0.987
1587029880,+3.32, +2.875, +5.008,+0.987
1587029940,+3.32, +2.854, +5.012,+0.986
1587030000,+3.32, +2.854, +5.008,+0.986
1587030060,+3.32, +2.907, +5.005,+0.986
1587030120,+3.32, +2.886, +5.016,+0.987
1587030180,+3.32, +2.875, +5.026,+0.987
1587030240,+3.32, +2.886, +5.013,+0.987
1587030300,+3.32, +2.865, +5.022,+0.987
1587030360,+3.32, +2.897, +5.008,+0.986
1587030420,+3.32, +2.886, +5.021,+0.987
1587030480,+3.32, +2.886, +5.017,+0.987
1587030540,+3.32, +2.897, +5.012,+0.987
1587030600,+3.32, +2.886, +5.015,+0.987
1587030660,+3.32, +2.886, +5.017,+0.987
1587030720,+3.32, +2.875, +5.014,+0.987
1587030780,+3.32, +2.897, +5.012,+0.987
1587030840,+3.32, +2.886, +5.013,+0.986
1587030900,+3.32, +2.907, +5.017,+0.987
1587030960,+3.32, +2.886, +5.019,+0.987
1587031020,+3.32, +2.875, +5.023,+0.986
1587031080,+3.32, +2.875, +5.023,+0.987
1587031140,+3.32, +2.875, +5.026,+0.987
1587031200,+3.32, +2.897, +5.027,+0.987
1587031260,+3.32, +2.875, +5.026,+0.986
1587031320,+3.32, +2.907, +5.024,+0.987
1587031380,+3.32, +2.907, +5.023,+0.987
1587031440,+3.32, +2.907, +5.029,+0.987
1587031500,+3.32, +2.897, +5.027,+0.987
1587031560,+3.32, +2.897, +5.022,+0.986
1587031620,+3.32, +2.875, +5.033,+0.986
1587031680,+3.32, +2.886, +5.031,+0.987
1587031740,+3.32, +2.886, +5.027,+0.986
1587031800,+3.32, +2.907, +5.029,+0.987
1587031860,+3.32, +2.918, +5.015,+0.987
1587031920,+3.32, +2.897, +5.024,+0.987
1587031980,+3.32, +2.875, +5.029,+0.987
1587032040,+3.32, +2.907, +5.017,+0.987
1587032100,+3.32, +2.875, +5.022,+0.986
1587032160,+3.32, +2.886, +5.022,+0.987
1587032220,+3.32, +2.907, +5.020,+0.987
1587032280,+3.32, +2.886, +5.023,+0.987
1587032340,+3.32, +2.907, +5.014,+0.987
1587032400,+3.32, +2.886, +5.013,+0.986
1587032460,+3.32, +2.886, +5.012,+0.987
1587032520,+3.32, +2.886, +5.017,+0.987
1587032580,+3.32, +2.886, +5.013,+0.987
1587032640,+3.32, +2.897, +5.006,+0.986
1587032700,+3.32, +2.897, +5.011,+0.987
1587032760,+3.32, +2.907, +5.010,+0.987
1587032820,+3.32, +2.865, +5.020,+0.987
1587032880,+3.32, +2.907, +5.003,+0.987
1587032940,+3.32, +2.886, +5.007,+0.987
1587033000,+3.32, +2.875, +5.008,+0.987
1587033060,+3.32, +2.886, +5.004,+0.987
1587033120,+3.32, +2.886, +5.001,+0.987
1587033180,+3.32, +2.897, +4.988,+0.986
1587033240,+3.32, +2.897, +4.992,+0.987
1587033300,+3.32, +2.897, +4.986,+0.987
1587033360,+3.32, +2.897, +4.988,+0.987
1587033420,+3.32, +2.907, +4.977,+0.987
1587033480,+3.32, +2.897, +4.975,+0.987
1587033540,+3.32, +2.897, +4.975,+0.987
1587033600,+3.32, +2.897, +4.964,+0.987
1587033660,+3.32, +2.918, +4.956,+0.987
1587033720,+3.32, +2.918, +4.948,+0.987
1587033780,+3.32, +2.897, +4.946,+0.986
1587033840,+3.32, +2.907, +4.941,+0.987
1587033900,+3.32, +2.897, +4.941,+0.987
1587033960,+3.32, +2.897, +4.943,+0.987
1587034020,+3.32, +2.886, +4.949,+0.987
1587034080,+3.32, +2.897, +4.933,+0.986
1587034140,+3.32, +2.897, +4.936,+0.986
1587034200,+3.32, +2.907, +4.936,+0.987
1587034260,+3.32, +2.886, +4.936,+0.987
1587034320,+3.32, +2.897, +4.938,+0.987
1587034380,+3.32, +2.875, +4.946,+0.987
1587034440,+3.32, +2.875, +4.936,+0.987
1587034500,+3.32, +2.897, +4.929,+0.986
1587034560,+3.32, +2.897, +4.931,+0.986
1587034620,+3.32, +2.907, +4.938,+0.987
1587034680,+3.32, +2.875, +4.933,+0.987
1587034740,+3.32, +2.907, +4.928,+0.987
1587034800,+3.32, +2.918, +4.923,+0.987
1587034860,+3.32, +2.886, +4.927,+0.986
1587034920,+3.32, +2.897, +4.923,+0.987
1587034980,+3.32, +2.907, +4.918,+0.987
1587035040,+3.32, +2.897, +4.921,+0.987
1587035100,+3.32, +2.907, +4.915,+0.986
1587035160,+3.32, +2.928, +4.912,+0.987
1587035220,+3.32, +2.918, +4.913,+0.987
1587035280,+3.32, +2.875, +4.912,+0.986
1587035340,+3.32, +2.897, +4.911,+0.987
1587035400,+3.32, +2.918, +4.910,+0.987
1587035460,+3.32, +2.886, +4.911,+0.987
1587035520,+3.32, +2.886, +4.904,+0.987
1587035580,+3.32, +2.875, +4.899,+0.986
1587035640,+3.32, +2.907, +4.894,+0.987
1587035700,+3.32, +2.875, +4.896,+0.987
1587035760,+3.32, +2.875, +4.896,+0.987
1587035820,+3.32, +2.886, +4.889,+0.987
1587035880,+3.32, +2.907, +4.884,+0.987
1587035940,+3.32, +2.886, +4.878,+0.986
1587036000,+3.32, +2.886, +4.878,+0.987
1587036060,+3.32, +2.907, +4.873,+0.987
1587036120,+3.32, +2.907, +4.866,+0.987
1587036180,+3.32, +2.897, +4.860,+0.987
1587036240,+3.32, +2.875, +4.867,+0.987
1587036300,+3.32, +2.886, +4.858,+0.987
1587036360,+3.32, +2.886, +4.851,+0.986
1587036420,+3.32, +2.875, +4.848,+0.986
1587036480,+3.32, +2.918, +4.839,+0.987
1587036540,+3.32, +2.897, +4.845,+0.987
1587036600,+3.32, +2.886, +4.832,+0.986
1587036660,+3.32, +2.886, +4.832,+0.986
1587036720,+3.32, +2.865, +4.835,+0.987
1587036780,+3.32, +2.886, +4.824,+0.987
1587036840,+3.32, +2.907, +4.808,+0.986
1587036900,+3.32, +2.907, +4.812,+0.987
1587036960,+3.32, +2.865, +4.804,+0.986
1587037020,+3.32, +2.875, +4.808,+0.987
1587037080,+3.32, +2.886, +4.800,+0.987
1587037140,+3.32, +2.875, +4.801,+0.987
1587037200,+3.32, +2.886, +4.794,+0.987
1587037260,+3.32, +2.907, +4.784,+0.987
1587037320,+3.32, +2.897, +4.786,+0.987
1587037380,+3.32, +2.886, +4.785,+0.987
1587037440,+3.32, +2.897, +4.775,+0.987
1587037500,+3.32, +2.897, +4.770,+0.987
1587037560,+3.32, +2.907, +4.763,+0.986
1587037620,+3.32, +2.865, +4.773,+0.987
1587037680,+3.32, +2.897, +4.769,+0.987
1587037740,+3.32, +2.897, +4.758,+0.987
1587037800,+3.32, +2.907, +4.754,+0.986
1587037860,+3.32, +2.897, +4.755,+0.987
1587037920,+3.32, +2.907, +4.753,+0.987
1587037980,+3.32, +2.907, +4.742,+0.986
1587038040,+3.32, +2.918, +4.733,+0.986
1587038100,+3.32, +2.897, +4.744,+0.987
1587038160,+3.32, +2.897, +4.745,+0.987
1587038220,+3.32, +2.875, +4.743,+0.986
1587038280,+3.32, +2.875, +4.743,+0.986
1587038340,+3.32, +2.865, +4.752,+0.987
1587038400,+3.32, +2.918, +4.734,+0.987
1587038460,+3.32, +2.875, +4.735,+0.986
1587038520,+3.32, +2.886, +4.735,+0.986
1587038580,+3.32, +2.886, +4.735,+0.987
1587038640,+3.32, +2.897, +4.731,+0.986
1587038700,+3.32, +2.886, +4.732,+0.986
1587038760,+3.32, +2.907, +4.737,+0.987
1587038820,+3.32, +2.886, +4.727,+0.986
1587038880,+3.32, +2.897, +4.737,+0.987
1587038940,+3.32, +2.897, +4.743,+0.987
1587039000,+3.32, +2.897, +4.740,+0.987
1587039060,+3.32, +2.886, +4.740,+0.986
1587039120,+3.32, +2.897, +4.734,+0.986
1587039180,+3.32, +2.907, +4.739,+0.987
1587039240,+3.32, +2.886, +4.743,+0.986
1587039300,+3.32, +2.897, +4.739,+0.986
1587039360,+3.32, +2.886, +4.749,+0.987
1587039420,+3.32, +2.907, +4.738,+0.986
1587039480,+3.32, +2.886, +4.745,+0.986
1587039540,+3.32, +2.897, +4.743,+0.986
1587039600,+3.32, +2.886, +4.748,+0.986
1587039660,+3.32, +2.907, +4.744,+0.987
1587039720,+3.32, +2.897, +4.743,+0.986
1587039780,+3.32, +2.897, +4.749,+0.986
1587039840,+3.32, +2.907, +4.742,+0.987
1587039900,+3.32, +2.897, +4.748,+0.987
1587039960,+3.32, +2.907, +4.747,+0.987
1587040020,+3.32, +2.907, +4.749,+0.987
1587040080,+3.32, +2.918, +4.746,+0.987
1587040140,+3.32, +2.897, +4.753,+0.987
1587040200,+3.32, +2.928, +4.746,+0.987
1587040260,+3.32, +2.897, +4.752,+0.986
1587040320,+3.32, +2.897, +4.747,+0.986
1587040380,+3.32, +2.907, +4.751,+0.986
1587040440,+3.32, +2.897, +4.753,+0.986
1587040500,+3.32, +2.918, +4.753,+0.986
1587040560,+3.32, +2.886, +4.759,+0.986
1587040620,+3.32, +2.897, +4.767,+0.987
1587040680,+3.32, +2.897, +4.767,+0.987
1587040740,+3.32, +2.897, +4.761,+0.986
1587040800,+3.32, +2.897, +4.764,+0.987
1587040860,+3.32, +2.918, +4.758,+0.986
1587040920,+3.32, +2.918, +4.761,+0.987
1587040980,+3.32, +2.907, +4.765,+0.987
1587041040,+3.32, +2.886, +4.769,+0.987
1587041100,+3.32, +2.897, +4.767,+0.986
1587041160,+3.32, +2.907, +4.761,+0.986
1587041220,+3.32, +2.897, +4.775,+0.987
1587041280,+3.32, +2.886, +4.767,+0.987
1587041340,+3.32, +2.918, +4.763,+0.987
1587041400,+3.32, +2.886, +4.770,+0.986
1587041460,+3.32, +2.907, +4.770,+0.987
1587041520,+3.32, +2.907, +4.765,+0.986
1587041580,+3.32, +2.854, +4.782,+0.986
1587041640,+3.32, +2.907, +4.770,+0.986
1587041700,+3.32, +2.897, +4.767,+0.986
1587041760,+3.32, +2.939, +4.765,+0.987
1587041820,+3.32, +2.897, +4.764,+0.986
1587041880,+3.32, +2.918, +4.764,+0.987
1587041940,+3.32, +2.897, +4.766,+0.987
1587042000,+3.32, +2.907, +4.761,+0.987
1587042060,+3.32, +2.897, +4.761,+0.987
1587042120,+3.32, +2.897, +4.756,+0.986
1587042180,+3.32, +2.897, +4.756,+0.987
1587042240,+3.32, +2.886, +4.753,+0.986
1587042300,+3.32, +2.918, +4.747,+0.987
1587042360,+3.32, +2.918, +4.738,+0.986
1587042420,+3.32, +2.928, +4.738,+0.987
1587042480,+3.32, +2.907, +4.735,+0.986
1587042540,+3.32, +2.907, +4.732,+0.986
1587042600,+3.32, +2.918, +4.730,+0.987
1587042660,+3.32, +2.865, +4.740,+0.987
1587042720,+3.32, +2.928, +4.718,+0.987
1587042780,+3.32, +2.897, +4.721,+0.987
1587042840,+3.32, +2.907, +4.727,+0.987
1587042900,+3.32, +2.928, +4.714,+0.987
1587042960,+3.32, +2.897, +4.719,+0.987
1587043020,+3.32, +2.897, +4.713,+0.986
1587043080,+3.32, +2.918, +4.709,+0.987
1587043140,+3.32, +2.907, +4.711,+0.987
1587043200,+3.32, +2.918, +4.701,+0.986
1587043260,+3.32, +2.907, +4.703,+0.987
1587043320,+3.32, +2.918, +4.701,+0.987
1587043380,+3.32, +2.886, +4.706,+0.987
1587043440,+3.32, +2.907, +4.700,+0.987
1587043500,+3.32, +2.897, +4.702,+0.987
1587043560,+3.32, +2.928, +4.684,+0.986
1587043620,+3.32, +2.897, +4.694,+0.987
1587043680,+3.32, +2.907, +4.692,+0.987
1587043740,+3.32, +2.897, +4.687,+0.986
1587043800,+3.32, +2.875, +4.690,+0.986
1587043860,+3.32, +2.918, +4.676,+0.986
1587043920,+3.32, +2.928, +4.682,+0.987
1587043980,+3.32, +2.907, +4.682,+0.987
1587044040,+3.32, +2.907, +4.678,+0.987
1587044100,+3.32, +2.918, +4.674,+0.987
1587044160,+3.32, +2.918, +4.676,+0.987
1587044220,+3.32, +2.886, +4.676,+0.987
1587044280,+3.32, +2.897, +4.673,+0.987
1587044340,+3.32, +2.897, +4.674,+0.987
1587044400,+3.32, +2.907, +4.670,+0.987
1587044460,+3.32, +2.928, +4.656,+0.986
1587044520,+3.32, +2.918, +4.661,+0.986
1587044580,+3.32, +2.918, +4.659,+0.986
1587044640,+3.32, +2.897, +4.664,+0.987
1587044700,+3.32, +2.907, +4.662,+0.986
1587044760,+3.32, +2.918, +4.656,+0.987
1587044820,+3.32, +2.907, +4.657,+0.987
1587044880,+3.32, +2.918, +4.656,+0.986
1587044940,+3.32, +2.907, +4.659,+0.987
1587045000,+3.32, +2.886, +4.661,+0.986
1587045060,+3.32, +2.907, +4.660,+0.987
1587045120,+3.32, +2.928, +4.655,+0.986
1587045180,+3.32, +2.928, +4.656,+0.986
1587045240,+3.32, +2.907, +4.665,+0.987
1587045300,+3.32, +2.918, +4.659,+0.986
1587045360,+3.32, +2.886, +4.672,+0.987
1587045420,+3.32, +2.907, +4.664,+0.986
1587045480,+3.32, +2.918, +4.667,+0.987
1587045540,+3.32, +2.928, +4.668,+0.987
1587045600,+3.32, +2.918, +4.669,+0.986
1587045660,+3.32, +2.918, +4.669,+0.986
1587045720,+3.32, +2.854, +4.689,+0.986
1587045780,+3.32, +2.918, +4.675,+0.987
1587045840,+3.32, +2.928, +4.675,+0.987
1587045900,+3.32, +2.875, +4.688,+0.986
1587045960,+3.32, +2.907, +4.681,+0.986
1587046020,+3.32, +2.939, +4.682,+0.987
1587046080,+3.32, +2.918, +4.678,+0.986
1587046140,+3.32, +2.897, +4.685,+0.986
1587046200,+3.32, +2.928, +4.694,+0.987
1587046260,+3.32, +2.907, +4.690,+0.987
1587046320,+3.32, +2.907, +4.695,+0.987
1587046380,+3.32, +2.907, +4.692,+0.987
1587046440,+3.32, +2.907, +4.696,+0.987
1587046500,+3.32, +2.918, +4.695,+0.987
1587046560,+3.32, +2.907, +4.696,+0.986
1587046620,+3.32, +2.907, +4.696,+0.986
1587046680,+3.32, +2.907, +4.702,+0.987
1587046740,+3.32, +2.897, +4.705,+0.987
1587046800,+3.32, +2.918, +4.701,+0.986
1587046860,+3.32, +2.918, +4.701,+0.987
1587046920,+3.32, +2.918, +4.708,+0.987
1587046980,+3.32, +2.907, +4.713,+0.987
1587047040,+3.32, +2.928, +4.711,+0.987
1587047100,+3.32, +2.907, +4.718,+0.987
1587047160,+3.32, +2.928, +4.711,+0.987
1587047220,+3.32, +2.918, +4.712,+0.986
1587047280,+3.32, +2.918, +4.719,+0.987
1587047340,+3.32, +2.918, +4.723,+0.987
1587047400,+3.32, +2.918, +4.719,+0.986
1587047460,+3.32, +2.907, +4.730,+0.987
1587047520,+3.32, +2.928, +4.726,+0.986
1587047580,+3.32, +2.907, +4.743,+0.987
1587047640,+3.32, +2.907, +4.734,+0.986
1587047700,+3.32, +2.886, +4.748,+0.987
1587047760,+3.32, +2.886, +4.747,+0.986
1587047820,+3.32, +2.918, +4.753,+0.987
1587047880,+3.32, +2.928, +4.737,+0.986
1587047940,+3.32, +2.918, +4.749,+0.987
1587048000,+3.32, +2.918, +4.744,+0.987
1587048060,+3.32, +2.918, +4.744,+0.987
1587048120,+3.32, +2.918, +4.750,+0.987
1587048180,+3.32, +2.897, +4.755,+0.987
1587048240,+3.32, +2.907, +4.743,+0.986
1587048300,+3.32, +2.918, +4.749,+0.987
1587048360,+3.32, +2.918, +4.748,+0.987
1587048420,+3.32, +2.918, +4.750,+0.987
1587048480,+3.32, +2.928, +4.743,+0.987
1587048540,+3.32, +2.928, +4.743,+0.987
1587048600,+3.32, +2.886, +4.748,+0.986
1587048660,+3.32, +2.907, +4.751,+0.987
1587048720,+3.32, +2.918, +4.745,+0.987
1587048780,+3.32, +2.897, +4.750,+0.987
1587048840,+3.32, +2.928, +4.747,+0.987
1587048900,+3.32, +2.907, +4.759,+0.987
1587048960,+3.32, +2.886, +4.763,+0.986
1587049020,+3.32, +2.907, +4.763,+0.987
1587049080,+3.32, +2.897, +4.766,+0.987
1587049140,+3.32, +2.918, +4.761,+0.987
1587049200,+3.32, +2.918, +4.703,+0.987
1587049260,+3.32, +2.928, +4.715,+0.986
1587049320,+3.32, +2.928, +4.727,+0.987
1587049380,+3.32, +2.907, +4.730,+0.987
1587049440,+3.32, +2.918, +4.725,+0.987
1587049500,+3.32, +2.907, +4.723,+0.986
1587049560,+3.32, +2.897, +4.727,+0.987
1587049620,+3.32, +2.939, +4.703,+0.987
1587049680,+3.32, +2.897, +4.704,+0.986
1587049740,+3.32, +2.950, +4.680,+0.986
1587049800,+3.32, +2.918, +4.685,+0.987
1587049860,+3.32, +2.907, +4.673,+0.987
1587049920,+3.32, +2.918, +4.662,+0.987
1587049980,+3.32, +2.907, +4.651,+0.986
1587050040,+3.32, +2.950, +4.638,+0.987
1587050100,+3.32, +2.886, +4.643,+0.987
1587050160,+3.32, +2.918, +4.632,+0.987
1587050220,+3.32, +2.918, +4.625,+0.986
1587050280,+3.32, +2.918, +4.620,+0.987
1587050340,+3.32, +2.907, +4.617,+0.987
1587050400,+3.32, +2.907, +4.607,+0.987
1587050460,+3.32, +2.928, +4.587,+0.986
1587050520,+3.32, +2.928, +4.588,+0.986
1587050580,+3.32, +2.907, +4.589,+0.986
1587050640,+3.32, +2.907, +4.589,+0.986
1587050700,+3.32, +2.918, +4.588,+0.986
1587050760,+3.32, +2.907, +4.593,+0.986
1587050820,+3.32, +2.907, +4.604,+0.987
1587050880,+3.32, +2.939, +4.599,+0.987
1587050940,+3.32, +2.907, +4.609,+0.986
1587051000,+3.32, +2.897, +4.614,+0.986
1587051060,+3.32, +2.928, +4.612,+0.987
1587051120,+3.32, +2.897, +4.618,+0.986
1587051180,+3.32, +2.928, +4.613,+0.987
1587051240,+3.32, +2.918, +4.620,+0.987
1587051300,+3.32, +2.928, +4.617,+0.986
1587051360,+3.32, +2.918, +4.617,+0.986
1587051420,+3.32, +2.907, +4.617,+0.986
1587051480,+3.32, +2.928, +4.615,+0.986
1587051540,+3.32, +2.918, +4.620,+0.986
1587051600,+3.32, +2.907, +4.620,+0.986
1587051660,+3.32, +2.928, +4.623,+0.987
1587051720,+3.32, +2.907, +4.626,+0.987
1587051780,+3.32, +2.897, +4.631,+0.987
1587051840,+3.32, +2.897, +4.625,+0.986
1587051900,+3.32, +2.907, +4.625,+0.986
1587051960,+3.32, +2.928, +4.619,+0.987
1587052020,+3.32, +2.918, +4.625,+0.986
1587052080,+3.32, +2.918, +4.626,+0.987
1587052140,+3.32, +2.939, +4.620,+0.986
1587052200,+3.32, +2.918, +4.633,+0.986
1587052260,+3.32, +2.907, +4.635,+0.986
1587052320,+3.32, +2.928, +4.631,+0.987
1587052380,+3.32, +2.928, +4.630,+0.986
1587052440,+3.32, +2.939, +4.631,+0.987
1587052500,+3.32, +2.918, +4.631,+0.986
1587052560,+3.32, +2.928, +4.626,+0.987
1587052620,+3.32, +2.918, +4.633,+0.987
1587052680,+3.32, +2.928, +4.622,+0.986
1587052740,+3.32, +2.928, +4.621,+0.986
1587052800,+3.32, +2.897, +4.633,+0.987
1587052860,+3.32, +2.918, +4.628,+0.987
1587052920,+3.32, +2.928, +4.620,+0.986
1587052980,+3.32, +2.928, +4.617,+0.986
1587053040,+3.32, +2.918, +4.615,+0.986
1587053100,+3.32, +2.897, +4.627,+0.987
1587053160,+3.32, +2.897, +4.622,+0.986
1587053220,+3.32, +2.950, +4.607,+0.986
1587053280,+3.32, +2.918, +4.623,+0.987
1587053340,+3.32, +2.928, +4.624,+0.987
1587053400,+3.32, +2.918, +4.625,+0.987
1587053460,+3.32, +2.907, +4.625,+0.986
1587053520,+3.32, +2.950, +4.622,+0.987
1587053580,+3.32, +2.928, +4.621,+0.986
1587053640,+3.32, +2.950, +4.616,+0.987
1587053700,+3.32, +2.897, +4.614,+0.986
1587053760,+3.32, +2.918, +4.607,+0.986
1587053820,+3.32, +2.918, +4.611,+0.987
1587053880,+3.32, +2.907, +4.608,+0.986
1587053940,+3.32, +2.886, +4.611,+0.987
1587054000,+3.32, +2.907, +4.599,+0.987
1587054060,+3.32, +2.928, +4.587,+0.987
1587054120,+3.32, +2.907, +4.585,+0.986
1587054180,+3.32, +2.897, +4.590,+0.987
1587054240,+3.32, +2.928, +4.582,+0.986
1587054300,+3.32, +2.918, +4.584,+0.986
1587054360,+3.32, +2.918, +4.593,+0.987
1587054420,+3.32, +2.928, +4.582,+0.986
1587054480,+3.32, +2.918, +4.589,+0.987
1587054540,+3.32, +2.918, +4.589,+0.986
1587054600,+3.32, +2.907, +4.595,+0.986
1587054660,+3.32, +2.918, +4.586,+0.986
1587054720,+3.32, +2.918, +4.590,+0.987
1587054780,+3.32, +2.939, +4.574,+0.986
1587054840,+3.32, +2.918, +4.569,+0.987
1587054900,+3.32, +2.939, +4.561,+0.987
1587054960,+3.32, +2.907, +4.560,+0.987
1587055020,+3.32, +2.928, +4.535,+0.987
1587055080,+3.32, +2.928, +4.526,+0.987
1587055140,+3.32, +2.907, +4.524,+0.987
1587055200,+3.32, +2.897, +4.516,+0.986
1587055260,+3.32, +2.907, +4.510,+0.986
1587055320,+3.32, +2.928, +4.517,+0.987
1587055380,+3.32, +2.886, +4.527,+0.987
1587055440,+3.32, +2.918, +4.528,+0.987
1587055500,+3.32, +2.907, +4.530,+0.986
1587055560,+3.32, +2.918, +4.531,+0.986
1587055620,+3.32, +2.907, +4.535,+0.986
1587055680,+3.32, +2.918, +4.542,+0.986
1587055740,+3.32, +2.886, +4.551,+0.986
1587055800,+3.32, +2.939, +4.543,+0.986
1587055860,+3.32, +2.918, +4.552,+0.987
1587055920,+3.32, +2.907, +4.549,+0.986
1587055980,+3.32, +2.907, +4.555,+0.987
1587056040,+3.32, +2.918, +4.560,+0.987
1587056100,+3.31, +2.907, +4.563,+0.987
1587056160,+3.32, +2.907, +4.564,+0.986
1587056220,+3.32, +2.928, +4.568,+0.986
1587056280,+3.32, +2.897, +4.583,+0.987
1587056340,+3.32, +2.928, +4.571,+0.986
1587056400,+3.32, +2.918, +4.580,+0.986
1587056460,+3.32, +2.918, +4.587,+0.986
1587056520,+3.32, +2.897, +4.593,+0.986
1587056580,+3.32, +2.928, +4.589,+0.987
1587056640,+3.32, +2.928, +4.591,+0.987
1587056700,+3.32, +2.928, +4.588,+0.987
1587056760,+3.32, +2.897, +4.597,+0.987
1587056820,+3.32, +2.918, +4.586,+0.986
1587056880,+3.32, +2.897, +4.597,+0.986
1587056940,+3.32, +2.907, +4.598,+0.987
1587057000,+3.32, +2.950, +4.586,+0.987
1587057060,+3.32, +2.907, +4.588,+0.986
1587057120,+3.32, +2.928, +4.594,+0.987
1587057180,+3.32, +2.928, +4.587,+0.986
1587057240,+3.32, +2.918, +4.595,+0.987
1587057300,+3.32, +2.918, +4.587,+0.986
1587057360,+3.32, +2.918, +4.593,+0.986
1587057420,+3.32, +2.928, +4.601,+0.987
1587057480,+3.32, +2.918, +4.597,+0.986
1587057540,+3.32, +2.918, +4.602,+0.987
1587057600,+3.32, +2.928, +4.598,+0.986
1587057660,+3.32, +2.939, +4.600,+0.987
1587057720,+3.32, +2.897, +4.606,+0.987
1587057780,+3.32, +2.918, +4.593,+0.986
1587057840,+3.32, +2.918, +4.600,+0.986
1587057900,+3.32, +2.886, +4.604,+0.986
1587057960,+3.32, +2.928, +4.590,+0.986
1587058020,+3.32, +2.928, +4.588,+0.986
1587058080,+3.32, +2.928, +4.595,+0.987
1587058140,+3.32, +2.918, +4.586,+0.986
1587058200,+3.32, +2.907, +4.591,+0.986
1587058260,+3.32, +2.918, +4.582,+0.986
1587058320,+3.32, +2.928, +4.587,+0.987
1587058380,+3.32, +2.875, +4.593,+0.986
1587058440,+3.32, +2.928, +4.586,+0.987
1587058500,+3.32, +2.939, +4.575,+0.986
1587058560,+3.32, +2.918, +4.585,+0.987
1587058620,+3.32, +2.907, +4.585,+0.987
1587058680,+3.32, +2.950, +4.583,+0.987
1587058740,+3.32, +2.918, +4.584,+0.986
1587058800,+3.32, +2.928, +4.588,+0.987
1587058860,+3.32, +2.918, +4.589,+0.987
1587058920,+3.32, +2.907, +4.589,+0.987
1587058980,+3.32, +2.907, +4.595,+0.987
1587059040,+3.32, +2.918, +4.590,+0.986
1587059100,+3.32, +2.928, +4.588,+0.987
1587059160,+3.32, +2.918, +4.592,+0.986
1587059220,+3.32, +2.939, +4.579,+0.986
1587059280,+3.32, +2.928, +4.586,+0.987
1587059340,+3.32, +2.928, +4.589,+0.987
1587059400,+3.32, +2.928, +4.583,+0.986
1587059460,+3.32, +2.907, +4.583,+0.986
1587059520,+3.32, +2.939, +4.575,+0.986
1587059580,+3.32, +2.907, +4.589,+0.987
1587059640,+3.32, +2.918, +4.578,+0.986
1587059700,+3.32, +2.918, +4.579,+0.987
1587059760,+3.32, +2.907, +4.576,+0.986
1587059820,+3.32, +2.928, +4.572,+0.987
1587059880,+3.32, +2.907, +4.569,+0.986
1587059940,+3.32, +2.918, +4.567,+0.987
1587060000,+3.32, +2.918, +4.564,+0.987
1587060060,+3.32, +2.918, +4.561,+0.986
1587060120,+3.32, +2.928, +4.557,+0.987
1587060180,+3.32, +2.907, +4.561,+0.986
1587060240,+3.32, +2.918, +4.557,+0.986
1587060300,+3.32, +2.918, +4.564,+0.987
1587060360,+3.32, +2.928, +4.554,+0.986
1587060420,+3.32, +2.907, +4.567,+0.986
1587060480,+3.32, +2.928, +4.569,+0.987
1587060540,+3.32, +2.939, +4.560,+0.987
1587060600,+3.32, +2.918, +4.566,+0.986
1587060660,+3.32, +2.928, +4.568,+0.987
1587060720,+3.32, +2.918, +4.575,+0.987
1587060780,+3.32, +2.939, +4.568,+0.986
1587060840,+3.32, +2.928, +4.574,+0.987
1587060900,+3.32, +2.918, +4.577,+0.987
1587060960,+3.32, +2.918, +4.570,+0.986
1587061020,+3.32, +2.939, +4.566,+0.986
1587061080,+3.32, +2.886, +4.575,+0.986
1587061140,+3.32, +2.907, +4.570,+0.986
1587061200,+3.32, +2.928, +4.561,+0.986
1587061260,+3.32, +2.918, +4.565,+0.987
1587061320,+3.32, +2.897, +4.558,+0.986
1587061380,+3.32, +2.928, +4.556,+0.987
1587061440,+3.32, +2.907, +4.557,+0.986
1587061500,+3.32, +2.907, +4.550,+0.986
1587061560,+3.32, +2.928, +4.542,+0.986
1587061620,+3.32, +2.897, +4.543,+0.986
1587061680,+3.32, +2.918, +4.531,+0.986
1587061740,+3.32, +2.928, +4.522,+0.986
1587061800,+3.32, +2.918, +4.522,+0.987
1587061860,+3.32, +2.918, +4.508,+0.986
1587061920,+3.32, +2.897, +4.517,+0.986
1587061980,+3.32, +2.918, +4.513,+0.987
1587062040,+3.32, +2.886, +4.512,+0.987
1587062100,+3.32, +2.928, +4.495,+0.986
1587062160,+3.32, +2.918, +4.504,+0.987
1587062220,+3.32, +2.897, +4.501,+0.986
1587062280,+3.32, +2.918, +4.493,+0.986
1587062340,+3.32, +2.928, +4.499,+0.987
1587062400,+3.32, +2.928, +4.495,+0.987
1587062460,+3.32, +2.928, +4.498,+0.987
1587062520,+3.32, +2.918, +4.497,+0.986
1587062580,+3.32, +2.918, +4.496,+0.986
1587062640,+3.32, +2.918, +4.504,+0.986
1587062700,+3.32, +2.918, +4.515,+0.986
1587062760,+3.32, +2.928, +4.520,+0.987
1587062820,+3.32, +2.928, +4.530,+0.986
1587062880,+3.32, +2.928, +4.532,+0.986
1587062940,+3.32, +2.950, +4.530,+0.986
1587063000,+3.32, +2.928, +4.538,+0.986
1587063060,+3.32, +2.950, +4.536,+0.987
1587063120,+3.32, +2.939, +4.538,+0.987
1587063180,+3.32, +2.907, +4.544,+0.987
1587063240,+3.32, +2.928, +4.537,+0.987
1587063300,+3.32, +2.897, +4.533,+0.986
1587063360,+3.32, +2.928, +4.536,+0.986
1587063420,+3.32, +2.939, +4.532,+0.987
1587063480,+3.32, +2.928, +4.533,+0.986
1587063540,+3.32, +2.918, +4.527,+0.986
1587063600,+3.32, +2.928, +4.531,+0.987
1587063660,+3.32, +2.918, +4.529,+0.986
1587063720,+3.32, +2.928, +4.524,+0.987
1587063780,+3.32, +2.928, +4.528,+0.987
1587063840,+3.32, +2.928, +4.516,+0.986
1587063900,+3.32, +2.918, +4.522,+0.987
1587063960,+3.32, +2.918, +4.521,+0.986
1587064020,+3.32, +2.939, +4.519,+0.987
1587064080,+3.32, +2.907, +4.527,+0.987
1587064140,+3.32, +2.928, +4.518,+0.986
1587064200,+3.32, +2.928, +4.520,+0.987
1587064260,+3.32, +2.907, +4.519,+0.986
1587064320,+3.32, +2.939, +4.510,+0.986
1587064380,+3.32, +2.918, +4.513,+0.986
1587064440,+3.32, +2.907, +4.518,+0.987
1587064500,+3.32, +2.939, +4.508,+0.987
1587064560,+3.32, +2.928, +4.507,+0.986
1587064620,+3.32, +2.928, +4.505,+0.987
1587064680,+3.32, +2.960, +4.501,+0.987
1587064740,+3.32, +2.907, +4.506,+0.986
1587064800,+3.32, +2.939, +4.497,+0.987
1587064860,+3.32, +2.928, +4.496,+0.987
1587064920,+3.32, +2.897, +4.500,+0.987
1587064980,+3.32, +2.907, +4.492,+0.987
1587065040,+3.32, +2.939, +4.484,+0.987
1587065100,+3.32, +2.939, +4.475,+0.986
1587065160,+3.32, +2.907, +4.485,+0.986
1587065220,+3.32, +2.928, +4.478,+0.986
1587065280,+3.32, +2.960, +4.466,+0.986
1587065340,+3.32, +2.928, +4.463,+0.986
1587065400,+3.32, +2.939, +4.467,+0.987
1587065460,+3.32, +2.939, +4.462,+0.987
1587065520,+3.32, +2.907, +4.461,+0.986
1587065580,+3.32, +2.939, +4.455,+0.986
1587065640,+3.32, +2.939, +4.449,+0.986
1587065700,+3.32, +2.939, +4.451,+0.987
1587065760,+3.32, +2.907, +4.453,+0.986
1587065820,+3.32, +2.939, +4.452,+0.986
1587065880,+3.32, +2.928, +4.459,+0.987
1587065940,+3.32, +2.928, +4.461,+0.987
1587066000,+3.32, +2.939, +4.462,+0.987
1587066060,+3.32, +2.907, +4.468,+0.987
1587066120,+3.32, +2.939, +4.464,+0.986
1587066180,+3.32, +2.939, +4.473,+0.987
1587066240,+3.32, +2.928, +4.472,+0.987
1587066300,+3.32, +2.939, +4.471,+0.986
1587066360,+3.32, +2.918, +4.473,+0.986
1587066420,+3.32, +2.950, +4.464,+0.986
1587066480,+3.32, +2.939, +4.468,+0.987
1587066540,+3.32, +2.939, +4.464,+0.986
1587066600,+3.32, +2.950, +4.469,+0.987
1587066660,+3.32, +2.918, +4.472,+0.986
1587066720,+3.32, +2.928, +4.466,+0.986
1587066780,+3.32, +2.928, +4.468,+0.986
1587066840,+3.32, +2.971, +4.460,+0.987
1587066900,+3.32, +2.950, +4.460,+0.986
1587066960,+3.32, +2.928, +4.462,+0.986
1587067020,+3.32, +2.928, +4.463,+0.987
1587067080,+3.32, +2.928, +4.464,+0.987
1587067140,+3.32, +2.928, +4.460,+0.986
1587067200,+3.32, +2.928, +4.458,+0.986
1587067260,+3.32, +2.918, +4.458,+0.987
1587067320,+3.32, +2.918, +4.454,+0.986
1587067380,+3.32, +2.928, +4.453,+0.986
1587067440,+3.32, +2.918, +4.464,+0.987
1587067500,+3.32, +2.928, +4.453,+0.986
1587067560,+3.32, +2.928, +4.443,+0.986
1587067620,+3.32, +2.960, +4.439,+0.986
1587067680,+3.32, +2.950, +4.445,+0.987
1587067740,+3.32, +2.950, +4.440,+0.986
1587067800,+3.32, +2.939, +4.441,+0.986
1587067860,+3.32, +2.918, +4.439,+0.986
1587067920,+3.32, +2.971, +4.437,+0.987
1587067980,+3.32, +2.918, +4.446,+0.986
1587068040,+3.32, +2.928, +4.442,+0.986
1587068100,+3.32, +2.939, +4.438,+0.986
1587068160,+3.32, +2.950, +4.439,+0.987
1587068220,+3.32, +2.950, +4.437,+0.987
1587068280,+3.32, +2.928, +4.436,+0.986
1587068340,+3.32, +2.939, +4.432,+0.987
1587068400,+3.32, +2.928, +4.436,+0.987
1587068460,+3.32, +2.907, +4.433,+0.986
1587068520,+3.32, +2.950, +4.418,+0.986
1587068580,+3.32, +2.982, +4.413,+0.986
1587068640,+3.32, +2.960, +4.414,+0.987
1587068700,+3.32, +2.939, +4.413,+0.986
1587068760,+3.32, +2.960, +4.409,+0.987
1587068820,+3.32, +2.886, +4.414,+0.986
1587068880,+3.32, +2.928, +4.407,+0.986
1587068940,+3.32, +2.918, +4.408,+0.987
1587069000,+3.32, +2.918, +4.395,+0.986
1587069060,+3.32, +2.918, +4.394,+0.986
1587069120,+3.32, +2.939, +4.387,+0.986
1587069180,+3.32, +2.950, +4.382,+0.987
1587069240,+3.32, +2.939, +4.379,+0.986
1587069300,+3.32, +2.939, +4.373,+0.986
1587069360,+3.32, +2.907, +4.381,+0.986
1587069420,+3.32, +2.939, +4.358,+0.986
1587069480,+3.32, +2.928, +4.364,+0.986
1587069540,+3.32, +2.939, +4.351,+0.986
1587069600,+3.32, +2.939, +4.344,+0.986
1587069660,+3.32, +2.950, +4.333,+0.986
1587069720,+3.32, +2.950, +4.324,+0.986
1587069780,+3.32, +2.960, +4.325,+0.987
1587069840,+3.32, +2.950, +4.320,+0.986
1587069900,+3.32, +2.928, +4.316,+0.986
1587069960,+3.32, +2.907, +4.311,+0.986
1587070020,+3.32, +2.971, +4.294,+0.986
1587070080,+3.32, +2.950, +4.290,+0.986
1587070140,+3.32, +2.960, +4.286,+0.987
1587070200,+3.32, +2.939, +4.283,+0.986
