7392-570653
OS REV: 1.11 Sensor Cal: 1428445788
Time (sec),  BV (Volts),  T (deg C),  DO (mg/l),  Q ()
1587675060,+3.32, +3.708, +7.727,+0.988
1587675120,+3.32, +3.698, +7.767,+0.987
1587675180,+3.32, +3.688, +7.803,+0.987
1587675240,+3.32, +3.708, +7.826,+0.987
1587675300,+3.32, +3.698, +7.863,+0.988
1587675360,+3.32, +3.688, +7.876,+0.987
1587675420,+3.32, +3.719, +7.877,+0.987
1587675480,+3.32, +3.698, +7.891,+0.987
1587675540,+3.32, +3.708, +7.896,+0.988
1587675600,+3.32, +3.698, +7.746,+0.987
1587675660,+3.32, +3.688, +7.812,+0.987
1587675720,+3.32, +3.698, +7.845,+0.987
1587675780,+3.32, +3.719, +7.847,+0.987
1587675840,+3.32, +3.698, +7.847,+0.988
1587675900,+3.32, +3.698, +7.811,+0.988
1587675960,+3.32, +3.698, +7.754,+0.988
1587676020,+3.32, +3.688, +7.701,+0.987
1587676080,+3.32, +3.708, +7.642,+0.987
1587676140,+3.32, +3.688, +7.625,+0.987
1587676200,+3.32, +3.698, +7.608,+0.987
1587676260,+3.32, +3.688, +7.608,+0.987
1587676320,+3.33, +3.698, +7.640,+0.988
1587676380,+3.32, +3.698, +7.677,+0.988
1587676440,+3.32, +3.698, +7.744,+0.987
1587676500,+3.32, +3.667, +7.834,+0.987
1587676560,+3.32, +3.667, +7.939,+0.987
1587676620,+3.32, +3.677, +8.011,+0.987
1587676680,+3.32, +3.698, +8.085,+0.988
1587676740,+3.32, +3.667, +8.121,+0.987
1587676800,+3.32, +3.667, +8.142,+0.988
1587676860,+3.32, +3.667, +8.141,+0.987
1587676920,+3.33, +3.698, +8.149,+0.988
1587676980,+3.32, +3.698, +8.165,+0.987
1587677040,+3.32, +3.708, +8.190,+0.987
1587677100,+3.32, +3.667, +8.229,+0.987
1587677160,+3.32, +3.698, +8.264,+0.987
1587677220,+3.32, +3.698, +8.292,+0.987
1587677280,+3.32, +3.698, +8.326,+0.987
1587677340,+3.32, +3.698, +8.374,+0.987
1587677400,+3.32, +3.698, +8.406,+0.987
1587677460,+3.32, +3.688, +8.454,+0.987
1587677520,+3.32, +3.635, +8.534,+0.988
1587677580,+3.32, +3.646, +8.576,+0.987
1587677640,+3.32, +3.698, +8.595,+0.987
1587677700,+3.32, +3.656, +8.687,+0.987
1587677760,+3.32, +3.688, +8.758,+0.987
1587677820,+3.32, +3.688, +8.859,+0.988
1587677880,+3.32, +3.656, +8.952,+0.988
1587677940,+3.32, +3.688, +8.994,+0.987
1587678000,+3.32, +3.698, +9.070,+0.987
1587678060,+3.32, +3.677, +9.125,+0.987
1587678120,+3.32, +3.677, +9.179,+0.987
1587678180,+3.32, +3.688, +9.225,+0.988
1587678240,+3.32, +3.688, +9.247,+0.987
1587678300,+3.32, +3.729, +9.255,+0.987
1587678360,+3.32, +3.698, +9.292,+0.988
1587678420,+3.32, +3.677, +9.287,+0.987
1587678480,+3.32, +3.677, +9.309,+0.987
1587678540,+3.32, +3.677, +9.306,+0.987
1587678600,+3.32, +3.698, +9.307,+0.987
1587678660,+3.32, +3.688, +9.323,+0.988
1587678720,+3.32, +3.667, +9.335,+0.987
1587678780,+3.32, +3.677, +9.321,+0.987
1587678840,+3.32, +3.667, +9.350,+0.988
1587678900,+3.32, +3.656, +9.354,+0.988
1587678960,+3.32, +3.708, +9.318,+0.987
1587679020,+3.32, +3.688, +9.330,+0.988
1587679080,+3.32, +3.688, +9.333,+0.987
1587679140,+3.32, +3.688, +9.318,+0.987
1587679200,+3.32, +3.698, +9.318,+0.988
1587679260,+3.32, +3.708, +9.307,+0.987
1587679320,+3.32, +3.688, +9.305,+0.987
1587679380,+3.32, +3.708, +9.287,+0.987
1587679440,+3.32, +3.677, +9.284,+0.988
1587679500,+3.33, +3.688, +9.269,+0.988
1587679560,+3.32, +3.667, +9.251,+0.987
1587679620,+3.32, +3.656, +9.239,+0.988
1587679680,+3.32, +3.688, +9.226,+0.988
1587679740,+3.32, +3.677, +9.202,+0.988
1587679800,+3.32, +3.698, +9.153,+0.987
1587679860,+3.32, +3.708, +9.146,+0.987
1587679920,+3.32, +3.656, +9.148,+0.987
1587679980,+3.32, +3.698, +9.125,+0.988
1587680040,+3.32, +3.677, +9.105,+0.987
1587680100,+3.32, +3.667, +9.098,+0.987
1587680160,+3.32, +3.698, +9.090,+0.988
1587680220,+3.32, +3.688, +9.079,+0.988
1587680280,+3.32, +3.688, +9.050,+0.987
1587680340,+3.32, +3.677, +9.047,+0.987
1587680400,+3.32, +3.677, +9.022,+0.987
1587680460,+3.33, +3.688, +8.987,+0.987
1587680520,+3.32, +3.667, +8.975,+0.987
1587680580,+3.32, +3.688, +8.949,+0.988
1587680640,+3.32, +3.677, +8.918,+0.987
1587680700,+3.32, +3.688, +8.866,+0.987
1587680760,+3.32, +3.698, +8.842,+0.988
1587680820,+3.32, +3.677, +8.808,+0.988
1587680880,+3.32, +3.677, +8.782,+0.988
1587680940,+3.32, +3.677, +8.761,+0.988
1587681000,+3.32, +3.677, +8.729,+0.988
1587681060,+3.32, +3.729, +8.671,+0.987
1587681120,+3.32, +3.698, +8.676,+0.988
1587681180,+3.32, +3.688, +8.653,+0.987
1587681240,+3.32, +3.667, +8.648,+0.988
1587681300,+3.32, +3.667, +8.632,+0.988
1587681360,+3.32, +3.698, +8.608,+0.988
1587681420,+3.32, +3.688, +8.610,+0.988
1587681480,+3.32, +3.667, +8.622,+0.987
1587681540,+3.32, +3.708, +8.628,+0.987
1587681600,+3.32, +3.688, +8.703,+0.988
1587681660,+3.32, +3.708, +8.744,+0.988
1587681720,+3.32, +3.698, +8.834,+0.988
1587681780,+3.32, +3.677, +8.914,+0.987
1587681840,+3.32, +3.698, +8.995,+0.988
1587681900,+3.32, +3.656, +9.084,+0.988
1587681960,+3.32, +3.698, +9.126,+0.987
1587682020,+3.32, +3.667, +9.205,+0.987
1587682080,+3.32, +3.688, +9.270,+0.988
1587682140,+3.32, +3.761, +9.272,+0.988
1587682200,+3.32, +3.698, +9.301,+0.988
1587682260,+3.32, +3.708, +9.290,+0.987
1587682320,+3.32, +3.688, +9.380,+0.988
1587682380,+3.32, +3.688, +9.524,+0.987
1587682440,+3.32, +3.698, +9.741,+0.987
1587682500,+3.32, +3.656,+10.004,+0.987
1587682560,+3.32, +3.698,+10.225,+0.987
1587682620,+3.32, +3.677,+10.465,+0.987
1587682680,+3.32, +3.667,+10.669,+0.987
1587682740,+3.32, +3.698,+10.854,+0.987
1587682800,+3.32, +3.688,+11.042,+0.988
1587682860,+3.32, +3.708,+11.175,+0.987
1587682920,+3.33, +3.667,+11.314,+0.987
1587682980,+3.32, +3.677,+11.444,+0.987
1587683040,+3.32, +3.677,+11.540,+0.986
1587683100,+3.32, +3.667,+11.659,+0.987
1587683160,+3.32, +3.656,+11.753,+0.987
1587683220,+3.32, +3.656,+11.819,+0.987
1587683280,+3.32, +3.677,+11.869,+0.987
1587683340,+3.32, +3.667,+11.915,+0.987
1587683400,+3.32, +3.667,+11.936,+0.987
1587683460,+3.32, +3.667,+11.963,+0.987
1587683520,+3.33, +3.677,+11.979,+0.988
1587683580,+3.32, +3.646,+11.993,+0.987
1587683640,+3.32, +3.635,+11.971,+0.987
1587683700,+3.32, +3.698,+11.956,+0.988
1587683760,+3.32, +3.677,+11.925,+0.986
1587683820,+3.32, +3.688,+11.897,+0.986
1587683880,+3.32, +3.698,+11.899,+0.988
1587683940,+3.32, +3.688,+11.875,+0.988
1587684000,+3.32, +3.677,+11.846,+0.988
1587684060,+3.32, +3.677,+11.808,+0.987
1587684120,+3.32, +3.677,+11.775,+0.987
1587684180,+3.33, +3.688,+11.737,+0.987
1587684240,+3.32, +3.698,+11.722,+0.987
1587684300,+3.32, +3.708,+11.728,+0.988
1587684360,+3.32, +3.667,+11.747,+0.988
1587684420,+3.32, +3.677,+11.701,+0.988
1587684480,+3.32, +3.667,+11.725,+0.988
1587684540,+3.32, +3.708,+11.639,+0.987
1587684600,+3.32, +3.656,+11.654,+0.987
1587684660,+3.32, +3.688,+11.608,+0.987
1587684720,+3.32, +3.688,+11.585,+0.988
1587684780,+3.32, +3.667,+11.573,+0.988
1587684840,+3.32, +3.688,+11.517,+0.988
1587684900,+3.32, +3.698,+11.455,+0.988
1587684960,+3.33, +3.677,+11.416,+0.987
1587685020,+3.32, +3.677,+11.372,+0.987
1587685080,+3.32, +3.688,+11.315,+0.987
1587685140,+3.32, +3.677,+11.271,+0.987
1587685200,+3.32, +3.698,+11.220,+0.987
1587685260,+3.32, +3.667,+11.198,+0.988
1587685320,+3.32, +3.677,+11.158,+0.988
1587685380,+3.32, +3.688,+11.112,+0.988
1587685440,+3.32, +3.667,+11.052,+0.988
1587685500,+3.32, +3.656,+10.997,+0.987
1587685560,+3.32, +3.688,+10.947,+0.988
1587685620,+3.32, +3.677,+10.897,+0.987
1587685680,+3.32, +3.688,+10.835,+0.987
1587685740,+3.32, +3.656,+10.802,+0.987
1587685800,+3.33, +3.635,+10.787,+0.988
1587685860,+3.32, +3.677,+10.723,+0.988
1587685920,+3.32, +3.667,+10.695,+0.988
1587685980,+3.33, +3.698,+10.655,+0.988
1587686040,+3.32, +3.656,+10.642,+0.988
1587686100,+3.32, +3.677,+10.581,+0.987
1587686160,+3.32, +3.667,+10.580,+0.987
1587686220,+3.32, +3.677,+10.550,+0.988
1587686280,+3.32, +3.677,+10.539,+0.988
1587686340,+3.32, +3.656,+10.514,+0.988
1587686400,+3.32, +3.677,+10.496,+0.988
1587686460,+3.33, +3.667,+10.468,+0.987
1587686520,+3.32, +3.677,+10.449,+0.988
1587686580,+3.32, +3.656,+10.452,+0.988
1587686640,+3.32, +3.677,+10.426,+0.988
1587686700,+3.32, +3.646,+10.424,+0.987
1587686760,+3.32, +3.677,+10.401,+0.988
1587686820,+3.32, +3.698,+10.388,+0.988
1587686880,+3.32, +3.698,+10.378,+0.988
1587686940,+3.32, +3.656,+10.382,+0.987
1587687000,+3.32, +3.677,+10.373,+0.988
1587687060,+3.32, +3.646,+10.383,+0.987
1587687120,+3.32, +3.698,+10.373,+0.988
1587687180,+3.32, +3.688,+10.344,+0.987
1587687240,+3.32, +3.677,+10.341,+0.987
1587687300,+3.32, +3.656,+10.343,+0.987
1587687360,+3.32, +3.646,+10.338,+0.987
1587687420,+3.32, +3.667,+10.333,+0.988
1587687480,+3.32, +3.667,+10.323,+0.988
1587687540,+3.32, +3.667,+10.311,+0.988
1587687600,+3.32, +3.677,+10.309,+0.988
1587687660,+3.32, +3.688,+10.297,+0.987
1587687720,+3.33, +3.698,+10.285,+0.987
1587687780,+3.32, +3.698,+10.275,+0.987
1587687840,+3.32, +3.656,+10.308,+0.988
1587687900,+3.32, +3.667,+10.282,+0.987
1587687960,+3.32, +3.656,+10.302,+0.987
1587688020,+3.33, +3.656,+10.294,+0.988
1587688080,+3.32, +3.656,+10.292,+0.987
1587688140,+3.32, +3.677,+10.283,+0.988
1587688200,+3.33, +3.656,+10.295,+0.988
1587688260,+3.32, +3.667,+10.267,+0.987
1587688320,+3.32, +3.667,+10.270,+0.987
1587688380,+3.32, +3.677,+10.259,+0.987
1587688440,+3.32, +3.656,+10.263,+0.988
1587688500,+3.32, +3.698,+10.237,+0.987
1587688560,+3.32, +3.656,+10.268,+0.988
1587688620,+3.32, +3.688,+10.243,+0.987
1587688680,+3.32, +3.646,+10.255,+0.988
1587688740,+3.32, +3.677,+10.244,+0.988
1587688800,+3.33, +3.667,+10.253,+0.988
1587688860,+3.32, +3.646,+10.237,+0.987
1587688920,+3.32, +3.667,+10.233,+0.987
1587688980,+3.32, +3.667,+10.239,+0.988
1587689040,+3.32, +3.677,+10.221,+0.987
1587689100,+3.32, +3.688,+10.225,+0.988
1587689160,+3.32, +3.656,+10.242,+0.988
1587689220,+3.33, +3.667,+10.230,+0.987
1587689280,+3.32, +3.667,+10.240,+0.988
1587689340,+3.32, +3.688,+10.212,+0.987
1587689400,+3.32, +3.688,+10.199,+0.987
1587689460,+3.32, +3.667,+10.223,+0.987
1587689520,+3.32, +3.656,+10.230,+0.988
1587689580,+3.32, +3.677,+10.199,+0.987
1587689640,+3.32, +3.688,+10.185,+0.988
1587689700,+3.32, +3.656,+10.189,+0.988
1587689760,+3.32, +3.614,+10.198,+0.988
1587689820,+3.32, +3.698,+10.147,+0.988
1587689880,+3.32, +3.677,+10.141,+0.988
1587689940,+3.32, +3.646,+10.132,+0.987
1587690000,+3.32, +3.667,+10.108,+0.987
1587690060,+3.32, +3.667,+10.089,+0.987
1587690120,+3.32, +3.656,+10.078,+0.987
1587690180,+3.33, +3.667,+10.072,+0.988
1587690240,+3.32, +3.656,+10.054,+0.988
1587690300,+3.32, +3.646,+10.025,+0.987
1587690360,+3.32, +3.667,+10.008,+0.988
1587690420,+3.32, +3.656, +9.962,+0.987
1587690480,+3.32, +3.667, +9.925,+0.987
1587690540,+3.32, +3.646, +9.915,+0.987
1587690600,+3.32, +3.677, +9.883,+0.988
1587690660,+3.32, +3.667, +9.860,+0.988
1587690720,+3.32, +3.656, +9.857,+0.988
1587690780,+3.32, +3.646, +9.862,+0.988
1587690840,+3.32, +3.688, +9.822,+0.987
1587690900,+3.32, +3.677, +9.831,+0.988
1587690960,+3.32, +3.667, +9.839,+0.988
1587691020,+3.32, +3.656, +9.842,+0.988
1587691080,+3.32, +3.667, +9.824,+0.988
1587691140,+3.32, +3.614, +9.840,+0.987
1587691200,+3.32, +3.667, +9.797,+0.987
1587691260,+3.32, +3.656, +9.786,+0.988
1587691320,+3.32, +3.708, +9.750,+0.988
1587691380,+3.32, +3.667, +9.742,+0.988
1587691440,+3.32, +3.667, +9.732,+0.988
1587691500,+3.32, +3.646, +9.751,+0.988
1587691560,+3.32, +3.656, +9.770,+0.987
1587691620,+3.32, +3.646, +9.821,+0.988
1587691680,+3.32, +3.635, +9.872,+0.988
1587691740,+3.32, +3.656, +9.909,+0.988
1587691800,+3.32, +3.635, +9.953,+0.987
1587691860,+3.32, +3.646,+10.016,+0.988
1587691920,+3.32, +3.635,+10.038,+0.987
1587691980,+3.32, +3.646,+10.073,+0.987
1587692040,+3.32, +3.667,+10.118,+0.988
1587692100,+3.32, +3.656,+10.153,+0.988
1587692160,+3.32, +3.656,+10.189,+0.988
1587692220,+3.32, +3.646,+10.222,+0.988
1587692280,+3.32, +3.635,+10.251,+0.988
1587692340,+3.32, +3.625,+10.293,+0.988
1587692400,+3.32, +3.614,+10.316,+0.988
1587692460,+3.32, +3.635,+10.304,+0.987
1587692520,+3.32, +3.635,+10.312,+0.988
1587692580,+3.32, +3.646,+10.272,+0.988
1587692640,+3.32, +3.635,+10.242,+0.988
1587692700,+3.32, +3.635,+10.208,+0.988
1587692760,+3.32, +3.635,+10.123,+0.987
1587692820,+3.32, +3.635,+10.100,+0.989
1587692880,+3.32, +3.635,+10.036,+0.987
1587692940,+3.32, +3.625, +9.995,+0.987
1587693000,+3.32, +3.635, +9.980,+0.988
1587693060,+3.32, +3.604, +9.971,+0.988
1587693120,+3.32, +3.646, +9.941,+0.988
1587693180,+3.33, +3.646, +9.939,+0.987
1587693240,+3.33, +3.614, +9.945,+0.987
1587693300,+3.32, +3.614, +9.985,+0.988
1587693360,+3.32, +3.635, +9.979,+0.988
1587693420,+3.32, +3.635, +9.990,+0.988
1587693480,+3.32, +3.635,+10.003,+0.987
1587693540,+3.32, +3.614,+10.043,+0.987
1587693600,+3.32, +3.625,+10.076,+0.988
1587693660,+3.32, +3.635,+10.080,+0.987
1587693720,+3.32, +3.625,+10.111,+0.988
1587693780,+3.32, +3.635,+10.138,+0.988
1587693840,+3.32, +3.625,+10.149,+0.987
1587693900,+3.32, +3.625,+10.162,+0.987
1587693960,+3.32, +3.625,+10.212,+0.988
1587694020,+3.32, +3.635,+10.233,+0.987
1587694080,+3.32, +3.604,+10.276,+0.988
1587694140,+3.32, +3.635,+10.258,+0.987
1587694200,+3.32, +3.604,+10.294,+0.988
1587694260,+3.32, +3.614,+10.276,+0.987
1587694320,+3.32, +3.625,+10.269,+0.988
1587694380,+3.32, +3.625,+10.248,+0.987
1587694440,+3.32, +3.625,+10.227,+0.988
1587694500,+3.32, +3.625,+10.187,+0.987
1587694560,+3.32, +3.614,+10.168,+0.987
1587694620,+3.32, +3.614,+10.136,+0.987
1587694680,+3.32, +3.635,+10.087,+0.987
1587694740,+3.32, +3.635,+10.071,+0.988
1587694800,+3.32, +3.614,+10.024,+0.987
1587694860,+3.33, +3.635, +9.970,+0.987
1587694920,+3.32, +3.625, +9.935,+0.987
1587694980,+3.32, +3.635, +9.893,+0.987
1587695040,+3.32, +3.614, +9.847,+0.988
1587695100,+3.32, +3.635, +9.784,+0.988
1587695160,+3.32, +3.635, +9.736,+0.988
1587695220,+3.32, +3.614, +9.658,+0.987
1587695280,+3.32, +3.646, +9.603,+0.987
1587695340,+3.32, +3.625, +9.556,+0.988
1587695400,+3.32, +3.646, +9.474,+0.987
1587695460,+3.32, +3.625, +9.430,+0.988
1587695520,+3.32, +3.625, +9.341,+0.987
1587695580,+3.32, +3.635, +9.278,+0.988
1587695640,+3.32, +3.625, +9.207,+0.987
1587695700,+3.32, +3.614, +9.142,+0.987
1587695760,+3.32, +3.614, +9.074,+0.988
1587695820,+3.32, +3.614, +8.996,+0.987
1587695880,+3.32, +3.646, +8.918,+0.988
1587695940,+3.32, +3.625, +8.846,+0.987
1587696000,+3.32, +3.583, +8.787,+0.988
1587696060,+3.32, +3.625, +8.690,+0.988
1587696120,+3.32, +3.625, +8.613,+0.988
1587696180,+3.32, +3.635, +8.516,+0.987
1587696240,+3.32, +3.635, +8.449,+0.988
1587696300,+3.32, +3.625, +8.370,+0.988
1587696360,+3.32, +3.604, +8.299,+0.987
1587696420,+3.32, +3.625, +8.221,+0.987
1587696480,+3.32, +3.614, +8.163,+0.988
1587696540,+3.32, +3.635, +8.090,+0.988
1587696600,+3.32, +3.646, +8.022,+0.987
1587696660,+3.32, +3.635, +7.964,+0.987
1587696720,+3.32, +3.635, +7.919,+0.988
1587696780,+3.32, +3.635, +7.859,+0.987
1587696840,+3.32, +3.625, +7.800,+0.987
1587696900,+3.33, +3.614, +7.738,+0.987
1587696960,+3.32, +3.625, +7.687,+0.987
1587697020,+3.32, +3.604, +7.633,+0.987
1587697080,+3.32, +3.625, +7.562,+0.987
1587697140,+3.32, +3.625, +7.515,+0.987
1587697200,+3.32, +3.614, +4.608,+0.987
1587697260,+3.32, +3.614, +3.893,+0.986
1587697320,+3.32, +3.635, +3.505,+0.985
1587697380,+3.32, +3.583, +3.258,+0.985
1587697440,+3.32, +3.604, +3.059,+0.984
1587697500,+3.32, +3.625, +2.910,+0.984
1587697560,+3.32, +3.625, +2.780,+0.983
1587697620,+3.32, +3.614, +2.664,+0.982
1587697680,+3.32, +3.614, +2.566,+0.981
1587697740,+3.32, +3.625, +2.479,+0.981
1587697800,+3.33, +3.646, +2.398,+0.981
1587697860,+3.32, +3.614, +2.331,+0.980
1587697920,+3.32, +3.614, +2.263,+0.980
1587697980,+3.32, +3.604, +2.213,+0.980
1587698040,+3.32, +3.646, +2.156,+0.979
1587698100,+3.32, +3.614, +2.116,+0.979
1587698160,+3.32, +3.625, +2.075,+0.979
1587698220,+3.32, +3.625, +2.041,+0.978
1587698280,+3.32, +3.635, +2.011,+0.979
1587698340,+3.32, +3.635, +1.985,+0.978
1587698400,+3.32, +3.635, +1.956,+0.978
1587698460,+3.32, +3.667, +1.925,+0.978
1587698520,+3.32, +3.635, +1.902,+0.978
1587698580,+3.32, +3.635, +1.871,+0.978
1587698640,+3.32, +3.604, +1.847,+0.978
1587698700,+3.32, +3.635, +1.811,+0.977
1587698760,+3.32, +3.635, +1.784,+0.978
1587698820,+3.33, +3.614, +1.757,+0.978
1587698880,+3.32, +3.646, +1.717,+0.977
1587698940,+3.32, +3.614, +1.686,+0.977
1587699000,+3.32, +3.625, +1.656,+0.977
1587699060,+3.32, +3.625, +1.628,+0.977
1587699120,+3.32, +3.635, +1.601,+0.977
1587699180,+3.32, +3.614, +1.580,+0.977
1587699240,+3.32, +3.635, +1.553,+0.976
1587699300,+3.32, +3.656, +1.535,+0.976
1587699360,+3.32, +3.625, +1.521,+0.976
1587699420,+3.32, +3.646, +1.493,+0.976
1587699480,+3.32, +3.604, +1.474,+0.976
1587699540,+3.32, +3.604, +1.447,+0.975
1587699600,+3.32, +3.614, +1.422,+0.976
1587699660,+3.32, +3.604, +1.394,+0.975
1587699720,+3.32, +3.604, +1.372,+0.975
1587699780,+3.32, +3.625, +1.349,+0.975
1587699840,+3.32, +3.635, +1.330,+0.975
1587699900,+3.32, +3.614, +1.314,+0.975
1587699960,+3.32, +3.635, +1.291,+0.975
1587700020,+3.32, +3.614, +1.272,+0.974
1587700080,+3.32, +3.614, +1.249,+0.974
1587700140,+3.32, +3.625, +1.228,+0.974
1587700200,+3.32, +3.646, +1.208,+0.974
1587700260,+3.32, +3.635, +1.189,+0.974
1587700320,+3.32, +3.635, +1.167,+0.973
1587700380,+3.32, +3.635, +1.146,+0.973
1587700440,+3.32, +3.635, +1.124,+0.973
1587700500,+3.32, +3.625, +1.106,+0.973
1587700560,+3.32, +3.604, +1.085,+0.972
1587700620,+3.32, +3.614, +1.069,+0.972
1587700680,+3.32, +3.594, +1.053,+0.972
1587700740,+3.32, +3.604, +1.035,+0.972
1587700800,+3.32, +3.604, +1.022,+0.972
1587700860,+3.32, +3.625, +1.006,+0.972
1587700920,+3.32, +3.625, +0.991,+0.972
1587700980,+3.32, +3.604, +0.981,+0.971
1587701040,+3.32, +3.625, +0.967,+0.971
1587701100,+3.33, +3.625, +0.957,+0.971
1587701160,+3.32, +3.594, +0.951,+0.971
1587701220,+3.32, +3.604, +0.936,+0.971
1587701280,+3.32, +3.614, +0.925,+0.971
1587701340,+3.33, +3.614, +0.913,+0.971
1587701400,+3.32, +3.667, +0.898,+0.971
1587701460,+3.32, +3.635, +0.885,+0.971
1587701520,+3.32, +3.614, +0.875,+0.970
1587701580,+3.32, +3.635, +0.861,+0.970
1587701640,+3.32, +3.635, +0.845,+0.970
1587701700,+3.32, +3.625, +0.837,+0.970
1587701760,+3.33, +3.594, +0.824,+0.970
1587701820,+3.32, +3.625, +0.811,+0.970
1587701880,+3.33, +3.625, +0.797,+0.970
1587701940,+3.32, +3.625, +0.788,+0.970
1587702000,+3.32, +3.635, +0.776,+0.969
1587702060,+3.32, +3.625, +0.771,+0.969
1587702120,+3.32, +3.625, +0.760,+0.969
1587702180,+3.32, +3.635, +0.754,+0.969
1587702240,+3.32, +3.614, +0.750,+0.969
1587702300,+3.32, +3.635, +0.745,+0.969
1587702360,+3.32, +3.614, +0.738,+0.969
1587702420,+3.33, +3.625, +0.734,+0.969
1587702480,+3.32, +3.614, +0.729,+0.969
1587702540,+3.32, +3.635, +0.722,+0.969
1587702600,+3.32, +3.604, +0.714,+0.969
1587702660,+3.32, +3.604, +0.703,+0.969
1587702720,+3.32, +3.614, +0.687,+0.968
1587702780,+3.33, +3.625, +0.673,+0.968
1587702840,+3.32, +3.635, +0.665,+0.968
1587702900,+3.32, +3.625, +0.655,+0.968
1587702960,+3.32, +3.625, +0.645,+0.968
1587703020,+3.32, +3.635, +0.632,+0.968
1587703080,+3.32, +3.604, +0.624,+0.968
1587703140,+3.32, +3.635, +0.610,+0.967
1587703200,+3.32, +3.625, +0.600,+0.967
1587703260,+3.32, +3.583, +0.587,+0.967
1587703320,+3.32, +3.635, +0.577,+0.967
1587703380,+3.32, +3.625, +0.570,+0.967
1587703440,+3.32, +3.614, +0.562,+0.967
1587703500,+3.32, +3.646, +0.556,+0.967
1587703560,+3.32, +3.635, +0.552,+0.967
1587703620,+3.32, +3.625, +0.547,+0.966
1587703680,+3.32, +3.594, +0.544,+0.966
1587703740,+3.32, +3.604, +0.537,+0.966
1587703800,+3.32, +3.625, +0.532,+0.966
1587703860,+3.32, +3.646, +0.526,+0.966
1587703920,+3.32, +3.635, +0.522,+0.966
1587703980,+3.32, +3.614, +0.520,+0.967
1587704040,+3.32, +3.614, +0.513,+0.966
1587704100,+3.32, +3.625, +0.508,+0.966
1587704160,+3.32, +3.604, +0.503,+0.966
1587704220,+3.32, +3.604, +0.498,+0.966
1587704280,+3.33, +3.594, +0.492,+0.966
1587704340,+3.32, +3.625, +0.486,+0.966
1587704400,+3.32, +3.614, +0.484,+0.966
1587704460,+3.32, +3.625, +0.480,+0.966
1587704520,+3.33, +3.604, +0.477,+0.966
1587704580,+3.32, +3.614, +0.476,+0.966
1587704640,+3.32, +3.646, +0.471,+0.966
1587704700,+3.32, +3.604, +0.468,+0.966
1587704760,+3.32, +3.604, +0.465,+0.966
1587704820,+3.32, +3.614, +0.462,+0.966
1587704880,+3.32, +3.625, +0.456,+0.965
1587704940,+3.32, +3.635, +0.452,+0.965
1587705000,+3.32, +3.614, +0.447,+0.965
1587705060,+3.32, +3.625, +0.444,+0.965
1587705120,+3.32, +3.635, +0.440,+0.965
1587705180,+3.32, +3.614, +0.436,+0.965
1587705240,+3.32, +3.646, +0.431,+0.965
1587705300,+3.32, +3.646, +0.427,+0.965
1587705360,+3.32, +3.573, +0.426,+0.965
1587705420,+3.32, +3.625, +0.419,+0.965
1587705480,+3.32, +3.614, +0.415,+0.965
1587705540,+3.32, +3.625, +0.411,+0.965
1587705600,+3.32, +3.635, +0.408,+0.965
1587705660,+3.32, +3.614, +0.407,+0.965
1587705720,+3.32, +3.604, +0.401,+0.965
1587705780,+3.32, +3.656, +0.398,+0.965
1587705840,+3.32, +3.625, +0.393,+0.965
1587705900,+3.32, +3.625, +0.387,+0.965
1587705960,+3.32, +3.625, +0.382,+0.964
1587706020,+3.32, +3.604, +0.375,+0.964
1587706080,+3.32, +3.614, +0.370,+0.964
1587706140,+3.32, +3.635, +0.365,+0.964
1587706200,+3.32, +3.614, +0.360,+0.964
1587706260,+3.32, +3.614, +0.353,+0.964
1587706320,+3.32, +3.635, +0.347,+0.964
1587706380,+3.32, +3.625, +0.345,+0.964
1587706440,+3.32, +3.635, +0.339,+0.964
1587706500,+3.32, +3.614, +0.335,+0.964
1587706560,+3.32, +3.625, +0.332,+0.964
1587706620,+3.32, +3.614, +0.330,+0.964
1587706680,+3.32, +3.614, +0.324,+0.964
1587706740,+3.32, +3.594, +0.319,+0.963
1587706800,+3.32, +3.625, +0.315,+0.964
1587706860,+3.32, +3.625, +0.312,+0.964
1587706920,+3.32, +3.635, +0.307,+0.963
1587706980,+3.32, +3.614, +0.303,+0.963
1587707040,+3.32, +3.646, +0.299,+0.963
1587707100,+3.32, +3.625, +0.297,+0.963
1587707160,+3.32, +3.614, +0.293,+0.963
1587707220,+3.32, +3.625, +0.290,+0.963
1587707280,+3.32, +3.625, +0.287,+0.963
1587707340,+3.32, +3.635, +0.286,+0.963
1587707400,+3.32, +3.646, +0.285,+0.963
1587707460,+3.32, +3.635, +0.283,+0.963
1587707520,+3.32, +3.625, +0.282,+0.963
1587707580,+3.32, +3.646, +0.281,+0.963
1587707640,+3.32, +3.614, +0.279,+0.963
1587707700,+3.32, +3.635, +0.277,+0.963
1587707760,+3.32, +3.635, +0.277,+0.963
1587707820,+3.32, +3.625, +0.275,+0.963
1587707880,+3.32, +3.646, +0.274,+0.963
1587707940,+3.32, +3.625, +0.276,+0.963
1587708000,+3.32, +3.635, +0.273,+0.963
1587708060,+3.32, +3.625, +0.271,+0.963
1587708120,+3.32, +3.625, +0.272,+0.963
1587708180,+3.32, +3.604, +0.272,+0.963
1587708240,+3.32, +3.646, +0.271,+0.963
1587708300,+3.32, +3.625, +0.270,+0.963
1587708360,+3.32, +3.625, +0.269,+0.963
1587708420,+3.32, +3.614, +0.267,+0.963
1587708480,+3.32, +3.614, +0.267,+0.963
1587708540,+3.32, +3.614, +0.263,+0.963
1587708600,+3.32, +3.594, +0.261,+0.963
1587708660,+3.32, +3.635, +0.258,+0.963
1587708720,+3.32, +3.635, +0.258,+0.963
1587708780,+3.32, +3.625, +0.254,+0.962
1587708840,+3.32, +3.635, +0.255,+0.963
1587708900,+3.32, +3.646, +0.252,+0.963
1587708960,+3.32, +3.604, +0.250,+0.962
1587709020,+3.32, +3.646, +0.246,+0.962
1587709080,+3.32, +3.614, +0.247,+0.963
1587709140,+3.32, +3.614, +0.246,+0.963
1587709200,+3.32, +3.635, +0.243,+0.962
1587709260,+3.32, +3.594, +0.243,+0.962
1587709320,+3.32, +3.635, +0.241,+0.962
1587709380,+3.32, +3.656, +0.239,+0.962
1587709440,+3.32, +3.625, +0.240,+0.963
1587709500,+3.32, +3.656, +0.238,+0.963
1587709560,+3.32, +3.604, +0.238,+0.962
1587709620,+3.32, +3.604, +0.236,+0.962
1587709680,+3.32, +3.614, +0.235,+0.962
1587709740,+3.32, +3.646, +0.233,+0.962
1587709800,+3.32, +3.635, +0.234,+0.962
1587709860,+3.33, +3.594, +0.233,+0.962
1587709920,+3.32, +3.646, +0.233,+0.962
1587709980,+3.32, +3.646, +0.232,+0.962
1587710040,+3.32, +3.594, +0.233,+0.962
1587710100,+3.32, +3.614, +0.232,+0.962
1587710160,+3.32, +3.635, +0.232,+0.962
1587710220,+3.32, +3.625, +0.230,+0.962
1587710280,+3.32, +3.583, +0.229,+0.962
1587710340,+3.32, +3.635, +0.229,+0.962
1587710400,+3.32, +3.635, +0.231,+0.962
1587710460,+3.32, +3.635, +0.228,+0.962
1587710520,+3.32, +3.646, +0.226,+0.962
1587710580,+3.32, +3.594, +0.226,+0.962
1587710640,+3.33, +3.625, +0.225,+0.962
1587710700,+3.32, +3.614, +0.225,+0.962
1587710760,+3.32, +3.604, +0.222,+0.962
1587710820,+3.32, +3.594, +0.223,+0.962
1587710880,+3.32, +3.625, +0.220,+0.962
1587710940,+3.32, +3.625, +0.221,+0.962
1587711000,+3.32, +3.635, +0.223,+0.962
1587711060,+3.32, +3.583, +0.224,+0.962
1587711120,+3.32, +3.604, +0.224,+0.962
1587711180,+3.32, +3.635, +0.224,+0.962
1587711240,+3.32, +3.604, +0.225,+0.962
1587711300,+3.32, +3.614, +0.226,+0.962
1587711360,+3.32, +3.604, +0.227,+0.962
1587711420,+3.32, +3.656, +0.226,+0.962
1587711480,+3.32, +3.635, +0.225,+0.962
1587711540,+3.32, +3.635, +0.227,+0.962
1587711600,+3.32, +3.625, +0.226,+0.962
1587711660,+3.32, +3.625, +0.226,+0.962
1587711720,+3.32, +3.625, +0.225,+0.962
1587711780,+3.32, +3.604, +0.224,+0.962
1587711840,+3.32, +3.635, +0.221,+0.962
1587711900,+3.32, +3.625, +0.221,+0.962
1587711960,+3.32, +3.635, +0.220,+0.962
1587712020,+3.32, +3.604, +0.221,+0.962
1587712080,+3.32, +3.594, +0.217,+0.962
1587712140,+3.32, +3.614, +0.216,+0.962
1587712200,+3.32, +3.583, +0.217,+0.962
1587712260,+3.32, +3.635, +0.212,+0.962
1587712320,+3.32, +3.635, +0.213,+0.962
1587712380,+3.32, +3.614, +0.213,+0.962
1587712440,+3.32, +3.614, +0.210,+0.962
1587712500,+3.32, +3.635, +0.210,+0.962
1587712560,+3.32, +3.625, +0.209,+0.962
1587712620,+3.32, +3.604, +0.209,+0.962
1587712680,+3.32, +3.614, +0.209,+0.962
1587712740,+3.32, +3.625, +0.206,+0.962
1587712800,+3.32, +3.614, +0.206,+0.962
1587712860,+3.32, +3.635, +0.205,+0.962
1587712920,+3.32, +3.614, +0.203,+0.962
1587712980,+3.32, +3.614, +0.202,+0.962
1587713040,+3.32, +3.614, +0.203,+0.962
1587713100,+3.32, +3.646, +0.200,+0.962
1587713160,+3.32, +3.614, +0.200,+0.962
1587713220,+3.32, +3.625, +0.201,+0.962
1587713280,+3.32, +3.614, +0.199,+0.962
1587713340,+3.32, +3.614, +0.199,+0.962
1587713400,+3.32, +3.604, +0.199,+0.962
1587713460,+3.32, +3.614, +0.200,+0.962
1587713520,+3.32, +3.604, +0.199,+0.962
1587713580,+3.32, +3.625, +0.197,+0.962
1587713640,+3.32, +3.614, +0.198,+0.962
1587713700,+3.32, +3.625, +0.197,+0.962
1587713760,+3.32, +3.583, +0.196,+0.962
1587713820,+3.32, +3.614, +0.197,+0.962
1587713880,+3.32, +3.614, +0.197,+0.962
1587713940,+3.32, +3.625, +0.196,+0.962
1587714000,+3.32, +3.614, +0.195,+0.962
1587714060,+3.32, +3.614, +0.194,+0.962
1587714120,+3.32, +3.625, +0.195,+0.962
1587714180,+3.32, +3.614, +0.196,+0.962
1587714240,+3.32, +3.614, +0.195,+0.962
1587714300,+3.32, +3.646, +0.195,+0.962
1587714360,+3.32, +3.635, +0.194,+0.962
1587714420,+3.32, +3.625, +0.196,+0.962
1587714480,+3.32, +3.635, +0.196,+0.962
1587714540,+3.32, +3.604, +0.196,+0.962
1587714600,+3.32, +3.614, +0.195,+0.962
1587714660,+3.32, +3.625, +0.196,+0.962
1587714720,+3.32, +3.594, +0.197,+0.962
1587714780,+3.32, +3.625, +0.195,+0.962
1587714840,+3.32, +3.646, +0.193,+0.962
1587714900,+3.32, +3.625, +0.194,+0.962
1587714960,+3.32, +3.604, +0.192,+0.961
1587715020,+3.32, +3.604, +0.193,+0.962
1587715080,+3.32, +3.625, +0.195,+0.962
1587715140,+3.32, +3.625, +0.193,+0.962
1587715200,+3.32, +3.646, +0.192,+0.962
1587715260,+3.32, +3.594, +0.194,+0.962
1587715320,+3.32, +3.594, +0.193,+0.962
1587715380,+3.32, +3.625, +0.192,+0.962
1587715440,+3.32, +3.614, +0.192,+0.962
1587715500,+3.32, +3.614, +0.193,+0.962
1587715560,+3.32, +3.625, +0.194,+0.962
1587715620,+3.32, +3.625, +0.194,+0.962
1587715680,+3.32, +3.604, +0.195,+0.962
1587715740,+3.32, +3.614, +0.193,+0.962
1587715800,+3.32, +3.604, +0.193,+0.962
1587715860,+3.32, +3.562, +0.193,+0.962
1587715920,+3.32, +3.604, +0.193,+0.962
1587715980,+3.32, +3.646, +0.192,+0.962
1587716040,+3.32, +3.614, +0.192,+0.961
1587716100,+3.32, +3.625, +0.194,+0.962
1587716160,+3.32, +3.604, +0.191,+0.962
1587716220,+3.32, +3.625, +0.191,+0.962
1587716280,+3.32, +3.562, +0.193,+0.961
1587716340,+3.32, +3.635, +0.190,+0.962
1587716400,+3.32, +3.635, +0.189,+0.962
1587716460,+3.32, +3.635, +0.188,+0.962
1587716520,+3.32, +3.583, +0.191,+0.962
1587716580,+3.32, +3.614, +0.188,+0.962
1587716640,+3.32, +3.646, +0.187,+0.962
1587716700,+3.32, +3.625, +0.188,+0.962
1587716760,+3.32, +3.604, +0.189,+0.962
1587716820,+3.32, +3.625, +0.188,+0.962
1587716880,+3.32, +3.604, +0.187,+0.962
1587716940,+3.32, +3.604, +0.186,+0.962
1587717000,+3.32, +3.614, +0.187,+0.962
1587717060,+3.32, +3.562, +0.186,+0.961
1587717120,+3.32, +3.625, +0.187,+0.962
1587717180,+3.32, +3.614, +0.185,+0.961
1587717240,+3.32, +3.604, +0.186,+0.961
1587717300,+3.32, +3.635, +0.188,+0.962
1587717360,+3.32, +3.635, +0.187,+0.962
1587717420,+3.32, +3.614, +0.188,+0.962
1587717480,+3.32, +3.604, +0.188,+0.962
1587717540,+3.32, +3.635, +0.186,+0.962
1587717600,+3.32, +3.646, +0.186,+0.962
1587717660,+3.32, +3.625, +0.185,+0.961
1587717720,+3.32, +3.614, +0.184,+0.962
1587717780,+3.32, +3.604, +0.184,+0.962
1587717840,+3.32, +3.625, +0.184,+0.961
1587717900,+3.32, +3.594, +0.184,+0.961
1587717960,+3.32, +3.614, +0.183,+0.962
1587718020,+3.32, +3.614, +0.182,+0.961
1587718080,+3.32, +3.614, +0.182,+0.961
1587718140,+3.32, +3.625, +0.185,+0.962
1587718200,+3.32, +3.573, +0.183,+0.961
1587718260,+3.32, +3.614, +0.183,+0.962
1587718320,+3.32, +3.614, +0.185,+0.962
1587718380,+3.32, +3.625, +0.184,+0.962
1587718440,+3.32, +3.614, +0.182,+0.962
1587718500,+3.32, +3.625, +0.182,+0.962
1587718560,+3.32, +3.625, +0.183,+0.962
1587718620,+3.32, +3.625, +0.183,+0.962
1587718680,+3.32, +3.635, +0.184,+0.962
1587718740,+3.32, +3.625, +0.183,+0.961
1587718800,+3.32, +3.625, +0.178,+0.962
1587718860,+3.32, +3.614, +0.177,+0.962
1587718920,+3.32, +3.604, +0.178,+0.961
1587718980,+3.32, +3.594, +0.180,+0.962
1587719040,+3.32, +3.604, +0.179,+0.961
1587719100,+3.32, +3.625, +0.180,+0.962
1587719160,+3.32, +3.625, +0.182,+0.962
1587719220,+3.32, +3.604, +0.180,+0.961
1587719280,+3.32, +3.635, +0.182,+0.962
1587719340,+3.32, +3.635, +0.183,+0.962
1587719400,+3.32, +3.604, +0.183,+0.962
1587719460,+3.32, +3.646, +0.183,+0.962
1587719520,+3.32, +3.625, +0.182,+0.962
1587719580,+3.32, +3.625, +0.183,+0.962
1587719640,+3.32, +3.604, +0.181,+0.961
1587719700,+3.32, +3.656, +0.183,+0.962
1587719760,+3.32, +3.625, +0.185,+0.962
1587719820,+3.32, +3.604, +0.184,+0.962
1587719880,+3.32, +3.625, +0.183,+0.961
1587719940,+3.33, +3.635, +0.182,+0.962
1587720000,+3.32, +3.614, +0.184,+0.962
1587720060,+3.32, +3.635, +0.183,+0.961
1587720120,+3.32, +3.635, +0.184,+0.962
1587720180,+3.32, +3.635, +0.185,+0.962
1587720240,+3.32, +3.614, +0.184,+0.962
1587720300,+3.32, +3.625, +0.183,+0.962
1587720360,+3.32, +3.614, +0.183,+0.962
1587720420,+3.32, +3.625, +0.184,+0.962
1587720480,+3.32, +3.614, +0.183,+0.962
1587720540,+3.32, +3.614, +0.184,+0.962
1587720600,+3.32, +3.604, +0.183,+0.962
1587720660,+3.32, +3.614, +0.183,+0.962
1587720720,+3.32, +3.594, +0.185,+0.962
1587720780,+3.32, +3.614, +0.185,+0.962
1587720840,+3.32, +3.594, +0.185,+0.961
1587720900,+3.32, +3.594, +0.186,+0.962
1587720960,+3.32, +3.625, +0.187,+0.962
1587721020,+3.32, +3.573, +0.185,+0.961
1587721080,+3.32, +3.594, +0.188,+0.962
1587721140,+3.32, +3.583, +0.191,+0.962
1587721200,+3.32, +3.614, +0.193,+0.962
1587721260,+3.32, +3.625, +0.192,+0.962
1587721320,+3.32, +3.635, +0.194,+0.962
1587721380,+3.32, +3.625, +0.193,+0.962
1587721440,+3.32, +3.604, +0.194,+0.962
1587721500,+3.32, +3.604, +0.190,+0.962
1587721560,+3.32, +3.614, +0.190,+0.961
1587721620,+3.32, +3.604, +0.189,+0.962
1587721680,+3.32, +3.625, +0.189,+0.962
1587721740,+3.32, +3.625, +0.187,+0.962
1587721800,+3.32, +3.604, +0.187,+0.962
1587721860,+3.32, +3.604, +0.189,+0.962
1587721920,+3.32, +3.614, +0.189,+0.962
1587721980,+3.32, +3.625, +0.187,+0.962
1587722040,+3.32, +3.625, +0.187,+0.962
1587722100,+3.32, +3.614, +0.186,+0.962
1587722160,+3.32, +3.614, +0.186,+0.962
1587722220,+3.32, +3.625, +0.186,+0.962
1587722280,+3.32, +3.635, +0.188,+0.962
1587722340,+3.32, +3.625, +0.188,+0.962
1587722400,+3.32, +3.614, +0.189,+0.962
1587722460,+3.32, +3.614, +0.186,+0.962
1587722520,+3.32, +3.625, +0.187,+0.962
1587722580,+3.32, +3.635, +0.184,+0.962
1587722640,+3.32, +3.625, +0.184,+0.962
1587722700,+3.32, +3.614, +0.184,+0.962
1587722760,+3.32, +3.635, +0.181,+0.962
1587722820,+3.32, +3.625, +0.181,+0.962
1587722880,+3.32, +3.614, +0.182,+0.962
1587722940,+3.32, +3.646, +0.181,+0.962
1587723000,+3.32, +3.614, +0.181,+0.962
1587723060,+3.32, +3.604, +0.180,+0.961
1587723120,+3.32, +3.594, +0.180,+0.962
1587723180,+3.32, +3.562, +0.180,+0.961
1587723240,+3.32, +3.614, +0.180,+0.962
1587723300,+3.32, +3.625, +0.178,+0.962
1587723360,+3.32, +3.625, +0.179,+0.962
1587723420,+3.32, +3.614, +0.182,+0.962
1587723480,+3.32, +3.573, +0.182,+0.962
1587723540,+3.32, +3.625, +0.180,+0.962
1587723600,+3.32, +3.614, +0.180,+0.962
1587723660,+3.32, +3.614, +0.180,+0.962
1587723720,+3.32, +3.625, +0.179,+0.962
1587723780,+3.32, +3.594, +0.180,+0.961
1587723840,+3.32, +3.604, +0.182,+0.962
1587723900,+3.32, +3.614, +0.185,+0.962
1587723960,+3.32, +3.604, +0.184,+0.962
1587724020,+3.32, +3.646, +0.185,+0.962
1587724080,+3.32, +3.635, +0.188,+0.962
1587724140,+3.32, +3.614, +0.189,+0.962
1587724200,+3.32, +3.594, +0.189,+0.962
1587724260,+3.32, +3.625, +0.190,+0.962
1587724320,+3.32, +3.635, +0.195,+0.962
1587724380,+3.32, +3.604, +0.194,+0.962
1587724440,+3.32, +3.594, +0.196,+0.962
1587724500,+3.32, +3.614, +0.197,+0.962
1587724560,+3.32, +3.635, +0.196,+0.962
1587724620,+3.32, +3.646, +0.197,+0.962
1587724680,+3.32, +3.625, +0.195,+0.962
1587724740,+3.32, +3.594, +0.198,+0.962
1587724800,+3.32, +3.614, +0.195,+0.962
1587724860,+3.32, +3.614, +0.194,+0.962
1587724920,+3.32, +3.594, +0.193,+0.962
1587724980,+3.32, +3.625, +0.191,+0.962
1587725040,+3.32, +3.604, +0.192,+0.962
1587725100,+3.32, +3.604, +0.190,+0.962
1587725160,+3.32, +3.614, +0.189,+0.962
1587725220,+3.32, +3.604, +0.189,+0.962
1587725280,+3.32, +3.625, +0.186,+0.962
1587725340,+3.32, +3.604, +0.189,+0.962
1587725400,+3.32, +3.614, +0.189,+0.962
1587725460,+3.32, +3.614, +0.193,+0.962
1587725520,+3.32, +3.604, +0.194,+0.962
1587725580,+3.32, +3.646, +0.193,+0.962
1587725640,+3.32, +3.625, +0.193,+0.962
1587725700,+3.32, +3.635, +0.191,+0.962
1587725760,+3.32, +3.635, +0.193,+0.962
1587725820,+3.32, +3.614, +0.189,+0.962
1587725880,+3.32, +3.625, +0.188,+0.962
1587725940,+3.32, +3.635, +0.188,+0.962
1587726000,+3.32, +3.614, +0.187,+0.962
1587726060,+3.32, +3.614, +0.185,+0.962
1587726120,+3.32, +3.635, +0.184,+0.962
1587726180,+3.32, +3.635, +0.184,+0.962
1587726240,+3.32, +3.625, +0.182,+0.962
1587726300,+3.32, +3.625, +0.181,+0.962
1587726360,+3.32, +3.614, +0.181,+0.962
1587726420,+3.32, +3.594, +0.181,+0.961
1587726480,+3.32, +3.614, +0.183,+0.962
1587726540,+3.32, +3.625, +0.180,+0.962
1587726600,+3.32, +3.604, +0.181,+0.962
1587726660,+3.32, +3.625, +0.183,+0.962
1587726720,+3.32, +3.625, +0.182,+0.962
1587726780,+3.32, +3.614, +0.184,+0.962
1587726840,+3.32, +3.614, +0.184,+0.962
1587726900,+3.32, +3.583, +0.185,+0.962
1587726960,+3.32, +3.635, +0.183,+0.962
1587727020,+3.32, +3.635, +0.186,+0.962
1587727080,+3.32, +3.614, +0.184,+0.962
1587727140,+3.32, +3.625, +0.183,+0.962
1587727200,+3.32, +3.604, +0.183,+0.962
1587727260,+3.32, +3.604, +0.183,+0.962
1587727320,+3.32, +3.625, +0.181,+0.962
1587727380,+3.32, +3.614, +0.182,+0.962
1587727440,+3.32, +3.594, +0.182,+0.961
1587727500,+3.32, +3.594, +0.183,+0.961
1587727560,+3.32, +3.594, +0.183,+0.962
1587727620,+3.32, +3.625, +0.185,+0.962
1587727680,+3.32, +3.625, +0.187,+0.962
1587727740,+3.32, +3.614, +0.188,+0.962
1587727800,+3.32, +3.614, +0.190,+0.962
1587727860,+3.32, +3.677, +0.189,+0.962
1587727920,+3.32, +3.594, +0.191,+0.962
1587727980,+3.32, +3.614, +0.189,+0.962
1587728040,+3.32, +3.635, +0.190,+0.962
1587728100,+3.32, +3.614, +0.187,+0.962
1587728160,+3.32, +3.614, +0.187,+0.962
1587728220,+3.32, +3.635, +0.186,+0.962
1587728280,+3.32, +3.625, +0.184,+0.961
1587728340,+3.32, +3.635, +0.183,+0.962
1587728400,+3.32, +3.635, +0.184,+0.962
1587728460,+3.32, +3.646, +0.183,+0.962
1587728520,+3.32, +3.594, +0.183,+0.962
1587728580,+3.32, +3.614, +0.182,+0.961
1587728640,+3.32, +3.604, +0.182,+0.961
1587728700,+3.32, +3.604, +0.181,+0.962
1587728760,+3.32, +3.604, +0.182,+0.962
1587728820,+3.32, +3.646, +0.181,+0.962
1587728880,+3.32, +3.635, +0.184,+0.962
1587728940,+3.32, +3.604, +0.186,+0.962
1587729000,+3.32, +3.614, +0.187,+0.962
1587729060,+3.32, +3.614, +0.187,+0.962
1587729120,+3.32, +3.625, +0.184,+0.962
1587729180,+3.32, +3.625, +0.186,+0.962
1587729240,+3.32, +3.625, +0.185,+0.962
1587729300,+3.32, +3.656, +0.183,+0.962
1587729360,+3.32, +3.583, +0.185,+0.962
1587729420,+3.32, +3.635, +0.182,+0.962
1587729480,+3.32, +3.635, +0.183,+0.962
1587729540,+3.32, +3.614, +0.180,+0.961
1587729600,+3.32, +3.604, +0.180,+0.961
1587729660,+3.32, +3.635, +0.180,+0.962
1587729720,+3.32, +3.625, +0.179,+0.962
1587729780,+3.32, +3.625, +0.179,+0.961
1587729840,+3.32, +3.604, +0.178,+0.961
1587729900,+3.32, +3.625, +0.179,+0.962
1587729960,+3.32, +3.625, +0.178,+0.962
1587730020,+3.32, +3.625, +0.177,+0.962
1587730080,+3.32, +3.594, +0.178,+0.961
1587730140,+3.32, +3.656, +0.178,+0.962
1587730200,+3.32, +3.604, +0.178,+0.962
1587730260,+3.32, +3.646, +0.178,+0.962
1587730320,+3.32, +3.625, +0.178,+0.962
1587730380,+3.32, +3.583, +0.181,+0.962
1587730440,+3.32, +3.604, +0.179,+0.962
1587730500,+3.32, +3.614, +0.179,+0.962
1587730560,+3.32, +3.625, +0.178,+0.962
1587730620,+3.32, +3.604, +0.178,+0.961
1587730680,+3.32, +3.614, +0.179,+0.962
1587730740,+3.32, +3.635, +0.178,+0.962
1587730800,+3.32, +3.625, +0.178,+0.962
1587730860,+3.32, +3.614, +0.178,+0.961
1587730920,+3.32, +3.625, +0.178,+0.962
1587730980,+3.32, +3.625, +0.177,+0.961
1587731040,+3.32, +3.646, +0.178,+0.962
1587731100,+3.32, +3.635, +0.178,+0.962
1587731160,+3.32, +3.614, +0.178,+0.961
1587731220,+3.32, +3.614, +0.181,+0.962
1587731280,+3.32, +3.635, +0.180,+0.962
1587731340,+3.32, +3.635, +0.179,+0.962
1587731400,+3.32, +3.625, +0.180,+0.962
1587731460,+3.32, +3.646, +0.180,+0.962
1587731520,+3.32, +3.614, +0.180,+0.961
1587731580,+3.32, +3.635, +0.181,+0.962
1587731640,+3.32, +3.625, +0.182,+0.962
1587731700,+3.32, +3.635, +0.182,+0.962
1587731760,+3.32, +3.635, +0.182,+0.962
1587731820,+3.32, +3.625, +0.182,+0.962
1587731880,+3.32, +3.604, +0.182,+0.962
1587731940,+3.32, +3.604, +0.183,+0.962
1587732000,+3.32, +3.625, +0.182,+0.962
1587732060,+3.32, +3.625, +0.182,+0.962
1587732120,+3.32, +3.625, +0.182,+0.962
1587732180,+3.32, +3.646, +0.182,+0.962
1587732240,+3.32, +3.635, +0.180,+0.961
1587732300,+3.32, +3.635, +0.181,+0.962
1587732360,+3.32, +3.594, +0.184,+0.962
1587732420,+3.32, +3.614, +0.182,+0.962
1587732480,+3.32, +3.614, +0.180,+0.962
1587732540,+3.32, +3.604, +0.180,+0.961
1587732600,+3.32, +3.614, +0.182,+0.962
1587732660,+3.32, +3.635, +0.181,+0.962
1587732720,+3.32, +3.635, +0.181,+0.962
1587732780,+3.32, +3.625, +0.180,+0.962
1587732840,+3.32, +3.604, +0.182,+0.962
1587732900,+3.32, +3.573, +0.182,+0.961
1587732960,+3.32, +3.625, +0.182,+0.962
1587733020,+3.32, +3.583, +0.183,+0.962
1587733080,+3.32, +3.573, +0.182,+0.962
1587733140,+3.32, +3.614, +0.181,+0.962
1587733200,+3.32, +3.625, +0.180,+0.962
1587733260,+3.32, +3.614, +0.179,+0.961
1587733320,+3.32, +3.625, +0.181,+0.962
1587733380,+3.32, +3.594, +0.182,+0.962
1587733440,+3.32, +3.594, +0.182,+0.962
1587733500,+3.32, +3.625, +0.181,+0.962
1587733560,+3.32, +3.604, +0.181,+0.962
1587733620,+3.32, +3.625, +0.181,+0.962
1587733680,+3.32, +3.604, +0.183,+0.962
1587733740,+3.32, +3.635, +0.181,+0.962
1587733800,+3.32, +3.635, +0.182,+0.962
1587733860,+3.32, +3.625, +0.182,+0.962
1587733920,+3.32, +3.635, +0.185,+0.962
1587733980,+3.32, +3.625, +0.186,+0.962
1587734040,+3.32, +3.614, +0.186,+0.962
1587734100,+3.32, +3.635, +0.185,+0.962
1587734160,+3.32, +3.614, +0.187,+0.962
1587734220,+3.32, +3.583, +0.189,+0.962
1587734280,+3.32, +3.614, +0.186,+0.962
1587734340,+3.32, +3.625, +0.188,+0.962
1587734400,+3.32, +3.583, +0.187,+0.962
1587734460,+3.32, +3.625, +0.186,+0.962
1587734520,+3.32, +3.604, +0.188,+0.962
1587734580,+3.32, +3.625, +0.187,+0.962
1587734640,+3.32, +3.614, +0.186,+0.962
1587734700,+3.32, +3.646, +0.184,+0.962
1587734760,+3.32, +3.583, +0.187,+0.962
1587734820,+3.32, +3.625, +0.185,+0.962
1587734880,+3.32, +3.614, +0.185,+0.962
1587734940,+3.32, +3.604, +0.185,+0.962
1587735000,+3.32, +3.614, +0.184,+0.962
1587735060,+3.32, +3.604, +0.185,+0.962
1587735120,+3.32, +3.604, +0.185,+0.962
1587735180,+3.32, +3.614, +0.184,+0.962
1587735240,+3.32, +3.604, +0.186,+0.962
1587735300,+3.32, +3.614, +0.185,+0.962
1587735360,+3.32, +3.625, +0.185,+0.962
1587735420,+3.32, +3.604, +0.184,+0.961
1587735480,+3.32, +3.635, +0.185,+0.962
1587735540,+3.32, +3.614, +0.187,+0.962
1587735600,+3.32, +3.583, +0.185,+0.962
1587735660,+3.32, +3.656, +0.183,+0.962
1587735720,+3.32, +3.614, +0.183,+0.962
1587735780,+3.32, +3.614, +0.184,+0.962
1587735840,+3.32, +3.635, +0.182,+0.962
1587735900,+3.32, +3.604, +0.182,+0.962
1587735960,+3.32, +3.614, +0.183,+0.962
1587736020,+3.32, +3.646, +0.181,+0.962
1587736080,+3.32, +3.625, +0.179,+0.961
1587736140,+3.32, +3.625, +0.182,+0.962
1587736200,+3.32, +3.646, +0.180,+0.962
1587736260,+3.32, +3.583, +0.179,+0.961
1587736320,+3.32, +3.625, +0.180,+0.962
1587736380,+3.32, +3.614, +0.179,+0.961
1587736440,+3.32, +3.614, +0.179,+0.962
1587736500,+3.32, +3.635, +0.177,+0.962
1587736560,+3.32, +3.625, +0.179,+0.962
1587736620,+3.32, +3.625, +0.178,+0.962
1587736680,+3.32, +3.635, +0.178,+0.962
1587736740,+3.32, +3.614, +0.177,+0.961
1587736800,+3.32, +3.614, +0.178,+0.961
1587736860,+3.32, +3.614, +0.178,+0.961
1587736920,+3.32, +3.625, +0.178,+0.962
1587736980,+3.32, +3.625, +0.177,+0.962
1587737040,+3.32, +3.614, +0.177,+0.962
1587737100,+3.32, +3.646, +0.178,+0.962
1587737160,+3.32, +3.614, +0.178,+0.961
1587737220,+3.32, +3.594, +0.179,+0.962
1587737280,+3.32, +3.625, +0.178,+0.962
1587737340,+3.32, +3.625, +0.179,+0.961
1587737400,+3.32, +3.604, +0.180,+0.962
1587737460,+3.32, +3.625, +0.179,+0.962
1587737520,+3.32, +3.604, +0.179,+0.962
1587737580,+3.32, +3.614, +0.180,+0.961
1587737640,+3.32, +3.625, +0.180,+0.962
1587737700,+3.32, +3.614, +0.182,+0.962
1587737760,+3.32, +3.635, +0.185,+0.962
1587737820,+3.32, +3.625, +0.185,+0.961
1587737880,+3.32, +3.614, +0.188,+0.962
1587737940,+3.32, +3.604, +0.193,+0.962
1587738000,+3.32, +3.625, +0.194,+0.962
1587738060,+3.32, +3.604, +0.195,+0.962
1587738120,+3.32, +3.625, +0.198,+0.962
1587738180,+3.32, +3.604, +0.199,+0.962
1587738240,+3.32, +3.625, +0.200,+0.962
1587738300,+3.32, +3.646, +0.198,+0.962
1587738360,+3.32, +3.614, +0.198,+0.962
1587738420,+3.32, +3.614, +0.200,+0.962
1587738480,+3.32, +3.625, +0.201,+0.962
1587738540,+3.32, +3.614, +0.201,+0.962
1587738600,+3.32, +3.625, +0.200,+0.962
1587738660,+3.32, +3.646, +0.200,+0.962
1587738720,+3.32, +3.625, +0.197,+0.962
1587738780,+3.32, +3.656, +0.199,+0.962
1587738840,+3.32, +3.614, +0.196,+0.962
1587738900,+3.32, +3.625, +0.195,+0.962
1587738960,+3.32, +3.635, +0.194,+0.962
1587739020,+3.32, +3.625, +0.194,+0.962
1587739080,+3.32, +3.635, +0.194,+0.962
1587739140,+3.32, +3.583, +0.193,+0.962
1587739200,+3.32, +3.625, +0.192,+0.962
1587739260,+3.32, +3.594, +0.194,+0.962
1587739320,+3.32, +3.625, +0.194,+0.962
1587739380,+3.32, +3.604, +0.193,+0.962
1587739440,+3.32, +3.614, +0.195,+0.962
1587739500,+3.32, +3.614, +0.194,+0.962
1587739560,+3.32, +3.635, +0.194,+0.962
1587739620,+3.32, +3.625, +0.195,+0.962
1587739680,+3.32, +3.635, +0.194,+0.962
1587739740,+3.32, +3.625, +0.193,+0.962
1587739800,+3.32, +3.625, +0.192,+0.962
1587739860,+3.32, +3.625, +0.191,+0.962
1587739920,+3.32, +3.614, +0.190,+0.962
1587739980,+3.32, +3.656, +0.190,+0.962
1587740040,+3.32, +3.646, +0.189,+0.962
1587740100,+3.32, +3.646, +0.189,+0.962
1587740160,+3.32, +3.625, +0.190,+0.962
1587740220,+3.32, +3.625, +0.190,+0.962
1587740280,+3.32, +3.604, +0.190,+0.962
1587740340,+3.32, +3.614, +0.190,+0.962
1587740400,+3.32, +3.625, +0.185,+0.962
1587740460,+3.32, +3.594, +0.186,+0.962
1587740520,+3.32, +3.614, +0.187,+0.962
1587740580,+3.32, +3.635, +0.186,+0.962
1587740640,+3.32, +3.614, +0.189,+0.962
1587740700,+3.32, +3.604, +0.191,+0.962
1587740760,+3.32, +3.635, +0.190,+0.962
1587740820,+3.32, +3.635, +0.191,+0.962
1587740880,+3.32, +3.625, +0.194,+0.962
1587740940,+3.32, +3.635, +0.193,+0.962
1587741000,+3.32, +3.614, +0.194,+0.962
1587741060,+3.32, +3.614, +0.195,+0.962
1587741120,+3.32, +3.604, +0.196,+0.962
1587741180,+3.32, +3.625, +0.195,+0.962
1587741240,+3.32, +3.625, +0.197,+0.962
1587741300,+3.32, +3.614, +0.200,+0.962
1587741360,+3.32, +3.594, +0.199,+0.962
1587741420,+3.32, +3.614, +0.201,+0.962
1587741480,+3.32, +3.635, +0.203,+0.962
1587741540,+3.32, +3.614, +0.203,+0.962
1587741600,+3.32, +3.614, +0.204,+0.962
1587741660,+3.32, +3.614, +0.207,+0.962
1587741720,+3.32, +3.614, +0.208,+0.962
1587741780,+3.32, +3.625, +0.211,+0.962
1587741840,+3.32, +3.625, +0.211,+0.962
1587741900,+3.32, +3.604, +0.214,+0.962
1587741960,+3.32, +3.625, +0.217,+0.962
1587742020,+3.32, +3.646, +0.218,+0.962
1587742080,+3.32, +3.625, +0.221,+0.963
1587742140,+3.32, +3.646, +0.221,+0.962
1587742200,+3.32, +3.625, +0.223,+0.962
1587742260,+3.32, +3.614, +0.225,+0.962
1587742320,+3.32, +3.614, +0.223,+0.962
1587742380,+3.32, +3.635, +0.223,+0.962
1587742440,+3.32, +3.625, +0.223,+0.962
1587742500,+3.32, +3.656, +0.221,+0.962
1587742560,+3.32, +3.614, +0.220,+0.962
1587742620,+3.32, +3.625, +0.219,+0.962
1587742680,+3.32, +3.604, +0.219,+0.962
1587742740,+3.32, +3.635, +0.216,+0.962
1587742800,+3.32, +3.635, +0.214,+0.962
1587742860,+3.32, +3.614, +0.216,+0.962
1587742920,+3.32, +3.635, +0.212,+0.962
1587742980,+3.32, +3.614, +0.210,+0.962
1587743040,+3.32, +3.625, +0.208,+0.962
1587743100,+3.32, +3.614, +0.208,+0.962
1587743160,+3.32, +3.646, +0.204,+0.962
1587743220,+3.32, +3.625, +0.206,+0.962
1587743280,+3.32, +3.625, +0.207,+0.962
1587743340,+3.32, +3.625, +0.204,+0.962
1587743400,+3.32, +3.604, +0.201,+0.962
1587743460,+3.32, +3.635, +0.201,+0.962
1587743520,+3.32, +3.635, +0.198,+0.962
1587743580,+3.32, +3.646, +0.198,+0.962
1587743640,+3.32, +3.656, +0.197,+0.962
1587743700,+3.32, +3.635, +0.197,+0.962
1587743760,+3.32, +3.625, +0.197,+0.962
1587743820,+3.32, +3.635, +0.199,+0.962
1587743880,+3.32, +3.625, +0.198,+0.962
1587743940,+3.32, +3.646, +0.198,+0.962
1587744000,+3.32, +3.646, +0.198,+0.962
1587744060,+3.32, +3.635, +0.197,+0.962
1587744120,+3.32, +3.635, +0.198,+0.962
1587744180,+3.32, +3.646, +0.198,+0.962
1587744240,+3.32, +3.646, +0.196,+0.962
1587744300,+3.32, +3.646, +0.194,+0.962
1587744360,+3.32, +3.614, +0.195,+0.962
1587744420,+3.32, +3.635, +0.191,+0.962
1587744480,+3.32, +3.625, +0.191,+0.962
1587744540,+3.32, +3.667, +0.189,+0.962
1587744600,+3.32, +3.625, +0.188,+0.962
1587744660,+3.32, +3.635, +0.188,+0.962
1587744720,+3.32, +3.614, +0.185,+0.962
1587744780,+3.32, +3.656, +0.184,+0.962
1587744840,+3.32, +3.656, +0.183,+0.962
1587744900,+3.32, +3.635, +0.183,+0.962
1587744960,+3.32, +3.646, +0.180,+0.961
1587745020,+3.32, +3.635, +0.182,+0.962
1587745080,+3.32, +3.656, +0.180,+0.962
1587745140,+3.32, +3.635, +0.180,+0.962
1587745200,+3.32, +3.646, +0.180,+0.962
1587745260,+3.32, +3.614, +0.179,+0.961
1587745320,+3.32, +3.635, +0.179,+0.962
1587745380,+3.32, +3.667, +0.178,+0.962
1587745440,+3.32, +3.635, +0.178,+0.962
1587745500,+3.32, +3.635, +0.178,+0.961
1587745560,+3.32, +3.656, +0.177,+0.961
1587745620,+3.32, +3.614, +0.177,+0.961
1587745680,+3.32, +3.646, +0.176,+0.962
1587745740,+3.32, +3.646, +0.178,+0.961
1587745800,+3.32, +3.646, +0.194,+0.962
1587745860,+3.32, +3.656, +0.216,+0.962
1587745920,+3.32, +3.667, +0.393,+0.965
1587745980,+3.32, +3.667, +0.992,+0.972
1587746040,+3.32, +3.667, +1.820,+0.978
1587746100,+3.32, +3.677, +2.679,+0.981
1587746160,+3.32, +3.677, +3.517,+0.984
1587746220,+3.32, +3.677, +4.277,+0.984
1587746280,+3.32, +3.667, +4.964,+0.984
1587746340,+3.32, +3.614, +5.565,+0.984
1587746400,+3.32, +3.646, +6.060,+0.984
1587746460,+3.32, +3.656, +6.514,+0.985
1587746520,+3.32, +3.635, +6.908,+0.985
1587746580,+3.32, +3.656, +7.229,+0.983
1587746640,+3.32, +3.656, +7.538,+0.984
1587746700,+3.32, +3.656, +7.788,+0.984
1587746760,+3.32, +3.625, +8.006,+0.983
1587746820,+3.32, +3.667, +8.185,+0.983
1587746880,+3.32, +3.646, +8.400,+0.984
1587746940,+3.32, +3.677, +8.542,+0.984
1587747000,+3.32, +3.656, +8.680,+0.983
1587747060,+3.32, +3.646, +8.807,+0.984
1587747120,+3.32, +3.646, +8.925,+0.984
1587747180,+3.32, +3.646, +8.999,+0.983
1587747240,+3.32, +3.656, +9.079,+0.984
1587747300,+3.32, +3.667, +9.130,+0.984
1587747360,+3.32, +3.667, +9.160,+0.984
1587747420,+3.32, +3.667, +9.185,+0.984
1587747480,+3.32, +3.646, +9.210,+0.984
1587747540,+3.32, +3.646, +9.219,+0.985
1587747600,+3.32, +3.646, +9.229,+0.984
1587747660,+3.32, +3.667, +9.239,+0.985
1587747720,+3.32, +3.667, +9.251,+0.985
1587747780,+3.32, +3.677, +9.233,+0.985
1587747840,+3.32, +3.667, +9.211,+0.985
1587747900,+3.32, +3.635, +9.165,+0.985
1587747960,+3.32, +3.677, +9.095,+0.985
1587748020,+3.32, +3.667, +9.029,+0.985
1587748080,+3.32, +3.646, +8.988,+0.986
1587748140,+3.32, +3.667, +8.889,+0.986
1587748200,+3.32, +3.646, +8.790,+0.985
1587748260,+3.32, +3.667, +8.686,+0.985
1587748320,+3.32, +3.667, +8.593,+0.986
1587748380,+3.32, +3.667, +8.471,+0.985
1587748440,+3.32, +3.646, +8.383,+0.986
1587748500,+3.32, +3.667, +8.280,+0.986
1587748560,+3.32, +3.656, +8.184,+0.986
1587748620,+3.32, +3.688, +8.066,+0.985
1587748680,+3.32, +3.635, +8.012,+0.986
1587748740,+3.32, +3.667, +7.900,+0.986
1587748800,+3.32, +3.667, +7.821,+0.987
1587748860,+3.32, +3.635, +7.732,+0.986
1587748920,+3.32, +3.646, +7.650,+0.986
1587748980,+3.32, +3.677, +7.566,+0.986
1587749040,+3.32, +3.646, +7.492,+0.986
1587749100,+3.32, +3.635, +7.404,+0.987
1587749160,+3.32, +3.656, +7.305,+0.987
1587749220,+3.32, +3.688, +7.206,+0.987
1587749280,+3.32, +3.667, +7.115,+0.987
1587749340,+3.32, +3.667, +7.003,+0.987
1587749400,+3.32, +3.625, +6.886,+0.987
1587749460,+3.32, +3.688, +6.728,+0.987
1587749520,+3.32, +3.635, +6.587,+0.987
1587749580,+3.32, +3.646, +6.446,+0.987
1587749640,+3.32, +3.635, +6.313,+0.987
1587749700,+3.32, +3.656, +6.185,+0.987
1587749760,+3.32, +3.656, +6.042,+0.987
1587749820,+3.32, +3.656, +5.920,+0.987
1587749880,+3.32, +3.656, +5.779,+0.987
1587749940,+3.32, +3.667, +5.648,+0.987
1587750000,+3.32, +3.646, +5.514,+0.986
1587750060,+3.32, +3.646, +5.395,+0.987
1587750120,+3.32, +3.635, +5.270,+0.987
1587750180,+3.32, +3.656, +5.136,+0.986
1587750240,+3.32, +3.635, +5.022,+0.986
1587750300,+3.32, +3.667, +4.897,+0.986
1587750360,+3.32, +3.604, +4.798,+0.986
1587750420,+3.32, +3.614, +4.679,+0.986
1587750480,+3.32, +3.667, +4.549,+0.986
1587750540,+3.32, +3.635, +4.446,+0.986
1587750600,+3.32, +3.646, +4.336,+0.986
1587750660,+3.32, +3.646, +4.236,+0.986
1587750720,+3.32, +3.656, +4.133,+0.986
1587750780,+3.32, +3.646, +4.036,+0.986
1587750840,+3.32, +3.646, +3.952,+0.985
1587750900,+3.32, +3.656, +3.866,+0.986
1587750960,+3.32, +3.656, +3.788,+0.985
1587751020,+3.32, +3.667, +3.713,+0.985
1587751080,+3.32, +3.656, +3.642,+0.985
1587751140,+3.32, +3.656, +3.570,+0.985
1587751200,+3.32, +3.656, +3.496,+0.985
1587751260,+3.32, +3.646, +3.433,+0.985
1587751320,+3.32, +3.646, +3.366,+0.985
1587751380,+3.32, +3.646, +3.303,+0.985
1587751440,+3.32, +3.656, +3.244,+0.985
1587751500,+3.32, +3.656, +3.188,+0.985
1587751560,+3.32, +3.646, +3.132,+0.984
1587751620,+3.32, +3.625, +3.078,+0.984
1587751680,+3.32, +3.635, +3.019,+0.984
1587751740,+3.32, +3.656, +2.962,+0.984
1587751800,+3.32, +3.688, +2.899,+0.984
1587751860,+3.32, +3.646, +2.851,+0.984
1587751920,+3.32, +3.667, +2.794,+0.984
1587751980,+3.32, +3.656, +2.742,+0.984
1587752040,+3.32, +3.646, +2.694,+0.984
1587752100,+3.32, +3.635, +2.641,+0.983
1587752160,+3.32, +3.677, +2.589,+0.983
1587752220,+3.32, +3.719, +2.537,+0.983
1587752280,+3.32, +3.667, +2.497,+0.983
1587752340,+3.32, +3.677, +2.447,+0.983
1587752400,+3.32, +3.656, +2.398,+0.982
1587752460,+3.32, +3.667, +2.352,+0.982
1587752520,+3.32, +3.656, +2.309,+0.982
1587752580,+3.32, +3.667, +2.264,+0.982
1587752640,+3.32, +3.677, +2.221,+0.982
1587752700,+3.32, +3.656, +2.184,+0.982
1587752760,+3.32, +3.677, +2.140,+0.981
1587752820,+3.32, +3.646, +2.103,+0.981
1587752880,+3.32, +3.688, +2.063,+0.981
1587752940,+3.32, +3.677, +2.026,+0.980
1587753000,+3.32, +3.656, +1.994,+0.980
1587753060,+3.32, +3.677, +1.961,+0.980
1587753120,+3.32, +3.688, +1.931,+0.980
1587753180,+3.32, +3.677, +1.902,+0.980
1587753240,+3.32, +3.677, +1.874,+0.980
1587753300,+3.32, +3.677, +1.841,+0.979
1587753360,+3.32, +3.698, +1.805,+0.979
1587753420,+3.32, +3.677, +1.774,+0.979
1587753480,+3.32, +3.667, +1.738,+0.979
1587753540,+3.32, +3.667, +1.701,+0.979
1587753600,+3.32, +3.698, +1.666,+0.979
1587753660,+3.32, +3.646, +1.635,+0.978
1587753720,+3.32, +3.688, +1.605,+0.978
1587753780,+3.32, +3.667, +1.582,+0.978
1587753840,+3.32, +3.646, +1.563,+0.978
1587753900,+3.32, +3.688, +1.541,+0.978
1587753960,+3.32, +3.677, +1.529,+0.978
1587754020,+3.32, +3.677, +1.515,+0.977
1587754080,+3.32, +3.667, +1.509,+0.977
1587754140,+3.32, +3.625, +1.499,+0.977
1587754200,+3.32, +3.677, +1.490,+0.977
1587754260,+3.32, +3.667, +1.481,+0.977
1587754320,+3.32, +3.688, +1.470,+0.977
1587754380,+3.32, +3.688, +1.463,+0.977
1587754440,+3.32, +3.667, +1.458,+0.977
1587754500,+3.32, +3.677, +1.443,+0.977
1587754560,+3.32, +3.688, +1.434,+0.977
1587754620,+3.32, +3.677, +1.423,+0.977
1587754680,+3.32, +3.677, +1.411,+0.977
1587754740,+3.32, +3.656, +1.398,+0.977
1587754800,+3.32, +3.667, +1.385,+0.976
1587754860,+3.32, +3.667, +1.372,+0.976
1587754920,+3.32, +3.688, +1.357,+0.976
1587754980,+3.32, +3.688, +1.342,+0.976
1587755040,+3.32, +3.677, +1.326,+0.976
1587755100,+3.32, +3.677, +1.306,+0.976
1587755160,+3.32, +3.635, +1.290,+0.976
1587755220,+3.32, +3.667, +1.267,+0.975
1587755280,+3.32, +3.667, +1.249,+0.975
1587755340,+3.32, +3.677, +1.227,+0.975
1587755400,+3.32, +3.667, +1.213,+0.975
1587755460,+3.32, +3.677, +1.193,+0.975
1587755520,+3.32, +3.688, +1.177,+0.974
1587755580,+3.32, +3.667, +1.159,+0.974
1587755640,+3.32, +3.667, +1.141,+0.974
1587755700,+3.32, +3.646, +1.125,+0.974
1587755760,+3.32, +3.656, +1.106,+0.974
1587755820,+3.32, +3.667, +1.089,+0.974
1587755880,+3.32, +3.667, +1.072,+0.973
1587755940,+3.32, +3.677, +1.056,+0.973
1587756000,+3.32, +3.688, +1.041,+0.973
1587756060,+3.32, +3.688, +1.028,+0.973
1587756120,+3.32, +3.667, +1.016,+0.973
1587756180,+3.32, +3.677, +1.003,+0.973
1587756240,+3.32, +3.646, +0.994,+0.972
1587756300,+3.32, +3.667, +0.979,+0.972
1587756360,+3.32, +3.667, +0.970,+0.972
1587756420,+3.32, +3.677, +0.958,+0.972
1587756480,+3.32, +3.667, +0.949,+0.972
1587756540,+3.32, +3.667, +0.941,+0.972
1587756600,+3.32, +3.656, +0.935,+0.972
1587756660,+3.32, +3.708, +0.920,+0.972
1587756720,+3.32, +3.677, +0.913,+0.972
1587756780,+3.32, +3.677, +0.903,+0.971
1587756840,+3.32, +3.708, +0.893,+0.971
1587756900,+3.32, +3.646, +0.885,+0.971
1587756960,+3.32, +3.677, +0.873,+0.971
1587757020,+3.32, +3.656, +0.867,+0.971
1587757080,+3.32, +3.646, +0.860,+0.971
1587757140,+3.32, +3.688, +0.848,+0.971
1587757200,+3.32, +3.667, +0.840,+0.971
1587757260,+3.32, +3.688, +0.830,+0.971
1587757320,+3.32, +3.625, +0.820,+0.970
1587757380,+3.32, +3.635, +0.807,+0.970
1587757440,+3.32, +3.646, +0.795,+0.970
1587757500,+3.32, +3.646, +0.782,+0.970
1587757560,+3.32, +3.656, +0.772,+0.970
1587757620,+3.32, +3.635, +0.760,+0.969
1587757680,+3.32, +3.667, +0.748,+0.969
1587757740,+3.32, +3.667, +0.736,+0.969
1587757800,+3.32, +3.677, +0.724,+0.969
1587757860,+3.32, +3.656, +0.713,+0.969
1587757920,+3.32, +3.677, +0.699,+0.969
1587757980,+3.32, +3.667, +0.688,+0.969
1587758040,+3.32, +3.667, +0.676,+0.969
1587758100,+3.32, +3.656, +0.665,+0.968
1587758160,+3.32, +3.667, +0.656,+0.968
1587758220,+3.32, +3.646, +0.646,+0.968
1587758280,+3.32, +3.667, +0.635,+0.968
1587758340,+3.32, +3.646, +0.623,+0.967
1587758400,+3.32, +3.656, +0.614,+0.967
1587758460,+3.32, +3.677, +0.604,+0.967
1587758520,+3.32, +3.667, +0.595,+0.967
1587758580,+3.32, +3.667, +0.584,+0.967
1587758640,+3.32, +3.656, +0.577,+0.967
1587758700,+3.32, +3.656, +0.567,+0.967
1587758760,+3.32, +3.656, +0.560,+0.967
1587758820,+3.32, +3.667, +0.554,+0.967
1587758880,+3.32, +3.656, +0.547,+0.967
1587758940,+3.32, +3.656, +0.539,+0.967
1587759000,+3.32, +3.677, +0.533,+0.967
1587759060,+3.32, +3.677, +0.525,+0.967
1587759120,+3.32, +3.688, +0.519,+0.966
1587759180,+3.33, +3.646, +0.515,+0.966
1587759240,+3.32, +3.656, +0.509,+0.966
1587759300,+3.32, +3.656, +0.504,+0.966
1587759360,+3.32, +3.677, +0.496,+0.966
1587759420,+3.32, +3.688, +0.487,+0.966
1587759480,+3.32, +3.667, +0.481,+0.966
1587759540,+3.32, +3.677, +0.482,+0.966
1587759600,+3.32, +3.667, +0.481,+0.966
1587759660,+3.32, +3.646, +0.487,+0.966
1587759720,+3.32, +3.656, +0.491,+0.966
1587759780,+3.32, +3.667, +0.499,+0.966
1587759840,+3.32, +3.667, +0.509,+0.966
1587759900,+3.32, +3.656, +0.519,+0.966
1587759960,+3.32, +3.646, +0.532,+0.967
1587760020,+3.32, +3.677, +0.540,+0.967
1587760080,+3.32, +3.688, +0.550,+0.967
1587760140,+3.32, +3.667, +0.561,+0.967
1587760200,+3.32, +3.677, +0.570,+0.967
1587760260,+3.32, +3.656, +0.578,+0.967
1587760320,+3.32, +3.656, +0.588,+0.967
1587760380,+3.32, +3.677, +0.592,+0.967
1587760440,+3.32, +3.667, +0.598,+0.968
1587760500,+3.32, +3.656, +0.600,+0.968
1587760560,+3.32, +3.656, +0.604,+0.968
1587760620,+3.32, +3.698, +0.603,+0.968
1587760680,+3.32, +3.677, +0.602,+0.968
1587760740,+3.32, +3.667, +0.604,+0.968
1587760800,+3.32, +3.688, +0.603,+0.968
1587760860,+3.32, +3.667, +0.603,+0.968
1587760920,+3.32, +3.677, +0.602,+0.967
1587760980,+3.32, +3.677, +0.599,+0.968
1587761040,+3.32, +3.677, +0.595,+0.967
1587761100,+3.32, +3.667, +0.595,+0.967
1587761160,+3.32, +3.688, +0.591,+0.967
1587761220,+3.32, +3.667, +0.589,+0.967
1587761280,+3.32, +3.677, +0.585,+0.967
1587761340,+3.32, +3.688, +0.579,+0.967
1587761400,+3.32, +3.656, +0.577,+0.967
