7392-570653
OS REV: 1.11 Sensor Cal: 1428445788
Time (sec),  BV (Volts),  T (deg C),  DO (mg/l),  Q ()
1580849460,+3.34, +2.661, +0.164,+0.960
1580849520,+3.34, +2.640, +0.167,+0.960
1580849580,+3.34, +2.661, +0.164,+0.960
1580849640,+3.34, +2.651, +0.164,+0.960
1580849700,+3.34, +2.640, +0.165,+0.960
1580849760,+3.34, +2.661, +0.166,+0.960
1580849820,+3.34, +2.661, +0.165,+0.960
1580849880,+3.34, +2.672, +0.165,+0.960
1580849940,+3.34, +2.672, +0.164,+0.960
1580850000,+3.34, +2.651, +0.167,+0.960
1580850060,+3.34, +2.661, +0.165,+0.960
1580850120,+3.34, +2.661, +0.166,+0.960
1580850180,+3.34, +2.683, +0.165,+0.960
1580850240,+3.34, +2.672, +0.164,+0.960
1580850300,+3.34, +2.651, +0.166,+0.960
1580850360,+3.34, +2.672, +0.166,+0.960
1580850420,+3.34, +2.661, +0.165,+0.960
1580850480,+3.34, +2.672, +0.165,+0.960
1580850540,+3.34, +2.651, +0.167,+0.960
1580850600,+3.34, +2.672, +0.166,+0.960
1580850660,+3.34, +2.651, +0.163,+0.960
1580850720,+3.34, +2.661, +0.165,+0.960
1580850780,+3.34, +2.704, +0.165,+0.960
1580850840,+3.34, +2.651, +0.166,+0.960
1580850900,+3.34, +2.629, +0.164,+0.960
1580850960,+3.34, +2.651, +0.166,+0.960
1580851020,+3.34, +2.640, +0.165,+0.960
1580851080,+3.34, +2.672, +0.164,+0.960
1580851140,+3.34, +2.661, +0.166,+0.960
1580851200,+3.34, +2.640, +0.167,+0.960
1580851260,+3.34, +2.651, +0.166,+0.960
1580851320,+3.34, +2.651, +0.165,+0.960
1580851380,+3.34, +2.661, +0.165,+0.960
1580851440,+3.34, +2.651, +0.167,+0.960
1580851500,+3.34, +2.640, +0.167,+0.960
1580851560,+3.33, +2.651, +0.165,+0.960
1580851620,+3.34, +2.651, +0.167,+0.960
1580851680,+3.34, +2.640, +0.165,+0.960
1580851740,+3.34, +2.661, +0.165,+0.960
1580851800,+3.34, +2.672, +0.164,+0.960
1580851860,+3.34, +2.672, +0.164,+0.960
1580851920,+3.34, +2.661, +0.166,+0.960
1580851980,+3.34, +2.651, +0.164,+0.960
1580852040,+3.33, +2.640, +0.165,+0.960
1580852100,+3.34, +2.683, +0.166,+0.960
1580852160,+3.34, +2.651, +0.165,+0.960
1580852220,+3.34, +2.661, +0.167,+0.960
1580852280,+3.34, +2.672, +0.166,+0.960
1580852340,+3.34, +2.651, +0.165,+0.960
1580852400,+3.34, +2.629, +0.167,+0.960
1580852460,+3.34, +2.651, +0.167,+0.960
1580852520,+3.34, +2.672, +0.166,+0.960
1580852580,+3.34, +2.672, +0.165,+0.960
1580852640,+3.34, +2.640, +0.166,+0.960
1580852700,+3.34, +2.640, +0.164,+0.960
1580852760,+3.34, +2.672, +0.166,+0.960
1580852820,+3.34, +2.651, +0.165,+0.960
1580852880,+3.34, +2.672, +0.163,+0.960
1580852940,+3.33, +2.640, +0.165,+0.960
1580853000,+3.34, +2.672, +0.164,+0.960
1580853060,+3.34, +2.651, +0.164,+0.960
1580853120,+3.34, +2.683, +0.165,+0.960
1580853180,+3.34, +2.683, +0.164,+0.960
1580853240,+3.34, +2.661, +0.165,+0.960
1580853300,+3.34, +2.661, +0.164,+0.960
1580853360,+3.34, +2.672, +0.166,+0.960
1580853420,+3.34, +2.640, +0.166,+0.960
1580853480,+3.34, +2.629, +0.165,+0.960
1580853540,+3.34, +2.672, +0.165,+0.960
1580853600,+3.34, +2.661, +0.165,+0.960
1580853660,+3.34, +2.694, +0.164,+0.960
1580853720,+3.34, +2.672, +0.164,+0.960
1580853780,+3.34, +2.651, +0.166,+0.960
1580853840,+3.34, +2.683, +0.164,+0.960
1580853900,+3.34, +2.661, +0.166,+0.960
1580853960,+3.34, +2.661, +0.164,+0.960
1580854020,+3.34, +2.661, +0.165,+0.960
1580854080,+3.34, +2.651, +0.167,+0.960
1580854140,+3.34, +2.672, +0.165,+0.960
1580854200,+3.34, +2.661, +0.166,+0.960
1580854260,+3.34, +2.661, +0.168,+0.960
1580854320,+3.34, +2.629, +0.165,+0.960
1580854380,+3.34, +2.672, +0.165,+0.960
1580854440,+3.34, +2.661, +0.164,+0.960
1580854500,+3.34, +2.661, +0.166,+0.960
1580854560,+3.34, +2.661, +0.165,+0.960
1580854620,+3.34, +2.661, +0.166,+0.960
1580854680,+3.34, +2.640, +0.165,+0.960
1580854740,+3.34, +2.661, +0.163,+0.960
1580854800,+3.34, +2.651, +0.166,+0.960
1580854860,+3.34, +2.661, +0.164,+0.960
1580854920,+3.34, +2.651, +0.165,+0.960
1580854980,+3.34, +2.651, +0.166,+0.960
1580855040,+3.34, +2.640, +0.166,+0.960
1580855100,+3.34, +2.661, +0.166,+0.960
1580855160,+3.34, +2.640, +0.165,+0.960
1580855220,+3.34, +2.672, +0.164,+0.960
1580855280,+3.34, +2.651, +0.166,+0.960
1580855340,+3.34, +2.629, +0.166,+0.960
1580855400,+3.34, +2.629, +0.167,+0.960
1580855460,+3.34, +2.651, +0.164,+0.960
1580855520,+3.34, +2.651, +0.164,+0.960
1580855580,+3.34, +2.651, +0.166,+0.960
1580855640,+3.34, +2.651, +0.163,+0.960
1580855700,+3.34, +2.651, +0.166,+0.960
1580855760,+3.34, +2.672, +0.163,+0.960
1580855820,+3.34, +2.640, +0.166,+0.960
1580855880,+3.34, +2.651, +0.167,+0.960
1580855940,+3.34, +2.629, +0.164,+0.959
1580856000,+3.34, +2.651, +0.165,+0.960
1580856060,+3.34, +2.651, +0.164,+0.960
1580856120,+3.34, +2.640, +0.166,+0.960
1580856180,+3.34, +2.672, +0.164,+0.960
1580856240,+3.34, +2.608, +0.165,+0.960
1580856300,+3.34, +2.661, +0.165,+0.960
1580856360,+3.33, +2.651, +0.164,+0.960
1580856420,+3.34, +2.661, +0.164,+0.960
1580856480,+3.34, +2.629, +0.165,+0.960
1580856540,+3.34, +2.661, +0.166,+0.960
1580856600,+3.34, +2.608, +0.167,+0.960
1580856660,+3.33, +2.640, +0.166,+0.960
1580856720,+3.33, +2.672, +0.167,+0.960
1580856780,+3.34, +2.661, +0.166,+0.960
1580856840,+3.34, +2.629, +0.165,+0.960
1580856900,+3.34, +2.694, +0.165,+0.960
1580856960,+3.34, +2.629, +0.167,+0.960
1580857020,+3.34, +2.640, +0.165,+0.960
1580857080,+3.34, +2.629, +0.167,+0.960
1580857140,+3.34, +2.651, +0.166,+0.960
1580857200,+3.34, +2.661, +0.167,+0.960
1580857260,+3.34, +2.640, +0.165,+0.960
1580857320,+3.34, +2.651, +0.166,+0.960
1580857380,+3.34, +2.651, +0.165,+0.960
1580857440,+3.34, +2.672, +0.165,+0.960
1580857500,+3.34, +2.640, +0.163,+0.960
1580857560,+3.34, +2.661, +0.165,+0.960
1580857620,+3.34, +2.640, +0.166,+0.960
1580857680,+3.34, +2.651, +0.166,+0.960
1580857740,+3.34, +2.640, +0.165,+0.960
1580857800,+3.34, +2.640, +0.164,+0.960
1580857860,+3.34, +2.661, +0.165,+0.960
1580857920,+3.34, +2.672, +0.166,+0.960
1580857980,+3.34, +2.651, +0.165,+0.960
1580858040,+3.34, +2.640, +0.166,+0.960
1580858100,+3.34, +2.651, +0.165,+0.960
1580858160,+3.34, +2.661, +0.165,+0.960
1580858220,+3.34, +2.640, +0.165,+0.960
1580858280,+3.34, +2.651, +0.164,+0.960
1580858340,+3.34, +2.651, +0.167,+0.960
1580858400,+3.34, +2.661, +0.166,+0.960
1580858460,+3.34, +2.651, +0.166,+0.960
1580858520,+3.34, +2.683, +0.165,+0.960
1580858580,+3.34, +2.640, +0.166,+0.960
1580858640,+3.34, +2.619, +0.166,+0.960
1580858700,+3.34, +2.640, +0.166,+0.960
1580858760,+3.34, +2.651, +0.165,+0.960
1580858820,+3.34, +2.651, +0.166,+0.960
1580858880,+3.34, +2.661, +0.164,+0.960
1580858940,+3.34, +2.661, +0.164,+0.960
1580859000,+3.34, +2.640, +0.166,+0.960
1580859060,+3.34, +2.651, +0.166,+0.960
1580859120,+3.34, +2.608, +0.166,+0.960
1580859180,+3.34, +2.651, +0.166,+0.960
1580859240,+3.34, +2.640, +0.165,+0.960
1580859300,+3.34, +2.661, +0.164,+0.960
1580859360,+3.34, +2.629, +0.166,+0.960
1580859420,+3.34, +2.651, +0.165,+0.960
1580859480,+3.34, +2.651, +0.166,+0.960
1580859540,+3.34, +2.629, +0.167,+0.960
1580859600,+3.34, +2.640, +0.165,+0.960
1580859660,+3.34, +2.672, +0.167,+0.960
1580859720,+3.34, +2.629, +0.166,+0.960
1580859780,+3.34, +2.651, +0.165,+0.960
1580859840,+3.34, +2.661, +0.165,+0.960
1580859900,+3.34, +2.629, +0.165,+0.960
1580859960,+3.34, +2.651, +0.165,+0.960
1580860020,+3.34, +2.651, +0.166,+0.960
1580860080,+3.34, +2.661, +0.165,+0.960
1580860140,+3.34, +2.651, +0.167,+0.960
1580860200,+3.34, +2.619, +0.167,+0.960
1580860260,+3.34, +2.640, +0.167,+0.960
1580860320,+3.34, +2.640, +0.167,+0.960
1580860380,+3.34, +2.640, +0.164,+0.960
1580860440,+3.34, +2.651, +0.164,+0.960
1580860500,+3.34, +2.640, +0.165,+0.960
1580860560,+3.34, +2.629, +0.164,+0.960
1580860620,+3.34, +2.629, +0.167,+0.960
1580860680,+3.34, +2.640, +0.165,+0.960
1580860740,+3.34, +2.651, +0.165,+0.960
1580860800,+3.33, +2.651, +0.166,+0.960
1580860860,+3.34, +2.640, +0.166,+0.960
1580860920,+3.34, +2.640, +0.164,+0.960
1580860980,+3.34, +2.629, +0.167,+0.960
1580861040,+3.34, +2.629, +0.167,+0.960
1580861100,+3.34, +2.640, +0.166,+0.960
1580861160,+3.34, +2.651, +0.166,+0.960
1580861220,+3.34, +2.661, +0.166,+0.960
1580861280,+3.34, +2.629, +0.163,+0.960
1580861340,+3.34, +2.651, +0.165,+0.960
1580861400,+3.34, +2.640, +0.167,+0.960
1580861460,+3.34, +2.661, +0.166,+0.960
1580861520,+3.34, +2.640, +0.165,+0.960
1580861580,+3.34, +2.640, +0.165,+0.960
1580861640,+3.34, +2.651, +0.166,+0.960
1580861700,+3.34, +2.640, +0.167,+0.960
1580861760,+3.34, +2.629, +0.167,+0.960
1580861820,+3.34, +2.629, +0.166,+0.960
1580861880,+3.34, +2.640, +0.164,+0.960
1580861940,+3.34, +2.661, +0.166,+0.960
1580862000,+3.34, +2.629, +0.164,+0.960
1580862060,+3.34, +2.704, +0.165,+0.960
1580862120,+3.34, +2.629, +0.167,+0.960
1580862180,+3.34, +2.619, +0.168,+0.960
1580862240,+3.34, +2.629, +0.166,+0.960
1580862300,+3.34, +2.661, +0.165,+0.960
1580862360,+3.34, +2.640, +0.167,+0.960
1580862420,+3.34, +2.640, +0.166,+0.960
1580862480,+3.34, +2.640, +0.166,+0.960
1580862540,+3.34, +2.661, +0.165,+0.960
1580862600,+3.34, +2.629, +0.166,+0.960
1580862660,+3.34, +2.629, +0.167,+0.960
1580862720,+3.34, +2.651, +0.163,+0.960
1580862780,+3.34, +2.640, +0.166,+0.960
1580862840,+3.34, +2.661, +0.165,+0.960
1580862900,+3.34, +2.651, +0.165,+0.960
1580862960,+3.34, +2.661, +0.167,+0.960
1580863020,+3.34, +2.597, +0.166,+0.960
1580863080,+3.34, +2.629, +0.168,+0.960
1580863140,+3.34, +2.640, +0.164,+0.960
1580863200,+3.34, +2.640, +0.164,+0.960
1580863260,+3.34, +2.640, +0.165,+0.960
1580863320,+3.34, +2.651, +0.165,+0.960
1580863380,+3.34, +2.640, +0.165,+0.960
1580863440,+3.34, +2.640, +0.166,+0.960
1580863500,+3.34, +2.640, +0.166,+0.960
1580863560,+3.34, +2.672, +0.165,+0.960
1580863620,+3.34, +2.640, +0.166,+0.960
1580863680,+3.34, +2.629, +0.166,+0.960
1580863740,+3.34, +2.651, +0.165,+0.960
1580863800,+3.34, +2.661, +0.164,+0.960
1580863860,+3.34, +2.640, +0.164,+0.960
1580863920,+3.34, +2.651, +0.165,+0.960
1580863980,+3.34, +2.640, +0.167,+0.960
1580864040,+3.34, +2.629, +0.168,+0.960
1580864100,+3.34, +2.619, +0.166,+0.960
1580864160,+3.34, +2.651, +0.165,+0.960
1580864220,+3.34, +2.640, +0.165,+0.960
1580864280,+3.34, +2.651, +0.166,+0.960
1580864340,+3.34, +2.629, +0.166,+0.960
1580864400,+3.34, +2.629, +0.164,+0.959
1580864460,+3.34, +2.640, +0.165,+0.960
1580864520,+3.34, +2.651, +0.168,+0.960
1580864580,+3.34, +2.661, +0.165,+0.960
1580864640,+3.34, +2.640, +0.165,+0.960
1580864700,+3.34, +2.640, +0.165,+0.960
1580864760,+3.34, +2.640, +0.165,+0.960
1580864820,+3.34, +2.651, +0.163,+0.960
1580864880,+3.34, +2.619, +0.164,+0.960
1580864940,+3.34, +2.619, +0.167,+0.960
1580865000,+3.34, +2.651, +0.165,+0.960
1580865060,+3.34, +2.640, +0.164,+0.960
1580865120,+3.34, +2.629, +0.166,+0.960
1580865180,+3.34, +2.661, +0.164,+0.960
1580865240,+3.34, +2.651, +0.164,+0.960
1580865300,+3.34, +2.629, +0.165,+0.960
1580865360,+3.34, +2.629, +0.165,+0.960
1580865420,+3.33, +2.629, +0.165,+0.960
1580865480,+3.34, +2.597, +0.167,+0.960
1580865540,+3.34, +2.640, +0.165,+0.960
1580865600,+3.34, +2.629, +0.166,+0.960
1580865660,+3.34, +2.629, +0.167,+0.960
1580865720,+3.34, +2.629, +0.165,+0.960
1580865780,+3.34, +2.672, +0.165,+0.960
1580865840,+3.34, +2.640, +0.166,+0.960
1580865900,+3.34, +2.640, +0.166,+0.960
1580865960,+3.34, +2.661, +0.165,+0.960
1580866020,+3.34, +2.640, +0.165,+0.960
1580866080,+3.34, +2.640, +0.165,+0.960
1580866140,+3.34, +2.651, +0.166,+0.960
1580866200,+3.34, +2.651, +0.165,+0.960
1580866260,+3.34, +2.640, +0.164,+0.960
1580866320,+3.34, +2.640, +0.164,+0.960
1580866380,+3.34, +2.640, +0.166,+0.960
1580866440,+3.34, +2.629, +0.165,+0.960
1580866500,+3.34, +2.651, +0.166,+0.960
1580866560,+3.34, +2.629, +0.166,+0.960
1580866620,+3.34, +2.651, +0.165,+0.960
1580866680,+3.34, +2.640, +0.166,+0.960
1580866740,+3.34, +2.640, +0.165,+0.960
1580866800,+3.34, +2.629, +0.166,+0.960
1580866860,+3.34, +2.640, +0.166,+0.960
1580866920,+3.34, +2.629, +0.167,+0.960
1580866980,+3.34, +2.640, +0.166,+0.960
1580867040,+3.34, +2.640, +0.166,+0.960
1580867100,+3.34, +2.651, +0.165,+0.960
1580867160,+3.34, +2.640, +0.166,+0.960
1580867220,+3.34, +2.651, +0.164,+0.960
1580867280,+3.34, +2.640, +0.165,+0.960
1580867340,+3.34, +2.619, +0.165,+0.960
1580867400,+3.34, +2.640, +0.166,+0.960
1580867460,+3.34, +2.629, +0.165,+0.960
1580867520,+3.33, +2.651, +0.167,+0.960
1580867580,+3.34, +2.651, +0.165,+0.960
1580867640,+3.34, +2.619, +0.165,+0.960
1580867700,+3.34, +2.640, +0.166,+0.960
1580867760,+3.34, +2.619, +0.168,+0.960
1580867820,+3.34, +2.651, +0.165,+0.960
1580867880,+3.34, +2.651, +0.166,+0.960
1580867940,+3.34, +2.619, +0.164,+0.960
1580868000,+3.34, +2.651, +0.165,+0.960
1580868060,+3.34, +2.629, +0.165,+0.960
1580868120,+3.34, +2.640, +0.165,+0.960
1580868180,+3.34, +2.640, +0.166,+0.960
1580868240,+3.34, +2.640, +0.166,+0.960
1580868300,+3.34, +2.661, +0.166,+0.960
1580868360,+3.34, +2.651, +0.166,+0.960
1580868420,+3.34, +2.651, +0.165,+0.960
1580868480,+3.33, +2.619, +0.165,+0.960
1580868540,+3.34, +2.619, +0.167,+0.960
1580868600,+3.34, +2.651, +0.166,+0.960
1580868660,+3.34, +2.629, +0.167,+0.960
1580868720,+3.34, +2.640, +0.165,+0.960
1580868780,+3.34, +2.640, +0.166,+0.960
1580868840,+3.34, +2.629, +0.165,+0.960
1580868900,+3.34, +2.640, +0.166,+0.960
1580868960,+3.33, +2.619, +0.165,+0.960
1580869020,+3.34, +2.640, +0.165,+0.960
1580869080,+3.34, +2.640, +0.166,+0.960
1580869140,+3.34, +2.629, +0.166,+0.960
1580869200,+3.34, +2.640, +0.165,+0.960
1580869260,+3.34, +2.640, +0.165,+0.960
1580869320,+3.34, +2.629, +0.165,+0.960
1580869380,+3.34, +2.619, +0.167,+0.960
1580869440,+3.34, +2.629, +0.167,+0.960
1580869500,+3.34, +2.651, +0.165,+0.960
1580869560,+3.34, +2.629, +0.166,+0.960
1580869620,+3.34, +2.640, +0.166,+0.960
1580869680,+3.34, +2.629, +0.165,+0.960
1580869740,+3.34, +2.619, +0.167,+0.960
1580869800,+3.34, +2.640, +0.165,+0.960
1580869860,+3.34, +2.629, +0.166,+0.960
1580869920,+3.34, +2.619, +0.166,+0.960
1580869980,+3.34, +2.640, +0.167,+0.960
1580870040,+3.34, +2.629, +0.164,+0.960
1580870100,+3.34, +2.640, +0.165,+0.960
1580870160,+3.34, +2.629, +0.165,+0.960
1580870220,+3.34, +2.640, +0.166,+0.960
1580870280,+3.34, +2.651, +0.164,+0.960
1580870340,+3.34, +2.608, +0.166,+0.960
1580870400,+3.34, +2.629, +0.166,+0.960
1580870460,+3.34, +2.640, +0.166,+0.960
1580870520,+3.34, +2.651, +0.165,+0.960
1580870580,+3.34, +2.640, +0.165,+0.960
1580870640,+3.34, +2.619, +0.165,+0.960
1580870700,+3.34, +2.629, +0.166,+0.960
1580870760,+3.34, +2.640, +0.165,+0.960
1580870820,+3.34, +2.597, +0.166,+0.960
1580870880,+3.34, +2.629, +0.166,+0.960
1580870940,+3.34, +2.640, +0.165,+0.960
1580871000,+3.34, +2.651, +0.165,+0.960
1580871060,+3.34, +2.619, +0.167,+0.960
1580871120,+3.34, +2.640, +0.165,+0.960
1580871180,+3.34, +2.640, +0.164,+0.960
1580871240,+3.34, +2.629, +0.165,+0.960
1580871300,+3.34, +2.629, +0.166,+0.960
1580871360,+3.34, +2.640, +0.164,+0.960
1580871420,+3.34, +2.640, +0.167,+0.960
1580871480,+3.34, +2.608, +0.166,+0.960
1580871540,+3.34, +2.640, +0.166,+0.960
1580871600,+3.34, +2.629, +0.165,+0.960
1580871660,+3.34, +2.640, +0.165,+0.960
1580871720,+3.34, +2.640, +0.166,+0.960
1580871780,+3.34, +2.640, +0.166,+0.960
1580871840,+3.34, +2.651, +0.166,+0.960
1580871900,+3.34, +2.629, +0.166,+0.960
1580871960,+3.34, +2.651, +0.165,+0.960
1580872020,+3.34, +2.629, +0.165,+0.960
1580872080,+3.34, +2.651, +0.164,+0.960
1580872140,+3.34, +2.640, +0.165,+0.960
1580872200,+3.34, +2.640, +0.167,+0.960
1580872260,+3.34, +2.629, +0.166,+0.960
1580872320,+3.34, +2.640, +0.166,+0.960
1580872380,+3.34, +2.629, +0.165,+0.960
1580872440,+3.34, +2.629, +0.165,+0.960
1580872500,+3.34, +2.640, +0.167,+0.960
1580872560,+3.34, +2.651, +0.164,+0.960
1580872620,+3.34, +2.651, +0.167,+0.960
1580872680,+3.33, +2.683, +0.164,+0.960
1580872740,+3.34, +2.619, +0.166,+0.960
1580872800,+3.34, +2.629, +0.167,+0.960
1580872860,+3.34, +2.629, +0.165,+0.960
1580872920,+3.34, +2.629, +0.165,+0.960
1580872980,+3.34, +2.629, +0.165,+0.960
1580873040,+3.34, +2.619, +0.166,+0.960
1580873100,+3.34, +2.661, +0.165,+0.960
1580873160,+3.34, +2.619, +0.166,+0.960
1580873220,+3.34, +2.629, +0.167,+0.960
1580873280,+3.34, +2.640, +0.167,+0.960
1580873340,+3.34, +2.640, +0.166,+0.960
1580873400,+3.34, +2.629, +0.167,+0.960
1580873460,+3.34, +2.629, +0.165,+0.960
1580873520,+3.34, +2.608, +0.165,+0.960
1580873580,+3.34, +2.629, +0.164,+0.960
1580873640,+3.34, +2.651, +0.165,+0.960
1580873700,+3.34, +2.629, +0.164,+0.960
1580873760,+3.34, +2.629, +0.166,+0.960
1580873820,+3.34, +2.629, +0.166,+0.960
1580873880,+3.34, +2.629, +0.167,+0.960
1580873940,+3.34, +2.608, +0.167,+0.960
1580874000,+3.34, +2.629, +0.165,+0.960
1580874060,+3.34, +2.619, +0.165,+0.960
1580874120,+3.34, +2.619, +0.164,+0.960
1580874180,+3.34, +2.640, +0.165,+0.960
1580874240,+3.34, +2.640, +0.165,+0.960
1580874300,+3.34, +2.629, +0.165,+0.960
1580874360,+3.34, +2.629, +0.165,+0.960
1580874420,+3.34, +2.629, +0.165,+0.960
1580874480,+3.34, +2.619, +0.166,+0.960
1580874540,+3.34, +2.640, +0.167,+0.960
1580874600,+3.34, +2.629, +0.168,+0.960
1580874660,+3.34, +2.629, +0.168,+0.960
1580874720,+3.34, +2.608, +0.168,+0.960
1580874780,+3.34, +2.629, +0.166,+0.960
1580874840,+3.34, +2.640, +0.164,+0.960
1580874900,+3.34, +2.608, +0.167,+0.960
1580874960,+3.34, +2.619, +0.165,+0.960
1580875020,+3.34, +2.597, +0.166,+0.960
1580875080,+3.34, +2.629, +0.166,+0.960
1580875140,+3.34, +2.629, +0.165,+0.960
1580875200,+3.34, +2.619, +0.166,+0.960
1580875260,+3.34, +2.640, +0.166,+0.960
1580875320,+3.34, +2.629, +0.164,+0.960
1580875380,+3.34, +2.629, +0.166,+0.960
1580875440,+3.34, +2.629, +0.166,+0.960
1580875500,+3.34, +2.619, +0.166,+0.960
1580875560,+3.34, +2.619, +0.165,+0.960
1580875620,+3.34, +2.651, +0.166,+0.960
1580875680,+3.34, +2.629, +0.166,+0.960
1580875740,+3.34, +2.640, +0.166,+0.960
1580875800,+3.34, +2.608, +0.167,+0.960
1580875860,+3.34, +2.608, +0.164,+0.960
1580875920,+3.34, +2.629, +0.165,+0.960
1580875980,+3.34, +2.640, +0.167,+0.960
1580876040,+3.34, +2.651, +0.165,+0.960
1580876100,+3.34, +2.619, +0.165,+0.960
1580876160,+3.34, +2.629, +0.164,+0.960
1580876220,+3.34, +2.640, +0.165,+0.960
1580876280,+3.34, +2.629, +0.165,+0.960
1580876340,+3.34, +2.640, +0.165,+0.960
1580876400,+3.34, +2.619, +0.166,+0.960
1580876460,+3.34, +2.608, +0.164,+0.960
1580876520,+3.34, +2.629, +0.166,+0.960
1580876580,+3.34, +2.608, +0.166,+0.960
1580876640,+3.34, +2.629, +0.166,+0.960
1580876700,+3.34, +2.629, +0.166,+0.960
1580876760,+3.34, +2.619, +0.168,+0.960
1580876820,+3.34, +2.608, +0.165,+0.960
1580876880,+3.34, +2.640, +0.166,+0.960
1580876940,+3.34, +2.640, +0.166,+0.960
1580877000,+3.34, +2.651, +0.166,+0.960
1580877060,+3.34, +2.629, +0.165,+0.960
1580877120,+3.34, +2.619, +0.166,+0.960
1580877180,+3.34, +2.608, +0.165,+0.960
1580877240,+3.34, +2.629, +0.167,+0.960
1580877300,+3.34, +2.640, +0.165,+0.960
1580877360,+3.34, +2.619, +0.165,+0.960
1580877420,+3.34, +2.640, +0.167,+0.960
1580877480,+3.34, +2.640, +0.164,+0.960
1580877540,+3.34, +2.629, +0.163,+0.960
1580877600,+3.34, +2.651, +0.166,+0.960
1580877660,+3.34, +2.629, +0.164,+0.960
1580877720,+3.34, +2.651, +0.164,+0.960
1580877780,+3.34, +2.619, +0.166,+0.960
1580877840,+3.34, +2.640, +0.166,+0.960
1580877900,+3.34, +2.619, +0.167,+0.960
1580877960,+3.34, +2.640, +0.165,+0.960
1580878020,+3.34, +2.651, +0.166,+0.960
1580878080,+3.34, +2.651, +0.164,+0.960
1580878140,+3.34, +2.640, +0.166,+0.960
1580878200,+3.33, +2.629, +0.166,+0.960
1580878260,+3.34, +2.629, +0.167,+0.960
1580878320,+3.34, +2.619, +0.166,+0.960
1580878380,+3.34, +2.629, +0.167,+0.960
1580878440,+3.34, +2.619, +0.165,+0.960
1580878500,+3.34, +2.640, +0.166,+0.960
1580878560,+3.34, +2.619, +0.166,+0.960
1580878620,+3.34, +2.619, +0.165,+0.960
1580878680,+3.34, +2.640, +0.165,+0.960
1580878740,+3.34, +2.661, +0.164,+0.960
1580878800,+3.34, +2.608, +0.166,+0.960
1580878860,+3.33, +2.608, +0.168,+0.960
1580878920,+3.34, +2.619, +0.166,+0.960
1580878980,+3.34, +2.629, +0.165,+0.960
1580879040,+3.34, +2.619, +0.166,+0.960
1580879100,+3.34, +2.619, +0.167,+0.960
1580879160,+3.34, +2.629, +0.165,+0.960
1580879220,+3.34, +2.629, +0.165,+0.960
1580879280,+3.34, +2.619, +0.166,+0.960
1580879340,+3.34, +2.640, +0.165,+0.960
1580879400,+3.34, +2.629, +0.166,+0.960
1580879460,+3.34, +2.640, +0.165,+0.960
1580879520,+3.34, +2.629, +0.167,+0.960
1580879580,+3.34, +2.640, +0.165,+0.960
1580879640,+3.34, +2.597, +0.164,+0.960
1580879700,+3.34, +2.619, +0.167,+0.960
1580879760,+3.34, +2.640, +0.164,+0.960
1580879820,+3.34, +2.608, +0.166,+0.960
1580879880,+3.34, +2.640, +0.166,+0.960
1580879940,+3.34, +2.608, +0.167,+0.960
1580880000,+3.34, +2.576, +0.165,+0.960
1580880060,+3.34, +2.629, +0.165,+0.960
1580880120,+3.34, +2.640, +0.165,+0.960
1580880180,+3.34, +2.608, +0.167,+0.960
1580880240,+3.34, +2.619, +0.166,+0.960
1580880300,+3.34, +2.586, +0.166,+0.960
1580880360,+3.34, +2.629, +0.165,+0.960
1580880420,+3.34, +2.629, +0.164,+0.960
1580880480,+3.34, +2.629, +0.165,+0.960
1580880540,+3.34, +2.619, +0.164,+0.960
1580880600,+3.34, +2.619, +0.166,+0.960
1580880660,+3.34, +2.619, +0.165,+0.960
1580880720,+3.34, +2.629, +0.165,+0.960
1580880780,+3.34, +2.608, +0.165,+0.960
1580880840,+3.34, +2.608, +0.166,+0.960
1580880900,+3.34, +2.629, +0.167,+0.960
1580880960,+3.34, +2.608, +0.165,+0.960
1580881020,+3.34, +2.640, +0.165,+0.960
1580881080,+3.34, +2.640, +0.166,+0.960
1580881140,+3.34, +2.629, +0.164,+0.960
1580881200,+3.34, +2.619, +0.166,+0.960
1580881260,+3.34, +2.619, +0.164,+0.960
1580881320,+3.34, +2.629, +0.166,+0.960
1580881380,+3.34, +2.629, +0.166,+0.960
1580881440,+3.34, +2.640, +0.164,+0.960
1580881500,+3.34, +2.640, +0.165,+0.960
1580881560,+3.34, +2.608, +0.166,+0.960
1580881620,+3.34, +2.619, +0.164,+0.960
1580881680,+3.33, +2.619, +0.165,+0.960
1580881740,+3.34, +2.619, +0.165,+0.960
1580881800,+3.34, +2.619, +0.164,+0.960
1580881860,+3.34, +2.629, +0.166,+0.960
1580881920,+3.34, +2.640, +0.165,+0.960
1580881980,+3.34, +2.629, +0.164,+0.960
1580882040,+3.34, +2.619, +0.166,+0.960
1580882100,+3.34, +2.640, +0.166,+0.960
1580882160,+3.34, +2.619, +0.164,+0.960
1580882220,+3.34, +2.619, +0.166,+0.960
1580882280,+3.34, +2.629, +0.164,+0.960
1580882340,+3.34, +2.619, +0.165,+0.960
1580882400,+3.34, +2.619, +0.166,+0.960
1580882460,+3.34, +2.640, +0.165,+0.960
1580882520,+3.34, +2.640, +0.165,+0.960
1580882580,+3.34, +2.619, +0.166,+0.960
1580882640,+3.34, +2.619, +0.166,+0.960
1580882700,+3.34, +2.619, +0.166,+0.960
1580882760,+3.34, +2.629, +0.166,+0.960
1580882820,+3.34, +2.608, +0.166,+0.960
1580882880,+3.34, +2.597, +0.166,+0.960
1580882940,+3.34, +2.640, +0.167,+0.960
1580883000,+3.34, +2.586, +0.165,+0.960
1580883060,+3.34, +2.619, +0.166,+0.960
1580883120,+3.34, +2.629, +0.164,+0.960
1580883180,+3.34, +2.608, +0.166,+0.960
1580883240,+3.34, +2.640, +0.165,+0.960
1580883300,+3.34, +2.661, +0.165,+0.960
1580883360,+3.34, +2.629, +0.164,+0.960
1580883420,+3.34, +2.640, +0.165,+0.960
1580883480,+3.34, +2.619, +0.166,+0.960
1580883540,+3.34, +2.629, +0.167,+0.960
1580883600,+3.34, +2.629, +0.166,+0.960
1580883660,+3.34, +2.608, +0.166,+0.960
1580883720,+3.34, +2.619, +0.164,+0.960
1580883780,+3.34, +2.608, +0.168,+0.960
1580883840,+3.34, +2.608, +0.165,+0.960
1580883900,+3.34, +2.608, +0.166,+0.960
1580883960,+3.34, +2.597, +0.167,+0.960
1580884020,+3.34, +2.619, +0.166,+0.960
1580884080,+3.34, +2.619, +0.164,+0.960
1580884140,+3.34, +2.597, +0.166,+0.960
1580884200,+3.34, +2.619, +0.166,+0.960
1580884260,+3.34, +2.619, +0.165,+0.960
1580884320,+3.34, +2.619, +0.165,+0.960
1580884380,+3.34, +2.608, +0.165,+0.960
1580884440,+3.34, +2.629, +0.166,+0.960
1580884500,+3.34, +2.619, +0.167,+0.960
1580884560,+3.34, +2.629, +0.166,+0.960
1580884620,+3.34, +2.608, +0.167,+0.960
1580884680,+3.34, +2.619, +0.166,+0.960
1580884740,+3.34, +2.619, +0.167,+0.960
1580884800,+3.34, +2.640, +0.166,+0.960
1580884860,+3.34, +2.619, +0.164,+0.960
1580884920,+3.34, +2.619, +0.167,+0.960
1580884980,+3.34, +2.629, +0.166,+0.960
1580885040,+3.34, +2.619, +0.165,+0.960
1580885100,+3.34, +2.619, +0.165,+0.960
1580885160,+3.34, +2.629, +0.166,+0.960
1580885220,+3.33, +2.629, +0.166,+0.960
1580885280,+3.34, +2.651, +0.165,+0.960
1580885340,+3.34, +2.586, +0.166,+0.960
1580885400,+3.34, +2.640, +0.163,+0.960
1580885460,+3.34, +2.619, +0.165,+0.960
1580885520,+3.34, +2.619, +0.164,+0.960
1580885580,+3.34, +2.608, +0.166,+0.960
1580885640,+3.34, +2.608, +0.166,+0.960
1580885700,+3.34, +2.608, +0.166,+0.960
1580885760,+3.34, +2.608, +0.166,+0.960
1580885820,+3.34, +2.629, +0.166,+0.960
1580885880,+3.34, +2.629, +0.166,+0.960
1580885940,+3.34, +2.619, +0.166,+0.960
1580886000,+3.34, +2.629, +0.165,+0.960
1580886060,+3.34, +2.619, +0.166,+0.960
1580886120,+3.34, +2.629, +0.165,+0.960
1580886180,+3.34, +2.640, +0.166,+0.960
1580886240,+3.34, +2.608, +0.166,+0.960
1580886300,+3.34, +2.608, +0.166,+0.960
1580886360,+3.34, +2.619, +0.165,+0.960
1580886420,+3.34, +2.608, +0.166,+0.960
1580886480,+3.34, +2.640, +0.165,+0.960
1580886540,+3.34, +2.629, +0.166,+0.960
1580886600,+3.34, +2.629, +0.164,+0.960
1580886660,+3.34, +2.619, +0.165,+0.960
1580886720,+3.34, +2.629, +0.165,+0.960
1580886780,+3.34, +2.640, +0.165,+0.960
1580886840,+3.34, +2.640, +0.165,+0.960
1580886900,+3.34, +2.629, +0.166,+0.960
1580886960,+3.34, +2.608, +0.167,+0.960
1580887020,+3.34, +2.619, +0.167,+0.960
1580887080,+3.33, +2.619, +0.164,+0.960
1580887140,+3.34, +2.619, +0.166,+0.960
1580887200,+3.34, +2.586, +0.166,+0.960
1580887260,+3.34, +2.640, +0.166,+0.960
1580887320,+3.34, +2.629, +0.166,+0.960
1580887380,+3.34, +2.608, +0.165,+0.960
1580887440,+3.34, +2.608, +0.167,+0.960
1580887500,+3.34, +2.640, +0.164,+0.960
1580887560,+3.34, +2.619, +0.166,+0.960
1580887620,+3.34, +2.629, +0.166,+0.960
1580887680,+3.34, +2.597, +0.166,+0.960
1580887740,+3.34, +2.597, +0.166,+0.960
1580887800,+3.34, +2.629, +0.165,+0.960
1580887860,+3.34, +2.619, +0.165,+0.960
1580887920,+3.34, +2.608, +0.164,+0.960
1580887980,+3.34, +2.629, +0.166,+0.960
1580888040,+3.34, +2.608, +0.167,+0.960
1580888100,+3.34, +2.608, +0.166,+0.960
1580888160,+3.34, +2.608, +0.168,+0.960
1580888220,+3.34, +2.619, +0.166,+0.960
1580888280,+3.34, +2.608, +0.166,+0.960
1580888340,+3.34, +2.629, +0.165,+0.960
1580888400,+3.34, +2.629, +0.165,+0.960
1580888460,+3.34, +2.597, +0.164,+0.960
1580888520,+3.34, +2.640, +0.165,+0.960
1580888580,+3.34, +2.619, +0.165,+0.960
1580888640,+3.34, +2.629, +0.165,+0.960
1580888700,+3.34, +2.619, +0.165,+0.960
1580888760,+3.34, +2.586, +0.167,+0.960
1580888820,+3.34, +2.629, +0.166,+0.960
1580888880,+3.34, +2.619, +0.167,+0.960
1580888940,+3.34, +2.629, +0.166,+0.960
1580889000,+3.34, +2.661, +0.165,+0.960
1580889060,+3.34, +2.640, +0.165,+0.960
1580889120,+3.34, +2.608, +0.167,+0.960
1580889180,+3.34, +2.608, +0.165,+0.960
1580889240,+3.34, +2.619, +0.167,+0.960
1580889300,+3.34, +2.619, +0.164,+0.960
1580889360,+3.34, +2.619, +0.167,+0.960
1580889420,+3.34, +2.629, +0.163,+0.960
1580889480,+3.34, +2.629, +0.169,+0.960
1580889540,+3.34, +2.629, +0.165,+0.960
1580889600,+3.34, +2.619, +0.165,+0.960
1580889660,+3.34, +2.619, +0.166,+0.960
1580889720,+3.34, +2.597, +0.166,+0.960
1580889780,+3.34, +2.640, +0.166,+0.960
1580889840,+3.34, +2.640, +0.163,+0.960
1580889900,+3.34, +2.619, +0.166,+0.960
1580889960,+3.34, +2.629, +0.167,+0.960
1580890020,+3.34, +2.629, +0.166,+0.960
1580890080,+3.34, +2.619, +0.166,+0.960
1580890140,+3.34, +2.651, +0.165,+0.960
1580890200,+3.34, +2.586, +0.166,+0.960
1580890260,+3.34, +2.619, +0.166,+0.960
1580890320,+3.34, +2.608, +0.166,+0.960
1580890380,+3.34, +2.619, +0.164,+0.960
1580890440,+3.34, +2.597, +0.166,+0.960
1580890500,+3.34, +2.629, +0.165,+0.960
1580890560,+3.34, +2.629, +0.164,+0.960
1580890620,+3.34, +2.640, +0.168,+0.960
1580890680,+3.33, +2.619, +0.166,+0.960
1580890740,+3.34, +2.651, +0.165,+0.960
1580890800,+3.34, +2.629, +0.166,+0.960
1580890860,+3.34, +2.597, +0.167,+0.960
1580890920,+3.34, +2.619, +0.166,+0.960
1580890980,+3.34, +2.640, +0.166,+0.960
1580891040,+3.34, +2.640, +0.167,+0.960
1580891100,+3.34, +2.608, +0.165,+0.960
1580891160,+3.34, +2.629, +0.165,+0.960
1580891220,+3.34, +2.608, +0.165,+0.960
1580891280,+3.34, +2.608, +0.166,+0.960
1580891340,+3.34, +2.629, +0.165,+0.960
1580891400,+3.34, +2.629, +0.166,+0.960
1580891460,+3.34, +2.619, +0.166,+0.960
1580891520,+3.34, +2.629, +0.165,+0.960
1580891580,+3.34, +2.640, +0.165,+0.960
1580891640,+3.34, +2.629, +0.165,+0.960
1580891700,+3.34, +2.619, +0.165,+0.960
1580891760,+3.34, +2.597, +0.166,+0.960
1580891820,+3.34, +2.619, +0.165,+0.960
1580891880,+3.34, +2.586, +0.166,+0.960
1580891940,+3.34, +2.619, +0.167,+0.960
1580892000,+3.34, +2.608, +0.166,+0.960
1580892060,+3.34, +2.619, +0.165,+0.960
1580892120,+3.34, +2.619, +0.166,+0.960
1580892180,+3.34, +2.619, +0.167,+0.960
1580892240,+3.34, +2.608, +0.167,+0.960
1580892300,+3.34, +2.640, +0.165,+0.960
1580892360,+3.34, +2.619, +0.166,+0.960
1580892420,+3.34, +2.554, +0.167,+0.960
1580892480,+3.34, +2.586, +0.166,+0.960
1580892540,+3.34, +2.619, +0.166,+0.960
1580892600,+3.34, +2.597, +0.165,+0.960
1580892660,+3.34, +2.629, +0.165,+0.960
1580892720,+3.34, +2.619, +0.166,+0.960
1580892780,+3.34, +2.629, +0.164,+0.960
1580892840,+3.34, +2.608, +0.166,+0.960
1580892900,+3.34, +2.619, +0.165,+0.960
1580892960,+3.34, +2.619, +0.165,+0.960
1580893020,+3.34, +2.608, +0.165,+0.960
1580893080,+3.34, +2.640, +0.167,+0.960
1580893140,+3.34, +2.629, +0.165,+0.960
1580893200,+3.34, +2.608, +0.166,+0.960
1580893260,+3.34, +2.651, +0.164,+0.960
1580893320,+3.34, +2.629, +0.167,+0.960
1580893380,+3.34, +2.629, +0.166,+0.960
1580893440,+3.34, +2.619, +0.165,+0.960
1580893500,+3.34, +2.619, +0.167,+0.960
1580893560,+3.34, +2.619, +0.165,+0.960
1580893620,+3.34, +2.629, +0.164,+0.960
1580893680,+3.34, +2.629, +0.165,+0.960
1580893740,+3.34, +2.640, +0.166,+0.960
1580893800,+3.34, +2.651, +0.165,+0.960
1580893860,+3.34, +2.629, +0.166,+0.960
1580893920,+3.34, +2.619, +0.164,+0.960
1580893980,+3.33, +2.619, +0.165,+0.960
1580894040,+3.34, +2.608, +0.166,+0.960
1580894100,+3.34, +2.629, +0.165,+0.960
1580894160,+3.34, +2.597, +0.167,+0.960
1580894220,+3.34, +2.640, +0.164,+0.960
1580894280,+3.34, +2.597, +0.166,+0.960
1580894340,+3.34, +2.619, +0.166,+0.960
1580894400,+3.34, +2.619, +0.165,+0.960
1580894460,+3.34, +2.640, +0.166,+0.960
1580894520,+3.34, +2.597, +0.167,+0.960
1580894580,+3.34, +2.619, +0.166,+0.960
1580894640,+3.34, +2.597, +0.165,+0.960
1580894700,+3.34, +2.629, +0.165,+0.960
1580894760,+3.34, +2.629, +0.165,+0.960
1580894820,+3.34, +2.629, +0.165,+0.960
1580894880,+3.34, +2.629, +0.164,+0.960
1580894940,+3.34, +2.608, +0.167,+0.960
1580895000,+3.34, +2.619, +0.165,+0.960
1580895060,+3.34, +2.619, +0.166,+0.960
1580895120,+3.34, +2.608, +0.167,+0.960
1580895180,+3.34, +2.619, +0.166,+0.960
1580895240,+3.33, +2.608, +0.165,+0.960
1580895300,+3.34, +2.629, +0.164,+0.960
1580895360,+3.34, +2.608, +0.165,+0.960
1580895420,+3.34, +2.619, +0.165,+0.960
1580895480,+3.34, +2.629, +0.165,+0.960
1580895540,+3.34, +2.586, +0.167,+0.960
1580895600,+3.34, +2.608, +0.166,+0.960
1580895660,+3.34, +2.640, +0.166,+0.960
1580895720,+3.34, +2.608, +0.165,+0.960
1580895780,+3.34, +2.608, +0.165,+0.960
1580895840,+3.34, +2.629, +0.166,+0.960
1580895900,+3.34, +2.608, +0.166,+0.960
1580895960,+3.34, +2.619, +0.167,+0.960
1580896020,+3.34, +2.619, +0.166,+0.960
1580896080,+3.34, +2.608, +0.164,+0.960
1580896140,+3.34, +2.629, +0.164,+0.960
1580896200,+3.34, +2.608, +0.165,+0.960
1580896260,+3.34, +2.619, +0.165,+0.960
1580896320,+3.34, +2.597, +0.167,+0.960
1580896380,+3.34, +2.597, +0.165,+0.960
1580896440,+3.34, +2.629, +0.165,+0.960
1580896500,+3.34, +2.629, +0.166,+0.960
1580896560,+3.34, +2.619, +0.166,+0.960
1580896620,+3.34, +2.608, +0.167,+0.960
1580896680,+3.34, +2.597, +0.165,+0.960
1580896740,+3.34, +2.608, +0.165,+0.960
1580896800,+3.34, +2.608, +0.165,+0.960
1580896860,+3.34, +2.619, +0.166,+0.960
1580896920,+3.34, +2.619, +0.166,+0.960
1580896980,+3.34, +2.619, +0.166,+0.960
1580897040,+3.34, +2.629, +0.166,+0.960
1580897100,+3.34, +2.608, +0.166,+0.960
1580897160,+3.34, +2.640, +0.167,+0.960
1580897220,+3.34, +2.640, +0.165,+0.960
1580897280,+3.34, +2.608, +0.166,+0.960
1580897340,+3.34, +2.597, +0.166,+0.960
1580897400,+3.34, +2.629, +0.164,+0.960
1580897460,+3.34, +2.619, +0.166,+0.960
1580897520,+3.34, +2.619, +0.164,+0.960
1580897580,+3.34, +2.586, +0.165,+0.960
1580897640,+3.34, +2.586, +0.166,+0.960
1580897700,+3.34, +2.619, +0.165,+0.960
1580897760,+3.34, +2.597, +0.166,+0.960
1580897820,+3.34, +2.586, +0.166,+0.960
1580897880,+3.34, +2.608, +0.166,+0.960
1580897940,+3.34, +2.608, +0.167,+0.960
1580898000,+3.34, +2.629, +0.167,+0.960
1580898060,+3.34, +2.619, +0.163,+0.960
1580898120,+3.34, +2.597, +0.165,+0.960
1580898180,+3.34, +2.619, +0.166,+0.960
1580898240,+3.34, +2.608, +0.167,+0.960
1580898300,+3.34, +2.619, +0.166,+0.960
1580898360,+3.34, +2.619, +0.167,+0.960
1580898420,+3.34, +2.629, +0.166,+0.960
1580898480,+3.34, +2.608, +0.168,+0.960
1580898540,+3.34, +2.597, +0.167,+0.960
1580898600,+3.34, +2.608, +0.167,+0.960
1580898660,+3.34, +2.619, +0.166,+0.960
1580898720,+3.34, +2.619, +0.165,+0.960
1580898780,+3.34, +2.629, +0.166,+0.960
1580898840,+3.34, +2.597, +0.164,+0.960
1580898900,+3.34, +2.619, +0.165,+0.960
1580898960,+3.34, +2.608, +0.165,+0.960
1580899020,+3.34, +2.619, +0.164,+0.960
1580899080,+3.34, +2.608, +0.166,+0.960
1580899140,+3.34, +2.619, +0.165,+0.960
1580899200,+3.34, +2.619, +0.167,+0.960
1580899260,+3.34, +2.608, +0.166,+0.960
1580899320,+3.34, +2.629, +0.166,+0.960
1580899380,+3.34, +2.619, +0.166,+0.960
1580899440,+3.34, +2.608, +0.165,+0.960
1580899500,+3.34, +2.619, +0.165,+0.960
1580899560,+3.34, +2.619, +0.165,+0.960
1580899620,+3.34, +2.619, +0.166,+0.960
1580899680,+3.34, +2.619, +0.166,+0.960
1580899740,+3.34, +2.619, +0.166,+0.960
1580899800,+3.34, +2.619, +0.166,+0.960
1580899860,+3.34, +2.640, +0.166,+0.960
1580899920,+3.34, +2.586, +0.166,+0.960
1580899980,+3.34, +2.608, +0.166,+0.960
1580900040,+3.34, +2.629, +0.166,+0.960
1580900100,+3.34, +2.608, +0.165,+0.960
1580900160,+3.34, +2.619, +0.164,+0.960
1580900220,+3.34, +2.629, +0.164,+0.960
1580900280,+3.34, +2.629, +0.165,+0.960
1580900340,+3.34, +2.619, +0.167,+0.960
1580900400,+3.34, +2.608, +0.167,+0.960
1580900460,+3.34, +2.608, +0.166,+0.960
1580900520,+3.34, +2.619, +0.166,+0.960
1580900580,+3.34, +2.619, +0.165,+0.960
1580900640,+3.34, +2.629, +0.167,+0.960
1580900700,+3.34, +2.597, +0.166,+0.960
1580900760,+3.34, +2.608, +0.167,+0.960
1580900820,+3.34, +2.629, +0.165,+0.960
1580900880,+3.34, +2.597, +0.167,+0.960
1580900940,+3.34, +2.597, +0.166,+0.960
1580901000,+3.34, +2.629, +0.164,+0.960
1580901060,+3.34, +2.619, +0.166,+0.960
1580901120,+3.34, +2.629, +0.167,+0.960
1580901180,+3.34, +2.629, +0.165,+0.960
1580901240,+3.34, +2.608, +0.167,+0.960
1580901300,+3.34, +2.619, +0.167,+0.960
1580901360,+3.34, +2.629, +0.166,+0.960
1580901420,+3.34, +2.608, +0.165,+0.960
1580901480,+3.34, +2.640, +0.165,+0.960
1580901540,+3.34, +2.619, +0.166,+0.960
1580901600,+3.34, +2.597, +0.167,+0.960
1580901660,+3.33, +2.640, +0.165,+0.960
1580901720,+3.34, +2.619, +0.164,+0.960
1580901780,+3.34, +2.619, +0.165,+0.960
1580901840,+3.34, +2.597, +0.167,+0.960
1580901900,+3.34, +2.619, +0.167,+0.960
1580901960,+3.34, +2.619, +0.166,+0.960
1580902020,+3.34, +2.597, +0.167,+0.960
1580902080,+3.34, +2.608, +0.166,+0.960
1580902140,+3.34, +2.629, +0.165,+0.960
1580902200,+3.34, +2.640, +0.164,+0.960
1580902260,+3.34, +2.619, +0.166,+0.960
1580902320,+3.34, +2.629, +0.166,+0.960
1580902380,+3.34, +2.608, +0.165,+0.960
1580902440,+3.34, +2.629, +0.165,+0.960
1580902500,+3.34, +2.608, +0.166,+0.960
1580902560,+3.34, +2.619, +0.165,+0.960
1580902620,+3.34, +2.629, +0.167,+0.960
1580902680,+3.34, +2.597, +0.169,+0.960
1580902740,+3.34, +2.619, +0.166,+0.960
1580902800,+3.34, +2.608, +0.166,+0.960
1580902860,+3.34, +2.608, +0.166,+0.960
1580902920,+3.34, +2.619, +0.165,+0.960
1580902980,+3.34, +2.619, +0.166,+0.960
1580903040,+3.34, +2.629, +0.165,+0.960
1580903100,+3.34, +2.597, +0.167,+0.960
1580903160,+3.34, +2.586, +0.166,+0.960
1580903220,+3.34, +2.608, +0.165,+0.960
1580903280,+3.34, +2.586, +0.166,+0.960
1580903340,+3.34, +2.629, +0.167,+0.960
1580903400,+3.34, +2.619, +0.164,+0.960
1580903460,+3.34, +2.629, +0.166,+0.960
1580903520,+3.34, +2.629, +0.166,+0.960
1580903580,+3.34, +2.619, +0.166,+0.960
1580903640,+3.34, +2.597, +0.166,+0.960
1580903700,+3.34, +2.619, +0.166,+0.960
1580903760,+3.34, +2.608, +0.165,+0.960
1580903820,+3.34, +2.640, +0.166,+0.960
1580903880,+3.34, +2.619, +0.167,+0.960
1580903940,+3.34, +2.640, +0.165,+0.960
1580904000,+3.34, +2.619, +0.167,+0.960
1580904060,+3.34, +2.619, +0.166,+0.960
1580904120,+3.34, +2.608, +0.168,+0.960
1580904180,+3.34, +2.608, +0.166,+0.960
1580904240,+3.34, +2.608, +0.165,+0.960
1580904300,+3.33, +2.619, +0.166,+0.960
1580904360,+3.34, +2.629, +0.164,+0.960
1580904420,+3.34, +2.629, +0.164,+0.960
1580904480,+3.34, +2.619, +0.167,+0.960
1580904540,+3.34, +2.608, +0.166,+0.960
1580904600,+3.34, +2.619, +0.166,+0.960
1580904660,+3.34, +2.608, +0.165,+0.960
1580904720,+3.34, +2.619, +0.166,+0.960
1580904780,+3.34, +2.597, +0.164,+0.960
1580904840,+3.34, +2.619, +0.166,+0.960
1580904900,+3.34, +2.586, +0.166,+0.960
1580904960,+3.34, +2.619, +0.166,+0.960
1580905020,+3.34, +2.608, +0.165,+0.960
1580905080,+3.34, +2.597, +0.168,+0.960
1580905140,+3.34, +2.586, +0.165,+0.960
1580905200,+3.34, +2.608, +0.166,+0.960
1580905260,+3.34, +2.597, +0.165,+0.960
1580905320,+3.34, +2.597, +0.165,+0.960
1580905380,+3.34, +2.608, +0.165,+0.960
1580905440,+3.34, +2.597, +0.167,+0.960
1580905500,+3.34, +2.629, +0.165,+0.960
1580905560,+3.34, +2.619, +0.165,+0.960
1580905620,+3.34, +2.608, +0.165,+0.960
1580905680,+3.34, +2.629, +0.165,+0.960
1580905740,+3.34, +2.608, +0.165,+0.960
1580905800,+3.34, +2.597, +0.168,+0.960
1580905860,+3.34, +2.619, +0.166,+0.960
1580905920,+3.34, +2.629, +0.165,+0.960
1580905980,+3.34, +2.619, +0.166,+0.960
1580906040,+3.34, +2.608, +0.166,+0.960
1580906100,+3.34, +2.619, +0.165,+0.960
1580906160,+3.34, +2.661, +0.164,+0.960
1580906220,+3.34, +2.608, +0.163,+0.960
1580906280,+3.34, +2.586, +0.168,+0.960
1580906340,+3.34, +2.597, +0.166,+0.960
1580906400,+3.34, +2.640, +0.167,+0.960
1580906460,+3.34, +2.586, +0.166,+0.960
1580906520,+3.34, +2.597, +0.167,+0.960
1580906580,+3.34, +2.640, +0.165,+0.960
1580906640,+3.34, +2.619, +0.166,+0.960
1580906700,+3.34, +2.608, +0.166,+0.960
1580906760,+3.34, +2.619, +0.165,+0.960
1580906820,+3.34, +2.619, +0.167,+0.960
1580906880,+3.34, +2.608, +0.165,+0.960
1580906940,+3.34, +2.597, +0.166,+0.960
1580907000,+3.34, +2.619, +0.166,+0.960
1580907060,+3.34, +2.608, +0.166,+0.960
1580907120,+3.34, +2.597, +0.164,+0.960
1580907180,+3.34, +2.586, +0.166,+0.960
1580907240,+3.34, +2.597, +0.165,+0.960
1580907300,+3.34, +2.619, +0.165,+0.960
1580907360,+3.34, +2.619, +0.165,+0.960
1580907420,+3.34, +2.640, +0.165,+0.960
1580907480,+3.34, +2.619, +0.165,+0.960
1580907540,+3.34, +2.597, +0.165,+0.960
1580907600,+3.34, +2.619, +0.164,+0.960
1580907660,+3.34, +2.586, +0.166,+0.960
1580907720,+3.34, +2.619, +0.165,+0.960
1580907780,+3.34, +2.619, +0.166,+0.960
1580907840,+3.34, +2.586, +0.166,+0.960
1580907900,+3.34, +2.597, +0.167,+0.960
1580907960,+3.34, +2.608, +0.167,+0.960
1580908020,+3.34, +2.608, +0.166,+0.960
1580908080,+3.34, +2.619, +0.166,+0.960
1580908140,+3.34, +2.597, +0.166,+0.960
1580908200,+3.34, +2.629, +0.165,+0.960
1580908260,+3.34, +2.629, +0.166,+0.960
1580908320,+3.34, +2.619, +0.167,+0.960
1580908380,+3.34, +2.576, +0.166,+0.960
1580908440,+3.34, +2.608, +0.166,+0.960
1580908500,+3.33, +2.619, +0.164,+0.960
1580908560,+3.34, +2.619, +0.167,+0.960
1580908620,+3.34, +2.597, +0.166,+0.960
1580908680,+3.34, +2.586, +0.165,+0.960
1580908740,+3.34, +2.597, +0.166,+0.960
1580908800,+3.34, +2.619, +0.165,+0.960
1580908860,+3.34, +2.619, +0.165,+0.960
1580908920,+3.34, +2.608, +0.164,+0.960
1580908980,+3.34, +2.608, +0.165,+0.960
1580909040,+3.34, +2.608, +0.165,+0.960
1580909100,+3.34, +2.640, +0.166,+0.960
1580909160,+3.34, +2.619, +0.166,+0.960
1580909220,+3.34, +2.619, +0.166,+0.960
1580909280,+3.34, +2.597, +0.166,+0.960
1580909340,+3.34, +2.597, +0.165,+0.960
1580909400,+3.34, +2.608, +0.167,+0.960
1580909460,+3.34, +2.619, +0.165,+0.960
1580909520,+3.34, +2.608, +0.166,+0.960
1580909580,+3.34, +2.629, +0.165,+0.960
1580909640,+3.34, +2.619, +0.165,+0.960
1580909700,+3.34, +2.619, +0.166,+0.960
1580909760,+3.34, +2.619, +0.164,+0.960
1580909820,+3.34, +2.629, +0.167,+0.960
1580909880,+3.34, +2.608, +0.165,+0.960
1580909940,+3.34, +2.608, +0.167,+0.960
1580910000,+3.34, +2.640, +0.165,+0.960
1580910060,+3.34, +2.629, +0.165,+0.960
1580910120,+3.34, +2.608, +0.165,+0.960
1580910180,+3.34, +2.629, +0.167,+0.960
1580910240,+3.34, +2.608, +0.165,+0.960
1580910300,+3.34, +2.629, +0.166,+0.960
1580910360,+3.34, +2.608, +0.166,+0.960
1580910420,+3.34, +2.608, +0.165,+0.960
1580910480,+3.34, +2.640, +0.164,+0.960
1580910540,+3.34, +2.586, +0.166,+0.960
1580910600,+3.34, +2.619, +0.165,+0.960
1580910660,+3.34, +2.608, +0.164,+0.960
1580910720,+3.34, +2.619, +0.166,+0.960
1580910780,+3.34, +2.597, +0.166,+0.960
1580910840,+3.34, +2.629, +0.166,+0.960
1580910900,+3.34, +2.619, +0.165,+0.960
1580910960,+3.34, +2.651, +0.165,+0.960
1580911020,+3.34, +2.619, +0.167,+0.960
1580911080,+3.34, +2.640, +0.164,+0.960
1580911140,+3.34, +2.608, +0.166,+0.960
1580911200,+3.34, +2.619, +0.166,+0.960
1580911260,+3.34, +2.608, +0.165,+0.960
1580911320,+3.34, +2.619, +0.166,+0.960
1580911380,+3.34, +2.608, +0.165,+0.960
1580911440,+3.34, +2.619, +0.167,+0.960
1580911500,+3.34, +2.608, +0.166,+0.960
1580911560,+3.34, +2.576, +0.166,+0.960
1580911620,+3.34, +2.619, +0.166,+0.960
1580911680,+3.33, +2.629, +0.167,+0.960
1580911740,+3.34, +2.608, +0.165,+0.960
1580911800,+3.34, +2.619, +0.167,+0.960
1580911860,+3.34, +2.619, +0.165,+0.960
1580911920,+3.34, +2.608, +0.166,+0.960
1580911980,+3.34, +2.608, +0.166,+0.960
1580912040,+3.34, +2.597, +0.166,+0.960
1580912100,+3.34, +2.608, +0.165,+0.960
1580912160,+3.34, +2.597, +0.167,+0.960
1580912220,+3.34, +2.629, +0.167,+0.960
1580912280,+3.34, +2.619, +0.165,+0.960
1580912340,+3.34, +2.619, +0.165,+0.960
1580912400,+3.33, +2.586, +0.164,+0.960
1580912460,+3.34, +2.629, +0.165,+0.960
1580912520,+3.34, +2.608, +0.165,+0.960
1580912580,+3.34, +2.629, +0.166,+0.960
1580912640,+3.34, +2.619, +0.165,+0.960
1580912700,+3.34, +2.619, +0.165,+0.960
1580912760,+3.34, +2.619, +0.165,+0.960
1580912820,+3.34, +2.619, +0.165,+0.960
1580912880,+3.34, +2.619, +0.167,+0.960
1580912940,+3.34, +2.608, +0.166,+0.960
1580913000,+3.34, +2.619, +0.165,+0.960
1580913060,+3.34, +2.608, +0.166,+0.960
1580913120,+3.34, +2.619, +0.166,+0.960
1580913180,+3.34, +2.597, +0.166,+0.960
1580913240,+3.34, +2.619, +0.165,+0.960
1580913300,+3.34, +2.619, +0.166,+0.960
1580913360,+3.34, +2.629, +0.164,+0.960
1580913420,+3.34, +2.554, +0.168,+0.960
1580913480,+3.34, +2.608, +0.167,+0.960
1580913540,+3.34, +2.608, +0.166,+0.960
1580913600,+3.34, +2.619, +0.164,+0.960
1580913660,+3.34, +2.608, +0.166,+0.960
1580913720,+3.34, +2.629, +0.166,+0.960
1580913780,+3.34, +2.640, +0.166,+0.960
1580913840,+3.34, +2.608, +0.165,+0.960
1580913900,+3.34, +2.597, +0.166,+0.960
1580913960,+3.34, +2.629, +0.167,+0.960
1580914020,+3.34, +2.608, +0.166,+0.960
1580914080,+3.34, +2.597, +0.164,+0.960
1580914140,+3.34, +2.608, +0.167,+0.960
1580914200,+3.34, +2.576, +0.167,+0.960
1580914260,+3.34, +2.608, +0.166,+0.960
1580914320,+3.34, +2.640, +0.166,+0.960
1580914380,+3.34, +2.608, +0.166,+0.960
1580914440,+3.34, +2.629, +0.165,+0.960
1580914500,+3.34, +2.608, +0.166,+0.960
1580914560,+3.34, +2.608, +0.167,+0.960
1580914620,+3.34, +2.597, +0.165,+0.960
1580914680,+3.34, +2.629, +0.164,+0.960
1580914740,+3.34, +2.619, +0.166,+0.960
1580914800,+3.34, +2.597, +0.165,+0.960
1580914860,+3.34, +2.608, +0.166,+0.960
1580914920,+3.34, +2.608, +0.167,+0.960
1580914980,+3.34, +2.629, +0.165,+0.960
1580915040,+3.34, +2.619, +0.166,+0.960
1580915100,+3.34, +2.629, +0.164,+0.960
1580915160,+3.34, +2.619, +0.165,+0.960
1580915220,+3.34, +2.619, +0.166,+0.960
1580915280,+3.34, +2.619, +0.166,+0.960
1580915340,+3.34, +2.619, +0.165,+0.960
1580915400,+3.34, +2.640, +0.166,+0.960
1580915460,+3.34, +2.608, +0.165,+0.960
1580915520,+3.34, +2.619, +0.166,+0.960
1580915580,+3.34, +2.597, +0.167,+0.960
1580915640,+3.34, +2.629, +0.164,+0.960
1580915700,+3.34, +2.629, +0.166,+0.960
1580915760,+3.34, +2.597, +0.165,+0.960
1580915820,+3.34, +2.597, +0.165,+0.960
1580915880,+3.34, +2.640, +0.169,+0.960
1580915940,+3.34, +2.619, +0.165,+0.960
1580916000,+3.34, +2.543, +0.167,+0.960
1580916060,+3.33, +2.576, +0.165,+0.960
1580916120,+3.34, +2.597, +0.165,+0.960
1580916180,+3.34, +2.629, +0.165,+0.960
1580916240,+3.34, +2.619, +0.166,+0.960
1580916300,+3.34, +2.619, +0.165,+0.960
1580916360,+3.34, +2.619, +0.164,+0.960
1580916420,+3.34, +2.597, +0.166,+0.960
1580916480,+3.34, +2.683, +0.165,+0.960
1580916540,+3.34, +2.576, +0.166,+0.960
1580916600,+3.34, +2.619, +0.166,+0.960
1580916660,+3.34, +2.586, +0.167,+0.960
1580916720,+3.34, +2.576, +0.166,+0.960
1580916780,+3.34, +2.597, +0.166,+0.960
1580916840,+3.34, +2.629, +0.164,+0.960
1580916900,+3.34, +2.619, +0.166,+0.960
1580916960,+3.34, +2.608, +0.167,+0.960
1580917020,+3.34, +2.597, +0.166,+0.960
1580917080,+3.34, +2.619, +0.166,+0.960
1580917140,+3.34, +2.619, +0.166,+0.960
1580917200,+3.34, +2.619, +0.164,+0.960
1580917260,+3.34, +2.619, +0.167,+0.960
1580917320,+3.34, +2.576, +0.166,+0.960
1580917380,+3.34, +2.619, +0.163,+0.960
1580917440,+3.34, +2.586, +0.168,+0.960
1580917500,+3.34, +2.619, +0.165,+0.960
1580917560,+3.34, +2.608, +0.164,+0.960
1580917620,+3.34, +2.619, +0.165,+0.960
1580917680,+3.34, +2.619, +0.166,+0.960
1580917740,+3.34, +2.608, +0.165,+0.960
1580917800,+3.34, +2.629, +0.166,+0.960
1580917860,+3.34, +2.576, +0.166,+0.960
1580917920,+3.34, +2.619, +0.165,+0.960
1580917980,+3.34, +2.608, +0.165,+0.960
1580918040,+3.34, +2.608, +0.166,+0.960
1580918100,+3.34, +2.608, +0.167,+0.960
1580918160,+3.34, +2.608, +0.166,+0.960
1580918220,+3.34, +2.619, +0.165,+0.960
1580918280,+3.34, +2.597, +0.166,+0.960
1580918340,+3.34, +2.608, +0.166,+0.960
1580918400,+3.34, +2.597, +0.166,+0.960
1580918460,+3.34, +2.629, +0.165,+0.960
1580918520,+3.34, +2.586, +0.165,+0.960
1580918580,+3.34, +2.619, +0.166,+0.960
1580918640,+3.34, +2.586, +0.166,+0.960
1580918700,+3.34, +2.597, +0.167,+0.960
1580918760,+3.34, +2.608, +0.166,+0.960
1580918820,+3.34, +2.619, +0.165,+0.960
1580918880,+3.34, +2.608, +0.167,+0.960
1580918940,+3.34, +2.619, +0.165,+0.960
1580919000,+3.34, +2.619, +0.166,+0.960
1580919060,+3.34, +2.629, +0.165,+0.960
1580919120,+3.34, +2.608, +0.165,+0.960
1580919180,+3.34, +2.597, +0.167,+0.960
1580919240,+3.34, +2.619, +0.165,+0.960
1580919300,+3.34, +2.619, +0.165,+0.960
1580919360,+3.34, +2.608, +0.165,+0.960
1580919420,+3.34, +2.597, +0.166,+0.960
1580919480,+3.34, +2.640, +0.164,+0.960
1580919540,+3.34, +2.597, +0.166,+0.960
1580919600,+3.34, +2.608, +0.167,+0.960
1580919660,+3.34, +2.651, +0.166,+0.960
1580919720,+3.34, +2.629, +0.168,+0.960
1580919780,+3.34, +2.586, +0.167,+0.960
1580919840,+3.34, +2.608, +0.164,+0.960
1580919900,+3.34, +2.629, +0.166,+0.960
1580919960,+3.34, +2.629, +0.165,+0.960
1580920020,+3.34, +2.629, +0.167,+0.960
1580920080,+3.34, +2.608, +0.166,+0.960
1580920140,+3.34, +2.608, +0.167,+0.960
1580920200,+3.34, +2.619, +0.166,+0.960
1580920260,+3.34, +2.619, +0.165,+0.960
1580920320,+3.34, +2.608, +0.167,+0.960
1580920380,+3.34, +2.608, +0.166,+0.960
1580920440,+3.34, +2.619, +0.165,+0.960
1580920500,+3.34, +2.629, +0.164,+0.960
1580920560,+3.34, +2.640, +0.167,+0.960
1580920620,+3.34, +2.640, +0.165,+0.960
1580920680,+3.34, +2.608, +0.166,+0.960
1580920740,+3.34, +2.608, +0.167,+0.960
1580920800,+3.34, +2.651, +0.165,+0.960
1580920860,+3.34, +2.619, +0.166,+0.960
1580920920,+3.34, +2.608, +0.165,+0.960
1580920980,+3.34, +2.608, +0.165,+0.960
1580921040,+3.34, +2.651, +0.164,+0.960
1580921100,+3.34, +2.597, +0.166,+0.960
1580921160,+3.34, +2.640, +0.165,+0.960
1580921220,+3.34, +2.608, +0.167,+0.960
1580921280,+3.34, +2.629, +0.165,+0.960
1580921340,+3.34, +2.619, +0.167,+0.960
1580921400,+3.34, +2.619, +0.165,+0.960
1580921460,+3.34, +2.619, +0.167,+0.960
1580921520,+3.34, +2.629, +0.166,+0.960
1580921580,+3.34, +2.629, +0.165,+0.960
1580921640,+3.34, +2.629, +0.166,+0.960
1580921700,+3.34, +2.619, +0.164,+0.960
1580921760,+3.34, +2.619, +0.166,+0.960
1580921820,+3.34, +2.619, +0.164,+0.960
1580921880,+3.34, +2.619, +0.165,+0.960
1580921940,+3.34, +2.619, +0.165,+0.960
1580922000,+3.34, +2.608, +0.165,+0.960
1580922060,+3.34, +2.608, +0.165,+0.960
1580922120,+3.34, +2.629, +0.164,+0.960
1580922180,+3.34, +2.619, +0.164,+0.960
1580922240,+3.34, +2.608, +0.166,+0.960
1580922300,+3.34, +2.619, +0.166,+0.960
1580922360,+3.34, +2.619, +0.165,+0.960
1580922420,+3.34, +2.597, +0.166,+0.960
1580922480,+3.34, +2.619, +0.165,+0.960
1580922540,+3.34, +2.619, +0.165,+0.960
1580922600,+3.34, +2.629, +0.165,+0.960
1580922660,+3.34, +2.619, +0.166,+0.960
1580922720,+3.34, +2.619, +0.165,+0.960
1580922780,+3.34, +2.640, +0.165,+0.960
1580922840,+3.34, +2.619, +0.165,+0.960
1580922900,+3.34, +2.629, +0.167,+0.960
1580922960,+3.34, +2.629, +0.166,+0.960
1580923020,+3.34, +2.629, +0.166,+0.960
1580923080,+3.34, +2.597, +0.167,+0.960
1580923140,+3.34, +2.608, +0.165,+0.960
1580923200,+3.34, +2.608, +0.165,+0.960
1580923260,+3.34, +2.640, +0.166,+0.960
1580923320,+3.34, +2.608, +0.164,+0.960
1580923380,+3.34, +2.629, +0.167,+0.960
1580923440,+3.34, +2.629, +0.164,+0.960
1580923500,+3.34, +2.629, +0.166,+0.960
1580923560,+3.34, +2.608, +0.166,+0.960
1580923620,+3.34, +2.619, +0.166,+0.960
1580923680,+3.34, +2.619, +0.166,+0.960
1580923740,+3.34, +2.608, +0.166,+0.960
1580923800,+3.34, +2.619, +0.165,+0.960
1580923860,+3.34, +2.640, +0.165,+0.960
1580923920,+3.34, +2.619, +0.165,+0.960
1580923980,+3.34, +2.640, +0.165,+0.960
1580924040,+3.34, +2.629, +0.166,+0.960
1580924100,+3.34, +2.608, +0.166,+0.960
1580924160,+3.34, +2.608, +0.166,+0.960
1580924220,+3.34, +2.619, +0.166,+0.960
1580924280,+3.34, +2.608, +0.165,+0.960
1580924340,+3.34, +2.619, +0.165,+0.960
1580924400,+3.34, +2.629, +0.166,+0.960
1580924460,+3.34, +2.619, +0.166,+0.960
1580924520,+3.34, +2.651, +0.166,+0.960
1580924580,+3.34, +2.619, +0.167,+0.960
1580924640,+3.34, +2.629, +0.168,+0.960
1580924700,+3.34, +2.640, +0.165,+0.960
1580924760,+3.34, +2.608, +0.166,+0.960
1580924820,+3.34, +2.629, +0.166,+0.960
1580924880,+3.34, +2.640, +0.166,+0.960
1580924940,+3.34, +2.640, +0.164,+0.960
1580925000,+3.34, +2.586, +0.166,+0.960
1580925060,+3.34, +2.619, +0.167,+0.960
1580925120,+3.34, +2.619, +0.167,+0.960
1580925180,+3.34, +2.640, +0.165,+0.960
1580925240,+3.34, +2.640, +0.164,+0.960
1580925300,+3.34, +2.640, +0.166,+0.960
1580925360,+3.34, +2.608, +0.166,+0.960
1580925420,+3.34, +2.619, +0.165,+0.960
1580925480,+3.34, +2.629, +0.167,+0.960
1580925540,+3.34, +2.629, +0.166,+0.960
1580925600,+3.34, +2.640, +0.166,+0.960
1580925660,+3.34, +2.619, +0.167,+0.960
1580925720,+3.34, +2.629, +0.164,+0.960
1580925780,+3.34, +2.640, +0.165,+0.960
1580925840,+3.34, +2.629, +0.166,+0.960
1580925900,+3.34, +2.619, +0.166,+0.960
1580925960,+3.34, +2.640, +0.167,+0.960
1580926020,+3.34, +2.629, +0.165,+0.960
1580926080,+3.34, +2.629, +0.165,+0.960
1580926140,+3.34, +2.651, +0.164,+0.960
1580926200,+3.34, +2.640, +0.165,+0.960
1580926260,+3.34, +2.619, +0.166,+0.960
1580926320,+3.34, +2.629, +0.165,+0.960
1580926380,+3.34, +2.619, +0.165,+0.960
1580926440,+3.34, +2.629, +0.165,+0.960
1580926500,+3.34, +2.629, +0.165,+0.960
1580926560,+3.34, +2.629, +0.164,+0.960
1580926620,+3.34, +2.640, +0.167,+0.960
1580926680,+3.34, +2.619, +0.165,+0.960
1580926740,+3.34, +2.640, +0.166,+0.960
1580926800,+3.34, +2.629, +0.166,+0.960
1580926860,+3.34, +2.629, +0.165,+0.960
1580926920,+3.34, +2.661, +0.165,+0.960
1580926980,+3.34, +2.619, +0.165,+0.960
1580927040,+3.34, +2.619, +0.165,+0.960
1580927100,+3.34, +2.619, +0.165,+0.960
1580927160,+3.34, +2.629, +0.166,+0.960
1580927220,+3.34, +2.619, +0.166,+0.960
1580927280,+3.34, +2.565, +0.167,+0.960
1580927340,+3.34, +2.619, +0.167,+0.960
1580927400,+3.34, +2.608, +0.165,+0.960
1580927460,+3.34, +2.629, +0.165,+0.960
1580927520,+3.34, +2.629, +0.166,+0.960
1580927580,+3.34, +2.619, +0.165,+0.960
1580927640,+3.34, +2.608, +0.167,+0.960
1580927700,+3.34, +2.640, +0.165,+0.960
1580927760,+3.34, +2.661, +0.165,+0.960
1580927820,+3.34, +2.629, +0.164,+0.960
1580927880,+3.34, +2.651, +0.167,+0.960
1580927940,+3.34, +2.640, +0.165,+0.960
1580928000,+3.34, +2.629, +0.167,+0.960
1580928060,+3.33, +2.640, +0.166,+0.960
1580928120,+3.34, +2.629, +0.165,+0.960
1580928180,+3.34, +2.597, +0.166,+0.960
1580928240,+3.34, +2.619, +0.164,+0.960
1580928300,+3.34, +2.629, +0.166,+0.960
1580928360,+3.34, +2.640, +0.164,+0.960
1580928420,+3.34, +2.640, +0.166,+0.960
1580928480,+3.33, +2.640, +0.166,+0.960
1580928540,+3.34, +2.629, +0.166,+0.960
1580928600,+3.34, +2.629, +0.167,+0.960
1580928660,+3.34, +2.597, +0.165,+0.960
1580928720,+3.34, +2.619, +0.166,+0.960
1580928780,+3.34, +2.640, +0.164,+0.960
1580928840,+3.34, +2.608, +0.165,+0.960
1580928900,+3.34, +2.629, +0.166,+0.960
1580928960,+3.34, +2.640, +0.166,+0.960
1580929020,+3.34, +2.629, +0.165,+0.960
1580929080,+3.34, +2.629, +0.166,+0.960
1580929140,+3.34, +2.640, +0.165,+0.960
1580929200,+3.34, +2.619, +0.163,+0.960
1580929260,+3.34, +2.640, +0.166,+0.960
1580929320,+3.34, +2.661, +0.164,+0.960
1580929380,+3.34, +2.619, +0.166,+0.960
1580929440,+3.34, +2.640, +0.168,+0.960
1580929500,+3.34, +2.651, +0.165,+0.960
1580929560,+3.34, +2.608, +0.169,+0.960
1580929620,+3.34, +2.629, +0.165,+0.960
1580929680,+3.34, +2.629, +0.164,+0.960
1580929740,+3.34, +2.640, +0.165,+0.960
1580929800,+3.34, +2.640, +0.165,+0.960
1580929860,+3.33, +2.651, +0.166,+0.960
1580929920,+3.34, +2.640, +0.166,+0.960
1580929980,+3.34, +2.619, +0.166,+0.960
1580930040,+3.34, +2.651, +0.166,+0.960
1580930100,+3.34, +2.629, +0.165,+0.960
1580930160,+3.34, +2.619, +0.166,+0.960
1580930220,+3.34, +2.629, +0.167,+0.960
1580930280,+3.34, +2.640, +0.167,+0.960
1580930340,+3.34, +2.629, +0.165,+0.960
1580930400,+3.34, +2.640, +0.165,+0.960
1580930460,+3.34, +2.619, +0.166,+0.960
1580930520,+3.34, +2.640, +0.165,+0.960
1580930580,+3.34, +2.629, +0.164,+0.960
1580930640,+3.34, +2.640, +0.164,+0.960
1580930700,+3.34, +2.661, +0.166,+0.960
1580930760,+3.34, +2.597, +0.167,+0.960
1580930820,+3.34, +2.651, +0.165,+0.960
1580930880,+3.34, +2.629, +0.165,+0.960
1580930940,+3.34, +2.629, +0.165,+0.960
1580931000,+3.34, +2.640, +0.166,+0.960
1580931060,+3.34, +2.651, +0.165,+0.960
1580931120,+3.34, +2.651, +0.166,+0.960
1580931180,+3.34, +2.640, +0.166,+0.960
1580931240,+3.34, +2.661, +0.165,+0.960
1580931300,+3.34, +2.640, +0.165,+0.960
1580931360,+3.34, +2.640, +0.166,+0.960
1580931420,+3.34, +2.619, +0.166,+0.960
1580931480,+3.34, +2.629, +0.165,+0.960
1580931540,+3.34, +2.629, +0.165,+0.960
1580931600,+3.34, +2.640, +0.166,+0.960
1580931660,+3.34, +2.651, +0.165,+0.960
1580931720,+3.34, +2.608, +0.166,+0.960
1580931780,+3.34, +2.661, +0.165,+0.960
1580931840,+3.34, +2.629, +0.165,+0.960
1580931900,+3.34, +2.640, +0.163,+0.960
1580931960,+3.34, +2.651, +0.166,+0.960
1580932020,+3.34, +2.651, +0.166,+0.960
1580932080,+3.34, +2.619, +0.167,+0.960
1580932140,+3.34, +2.640, +0.165,+0.960
1580932200,+3.34, +2.586, +0.166,+0.960
1580932260,+3.34, +2.640, +0.164,+0.960
1580932320,+3.34, +2.640, +0.164,+0.960
1580932380,+3.34, +2.651, +0.165,+0.960
1580932440,+3.34, +2.629, +0.164,+0.960
1580932500,+3.34, +2.597, +0.166,+0.960
1580932560,+3.34, +2.640, +0.165,+0.960
1580932620,+3.34, +2.629, +0.165,+0.960
1580932680,+3.34, +2.629, +0.165,+0.960
1580932740,+3.34, +2.651, +0.167,+0.960
1580932800,+3.34, +2.629, +0.164,+0.960
1580932860,+3.34, +2.619, +0.165,+0.960
1580932920,+3.34, +2.619, +0.166,+0.960
1580932980,+3.34, +2.629, +0.164,+0.960
1580933040,+3.34, +2.651, +0.165,+0.960
1580933100,+3.34, +2.629, +0.166,+0.960
1580933160,+3.34, +2.629, +0.165,+0.960
1580933220,+3.34, +2.629, +0.165,+0.960
1580933280,+3.34, +2.651, +0.166,+0.960
1580933340,+3.34, +2.619, +0.167,+0.960
1580933400,+3.34, +2.640, +0.165,+0.960
1580933460,+3.34, +2.629, +0.165,+0.960
1580933520,+3.34, +2.640, +0.166,+0.960
1580933580,+3.34, +2.608, +0.167,+0.960
1580933640,+3.34, +2.629, +0.167,+0.960
1580933700,+3.34, +2.629, +0.163,+0.960
1580933760,+3.34, +2.640, +0.164,+0.960
1580933820,+3.34, +2.629, +0.164,+0.960
1580933880,+3.34, +2.651, +0.163,+0.960
1580933940,+3.34, +2.629, +0.166,+0.960
1580934000,+3.34, +2.640, +0.166,+0.960
1580934060,+3.34, +2.629, +0.166,+0.960
1580934120,+3.34, +2.629, +0.166,+0.960
1580934180,+3.34, +2.672, +0.166,+0.960
1580934240,+3.34, +2.651, +0.166,+0.960
1580934300,+3.34, +2.661, +0.165,+0.960
1580934360,+3.34, +2.640, +0.166,+0.960
1580934420,+3.34, +2.640, +0.166,+0.960
1580934480,+3.34, +2.629, +0.166,+0.960
1580934540,+3.34, +2.629, +0.165,+0.960
1580934600,+3.34, +2.672, +0.164,+0.960
1580934660,+3.34, +2.640, +0.165,+0.960
1580934720,+3.34, +2.629, +0.164,+0.960
1580934780,+3.34, +2.629, +0.166,+0.960
1580934840,+3.34, +2.640, +0.164,+0.960
1580934900,+3.34, +2.651, +0.166,+0.960
1580934960,+3.34, +2.651, +0.164,+0.960
1580935020,+3.34, +2.651, +0.165,+0.960
1580935080,+3.34, +2.651, +0.166,+0.960
1580935140,+3.34, +2.640, +0.165,+0.960
1580935200,+3.34, +2.651, +0.166,+0.960
1580935260,+3.34, +2.640, +0.166,+0.960
1580935320,+3.34, +2.619, +0.167,+0.960
1580935380,+3.34, +2.640, +0.165,+0.960
1580935440,+3.34, +2.651, +0.165,+0.960
1580935500,+3.34, +2.640, +0.164,+0.960
1580935560,+3.34, +2.640, +0.166,+0.960
1580935620,+3.34, +2.651, +0.164,+0.960
1580935680,+3.34, +2.608, +0.166,+0.960
1580935740,+3.34, +2.629, +0.167,+0.960
1580935800,+3.34, +2.651, +0.164,+0.960
