7392-570653
OS REV: 1.11 Sensor Cal: 1428445788
Time (sec),  BV (Volts),  T (deg C),  DO (mg/l),  Q ()
1580763060,+3.34, +2.704, +0.165,+0.960
1580763120,+3.34, +2.672, +0.165,+0.960
1580763180,+3.34, +2.683, +0.165,+0.960
1580763240,+3.34, +2.683, +0.165,+0.960
1580763300,+3.34, +2.704, +0.165,+0.960
1580763360,+3.34, +2.715, +0.165,+0.960
1580763420,+3.34, +2.694, +0.165,+0.960
1580763480,+3.34, +2.704, +0.165,+0.960
1580763540,+3.34, +2.694, +0.164,+0.960
1580763600,+3.34, +2.715, +0.166,+0.960
1580763660,+3.34, +2.715, +0.165,+0.960
1580763720,+3.34, +2.726, +0.165,+0.960
1580763780,+3.34, +2.704, +0.165,+0.960
1580763840,+3.34, +2.726, +0.164,+0.960
1580763900,+3.34, +2.694, +0.166,+0.960
1580763960,+3.34, +2.715, +0.166,+0.960
1580764020,+3.34, +2.694, +0.165,+0.960
1580764080,+3.34, +2.704, +0.163,+0.960
1580764140,+3.34, +2.704, +0.166,+0.960
1580764200,+3.34, +2.715, +0.165,+0.960
1580764260,+3.34, +2.726, +0.164,+0.960
1580764320,+3.34, +2.672, +0.166,+0.960
1580764380,+3.34, +2.683, +0.165,+0.960
1580764440,+3.34, +2.704, +0.165,+0.960
1580764500,+3.34, +2.694, +0.165,+0.960
1580764560,+3.34, +2.715, +0.164,+0.960
1580764620,+3.34, +2.672, +0.165,+0.960
1580764680,+3.34, +2.694, +0.165,+0.960
1580764740,+3.34, +2.704, +0.163,+0.960
1580764800,+3.34, +2.726, +0.164,+0.960
1580764860,+3.34, +2.704, +0.164,+0.960
1580764920,+3.34, +2.715, +0.164,+0.960
1580764980,+3.34, +2.694, +0.164,+0.960
1580765040,+3.34, +2.694, +0.165,+0.960
1580765100,+3.34, +2.694, +0.165,+0.960
1580765160,+3.34, +2.715, +0.163,+0.960
1580765220,+3.34, +2.694, +0.165,+0.960
1580765280,+3.34, +2.715, +0.166,+0.960
1580765340,+3.34, +2.704, +0.165,+0.960
1580765400,+3.34, +2.694, +0.165,+0.960
1580765460,+3.34, +2.704, +0.164,+0.960
1580765520,+3.34, +2.672, +0.166,+0.960
1580765580,+3.34, +2.694, +0.167,+0.960
1580765640,+3.34, +2.715, +0.165,+0.960
1580765700,+3.34, +2.694, +0.167,+0.960
1580765760,+3.34, +2.704, +0.165,+0.960
1580765820,+3.34, +2.704, +0.166,+0.960
1580765880,+3.34, +2.683, +0.164,+0.960
1580765940,+3.34, +2.694, +0.166,+0.960
1580766000,+3.34, +2.704, +0.166,+0.960
1580766060,+3.34, +2.683, +0.164,+0.960
1580766120,+3.34, +2.694, +0.165,+0.960
1580766180,+3.34, +2.704, +0.166,+0.960
1580766240,+3.34, +2.694, +0.166,+0.960
1580766300,+3.34, +2.704, +0.166,+0.960
1580766360,+3.34, +2.694, +0.166,+0.960
1580766420,+3.34, +2.683, +0.166,+0.960
1580766480,+3.34, +2.694, +0.166,+0.960
1580766540,+3.34, +2.694, +0.166,+0.960
1580766600,+3.34, +2.694, +0.166,+0.960
1580766660,+3.34, +2.704, +0.164,+0.960
1580766720,+3.34, +2.704, +0.165,+0.960
1580766780,+3.34, +2.683, +0.165,+0.960
1580766840,+3.34, +2.715, +0.164,+0.960
1580766900,+3.34, +2.704, +0.166,+0.960
1580766960,+3.34, +2.683, +0.165,+0.960
1580767020,+3.34, +2.704, +0.165,+0.960
1580767080,+3.34, +2.736, +0.165,+0.960
1580767140,+3.34, +2.694, +0.167,+0.960
1580767200,+3.34, +2.715, +0.166,+0.960
1580767260,+3.34, +2.694, +0.164,+0.960
1580767320,+3.34, +2.704, +0.164,+0.960
1580767380,+3.34, +2.683, +0.165,+0.960
1580767440,+3.34, +2.694, +0.165,+0.960
1580767500,+3.34, +2.704, +0.163,+0.960
1580767560,+3.34, +2.726, +0.165,+0.960
1580767620,+3.34, +2.704, +0.165,+0.960
1580767680,+3.34, +2.683, +0.165,+0.960
1580767740,+3.34, +2.704, +0.164,+0.960
1580767800,+3.34, +2.694, +0.166,+0.960
1580767860,+3.34, +2.704, +0.165,+0.960
1580767920,+3.34, +2.715, +0.165,+0.960
1580767980,+3.34, +2.704, +0.166,+0.960
1580768040,+3.34, +2.704, +0.165,+0.960
1580768100,+3.34, +2.715, +0.165,+0.960
1580768160,+3.34, +2.704, +0.164,+0.960
1580768220,+3.34, +2.704, +0.166,+0.960
1580768280,+3.34, +2.694, +0.166,+0.960
1580768340,+3.34, +2.715, +0.164,+0.960
1580768400,+3.34, +2.683, +0.167,+0.960
1580768460,+3.34, +2.683, +0.166,+0.960
1580768520,+3.34, +2.694, +0.165,+0.960
1580768580,+3.34, +2.704, +0.164,+0.960
1580768640,+3.34, +2.694, +0.164,+0.960
1580768700,+3.34, +2.694, +0.163,+0.960
1580768760,+3.34, +2.683, +0.165,+0.960
1580768820,+3.34, +2.726, +0.166,+0.960
1580768880,+3.34, +2.726, +0.165,+0.960
1580768940,+3.34, +2.694, +0.166,+0.960
1580769000,+3.34, +2.704, +0.164,+0.960
1580769060,+3.34, +2.704, +0.164,+0.960
1580769120,+3.34, +2.704, +0.164,+0.960
1580769180,+3.34, +2.694, +0.166,+0.960
1580769240,+3.34, +2.683, +0.165,+0.960
1580769300,+3.34, +2.683, +0.165,+0.960
1580769360,+3.34, +2.715, +0.164,+0.960
1580769420,+3.34, +2.715, +0.165,+0.960
1580769480,+3.34, +2.704, +0.165,+0.960
1580769540,+3.34, +2.715, +0.164,+0.960
1580769600,+3.34, +2.694, +0.163,+0.960
1580769660,+3.34, +2.758, +0.165,+0.960
1580769720,+3.34, +2.704, +0.167,+0.960
1580769780,+3.34, +2.704, +0.165,+0.960
1580769840,+3.34, +2.704, +0.166,+0.960
1580769900,+3.34, +2.683, +0.166,+0.960
1580769960,+3.34, +2.694, +0.164,+0.960
1580770020,+3.34, +2.694, +0.165,+0.960
1580770080,+3.34, +2.694, +0.166,+0.960
1580770140,+3.34, +2.704, +0.166,+0.960
1580770200,+3.34, +2.661, +0.165,+0.960
1580770260,+3.34, +2.715, +0.166,+0.960
1580770320,+3.34, +2.694, +0.166,+0.960
1580770380,+3.34, +2.683, +0.165,+0.960
1580770440,+3.34, +2.694, +0.165,+0.960
1580770500,+3.34, +2.683, +0.165,+0.960
1580770560,+3.34, +2.672, +0.166,+0.960
1580770620,+3.34, +2.683, +0.166,+0.960
1580770680,+3.34, +2.694, +0.165,+0.960
1580770740,+3.34, +2.694, +0.166,+0.960
1580770800,+3.34, +2.715, +0.165,+0.960
1580770860,+3.34, +2.694, +0.164,+0.960
1580770920,+3.34, +2.704, +0.164,+0.960
1580770980,+3.34, +2.726, +0.165,+0.960
1580771040,+3.34, +2.683, +0.165,+0.960
1580771100,+3.34, +2.704, +0.164,+0.960
1580771160,+3.34, +2.715, +0.165,+0.960
1580771220,+3.34, +2.694, +0.165,+0.960
1580771280,+3.33, +2.683, +0.166,+0.960
1580771340,+3.34, +2.683, +0.166,+0.960
1580771400,+3.34, +2.694, +0.165,+0.960
1580771460,+3.34, +2.672, +0.165,+0.960
1580771520,+3.34, +2.715, +0.164,+0.960
1580771580,+3.34, +2.704, +0.167,+0.960
1580771640,+3.34, +2.694, +0.164,+0.960
1580771700,+3.34, +2.704, +0.166,+0.960
1580771760,+3.34, +2.704, +0.166,+0.960
1580771820,+3.34, +2.704, +0.165,+0.960
1580771880,+3.34, +2.694, +0.162,+0.960
1580771940,+3.34, +2.694, +0.166,+0.960
1580772000,+3.34, +2.694, +0.166,+0.960
1580772060,+3.34, +2.726, +0.164,+0.960
1580772120,+3.34, +2.661, +0.165,+0.960
1580772180,+3.34, +2.694, +0.165,+0.960
1580772240,+3.34, +2.694, +0.165,+0.960
1580772300,+3.34, +2.694, +0.166,+0.960
1580772360,+3.34, +2.694, +0.163,+0.960
1580772420,+3.34, +2.683, +0.165,+0.960
1580772480,+3.34, +2.683, +0.165,+0.960
1580772540,+3.34, +2.694, +0.163,+0.960
1580772600,+3.34, +2.683, +0.165,+0.960
1580772660,+3.34, +2.672, +0.166,+0.960
1580772720,+3.34, +2.694, +0.165,+0.960
1580772780,+3.34, +2.672, +0.165,+0.960
1580772840,+3.34, +2.694, +0.165,+0.960
1580772900,+3.34, +2.694, +0.166,+0.960
1580772960,+3.34, +2.683, +0.165,+0.960
1580773020,+3.34, +2.683, +0.165,+0.960
1580773080,+3.34, +2.694, +0.166,+0.960
1580773140,+3.34, +2.672, +0.166,+0.960
1580773200,+3.34, +2.672, +0.167,+0.960
1580773260,+3.34, +2.694, +0.165,+0.960
1580773320,+3.34, +2.694, +0.165,+0.960
1580773380,+3.34, +2.672, +0.165,+0.960
1580773440,+3.34, +2.672, +0.163,+0.959
1580773500,+3.34, +2.704, +0.163,+0.960
1580773560,+3.34, +2.661, +0.166,+0.960
1580773620,+3.34, +2.704, +0.165,+0.960
1580773680,+3.34, +2.683, +0.165,+0.960
1580773740,+3.34, +2.661, +0.164,+0.960
1580773800,+3.34, +2.672, +0.164,+0.960
1580773860,+3.34, +2.683, +0.165,+0.960
1580773920,+3.34, +2.672, +0.166,+0.960
1580773980,+3.34, +2.683, +0.166,+0.960
1580774040,+3.34, +2.672, +0.165,+0.960
1580774100,+3.34, +2.661, +0.165,+0.960
1580774160,+3.34, +2.683, +0.166,+0.960
1580774220,+3.34, +2.683, +0.165,+0.960
1580774280,+3.34, +2.694, +0.165,+0.960
1580774340,+3.34, +2.694, +0.164,+0.960
1580774400,+3.34, +2.683, +0.165,+0.960
1580774460,+3.34, +2.694, +0.167,+0.960
1580774520,+3.34, +2.672, +0.165,+0.960
1580774580,+3.34, +2.704, +0.164,+0.960
1580774640,+3.34, +2.661, +0.167,+0.960
1580774700,+3.34, +2.683, +0.165,+0.960
1580774760,+3.34, +2.672, +0.165,+0.960
1580774820,+3.34, +2.683, +0.163,+0.960
1580774880,+3.34, +2.683, +0.167,+0.960
1580774940,+3.34, +2.704, +0.165,+0.960
1580775000,+3.34, +2.694, +0.165,+0.960
1580775060,+3.34, +2.683, +0.164,+0.960
1580775120,+3.34, +2.651, +0.165,+0.960
1580775180,+3.34, +2.694, +0.164,+0.960
1580775240,+3.34, +2.683, +0.165,+0.960
1580775300,+3.34, +2.715, +0.164,+0.960
1580775360,+3.34, +2.694, +0.165,+0.960
1580775420,+3.34, +2.704, +0.165,+0.960
1580775480,+3.34, +2.683, +0.165,+0.960
1580775540,+3.34, +2.683, +0.164,+0.960
1580775600,+3.34, +2.704, +0.165,+0.960
1580775660,+3.34, +2.683, +0.165,+0.960
1580775720,+3.34, +2.672, +0.164,+0.960
1580775780,+3.34, +2.683, +0.164,+0.960
1580775840,+3.34, +2.694, +0.166,+0.960
1580775900,+3.34, +2.694, +0.167,+0.960
1580775960,+3.34, +2.672, +0.165,+0.960
1580776020,+3.34, +2.694, +0.166,+0.960
1580776080,+3.34, +2.683, +0.166,+0.960
1580776140,+3.34, +2.694, +0.165,+0.960
1580776200,+3.33, +2.683, +0.168,+0.960
1580776260,+3.34, +2.672, +0.164,+0.960
1580776320,+3.34, +2.683, +0.164,+0.960
1580776380,+3.34, +2.715, +0.165,+0.960
1580776440,+3.34, +2.704, +0.164,+0.960
1580776500,+3.34, +2.683, +0.166,+0.960
1580776560,+3.34, +2.694, +0.164,+0.960
1580776620,+3.34, +2.683, +0.165,+0.960
1580776680,+3.34, +2.694, +0.166,+0.960
1580776740,+3.34, +2.683, +0.164,+0.960
1580776800,+3.34, +2.683, +0.165,+0.960
1580776860,+3.34, +2.683, +0.166,+0.960
1580776920,+3.34, +2.661, +0.167,+0.960
1580776980,+3.34, +2.672, +0.167,+0.960
1580777040,+3.34, +2.661, +0.164,+0.960
1580777100,+3.34, +2.651, +0.165,+0.960
1580777160,+3.34, +2.672, +0.166,+0.960
1580777220,+3.34, +2.704, +0.165,+0.960
1580777280,+3.34, +2.672, +0.165,+0.960
1580777340,+3.34, +2.672, +0.167,+0.960
1580777400,+3.34, +2.619, +0.166,+0.960
1580777460,+3.34, +2.672, +0.165,+0.960
1580777520,+3.34, +2.683, +0.165,+0.960
1580777580,+3.34, +2.704, +0.165,+0.960
1580777640,+3.34, +2.683, +0.166,+0.960
1580777700,+3.34, +2.683, +0.163,+0.960
1580777760,+3.34, +2.683, +0.167,+0.960
1580777820,+3.34, +2.672, +0.165,+0.960
1580777880,+3.34, +2.672, +0.166,+0.960
1580777940,+3.34, +2.661, +0.165,+0.960
1580778000,+3.34, +2.715, +0.164,+0.960
1580778060,+3.34, +2.672, +0.165,+0.960
1580778120,+3.34, +2.715, +0.166,+0.960
1580778180,+3.34, +2.704, +0.163,+0.960
1580778240,+3.34, +2.683, +0.164,+0.960
1580778300,+3.34, +2.694, +0.165,+0.960
1580778360,+3.34, +2.683, +0.164,+0.960
1580778420,+3.34, +2.694, +0.165,+0.960
1580778480,+3.34, +2.672, +0.167,+0.960
1580778540,+3.34, +2.672, +0.166,+0.960
1580778600,+3.34, +2.694, +0.165,+0.960
1580778660,+3.34, +2.651, +0.166,+0.960
1580778720,+3.34, +2.694, +0.165,+0.960
1580778780,+3.34, +2.661, +0.164,+0.960
1580778840,+3.34, +2.661, +0.166,+0.960
1580778900,+3.34, +2.694, +0.164,+0.960
1580778960,+3.34, +2.661, +0.165,+0.960
1580779020,+3.34, +2.672, +0.167,+0.960
1580779080,+3.34, +2.683, +0.165,+0.960
1580779140,+3.34, +2.608, +0.166,+0.960
1580779200,+3.34, +2.672, +0.165,+0.960
1580779260,+3.34, +2.672, +0.164,+0.960
1580779320,+3.34, +2.694, +0.165,+0.960
1580779380,+3.34, +2.683, +0.164,+0.960
1580779440,+3.34, +2.661, +0.166,+0.960
1580779500,+3.34, +2.683, +0.166,+0.960
1580779560,+3.34, +2.629, +0.167,+0.960
1580779620,+3.33, +2.694, +0.164,+0.960
1580779680,+3.34, +2.704, +0.164,+0.960
1580779740,+3.34, +2.672, +0.165,+0.960
1580779800,+3.34, +2.661, +0.164,+0.960
1580779860,+3.34, +2.672, +0.166,+0.960
1580779920,+3.34, +2.672, +0.168,+0.960
1580779980,+3.34, +2.683, +0.166,+0.960
1580780040,+3.34, +2.694, +0.166,+0.960
1580780100,+3.34, +2.694, +0.166,+0.960
1580780160,+3.34, +2.694, +0.165,+0.960
1580780220,+3.34, +2.683, +0.165,+0.960
1580780280,+3.34, +2.651, +0.166,+0.960
1580780340,+3.33, +2.672, +0.167,+0.960
1580780400,+3.34, +2.694, +0.164,+0.960
1580780460,+3.34, +2.661, +0.167,+0.960
1580780520,+3.34, +2.694, +0.166,+0.960
1580780580,+3.34, +2.672, +0.164,+0.960
1580780640,+3.34, +2.683, +0.165,+0.960
1580780700,+3.34, +2.629, +0.167,+0.960
1580780760,+3.34, +2.694, +0.165,+0.960
1580780820,+3.34, +2.683, +0.165,+0.960
1580780880,+3.34, +2.683, +0.165,+0.960
1580780940,+3.34, +2.694, +0.164,+0.960
1580781000,+3.34, +2.683, +0.165,+0.960
1580781060,+3.34, +2.651, +0.166,+0.960
1580781120,+3.34, +2.683, +0.165,+0.960
1580781180,+3.34, +2.672, +0.165,+0.960
1580781240,+3.34, +2.661, +0.166,+0.960
1580781300,+3.34, +2.629, +0.167,+0.960
1580781360,+3.34, +2.651, +0.167,+0.960
1580781420,+3.34, +2.672, +0.165,+0.960
1580781480,+3.34, +2.672, +0.167,+0.960
1580781540,+3.34, +2.672, +0.167,+0.960
1580781600,+3.34, +2.683, +0.164,+0.960
1580781660,+3.34, +2.661, +0.165,+0.960
1580781720,+3.34, +2.651, +0.164,+0.960
1580781780,+3.34, +2.640, +0.165,+0.960
1580781840,+3.34, +2.672, +0.167,+0.960
1580781900,+3.34, +2.672, +0.165,+0.960
1580781960,+3.34, +2.661, +0.166,+0.960
1580782020,+3.34, +2.661, +0.165,+0.960
1580782080,+3.34, +2.661, +0.166,+0.960
1580782140,+3.34, +2.683, +0.165,+0.960
1580782200,+3.34, +2.672, +0.166,+0.960
1580782260,+3.34, +2.672, +0.165,+0.960
1580782320,+3.34, +2.683, +0.166,+0.960
1580782380,+3.34, +2.672, +0.166,+0.960
1580782440,+3.34, +2.661, +0.165,+0.960
1580782500,+3.34, +2.694, +0.166,+0.960
1580782560,+3.34, +2.694, +0.166,+0.960
1580782620,+3.34, +2.672, +0.165,+0.960
1580782680,+3.34, +2.661, +0.163,+0.960
1580782740,+3.34, +2.661, +0.166,+0.960
1580782800,+3.34, +2.661, +0.166,+0.960
1580782860,+3.34, +2.694, +0.164,+0.960
1580782920,+3.34, +2.683, +0.166,+0.960
1580782980,+3.34, +2.672, +0.165,+0.960
1580783040,+3.34, +2.661, +0.164,+0.960
1580783100,+3.34, +2.672, +0.165,+0.960
1580783160,+3.34, +2.672, +0.165,+0.960
1580783220,+3.34, +2.683, +0.164,+0.960
1580783280,+3.34, +2.672, +0.165,+0.960
1580783340,+3.34, +2.651, +0.165,+0.960
1580783400,+3.34, +2.683, +0.165,+0.960
1580783460,+3.34, +2.661, +0.166,+0.960
1580783520,+3.34, +2.672, +0.164,+0.960
1580783580,+3.34, +2.661, +0.167,+0.960
1580783640,+3.34, +2.683, +0.165,+0.960
1580783700,+3.34, +2.651, +0.166,+0.960
1580783760,+3.34, +2.661, +0.164,+0.960
1580783820,+3.34, +2.651, +0.165,+0.960
1580783880,+3.34, +2.651, +0.166,+0.960
1580783940,+3.34, +2.651, +0.165,+0.960
1580784000,+3.34, +2.672, +0.165,+0.960
1580784060,+3.34, +2.651, +0.166,+0.960
1580784120,+3.34, +2.619, +0.167,+0.960
1580784180,+3.34, +2.661, +0.164,+0.960
1580784240,+3.34, +2.661, +0.166,+0.960
1580784300,+3.34, +2.640, +0.167,+0.960
1580784360,+3.34, +2.672, +0.166,+0.960
1580784420,+3.34, +2.661, +0.166,+0.960
1580784480,+3.34, +2.661, +0.166,+0.960
1580784540,+3.34, +2.640, +0.166,+0.960
1580784600,+3.34, +2.661, +0.165,+0.960
1580784660,+3.34, +2.672, +0.166,+0.960
1580784720,+3.34, +2.661, +0.166,+0.960
1580784780,+3.34, +2.640, +0.166,+0.960
1580784840,+3.34, +2.683, +0.165,+0.960
1580784900,+3.34, +2.640, +0.165,+0.960
1580784960,+3.34, +2.672, +0.165,+0.960
1580785020,+3.34, +2.672, +0.165,+0.960
1580785080,+3.34, +2.651, +0.167,+0.960
1580785140,+3.34, +2.661, +0.165,+0.960
1580785200,+3.34, +2.661, +0.166,+0.960
1580785260,+3.34, +2.683, +0.167,+0.960
1580785320,+3.34, +2.694, +0.166,+0.960
1580785380,+3.34, +2.704, +0.165,+0.960
1580785440,+3.34, +2.683, +0.165,+0.960
1580785500,+3.34, +2.672, +0.164,+0.960
1580785560,+3.34, +2.672, +0.166,+0.960
1580785620,+3.34, +2.683, +0.165,+0.960
1580785680,+3.34, +2.683, +0.167,+0.960
1580785740,+3.34, +2.672, +0.165,+0.960
1580785800,+3.34, +2.661, +0.166,+0.960
1580785860,+3.34, +2.672, +0.166,+0.960
1580785920,+3.34, +2.672, +0.166,+0.960
1580785980,+3.34, +2.672, +0.164,+0.960
1580786040,+3.34, +2.683, +0.166,+0.960
1580786100,+3.34, +2.683, +0.166,+0.960
1580786160,+3.34, +2.683, +0.165,+0.960
1580786220,+3.34, +2.640, +0.166,+0.960
1580786280,+3.34, +2.683, +0.166,+0.960
1580786340,+3.34, +2.672, +0.166,+0.960
1580786400,+3.34, +2.661, +0.166,+0.960
1580786460,+3.34, +2.672, +0.165,+0.960
1580786520,+3.34, +2.672, +0.165,+0.960
1580786580,+3.34, +2.672, +0.165,+0.960
1580786640,+3.34, +2.651, +0.165,+0.960
1580786700,+3.34, +2.683, +0.165,+0.960
1580786760,+3.34, +2.608, +0.165,+0.960
1580786820,+3.34, +2.672, +0.166,+0.960
1580786880,+3.34, +2.651, +0.164,+0.960
1580786940,+3.34, +2.661, +0.166,+0.960
1580787000,+3.34, +2.661, +0.165,+0.960
1580787060,+3.34, +2.661, +0.165,+0.960
1580787120,+3.34, +2.661, +0.166,+0.960
1580787180,+3.34, +2.651, +0.166,+0.960
1580787240,+3.34, +2.661, +0.165,+0.960
1580787300,+3.34, +2.672, +0.166,+0.960
1580787360,+3.34, +2.683, +0.164,+0.960
1580787420,+3.34, +2.672, +0.165,+0.960
1580787480,+3.34, +2.661, +0.164,+0.960
1580787540,+3.34, +2.672, +0.165,+0.960
1580787600,+3.34, +2.672, +0.166,+0.960
1580787660,+3.34, +2.672, +0.165,+0.960
1580787720,+3.34, +2.661, +0.165,+0.960
1580787780,+3.34, +2.651, +0.165,+0.960
1580787840,+3.34, +2.651, +0.166,+0.960
1580787900,+3.34, +2.651, +0.166,+0.960
1580787960,+3.34, +2.661, +0.166,+0.960
1580788020,+3.34, +2.683, +0.163,+0.960
1580788080,+3.34, +2.672, +0.164,+0.960
1580788140,+3.34, +2.651, +0.166,+0.960
1580788200,+3.34, +2.640, +0.164,+0.960
1580788260,+3.34, +2.661, +0.166,+0.960
1580788320,+3.34, +2.694, +0.163,+0.960
1580788380,+3.34, +2.661, +0.167,+0.960
1580788440,+3.34, +2.661, +0.164,+0.960
1580788500,+3.34, +2.640, +0.165,+0.960
1580788560,+3.34, +2.629, +0.165,+0.960
1580788620,+3.34, +2.661, +0.165,+0.960
1580788680,+3.34, +2.661, +0.165,+0.960
1580788740,+3.34, +2.640, +0.166,+0.960
1580788800,+3.34, +2.640, +0.166,+0.960
1580788860,+3.34, +2.683, +0.164,+0.960
1580788920,+3.34, +2.672, +0.165,+0.960
1580788980,+3.34, +2.661, +0.166,+0.960
1580789040,+3.34, +2.661, +0.166,+0.960
1580789100,+3.34, +2.672, +0.164,+0.960
1580789160,+3.34, +2.651, +0.165,+0.960
1580789220,+3.34, +2.661, +0.165,+0.960
1580789280,+3.34, +2.672, +0.165,+0.960
1580789340,+3.34, +2.651, +0.165,+0.960
1580789400,+3.34, +2.661, +0.164,+0.960
1580789460,+3.34, +2.661, +0.166,+0.960
1580789520,+3.34, +2.661, +0.166,+0.960
1580789580,+3.34, +2.672, +0.165,+0.960
1580789640,+3.34, +2.640, +0.166,+0.960
1580789700,+3.34, +2.640, +0.168,+0.960
1580789760,+3.34, +2.661, +0.165,+0.960
1580789820,+3.34, +2.640, +0.166,+0.960
1580789880,+3.34, +2.640, +0.164,+0.960
1580789940,+3.34, +2.661, +0.165,+0.960
1580790000,+3.34, +2.629, +0.165,+0.960
1580790060,+3.34, +2.683, +0.163,+0.960
1580790120,+3.34, +2.672, +0.164,+0.960
1580790180,+3.34, +2.661, +0.166,+0.960
1580790240,+3.34, +2.661, +0.165,+0.960
1580790300,+3.34, +2.683, +0.165,+0.960
1580790360,+3.34, +2.640, +0.166,+0.960
1580790420,+3.34, +2.661, +0.167,+0.960
1580790480,+3.34, +2.651, +0.166,+0.960
1580790540,+3.34, +2.672, +0.166,+0.960
1580790600,+3.34, +2.661, +0.165,+0.960
1580790660,+3.34, +2.651, +0.164,+0.960
1580790720,+3.34, +2.651, +0.166,+0.960
1580790780,+3.34, +2.683, +0.164,+0.960
1580790840,+3.34, +2.640, +0.165,+0.960
1580790900,+3.34, +2.640, +0.166,+0.960
1580790960,+3.34, +2.651, +0.165,+0.960
1580791020,+3.34, +2.651, +0.165,+0.960
1580791080,+3.34, +2.640, +0.166,+0.960
1580791140,+3.34, +2.672, +0.165,+0.960
1580791200,+3.34, +2.661, +0.166,+0.960
1580791260,+3.34, +2.651, +0.166,+0.960
1580791320,+3.34, +2.640, +0.166,+0.960
1580791380,+3.34, +2.651, +0.166,+0.960
1580791440,+3.34, +2.661, +0.167,+0.960
1580791500,+3.34, +2.661, +0.166,+0.960
1580791560,+3.34, +2.651, +0.164,+0.960
1580791620,+3.34, +2.661, +0.164,+0.960
1580791680,+3.34, +2.661, +0.166,+0.960
1580791740,+3.34, +2.651, +0.166,+0.960
1580791800,+3.34, +2.629, +0.166,+0.960
1580791860,+3.34, +2.661, +0.164,+0.960
1580791920,+3.34, +2.672, +0.166,+0.960
1580791980,+3.34, +2.651, +0.166,+0.960
1580792040,+3.34, +2.651, +0.166,+0.960
1580792100,+3.34, +2.651, +0.166,+0.960
1580792160,+3.34, +2.651, +0.166,+0.960
1580792220,+3.34, +2.629, +0.167,+0.960
1580792280,+3.34, +2.661, +0.166,+0.960
1580792340,+3.34, +2.661, +0.165,+0.960
1580792400,+3.34, +2.661, +0.164,+0.960
1580792460,+3.34, +2.672, +0.163,+0.960
1580792520,+3.34, +2.661, +0.165,+0.960
1580792580,+3.34, +2.672, +0.165,+0.960
1580792640,+3.34, +2.651, +0.165,+0.960
1580792700,+3.34, +2.661, +0.165,+0.960
1580792760,+3.34, +2.661, +0.165,+0.960
1580792820,+3.34, +2.683, +0.165,+0.960
1580792880,+3.34, +2.640, +0.164,+0.960
1580792940,+3.34, +2.694, +0.165,+0.960
1580793000,+3.34, +2.629, +0.166,+0.960
1580793060,+3.34, +2.651, +0.167,+0.960
1580793120,+3.34, +2.672, +0.166,+0.960
1580793180,+3.34, +2.640, +0.166,+0.960
1580793240,+3.34, +2.661, +0.164,+0.960
1580793300,+3.34, +2.661, +0.165,+0.960
1580793360,+3.34, +2.640, +0.167,+0.960
1580793420,+3.34, +2.661, +0.166,+0.960
1580793480,+3.34, +2.661, +0.165,+0.960
1580793540,+3.34, +2.661, +0.165,+0.960
1580793600,+3.34, +2.651, +0.165,+0.960
1580793660,+3.34, +2.661, +0.166,+0.960
1580793720,+3.34, +2.672, +0.166,+0.960
1580793780,+3.34, +2.640, +0.165,+0.960
1580793840,+3.34, +2.651, +0.166,+0.960
1580793900,+3.34, +2.651, +0.166,+0.960
1580793960,+3.34, +2.672, +0.165,+0.960
1580794020,+3.34, +2.651, +0.165,+0.960
1580794080,+3.34, +2.672, +0.165,+0.960
1580794140,+3.34, +2.651, +0.165,+0.960
1580794200,+3.34, +2.619, +0.166,+0.960
1580794260,+3.34, +2.672, +0.165,+0.960
1580794320,+3.34, +2.629, +0.166,+0.960
1580794380,+3.34, +2.629, +0.166,+0.960
1580794440,+3.34, +2.651, +0.165,+0.960
1580794500,+3.34, +2.629, +0.165,+0.960
1580794560,+3.34, +2.651, +0.166,+0.960
1580794620,+3.34, +2.661, +0.165,+0.960
1580794680,+3.34, +2.651, +0.165,+0.960
1580794740,+3.34, +2.672, +0.165,+0.960
1580794800,+3.34, +2.661, +0.164,+0.960
1580794860,+3.34, +2.651, +0.165,+0.960
1580794920,+3.34, +2.661, +0.167,+0.960
1580794980,+3.34, +2.694, +0.165,+0.960
1580795040,+3.34, +2.661, +0.164,+0.960
1580795100,+3.34, +2.651, +0.166,+0.960
1580795160,+3.34, +2.672, +0.166,+0.960
1580795220,+3.34, +2.661, +0.164,+0.960
1580795280,+3.34, +2.683, +0.164,+0.960
1580795340,+3.34, +2.651, +0.167,+0.960
1580795400,+3.34, +2.629, +0.167,+0.960
1580795460,+3.34, +2.672, +0.167,+0.960
1580795520,+3.34, +2.640, +0.165,+0.960
1580795580,+3.34, +2.629, +0.167,+0.960
1580795640,+3.34, +2.629, +0.166,+0.960
1580795700,+3.34, +2.672, +0.164,+0.960
1580795760,+3.34, +2.672, +0.166,+0.960
1580795820,+3.34, +2.640, +0.165,+0.960
1580795880,+3.34, +2.661, +0.165,+0.960
1580795940,+3.34, +2.651, +0.165,+0.960
1580796000,+3.34, +2.651, +0.165,+0.960
1580796060,+3.34, +2.640, +0.164,+0.960
1580796120,+3.34, +2.640, +0.164,+0.960
1580796180,+3.34, +2.661, +0.165,+0.960
1580796240,+3.34, +2.629, +0.165,+0.960
1580796300,+3.34, +2.694, +0.164,+0.960
1580796360,+3.34, +2.683, +0.165,+0.960
1580796420,+3.34, +2.651, +0.165,+0.960
1580796480,+3.34, +2.640, +0.165,+0.960
1580796540,+3.34, +2.640, +0.165,+0.960
1580796600,+3.34, +2.651, +0.165,+0.960
1580796660,+3.34, +2.640, +0.166,+0.960
1580796720,+3.34, +2.651, +0.166,+0.960
1580796780,+3.34, +2.661, +0.165,+0.960
1580796840,+3.34, +2.629, +0.166,+0.960
1580796900,+3.34, +2.640, +0.166,+0.960
1580796960,+3.34, +2.640, +0.167,+0.960
1580797020,+3.33, +2.661, +0.165,+0.960
1580797080,+3.34, +2.672, +0.165,+0.960
1580797140,+3.34, +2.661, +0.166,+0.960
1580797200,+3.34, +2.651, +0.165,+0.960
1580797260,+3.34, +2.651, +0.166,+0.960
1580797320,+3.34, +2.629, +0.165,+0.960
1580797380,+3.34, +2.661, +0.165,+0.960
1580797440,+3.34, +2.661, +0.166,+0.960
1580797500,+3.34, +2.683, +0.164,+0.960
1580797560,+3.33, +2.672, +0.164,+0.960
1580797620,+3.34, +2.651, +0.166,+0.960
1580797680,+3.34, +2.661, +0.165,+0.960
1580797740,+3.34, +2.661, +0.166,+0.960
1580797800,+3.33, +2.640, +0.165,+0.960
1580797860,+3.34, +2.661, +0.167,+0.960
1580797920,+3.34, +2.651, +0.164,+0.960
1580797980,+3.34, +2.661, +0.165,+0.960
1580798040,+3.34, +2.661, +0.165,+0.960
1580798100,+3.34, +2.651, +0.164,+0.960
1580798160,+3.34, +2.661, +0.165,+0.960
1580798220,+3.34, +2.672, +0.166,+0.960
1580798280,+3.34, +2.672, +0.166,+0.960
1580798340,+3.34, +2.651, +0.165,+0.960
1580798400,+3.34, +2.672, +0.166,+0.960
1580798460,+3.34, +2.640, +0.165,+0.960
1580798520,+3.34, +2.629, +0.165,+0.960
1580798580,+3.34, +2.672, +0.166,+0.960
1580798640,+3.34, +2.640, +0.166,+0.960
1580798700,+3.34, +2.661, +0.166,+0.960
1580798760,+3.34, +2.651, +0.167,+0.960
1580798820,+3.34, +2.661, +0.165,+0.960
1580798880,+3.34, +2.640, +0.165,+0.960
1580798940,+3.34, +2.619, +0.166,+0.960
1580799000,+3.34, +2.651, +0.165,+0.960
1580799060,+3.34, +2.661, +0.165,+0.960
1580799120,+3.34, +2.661, +0.165,+0.960
1580799180,+3.34, +2.661, +0.166,+0.960
1580799240,+3.34, +2.651, +0.167,+0.960
1580799300,+3.34, +2.651, +0.166,+0.960
1580799360,+3.34, +2.651, +0.167,+0.960
1580799420,+3.34, +2.661, +0.165,+0.960
1580799480,+3.34, +2.661, +0.164,+0.960
1580799540,+3.34, +2.661, +0.166,+0.960
1580799600,+3.34, +2.661, +0.166,+0.960
1580799660,+3.34, +2.672, +0.166,+0.960
1580799720,+3.34, +2.619, +0.168,+0.960
1580799780,+3.33, +2.661, +0.165,+0.960
1580799840,+3.34, +2.661, +0.163,+0.960
1580799900,+3.34, +2.661, +0.165,+0.960
1580799960,+3.34, +2.672, +0.165,+0.960
1580800020,+3.34, +2.640, +0.166,+0.960
1580800080,+3.34, +2.651, +0.165,+0.960
1580800140,+3.33, +2.651, +0.166,+0.960
1580800200,+3.34, +2.651, +0.166,+0.960
1580800260,+3.34, +2.661, +0.166,+0.960
1580800320,+3.34, +2.651, +0.166,+0.960
1580800380,+3.34, +2.629, +0.165,+0.960
1580800440,+3.34, +2.640, +0.165,+0.960
1580800500,+3.34, +2.661, +0.167,+0.960
1580800560,+3.34, +2.640, +0.164,+0.960
1580800620,+3.34, +2.629, +0.166,+0.960
1580800680,+3.34, +2.651, +0.165,+0.960
1580800740,+3.34, +2.661, +0.164,+0.960
1580800800,+3.34, +2.661, +0.164,+0.960
1580800860,+3.34, +2.651, +0.166,+0.960
1580800920,+3.34, +2.640, +0.166,+0.960
1580800980,+3.34, +2.683, +0.164,+0.960
1580801040,+3.34, +2.651, +0.166,+0.960
1580801100,+3.34, +2.672, +0.165,+0.960
1580801160,+3.34, +2.640, +0.165,+0.960
1580801220,+3.34, +2.651, +0.166,+0.960
1580801280,+3.34, +2.651, +0.167,+0.960
1580801340,+3.34, +2.651, +0.165,+0.960
1580801400,+3.33, +2.661, +0.165,+0.960
1580801460,+3.34, +2.672, +0.166,+0.960
1580801520,+3.34, +2.661, +0.164,+0.960
1580801580,+3.34, +2.640, +0.164,+0.960
1580801640,+3.34, +2.672, +0.164,+0.960
1580801700,+3.34, +2.672, +0.164,+0.960
1580801760,+3.34, +2.629, +0.164,+0.960
1580801820,+3.34, +2.651, +0.165,+0.960
1580801880,+3.34, +2.683, +0.164,+0.960
1580801940,+3.34, +2.661, +0.166,+0.960
1580802000,+3.34, +2.651, +0.166,+0.960
1580802060,+3.34, +2.661, +0.166,+0.960
1580802120,+3.34, +2.651, +0.166,+0.960
1580802180,+3.34, +2.640, +0.165,+0.960
1580802240,+3.34, +2.651, +0.167,+0.960
1580802300,+3.34, +2.640, +0.165,+0.960
1580802360,+3.34, +2.640, +0.165,+0.960
1580802420,+3.34, +2.661, +0.164,+0.960
1580802480,+3.34, +2.661, +0.165,+0.960
1580802540,+3.34, +2.651, +0.166,+0.960
1580802600,+3.34, +2.661, +0.165,+0.960
1580802660,+3.34, +2.629, +0.166,+0.960
1580802720,+3.34, +2.640, +0.165,+0.960
1580802780,+3.34, +2.640, +0.165,+0.960
1580802840,+3.34, +2.640, +0.165,+0.960
1580802900,+3.34, +2.640, +0.165,+0.960
1580802960,+3.34, +2.672, +0.166,+0.960
1580803020,+3.34, +2.661, +0.165,+0.960
1580803080,+3.34, +2.661, +0.165,+0.960
1580803140,+3.34, +2.661, +0.164,+0.960
1580803200,+3.34, +2.661, +0.166,+0.960
1580803260,+3.34, +2.629, +0.166,+0.960
1580803320,+3.34, +2.640, +0.165,+0.960
1580803380,+3.34, +2.651, +0.165,+0.960
1580803440,+3.34, +2.651, +0.165,+0.960
1580803500,+3.34, +2.651, +0.165,+0.960
1580803560,+3.34, +2.619, +0.166,+0.960
1580803620,+3.34, +2.661, +0.165,+0.960
1580803680,+3.34, +2.651, +0.165,+0.960
1580803740,+3.34, +2.640, +0.165,+0.960
1580803800,+3.34, +2.640, +0.165,+0.960
1580803860,+3.34, +2.651, +0.165,+0.960
1580803920,+3.34, +2.651, +0.166,+0.960
1580803980,+3.34, +2.651, +0.168,+0.960
1580804040,+3.34, +2.651, +0.166,+0.960
1580804100,+3.34, +2.629, +0.165,+0.960
1580804160,+3.34, +2.651, +0.163,+0.960
1580804220,+3.34, +2.640, +0.164,+0.960
1580804280,+3.34, +2.629, +0.165,+0.960
1580804340,+3.34, +2.586, +0.166,+0.960
1580804400,+3.34, +2.629, +0.165,+0.960
1580804460,+3.34, +2.651, +0.165,+0.960
1580804520,+3.34, +2.661, +0.166,+0.960
1580804580,+3.34, +2.629, +0.167,+0.960
1580804640,+3.34, +2.640, +0.165,+0.960
1580804700,+3.34, +2.629, +0.167,+0.960
1580804760,+3.34, +2.651, +0.165,+0.960
1580804820,+3.34, +2.661, +0.165,+0.960
1580804880,+3.34, +2.629, +0.165,+0.960
1580804940,+3.34, +2.661, +0.165,+0.960
1580805000,+3.34, +2.651, +0.164,+0.960
1580805060,+3.34, +2.661, +0.166,+0.960
1580805120,+3.34, +2.661, +0.166,+0.960
1580805180,+3.34, +2.640, +0.165,+0.960
1580805240,+3.34, +2.683, +0.164,+0.960
1580805300,+3.34, +2.629, +0.166,+0.960
1580805360,+3.34, +2.661, +0.164,+0.960
1580805420,+3.34, +2.640, +0.167,+0.960
1580805480,+3.34, +2.629, +0.164,+0.960
1580805540,+3.34, +2.661, +0.164,+0.960
1580805600,+3.34, +2.640, +0.166,+0.960
1580805660,+3.34, +2.576, +0.166,+0.960
1580805720,+3.34, +2.651, +0.165,+0.960
1580805780,+3.34, +2.661, +0.166,+0.960
1580805840,+3.34, +2.629, +0.165,+0.960
1580805900,+3.34, +2.661, +0.166,+0.960
1580805960,+3.34, +2.640, +0.165,+0.960
1580806020,+3.34, +2.640, +0.165,+0.960
1580806080,+3.34, +2.640, +0.167,+0.960
1580806140,+3.34, +2.661, +0.164,+0.960
1580806200,+3.34, +2.661, +0.166,+0.960
1580806260,+3.33, +2.629, +0.166,+0.960
1580806320,+3.34, +2.651, +0.167,+0.960
1580806380,+3.34, +2.651, +0.165,+0.960
1580806440,+3.34, +2.661, +0.166,+0.960
1580806500,+3.34, +2.640, +0.165,+0.960
1580806560,+3.34, +2.619, +0.167,+0.960
1580806620,+3.34, +2.661, +0.165,+0.960
1580806680,+3.34, +2.661, +0.165,+0.960
1580806740,+3.34, +2.640, +0.165,+0.960
1580806800,+3.34, +2.651, +0.166,+0.960
1580806860,+3.34, +2.694, +0.164,+0.960
1580806920,+3.34, +2.640, +0.165,+0.960
1580806980,+3.34, +2.661, +0.165,+0.960
1580807040,+3.34, +2.651, +0.166,+0.960
1580807100,+3.34, +2.651, +0.166,+0.960
1580807160,+3.34, +2.661, +0.165,+0.960
1580807220,+3.34, +2.640, +0.163,+0.960
1580807280,+3.34, +2.640, +0.166,+0.960
1580807340,+3.34, +2.640, +0.164,+0.960
1580807400,+3.34, +2.651, +0.166,+0.960
1580807460,+3.34, +2.661, +0.165,+0.960
1580807520,+3.34, +2.672, +0.164,+0.960
1580807580,+3.34, +2.672, +0.164,+0.960
1580807640,+3.34, +2.640, +0.166,+0.960
1580807700,+3.34, +2.640, +0.165,+0.960
1580807760,+3.34, +2.640, +0.165,+0.960
1580807820,+3.34, +2.661, +0.165,+0.960
1580807880,+3.34, +2.672, +0.165,+0.960
1580807940,+3.34, +2.640, +0.166,+0.960
1580808000,+3.34, +2.629, +0.165,+0.960
1580808060,+3.34, +2.640, +0.165,+0.960
1580808120,+3.34, +2.629, +0.167,+0.960
1580808180,+3.34, +2.661, +0.165,+0.960
1580808240,+3.34, +2.651, +0.167,+0.960
1580808300,+3.34, +2.651, +0.165,+0.960
1580808360,+3.34, +2.651, +0.164,+0.960
1580808420,+3.34, +2.640, +0.165,+0.960
1580808480,+3.34, +2.640, +0.168,+0.960
1580808540,+3.34, +2.651, +0.164,+0.960
1580808600,+3.34, +2.661, +0.166,+0.960
1580808660,+3.34, +2.651, +0.162,+0.960
1580808720,+3.34, +2.640, +0.165,+0.960
1580808780,+3.34, +2.597, +0.165,+0.960
1580808840,+3.34, +2.661, +0.165,+0.960
1580808900,+3.34, +2.629, +0.166,+0.960
1580808960,+3.34, +2.651, +0.166,+0.960
1580809020,+3.34, +2.651, +0.165,+0.960
1580809080,+3.34, +2.651, +0.165,+0.960
1580809140,+3.34, +2.629, +0.167,+0.960
1580809200,+3.34, +2.629, +0.167,+0.960
1580809260,+3.34, +2.651, +0.167,+0.960
1580809320,+3.34, +2.683, +0.165,+0.960
1580809380,+3.34, +2.597, +0.166,+0.960
1580809440,+3.34, +2.640, +0.165,+0.960
1580809500,+3.34, +2.651, +0.164,+0.960
1580809560,+3.34, +2.629, +0.166,+0.960
1580809620,+3.34, +2.672, +0.165,+0.960
1580809680,+3.34, +2.661, +0.164,+0.960
1580809740,+3.34, +2.672, +0.165,+0.960
1580809800,+3.34, +2.640, +0.165,+0.960
1580809860,+3.34, +2.661, +0.165,+0.960
1580809920,+3.34, +2.629, +0.165,+0.960
1580809980,+3.34, +2.640, +0.166,+0.960
1580810040,+3.34, +2.651, +0.164,+0.960
1580810100,+3.34, +2.640, +0.163,+0.960
1580810160,+3.34, +2.651, +0.165,+0.960
1580810220,+3.34, +2.651, +0.165,+0.960
1580810280,+3.34, +2.683, +0.166,+0.960
1580810340,+3.34, +2.619, +0.168,+0.960
1580810400,+3.34, +2.651, +0.165,+0.960
1580810460,+3.34, +2.651, +0.165,+0.960
1580810520,+3.34, +2.651, +0.166,+0.960
1580810580,+3.34, +2.608, +0.166,+0.960
1580810640,+3.34, +2.651, +0.166,+0.960
1580810700,+3.34, +2.672, +0.163,+0.960
1580810760,+3.34, +2.619, +0.166,+0.960
1580810820,+3.34, +2.651, +0.165,+0.960
1580810880,+3.34, +2.640, +0.166,+0.960
1580810940,+3.34, +2.619, +0.166,+0.960
1580811000,+3.34, +2.651, +0.165,+0.960
1580811060,+3.34, +2.651, +0.164,+0.960
1580811120,+3.34, +2.629, +0.166,+0.960
1580811180,+3.34, +2.651, +0.165,+0.960
1580811240,+3.34, +2.651, +0.166,+0.960
1580811300,+3.34, +2.640, +0.166,+0.960
1580811360,+3.34, +2.629, +0.166,+0.960
1580811420,+3.34, +2.661, +0.164,+0.960
1580811480,+3.34, +2.661, +0.165,+0.960
1580811540,+3.34, +2.640, +0.167,+0.960
1580811600,+3.34, +2.651, +0.165,+0.960
1580811660,+3.34, +2.651, +0.164,+0.960
1580811720,+3.34, +2.672, +0.166,+0.960
1580811780,+3.34, +2.640, +0.163,+0.960
1580811840,+3.34, +2.629, +0.165,+0.960
1580811900,+3.34, +2.640, +0.167,+0.960
1580811960,+3.34, +2.629, +0.165,+0.960
1580812020,+3.34, +2.629, +0.166,+0.960
1580812080,+3.34, +2.704, +0.166,+0.960
1580812140,+3.34, +2.586, +0.166,+0.960
1580812200,+3.34, +2.640, +0.166,+0.960
1580812260,+3.34, +2.619, +0.165,+0.960
1580812320,+3.34, +2.640, +0.167,+0.960
1580812380,+3.34, +2.619, +0.165,+0.960
1580812440,+3.34, +2.651, +0.166,+0.960
1580812500,+3.34, +2.694, +0.163,+0.960
1580812560,+3.34, +2.629, +0.165,+0.960
1580812620,+3.34, +2.608, +0.167,+0.960
1580812680,+3.34, +2.629, +0.166,+0.960
1580812740,+3.34, +2.651, +0.163,+0.960
1580812800,+3.34, +2.629, +0.165,+0.960
1580812860,+3.34, +2.651, +0.165,+0.960
1580812920,+3.34, +2.608, +0.166,+0.960
1580812980,+3.34, +2.651, +0.168,+0.960
1580813040,+3.34, +2.640, +0.166,+0.960
1580813100,+3.34, +2.640, +0.165,+0.960
1580813160,+3.34, +2.651, +0.164,+0.960
1580813220,+3.34, +2.651, +0.164,+0.960
1580813280,+3.34, +2.597, +0.166,+0.960
1580813340,+3.34, +2.651, +0.166,+0.960
1580813400,+3.34, +2.661, +0.167,+0.960
1580813460,+3.34, +2.608, +0.167,+0.960
1580813520,+3.34, +2.651, +0.165,+0.960
1580813580,+3.34, +2.651, +0.166,+0.960
1580813640,+3.34, +2.619, +0.166,+0.960
1580813700,+3.34, +2.651, +0.164,+0.960
1580813760,+3.34, +2.651, +0.164,+0.960
1580813820,+3.34, +2.629, +0.165,+0.960
1580813880,+3.34, +2.629, +0.165,+0.960
1580813940,+3.34, +2.651, +0.165,+0.960
1580814000,+3.34, +2.640, +0.163,+0.960
1580814060,+3.34, +2.651, +0.166,+0.960
1580814120,+3.34, +2.661, +0.167,+0.960
1580814180,+3.34, +2.651, +0.165,+0.960
1580814240,+3.34, +2.651, +0.165,+0.960
1580814300,+3.34, +2.629, +0.166,+0.960
1580814360,+3.34, +2.651, +0.166,+0.960
1580814420,+3.34, +2.651, +0.165,+0.960
1580814480,+3.34, +2.629, +0.167,+0.960
1580814540,+3.34, +2.661, +0.166,+0.960
1580814600,+3.34, +2.640, +0.165,+0.960
1580814660,+3.34, +2.651, +0.164,+0.960
1580814720,+3.34, +2.640, +0.167,+0.960
1580814780,+3.34, +2.629, +0.166,+0.960
1580814840,+3.34, +2.640, +0.168,+0.960
1580814900,+3.34, +2.640, +0.165,+0.960
1580814960,+3.34, +2.629, +0.166,+0.960
1580815020,+3.34, +2.640, +0.164,+0.960
1580815080,+3.34, +2.640, +0.167,+0.960
1580815140,+3.34, +2.629, +0.165,+0.960
1580815200,+3.34, +2.629, +0.167,+0.960
1580815260,+3.34, +2.651, +0.166,+0.960
1580815320,+3.34, +2.651, +0.165,+0.960
1580815380,+3.34, +2.661, +0.166,+0.960
1580815440,+3.34, +2.640, +0.166,+0.960
1580815500,+3.33, +2.640, +0.167,+0.960
1580815560,+3.34, +2.629, +0.165,+0.960
1580815620,+3.34, +2.619, +0.166,+0.960
1580815680,+3.34, +2.629, +0.166,+0.960
1580815740,+3.34, +2.640, +0.167,+0.960
1580815800,+3.34, +2.640, +0.165,+0.960
1580815860,+3.34, +2.586, +0.165,+0.960
1580815920,+3.34, +2.651, +0.166,+0.960
1580815980,+3.34, +2.661, +0.165,+0.960
1580816040,+3.34, +2.640, +0.164,+0.960
1580816100,+3.34, +2.608, +0.166,+0.960
1580816160,+3.34, +2.651, +0.166,+0.960
1580816220,+3.34, +2.640, +0.165,+0.960
1580816280,+3.34, +2.640, +0.164,+0.960
1580816340,+3.34, +2.651, +0.166,+0.960
1580816400,+3.34, +2.640, +0.166,+0.960
1580816460,+3.34, +2.640, +0.165,+0.960
1580816520,+3.34, +2.619, +0.165,+0.960
1580816580,+3.34, +2.629, +0.166,+0.960
1580816640,+3.34, +2.640, +0.165,+0.960
1580816700,+3.34, +2.619, +0.165,+0.960
1580816760,+3.34, +2.683, +0.164,+0.960
1580816820,+3.34, +2.640, +0.167,+0.960
1580816880,+3.34, +2.629, +0.166,+0.960
1580816940,+3.34, +2.640, +0.166,+0.960
1580817000,+3.34, +2.629, +0.165,+0.960
1580817060,+3.34, +2.629, +0.165,+0.960
1580817120,+3.34, +2.651, +0.166,+0.960
1580817180,+3.34, +2.629, +0.167,+0.960
1580817240,+3.34, +2.661, +0.166,+0.960
1580817300,+3.34, +2.629, +0.165,+0.960
1580817360,+3.34, +2.661, +0.165,+0.960
1580817420,+3.34, +2.661, +0.164,+0.960
1580817480,+3.34, +2.597, +0.167,+0.960
1580817540,+3.34, +2.629, +0.165,+0.960
1580817600,+3.34, +2.651, +0.165,+0.960
1580817660,+3.34, +2.651, +0.165,+0.960
1580817720,+3.34, +2.640, +0.165,+0.960
1580817780,+3.34, +2.651, +0.164,+0.960
1580817840,+3.34, +2.619, +0.164,+0.960
1580817900,+3.34, +2.640, +0.167,+0.960
1580817960,+3.34, +2.640, +0.166,+0.960
1580818020,+3.34, +2.651, +0.165,+0.960
1580818080,+3.34, +2.629, +0.166,+0.960
1580818140,+3.34, +2.597, +0.166,+0.960
1580818200,+3.34, +2.619, +0.167,+0.960
1580818260,+3.34, +2.661, +0.164,+0.960
1580818320,+3.34, +2.629, +0.166,+0.960
1580818380,+3.34, +2.629, +0.165,+0.960
1580818440,+3.34, +2.651, +0.165,+0.960
1580818500,+3.34, +2.651, +0.165,+0.960
1580818560,+3.34, +2.640, +0.166,+0.960
1580818620,+3.34, +2.629, +0.165,+0.960
1580818680,+3.34, +2.619, +0.165,+0.960
1580818740,+3.34, +2.640, +0.165,+0.960
1580818800,+3.34, +2.629, +0.164,+0.960
1580818860,+3.34, +2.619, +0.166,+0.960
1580818920,+3.34, +2.629, +0.166,+0.960
1580818980,+3.34, +2.619, +0.167,+0.960
1580819040,+3.34, +2.640, +0.165,+0.960
1580819100,+3.34, +2.651, +0.166,+0.960
1580819160,+3.34, +2.640, +0.165,+0.960
1580819220,+3.34, +2.651, +0.165,+0.960
1580819280,+3.34, +2.629, +0.166,+0.960
1580819340,+3.34, +2.629, +0.166,+0.960
1580819400,+3.34, +2.629, +0.166,+0.960
1580819460,+3.34, +2.608, +0.165,+0.960
1580819520,+3.34, +2.651, +0.165,+0.960
1580819580,+3.34, +2.651, +0.165,+0.960
1580819640,+3.34, +2.629, +0.166,+0.960
1580819700,+3.34, +2.640, +0.166,+0.960
1580819760,+3.34, +2.640, +0.165,+0.960
1580819820,+3.34, +2.629, +0.165,+0.960
1580819880,+3.34, +2.672, +0.162,+0.960
1580819940,+3.34, +2.640, +0.164,+0.960
1580820000,+3.34, +2.640, +0.165,+0.960
1580820060,+3.34, +2.651, +0.165,+0.960
1580820120,+3.34, +2.640, +0.166,+0.960
1580820180,+3.33, +2.619, +0.165,+0.960
1580820240,+3.34, +2.629, +0.164,+0.960
1580820300,+3.34, +2.608, +0.166,+0.960
1580820360,+3.34, +2.651, +0.166,+0.960
1580820420,+3.34, +2.619, +0.166,+0.960
1580820480,+3.34, +2.629, +0.167,+0.960
1580820540,+3.34, +2.640, +0.166,+0.960
1580820600,+3.34, +2.640, +0.166,+0.960
1580820660,+3.34, +2.640, +0.165,+0.960
1580820720,+3.34, +2.640, +0.166,+0.960
1580820780,+3.34, +2.640, +0.165,+0.960
1580820840,+3.34, +2.640, +0.166,+0.960
1580820900,+3.34, +2.640, +0.166,+0.960
1580820960,+3.34, +2.651, +0.165,+0.960
1580821020,+3.34, +2.629, +0.166,+0.960
1580821080,+3.34, +2.640, +0.166,+0.960
1580821140,+3.34, +2.640, +0.166,+0.960
1580821200,+3.34, +2.629, +0.166,+0.960
1580821260,+3.34, +2.629, +0.165,+0.960
1580821320,+3.34, +2.651, +0.164,+0.960
1580821380,+3.34, +2.651, +0.165,+0.960
1580821440,+3.34, +2.629, +0.165,+0.960
1580821500,+3.34, +2.629, +0.166,+0.960
1580821560,+3.34, +2.629, +0.164,+0.960
1580821620,+3.34, +2.640, +0.164,+0.960
1580821680,+3.34, +2.629, +0.167,+0.960
1580821740,+3.34, +2.640, +0.165,+0.960
1580821800,+3.34, +2.619, +0.166,+0.960
1580821860,+3.34, +2.651, +0.164,+0.960
1580821920,+3.34, +2.640, +0.166,+0.960
1580821980,+3.34, +2.651, +0.165,+0.960
1580822040,+3.34, +2.619, +0.165,+0.960
1580822100,+3.34, +2.629, +0.167,+0.960
1580822160,+3.34, +2.651, +0.166,+0.960
1580822220,+3.34, +2.608, +0.166,+0.960
1580822280,+3.34, +2.629, +0.166,+0.960
1580822340,+3.34, +2.651, +0.167,+0.960
1580822400,+3.34, +2.640, +0.165,+0.960
1580822460,+3.34, +2.640, +0.166,+0.960
1580822520,+3.34, +2.651, +0.166,+0.960
1580822580,+3.34, +2.651, +0.165,+0.960
1580822640,+3.34, +2.629, +0.166,+0.960
1580822700,+3.34, +2.597, +0.166,+0.960
1580822760,+3.34, +2.651, +0.165,+0.960
1580822820,+3.34, +2.619, +0.166,+0.960
1580822880,+3.34, +2.629, +0.166,+0.960
1580822940,+3.34, +2.619, +0.164,+0.960
1580823000,+3.34, +2.651, +0.165,+0.960
1580823060,+3.34, +2.661, +0.165,+0.960
1580823120,+3.34, +2.629, +0.165,+0.960
1580823180,+3.34, +2.629, +0.165,+0.960
1580823240,+3.34, +2.619, +0.165,+0.960
1580823300,+3.34, +2.629, +0.166,+0.960
1580823360,+3.34, +2.629, +0.165,+0.960
1580823420,+3.34, +2.608, +0.166,+0.960
1580823480,+3.34, +2.640, +0.167,+0.960
1580823540,+3.34, +2.619, +0.166,+0.960
1580823600,+3.34, +2.640, +0.166,+0.960
1580823660,+3.34, +2.608, +0.165,+0.960
1580823720,+3.34, +2.608, +0.165,+0.960
1580823780,+3.34, +2.619, +0.166,+0.960
1580823840,+3.34, +2.629, +0.165,+0.960
1580823900,+3.34, +2.651, +0.166,+0.960
1580823960,+3.34, +2.629, +0.166,+0.960
1580824020,+3.34, +2.597, +0.167,+0.960
1580824080,+3.34, +2.651, +0.166,+0.960
1580824140,+3.34, +2.629, +0.166,+0.960
1580824200,+3.34, +2.629, +0.165,+0.960
1580824260,+3.34, +2.619, +0.166,+0.960
1580824320,+3.34, +2.619, +0.166,+0.960
1580824380,+3.34, +2.619, +0.166,+0.960
1580824440,+3.34, +2.619, +0.165,+0.960
1580824500,+3.34, +2.586, +0.166,+0.960
1580824560,+3.34, +2.619, +0.166,+0.960
1580824620,+3.34, +2.608, +0.167,+0.960
1580824680,+3.34, +2.597, +0.166,+0.960
1580824740,+3.34, +2.651, +0.167,+0.960
1580824800,+3.34, +2.608, +0.167,+0.960
1580824860,+3.34, +2.640, +0.165,+0.960
1580824920,+3.34, +2.619, +0.166,+0.960
1580824980,+3.34, +2.619, +0.168,+0.960
1580825040,+3.34, +2.629, +0.166,+0.960
1580825100,+3.34, +2.608, +0.167,+0.960
1580825160,+3.34, +2.651, +0.164,+0.960
1580825220,+3.34, +2.651, +0.165,+0.960
1580825280,+3.34, +2.640, +0.165,+0.960
1580825340,+3.34, +2.629, +0.166,+0.960
1580825400,+3.34, +2.640, +0.167,+0.960
1580825460,+3.34, +2.651, +0.164,+0.960
1580825520,+3.34, +2.629, +0.165,+0.960
1580825580,+3.34, +2.619, +0.167,+0.960
1580825640,+3.34, +2.640, +0.165,+0.960
1580825700,+3.34, +2.619, +0.166,+0.960
1580825760,+3.34, +2.640, +0.164,+0.960
1580825820,+3.34, +2.586, +0.166,+0.960
1580825880,+3.34, +2.619, +0.166,+0.960
1580825940,+3.34, +2.619, +0.166,+0.960
1580826000,+3.34, +2.651, +0.165,+0.960
1580826060,+3.34, +2.651, +0.165,+0.960
1580826120,+3.34, +2.640, +0.165,+0.960
1580826180,+3.34, +2.640, +0.166,+0.960
1580826240,+3.34, +2.640, +0.167,+0.960
1580826300,+3.34, +2.629, +0.166,+0.960
1580826360,+3.34, +2.619, +0.166,+0.960
1580826420,+3.34, +2.619, +0.166,+0.960
1580826480,+3.34, +2.619, +0.165,+0.960
1580826540,+3.34, +2.619, +0.165,+0.960
1580826600,+3.34, +2.629, +0.166,+0.960
1580826660,+3.34, +2.640, +0.165,+0.960
1580826720,+3.34, +2.629, +0.167,+0.960
1580826780,+3.34, +2.619, +0.165,+0.960
1580826840,+3.34, +2.629, +0.165,+0.960
1580826900,+3.34, +2.629, +0.165,+0.960
1580826960,+3.34, +2.629, +0.165,+0.960
1580827020,+3.34, +2.629, +0.166,+0.960
1580827080,+3.34, +2.597, +0.164,+0.960
1580827140,+3.34, +2.640, +0.165,+0.960
1580827200,+3.34, +2.629, +0.165,+0.960
1580827260,+3.34, +2.651, +0.165,+0.960
1580827320,+3.34, +2.619, +0.165,+0.960
1580827380,+3.34, +2.619, +0.166,+0.960
1580827440,+3.34, +2.608, +0.167,+0.960
1580827500,+3.34, +2.597, +0.166,+0.960
1580827560,+3.34, +2.661, +0.165,+0.960
1580827620,+3.34, +2.629, +0.167,+0.960
1580827680,+3.34, +2.586, +0.167,+0.960
1580827740,+3.34, +2.640, +0.166,+0.960
1580827800,+3.34, +2.629, +0.167,+0.960
1580827860,+3.34, +2.629, +0.166,+0.960
1580827920,+3.34, +2.629, +0.165,+0.960
1580827980,+3.34, +2.629, +0.166,+0.960
1580828040,+3.34, +2.629, +0.166,+0.960
1580828100,+3.34, +2.619, +0.166,+0.960
1580828160,+3.34, +2.629, +0.165,+0.960
1580828220,+3.34, +2.629, +0.167,+0.960
1580828280,+3.34, +2.640, +0.165,+0.960
1580828340,+3.34, +2.640, +0.166,+0.960
1580828400,+3.34, +2.640, +0.166,+0.960
1580828460,+3.34, +2.651, +0.165,+0.960
1580828520,+3.34, +2.651, +0.165,+0.960
1580828580,+3.34, +2.651, +0.164,+0.960
1580828640,+3.34, +2.629, +0.166,+0.960
1580828700,+3.34, +2.640, +0.165,+0.960
1580828760,+3.34, +2.640, +0.166,+0.960
1580828820,+3.34, +2.629, +0.166,+0.960
1580828880,+3.33, +2.640, +0.167,+0.960
1580828940,+3.34, +2.629, +0.165,+0.960
1580829000,+3.34, +2.608, +0.166,+0.960
1580829060,+3.34, +2.651, +0.166,+0.960
1580829120,+3.34, +2.629, +0.164,+0.960
1580829180,+3.34, +2.629, +0.165,+0.960
1580829240,+3.34, +2.651, +0.165,+0.960
1580829300,+3.34, +2.651, +0.166,+0.960
1580829360,+3.34, +2.619, +0.164,+0.960
1580829420,+3.33, +2.640, +0.165,+0.960
1580829480,+3.34, +2.651, +0.166,+0.960
1580829540,+3.34, +2.661, +0.164,+0.960
1580829600,+3.34, +2.640, +0.165,+0.960
1580829660,+3.34, +2.651, +0.166,+0.960
1580829720,+3.34, +2.629, +0.165,+0.960
1580829780,+3.34, +2.640, +0.164,+0.960
1580829840,+3.34, +2.629, +0.166,+0.960
1580829900,+3.34, +2.651, +0.166,+0.960
1580829960,+3.34, +2.619, +0.165,+0.960
1580830020,+3.34, +2.640, +0.166,+0.960
1580830080,+3.34, +2.640, +0.165,+0.960
1580830140,+3.34, +2.640, +0.165,+0.960
1580830200,+3.34, +2.661, +0.166,+0.960
1580830260,+3.34, +2.640, +0.165,+0.960
1580830320,+3.34, +2.629, +0.165,+0.960
1580830380,+3.34, +2.629, +0.166,+0.960
1580830440,+3.34, +2.597, +0.167,+0.960
1580830500,+3.34, +2.640, +0.164,+0.960
1580830560,+3.34, +2.629, +0.165,+0.960
1580830620,+3.34, +2.629, +0.165,+0.960
1580830680,+3.34, +2.629, +0.167,+0.960
1580830740,+3.34, +2.651, +0.166,+0.960
1580830800,+3.34, +2.619, +0.164,+0.960
1580830860,+3.34, +2.608, +0.165,+0.960
1580830920,+3.34, +2.651, +0.165,+0.960
1580830980,+3.34, +2.640, +0.165,+0.960
1580831040,+3.34, +2.608, +0.167,+0.960
1580831100,+3.34, +2.608, +0.166,+0.960
1580831160,+3.34, +2.629, +0.166,+0.960
1580831220,+3.34, +2.640, +0.164,+0.960
1580831280,+3.34, +2.619, +0.166,+0.960
1580831340,+3.34, +2.619, +0.165,+0.960
1580831400,+3.34, +2.608, +0.166,+0.960
1580831460,+3.34, +2.629, +0.166,+0.960
1580831520,+3.34, +2.640, +0.167,+0.960
1580831580,+3.34, +2.640, +0.165,+0.960
1580831640,+3.33, +2.629, +0.166,+0.960
1580831700,+3.34, +2.629, +0.165,+0.960
1580831760,+3.34, +2.619, +0.166,+0.960
1580831820,+3.34, +2.629, +0.167,+0.960
1580831880,+3.34, +2.597, +0.167,+0.960
1580831940,+3.34, +2.651, +0.165,+0.960
1580832000,+3.34, +2.629, +0.167,+0.960
1580832060,+3.34, +2.640, +0.165,+0.960
1580832120,+3.34, +2.640, +0.166,+0.960
1580832180,+3.34, +2.619, +0.165,+0.960
1580832240,+3.34, +2.629, +0.165,+0.960
1580832300,+3.34, +2.640, +0.165,+0.960
1580832360,+3.34, +2.629, +0.166,+0.960
1580832420,+3.34, +2.608, +0.167,+0.960
1580832480,+3.34, +2.629, +0.166,+0.960
1580832540,+3.34, +2.619, +0.166,+0.960
1580832600,+3.34, +2.629, +0.165,+0.960
1580832660,+3.34, +2.640, +0.165,+0.960
1580832720,+3.34, +2.640, +0.165,+0.960
1580832780,+3.34, +2.629, +0.165,+0.960
1580832840,+3.34, +2.629, +0.165,+0.960
1580832900,+3.34, +2.629, +0.165,+0.960
1580832960,+3.34, +2.651, +0.163,+0.960
1580833020,+3.34, +2.640, +0.166,+0.960
1580833080,+3.34, +2.629, +0.166,+0.960
1580833140,+3.34, +2.640, +0.165,+0.960
1580833200,+3.34, +2.629, +0.167,+0.960
1580833260,+3.34, +2.640, +0.164,+0.960
1580833320,+3.34, +2.629, +0.168,+0.960
1580833380,+3.34, +2.629, +0.166,+0.960
1580833440,+3.34, +2.651, +0.167,+0.960
1580833500,+3.34, +2.640, +0.166,+0.960
1580833560,+3.34, +2.640, +0.166,+0.960
1580833620,+3.34, +2.629, +0.167,+0.960
1580833680,+3.34, +2.629, +0.165,+0.960
1580833740,+3.34, +2.651, +0.166,+0.960
1580833800,+3.34, +2.640, +0.166,+0.960
1580833860,+3.34, +2.619, +0.166,+0.960
1580833920,+3.34, +2.619, +0.167,+0.960
1580833980,+3.34, +2.640, +0.166,+0.960
1580834040,+3.34, +2.651, +0.166,+0.960
1580834100,+3.34, +2.640, +0.167,+0.960
1580834160,+3.34, +2.629, +0.166,+0.960
1580834220,+3.34, +2.619, +0.166,+0.960
1580834280,+3.34, +2.640, +0.165,+0.960
1580834340,+3.34, +2.640, +0.164,+0.960
1580834400,+3.34, +2.640, +0.165,+0.960
1580834460,+3.34, +2.640, +0.165,+0.960
1580834520,+3.34, +2.661, +0.164,+0.960
1580834580,+3.34, +2.629, +0.166,+0.960
1580834640,+3.34, +2.619, +0.167,+0.960
1580834700,+3.34, +2.640, +0.165,+0.960
1580834760,+3.34, +2.651, +0.165,+0.960
1580834820,+3.34, +2.629, +0.167,+0.960
1580834880,+3.34, +2.629, +0.166,+0.960
1580834940,+3.34, +2.619, +0.165,+0.960
1580835000,+3.33, +2.619, +0.167,+0.960
1580835060,+3.34, +2.629, +0.166,+0.960
1580835120,+3.34, +2.640, +0.165,+0.960
1580835180,+3.34, +2.629, +0.165,+0.960
1580835240,+3.34, +2.543, +0.167,+0.960
1580835300,+3.34, +2.640, +0.165,+0.960
1580835360,+3.34, +2.640, +0.166,+0.960
1580835420,+3.34, +2.640, +0.166,+0.960
1580835480,+3.34, +2.651, +0.164,+0.960
1580835540,+3.34, +2.661, +0.165,+0.960
1580835600,+3.34, +2.661, +0.164,+0.960
1580835660,+3.34, +2.629, +0.165,+0.960
1580835720,+3.34, +2.619, +0.165,+0.960
1580835780,+3.34, +2.629, +0.165,+0.960
1580835840,+3.34, +2.629, +0.166,+0.960
1580835900,+3.34, +2.629, +0.164,+0.960
1580835960,+3.34, +2.640, +0.166,+0.960
1580836020,+3.34, +2.629, +0.166,+0.960
1580836080,+3.34, +2.640, +0.164,+0.960
1580836140,+3.34, +2.651, +0.166,+0.960
1580836200,+3.34, +2.619, +0.167,+0.960
1580836260,+3.34, +2.619, +0.165,+0.960
1580836320,+3.34, +2.629, +0.166,+0.960
1580836380,+3.34, +2.629, +0.165,+0.960
1580836440,+3.34, +2.640, +0.166,+0.960
1580836500,+3.33, +2.640, +0.165,+0.960
1580836560,+3.34, +2.619, +0.165,+0.960
1580836620,+3.34, +2.651, +0.165,+0.960
1580836680,+3.34, +2.619, +0.166,+0.960
1580836740,+3.34, +2.651, +0.165,+0.960
1580836800,+3.34, +2.619, +0.168,+0.960
1580836860,+3.34, +2.629, +0.164,+0.960
1580836920,+3.34, +2.629, +0.165,+0.960
1580836980,+3.34, +2.629, +0.168,+0.960
1580837040,+3.34, +2.629, +0.165,+0.960
1580837100,+3.34, +2.640, +0.167,+0.960
1580837160,+3.34, +2.629, +0.167,+0.960
1580837220,+3.34, +2.597, +0.167,+0.960
1580837280,+3.34, +2.640, +0.166,+0.960
1580837340,+3.34, +2.629, +0.165,+0.960
1580837400,+3.34, +2.629, +0.165,+0.960
1580837460,+3.33, +2.640, +0.165,+0.960
1580837520,+3.34, +2.629, +0.167,+0.960
1580837580,+3.34, +2.619, +0.166,+0.960
1580837640,+3.34, +2.619, +0.165,+0.960
1580837700,+3.34, +2.640, +0.166,+0.960
1580837760,+3.34, +2.640, +0.165,+0.960
1580837820,+3.34, +2.651, +0.165,+0.960
1580837880,+3.34, +2.672, +0.165,+0.960
1580837940,+3.34, +2.661, +0.165,+0.960
1580838000,+3.34, +2.640, +0.166,+0.960
1580838060,+3.34, +2.651, +0.165,+0.960
1580838120,+3.34, +2.619, +0.167,+0.960
1580838180,+3.34, +2.672, +0.167,+0.960
1580838240,+3.34, +2.629, +0.163,+0.960
1580838300,+3.34, +2.651, +0.164,+0.960
1580838360,+3.34, +2.661, +0.167,+0.960
1580838420,+3.34, +2.619, +0.164,+0.960
1580838480,+3.34, +2.651, +0.165,+0.960
1580838540,+3.34, +2.661, +0.166,+0.960
1580838600,+3.34, +2.629, +0.165,+0.960
1580838660,+3.34, +2.651, +0.165,+0.960
1580838720,+3.34, +2.629, +0.166,+0.960
1580838780,+3.34, +2.651, +0.165,+0.960
1580838840,+3.34, +2.651, +0.165,+0.960
1580838900,+3.34, +2.651, +0.166,+0.960
1580838960,+3.34, +2.661, +0.164,+0.960
1580839020,+3.34, +2.661, +0.165,+0.960
1580839080,+3.34, +2.640, +0.166,+0.960
1580839140,+3.34, +2.629, +0.167,+0.960
1580839200,+3.34, +2.619, +0.168,+0.960
1580839260,+3.34, +2.651, +0.166,+0.960
1580839320,+3.34, +2.640, +0.166,+0.960
1580839380,+3.34, +2.672, +0.165,+0.960
1580839440,+3.34, +2.640, +0.165,+0.960
1580839500,+3.34, +2.619, +0.166,+0.960
1580839560,+3.34, +2.629, +0.165,+0.960
1580839620,+3.34, +2.651, +0.166,+0.960
1580839680,+3.34, +2.651, +0.166,+0.960
1580839740,+3.34, +2.661, +0.166,+0.960
1580839800,+3.34, +2.651, +0.167,+0.960
1580839860,+3.34, +2.661, +0.165,+0.960
1580839920,+3.34, +2.651, +0.167,+0.960
1580839980,+3.34, +2.651, +0.166,+0.960
1580840040,+3.34, +2.694, +0.166,+0.960
1580840100,+3.34, +2.651, +0.166,+0.960
1580840160,+3.34, +2.651, +0.165,+0.960
1580840220,+3.34, +2.651, +0.166,+0.960
1580840280,+3.34, +2.640, +0.165,+0.960
1580840340,+3.34, +2.629, +0.166,+0.960
1580840400,+3.34, +2.672, +0.166,+0.960
1580840460,+3.34, +2.651, +0.165,+0.960
1580840520,+3.34, +2.640, +0.167,+0.960
1580840580,+3.34, +2.661, +0.165,+0.960
1580840640,+3.34, +2.651, +0.164,+0.960
1580840700,+3.34, +2.651, +0.165,+0.960
1580840760,+3.34, +2.661, +0.166,+0.960
1580840820,+3.34, +2.661, +0.167,+0.960
1580840880,+3.34, +2.672, +0.165,+0.960
1580840940,+3.34, +2.651, +0.165,+0.960
1580841000,+3.34, +2.672, +0.164,+0.960
1580841060,+3.34, +2.672, +0.165,+0.960
1580841120,+3.34, +2.683, +0.165,+0.960
1580841180,+3.34, +2.661, +0.165,+0.960
1580841240,+3.34, +2.651, +0.166,+0.960
1580841300,+3.34, +2.640, +0.165,+0.960
1580841360,+3.34, +2.651, +0.166,+0.960
1580841420,+3.34, +2.651, +0.165,+0.960
1580841480,+3.34, +2.640, +0.167,+0.960
1580841540,+3.34, +2.672, +0.165,+0.960
1580841600,+3.34, +2.661, +0.165,+0.960
1580841660,+3.34, +2.661, +0.166,+0.960
1580841720,+3.34, +2.619, +0.166,+0.960
1580841780,+3.34, +2.661, +0.166,+0.960
1580841840,+3.34, +2.640, +0.165,+0.960
1580841900,+3.34, +2.661, +0.166,+0.960
1580841960,+3.34, +2.651, +0.165,+0.960
1580842020,+3.34, +2.661, +0.166,+0.960
1580842080,+3.34, +2.704, +0.165,+0.960
1580842140,+3.34, +2.640, +0.165,+0.960
1580842200,+3.34, +2.661, +0.165,+0.960
1580842260,+3.34, +2.629, +0.165,+0.960
1580842320,+3.34, +2.661, +0.165,+0.960
1580842380,+3.34, +2.661, +0.166,+0.960
1580842440,+3.34, +2.661, +0.163,+0.960
1580842500,+3.34, +2.651, +0.166,+0.960
1580842560,+3.34, +2.661, +0.164,+0.960
1580842620,+3.34, +2.661, +0.165,+0.960
1580842680,+3.34, +2.683, +0.164,+0.960
1580842740,+3.34, +2.651, +0.166,+0.960
1580842800,+3.34, +2.651, +0.166,+0.960
1580842860,+3.34, +2.651, +0.163,+0.960
1580842920,+3.34, +2.672, +0.166,+0.960
1580842980,+3.34, +2.672, +0.165,+0.960
1580843040,+3.34, +2.651, +0.164,+0.960
1580843100,+3.34, +2.651, +0.165,+0.960
1580843160,+3.34, +2.683, +0.165,+0.960
1580843220,+3.34, +2.629, +0.166,+0.960
1580843280,+3.34, +2.661, +0.167,+0.960
1580843340,+3.34, +2.672, +0.165,+0.960
1580843400,+3.34, +2.661, +0.167,+0.960
1580843460,+3.34, +2.672, +0.165,+0.960
1580843520,+3.34, +2.672, +0.167,+0.960
1580843580,+3.34, +2.651, +0.165,+0.960
1580843640,+3.34, +2.661, +0.165,+0.960
1580843700,+3.34, +2.672, +0.166,+0.960
1580843760,+3.34, +2.661, +0.165,+0.960
1580843820,+3.34, +2.651, +0.164,+0.960
1580843880,+3.34, +2.661, +0.165,+0.960
1580843940,+3.34, +2.683, +0.166,+0.960
1580844000,+3.34, +2.651, +0.166,+0.960
1580844060,+3.34, +2.640, +0.167,+0.960
1580844120,+3.34, +2.672, +0.165,+0.960
1580844180,+3.34, +2.651, +0.166,+0.960
1580844240,+3.34, +2.672, +0.164,+0.960
1580844300,+3.34, +2.683, +0.165,+0.960
1580844360,+3.34, +2.651, +0.166,+0.960
1580844420,+3.34, +2.629, +0.165,+0.960
1580844480,+3.34, +2.640, +0.167,+0.960
1580844540,+3.34, +2.672, +0.164,+0.960
1580844600,+3.34, +2.661, +0.166,+0.960
1580844660,+3.34, +2.629, +0.165,+0.960
1580844720,+3.34, +2.661, +0.165,+0.960
1580844780,+3.34, +2.661, +0.166,+0.960
1580844840,+3.34, +2.651, +0.165,+0.960
1580844900,+3.34, +2.629, +0.165,+0.960
1580844960,+3.34, +2.672, +0.167,+0.960
1580845020,+3.34, +2.694, +0.164,+0.960
1580845080,+3.34, +2.661, +0.166,+0.960
1580845140,+3.34, +2.629, +0.166,+0.960
1580845200,+3.34, +2.651, +0.164,+0.960
1580845260,+3.34, +2.640, +0.166,+0.960
1580845320,+3.34, +2.586, +0.167,+0.960
1580845380,+3.34, +2.651, +0.165,+0.960
1580845440,+3.34, +2.651, +0.166,+0.960
1580845500,+3.34, +2.640, +0.167,+0.960
1580845560,+3.34, +2.661, +0.164,+0.960
1580845620,+3.34, +2.629, +0.165,+0.960
1580845680,+3.34, +2.651, +0.165,+0.960
1580845740,+3.34, +2.640, +0.166,+0.960
1580845800,+3.34, +2.629, +0.165,+0.960
1580845860,+3.34, +2.672, +0.165,+0.960
1580845920,+3.34, +2.651, +0.165,+0.960
1580845980,+3.34, +2.661, +0.165,+0.960
1580846040,+3.34, +2.672, +0.166,+0.960
1580846100,+3.34, +2.661, +0.166,+0.960
1580846160,+3.34, +2.640, +0.167,+0.960
1580846220,+3.33, +2.661, +0.165,+0.960
1580846280,+3.34, +2.683, +0.167,+0.960
1580846340,+3.34, +2.694, +0.166,+0.960
1580846400,+3.34, +2.661, +0.166,+0.960
1580846460,+3.34, +2.694, +0.164,+0.960
1580846520,+3.34, +2.683, +0.165,+0.960
1580846580,+3.34, +2.672, +0.166,+0.960
1580846640,+3.34, +2.683, +0.166,+0.960
1580846700,+3.34, +2.683, +0.164,+0.960
1580846760,+3.34, +2.694, +0.165,+0.960
1580846820,+3.34, +2.640, +0.165,+0.960
1580846880,+3.34, +2.672, +0.165,+0.960
1580846940,+3.34, +2.651, +0.165,+0.960
1580847000,+3.34, +2.683, +0.163,+0.960
1580847060,+3.34, +2.672, +0.164,+0.960
1580847120,+3.34, +2.651, +0.164,+0.960
1580847180,+3.34, +2.661, +0.167,+0.960
1580847240,+3.34, +2.661, +0.165,+0.960
1580847300,+3.34, +2.651, +0.166,+0.960
1580847360,+3.34, +2.640, +0.166,+0.960
1580847420,+3.34, +2.661, +0.166,+0.960
1580847480,+3.34, +2.629, +0.165,+0.960
1580847540,+3.34, +2.651, +0.165,+0.960
1580847600,+3.34, +2.619, +0.166,+0.960
1580847660,+3.34, +2.640, +0.165,+0.960
1580847720,+3.34, +2.661, +0.166,+0.960
1580847780,+3.34, +2.661, +0.165,+0.960
1580847840,+3.34, +2.715, +0.164,+0.960
1580847900,+3.34, +2.629, +0.166,+0.960
1580847960,+3.34, +2.651, +0.166,+0.960
1580848020,+3.34, +2.651, +0.166,+0.960
1580848080,+3.34, +2.640, +0.166,+0.960
1580848140,+3.34, +2.651, +0.165,+0.960
1580848200,+3.34, +2.661, +0.166,+0.960
1580848260,+3.34, +2.672, +0.165,+0.960
1580848320,+3.34, +2.629, +0.166,+0.960
1580848380,+3.34, +2.651, +0.164,+0.960
1580848440,+3.34, +2.651, +0.166,+0.960
1580848500,+3.34, +2.640, +0.165,+0.960
1580848560,+3.34, +2.651, +0.164,+0.960
1580848620,+3.34, +2.651, +0.165,+0.960
1580848680,+3.34, +2.651, +0.165,+0.960
1580848740,+3.34, +2.661, +0.164,+0.960
1580848800,+3.34, +2.651, +0.166,+0.960
1580848860,+3.34, +2.661, +0.164,+0.960
1580848920,+3.34, +2.651, +0.168,+0.960
1580848980,+3.34, +2.672, +0.166,+0.960
1580849040,+3.34, +2.661, +0.164,+0.960
1580849100,+3.34, +2.640, +0.166,+0.960
1580849160,+3.34, +2.661, +0.166,+0.960
1580849220,+3.34, +2.619, +0.166,+0.960
1580849280,+3.33, +2.651, +0.166,+0.960
1580849340,+3.34, +2.651, +0.165,+0.960
1580849400,+3.34, +2.651, +0.166,+0.960
