7392-570653
OS REV: 1.11 Sensor Cal: 1428445788
Time (sec),  BV (Volts),  T (deg C),  DO (mg/l),  Q ()
1585774260,+3.31, +1.827, +0.172,+0.960
1585774320,+3.31, +1.838, +0.172,+0.959
1585774380,+3.31, +1.849, +0.170,+0.960
1585774440,+3.31, +1.827, +0.171,+0.960
1585774500,+3.31, +1.838, +0.172,+0.960
1585774560,+3.31, +1.849, +0.172,+0.960
1585774620,+3.31, +1.816, +0.171,+0.960
1585774680,+3.31, +1.805, +0.174,+0.960
1585774740,+3.31, +1.849, +0.172,+0.960
1585774800,+3.31, +1.860, +0.172,+0.960
1585774860,+3.31, +1.849, +0.174,+0.960
1585774920,+3.31, +1.882, +0.172,+0.960
1585774980,+3.31, +1.871, +0.171,+0.960
1585775040,+3.31, +1.860, +0.172,+0.960
1585775100,+3.31, +1.838, +0.172,+0.960
1585775160,+3.31, +1.860, +0.171,+0.960
1585775220,+3.31, +1.860, +0.174,+0.960
1585775280,+3.31, +1.838, +0.173,+0.960
1585775340,+3.31, +1.849, +0.173,+0.960
1585775400,+3.31, +1.849, +0.172,+0.960
1585775460,+3.31, +1.860, +0.173,+0.960
1585775520,+3.31, +1.849, +0.173,+0.960
1585775580,+3.31, +1.849, +0.172,+0.960
1585775640,+3.31, +1.849, +0.172,+0.960
1585775700,+3.31, +1.838, +0.172,+0.960
1585775760,+3.31, +1.871, +0.171,+0.960
1585775820,+3.31, +1.860, +0.173,+0.960
1585775880,+3.31, +1.849, +0.172,+0.960
1585775940,+3.31, +1.860, +0.174,+0.960
1585776000,+3.31, +1.849, +0.172,+0.959
1585776060,+3.31, +1.860, +0.172,+0.960
1585776120,+3.31, +1.860, +0.172,+0.960
1585776180,+3.31, +1.838, +0.173,+0.960
1585776240,+3.31, +1.838, +0.173,+0.959
1585776300,+3.31, +1.838, +0.172,+0.960
1585776360,+3.31, +1.838, +0.172,+0.960
1585776420,+3.31, +1.860, +0.172,+0.960
1585776480,+3.31, +1.849, +0.173,+0.960
1585776540,+3.31, +1.838, +0.173,+0.960
1585776600,+3.31, +1.882, +0.172,+0.960
1585776660,+3.31, +1.860, +0.172,+0.960
1585776720,+3.31, +1.838, +0.172,+0.960
1585776780,+3.31, +1.849, +0.173,+0.960
1585776840,+3.31, +1.849, +0.173,+0.960
1585776900,+3.31, +1.827, +0.172,+0.960
1585776960,+3.31, +1.893, +0.172,+0.960
1585777020,+3.31, +1.860, +0.172,+0.960
1585777080,+3.31, +1.849, +0.172,+0.960
1585777140,+3.31, +1.860, +0.171,+0.959
1585777200,+3.31, +1.827, +0.173,+0.960
1585777260,+3.31, +1.838, +0.171,+0.960
1585777320,+3.31, +1.860, +0.171,+0.959
1585777380,+3.31, +1.838, +0.171,+0.960
1585777440,+3.31, +1.849, +0.173,+0.960
1585777500,+3.31, +1.838, +0.172,+0.959
1585777560,+3.31, +1.860, +0.173,+0.960
1585777620,+3.31, +1.849, +0.173,+0.960
1585777680,+3.31, +1.827, +0.173,+0.960
1585777740,+3.31, +1.838, +0.173,+0.960
1585777800,+3.31, +1.838, +0.173,+0.960
1585777860,+3.31, +1.871, +0.172,+0.960
1585777920,+3.31, +1.827, +0.172,+0.960
1585777980,+3.31, +1.849, +0.172,+0.960
1585778040,+3.31, +1.849, +0.172,+0.960
1585778100,+3.31, +1.871, +0.171,+0.960
1585778160,+3.31, +1.849, +0.173,+0.960
1585778220,+3.31, +1.871, +0.172,+0.960
1585778280,+3.31, +1.849, +0.172,+0.960
1585778340,+3.31, +1.882, +0.174,+0.960
1585778400,+3.31, +1.849, +0.173,+0.960
1585778460,+3.31, +1.860, +0.173,+0.960
1585778520,+3.31, +1.838, +0.173,+0.960
1585778580,+3.31, +1.849, +0.173,+0.960
1585778640,+3.31, +1.838, +0.172,+0.960
1585778700,+3.31, +1.860, +0.173,+0.960
1585778760,+3.31, +1.860, +0.172,+0.960
1585778820,+3.31, +1.827, +0.175,+0.960
1585778880,+3.31, +1.849, +0.171,+0.960
1585778940,+3.31, +1.849, +0.172,+0.959
1585779000,+3.31, +1.860, +0.171,+0.960
1585779060,+3.31, +1.849, +0.173,+0.960
1585779120,+3.31, +1.860, +0.172,+0.960
1585779180,+3.31, +1.838, +0.173,+0.960
1585779240,+3.31, +1.871, +0.170,+0.960
1585779300,+3.31, +1.871, +0.172,+0.960
1585779360,+3.31, +1.849, +0.174,+0.960
1585779420,+3.31, +1.849, +0.174,+0.960
1585779480,+3.31, +1.860, +0.174,+0.960
1585779540,+3.31, +1.871, +0.173,+0.960
1585779600,+3.31, +1.849, +0.173,+0.960
1585779660,+3.31, +1.860, +0.172,+0.960
1585779720,+3.31, +1.849, +0.172,+0.960
1585779780,+3.31, +1.860, +0.172,+0.960
1585779840,+3.31, +1.871, +0.172,+0.960
1585779900,+3.31, +1.849, +0.172,+0.960
1585779960,+3.31, +1.860, +0.173,+0.960
1585780020,+3.31, +1.860, +0.172,+0.960
1585780080,+3.31, +1.838, +0.172,+0.960
1585780140,+3.31, +1.849, +0.171,+0.959
1585780200,+3.31, +1.838, +0.172,+0.960
1585780260,+3.31, +1.838, +0.172,+0.959
1585780320,+3.31, +1.860, +0.172,+0.960
1585780380,+3.31, +1.860, +0.172,+0.960
1585780440,+3.31, +1.882, +0.171,+0.960
1585780500,+3.31, +1.838, +0.172,+0.960
1585780560,+3.31, +1.871, +0.171,+0.960
1585780620,+3.31, +1.849, +0.172,+0.959
1585780680,+3.31, +1.849, +0.173,+0.960
1585780740,+3.31, +1.860, +0.172,+0.960
1585780800,+3.31, +1.849, +0.173,+0.960
1585780860,+3.31, +1.860, +0.172,+0.960
1585780920,+3.31, +1.871, +0.173,+0.960
1585780980,+3.31, +1.838, +0.172,+0.960
1585781040,+3.31, +1.849, +0.171,+0.959
1585781100,+3.31, +1.893, +0.171,+0.960
1585781160,+3.31, +1.882, +0.171,+0.960
1585781220,+3.31, +1.893, +0.172,+0.960
1585781280,+3.31, +1.838, +0.172,+0.960
1585781340,+3.31, +1.849, +0.172,+0.960
1585781400,+3.31, +1.838, +0.173,+0.960
1585781460,+3.31, +1.849, +0.173,+0.960
1585781520,+3.31, +1.838, +0.172,+0.960
1585781580,+3.31, +1.871, +0.171,+0.960
1585781640,+3.31, +1.871, +0.173,+0.960
1585781700,+3.31, +1.838, +0.173,+0.960
1585781760,+3.31, +1.849, +0.171,+0.959
1585781820,+3.31, +1.871, +0.170,+0.959
1585781880,+3.31, +1.860, +0.171,+0.960
1585781940,+3.31, +1.871, +0.173,+0.960
1585782000,+3.31, +1.849, +0.172,+0.959
1585782060,+3.31, +1.860, +0.172,+0.960
1585782120,+3.31, +1.849, +0.172,+0.959
1585782180,+3.31, +1.849, +0.171,+0.960
1585782240,+3.31, +1.860, +0.172,+0.960
1585782300,+3.31, +1.860, +0.171,+0.960
1585782360,+3.31, +1.849, +0.172,+0.960
1585782420,+3.31, +1.849, +0.173,+0.960
1585782480,+3.31, +1.816, +0.173,+0.960
1585782540,+3.31, +1.871, +0.171,+0.960
1585782600,+3.31, +1.849, +0.172,+0.960
1585782660,+3.31, +1.871, +0.172,+0.960
1585782720,+3.31, +1.849, +0.173,+0.960
1585782780,+3.31, +1.838, +0.171,+0.959
1585782840,+3.31, +1.860, +0.173,+0.960
1585782900,+3.31, +1.860, +0.172,+0.960
1585782960,+3.31, +1.827, +0.174,+0.960
1585783020,+3.31, +1.893, +0.172,+0.960
1585783080,+3.31, +1.838, +0.170,+0.960
1585783140,+3.31, +1.849, +0.172,+0.960
1585783200,+3.31, +1.860, +0.172,+0.960
1585783260,+3.31, +1.860, +0.171,+0.960
1585783320,+3.31, +1.838, +0.173,+0.960
1585783380,+3.31, +1.827, +0.172,+0.960
1585783440,+3.31, +1.860, +0.172,+0.960
1585783500,+3.31, +1.827, +0.172,+0.960
1585783560,+3.31, +1.849, +0.173,+0.960
1585783620,+3.31, +1.838, +0.172,+0.960
1585783680,+3.31, +1.860, +0.171,+0.960
1585783740,+3.31, +1.882, +0.171,+0.960
1585783800,+3.31, +1.838, +0.173,+0.960
1585783860,+3.31, +1.860, +0.171,+0.960
1585783920,+3.31, +1.772, +0.173,+0.959
1585783980,+3.31, +1.849, +0.173,+0.960
1585784040,+3.31, +1.871, +0.173,+0.960
1585784100,+3.31, +1.893, +0.171,+0.960
1585784160,+3.31, +1.904, +0.171,+0.960
1585784220,+3.31, +1.849, +0.172,+0.960
1585784280,+3.31, +1.849, +0.171,+0.960
1585784340,+3.31, +1.849, +0.172,+0.960
1585784400,+3.31, +1.871, +0.170,+0.960
1585784460,+3.31, +1.838, +0.172,+0.960
1585784520,+3.31, +1.838, +0.173,+0.960
1585784580,+3.31, +1.838, +0.171,+0.960
1585784640,+3.31, +1.849, +0.172,+0.960
1585784700,+3.31, +1.838, +0.172,+0.960
1585784760,+3.31, +1.860, +0.172,+0.960
1585784820,+3.31, +1.849, +0.172,+0.960
1585784880,+3.31, +1.827, +0.173,+0.960
1585784940,+3.31, +1.805, +0.175,+0.960
1585785000,+3.31, +1.827, +0.172,+0.960
1585785060,+3.31, +1.849, +0.171,+0.960
1585785120,+3.31, +1.860, +0.172,+0.960
1585785180,+3.31, +1.827, +0.172,+0.960
1585785240,+3.31, +1.860, +0.173,+0.960
1585785300,+3.31, +1.827, +0.174,+0.960
1585785360,+3.31, +1.816, +0.172,+0.960
1585785420,+3.31, +1.849, +0.171,+0.960
1585785480,+3.31, +1.838, +0.173,+0.960
1585785540,+3.31, +1.838, +0.174,+0.960
1585785600,+3.31, +1.838, +0.172,+0.960
1585785660,+3.31, +1.893, +0.170,+0.960
1585785720,+3.31, +1.816, +0.172,+0.960
1585785780,+3.31, +1.838, +0.173,+0.960
1585785840,+3.31, +1.816, +0.172,+0.960
1585785900,+3.31, +1.816, +0.173,+0.960
1585785960,+3.31, +1.816, +0.173,+0.960
1585786020,+3.31, +1.827, +0.172,+0.960
1585786080,+3.31, +1.805, +0.173,+0.960
1585786140,+3.31, +1.827, +0.173,+0.960
1585786200,+3.31, +1.827, +0.173,+0.960
1585786260,+3.31, +1.827, +0.173,+0.960
1585786320,+3.31, +1.838, +0.171,+0.960
1585786380,+3.31, +1.816, +0.171,+0.960
1585786440,+3.31, +1.827, +0.171,+0.960
1585786500,+3.31, +1.827, +0.171,+0.960
1585786560,+3.31, +1.838, +0.172,+0.960
1585786620,+3.31, +1.805, +0.172,+0.959
1585786680,+3.31, +1.794, +0.174,+0.960
1585786740,+3.31, +1.827, +0.170,+0.960
1585786800,+3.31, +1.816, +0.172,+0.960
1585786860,+3.31, +1.838, +0.172,+0.960
1585786920,+3.31, +1.838, +0.172,+0.960
1585786980,+3.31, +1.816, +0.173,+0.960
1585787040,+3.31, +1.838, +0.173,+0.960
1585787100,+3.31, +1.838, +0.171,+0.959
1585787160,+3.31, +1.838, +0.173,+0.960
1585787220,+3.31, +1.827, +0.172,+0.960
1585787280,+3.31, +1.838, +0.173,+0.960
1585787340,+3.31, +1.816, +0.172,+0.960
1585787400,+3.31, +1.827, +0.173,+0.960
1585787460,+3.31, +1.827, +0.172,+0.960
1585787520,+3.31, +1.827, +0.172,+0.960
1585787580,+3.31, +1.827, +0.171,+0.960
1585787640,+3.31, +1.849, +0.172,+0.960
1585787700,+3.31, +1.849, +0.172,+0.960
1585787760,+3.31, +1.816, +0.173,+0.960
1585787820,+3.31, +1.827, +0.171,+0.960
1585787880,+3.31, +1.849, +0.173,+0.960
1585787940,+3.31, +1.827, +0.173,+0.960
1585788000,+3.31, +1.805, +0.173,+0.960
1585788060,+3.31, +1.805, +0.172,+0.959
1585788120,+3.31, +1.772, +0.172,+0.959
1585788180,+3.31, +1.827, +0.172,+0.960
1585788240,+3.31, +1.827, +0.172,+0.960
1585788300,+3.31, +1.805, +0.174,+0.960
1585788360,+3.31, +1.860, +0.172,+0.960
1585788420,+3.31, +1.816, +0.172,+0.960
1585788480,+3.31, +1.783, +0.172,+0.959
1585788540,+3.31, +1.805, +0.172,+0.960
1585788600,+3.31, +1.827, +0.172,+0.960
1585788660,+3.31, +1.805, +0.171,+0.959
1585788720,+3.31, +1.816, +0.171,+0.960
1585788780,+3.31, +1.794, +0.173,+0.960
1585788840,+3.31, +1.783, +0.174,+0.960
1585788900,+3.31, +1.805, +0.172,+0.960
1585788960,+3.31, +1.794, +0.173,+0.960
1585789020,+3.31, +1.794, +0.171,+0.960
1585789080,+3.31, +1.772, +0.173,+0.959
1585789140,+3.31, +1.827, +0.173,+0.960
1585789200,+3.31, +1.805, +0.173,+0.960
1585789260,+3.31, +1.827, +0.173,+0.960
1585789320,+3.31, +1.816, +0.173,+0.960
1585789380,+3.31, +1.805, +0.171,+0.960
1585789440,+3.31, +1.805, +0.171,+0.960
1585789500,+3.31, +1.805, +0.172,+0.960
1585789560,+3.31, +1.805, +0.173,+0.960
1585789620,+3.31, +1.827, +0.172,+0.960
1585789680,+3.31, +1.805, +0.173,+0.960
1585789740,+3.31, +1.794, +0.171,+0.960
1585789800,+3.31, +1.805, +0.173,+0.960
1585789860,+3.31, +1.805, +0.175,+0.960
1585789920,+3.31, +1.827, +0.171,+0.960
1585789980,+3.31, +1.794, +0.174,+0.960
1585790040,+3.31, +1.805, +0.172,+0.960
1585790100,+3.31, +1.827, +0.174,+0.960
1585790160,+3.31, +1.816, +0.172,+0.960
1585790220,+3.31, +1.805, +0.172,+0.960
1585790280,+3.31, +1.816, +0.172,+0.960
1585790340,+3.31, +1.750, +0.174,+0.960
1585790400,+3.31, +1.794, +0.173,+0.960
1585790460,+3.31, +1.816, +0.171,+0.960
1585790520,+3.31, +1.827, +0.173,+0.960
1585790580,+3.31, +1.816, +0.172,+0.960
1585790640,+3.31, +1.827, +0.172,+0.960
1585790700,+3.31, +1.827, +0.171,+0.960
1585790760,+3.31, +1.816, +0.172,+0.960
1585790820,+3.31, +1.783, +0.174,+0.960
1585790880,+3.31, +1.805, +0.171,+0.959
1585790940,+3.31, +1.827, +0.172,+0.960
1585791000,+3.31, +1.827, +0.172,+0.960
1585791060,+3.31, +1.816, +0.173,+0.960
1585791120,+3.31, +1.794, +0.174,+0.960
1585791180,+3.31, +1.794, +0.172,+0.960
1585791240,+3.31, +1.838, +0.171,+0.960
1585791300,+3.31, +1.816, +0.173,+0.960
1585791360,+3.31, +1.838, +0.171,+0.960
1585791420,+3.31, +1.838, +0.172,+0.960
1585791480,+3.31, +1.827, +0.171,+0.960
1585791540,+3.31, +1.838, +0.172,+0.960
1585791600,+3.31, +1.827, +0.173,+0.960
1585791660,+3.31, +1.849, +0.170,+0.960
1585791720,+3.31, +1.827, +0.172,+0.960
1585791780,+3.31, +1.838, +0.172,+0.960
1585791840,+3.31, +1.816, +0.171,+0.959
1585791900,+3.31, +1.783, +0.173,+0.960
1585791960,+3.31, +1.827, +0.172,+0.960
1585792020,+3.31, +1.838, +0.171,+0.960
1585792080,+3.31, +1.805, +0.173,+0.960
1585792140,+3.31, +1.816, +0.173,+0.960
1585792200,+3.31, +1.827, +0.172,+0.960
1585792260,+3.31, +1.827, +0.173,+0.960
1585792320,+3.31, +1.794, +0.175,+0.960
1585792380,+3.31, +1.816, +0.172,+0.960
1585792440,+3.31, +1.838, +0.173,+0.960
1585792500,+3.31, +1.838, +0.172,+0.960
1585792560,+3.31, +1.827, +0.172,+0.960
1585792620,+3.31, +1.838, +0.173,+0.960
1585792680,+3.31, +1.838, +0.174,+0.960
1585792740,+3.31, +1.838, +0.171,+0.960
1585792800,+3.31, +1.816, +0.173,+0.960
1585792860,+3.31, +1.849, +0.171,+0.960
1585792920,+3.31, +1.849, +0.173,+0.960
1585792980,+3.31, +1.816, +0.173,+0.960
1585793040,+3.31, +1.816, +0.173,+0.960
1585793100,+3.31, +1.838, +0.173,+0.960
1585793160,+3.31, +1.816, +0.172,+0.960
1585793220,+3.31, +1.838, +0.172,+0.960
1585793280,+3.31, +1.827, +0.172,+0.960
1585793340,+3.31, +1.816, +0.174,+0.960
1585793400,+3.31, +1.882, +0.172,+0.960
1585793460,+3.31, +1.805, +0.172,+0.960
1585793520,+3.31, +1.827, +0.174,+0.960
1585793580,+3.31, +1.827, +0.172,+0.960
1585793640,+3.31, +1.838, +0.172,+0.960
1585793700,+3.31, +1.827, +0.171,+0.960
1585793760,+3.31, +1.860, +0.171,+0.960
1585793820,+3.31, +1.827, +0.171,+0.960
1585793880,+3.31, +1.849, +0.172,+0.960
1585793940,+3.31, +1.849, +0.172,+0.960
1585794000,+3.31, +1.838, +0.172,+0.960
1585794060,+3.31, +1.827, +0.173,+0.960
1585794120,+3.31, +1.816, +0.173,+0.960
1585794180,+3.31, +1.860, +0.173,+0.960
1585794240,+3.31, +1.805, +0.172,+0.960
1585794300,+3.31, +1.871, +0.174,+0.960
1585794360,+3.31, +1.849, +0.171,+0.960
1585794420,+3.31, +1.838, +0.170,+0.960
1585794480,+3.31, +1.849, +0.172,+0.960
1585794540,+3.31, +1.849, +0.173,+0.960
1585794600,+3.31, +1.849, +0.171,+0.960
1585794660,+3.31, +1.849, +0.171,+0.960
1585794720,+3.31, +1.805, +0.174,+0.960
1585794780,+3.31, +1.849, +0.172,+0.960
1585794840,+3.31, +1.827, +0.174,+0.960
1585794900,+3.31, +1.849, +0.172,+0.960
1585794960,+3.31, +1.849, +0.173,+0.960
1585795020,+3.31, +1.860, +0.171,+0.960
1585795080,+3.31, +1.849, +0.172,+0.960
1585795140,+3.31, +1.838, +0.172,+0.960
1585795200,+3.31, +1.860, +0.171,+0.960
1585795260,+3.31, +1.871, +0.171,+0.960
1585795320,+3.31, +1.816, +0.172,+0.960
1585795380,+3.31, +1.838, +0.172,+0.960
1585795440,+3.31, +1.838, +0.173,+0.960
1585795500,+3.31, +1.860, +0.171,+0.960
1585795560,+3.31, +1.838, +0.173,+0.960
1585795620,+3.31, +1.805, +0.172,+0.960
1585795680,+3.31, +1.849, +0.171,+0.960
1585795740,+3.31, +1.860, +0.173,+0.960
1585795800,+3.31, +1.838, +0.172,+0.960
1585795860,+3.31, +1.838, +0.171,+0.960
1585795920,+3.31, +1.860, +0.173,+0.960
1585795980,+3.31, +1.849, +0.173,+0.960
1585796040,+3.31, +1.871, +0.172,+0.960
1585796100,+3.31, +1.860, +0.173,+0.960
1585796160,+3.31, +1.860, +0.171,+0.960
1585796220,+3.31, +1.849, +0.171,+0.960
1585796280,+3.31, +1.893, +0.171,+0.960
1585796340,+3.31, +1.871, +0.172,+0.960
1585796400,+3.31, +1.882, +0.173,+0.960
1585796460,+3.31, +1.904, +0.172,+0.960
1585796520,+3.31, +1.871, +0.172,+0.960
1585796580,+3.31, +1.838, +0.172,+0.960
1585796640,+3.31, +1.860, +0.172,+0.960
1585796700,+3.31, +1.882, +0.172,+0.960
1585796760,+3.31, +1.849, +0.172,+0.960
1585796820,+3.31, +1.871, +0.173,+0.960
1585796880,+3.31, +1.860, +0.172,+0.960
1585796940,+3.31, +1.871, +0.174,+0.960
1585797000,+3.31, +1.849, +0.174,+0.960
1585797060,+3.31, +1.882, +0.172,+0.960
1585797120,+3.31, +1.849, +0.173,+0.960
1585797180,+3.31, +1.882, +0.170,+0.960
1585797240,+3.31, +1.838, +0.172,+0.960
1585797300,+3.31, +1.849, +0.173,+0.960
1585797360,+3.31, +1.871, +0.172,+0.960
1585797420,+3.31, +1.860, +0.171,+0.960
1585797480,+3.31, +1.849, +0.173,+0.960
1585797540,+3.31, +1.871, +0.171,+0.960
1585797600,+3.31, +1.860, +0.171,+0.960
1585797660,+3.31, +1.860, +0.172,+0.960
1585797720,+3.31, +1.882, +0.173,+0.960
1585797780,+3.31, +1.860, +0.173,+0.960
1585797840,+3.31, +1.904, +0.172,+0.960
1585797900,+3.31, +1.871, +0.173,+0.960
1585797960,+3.31, +1.849, +0.172,+0.960
1585798020,+3.31, +1.871, +0.171,+0.960
1585798080,+3.31, +1.860, +0.173,+0.960
1585798140,+3.31, +1.871, +0.172,+0.960
1585798200,+3.31, +1.860, +0.171,+0.960
1585798260,+3.31, +1.849, +0.172,+0.960
1585798320,+3.31, +1.849, +0.172,+0.960
1585798380,+3.31, +1.882, +0.171,+0.960
1585798440,+3.31, +1.882, +0.171,+0.960
1585798500,+3.31, +1.827, +0.172,+0.960
1585798560,+3.31, +1.838, +0.173,+0.960
1585798620,+3.31, +1.871, +0.173,+0.960
1585798680,+3.31, +1.849, +0.172,+0.960
1585798740,+3.31, +1.871, +0.173,+0.960
1585798800,+3.31, +1.871, +0.172,+0.960
1585798860,+3.31, +1.882, +0.172,+0.960
1585798920,+3.31, +1.849, +0.171,+0.960
1585798980,+3.31, +1.838, +0.172,+0.960
1585799040,+3.31, +1.838, +0.172,+0.960
1585799100,+3.31, +1.849, +0.172,+0.960
1585799160,+3.31, +1.805, +0.172,+0.960
1585799220,+3.31, +1.838, +0.172,+0.960
1585799280,+3.31, +1.838, +0.172,+0.960
1585799340,+3.31, +1.860, +0.172,+0.960
1585799400,+3.31, +1.860, +0.172,+0.960
1585799460,+3.31, +1.849, +0.170,+0.960
1585799520,+3.31, +1.849, +0.172,+0.960
1585799580,+3.31, +1.849, +0.172,+0.960
1585799640,+3.31, +1.860, +0.172,+0.960
1585799700,+3.31, +1.849, +0.171,+0.960
1585799760,+3.31, +1.827, +0.173,+0.960
1585799820,+3.31, +1.827, +0.171,+0.959
1585799880,+3.31, +1.849, +0.173,+0.960
1585799940,+3.31, +1.849, +0.173,+0.960
1585800000,+3.31, +1.827, +0.173,+0.960
1585800060,+3.31, +1.860, +0.171,+0.960
1585800120,+3.31, +1.838, +0.171,+0.959
1585800180,+3.31, +1.827, +0.172,+0.960
1585800240,+3.31, +1.849, +0.171,+0.960
1585800300,+3.31, +1.860, +0.173,+0.960
1585800360,+3.31, +1.838, +0.174,+0.960
1585800420,+3.31, +1.849, +0.173,+0.960
1585800480,+3.31, +1.849, +0.172,+0.960
1585800540,+3.31, +1.827, +0.173,+0.960
1585800600,+3.31, +1.860, +0.172,+0.960
1585800660,+3.31, +1.849, +0.173,+0.960
1585800720,+3.31, +1.838, +0.173,+0.960
1585800780,+3.31, +1.849, +0.172,+0.960
1585800840,+3.31, +1.827, +0.174,+0.960
1585800900,+3.31, +1.827, +0.174,+0.960
1585800960,+3.31, +1.860, +0.173,+0.960
1585801020,+3.31, +1.838, +0.171,+0.959
1585801080,+3.31, +1.838, +0.173,+0.959
1585801140,+3.31, +1.849, +0.173,+0.960
1585801200,+3.31, +1.860, +0.173,+0.960
1585801260,+3.31, +1.838, +0.173,+0.960
1585801320,+3.31, +1.805, +0.175,+0.960
1585801380,+3.31, +1.838, +0.173,+0.960
1585801440,+3.31, +1.860, +0.170,+0.960
1585801500,+3.31, +1.849, +0.170,+0.960
1585801560,+3.31, +1.849, +0.173,+0.960
1585801620,+3.31, +1.838, +0.173,+0.960
1585801680,+3.31, +1.816, +0.173,+0.960
1585801740,+3.31, +1.849, +0.171,+0.960
1585801800,+3.31, +1.827, +0.172,+0.960
1585801860,+3.31, +1.849, +0.172,+0.960
1585801920,+3.31, +1.827, +0.173,+0.960
1585801980,+3.31, +1.816, +0.171,+0.959
1585802040,+3.31, +1.838, +0.172,+0.960
1585802100,+3.31, +1.926, +0.169,+0.960
1585802160,+3.31, +1.827, +0.173,+0.960
1585802220,+3.31, +1.772, +0.174,+0.960
1585802280,+3.31, +1.827, +0.173,+0.960
1585802340,+3.31, +1.838, +0.172,+0.960
1585802400,+3.31, +1.816, +0.172,+0.960
1585802460,+3.31, +1.849, +0.171,+0.960
1585802520,+3.31, +1.838, +0.173,+0.960
1585802580,+3.31, +1.816, +0.174,+0.960
1585802640,+3.31, +1.860, +0.172,+0.960
1585802700,+3.31, +1.849, +0.172,+0.960
1585802760,+3.31, +1.849, +0.172,+0.960
1585802820,+3.31, +1.827, +0.173,+0.960
1585802880,+3.31, +1.849, +0.172,+0.960
1585802940,+3.31, +1.816, +0.174,+0.960
1585803000,+3.31, +1.827, +0.172,+0.960
1585803060,+3.31, +1.838, +0.172,+0.960
1585803120,+3.31, +1.827, +0.172,+0.960
1585803180,+3.31, +1.816, +0.173,+0.960
1585803240,+3.31, +1.849, +0.171,+0.960
1585803300,+3.31, +1.827, +0.171,+0.960
1585803360,+3.31, +1.816, +0.172,+0.960
1585803420,+3.31, +1.838, +0.173,+0.960
1585803480,+3.31, +1.838, +0.173,+0.960
1585803540,+3.31, +1.838, +0.173,+0.960
1585803600,+3.31, +1.827, +0.174,+0.960
1585803660,+3.31, +1.827, +0.171,+0.960
1585803720,+3.31, +1.816, +0.173,+0.960
1585803780,+3.31, +1.827, +0.173,+0.960
1585803840,+3.31, +1.816, +0.173,+0.960
1585803900,+3.31, +1.794, +0.173,+0.960
1585803960,+3.31, +1.816, +0.172,+0.960
1585804020,+3.31, +1.860, +0.171,+0.960
1585804080,+3.31, +1.816, +0.173,+0.960
1585804140,+3.31, +1.827, +0.173,+0.960
1585804200,+3.31, +1.827, +0.171,+0.960
1585804260,+3.31, +1.827, +0.172,+0.960
1585804320,+3.31, +1.838, +0.175,+0.960
1585804380,+3.31, +1.816, +0.172,+0.960
1585804440,+3.31, +1.816, +0.172,+0.959
1585804500,+3.31, +1.827, +0.172,+0.959
1585804560,+3.31, +1.816, +0.172,+0.960
1585804620,+3.31, +1.827, +0.173,+0.960
1585804680,+3.31, +1.827, +0.173,+0.960
1585804740,+3.31, +1.849, +0.172,+0.960
1585804800,+3.31, +1.849, +0.171,+0.960
1585804860,+3.31, +1.827, +0.172,+0.960
1585804920,+3.31, +1.827, +0.172,+0.960
1585804980,+3.31, +1.827, +0.172,+0.960
1585805040,+3.31, +1.816, +0.172,+0.960
1585805100,+3.31, +1.827, +0.172,+0.960
1585805160,+3.31, +1.849, +0.172,+0.960
1585805220,+3.31, +1.805, +0.171,+0.960
1585805280,+3.31, +1.838, +0.173,+0.960
1585805340,+3.31, +1.849, +0.173,+0.960
1585805400,+3.31, +1.816, +0.172,+0.960
1585805460,+3.31, +1.805, +0.171,+0.959
1585805520,+3.31, +1.860, +0.173,+0.960
1585805580,+3.31, +1.827, +0.172,+0.960
1585805640,+3.31, +1.827, +0.173,+0.960
1585805700,+3.31, +1.838, +0.172,+0.960
1585805760,+3.31, +1.849, +0.171,+0.960
1585805820,+3.31, +1.816, +0.174,+0.960
1585805880,+3.31, +1.794, +0.173,+0.959
1585805940,+3.31, +1.805, +0.172,+0.960
1585806000,+3.31, +1.838, +0.171,+0.960
1585806060,+3.31, +1.838, +0.171,+0.960
1585806120,+3.31, +1.827, +0.172,+0.960
1585806180,+3.31, +1.805, +0.170,+0.959
1585806240,+3.31, +1.849, +0.169,+0.960
1585806300,+3.31, +1.849, +0.173,+0.960
1585806360,+3.31, +1.838, +0.171,+0.960
1585806420,+3.31, +1.805, +0.172,+0.960
1585806480,+3.31, +1.827, +0.171,+0.959
1585806540,+3.31, +1.805, +0.172,+0.960
1585806600,+3.31, +1.805, +0.173,+0.960
1585806660,+3.31, +1.838, +0.171,+0.960
1585806720,+3.31, +1.827, +0.173,+0.960
1585806780,+3.31, +1.838, +0.171,+0.960
1585806840,+3.31, +1.816, +0.173,+0.960
1585806900,+3.31, +1.827, +0.172,+0.960
1585806960,+3.31, +1.827, +0.170,+0.959
1585807020,+3.31, +1.838, +0.171,+0.960
1585807080,+3.31, +1.827, +0.172,+0.960
1585807140,+3.31, +1.827, +0.172,+0.960
1585807200,+3.31, +1.805, +0.173,+0.960
1585807260,+3.31, +1.838, +0.172,+0.960
1585807320,+3.31, +1.816, +0.174,+0.960
1585807380,+3.31, +1.827, +0.171,+0.960
1585807440,+3.31, +1.838, +0.173,+0.960
1585807500,+3.31, +1.849, +0.170,+0.960
1585807560,+3.31, +1.827, +0.172,+0.960
1585807620,+3.31, +1.794, +0.174,+0.960
1585807680,+3.31, +1.838, +0.172,+0.959
1585807740,+3.31, +1.827, +0.171,+0.960
1585807800,+3.31, +1.805, +0.170,+0.959
1585807860,+3.31, +1.816, +0.172,+0.960
1585807920,+3.31, +1.827, +0.172,+0.960
1585807980,+3.31, +1.827, +0.172,+0.960
1585808040,+3.31, +1.838, +0.172,+0.960
1585808100,+3.31, +1.816, +0.173,+0.960
1585808160,+3.31, +1.827, +0.174,+0.960
1585808220,+3.31, +1.816, +0.173,+0.960
1585808280,+3.31, +1.827, +0.172,+0.960
1585808340,+3.31, +1.849, +0.172,+0.960
1585808400,+3.31, +1.805, +0.172,+0.960
1585808460,+3.31, +1.827, +0.172,+0.960
1585808520,+3.31, +1.838, +0.171,+0.960
1585808580,+3.31, +1.827, +0.172,+0.959
1585808640,+3.31, +1.827, +0.172,+0.960
1585808700,+3.31, +1.849, +0.172,+0.960
1585808760,+3.31, +1.816, +0.171,+0.960
1585808820,+3.31, +1.827, +0.172,+0.960
1585808880,+3.31, +1.827, +0.172,+0.960
1585808940,+3.31, +1.805, +0.174,+0.960
1585809000,+3.31, +1.827, +0.172,+0.960
1585809060,+3.31, +1.827, +0.171,+0.960
1585809120,+3.31, +1.838, +0.172,+0.960
1585809180,+3.31, +1.860, +0.171,+0.960
1585809240,+3.31, +1.816, +0.174,+0.960
1585809300,+3.31, +1.849, +0.171,+0.960
1585809360,+3.31, +1.816, +0.174,+0.960
1585809420,+3.31, +1.849, +0.171,+0.960
1585809480,+3.31, +1.827, +0.172,+0.960
1585809540,+3.31, +1.838, +0.171,+0.960
1585809600,+3.31, +1.838, +0.171,+0.960
1585809660,+3.31, +1.827, +0.172,+0.960
1585809720,+3.31, +1.794, +0.173,+0.960
1585809780,+3.31, +1.827, +0.174,+0.960
1585809840,+3.31, +1.882, +0.171,+0.960
1585809900,+3.31, +1.849, +0.171,+0.960
1585809960,+3.31, +1.805, +0.173,+0.960
1585810020,+3.31, +1.816, +0.171,+0.960
1585810080,+3.31, +1.805, +0.172,+0.960
1585810140,+3.31, +1.827, +0.173,+0.960
1585810200,+3.31, +1.827, +0.173,+0.960
1585810260,+3.31, +1.827, +0.172,+0.960
1585810320,+3.31, +1.838, +0.174,+0.960
1585810380,+3.31, +1.816, +0.173,+0.960
1585810440,+3.31, +1.816, +0.172,+0.960
1585810500,+3.31, +1.805, +0.172,+0.960
1585810560,+3.31, +1.838, +0.173,+0.960
1585810620,+3.31, +1.816, +0.173,+0.960
1585810680,+3.31, +1.838, +0.171,+0.960
1585810740,+3.31, +1.871, +0.172,+0.960
1585810800,+3.31, +1.838, +0.172,+0.960
1585810860,+3.31, +1.849, +0.173,+0.960
1585810920,+3.31, +1.849, +0.172,+0.960
1585810980,+3.31, +1.816, +0.172,+0.960
1585811040,+3.31, +1.838, +0.172,+0.960
1585811100,+3.31, +1.816, +0.172,+0.960
1585811160,+3.31, +1.816, +0.172,+0.960
1585811220,+3.31, +1.805, +0.172,+0.959
1585811280,+3.31, +1.860, +0.172,+0.960
1585811340,+3.31, +1.827, +0.172,+0.960
1585811400,+3.31, +1.827, +0.170,+0.959
1585811460,+3.31, +1.838, +0.172,+0.960
1585811520,+3.31, +1.838, +0.173,+0.960
1585811580,+3.31, +1.838, +0.173,+0.960
1585811640,+3.31, +1.827, +0.173,+0.960
1585811700,+3.31, +1.816, +0.173,+0.960
1585811760,+3.31, +1.827, +0.172,+0.960
1585811820,+3.31, +1.805, +0.173,+0.959
1585811880,+3.31, +1.849, +0.172,+0.960
1585811940,+3.31, +1.827, +0.172,+0.959
1585812000,+3.31, +1.827, +0.173,+0.960
1585812060,+3.31, +1.860, +0.170,+0.960
1585812120,+3.31, +1.827, +0.172,+0.960
1585812180,+3.31, +1.838, +0.173,+0.960
1585812240,+3.31, +1.871, +0.172,+0.960
1585812300,+3.31, +1.849, +0.172,+0.960
1585812360,+3.31, +1.849, +0.172,+0.960
1585812420,+3.31, +1.827, +0.172,+0.960
1585812480,+3.31, +1.816, +0.171,+0.959
1585812540,+3.31, +1.827, +0.172,+0.960
1585812600,+3.31, +1.827, +0.172,+0.960
1585812660,+3.31, +1.805, +0.173,+0.959
1585812720,+3.31, +1.827, +0.172,+0.960
1585812780,+3.31, +1.849, +0.172,+0.960
1585812840,+3.31, +1.838, +0.171,+0.960
1585812900,+3.31, +1.838, +0.173,+0.960
1585812960,+3.31, +1.827, +0.174,+0.960
1585813020,+3.31, +1.816, +0.173,+0.960
1585813080,+3.31, +1.805, +0.171,+0.959
1585813140,+3.31, +1.816, +0.173,+0.960
1585813200,+3.31, +1.849, +0.172,+0.960
1585813260,+3.31, +1.838, +0.171,+0.960
1585813320,+3.31, +1.794, +0.173,+0.959
1585813380,+3.31, +1.860, +0.171,+0.960
1585813440,+3.31, +1.860, +0.173,+0.960
1585813500,+3.31, +1.860, +0.173,+0.960
1585813560,+3.31, +1.838, +0.172,+0.960
1585813620,+3.31, +1.827, +0.171,+0.960
1585813680,+3.31, +1.816, +0.172,+0.960
1585813740,+3.31, +1.860, +0.173,+0.960
1585813800,+3.31, +1.805, +0.173,+0.960
1585813860,+3.31, +1.827, +0.172,+0.960
1585813920,+3.31, +1.827, +0.174,+0.960
1585813980,+3.31, +1.849, +0.173,+0.960
1585814040,+3.31, +1.838, +0.171,+0.959
1585814100,+3.31, +1.827, +0.172,+0.960
1585814160,+3.31, +1.838, +0.171,+0.960
1585814220,+3.31, +1.805, +0.172,+0.960
1585814280,+3.31, +1.827, +0.170,+0.960
1585814340,+3.31, +1.827, +0.172,+0.960
1585814400,+3.31, +1.849, +0.173,+0.960
1585814460,+3.31, +1.882, +0.170,+0.960
1585814520,+3.31, +1.816, +0.173,+0.960
1585814580,+3.31, +1.849, +0.172,+0.960
1585814640,+3.31, +1.816, +0.172,+0.959
1585814700,+3.31, +1.849, +0.173,+0.960
1585814760,+3.31, +1.838, +0.173,+0.960
1585814820,+3.31, +1.838, +0.172,+0.960
1585814880,+3.31, +1.849, +0.171,+0.960
1585814940,+3.31, +1.827, +0.171,+0.960
1585815000,+3.31, +1.838, +0.173,+0.960
1585815060,+3.31, +1.827, +0.173,+0.960
1585815120,+3.31, +1.816, +0.172,+0.960
1585815180,+3.31, +1.827, +0.173,+0.960
1585815240,+3.31, +1.838, +0.172,+0.960
1585815300,+3.31, +1.849, +0.174,+0.960
1585815360,+3.31, +1.827, +0.173,+0.960
1585815420,+3.31, +1.816, +0.173,+0.960
1585815480,+3.31, +1.816, +0.172,+0.960
1585815540,+3.31, +1.827, +0.173,+0.960
1585815600,+3.31, +1.849, +0.172,+0.960
1585815660,+3.31, +1.849, +0.171,+0.960
1585815720,+3.31, +1.849, +0.171,+0.960
1585815780,+3.31, +1.849, +0.172,+0.960
1585815840,+3.31, +1.838, +0.172,+0.959
1585815900,+3.31, +1.849, +0.172,+0.960
1585815960,+3.31, +1.827, +0.172,+0.960
1585816020,+3.31, +1.816, +0.174,+0.960
1585816080,+3.31, +1.849, +0.172,+0.959
1585816140,+3.31, +1.816, +0.171,+0.960
1585816200,+3.31, +1.838, +0.172,+0.960
1585816260,+3.31, +1.816, +0.173,+0.960
1585816320,+3.31, +1.827, +0.171,+0.960
1585816380,+3.31, +1.849, +0.170,+0.960
1585816440,+3.31, +1.860, +0.173,+0.960
1585816500,+3.31, +1.838, +0.172,+0.960
1585816560,+3.31, +1.849, +0.172,+0.960
1585816620,+3.31, +1.849, +0.172,+0.960
1585816680,+3.31, +1.860, +0.170,+0.960
1585816740,+3.31, +1.816, +0.172,+0.959
1585816800,+3.31, +1.816, +0.173,+0.960
1585816860,+3.31, +1.860, +0.171,+0.959
1585816920,+3.31, +1.860, +0.171,+0.960
1585816980,+3.31, +1.838, +0.173,+0.960
1585817040,+3.31, +1.805, +0.173,+0.960
1585817100,+3.31, +1.794, +0.173,+0.959
1585817160,+3.31, +1.838, +0.172,+0.960
1585817220,+3.31, +1.838, +0.171,+0.960
1585817280,+3.31, +1.816, +0.173,+0.960
1585817340,+3.31, +1.827, +0.174,+0.960
1585817400,+3.31, +1.860, +0.172,+0.960
1585817460,+3.31, +1.794, +0.172,+0.959
1585817520,+3.31, +1.838, +0.173,+0.960
1585817580,+3.31, +1.838, +0.173,+0.960
1585817640,+3.31, +1.827, +0.171,+0.959
1585817700,+3.31, +1.827, +0.172,+0.960
1585817760,+3.31, +1.827, +0.173,+0.960
1585817820,+3.31, +1.838, +0.172,+0.960
1585817880,+3.31, +1.838, +0.172,+0.960
1585817940,+3.31, +1.816, +0.173,+0.960
1585818000,+3.31, +1.838, +0.173,+0.960
1585818060,+3.31, +1.871, +0.172,+0.960
1585818120,+3.31, +1.849, +0.172,+0.960
1585818180,+3.31, +1.860, +0.171,+0.960
1585818240,+3.31, +1.838, +0.172,+0.960
1585818300,+3.31, +1.849, +0.172,+0.960
1585818360,+3.31, +1.838, +0.173,+0.960
1585818420,+3.31, +1.860, +0.172,+0.960
1585818480,+3.31, +1.827, +0.172,+0.960
1585818540,+3.31, +1.849, +0.171,+0.960
1585818600,+3.31, +1.849, +0.173,+0.960
1585818660,+3.31, +1.816, +0.173,+0.960
1585818720,+3.31, +1.838, +0.172,+0.960
1585818780,+3.31, +1.827, +0.172,+0.960
1585818840,+3.31, +1.827, +0.173,+0.960
1585818900,+3.31, +1.827, +0.172,+0.960
1585818960,+3.31, +1.816, +0.172,+0.960
1585819020,+3.31, +1.849, +0.171,+0.960
1585819080,+3.31, +1.838, +0.172,+0.960
1585819140,+3.31, +1.827, +0.172,+0.960
1585819200,+3.31, +1.827, +0.174,+0.960
1585819260,+3.31, +1.838, +0.172,+0.960
1585819320,+3.31, +1.827, +0.173,+0.960
1585819380,+3.31, +1.838, +0.172,+0.960
1585819440,+3.31, +1.871, +0.173,+0.960
1585819500,+3.31, +1.794, +0.174,+0.960
1585819560,+3.31, +1.871, +0.173,+0.960
1585819620,+3.31, +1.838, +0.174,+0.960
1585819680,+3.31, +1.805, +0.174,+0.960
1585819740,+3.31, +1.871, +0.171,+0.960
1585819800,+3.31, +1.816, +0.173,+0.960
1585819860,+3.31, +1.849, +0.172,+0.960
1585819920,+3.31, +1.816, +0.173,+0.960
1585819980,+3.31, +1.827, +0.173,+0.960
1585820040,+3.31, +1.805, +0.172,+0.960
1585820100,+3.31, +1.860, +0.172,+0.960
1585820160,+3.31, +1.838, +0.173,+0.960
1585820220,+3.31, +1.827, +0.173,+0.960
1585820280,+3.31, +1.827, +0.172,+0.960
1585820340,+3.31, +1.816, +0.173,+0.960
1585820400,+3.31, +1.783, +0.174,+0.960
1585820460,+3.31, +1.860, +0.174,+0.960
1585820520,+3.31, +1.838, +0.172,+0.960
1585820580,+3.31, +1.860, +0.173,+0.960
1585820640,+3.31, +1.827, +0.172,+0.960
1585820700,+3.31, +1.827, +0.173,+0.960
1585820760,+3.31, +1.827, +0.172,+0.960
1585820820,+3.31, +1.827, +0.171,+0.959
1585820880,+3.31, +1.827, +0.171,+0.959
1585820940,+3.31, +1.838, +0.174,+0.960
1585821000,+3.31, +1.816, +0.174,+0.960
1585821060,+3.31, +1.849, +0.170,+0.959
1585821120,+3.31, +1.816, +0.173,+0.960
1585821180,+3.31, +1.827, +0.172,+0.960
1585821240,+3.31, +1.838, +0.172,+0.960
1585821300,+3.31, +1.838, +0.171,+0.960
1585821360,+3.31, +1.860, +0.169,+0.960
1585821420,+3.31, +1.838, +0.171,+0.960
1585821480,+3.31, +1.827, +0.173,+0.960
1585821540,+3.31, +1.838, +0.172,+0.960
1585821600,+3.31, +1.827, +0.171,+0.960
1585821660,+3.31, +1.827, +0.171,+0.960
1585821720,+3.31, +1.827, +0.172,+0.960
1585821780,+3.31, +1.849, +0.174,+0.960
1585821840,+3.31, +1.838, +0.170,+0.960
1585821900,+3.31, +1.849, +0.173,+0.960
1585821960,+3.31, +1.849, +0.172,+0.960
1585822020,+3.31, +1.827, +0.173,+0.960
1585822080,+3.31, +1.783, +0.174,+0.960
1585822140,+3.31, +1.838, +0.172,+0.960
1585822200,+3.31, +1.816, +0.170,+0.960
1585822260,+3.31, +1.838, +0.171,+0.960
1585822320,+3.31, +1.827, +0.172,+0.960
1585822380,+3.31, +1.838, +0.172,+0.960
1585822440,+3.31, +1.882, +0.172,+0.960
1585822500,+3.31, +1.838, +0.171,+0.960
1585822560,+3.31, +1.838, +0.173,+0.960
1585822620,+3.31, +1.904, +0.171,+0.960
1585822680,+3.31, +1.849, +0.171,+0.960
1585822740,+3.31, +1.827, +0.171,+0.960
1585822800,+3.31, +1.838, +0.170,+0.960
1585822860,+3.31, +1.827, +0.171,+0.960
1585822920,+3.31, +1.816, +0.173,+0.960
1585822980,+3.31, +1.860, +0.171,+0.960
1585823040,+3.31, +1.838, +0.174,+0.960
1585823100,+3.31, +1.816, +0.173,+0.960
1585823160,+3.31, +1.838, +0.172,+0.960
1585823220,+3.31, +1.827, +0.173,+0.960
1585823280,+3.31, +1.827, +0.172,+0.960
1585823340,+3.31, +1.849, +0.173,+0.960
1585823400,+3.31, +1.838, +0.171,+0.960
1585823460,+3.31, +1.827, +0.172,+0.960
1585823520,+3.31, +1.838, +0.173,+0.960
1585823580,+3.31, +1.816, +0.173,+0.960
1585823640,+3.31, +1.827, +0.173,+0.960
1585823700,+3.31, +1.827, +0.171,+0.960
1585823760,+3.31, +1.838, +0.172,+0.960
1585823820,+3.31, +1.849, +0.170,+0.960
1585823880,+3.31, +1.849, +0.172,+0.960
1585823940,+3.31, +1.849, +0.173,+0.960
1585824000,+3.31, +1.860, +0.171,+0.959
1585824060,+3.31, +1.849, +0.173,+0.960
1585824120,+3.31, +1.849, +0.169,+0.959
1585824180,+3.31, +1.838, +0.172,+0.960
1585824240,+3.31, +1.816, +0.173,+0.960
1585824300,+3.31, +1.827, +0.172,+0.960
1585824360,+3.31, +1.827, +0.172,+0.959
1585824420,+3.31, +1.860, +0.172,+0.960
1585824480,+3.31, +1.838, +0.172,+0.960
1585824540,+3.31, +1.849, +0.173,+0.960
1585824600,+3.31, +1.816, +0.173,+0.960
1585824660,+3.31, +1.849, +0.172,+0.960
1585824720,+3.31, +1.838, +0.172,+0.960
1585824780,+3.31, +1.816, +0.173,+0.960
1585824840,+3.31, +1.838, +0.171,+0.959
1585824900,+3.31, +1.838, +0.173,+0.960
1585824960,+3.31, +1.805, +0.173,+0.960
1585825020,+3.31, +1.827, +0.173,+0.959
1585825080,+3.31, +1.838, +0.174,+0.960
1585825140,+3.31, +1.816, +0.173,+0.960
1585825200,+3.31, +1.838, +0.171,+0.960
1585825260,+3.31, +1.849, +0.172,+0.960
1585825320,+3.31, +1.849, +0.171,+0.959
1585825380,+3.31, +1.849, +0.173,+0.960
1585825440,+3.31, +1.827, +0.172,+0.960
1585825500,+3.31, +1.816, +0.172,+0.960
1585825560,+3.31, +1.860, +0.172,+0.960
1585825620,+3.31, +1.816, +0.173,+0.960
1585825680,+3.31, +1.827, +0.173,+0.960
1585825740,+3.31, +1.827, +0.173,+0.960
1585825800,+3.31, +1.827, +0.173,+0.960
1585825860,+3.31, +1.827, +0.174,+0.960
1585825920,+3.31, +1.816, +0.172,+0.960
1585825980,+3.31, +1.849, +0.172,+0.960
1585826040,+3.31, +1.827, +0.173,+0.960
1585826100,+3.31, +1.816, +0.172,+0.960
1585826160,+3.31, +1.816, +0.172,+0.960
1585826220,+3.31, +1.838, +0.175,+0.960
1585826280,+3.31, +1.827, +0.172,+0.960
1585826340,+3.31, +1.849, +0.172,+0.960
1585826400,+3.31, +1.838, +0.173,+0.960
1585826460,+3.31, +1.827, +0.172,+0.960
1585826520,+3.31, +1.827, +0.171,+0.959
1585826580,+3.31, +1.827, +0.172,+0.960
1585826640,+3.31, +1.849, +0.173,+0.960
1585826700,+3.31, +1.838, +0.171,+0.959
1585826760,+3.31, +1.838, +0.173,+0.960
1585826820,+3.31, +1.849, +0.171,+0.960
1585826880,+3.31, +1.816, +0.172,+0.960
1585826940,+3.31, +1.849, +0.173,+0.960
1585827000,+3.31, +1.827, +0.173,+0.960
1585827060,+3.31, +1.805, +0.175,+0.960
1585827120,+3.31, +1.827, +0.172,+0.959
1585827180,+3.31, +1.849, +0.170,+0.960
1585827240,+3.31, +1.827, +0.172,+0.960
1585827300,+3.31, +1.827, +0.173,+0.959
1585827360,+3.31, +1.849, +0.172,+0.960
1585827420,+3.31, +1.838, +0.173,+0.960
1585827480,+3.31, +1.827, +0.171,+0.959
1585827540,+3.31, +1.827, +0.173,+0.960
1585827600,+3.31, +1.816, +0.173,+0.960
1585827660,+3.31, +1.838, +0.170,+0.960
1585827720,+3.31, +1.827, +0.174,+0.960
1585827780,+3.31, +1.838, +0.171,+0.960
1585827840,+3.31, +1.849, +0.171,+0.959
1585827900,+3.31, +1.849, +0.172,+0.960
1585827960,+3.31, +1.838, +0.172,+0.960
1585828020,+3.31, +1.794, +0.174,+0.960
1585828080,+3.31, +1.860, +0.172,+0.960
1585828140,+3.31, +1.860, +0.172,+0.960
1585828200,+3.31, +1.849, +0.171,+0.960
1585828260,+3.31, +1.849, +0.174,+0.960
1585828320,+3.31, +1.816, +0.172,+0.960
1585828380,+3.31, +1.838, +0.172,+0.960
1585828440,+3.31, +1.838, +0.173,+0.960
1585828500,+3.31, +1.838, +0.172,+0.960
1585828560,+3.31, +1.838, +0.172,+0.960
1585828620,+3.31, +1.805, +0.171,+0.959
1585828680,+3.31, +1.860, +0.172,+0.960
1585828740,+3.31, +1.816, +0.173,+0.959
1585828800,+3.31, +1.805, +0.172,+0.960
1585828860,+3.31, +1.838, +0.173,+0.960
1585828920,+3.31, +1.838, +0.172,+0.960
1585828980,+3.31, +1.838, +0.171,+0.960
1585829040,+3.31, +1.816, +0.172,+0.959
1585829100,+3.31, +1.827, +0.173,+0.960
1585829160,+3.31, +1.827, +0.174,+0.960
1585829220,+3.31, +1.860, +0.171,+0.960
1585829280,+3.31, +1.816, +0.172,+0.959
1585829340,+3.31, +1.838, +0.171,+0.960
1585829400,+3.31, +1.860, +0.172,+0.960
1585829460,+3.31, +1.860, +0.173,+0.960
1585829520,+3.31, +1.816, +0.173,+0.960
1585829580,+3.31, +1.871, +0.172,+0.960
1585829640,+3.31, +1.838, +0.171,+0.960
1585829700,+3.31, +1.849, +0.172,+0.960
1585829760,+3.31, +1.849, +0.172,+0.960
1585829820,+3.31, +1.838, +0.172,+0.960
1585829880,+3.31, +1.849, +0.172,+0.960
1585829940,+3.31, +1.838, +0.171,+0.959
1585830000,+3.31, +1.816, +0.173,+0.959
1585830060,+3.31, +1.827, +0.173,+0.960
1585830120,+3.31, +1.838, +0.174,+0.960
1585830180,+3.31, +1.827, +0.173,+0.960
1585830240,+3.31, +1.838, +0.173,+0.960
1585830300,+3.31, +1.827, +0.174,+0.960
1585830360,+3.31, +1.816, +0.172,+0.960
1585830420,+3.31, +1.838, +0.174,+0.960
1585830480,+3.31, +1.838, +0.173,+0.960
1585830540,+3.31, +1.871, +0.171,+0.960
1585830600,+3.31, +1.838, +0.173,+0.960
1585830660,+3.31, +1.827, +0.173,+0.960
1585830720,+3.31, +1.849, +0.173,+0.960
1585830780,+3.31, +1.893, +0.173,+0.960
1585830840,+3.31, +1.838, +0.172,+0.960
1585830900,+3.31, +1.860, +0.170,+0.959
1585830960,+3.31, +1.838, +0.173,+0.960
1585831020,+3.31, +1.871, +0.172,+0.960
1585831080,+3.31, +1.871, +0.171,+0.960
1585831140,+3.31, +1.838, +0.172,+0.960
1585831200,+3.31, +1.827, +0.173,+0.960
1585831260,+3.31, +1.849, +0.173,+0.960
1585831320,+3.31, +1.838, +0.172,+0.960
1585831380,+3.31, +1.838, +0.173,+0.960
1585831440,+3.31, +1.860, +0.172,+0.960
1585831500,+3.31, +1.860, +0.173,+0.960
1585831560,+3.31, +1.827, +0.172,+0.960
1585831620,+3.31, +1.849, +0.174,+0.960
1585831680,+3.31, +1.871, +0.170,+0.960
1585831740,+3.31, +1.838, +0.172,+0.960
1585831800,+3.31, +1.838, +0.173,+0.960
1585831860,+3.31, +1.849, +0.174,+0.960
1585831920,+3.31, +1.860, +0.173,+0.960
1585831980,+3.31, +1.871, +0.173,+0.960
1585832040,+3.31, +1.849, +0.173,+0.960
1585832100,+3.31, +1.827, +0.175,+0.960
1585832160,+3.31, +1.849, +0.172,+0.959
1585832220,+3.31, +1.860, +0.173,+0.960
1585832280,+3.31, +1.849, +0.172,+0.960
1585832340,+3.31, +1.882, +0.174,+0.960
1585832400,+3.31, +1.849, +0.174,+0.960
1585832460,+3.31, +1.860, +0.174,+0.960
1585832520,+3.31, +1.871, +0.174,+0.960
1585832580,+3.31, +1.860, +0.174,+0.960
1585832640,+3.31, +1.871, +0.175,+0.960
1585832700,+3.31, +1.827, +0.176,+0.960
1585832760,+3.31, +1.849, +0.175,+0.960
1585832820,+3.31, +1.860, +0.175,+0.960
1585832880,+3.31, +1.871, +0.176,+0.960
1585832940,+3.31, +1.838, +0.175,+0.960
1585833000,+3.31, +1.849, +0.175,+0.960
1585833060,+3.31, +1.882, +0.176,+0.960
1585833120,+3.31, +1.871, +0.174,+0.960
1585833180,+3.31, +1.871, +0.176,+0.960
1585833240,+3.31, +1.860, +0.176,+0.960
1585833300,+3.31, +1.860, +0.174,+0.960
1585833360,+3.31, +1.860, +0.175,+0.960
1585833420,+3.31, +1.882, +0.173,+0.960
1585833480,+3.31, +1.849, +0.175,+0.960
1585833540,+3.31, +1.882, +0.176,+0.960
1585833600,+3.31, +1.860, +0.176,+0.960
1585833660,+3.31, +1.838, +0.175,+0.960
1585833720,+3.31, +1.871, +0.175,+0.960
1585833780,+3.31, +1.860, +0.177,+0.960
1585833840,+3.31, +1.849, +0.177,+0.960
1585833900,+3.31, +1.849, +0.178,+0.960
1585833960,+3.31, +1.849, +0.180,+0.960
1585834020,+3.31, +1.838, +0.183,+0.960
1585834080,+3.31, +1.849, +0.184,+0.960
1585834140,+3.31, +1.882, +0.185,+0.960
1585834200,+3.31, +1.849, +0.188,+0.960
1585834260,+3.31, +1.860, +0.191,+0.960
1585834320,+3.31, +1.860, +0.194,+0.960
1585834380,+3.31, +1.871, +0.197,+0.960
1585834440,+3.31, +1.827, +0.202,+0.960
1585834500,+3.31, +1.849, +0.203,+0.960
1585834560,+3.31, +1.871, +0.207,+0.960
1585834620,+3.31, +1.849, +0.209,+0.960
1585834680,+3.31, +1.838, +0.212,+0.960
1585834740,+3.31, +1.805, +0.214,+0.960
1585834800,+3.31, +1.838, +0.215,+0.960
1585834860,+3.31, +1.860, +0.216,+0.960
1585834920,+3.31, +1.860, +0.220,+0.961
1585834980,+3.31, +1.838, +0.221,+0.960
1585835040,+3.31, +1.849, +0.223,+0.960
1585835100,+3.31, +1.827, +0.224,+0.960
1585835160,+3.31, +1.849, +0.224,+0.960
1585835220,+3.31, +1.860, +0.224,+0.960
1585835280,+3.31, +1.838, +0.224,+0.960
1585835340,+3.31, +1.860, +0.224,+0.961
1585835400,+3.31, +1.849, +0.222,+0.960
1585835460,+3.31, +1.860, +0.220,+0.960
1585835520,+3.31, +1.849, +0.220,+0.960
1585835580,+3.31, +1.849, +0.218,+0.960
1585835640,+3.31, +1.871, +0.216,+0.960
1585835700,+3.31, +1.849, +0.215,+0.960
1585835760,+3.31, +1.849, +0.211,+0.960
1585835820,+3.31, +1.849, +0.207,+0.960
1585835880,+3.31, +1.827, +0.203,+0.960
1585835940,+3.31, +1.849, +0.200,+0.960
1585836000,+3.31, +1.937, +0.196,+0.961
1585836060,+3.31, +1.838, +0.193,+0.960
1585836120,+3.31, +1.827, +0.188,+0.960
1585836180,+3.31, +1.827, +0.187,+0.960
1585836240,+3.31, +1.838, +0.181,+0.960
1585836300,+3.31, +1.827, +0.179,+0.960
1585836360,+3.31, +1.849, +0.177,+0.960
1585836420,+3.31, +1.849, +0.178,+0.960
1585836480,+3.31, +1.838, +0.176,+0.960
1585836540,+3.31, +1.805, +0.176,+0.960
1585836600,+3.31, +1.849, +0.174,+0.960
1585836660,+3.31, +1.827, +0.175,+0.960
1585836720,+3.31, +1.849, +0.174,+0.960
1585836780,+3.31, +1.838, +0.174,+0.960
1585836840,+3.31, +1.827, +0.174,+0.960
1585836900,+3.31, +1.838, +0.172,+0.960
1585836960,+3.31, +1.849, +0.174,+0.960
1585837020,+3.31, +1.827, +0.173,+0.960
1585837080,+3.31, +1.827, +0.172,+0.959
1585837140,+3.31, +1.860, +0.170,+0.960
1585837200,+3.31, +1.838, +0.172,+0.960
1585837260,+3.31, +1.838, +0.173,+0.959
1585837320,+3.31, +1.816, +0.174,+0.960
1585837380,+3.31, +1.816, +0.174,+0.960
1585837440,+3.31, +1.827, +0.171,+0.959
1585837500,+3.31, +1.860, +0.172,+0.960
1585837560,+3.31, +1.849, +0.173,+0.960
1585837620,+3.31, +1.838, +0.174,+0.960
1585837680,+3.31, +1.816, +0.172,+0.959
1585837740,+3.31, +1.849, +0.172,+0.960
1585837800,+3.31, +1.827, +0.171,+0.959
1585837860,+3.31, +1.849, +0.171,+0.960
1585837920,+3.31, +1.860, +0.173,+0.960
1585837980,+3.31, +1.849, +0.173,+0.960
1585838040,+3.31, +1.827, +0.173,+0.960
1585838100,+3.31, +1.838, +0.172,+0.960
1585838160,+3.31, +1.827, +0.172,+0.960
1585838220,+3.31, +1.849, +0.171,+0.960
1585838280,+3.31, +1.849, +0.172,+0.960
1585838340,+3.31, +1.805, +0.173,+0.959
1585838400,+3.31, +1.838, +0.172,+0.960
1585838460,+3.31, +1.871, +0.171,+0.960
1585838520,+3.31, +1.838, +0.171,+0.960
1585838580,+3.31, +1.827, +0.173,+0.960
1585838640,+3.31, +1.849, +0.171,+0.960
1585838700,+3.31, +1.816, +0.172,+0.960
1585838760,+3.31, +1.794, +0.173,+0.959
1585838820,+3.31, +1.838, +0.173,+0.960
1585838880,+3.31, +1.827, +0.173,+0.960
1585838940,+3.31, +1.838, +0.173,+0.960
1585839000,+3.31, +1.827, +0.173,+0.959
1585839060,+3.31, +1.849, +0.171,+0.960
1585839120,+3.31, +1.827, +0.172,+0.959
1585839180,+3.31, +1.827, +0.174,+0.960
1585839240,+3.31, +1.827, +0.172,+0.960
1585839300,+3.31, +1.816, +0.173,+0.960
1585839360,+3.31, +1.838, +0.174,+0.960
1585839420,+3.31, +1.849, +0.171,+0.960
1585839480,+3.31, +1.860, +0.171,+0.960
1585839540,+3.31, +1.816, +0.173,+0.959
1585839600,+3.31, +1.838, +0.174,+0.960
1585839660,+3.31, +1.838, +0.174,+0.960
1585839720,+3.31, +1.805, +0.177,+0.960
1585839780,+3.31, +1.838, +0.177,+0.960
1585839840,+3.31, +1.849, +0.178,+0.960
1585839900,+3.31, +1.816, +0.178,+0.960
1585839960,+3.31, +1.838, +0.178,+0.960
1585840020,+3.31, +1.849, +0.178,+0.960
1585840080,+3.31, +1.882, +0.177,+0.960
1585840140,+3.31, +1.838, +0.177,+0.960
1585840200,+3.31, +1.827, +0.175,+0.960
1585840260,+3.31, +1.827, +0.175,+0.960
1585840320,+3.31, +1.860, +0.173,+0.960
1585840380,+3.31, +1.838, +0.174,+0.960
1585840440,+3.31, +1.838, +0.173,+0.960
1585840500,+3.31, +1.816, +0.174,+0.960
1585840560,+3.31, +1.838, +0.173,+0.960
1585840620,+3.31, +1.816, +0.172,+0.959
1585840680,+3.31, +1.827, +0.172,+0.959
1585840740,+3.31, +1.827, +0.173,+0.960
1585840800,+3.31, +1.827, +0.175,+0.960
1585840860,+3.31, +1.849, +0.173,+0.960
1585840920,+3.31, +1.838, +0.171,+0.960
1585840980,+3.31, +1.805, +0.175,+0.960
1585841040,+3.31, +1.838, +0.173,+0.960
1585841100,+3.31, +1.816, +0.172,+0.959
1585841160,+3.31, +1.794, +0.173,+0.960
1585841220,+3.31, +1.816, +0.171,+0.960
1585841280,+3.31, +1.816, +0.172,+0.960
1585841340,+3.31, +1.838, +0.171,+0.960
1585841400,+3.31, +1.816, +0.171,+0.960
1585841460,+3.31, +1.860, +0.170,+0.960
1585841520,+3.31, +1.827, +0.173,+0.960
1585841580,+3.31, +1.816, +0.170,+0.960
1585841640,+3.31, +1.849, +0.171,+0.959
1585841700,+3.31, +1.827, +0.172,+0.960
1585841760,+3.31, +1.838, +0.173,+0.960
1585841820,+3.31, +1.816, +0.174,+0.959
1585841880,+3.31, +1.827, +0.175,+0.960
1585841940,+3.31, +1.849, +0.172,+0.960
1585842000,+3.31, +1.849, +0.171,+0.960
1585842060,+3.31, +1.827, +0.173,+0.960
1585842120,+3.31, +1.827, +0.174,+0.960
1585842180,+3.31, +1.838, +0.173,+0.960
1585842240,+3.31, +1.838, +0.173,+0.960
1585842300,+3.31, +1.849, +0.173,+0.960
1585842360,+3.31, +1.827, +0.174,+0.960
1585842420,+3.31, +1.860, +0.171,+0.960
1585842480,+3.31, +1.816, +0.174,+0.960
1585842540,+3.31, +1.849, +0.173,+0.960
1585842600,+3.31, +1.849, +0.172,+0.960
1585842660,+3.31, +1.849, +0.175,+0.960
1585842720,+3.31, +1.827, +0.171,+0.960
1585842780,+3.31, +1.827, +0.173,+0.959
1585842840,+3.31, +1.838, +0.170,+0.960
1585842900,+3.31, +1.816, +0.172,+0.960
1585842960,+3.31, +1.838, +0.171,+0.960
1585843020,+3.31, +1.838, +0.173,+0.960
1585843080,+3.31, +1.893, +0.171,+0.960
1585843140,+3.31, +1.849, +0.171,+0.959
1585843200,+3.31, +1.860, +0.171,+0.959
1585843260,+3.31, +1.838, +0.173,+0.960
1585843320,+3.31, +1.849, +0.173,+0.960
1585843380,+3.31, +1.871, +0.173,+0.960
1585843440,+3.31, +1.860, +0.172,+0.960
1585843500,+3.31, +1.871, +0.172,+0.960
1585843560,+3.31, +1.871, +0.172,+0.960
1585843620,+3.31, +1.860, +0.172,+0.959
1585843680,+3.31, +1.838, +0.172,+0.960
1585843740,+3.31, +1.849, +0.171,+0.959
1585843800,+3.31, +1.849, +0.172,+0.960
1585843860,+3.31, +1.882, +0.173,+0.960
1585843920,+3.31, +1.849, +0.173,+0.960
1585843980,+3.31, +1.827, +0.171,+0.960
1585844040,+3.31, +1.827, +0.172,+0.960
1585844100,+3.31, +1.871, +0.173,+0.960
1585844160,+3.31, +1.838, +0.173,+0.960
1585844220,+3.31, +1.849, +0.173,+0.960
1585844280,+3.31, +1.849, +0.172,+0.960
1585844340,+3.31, +1.860, +0.172,+0.960
1585844400,+3.31, +1.860, +0.171,+0.960
1585844460,+3.31, +1.838, +0.173,+0.960
1585844520,+3.31, +1.816, +0.172,+0.959
1585844580,+3.31, +1.827, +0.172,+0.960
1585844640,+3.31, +1.849, +0.173,+0.960
1585844700,+3.31, +1.849, +0.172,+0.960
1585844760,+3.31, +1.860, +0.171,+0.960
1585844820,+3.31, +1.849, +0.170,+0.960
1585844880,+3.31, +1.860, +0.173,+0.960
1585844940,+3.31, +1.849, +0.172,+0.960
1585845000,+3.31, +1.805, +0.173,+0.960
1585845060,+3.31, +1.849, +0.172,+0.960
1585845120,+3.31, +1.849, +0.172,+0.960
1585845180,+3.31, +1.827, +0.172,+0.960
1585845240,+3.31, +1.838, +0.173,+0.960
1585845300,+3.31, +1.849, +0.174,+0.960
1585845360,+3.31, +1.849, +0.171,+0.960
1585845420,+3.31, +1.827, +0.173,+0.960
1585845480,+3.31, +1.827, +0.172,+0.960
1585845540,+3.31, +1.882, +0.172,+0.960
1585845600,+3.31, +1.827, +0.170,+0.960
1585845660,+3.31, +1.816, +0.173,+0.960
1585845720,+3.31, +1.816, +0.171,+0.960
1585845780,+3.31, +1.827, +0.174,+0.960
1585845840,+3.31, +1.816, +0.174,+0.960
1585845900,+3.31, +1.827, +0.173,+0.960
1585845960,+3.31, +1.816, +0.171,+0.959
1585846020,+3.31, +1.827, +0.171,+0.960
1585846080,+3.31, +1.860, +0.171,+0.960
1585846140,+3.31, +1.827, +0.172,+0.960
1585846200,+3.31, +1.838, +0.173,+0.960
1585846260,+3.31, +1.816, +0.172,+0.960
1585846320,+3.31, +1.838, +0.172,+0.960
1585846380,+3.31, +1.827, +0.172,+0.960
1585846440,+3.31, +1.816, +0.173,+0.960
1585846500,+3.31, +1.816, +0.171,+0.960
1585846560,+3.31, +1.838, +0.171,+0.960
1585846620,+3.31, +1.827, +0.172,+0.960
1585846680,+3.31, +1.827, +0.171,+0.960
1585846740,+3.31, +1.816, +0.173,+0.960
1585846800,+3.31, +1.827, +0.173,+0.960
1585846860,+3.31, +1.838, +0.172,+0.960
1585846920,+3.31, +1.816, +0.172,+0.960
1585846980,+3.31, +1.805, +0.172,+0.960
1585847040,+3.31, +1.838, +0.172,+0.959
1585847100,+3.31, +1.816, +0.172,+0.960
1585847160,+3.31, +1.805, +0.173,+0.960
1585847220,+3.31, +1.827, +0.172,+0.960
1585847280,+3.31, +1.849, +0.173,+0.960
1585847340,+3.31, +1.838, +0.172,+0.960
1585847400,+3.31, +1.838, +0.171,+0.960
1585847460,+3.31, +1.827, +0.171,+0.960
1585847520,+3.31, +1.827, +0.172,+0.960
1585847580,+3.31, +1.816, +0.171,+0.960
1585847640,+3.31, +1.838, +0.171,+0.960
1585847700,+3.31, +1.827, +0.172,+0.960
1585847760,+3.31, +1.860, +0.172,+0.960
1585847820,+3.31, +1.838, +0.170,+0.960
1585847880,+3.31, +1.849, +0.171,+0.960
1585847940,+3.31, +1.816, +0.172,+0.960
1585848000,+3.31, +1.849, +0.172,+0.960
1585848060,+3.31, +1.838, +0.172,+0.960
1585848120,+3.31, +1.860, +0.173,+0.960
1585848180,+3.31, +1.805, +0.172,+0.960
1585848240,+3.31, +1.849, +0.172,+0.960
1585848300,+3.31, +1.860, +0.172,+0.960
1585848360,+3.31, +1.805, +0.173,+0.960
1585848420,+3.31, +1.849, +0.172,+0.960
1585848480,+3.31, +1.794, +0.173,+0.960
1585848540,+3.31, +1.827, +0.172,+0.960
1585848600,+3.31, +1.849, +0.172,+0.960
1585848660,+3.31, +1.794, +0.173,+0.960
1585848720,+3.31, +1.849, +0.172,+0.960
1585848780,+3.31, +1.860, +0.172,+0.960
1585848840,+3.31, +1.849, +0.170,+0.960
1585848900,+3.31, +1.838, +0.173,+0.960
1585848960,+3.31, +1.838, +0.172,+0.960
1585849020,+3.31, +1.849, +0.171,+0.960
1585849080,+3.31, +1.860, +0.173,+0.960
1585849140,+3.31, +1.849, +0.173,+0.960
1585849200,+3.31, +1.849, +0.172,+0.960
1585849260,+3.31, +1.838, +0.172,+0.960
1585849320,+3.31, +1.827, +0.173,+0.960
1585849380,+3.31, +1.849, +0.172,+0.960
1585849440,+3.31, +1.849, +0.173,+0.960
1585849500,+3.31, +1.827, +0.173,+0.960
1585849560,+3.31, +1.827, +0.173,+0.960
1585849620,+3.31, +1.827, +0.174,+0.960
1585849680,+3.31, +1.849, +0.172,+0.960
1585849740,+3.31, +1.860, +0.171,+0.960
1585849800,+3.31, +1.860, +0.173,+0.960
1585849860,+3.31, +1.860, +0.174,+0.960
1585849920,+3.31, +1.805, +0.174,+0.960
1585849980,+3.31, +1.816, +0.173,+0.960
1585850040,+3.31, +1.827, +0.174,+0.960
1585850100,+3.31, +1.849, +0.172,+0.960
1585850160,+3.31, +1.849, +0.172,+0.960
1585850220,+3.31, +1.838, +0.173,+0.960
1585850280,+3.31, +1.860, +0.171,+0.960
1585850340,+3.31, +1.849, +0.173,+0.960
1585850400,+3.31, +1.849, +0.172,+0.960
1585850460,+3.31, +1.849, +0.171,+0.960
1585850520,+3.31, +1.838, +0.173,+0.960
1585850580,+3.31, +1.838, +0.171,+0.959
1585850640,+3.31, +1.849, +0.172,+0.960
1585850700,+3.31, +1.838, +0.172,+0.960
1585850760,+3.31, +1.827, +0.171,+0.960
1585850820,+3.31, +1.838, +0.172,+0.960
1585850880,+3.31, +1.838, +0.172,+0.960
1585850940,+3.31, +1.838, +0.171,+0.960
1585851000,+3.31, +1.827, +0.173,+0.960
1585851060,+3.31, +1.838, +0.171,+0.960
1585851120,+3.31, +1.838, +0.173,+0.960
1585851180,+3.31, +1.849, +0.173,+0.960
1585851240,+3.31, +1.816, +0.172,+0.960
1585851300,+3.31, +1.849, +0.172,+0.960
1585851360,+3.31, +1.849, +0.171,+0.959
1585851420,+3.31, +1.805, +0.175,+0.960
1585851480,+3.31, +1.827, +0.174,+0.960
1585851540,+3.31, +1.805, +0.174,+0.960
1585851600,+3.31, +1.871, +0.172,+0.960
1585851660,+3.31, +1.827, +0.173,+0.960
1585851720,+3.31, +1.827, +0.173,+0.960
1585851780,+3.31, +1.816, +0.172,+0.960
1585851840,+3.31, +1.849, +0.173,+0.960
1585851900,+3.31, +1.827, +0.171,+0.960
1585851960,+3.31, +1.816, +0.173,+0.960
1585852020,+3.31, +1.860, +0.173,+0.960
1585852080,+3.31, +1.827, +0.174,+0.960
1585852140,+3.31, +1.827, +0.172,+0.960
1585852200,+3.31, +1.827, +0.173,+0.960
1585852260,+3.31, +1.838, +0.170,+0.960
1585852320,+3.31, +1.827, +0.174,+0.960
1585852380,+3.31, +1.827, +0.172,+0.959
1585852440,+3.31, +1.849, +0.171,+0.959
1585852500,+3.31, +1.827, +0.172,+0.960
1585852560,+3.31, +1.871, +0.171,+0.960
1585852620,+3.31, +1.838, +0.170,+0.959
1585852680,+3.31, +1.849, +0.171,+0.960
1585852740,+3.31, +1.860, +0.173,+0.960
1585852800,+3.31, +1.849, +0.173,+0.960
1585852860,+3.31, +1.838, +0.172,+0.960
1585852920,+3.31, +1.838, +0.172,+0.960
1585852980,+3.31, +1.838, +0.173,+0.960
1585853040,+3.31, +1.860, +0.172,+0.960
1585853100,+3.31, +1.838, +0.172,+0.960
1585853160,+3.31, +1.849, +0.171,+0.960
1585853220,+3.31, +1.849, +0.172,+0.960
1585853280,+3.31, +1.849, +0.171,+0.960
1585853340,+3.31, +1.838, +0.171,+0.959
1585853400,+3.31, +1.838, +0.172,+0.960
1585853460,+3.31, +1.805, +0.173,+0.960
1585853520,+3.31, +1.838, +0.172,+0.960
1585853580,+3.31, +1.805, +0.172,+0.960
1585853640,+3.31, +1.816, +0.174,+0.960
1585853700,+3.31, +1.838, +0.173,+0.960
1585853760,+3.31, +1.783, +0.174,+0.960
1585853820,+3.31, +1.805, +0.173,+0.960
1585853880,+3.31, +1.849, +0.172,+0.960
1585853940,+3.31, +1.827, +0.170,+0.960
1585854000,+3.31, +1.838, +0.172,+0.960
1585854060,+3.31, +1.838, +0.173,+0.960
1585854120,+3.31, +1.827, +0.174,+0.960
1585854180,+3.31, +1.827, +0.171,+0.960
1585854240,+3.31, +1.860, +0.172,+0.960
1585854300,+3.31, +1.816, +0.173,+0.960
1585854360,+3.31, +1.816, +0.172,+0.960
1585854420,+3.31, +1.838, +0.173,+0.960
1585854480,+3.31, +1.838, +0.173,+0.960
1585854540,+3.31, +1.871, +0.172,+0.960
1585854600,+3.31, +1.794, +0.173,+0.959
1585854660,+3.31, +1.827, +0.172,+0.960
1585854720,+3.31, +1.849, +0.171,+0.960
1585854780,+3.31, +1.794, +0.173,+0.960
1585854840,+3.31, +1.849, +0.172,+0.960
1585854900,+3.31, +1.827, +0.173,+0.960
1585854960,+3.31, +1.827, +0.172,+0.960
1585855020,+3.31, +1.849, +0.173,+0.960
1585855080,+3.31, +1.838, +0.172,+0.960
1585855140,+3.31, +1.794, +0.174,+0.960
1585855200,+3.31, +1.838, +0.171,+0.960
1585855260,+3.31, +1.838, +0.171,+0.960
1585855320,+3.31, +1.827, +0.173,+0.960
1585855380,+3.31, +1.783, +0.172,+0.959
1585855440,+3.31, +1.838, +0.172,+0.960
1585855500,+3.31, +1.816, +0.172,+0.960
1585855560,+3.31, +1.827, +0.171,+0.960
1585855620,+3.31, +1.816, +0.172,+0.960
1585855680,+3.31, +1.838, +0.172,+0.960
1585855740,+3.31, +1.816, +0.173,+0.960
1585855800,+3.31, +1.827, +0.173,+0.960
1585855860,+3.31, +1.805, +0.173,+0.960
1585855920,+3.31, +1.827, +0.172,+0.960
1585855980,+3.31, +1.838, +0.172,+0.960
1585856040,+3.31, +1.805, +0.173,+0.960
1585856100,+3.31, +1.827, +0.170,+0.960
1585856160,+3.31, +1.805, +0.171,+0.959
1585856220,+3.31, +1.816, +0.172,+0.960
1585856280,+3.31, +1.827, +0.171,+0.960
1585856340,+3.31, +1.805, +0.172,+0.960
1585856400,+3.31, +1.827, +0.171,+0.960
1585856460,+3.31, +1.838, +0.172,+0.960
1585856520,+3.31, +1.816, +0.173,+0.960
1585856580,+3.31, +1.827, +0.172,+0.960
1585856640,+3.31, +1.838, +0.173,+0.960
1585856700,+3.31, +1.783, +0.173,+0.959
1585856760,+3.31, +1.860, +0.173,+0.960
1585856820,+3.31, +1.805, +0.169,+0.959
1585856880,+3.31, +1.805, +0.173,+0.960
1585856940,+3.31, +1.816, +0.171,+0.960
1585857000,+3.31, +1.827, +0.173,+0.960
1585857060,+3.31, +1.805, +0.172,+0.960
1585857120,+3.31, +1.794, +0.172,+0.959
1585857180,+3.31, +1.794, +0.174,+0.960
1585857240,+3.31, +1.816, +0.172,+0.960
1585857300,+3.31, +1.816, +0.172,+0.960
1585857360,+3.31, +1.838, +0.171,+0.960
1585857420,+3.31, +1.827, +0.172,+0.959
1585857480,+3.31, +1.838, +0.172,+0.960
1585857540,+3.31, +1.827, +0.171,+0.960
1585857600,+3.31, +1.805, +0.173,+0.960
1585857660,+3.31, +1.816, +0.172,+0.960
1585857720,+3.31, +1.805, +0.173,+0.960
1585857780,+3.31, +1.827, +0.171,+0.960
1585857840,+3.31, +1.805, +0.172,+0.960
1585857900,+3.31, +1.794, +0.173,+0.959
1585857960,+3.31, +1.805, +0.172,+0.960
1585858020,+3.31, +1.816, +0.173,+0.960
1585858080,+3.31, +1.805, +0.171,+0.960
1585858140,+3.31, +1.794, +0.174,+0.960
1585858200,+3.31, +1.816, +0.174,+0.960
1585858260,+3.31, +1.816, +0.171,+0.960
1585858320,+3.31, +1.816, +0.173,+0.960
1585858380,+3.31, +1.816, +0.173,+0.960
1585858440,+3.31, +1.816, +0.174,+0.960
1585858500,+3.31, +1.827, +0.175,+0.960
1585858560,+3.31, +1.838, +0.177,+0.960
1585858620,+3.31, +1.805, +0.183,+0.960
1585858680,+3.31, +1.816, +0.184,+0.960
1585858740,+3.31, +1.849, +0.189,+0.960
1585858800,+3.31, +1.827, +0.192,+0.960
1585858860,+3.31, +1.816, +0.197,+0.960
1585858920,+3.31, +1.827, +0.200,+0.960
1585858980,+3.31, +1.849, +0.205,+0.960
1585859040,+3.31, +1.838, +0.209,+0.960
1585859100,+3.31, +1.838, +0.210,+0.960
1585859160,+3.31, +1.805, +0.213,+0.960
1585859220,+3.31, +1.805, +0.212,+0.960
1585859280,+3.31, +1.827, +0.211,+0.960
1585859340,+3.31, +1.816, +0.206,+0.960
1585859400,+3.31, +1.816, +0.205,+0.960
1585859460,+3.31, +1.827, +0.200,+0.960
1585859520,+3.31, +1.838, +0.198,+0.960
1585859580,+3.31, +1.860, +0.194,+0.960
1585859640,+3.31, +1.794, +0.195,+0.960
1585859700,+3.31, +1.849, +0.191,+0.960
1585859760,+3.31, +1.838, +0.192,+0.960
1585859820,+3.31, +1.816, +0.190,+0.960
1585859880,+3.31, +1.860, +0.190,+0.960
1585859940,+3.31, +1.838, +0.188,+0.960
1585860000,+3.31, +1.827, +0.187,+0.960
1585860060,+3.31, +1.816, +0.187,+0.960
1585860120,+3.31, +1.838, +0.187,+0.960
1585860180,+3.31, +1.827, +0.186,+0.960
1585860240,+3.31, +1.827, +0.184,+0.960
1585860300,+3.31, +1.805, +0.182,+0.960
1585860360,+3.31, +1.849, +0.182,+0.960
1585860420,+3.31, +1.838, +0.179,+0.960
1585860480,+3.31, +1.816, +0.179,+0.960
1585860540,+3.31, +1.871, +0.179,+0.960
1585860600,+3.31, +1.805, +0.177,+0.960
