7392-570653
OS REV: 1.11 Sensor Cal: 1428445788
Time (sec),  BV (Volts),  T (deg C),  DO (mg/l),  Q ()
1579639860,+3.33, +3.024, +0.162,+0.960
1579639920,+3.34, +2.971, +0.164,+0.960
1579639980,+3.34, +3.003, +0.164,+0.960
1579640040,+3.34, +3.045, +0.162,+0.960
1579640100,+3.34, +2.992, +0.164,+0.960
1579640160,+3.34, +2.982, +0.162,+0.960
1579640220,+3.34, +3.024, +0.163,+0.960
1579640280,+3.34, +3.024, +0.164,+0.960
1579640340,+3.34, +3.003, +0.163,+0.960
1579640400,+3.34, +3.003, +0.161,+0.960
1579640460,+3.34, +2.992, +0.163,+0.960
1579640520,+3.34, +3.035, +0.163,+0.960
1579640580,+3.34, +3.014, +0.162,+0.960
1579640640,+3.34, +3.024, +0.162,+0.960
1579640700,+3.34, +3.024, +0.162,+0.960
1579640760,+3.34, +3.045, +0.163,+0.960
1579640820,+3.34, +3.035, +0.163,+0.960
1579640880,+3.34, +3.035, +0.163,+0.960
1579640940,+3.34, +3.003, +0.164,+0.960
1579641000,+3.34, +3.024, +0.163,+0.960
1579641060,+3.34, +3.035, +0.164,+0.960
1579641120,+3.34, +3.014, +0.163,+0.960
1579641180,+3.34, +3.003, +0.163,+0.960
1579641240,+3.34, +2.992, +0.161,+0.960
1579641300,+3.34, +2.992, +0.164,+0.960
1579641360,+3.33, +3.024, +0.162,+0.960
1579641420,+3.34, +3.024, +0.162,+0.960
1579641480,+3.34, +3.014, +0.162,+0.960
1579641540,+3.34, +3.035, +0.163,+0.960
1579641600,+3.34, +3.024, +0.162,+0.960
1579641660,+3.34, +3.035, +0.163,+0.960
1579641720,+3.34, +3.056, +0.161,+0.960
1579641780,+3.34, +3.014, +0.162,+0.960
1579641840,+3.33, +3.024, +0.163,+0.960
1579641900,+3.34, +3.003, +0.162,+0.960
1579641960,+3.34, +3.003, +0.162,+0.960
1579642020,+3.34, +3.003, +0.163,+0.960
1579642080,+3.34, +3.014, +0.161,+0.960
1579642140,+3.34, +2.992, +0.163,+0.960
1579642200,+3.34, +3.003, +0.161,+0.959
1579642260,+3.33, +3.035, +0.162,+0.960
1579642320,+3.34, +3.035, +0.163,+0.960
1579642380,+3.34, +3.024, +0.162,+0.960
1579642440,+3.34, +2.982, +0.164,+0.960
1579642500,+3.34, +2.992, +0.162,+0.960
1579642560,+3.34, +3.003, +0.162,+0.960
1579642620,+3.34, +3.014, +0.163,+0.960
1579642680,+3.34, +3.003, +0.162,+0.960
1579642740,+3.34, +3.014, +0.163,+0.960
1579642800,+3.34, +3.014, +0.162,+0.960
1579642860,+3.34, +3.014, +0.162,+0.960
1579642920,+3.34, +3.014, +0.163,+0.960
1579642980,+3.34, +2.992, +0.164,+0.960
1579643040,+3.34, +3.014, +0.162,+0.960
1579643100,+3.34, +3.003, +0.164,+0.960
1579643160,+3.34, +3.003, +0.162,+0.960
1579643220,+3.34, +3.014, +0.161,+0.960
1579643280,+3.34, +3.024, +0.163,+0.960
1579643340,+3.34, +2.992, +0.163,+0.960
1579643400,+3.34, +3.024, +0.162,+0.960
1579643460,+3.34, +3.014, +0.161,+0.960
1579643520,+3.34, +3.024, +0.162,+0.960
1579643580,+3.34, +2.982, +0.160,+0.959
1579643640,+3.34, +3.024, +0.162,+0.960
1579643700,+3.34, +2.992, +0.164,+0.960
1579643760,+3.34, +2.982, +0.164,+0.960
1579643820,+3.34, +2.992, +0.163,+0.960
1579643880,+3.34, +2.982, +0.164,+0.960
1579643940,+3.34, +3.003, +0.163,+0.960
1579644000,+3.34, +3.003, +0.163,+0.960
1579644060,+3.34, +2.992, +0.163,+0.960
1579644120,+3.34, +2.992, +0.163,+0.960
1579644180,+3.34, +3.024, +0.163,+0.960
1579644240,+3.33, +2.992, +0.162,+0.960
1579644300,+3.34, +2.992, +0.163,+0.960
1579644360,+3.34, +3.014, +0.164,+0.960
1579644420,+3.34, +2.992, +0.164,+0.960
1579644480,+3.34, +3.024, +0.161,+0.960
1579644540,+3.34, +3.003, +0.162,+0.960
1579644600,+3.34, +2.992, +0.163,+0.960
1579644660,+3.34, +2.982, +0.163,+0.960
1579644720,+3.34, +2.992, +0.162,+0.960
1579644780,+3.34, +2.971, +0.163,+0.960
1579644840,+3.34, +3.003, +0.164,+0.960
1579644900,+3.34, +3.014, +0.162,+0.960
1579644960,+3.34, +3.003, +0.164,+0.960
1579645020,+3.34, +3.003, +0.163,+0.960
1579645080,+3.34, +2.992, +0.163,+0.960
1579645140,+3.34, +3.003, +0.164,+0.960
1579645200,+3.34, +2.982, +0.165,+0.960
1579645260,+3.34, +3.024, +0.163,+0.960
1579645320,+3.34, +2.992, +0.161,+0.960
1579645380,+3.34, +2.950, +0.162,+0.960
1579645440,+3.34, +2.982, +0.163,+0.960
1579645500,+3.34, +3.024, +0.164,+0.960
1579645560,+3.34, +3.014, +0.164,+0.960
1579645620,+3.34, +3.003, +0.163,+0.960
1579645680,+3.34, +2.992, +0.164,+0.960
1579645740,+3.34, +3.024, +0.163,+0.960
1579645800,+3.34, +2.939, +0.164,+0.959
1579645860,+3.34, +2.982, +0.163,+0.960
1579645920,+3.34, +2.982, +0.162,+0.960
1579645980,+3.34, +3.003, +0.164,+0.960
1579646040,+3.34, +3.003, +0.163,+0.960
1579646100,+3.34, +2.992, +0.162,+0.960
1579646160,+3.34, +3.003, +0.164,+0.960
1579646220,+3.34, +2.992, +0.164,+0.960
1579646280,+3.34, +3.003, +0.164,+0.960
1579646340,+3.34, +3.024, +0.160,+0.960
1579646400,+3.34, +2.982, +0.162,+0.960
1579646460,+3.34, +2.982, +0.164,+0.960
1579646520,+3.34, +2.992, +0.163,+0.960
1579646580,+3.34, +3.003, +0.164,+0.960
1579646640,+3.34, +3.014, +0.162,+0.960
1579646700,+3.34, +2.992, +0.164,+0.960
1579646760,+3.34, +2.982, +0.163,+0.960
1579646820,+3.34, +3.024, +0.164,+0.960
1579646880,+3.34, +3.014, +0.162,+0.960
1579646940,+3.34, +2.982, +0.164,+0.960
1579647000,+3.34, +2.982, +0.162,+0.960
1579647060,+3.34, +3.035, +0.162,+0.960
1579647120,+3.34, +3.003, +0.162,+0.960
1579647180,+3.34, +3.024, +0.163,+0.960
1579647240,+3.34, +2.950, +0.163,+0.959
1579647300,+3.34, +2.992, +0.163,+0.960
1579647360,+3.34, +2.992, +0.161,+0.960
1579647420,+3.34, +3.014, +0.163,+0.960
1579647480,+3.34, +3.014, +0.162,+0.960
1579647540,+3.34, +3.003, +0.162,+0.960
1579647600,+3.34, +3.014, +0.163,+0.960
1579647660,+3.34, +3.003, +0.162,+0.960
1579647720,+3.34, +3.003, +0.163,+0.960
1579647780,+3.34, +2.992, +0.162,+0.960
1579647840,+3.34, +2.992, +0.163,+0.960
1579647900,+3.34, +2.992, +0.162,+0.960
1579647960,+3.34, +2.982, +0.164,+0.960
1579648020,+3.34, +3.014, +0.164,+0.960
1579648080,+3.34, +3.003, +0.163,+0.960
1579648140,+3.34, +3.003, +0.161,+0.960
1579648200,+3.34, +2.992, +0.162,+0.960
1579648260,+3.34, +3.014, +0.162,+0.960
1579648320,+3.34, +2.992, +0.164,+0.960
1579648380,+3.34, +3.003, +0.161,+0.960
1579648440,+3.34, +2.992, +0.164,+0.960
1579648500,+3.34, +2.992, +0.164,+0.960
1579648560,+3.34, +2.971, +0.162,+0.960
1579648620,+3.34, +3.003, +0.162,+0.960
1579648680,+3.34, +2.992, +0.164,+0.960
1579648740,+3.34, +2.992, +0.163,+0.960
1579648800,+3.34, +3.003, +0.164,+0.960
1579648860,+3.34, +3.003, +0.162,+0.960
1579648920,+3.34, +3.003, +0.162,+0.960
1579648980,+3.34, +3.014, +0.162,+0.960
1579649040,+3.34, +3.014, +0.162,+0.960
1579649100,+3.34, +3.014, +0.162,+0.960
1579649160,+3.34, +2.971, +0.165,+0.960
1579649220,+3.33, +2.982, +0.166,+0.960
1579649280,+3.34, +3.014, +0.162,+0.960
1579649340,+3.34, +2.992, +0.163,+0.960
1579649400,+3.34, +2.971, +0.164,+0.960
1579649460,+3.34, +3.003, +0.162,+0.960
1579649520,+3.34, +3.003, +0.162,+0.960
1579649580,+3.34, +2.992, +0.164,+0.960
1579649640,+3.34, +3.003, +0.161,+0.960
1579649700,+3.34, +2.982, +0.162,+0.960
1579649760,+3.34, +2.982, +0.163,+0.960
1579649820,+3.34, +3.003, +0.162,+0.960
1579649880,+3.34, +3.014, +0.164,+0.960
1579649940,+3.34, +2.982, +0.165,+0.960
1579650000,+3.34, +3.003, +0.162,+0.960
1579650060,+3.34, +3.035, +0.164,+0.960
1579650120,+3.34, +2.992, +0.162,+0.960
1579650180,+3.34, +2.982, +0.163,+0.960
1579650240,+3.34, +3.035, +0.161,+0.960
1579650300,+3.34, +2.982, +0.163,+0.960
1579650360,+3.34, +3.003, +0.164,+0.960
1579650420,+3.34, +2.950, +0.163,+0.960
1579650480,+3.34, +3.003, +0.163,+0.960
1579650540,+3.34, +2.982, +0.163,+0.960
1579650600,+3.34, +3.024, +0.162,+0.960
1579650660,+3.34, +3.003, +0.161,+0.960
1579650720,+3.34, +3.003, +0.161,+0.960
1579650780,+3.34, +3.003, +0.163,+0.960
1579650840,+3.34, +3.014, +0.162,+0.960
1579650900,+3.34, +2.982, +0.163,+0.960
1579650960,+3.34, +2.982, +0.163,+0.960
1579651020,+3.34, +3.003, +0.163,+0.960
1579651080,+3.34, +3.003, +0.163,+0.960
1579651140,+3.34, +2.992, +0.162,+0.960
1579651200,+3.34, +3.003, +0.163,+0.960
1579651260,+3.33, +3.003, +0.164,+0.960
1579651320,+3.34, +2.992, +0.163,+0.960
1579651380,+3.34, +3.035, +0.162,+0.960
1579651440,+3.34, +2.992, +0.163,+0.960
1579651500,+3.34, +2.992, +0.162,+0.960
1579651560,+3.34, +3.003, +0.163,+0.960
1579651620,+3.34, +2.992, +0.163,+0.960
1579651680,+3.34, +2.992, +0.161,+0.960
1579651740,+3.34, +2.992, +0.164,+0.960
1579651800,+3.34, +2.971, +0.162,+0.960
1579651860,+3.34, +2.982, +0.165,+0.960
1579651920,+3.34, +3.014, +0.162,+0.960
1579651980,+3.34, +2.982, +0.165,+0.960
1579652040,+3.34, +3.003, +0.163,+0.960
1579652100,+3.34, +3.024, +0.161,+0.960
1579652160,+3.34, +3.003, +0.162,+0.960
1579652220,+3.34, +3.003, +0.161,+0.960
1579652280,+3.34, +3.003, +0.163,+0.960
1579652340,+3.34, +3.014, +0.162,+0.960
1579652400,+3.34, +3.014, +0.161,+0.960
1579652460,+3.34, +2.971, +0.162,+0.960
1579652520,+3.34, +3.024, +0.163,+0.960
1579652580,+3.34, +2.992, +0.164,+0.960
1579652640,+3.34, +2.992, +0.164,+0.960
1579652700,+3.34, +3.003, +0.164,+0.960
1579652760,+3.34, +3.003, +0.163,+0.960
1579652820,+3.34, +2.992, +0.161,+0.960
1579652880,+3.34, +2.982, +0.165,+0.960
1579652940,+3.34, +3.014, +0.164,+0.960
1579653000,+3.34, +2.971, +0.164,+0.960
1579653060,+3.34, +3.003, +0.162,+0.960
1579653120,+3.34, +2.992, +0.163,+0.960
1579653180,+3.34, +2.992, +0.165,+0.960
1579653240,+3.34, +2.992, +0.163,+0.960
1579653300,+3.34, +2.982, +0.163,+0.960
1579653360,+3.34, +2.992, +0.162,+0.960
1579653420,+3.34, +3.003, +0.163,+0.960
1579653480,+3.34, +3.014, +0.165,+0.960
1579653540,+3.34, +3.003, +0.163,+0.960
1579653600,+3.34, +2.992, +0.164,+0.960
1579653660,+3.34, +3.014, +0.162,+0.960
1579653720,+3.34, +2.960, +0.162,+0.959
1579653780,+3.34, +2.992, +0.164,+0.960
1579653840,+3.34, +3.003, +0.164,+0.960
1579653900,+3.34, +3.003, +0.161,+0.960
1579653960,+3.34, +2.982, +0.163,+0.960
1579654020,+3.34, +3.003, +0.163,+0.960
1579654080,+3.34, +2.982, +0.162,+0.960
1579654140,+3.34, +2.992, +0.163,+0.960
1579654200,+3.34, +2.982, +0.162,+0.960
1579654260,+3.34, +3.003, +0.162,+0.960
1579654320,+3.34, +2.992, +0.162,+0.960
1579654380,+3.34, +2.982, +0.163,+0.960
1579654440,+3.34, +2.939, +0.164,+0.960
1579654500,+3.34, +2.992, +0.164,+0.960
1579654560,+3.34, +3.003, +0.162,+0.960
1579654620,+3.34, +3.014, +0.162,+0.960
1579654680,+3.34, +3.003, +0.164,+0.960
1579654740,+3.34, +3.014, +0.162,+0.960
1579654800,+3.34, +2.992, +0.163,+0.960
1579654860,+3.33, +3.003, +0.162,+0.960
1579654920,+3.34, +2.971, +0.164,+0.960
1579654980,+3.34, +3.003, +0.162,+0.960
1579655040,+3.34, +2.992, +0.164,+0.960
1579655100,+3.34, +3.024, +0.163,+0.960
1579655160,+3.34, +3.003, +0.162,+0.960
1579655220,+3.34, +2.982, +0.162,+0.960
1579655280,+3.34, +2.982, +0.162,+0.960
1579655340,+3.34, +2.982, +0.164,+0.960
1579655400,+3.34, +2.992, +0.163,+0.960
1579655460,+3.34, +3.003, +0.163,+0.960
1579655520,+3.34, +2.992, +0.163,+0.960
1579655580,+3.34, +2.982, +0.164,+0.960
1579655640,+3.34, +2.992, +0.163,+0.960
1579655700,+3.34, +2.992, +0.163,+0.960
1579655760,+3.34, +2.992, +0.163,+0.960
1579655820,+3.34, +2.992, +0.162,+0.960
1579655880,+3.34, +2.971, +0.163,+0.960
1579655940,+3.34, +3.014, +0.161,+0.960
1579656000,+3.34, +2.992, +0.161,+0.959
1579656060,+3.34, +2.971, +0.161,+0.960
1579656120,+3.34, +3.003, +0.161,+0.960
1579656180,+3.34, +2.982, +0.166,+0.960
1579656240,+3.34, +2.982, +0.163,+0.960
1579656300,+3.34, +3.003, +0.164,+0.960
1579656360,+3.34, +2.971, +0.164,+0.960
1579656420,+3.34, +2.971, +0.164,+0.960
1579656480,+3.34, +3.003, +0.161,+0.960
1579656540,+3.34, +2.982, +0.163,+0.960
1579656600,+3.34, +2.992, +0.163,+0.960
1579656660,+3.34, +2.982, +0.163,+0.960
1579656720,+3.34, +3.003, +0.163,+0.960
1579656780,+3.34, +3.014, +0.164,+0.960
1579656840,+3.34, +2.971, +0.163,+0.960
1579656900,+3.34, +2.982, +0.163,+0.960
1579656960,+3.34, +2.992, +0.162,+0.960
1579657020,+3.34, +2.960, +0.164,+0.960
1579657080,+3.34, +2.960, +0.163,+0.959
1579657140,+3.34, +3.014, +0.162,+0.960
1579657200,+3.34, +2.982, +0.162,+0.960
1579657260,+3.34, +2.992, +0.163,+0.960
1579657320,+3.34, +2.992, +0.163,+0.960
1579657380,+3.34, +3.003, +0.162,+0.960
1579657440,+3.34, +3.003, +0.162,+0.960
1579657500,+3.34, +2.960, +0.163,+0.960
1579657560,+3.34, +3.024, +0.164,+0.960
1579657620,+3.34, +2.992, +0.163,+0.960
1579657680,+3.34, +3.014, +0.162,+0.960
1579657740,+3.34, +3.014, +0.164,+0.960
1579657800,+3.34, +3.014, +0.162,+0.960
1579657860,+3.34, +3.024, +0.162,+0.960
1579657920,+3.34, +3.003, +0.163,+0.960
1579657980,+3.34, +3.003, +0.164,+0.960
1579658040,+3.34, +3.003, +0.163,+0.960
1579658100,+3.34, +2.971, +0.162,+0.960
1579658160,+3.34, +2.992, +0.162,+0.960
1579658220,+3.34, +3.003, +0.162,+0.960
1579658280,+3.34, +2.992, +0.162,+0.960
1579658340,+3.34, +3.003, +0.161,+0.960
1579658400,+3.34, +2.982, +0.164,+0.960
1579658460,+3.34, +3.003, +0.163,+0.960
1579658520,+3.34, +3.014, +0.163,+0.960
1579658580,+3.34, +3.014, +0.162,+0.960
1579658640,+3.34, +2.982, +0.163,+0.960
1579658700,+3.34, +2.992, +0.163,+0.960
1579658760,+3.34, +2.971, +0.165,+0.960
1579658820,+3.34, +3.014, +0.165,+0.960
1579658880,+3.34, +2.982, +0.163,+0.960
1579658940,+3.34, +2.992, +0.163,+0.960
1579659000,+3.34, +2.992, +0.163,+0.960
1579659060,+3.34, +3.003, +0.161,+0.960
1579659120,+3.34, +3.003, +0.161,+0.960
1579659180,+3.34, +2.971, +0.163,+0.960
1579659240,+3.34, +3.003, +0.164,+0.960
1579659300,+3.34, +3.014, +0.162,+0.960
1579659360,+3.34, +3.014, +0.163,+0.960
1579659420,+3.34, +3.003, +0.162,+0.960
1579659480,+3.34, +3.003, +0.163,+0.960
1579659540,+3.34, +3.003, +0.162,+0.960
1579659600,+3.34, +3.024, +0.164,+0.960
1579659660,+3.34, +3.024, +0.163,+0.960
1579659720,+3.34, +2.971, +0.165,+0.960
1579659780,+3.34, +3.024, +0.161,+0.960
1579659840,+3.34, +2.982, +0.162,+0.960
1579659900,+3.34, +3.003, +0.163,+0.960
1579659960,+3.34, +2.992, +0.162,+0.960
1579660020,+3.33, +2.992, +0.163,+0.960
1579660080,+3.34, +2.992, +0.163,+0.960
1579660140,+3.34, +2.982, +0.163,+0.960
1579660200,+3.34, +2.992, +0.163,+0.960
1579660260,+3.34, +3.003, +0.162,+0.960
1579660320,+3.34, +3.014, +0.162,+0.960
1579660380,+3.34, +3.014, +0.162,+0.960
1579660440,+3.34, +2.992, +0.163,+0.960
1579660500,+3.34, +2.992, +0.163,+0.960
1579660560,+3.34, +2.918, +0.166,+0.960
1579660620,+3.34, +3.014, +0.162,+0.960
1579660680,+3.34, +2.982, +0.162,+0.960
1579660740,+3.34, +3.003, +0.162,+0.960
1579660800,+3.34, +3.014, +0.163,+0.960
1579660860,+3.34, +2.992, +0.163,+0.960
1579660920,+3.34, +2.982, +0.162,+0.959
1579660980,+3.34, +3.003, +0.163,+0.960
1579661040,+3.34, +3.003, +0.162,+0.960
1579661100,+3.34, +2.982, +0.162,+0.960
1579661160,+3.34, +3.003, +0.162,+0.960
1579661220,+3.34, +3.003, +0.162,+0.960
1579661280,+3.34, +3.003, +0.163,+0.960
1579661340,+3.34, +2.982, +0.162,+0.960
1579661400,+3.34, +2.992, +0.164,+0.960
1579661460,+3.34, +2.971, +0.164,+0.960
1579661520,+3.34, +3.003, +0.162,+0.960
1579661580,+3.34, +2.992, +0.164,+0.960
1579661640,+3.34, +2.992, +0.163,+0.960
1579661700,+3.34, +2.971, +0.162,+0.960
1579661760,+3.34, +3.003, +0.163,+0.960
1579661820,+3.34, +3.003, +0.162,+0.960
1579661880,+3.34, +2.992, +0.163,+0.960
1579661940,+3.34, +2.971, +0.163,+0.960
1579662000,+3.34, +3.003, +0.162,+0.960
1579662060,+3.34, +2.982, +0.163,+0.960
1579662120,+3.34, +3.014, +0.165,+0.960
1579662180,+3.34, +2.992, +0.164,+0.960
1579662240,+3.34, +3.003, +0.162,+0.960
1579662300,+3.33, +3.003, +0.163,+0.960
1579662360,+3.34, +3.003, +0.162,+0.960
1579662420,+3.34, +3.035, +0.161,+0.960
1579662480,+3.34, +2.982, +0.164,+0.960
1579662540,+3.34, +2.992, +0.163,+0.960
1579662600,+3.34, +3.003, +0.164,+0.960
1579662660,+3.34, +2.982, +0.163,+0.960
1579662720,+3.34, +2.982, +0.163,+0.960
1579662780,+3.34, +2.982, +0.163,+0.960
1579662840,+3.34, +2.992, +0.163,+0.960
1579662900,+3.34, +3.003, +0.162,+0.960
1579662960,+3.34, +3.003, +0.163,+0.960
1579663020,+3.34, +3.045, +0.163,+0.960
1579663080,+3.34, +2.971, +0.164,+0.960
1579663140,+3.34, +2.950, +0.164,+0.959
1579663200,+3.34, +2.992, +0.163,+0.960
1579663260,+3.34, +2.982, +0.163,+0.960
1579663320,+3.34, +3.014, +0.164,+0.960
1579663380,+3.34, +2.982, +0.164,+0.960
1579663440,+3.34, +3.014, +0.161,+0.960
1579663500,+3.34, +2.982, +0.164,+0.960
1579663560,+3.34, +2.992, +0.164,+0.960
1579663620,+3.34, +2.982, +0.164,+0.960
1579663680,+3.34, +2.992, +0.163,+0.960
1579663740,+3.34, +3.003, +0.163,+0.960
1579663800,+3.34, +3.003, +0.162,+0.960
1579663860,+3.34, +2.982, +0.162,+0.960
1579663920,+3.34, +3.003, +0.165,+0.960
1579663980,+3.34, +2.971, +0.163,+0.960
1579664040,+3.34, +3.014, +0.163,+0.960
1579664100,+3.34, +2.971, +0.162,+0.960
1579664160,+3.34, +2.982, +0.162,+0.960
1579664220,+3.34, +3.003, +0.162,+0.960
1579664280,+3.34, +2.992, +0.164,+0.960
1579664340,+3.34, +2.982, +0.162,+0.960
1579664400,+3.34, +2.992, +0.162,+0.960
1579664460,+3.34, +2.992, +0.164,+0.960
1579664520,+3.34, +2.992, +0.163,+0.960
1579664580,+3.34, +2.982, +0.164,+0.960
1579664640,+3.33, +2.992, +0.162,+0.960
1579664700,+3.34, +3.003, +0.162,+0.960
1579664760,+3.34, +2.992, +0.162,+0.960
1579664820,+3.34, +2.992, +0.164,+0.960
1579664880,+3.34, +2.971, +0.162,+0.960
1579664940,+3.34, +2.971, +0.163,+0.960
1579665000,+3.34, +2.950, +0.163,+0.959
1579665060,+3.34, +2.982, +0.163,+0.960
1579665120,+3.34, +2.971, +0.164,+0.960
1579665180,+3.34, +3.014, +0.163,+0.960
1579665240,+3.34, +2.992, +0.164,+0.960
1579665300,+3.34, +3.003, +0.163,+0.960
1579665360,+3.34, +3.003, +0.163,+0.960
1579665420,+3.34, +3.003, +0.163,+0.960
1579665480,+3.34, +2.992, +0.164,+0.960
1579665540,+3.34, +2.992, +0.162,+0.960
1579665600,+3.34, +2.992, +0.163,+0.960
1579665660,+3.34, +2.992, +0.162,+0.960
1579665720,+3.34, +2.982, +0.164,+0.960
1579665780,+3.34, +2.960, +0.164,+0.960
1579665840,+3.34, +2.992, +0.162,+0.960
1579665900,+3.34, +3.003, +0.162,+0.960
1579665960,+3.34, +3.014, +0.162,+0.959
1579666020,+3.34, +2.992, +0.162,+0.960
1579666080,+3.34, +3.024, +0.163,+0.960
1579666140,+3.34, +2.992, +0.163,+0.960
1579666200,+3.34, +2.992, +0.162,+0.960
1579666260,+3.34, +2.992, +0.163,+0.960
1579666320,+3.34, +2.982, +0.162,+0.960
1579666380,+3.34, +3.056, +0.162,+0.960
1579666440,+3.34, +2.971, +0.163,+0.960
1579666500,+3.34, +2.992, +0.165,+0.960
1579666560,+3.34, +2.992, +0.162,+0.960
1579666620,+3.34, +2.992, +0.161,+0.960
1579666680,+3.34, +3.003, +0.162,+0.960
1579666740,+3.34, +2.971, +0.163,+0.960
1579666800,+3.34, +2.971, +0.162,+0.960
1579666860,+3.34, +2.992, +0.165,+0.960
1579666920,+3.34, +2.971, +0.164,+0.960
1579666980,+3.34, +2.939, +0.162,+0.960
1579667040,+3.34, +2.982, +0.164,+0.960
1579667100,+3.34, +3.003, +0.164,+0.960
1579667160,+3.34, +2.992, +0.163,+0.960
1579667220,+3.34, +2.982, +0.163,+0.960
1579667280,+3.34, +3.003, +0.163,+0.960
1579667340,+3.34, +2.971, +0.163,+0.960
1579667400,+3.34, +2.992, +0.164,+0.960
1579667460,+3.34, +2.982, +0.164,+0.960
1579667520,+3.34, +2.971, +0.163,+0.959
1579667580,+3.34, +2.992, +0.163,+0.960
1579667640,+3.34, +3.003, +0.163,+0.960
1579667700,+3.34, +3.003, +0.163,+0.960
1579667760,+3.34, +3.003, +0.162,+0.960
1579667820,+3.34, +2.982, +0.162,+0.959
1579667880,+3.34, +2.992, +0.165,+0.960
1579667940,+3.34, +2.982, +0.164,+0.960
1579668000,+3.34, +2.982, +0.162,+0.960
1579668060,+3.34, +2.992, +0.163,+0.960
1579668120,+3.34, +2.960, +0.163,+0.960
1579668180,+3.34, +2.992, +0.163,+0.960
1579668240,+3.34, +3.003, +0.164,+0.960
1579668300,+3.34, +2.982, +0.164,+0.960
1579668360,+3.34, +3.024, +0.162,+0.960
1579668420,+3.34, +2.939, +0.165,+0.960
1579668480,+3.34, +2.982, +0.163,+0.960
1579668540,+3.34, +3.003, +0.163,+0.960
1579668600,+3.34, +2.992, +0.163,+0.960
1579668660,+3.34, +2.992, +0.162,+0.960
1579668720,+3.34, +2.992, +0.163,+0.960
1579668780,+3.34, +3.003, +0.163,+0.960
1579668840,+3.34, +3.003, +0.162,+0.960
1579668900,+3.34, +2.992, +0.162,+0.960
1579668960,+3.34, +2.950, +0.164,+0.960
1579669020,+3.34, +2.992, +0.163,+0.960
1579669080,+3.34, +2.982, +0.164,+0.960
1579669140,+3.34, +2.982, +0.163,+0.960
1579669200,+3.34, +2.992, +0.163,+0.960
1579669260,+3.34, +2.992, +0.162,+0.960
1579669320,+3.34, +2.960, +0.162,+0.959
1579669380,+3.34, +2.960, +0.163,+0.960
1579669440,+3.34, +2.992, +0.163,+0.960
1579669500,+3.34, +2.992, +0.163,+0.960
1579669560,+3.34, +2.982, +0.165,+0.960
1579669620,+3.34, +2.971, +0.163,+0.960
1579669680,+3.34, +3.003, +0.161,+0.960
1579669740,+3.34, +2.971, +0.164,+0.960
1579669800,+3.34, +2.992, +0.163,+0.960
1579669860,+3.34, +2.971, +0.162,+0.960
1579669920,+3.34, +2.992, +0.162,+0.960
1579669980,+3.34, +2.971, +0.163,+0.960
1579670040,+3.34, +3.014, +0.163,+0.960
1579670100,+3.34, +3.003, +0.163,+0.960
1579670160,+3.34, +2.982, +0.165,+0.960
1579670220,+3.34, +2.992, +0.164,+0.960
1579670280,+3.34, +2.971, +0.165,+0.960
1579670340,+3.34, +2.971, +0.162,+0.960
1579670400,+3.34, +2.982, +0.162,+0.960
1579670460,+3.34, +2.960, +0.163,+0.960
1579670520,+3.34, +2.982, +0.163,+0.960
1579670580,+3.34, +3.014, +0.163,+0.960
1579670640,+3.34, +2.982, +0.163,+0.960
1579670700,+3.34, +2.992, +0.162,+0.960
1579670760,+3.34, +2.992, +0.163,+0.960
1579670820,+3.34, +3.003, +0.162,+0.960
1579670880,+3.34, +2.960, +0.164,+0.960
1579670940,+3.34, +3.014, +0.161,+0.960
1579671000,+3.34, +2.971, +0.161,+0.959
1579671060,+3.34, +3.003, +0.160,+0.960
1579671120,+3.34, +2.971, +0.162,+0.960
1579671180,+3.34, +2.982, +0.163,+0.960
1579671240,+3.34, +2.960, +0.162,+0.960
1579671300,+3.34, +2.971, +0.164,+0.960
1579671360,+3.34, +2.992, +0.163,+0.960
1579671420,+3.34, +2.960, +0.163,+0.960
1579671480,+3.34, +2.939, +0.164,+0.960
1579671540,+3.34, +2.992, +0.162,+0.960
1579671600,+3.34, +2.992, +0.164,+0.960
1579671660,+3.34, +2.971, +0.163,+0.960
1579671720,+3.34, +2.982, +0.163,+0.960
1579671780,+3.34, +2.971, +0.164,+0.960
1579671840,+3.34, +2.971, +0.164,+0.960
1579671900,+3.34, +2.971, +0.163,+0.960
1579671960,+3.34, +2.992, +0.163,+0.960
1579672020,+3.34, +2.971, +0.162,+0.960
1579672080,+3.34, +3.014, +0.162,+0.960
1579672140,+3.34, +2.982, +0.162,+0.960
1579672200,+3.34, +2.971, +0.164,+0.960
1579672260,+3.34, +3.003, +0.161,+0.960
1579672320,+3.34, +2.950, +0.161,+0.960
1579672380,+3.34, +2.971, +0.163,+0.960
1579672440,+3.34, +2.992, +0.163,+0.960
1579672500,+3.34, +2.992, +0.163,+0.960
1579672560,+3.34, +2.992, +0.162,+0.960
1579672620,+3.34, +3.003, +0.161,+0.960
1579672680,+3.34, +3.003, +0.162,+0.960
1579672740,+3.34, +2.992, +0.163,+0.960
1579672800,+3.34, +2.960, +0.164,+0.960
1579672860,+3.34, +2.971, +0.162,+0.960
1579672920,+3.34, +2.982, +0.162,+0.960
1579672980,+3.34, +2.992, +0.164,+0.960
1579673040,+3.34, +2.982, +0.163,+0.960
1579673100,+3.34, +2.971, +0.163,+0.960
1579673160,+3.34, +2.982, +0.164,+0.960
1579673220,+3.34, +2.982, +0.162,+0.960
1579673280,+3.34, +2.992, +0.164,+0.960
1579673340,+3.34, +2.982, +0.163,+0.960
1579673400,+3.34, +2.971, +0.162,+0.960
1579673460,+3.34, +2.992, +0.161,+0.960
1579673520,+3.34, +2.992, +0.164,+0.960
1579673580,+3.34, +2.982, +0.163,+0.960
1579673640,+3.34, +2.982, +0.163,+0.960
1579673700,+3.34, +2.982, +0.164,+0.960
1579673760,+3.34, +2.992, +0.163,+0.960
1579673820,+3.34, +2.992, +0.163,+0.960
1579673880,+3.34, +2.971, +0.164,+0.960
1579673940,+3.34, +2.982, +0.163,+0.960
1579674000,+3.34, +2.960, +0.162,+0.960
1579674060,+3.34, +2.950, +0.163,+0.960
1579674120,+3.34, +2.982, +0.162,+0.960
1579674180,+3.34, +2.992, +0.163,+0.960
1579674240,+3.34, +2.971, +0.163,+0.960
1579674300,+3.34, +3.003, +0.162,+0.960
1579674360,+3.34, +3.003, +0.164,+0.960
1579674420,+3.34, +2.982, +0.162,+0.960
1579674480,+3.34, +2.992, +0.162,+0.960
1579674540,+3.34, +2.992, +0.162,+0.960
1579674600,+3.34, +2.971, +0.163,+0.960
1579674660,+3.34, +3.003, +0.163,+0.960
1579674720,+3.34, +2.992, +0.161,+0.960
1579674780,+3.34, +2.971, +0.162,+0.960
1579674840,+3.34, +2.982, +0.163,+0.960
1579674900,+3.34, +2.939, +0.162,+0.960
1579674960,+3.34, +2.950, +0.162,+0.960
1579675020,+3.34, +2.971, +0.162,+0.960
1579675080,+3.34, +2.971, +0.162,+0.960
1579675140,+3.34, +2.992, +0.163,+0.960
1579675200,+3.34, +2.982, +0.163,+0.960
1579675260,+3.34, +3.024, +0.163,+0.960
1579675320,+3.34, +3.024, +0.163,+0.960
1579675380,+3.34, +2.992, +0.163,+0.960
1579675440,+3.34, +2.971, +0.164,+0.960
1579675500,+3.34, +2.960, +0.163,+0.960
1579675560,+3.34, +2.960, +0.163,+0.960
1579675620,+3.34, +3.003, +0.163,+0.960
1579675680,+3.34, +2.950, +0.163,+0.960
1579675740,+3.34, +2.971, +0.163,+0.960
1579675800,+3.34, +3.003, +0.162,+0.960
1579675860,+3.34, +2.982, +0.165,+0.960
1579675920,+3.34, +2.992, +0.163,+0.960
1579675980,+3.34, +2.982, +0.163,+0.960
1579676040,+3.34, +2.992, +0.164,+0.960
1579676100,+3.34, +2.992, +0.163,+0.960
1579676160,+3.34, +2.971, +0.163,+0.960
1579676220,+3.34, +2.971, +0.163,+0.960
1579676280,+3.34, +2.982, +0.162,+0.960
1579676340,+3.34, +2.992, +0.160,+0.959
1579676400,+3.34, +2.992, +0.163,+0.960
1579676460,+3.34, +2.982, +0.162,+0.960
1579676520,+3.34, +2.982, +0.163,+0.960
1579676580,+3.34, +2.992, +0.163,+0.960
1579676640,+3.34, +2.971, +0.165,+0.960
1579676700,+3.34, +2.960, +0.162,+0.960
1579676760,+3.34, +2.971, +0.165,+0.960
1579676820,+3.34, +2.971, +0.163,+0.960
1579676880,+3.34, +2.960, +0.163,+0.959
1579676940,+3.34, +2.982, +0.164,+0.960
1579677000,+3.34, +2.992, +0.163,+0.960
1579677060,+3.34, +2.992, +0.163,+0.960
1579677120,+3.34, +2.992, +0.162,+0.960
1579677180,+3.34, +2.992, +0.164,+0.960
1579677240,+3.34, +2.982, +0.163,+0.960
1579677300,+3.34, +3.003, +0.162,+0.960
1579677360,+3.34, +2.971, +0.164,+0.960
1579677420,+3.34, +2.971, +0.163,+0.959
1579677480,+3.34, +3.003, +0.163,+0.960
1579677540,+3.34, +2.971, +0.163,+0.960
1579677600,+3.34, +2.971, +0.164,+0.960
1579677660,+3.34, +2.982, +0.162,+0.960
1579677720,+3.34, +3.014, +0.162,+0.960
1579677780,+3.34, +2.982, +0.162,+0.960
1579677840,+3.34, +3.003, +0.162,+0.960
1579677900,+3.34, +2.971, +0.165,+0.960
1579677960,+3.34, +2.971, +0.164,+0.960
1579678020,+3.34, +2.960, +0.163,+0.960
1579678080,+3.34, +2.992, +0.163,+0.960
1579678140,+3.34, +3.003, +0.164,+0.960
1579678200,+3.34, +2.939, +0.164,+0.960
1579678260,+3.34, +2.982, +0.161,+0.960
1579678320,+3.34, +3.003, +0.163,+0.960
1579678380,+3.34, +2.960, +0.162,+0.960
1579678440,+3.34, +2.982, +0.162,+0.960
1579678500,+3.34, +2.971, +0.164,+0.960
1579678560,+3.34, +2.982, +0.163,+0.960
1579678620,+3.34, +2.982, +0.163,+0.960
1579678680,+3.34, +2.982, +0.164,+0.960
1579678740,+3.34, +2.971, +0.163,+0.960
1579678800,+3.34, +2.982, +0.162,+0.960
1579678860,+3.34, +2.971, +0.164,+0.960
1579678920,+3.34, +2.992, +0.163,+0.960
1579678980,+3.34, +2.971, +0.163,+0.960
1579679040,+3.34, +2.982, +0.164,+0.960
1579679100,+3.34, +2.992, +0.164,+0.960
1579679160,+3.34, +2.982, +0.163,+0.960
1579679220,+3.34, +2.992, +0.163,+0.960
1579679280,+3.34, +2.971, +0.163,+0.960
1579679340,+3.34, +2.982, +0.164,+0.960
1579679400,+3.34, +2.982, +0.163,+0.960
1579679460,+3.34, +3.035, +0.162,+0.960
1579679520,+3.34, +3.035, +0.164,+0.960
1579679580,+3.34, +2.992, +0.161,+0.960
1579679640,+3.34, +2.992, +0.163,+0.960
1579679700,+3.34, +2.982, +0.163,+0.960
1579679760,+3.34, +3.003, +0.162,+0.960
1579679820,+3.34, +2.960, +0.163,+0.960
1579679880,+3.34, +2.971, +0.163,+0.960
1579679940,+3.34, +2.982, +0.164,+0.960
1579680000,+3.34, +2.971, +0.163,+0.960
1579680060,+3.34, +2.971, +0.164,+0.960
1579680120,+3.34, +3.003, +0.162,+0.960
1579680180,+3.34, +2.982, +0.163,+0.960
1579680240,+3.34, +2.960, +0.162,+0.960
1579680300,+3.34, +2.950, +0.165,+0.960
1579680360,+3.34, +2.992, +0.163,+0.960
1579680420,+3.34, +2.992, +0.161,+0.960
1579680480,+3.34, +2.992, +0.163,+0.960
1579680540,+3.34, +2.992, +0.162,+0.960
1579680600,+3.34, +2.971, +0.163,+0.960
1579680660,+3.34, +2.982, +0.162,+0.960
1579680720,+3.34, +2.982, +0.165,+0.960
1579680780,+3.34, +2.992, +0.163,+0.960
1579680840,+3.34, +2.982, +0.163,+0.960
1579680900,+3.34, +3.003, +0.161,+0.960
1579680960,+3.34, +2.982, +0.164,+0.960
1579681020,+3.34, +2.950, +0.164,+0.960
1579681080,+3.34, +3.003, +0.162,+0.960
1579681140,+3.34, +2.992, +0.163,+0.960
1579681200,+3.34, +2.971, +0.164,+0.960
1579681260,+3.34, +2.982, +0.162,+0.960
1579681320,+3.34, +2.960, +0.163,+0.960
1579681380,+3.34, +2.971, +0.164,+0.960
1579681440,+3.34, +2.982, +0.164,+0.960
1579681500,+3.34, +3.003, +0.163,+0.960
1579681560,+3.34, +3.014, +0.162,+0.960
1579681620,+3.34, +2.971, +0.162,+0.960
1579681680,+3.34, +2.982, +0.162,+0.960
1579681740,+3.34, +2.982, +0.162,+0.960
1579681800,+3.34, +2.971, +0.165,+0.960
1579681860,+3.34, +3.014, +0.162,+0.960
1579681920,+3.34, +2.982, +0.161,+0.960
1579681980,+3.34, +2.971, +0.163,+0.960
1579682040,+3.34, +2.982, +0.163,+0.960
1579682100,+3.34, +2.971, +0.163,+0.960
1579682160,+3.34, +2.982, +0.163,+0.960
1579682220,+3.34, +2.982, +0.165,+0.960
1579682280,+3.34, +2.950, +0.165,+0.960
1579682340,+3.34, +2.960, +0.162,+0.960
1579682400,+3.34, +2.971, +0.163,+0.960
1579682460,+3.34, +2.982, +0.163,+0.960
1579682520,+3.34, +2.992, +0.162,+0.960
1579682580,+3.34, +2.992, +0.163,+0.960
1579682640,+3.34, +2.960, +0.164,+0.960
1579682700,+3.34, +2.992, +0.163,+0.960
1579682760,+3.34, +2.971, +0.163,+0.960
1579682820,+3.34, +2.992, +0.163,+0.960
1579682880,+3.34, +2.992, +0.163,+0.960
1579682940,+3.34, +2.992, +0.164,+0.960
1579683000,+3.34, +2.960, +0.164,+0.960
1579683060,+3.34, +2.992, +0.165,+0.960
1579683120,+3.34, +2.992, +0.162,+0.960
1579683180,+3.34, +2.982, +0.163,+0.960
1579683240,+3.34, +2.971, +0.162,+0.960
1579683300,+3.34, +2.971, +0.162,+0.960
1579683360,+3.34, +2.982, +0.163,+0.960
1579683420,+3.34, +2.992, +0.163,+0.960
1579683480,+3.34, +2.971, +0.161,+0.960
1579683540,+3.34, +2.982, +0.164,+0.960
1579683600,+3.34, +2.982, +0.163,+0.960
1579683660,+3.34, +2.982, +0.162,+0.960
1579683720,+3.34, +2.992, +0.162,+0.960
1579683780,+3.34, +2.982, +0.165,+0.960
1579683840,+3.34, +2.982, +0.163,+0.960
1579683900,+3.34, +3.003, +0.162,+0.960
1579683960,+3.34, +3.014, +0.162,+0.960
1579684020,+3.34, +2.982, +0.162,+0.960
1579684080,+3.34, +2.971, +0.162,+0.960
1579684140,+3.34, +3.003, +0.163,+0.960
1579684200,+3.34, +2.992, +0.162,+0.960
1579684260,+3.34, +3.003, +0.163,+0.960
1579684320,+3.34, +2.982, +0.162,+0.960
1579684380,+3.34, +2.992, +0.164,+0.960
1579684440,+3.34, +3.003, +0.162,+0.960
1579684500,+3.34, +3.003, +0.163,+0.960
1579684560,+3.34, +2.971, +0.163,+0.960
1579684620,+3.34, +2.992, +0.163,+0.960
1579684680,+3.34, +2.992, +0.163,+0.960
1579684740,+3.34, +2.982, +0.164,+0.960
1579684800,+3.34, +2.971, +0.163,+0.960
1579684860,+3.34, +2.982, +0.162,+0.960
1579684920,+3.34, +2.971, +0.162,+0.960
1579684980,+3.34, +2.982, +0.165,+0.960
1579685040,+3.34, +2.992, +0.161,+0.960
1579685100,+3.34, +2.992, +0.162,+0.960
1579685160,+3.34, +2.992, +0.164,+0.960
1579685220,+3.34, +2.992, +0.163,+0.960
1579685280,+3.34, +2.982, +0.163,+0.960
1579685340,+3.34, +3.045, +0.161,+0.960
1579685400,+3.34, +2.992, +0.163,+0.960
1579685460,+3.34, +2.982, +0.164,+0.960
1579685520,+3.34, +2.971, +0.161,+0.959
1579685580,+3.34, +2.992, +0.163,+0.960
1579685640,+3.34, +2.982, +0.163,+0.960
1579685700,+3.34, +3.003, +0.163,+0.960
1579685760,+3.34, +2.971, +0.162,+0.960
1579685820,+3.34, +2.992, +0.165,+0.960
1579685880,+3.34, +2.982, +0.164,+0.960
1579685940,+3.34, +2.971, +0.163,+0.960
1579686000,+3.34, +2.971, +0.163,+0.960
1579686060,+3.34, +2.971, +0.163,+0.960
1579686120,+3.34, +2.982, +0.162,+0.960
1579686180,+3.34, +2.982, +0.164,+0.960
1579686240,+3.34, +2.960, +0.163,+0.960
1579686300,+3.34, +2.939, +0.165,+0.960
1579686360,+3.34, +2.992, +0.162,+0.960
1579686420,+3.34, +2.950, +0.164,+0.960
1579686480,+3.34, +2.992, +0.163,+0.960
1579686540,+3.34, +2.982, +0.161,+0.960
1579686600,+3.34, +2.992, +0.163,+0.960
1579686660,+3.34, +2.960, +0.163,+0.960
1579686720,+3.34, +2.971, +0.163,+0.960
1579686780,+3.34, +2.992, +0.162,+0.960
1579686840,+3.34, +2.982, +0.163,+0.960
1579686900,+3.34, +3.003, +0.164,+0.960
1579686960,+3.34, +3.003, +0.162,+0.960
1579687020,+3.34, +2.982, +0.163,+0.960
1579687080,+3.34, +2.971, +0.164,+0.960
1579687140,+3.34, +2.982, +0.163,+0.960
1579687200,+3.34, +2.971, +0.162,+0.960
1579687260,+3.34, +2.992, +0.162,+0.960
1579687320,+3.34, +2.982, +0.162,+0.960
1579687380,+3.34, +2.992, +0.163,+0.960
1579687440,+3.34, +2.982, +0.161,+0.960
1579687500,+3.34, +3.024, +0.162,+0.960
1579687560,+3.34, +2.982, +0.163,+0.960
1579687620,+3.34, +2.982, +0.164,+0.960
1579687680,+3.34, +2.982, +0.163,+0.960
1579687740,+3.34, +2.982, +0.164,+0.960
1579687800,+3.34, +2.992, +0.163,+0.960
1579687860,+3.34, +2.982, +0.162,+0.960
1579687920,+3.34, +2.971, +0.163,+0.959
1579687980,+3.34, +2.982, +0.164,+0.960
1579688040,+3.34, +2.960, +0.164,+0.960
1579688100,+3.34, +2.992, +0.164,+0.960
1579688160,+3.34, +2.939, +0.164,+0.960
1579688220,+3.34, +2.982, +0.164,+0.960
1579688280,+3.34, +2.982, +0.162,+0.960
1579688340,+3.33, +2.960, +0.164,+0.960
1579688400,+3.34, +2.982, +0.161,+0.959
1579688460,+3.34, +2.982, +0.162,+0.960
1579688520,+3.34, +2.982, +0.163,+0.960
1579688580,+3.34, +2.992, +0.162,+0.960
1579688640,+3.34, +2.982, +0.164,+0.960
1579688700,+3.34, +2.992, +0.163,+0.960
1579688760,+3.34, +2.982, +0.163,+0.960
1579688820,+3.34, +2.982, +0.162,+0.960
1579688880,+3.34, +2.982, +0.162,+0.960
1579688940,+3.34, +3.003, +0.162,+0.960
1579689000,+3.34, +2.992, +0.163,+0.960
1579689060,+3.34, +2.982, +0.161,+0.960
1579689120,+3.34, +2.960, +0.163,+0.960
1579689180,+3.34, +2.992, +0.164,+0.960
1579689240,+3.34, +2.992, +0.162,+0.960
1579689300,+3.34, +2.971, +0.163,+0.960
1579689360,+3.34, +2.992, +0.162,+0.960
1579689420,+3.34, +2.982, +0.163,+0.960
1579689480,+3.34, +2.992, +0.163,+0.960
1579689540,+3.34, +2.971, +0.163,+0.960
1579689600,+3.34, +2.960, +0.162,+0.960
1579689660,+3.34, +2.992, +0.163,+0.960
1579689720,+3.34, +2.971, +0.165,+0.960
1579689780,+3.34, +2.992, +0.162,+0.960
1579689840,+3.34, +2.992, +0.161,+0.960
1579689900,+3.34, +2.971, +0.162,+0.960
1579689960,+3.34, +2.960, +0.163,+0.960
1579690020,+3.34, +2.971, +0.163,+0.959
1579690080,+3.34, +2.992, +0.163,+0.960
1579690140,+3.34, +2.992, +0.162,+0.960
1579690200,+3.34, +2.992, +0.161,+0.960
1579690260,+3.34, +2.992, +0.161,+0.960
1579690320,+3.34, +2.982, +0.163,+0.960
1579690380,+3.34, +2.992, +0.164,+0.960
1579690440,+3.34, +2.960, +0.162,+0.960
1579690500,+3.34, +2.960, +0.164,+0.960
1579690560,+3.34, +2.982, +0.163,+0.960
1579690620,+3.34, +2.992, +0.163,+0.960
1579690680,+3.34, +2.960, +0.163,+0.960
1579690740,+3.34, +2.950, +0.164,+0.960
1579690800,+3.34, +2.971, +0.164,+0.960
1579690860,+3.34, +2.971, +0.162,+0.960
1579690920,+3.34, +3.003, +0.163,+0.960
1579690980,+3.34, +2.982, +0.161,+0.959
1579691040,+3.34, +2.992, +0.161,+0.960
1579691100,+3.34, +2.971, +0.164,+0.960
1579691160,+3.34, +3.003, +0.162,+0.960
1579691220,+3.34, +2.982, +0.162,+0.960
1579691280,+3.34, +2.939, +0.166,+0.960
1579691340,+3.34, +2.971, +0.164,+0.960
1579691400,+3.34, +2.971, +0.161,+0.960
1579691460,+3.34, +2.982, +0.163,+0.960
1579691520,+3.34, +2.971, +0.163,+0.960
1579691580,+3.34, +3.003, +0.162,+0.960
1579691640,+3.34, +2.918, +0.164,+0.960
1579691700,+3.34, +2.960, +0.161,+0.960
1579691760,+3.34, +3.014, +0.161,+0.960
1579691820,+3.33, +2.950, +0.164,+0.960
1579691880,+3.34, +2.950, +0.162,+0.960
1579691940,+3.34, +2.971, +0.163,+0.960
1579692000,+3.34, +3.003, +0.163,+0.960
1579692060,+3.34, +3.014, +0.164,+0.960
1579692120,+3.34, +2.971, +0.164,+0.960
1579692180,+3.34, +2.971, +0.164,+0.960
1579692240,+3.34, +2.971, +0.163,+0.960
1579692300,+3.34, +2.971, +0.165,+0.960
1579692360,+3.34, +2.982, +0.161,+0.960
1579692420,+3.34, +2.971, +0.164,+0.960
1579692480,+3.34, +2.971, +0.163,+0.960
1579692540,+3.34, +3.003, +0.162,+0.960
1579692600,+3.34, +2.971, +0.163,+0.960
1579692660,+3.34, +2.992, +0.162,+0.960
1579692720,+3.34, +2.992, +0.163,+0.960
1579692780,+3.34, +2.992, +0.162,+0.960
1579692840,+3.34, +2.982, +0.164,+0.960
1579692900,+3.34, +2.992, +0.164,+0.960
1579692960,+3.34, +2.982, +0.163,+0.960
1579693020,+3.34, +2.982, +0.162,+0.960
1579693080,+3.34, +2.992, +0.163,+0.960
1579693140,+3.34, +2.992, +0.163,+0.960
1579693200,+3.34, +2.992, +0.162,+0.960
1579693260,+3.34, +2.982, +0.162,+0.960
1579693320,+3.34, +2.971, +0.161,+0.960
1579693380,+3.34, +2.982, +0.165,+0.960
1579693440,+3.34, +2.992, +0.163,+0.960
1579693500,+3.34, +3.003, +0.161,+0.960
1579693560,+3.34, +2.992, +0.163,+0.960
1579693620,+3.34, +2.971, +0.165,+0.960
1579693680,+3.34, +2.982, +0.164,+0.960
1579693740,+3.34, +2.971, +0.164,+0.960
1579693800,+3.34, +2.992, +0.162,+0.960
1579693860,+3.34, +2.982, +0.162,+0.960
1579693920,+3.34, +2.982, +0.163,+0.960
1579693980,+3.34, +2.971, +0.163,+0.960
1579694040,+3.34, +2.982, +0.163,+0.960
1579694100,+3.34, +2.982, +0.163,+0.960
1579694160,+3.34, +2.982, +0.163,+0.960
1579694220,+3.34, +2.982, +0.163,+0.960
1579694280,+3.34, +3.014, +0.164,+0.960
1579694340,+3.34, +2.992, +0.161,+0.960
1579694400,+3.34, +2.982, +0.163,+0.960
1579694460,+3.34, +3.003, +0.162,+0.960
1579694520,+3.34, +2.971, +0.163,+0.960
1579694580,+3.34, +2.982, +0.165,+0.960
1579694640,+3.34, +2.992, +0.163,+0.960
1579694700,+3.34, +2.971, +0.163,+0.960
1579694760,+3.34, +2.918, +0.164,+0.960
1579694820,+3.34, +2.992, +0.163,+0.960
1579694880,+3.34, +2.950, +0.163,+0.960
1579694940,+3.34, +2.992, +0.161,+0.960
1579695000,+3.34, +2.960, +0.164,+0.960
1579695060,+3.34, +2.992, +0.163,+0.960
1579695120,+3.34, +3.003, +0.163,+0.960
1579695180,+3.34, +2.992, +0.162,+0.960
1579695240,+3.34, +2.982, +0.164,+0.960
1579695300,+3.34, +2.992, +0.163,+0.960
1579695360,+3.34, +2.960, +0.162,+0.960
1579695420,+3.34, +2.971, +0.164,+0.960
1579695480,+3.34, +2.960, +0.163,+0.960
1579695540,+3.34, +3.003, +0.162,+0.960
1579695600,+3.34, +2.971, +0.164,+0.960
1579695660,+3.34, +2.960, +0.163,+0.960
1579695720,+3.34, +2.971, +0.163,+0.960
1579695780,+3.34, +3.003, +0.161,+0.960
1579695840,+3.34, +2.960, +0.163,+0.960
1579695900,+3.34, +2.971, +0.162,+0.960
1579695960,+3.34, +2.982, +0.161,+0.960
1579696020,+3.34, +2.982, +0.163,+0.960
1579696080,+3.34, +2.971, +0.163,+0.960
1579696140,+3.34, +3.014, +0.163,+0.960
1579696200,+3.34, +2.992, +0.163,+0.960
1579696260,+3.34, +2.971, +0.162,+0.960
1579696320,+3.34, +3.003, +0.161,+0.960
1579696380,+3.34, +2.982, +0.161,+0.960
1579696440,+3.34, +2.971, +0.164,+0.960
1579696500,+3.34, +2.971, +0.161,+0.960
1579696560,+3.34, +2.982, +0.164,+0.960
1579696620,+3.34, +2.992, +0.162,+0.960
1579696680,+3.34, +2.982, +0.162,+0.960
1579696740,+3.34, +2.939, +0.164,+0.960
1579696800,+3.34, +2.960, +0.162,+0.960
1579696860,+3.34, +2.971, +0.162,+0.960
1579696920,+3.34, +2.960, +0.164,+0.960
1579696980,+3.34, +2.960, +0.164,+0.960
1579697040,+3.34, +2.971, +0.163,+0.960
1579697100,+3.34, +2.982, +0.162,+0.960
1579697160,+3.34, +2.982, +0.162,+0.960
1579697220,+3.34, +3.003, +0.163,+0.960
1579697280,+3.34, +2.971, +0.163,+0.960
1579697340,+3.34, +2.982, +0.163,+0.960
1579697400,+3.34, +2.982, +0.161,+0.960
1579697460,+3.34, +2.950, +0.162,+0.960
1579697520,+3.34, +2.982, +0.162,+0.960
1579697580,+3.34, +2.982, +0.163,+0.960
1579697640,+3.34, +2.992, +0.163,+0.960
1579697700,+3.34, +2.992, +0.165,+0.960
1579697760,+3.34, +2.960, +0.162,+0.960
1579697820,+3.34, +2.971, +0.163,+0.960
1579697880,+3.34, +2.992, +0.163,+0.960
1579697940,+3.34, +2.982, +0.164,+0.960
1579698000,+3.34, +2.971, +0.165,+0.960
1579698060,+3.34, +2.992, +0.163,+0.960
1579698120,+3.34, +2.982, +0.164,+0.960
1579698180,+3.34, +2.982, +0.162,+0.960
1579698240,+3.34, +3.003, +0.162,+0.960
1579698300,+3.34, +2.992, +0.163,+0.960
1579698360,+3.34, +2.971, +0.164,+0.960
1579698420,+3.34, +2.982, +0.162,+0.960
1579698480,+3.34, +2.971, +0.162,+0.960
1579698540,+3.34, +2.971, +0.163,+0.960
1579698600,+3.34, +2.971, +0.163,+0.960
1579698660,+3.34, +2.971, +0.164,+0.960
1579698720,+3.34, +2.971, +0.164,+0.960
1579698780,+3.34, +2.971, +0.163,+0.960
1579698840,+3.34, +2.971, +0.161,+0.959
1579698900,+3.34, +2.982, +0.163,+0.960
1579698960,+3.34, +2.971, +0.163,+0.959
1579699020,+3.34, +2.982, +0.163,+0.960
1579699080,+3.34, +2.971, +0.164,+0.960
1579699140,+3.34, +3.003, +0.161,+0.960
1579699200,+3.34, +2.960, +0.162,+0.960
1579699260,+3.34, +2.992, +0.164,+0.960
1579699320,+3.34, +3.014, +0.163,+0.960
1579699380,+3.34, +2.982, +0.163,+0.960
1579699440,+3.34, +2.960, +0.163,+0.960
1579699500,+3.34, +2.971, +0.162,+0.960
1579699560,+3.33, +2.971, +0.162,+0.960
1579699620,+3.34, +2.950, +0.162,+0.959
1579699680,+3.34, +2.982, +0.163,+0.960
1579699740,+3.34, +2.992, +0.163,+0.960
1579699800,+3.34, +2.992, +0.163,+0.960
1579699860,+3.34, +3.003, +0.165,+0.960
1579699920,+3.34, +2.960, +0.163,+0.960
1579699980,+3.34, +2.992, +0.162,+0.960
1579700040,+3.34, +2.971, +0.162,+0.960
1579700100,+3.34, +2.982, +0.162,+0.960
1579700160,+3.34, +2.992, +0.162,+0.959
1579700220,+3.34, +2.971, +0.162,+0.960
1579700280,+3.34, +2.928, +0.163,+0.959
1579700340,+3.34, +2.971, +0.164,+0.960
1579700400,+3.34, +2.971, +0.162,+0.960
1579700460,+3.34, +2.971, +0.162,+0.960
1579700520,+3.34, +3.014, +0.164,+0.960
1579700580,+3.34, +3.003, +0.162,+0.960
1579700640,+3.34, +2.992, +0.162,+0.960
1579700700,+3.34, +2.992, +0.164,+0.960
1579700760,+3.34, +2.982, +0.163,+0.960
1579700820,+3.34, +2.971, +0.162,+0.960
1579700880,+3.34, +2.960, +0.162,+0.960
1579700940,+3.34, +2.992, +0.162,+0.959
1579701000,+3.34, +2.971, +0.163,+0.960
1579701060,+3.34, +2.982, +0.162,+0.960
1579701120,+3.34, +3.014, +0.162,+0.960
1579701180,+3.34, +2.982, +0.162,+0.960
1579701240,+3.34, +2.982, +0.164,+0.960
1579701300,+3.34, +2.971, +0.163,+0.960
1579701360,+3.34, +2.971, +0.163,+0.960
1579701420,+3.34, +2.982, +0.163,+0.960
1579701480,+3.34, +2.982, +0.162,+0.960
1579701540,+3.34, +2.982, +0.164,+0.960
1579701600,+3.34, +2.971, +0.162,+0.960
1579701660,+3.34, +2.971, +0.163,+0.960
1579701720,+3.34, +2.992, +0.162,+0.960
1579701780,+3.34, +2.971, +0.163,+0.960
1579701840,+3.34, +3.014, +0.163,+0.960
1579701900,+3.34, +2.982, +0.164,+0.960
1579701960,+3.34, +2.982, +0.163,+0.960
1579702020,+3.34, +2.982, +0.163,+0.960
1579702080,+3.34, +2.982, +0.162,+0.960
1579702140,+3.34, +3.014, +0.163,+0.960
1579702200,+3.34, +2.992, +0.164,+0.960
1579702260,+3.34, +2.982, +0.165,+0.960
1579702320,+3.34, +2.982, +0.163,+0.960
1579702380,+3.34, +2.971, +0.163,+0.960
1579702440,+3.34, +2.960, +0.163,+0.960
1579702500,+3.34, +2.971, +0.162,+0.960
1579702560,+3.34, +2.982, +0.163,+0.960
1579702620,+3.34, +2.992, +0.164,+0.960
1579702680,+3.34, +2.960, +0.163,+0.960
1579702740,+3.34, +2.939, +0.163,+0.960
1579702800,+3.34, +2.992, +0.162,+0.960
1579702860,+3.34, +2.971, +0.164,+0.960
1579702920,+3.34, +2.971, +0.165,+0.960
1579702980,+3.34, +2.971, +0.163,+0.960
1579703040,+3.34, +2.971, +0.164,+0.960
1579703100,+3.34, +2.982, +0.163,+0.960
1579703160,+3.34, +2.960, +0.163,+0.960
1579703220,+3.34, +2.960, +0.163,+0.960
1579703280,+3.34, +2.971, +0.163,+0.960
1579703340,+3.34, +2.992, +0.164,+0.960
1579703400,+3.34, +2.960, +0.164,+0.960
1579703460,+3.34, +2.992, +0.164,+0.960
1579703520,+3.34, +2.992, +0.163,+0.960
1579703580,+3.34, +2.960, +0.164,+0.960
1579703640,+3.34, +2.971, +0.162,+0.960
1579703700,+3.34, +2.982, +0.164,+0.960
1579703760,+3.34, +2.992, +0.162,+0.960
1579703820,+3.34, +3.003, +0.163,+0.960
1579703880,+3.34, +2.971, +0.161,+0.960
1579703940,+3.34, +2.960, +0.164,+0.960
1579704000,+3.34, +2.971, +0.163,+0.960
1579704060,+3.34, +2.971, +0.162,+0.960
1579704120,+3.34, +2.982, +0.162,+0.960
1579704180,+3.34, +2.982, +0.165,+0.960
1579704240,+3.34, +2.982, +0.163,+0.960
1579704300,+3.34, +3.003, +0.161,+0.960
1579704360,+3.34, +2.992, +0.163,+0.960
1579704420,+3.34, +2.982, +0.163,+0.960
1579704480,+3.34, +2.971, +0.163,+0.960
1579704540,+3.34, +2.992, +0.162,+0.960
1579704600,+3.34, +2.971, +0.163,+0.960
1579704660,+3.34, +2.971, +0.164,+0.960
1579704720,+3.34, +2.992, +0.163,+0.960
1579704780,+3.34, +2.960, +0.163,+0.960
1579704840,+3.34, +2.992, +0.163,+0.960
1579704900,+3.34, +3.003, +0.160,+0.960
1579704960,+3.34, +3.003, +0.162,+0.960
1579705020,+3.34, +2.971, +0.164,+0.960
1579705080,+3.34, +2.982, +0.162,+0.960
1579705140,+3.34, +2.992, +0.163,+0.960
1579705200,+3.34, +2.982, +0.164,+0.960
1579705260,+3.34, +2.982, +0.162,+0.960
1579705320,+3.34, +2.960, +0.163,+0.960
1579705380,+3.34, +2.992, +0.163,+0.960
1579705440,+3.34, +2.992, +0.163,+0.960
1579705500,+3.34, +2.960, +0.162,+0.960
1579705560,+3.34, +3.014, +0.163,+0.960
1579705620,+3.34, +2.992, +0.163,+0.960
1579705680,+3.34, +2.971, +0.163,+0.960
1579705740,+3.34, +2.982, +0.163,+0.960
1579705800,+3.34, +2.971, +0.162,+0.960
1579705860,+3.34, +2.982, +0.163,+0.960
1579705920,+3.34, +2.982, +0.163,+0.960
1579705980,+3.34, +2.982, +0.163,+0.960
1579706040,+3.34, +2.982, +0.164,+0.960
1579706100,+3.34, +3.003, +0.163,+0.960
1579706160,+3.34, +2.971, +0.162,+0.960
1579706220,+3.34, +2.982, +0.163,+0.960
1579706280,+3.34, +2.960, +0.163,+0.960
1579706340,+3.34, +2.971, +0.163,+0.960
1579706400,+3.34, +2.960, +0.164,+0.960
1579706460,+3.34, +2.982, +0.162,+0.960
1579706520,+3.34, +2.982, +0.163,+0.960
1579706580,+3.34, +2.971, +0.162,+0.960
1579706640,+3.34, +2.960, +0.164,+0.960
1579706700,+3.34, +2.971, +0.163,+0.960
1579706760,+3.34, +2.982, +0.162,+0.960
1579706820,+3.34, +2.982, +0.163,+0.960
1579706880,+3.33, +2.992, +0.163,+0.960
1579706940,+3.34, +2.982, +0.161,+0.960
1579707000,+3.34, +2.971, +0.164,+0.960
1579707060,+3.34, +3.014, +0.163,+0.960
1579707120,+3.34, +2.992, +0.162,+0.960
1579707180,+3.34, +2.992, +0.162,+0.960
1579707240,+3.34, +2.982, +0.162,+0.960
1579707300,+3.34, +2.982, +0.163,+0.960
1579707360,+3.34, +2.992, +0.163,+0.960
1579707420,+3.34, +3.003, +0.162,+0.960
1579707480,+3.34, +2.982, +0.162,+0.960
1579707540,+3.34, +2.971, +0.164,+0.960
1579707600,+3.34, +3.014, +0.162,+0.960
1579707660,+3.33, +2.971, +0.164,+0.960
1579707720,+3.34, +2.971, +0.164,+0.960
1579707780,+3.33, +2.992, +0.163,+0.960
1579707840,+3.34, +2.982, +0.162,+0.960
1579707900,+3.34, +3.003, +0.163,+0.960
1579707960,+3.34, +2.960, +0.163,+0.960
1579708020,+3.34, +2.982, +0.163,+0.960
1579708080,+3.34, +2.960, +0.163,+0.960
1579708140,+3.34, +3.003, +0.163,+0.960
1579708200,+3.34, +2.971, +0.163,+0.960
1579708260,+3.34, +2.982, +0.161,+0.960
1579708320,+3.34, +2.982, +0.163,+0.960
1579708380,+3.34, +2.982, +0.161,+0.960
1579708440,+3.34, +2.982, +0.163,+0.960
1579708500,+3.34, +2.982, +0.163,+0.960
1579708560,+3.34, +2.982, +0.161,+0.960
1579708620,+3.34, +2.982, +0.162,+0.960
1579708680,+3.34, +2.982, +0.162,+0.960
1579708740,+3.34, +3.003, +0.162,+0.960
1579708800,+3.34, +2.992, +0.165,+0.960
1579708860,+3.34, +2.971, +0.163,+0.960
1579708920,+3.34, +2.982, +0.164,+0.960
1579708980,+3.34, +3.003, +0.163,+0.960
1579709040,+3.34, +2.982, +0.164,+0.960
1579709100,+3.34, +2.992, +0.163,+0.960
1579709160,+3.34, +2.971, +0.163,+0.960
1579709220,+3.34, +2.971, +0.162,+0.960
1579709280,+3.34, +2.982, +0.162,+0.960
1579709340,+3.34, +2.982, +0.163,+0.960
1579709400,+3.34, +2.971, +0.163,+0.960
1579709460,+3.34, +2.992, +0.161,+0.960
1579709520,+3.34, +3.003, +0.163,+0.960
1579709580,+3.34, +2.960, +0.163,+0.960
1579709640,+3.34, +2.992, +0.162,+0.960
1579709700,+3.34, +2.982, +0.162,+0.960
1579709760,+3.34, +2.971, +0.164,+0.960
1579709820,+3.34, +2.982, +0.164,+0.960
1579709880,+3.34, +3.003, +0.163,+0.960
1579709940,+3.34, +2.992, +0.162,+0.960
1579710000,+3.34, +2.982, +0.163,+0.960
1579710060,+3.34, +2.971, +0.164,+0.960
1579710120,+3.34, +2.982, +0.163,+0.960
1579710180,+3.34, +2.886, +0.162,+0.959
1579710240,+3.34, +2.992, +0.163,+0.960
1579710300,+3.34, +2.971, +0.162,+0.960
1579710360,+3.34, +2.992, +0.162,+0.960
1579710420,+3.34, +2.960, +0.164,+0.960
1579710480,+3.34, +2.971, +0.162,+0.960
1579710540,+3.34, +3.003, +0.163,+0.960
1579710600,+3.34, +3.014, +0.162,+0.960
1579710660,+3.34, +3.003, +0.163,+0.960
1579710720,+3.34, +2.950, +0.164,+0.960
1579710780,+3.34, +2.992, +0.163,+0.960
1579710840,+3.34, +2.960, +0.163,+0.960
1579710900,+3.34, +2.992, +0.162,+0.960
1579710960,+3.34, +2.982, +0.163,+0.960
1579711020,+3.34, +2.971, +0.164,+0.960
1579711080,+3.34, +2.950, +0.162,+0.960
1579711140,+3.34, +2.971, +0.165,+0.960
1579711200,+3.33, +2.982, +0.162,+0.960
1579711260,+3.34, +2.960, +0.163,+0.960
1579711320,+3.34, +2.971, +0.164,+0.960
1579711380,+3.34, +2.971, +0.163,+0.960
1579711440,+3.34, +2.992, +0.162,+0.960
1579711500,+3.34, +2.992, +0.162,+0.960
1579711560,+3.34, +2.992, +0.164,+0.960
1579711620,+3.34, +2.982, +0.162,+0.960
1579711680,+3.34, +2.960, +0.163,+0.960
1579711740,+3.34, +3.014, +0.162,+0.960
1579711800,+3.34, +3.003, +0.163,+0.960
1579711860,+3.33, +2.992, +0.161,+0.960
1579711920,+3.34, +2.950, +0.164,+0.960
1579711980,+3.34, +2.950, +0.163,+0.960
1579712040,+3.34, +2.971, +0.164,+0.960
1579712100,+3.34, +2.971, +0.162,+0.959
1579712160,+3.34, +2.982, +0.164,+0.960
1579712220,+3.34, +2.960, +0.163,+0.960
1579712280,+3.34, +2.960, +0.163,+0.960
1579712340,+3.34, +2.939, +0.164,+0.960
1579712400,+3.34, +2.992, +0.163,+0.960
1579712460,+3.34, +2.971, +0.164,+0.960
1579712520,+3.34, +2.971, +0.162,+0.960
1579712580,+3.34, +2.971, +0.163,+0.960
1579712640,+3.34, +2.982, +0.163,+0.960
1579712700,+3.34, +2.982, +0.164,+0.960
1579712760,+3.34, +2.992, +0.162,+0.960
1579712820,+3.34, +2.982, +0.162,+0.960
1579712880,+3.34, +2.992, +0.162,+0.960
1579712940,+3.34, +2.971, +0.163,+0.960
1579713000,+3.33, +2.982, +0.162,+0.960
1579713060,+3.34, +2.982, +0.164,+0.960
1579713120,+3.34, +2.992, +0.162,+0.960
1579713180,+3.34, +2.992, +0.165,+0.960
1579713240,+3.34, +2.992, +0.163,+0.960
1579713300,+3.34, +2.982, +0.163,+0.960
1579713360,+3.33, +2.982, +0.163,+0.960
1579713420,+3.34, +2.971, +0.163,+0.960
1579713480,+3.34, +2.992, +0.162,+0.960
1579713540,+3.34, +2.992, +0.161,+0.959
1579713600,+3.34, +2.950, +0.163,+0.960
1579713660,+3.34, +2.950, +0.164,+0.960
1579713720,+3.34, +2.982, +0.164,+0.960
1579713780,+3.34, +2.960, +0.164,+0.960
1579713840,+3.34, +2.971, +0.163,+0.960
1579713900,+3.34, +2.939, +0.163,+0.960
1579713960,+3.34, +2.982, +0.163,+0.960
1579714020,+3.34, +2.982, +0.162,+0.960
1579714080,+3.34, +2.992, +0.162,+0.960
1579714140,+3.34, +2.971, +0.164,+0.960
1579714200,+3.34, +3.014, +0.162,+0.960
1579714260,+3.34, +2.982, +0.164,+0.960
1579714320,+3.34, +2.960, +0.162,+0.960
1579714380,+3.34, +2.971, +0.163,+0.960
1579714440,+3.34, +2.992, +0.164,+0.960
1579714500,+3.33, +3.003, +0.163,+0.960
1579714560,+3.34, +2.971, +0.163,+0.960
1579714620,+3.34, +2.939, +0.162,+0.959
1579714680,+3.34, +2.992, +0.161,+0.960
1579714740,+3.34, +2.971, +0.162,+0.960
1579714800,+3.34, +2.992, +0.162,+0.960
1579714860,+3.34, +2.982, +0.162,+0.960
1579714920,+3.34, +2.982, +0.162,+0.959
1579714980,+3.34, +3.003, +0.165,+0.960
1579715040,+3.34, +2.982, +0.162,+0.960
1579715100,+3.34, +2.982, +0.163,+0.960
1579715160,+3.34, +2.982, +0.163,+0.960
1579715220,+3.34, +2.992, +0.163,+0.960
1579715280,+3.34, +2.992, +0.163,+0.960
1579715340,+3.34, +2.950, +0.163,+0.960
1579715400,+3.34, +2.971, +0.163,+0.960
1579715460,+3.34, +3.003, +0.161,+0.960
1579715520,+3.34, +2.971, +0.163,+0.960
1579715580,+3.34, +2.992, +0.163,+0.960
1579715640,+3.34, +2.982, +0.162,+0.960
1579715700,+3.34, +3.003, +0.163,+0.960
1579715760,+3.34, +2.992, +0.164,+0.960
1579715820,+3.34, +2.992, +0.162,+0.960
1579715880,+3.34, +2.982, +0.161,+0.960
1579715940,+3.34, +2.960, +0.163,+0.960
1579716000,+3.34, +2.960, +0.164,+0.960
1579716060,+3.34, +2.992, +0.163,+0.960
1579716120,+3.34, +2.971, +0.163,+0.960
1579716180,+3.34, +2.982, +0.163,+0.960
1579716240,+3.34, +2.982, +0.164,+0.960
1579716300,+3.34, +2.992, +0.163,+0.960
1579716360,+3.34, +2.982, +0.163,+0.960
1579716420,+3.34, +2.982, +0.161,+0.960
1579716480,+3.34, +2.982, +0.163,+0.960
1579716540,+3.34, +2.982, +0.164,+0.960
1579716600,+3.34, +2.950, +0.163,+0.960
1579716660,+3.34, +2.960, +0.163,+0.960
1579716720,+3.33, +2.982, +0.162,+0.959
1579716780,+3.34, +2.992, +0.162,+0.960
1579716840,+3.34, +3.003, +0.164,+0.960
1579716900,+3.34, +2.960, +0.163,+0.960
1579716960,+3.34, +2.982, +0.163,+0.960
1579717020,+3.34, +2.982, +0.163,+0.960
1579717080,+3.34, +2.992, +0.162,+0.960
1579717140,+3.34, +2.960, +0.164,+0.960
1579717200,+3.34, +2.982, +0.163,+0.960
1579717260,+3.34, +2.992, +0.163,+0.960
1579717320,+3.34, +2.982, +0.164,+0.960
1579717380,+3.34, +2.960, +0.163,+0.960
1579717440,+3.34, +3.024, +0.163,+0.960
1579717500,+3.34, +2.982, +0.163,+0.960
1579717560,+3.34, +2.982, +0.162,+0.960
1579717620,+3.34, +2.960, +0.163,+0.960
1579717680,+3.34, +2.960, +0.164,+0.960
1579717740,+3.34, +3.003, +0.163,+0.960
1579717800,+3.34, +2.971, +0.163,+0.960
1579717860,+3.34, +3.003, +0.164,+0.960
1579717920,+3.34, +2.982, +0.161,+0.960
1579717980,+3.34, +2.992, +0.162,+0.960
1579718040,+3.34, +2.971, +0.163,+0.960
1579718100,+3.34, +2.992, +0.165,+0.960
1579718160,+3.34, +3.014, +0.164,+0.960
1579718220,+3.34, +2.971, +0.164,+0.960
1579718280,+3.34, +2.982, +0.162,+0.960
1579718340,+3.34, +2.971, +0.162,+0.960
1579718400,+3.34, +2.971, +0.164,+0.960
1579718460,+3.34, +2.992, +0.162,+0.960
1579718520,+3.34, +2.971, +0.163,+0.960
1579718580,+3.34, +2.971, +0.163,+0.960
1579718640,+3.34, +2.992, +0.162,+0.960
1579718700,+3.34, +3.003, +0.163,+0.960
1579718760,+3.34, +2.971, +0.163,+0.960
1579718820,+3.34, +2.982, +0.163,+0.960
1579718880,+3.34, +3.014, +0.162,+0.960
1579718940,+3.34, +2.960, +0.164,+0.960
1579719000,+3.34, +2.971, +0.162,+0.960
1579719060,+3.34, +3.003, +0.163,+0.960
1579719120,+3.34, +2.971, +0.164,+0.960
1579719180,+3.33, +2.992, +0.163,+0.960
1579719240,+3.34, +2.992, +0.163,+0.960
1579719300,+3.34, +2.982, +0.163,+0.960
1579719360,+3.34, +2.971, +0.163,+0.960
1579719420,+3.34, +2.960, +0.163,+0.959
1579719480,+3.34, +2.982, +0.163,+0.960
1579719540,+3.34, +2.971, +0.162,+0.960
1579719600,+3.34, +2.982, +0.162,+0.960
1579719660,+3.34, +2.982, +0.163,+0.960
1579719720,+3.34, +2.960, +0.162,+0.960
1579719780,+3.34, +2.982, +0.162,+0.960
1579719840,+3.34, +2.960, +0.164,+0.960
1579719900,+3.34, +2.971, +0.165,+0.960
1579719960,+3.34, +2.971, +0.163,+0.960
1579720020,+3.34, +2.982, +0.161,+0.959
1579720080,+3.34, +2.982, +0.163,+0.960
1579720140,+3.34, +2.992, +0.163,+0.960
1579720200,+3.34, +2.982, +0.163,+0.960
1579720260,+3.34, +2.992, +0.162,+0.960
1579720320,+3.34, +2.960, +0.164,+0.960
1579720380,+3.34, +2.950, +0.165,+0.960
1579720440,+3.34, +2.960, +0.164,+0.960
1579720500,+3.34, +2.982, +0.162,+0.960
1579720560,+3.34, +2.992, +0.163,+0.960
1579720620,+3.34, +2.992, +0.162,+0.960
1579720680,+3.34, +2.971, +0.162,+0.960
1579720740,+3.34, +2.982, +0.163,+0.960
1579720800,+3.34, +2.971, +0.164,+0.960
1579720860,+3.34, +2.982, +0.163,+0.960
1579720920,+3.34, +2.982, +0.163,+0.960
1579720980,+3.34, +2.982, +0.162,+0.960
1579721040,+3.34, +3.003, +0.162,+0.960
1579721100,+3.34, +2.992, +0.162,+0.960
1579721160,+3.34, +2.992, +0.163,+0.960
1579721220,+3.34, +2.992, +0.162,+0.960
1579721280,+3.34, +2.971, +0.163,+0.960
1579721340,+3.34, +3.003, +0.161,+0.959
1579721400,+3.34, +2.992, +0.163,+0.960
1579721460,+3.34, +2.982, +0.163,+0.960
1579721520,+3.34, +2.982, +0.162,+0.960
1579721580,+3.34, +2.982, +0.163,+0.960
1579721640,+3.34, +2.992, +0.162,+0.960
1579721700,+3.34, +2.982, +0.161,+0.960
1579721760,+3.34, +2.971, +0.163,+0.960
1579721820,+3.34, +3.003, +0.163,+0.960
1579721880,+3.34, +2.982, +0.164,+0.960
1579721940,+3.34, +3.003, +0.163,+0.960
1579722000,+3.34, +2.982, +0.163,+0.960
1579722060,+3.34, +2.992, +0.163,+0.960
1579722120,+3.34, +3.003, +0.163,+0.960
1579722180,+3.34, +2.992, +0.163,+0.960
1579722240,+3.34, +2.971, +0.162,+0.960
1579722300,+3.34, +2.992, +0.163,+0.960
1579722360,+3.34, +2.992, +0.164,+0.960
1579722420,+3.34, +2.971, +0.162,+0.960
1579722480,+3.34, +2.960, +0.165,+0.960
1579722540,+3.34, +3.003, +0.164,+0.960
1579722600,+3.34, +3.003, +0.163,+0.960
1579722660,+3.34, +2.971, +0.164,+0.960
1579722720,+3.34, +2.992, +0.161,+0.960
1579722780,+3.34, +3.014, +0.162,+0.960
1579722840,+3.34, +2.960, +0.165,+0.960
1579722900,+3.34, +2.982, +0.163,+0.960
1579722960,+3.34, +2.971, +0.163,+0.960
1579723020,+3.34, +2.982, +0.163,+0.960
1579723080,+3.34, +3.003, +0.163,+0.960
1579723140,+3.34, +2.982, +0.162,+0.960
1579723200,+3.34, +2.982, +0.163,+0.960
1579723260,+3.34, +3.003, +0.162,+0.960
1579723320,+3.34, +2.982, +0.161,+0.960
1579723380,+3.34, +2.982, +0.163,+0.960
1579723440,+3.34, +2.950, +0.163,+0.960
1579723500,+3.34, +2.992, +0.162,+0.960
1579723560,+3.34, +2.992, +0.162,+0.960
1579723620,+3.34, +2.971, +0.162,+0.959
1579723680,+3.34, +3.003, +0.162,+0.960
1579723740,+3.34, +2.982, +0.162,+0.960
1579723800,+3.34, +2.982, +0.162,+0.960
1579723860,+3.34, +2.971, +0.164,+0.960
1579723920,+3.34, +2.960, +0.164,+0.960
1579723980,+3.34, +2.992, +0.163,+0.960
1579724040,+3.34, +3.003, +0.161,+0.960
1579724100,+3.34, +2.992, +0.162,+0.960
1579724160,+3.34, +2.971, +0.163,+0.960
1579724220,+3.34, +2.971, +0.163,+0.960
1579724280,+3.34, +2.939, +0.162,+0.960
1579724340,+3.34, +3.003, +0.164,+0.960
1579724400,+3.33, +2.971, +0.164,+0.960
1579724460,+3.34, +2.960, +0.163,+0.960
1579724520,+3.34, +2.982, +0.162,+0.960
1579724580,+3.34, +2.982, +0.162,+0.960
1579724640,+3.34, +2.971, +0.162,+0.960
1579724700,+3.34, +2.982, +0.163,+0.960
1579724760,+3.34, +2.982, +0.164,+0.960
1579724820,+3.34, +2.982, +0.163,+0.960
1579724880,+3.34, +3.003, +0.163,+0.960
1579724940,+3.34, +3.003, +0.162,+0.960
1579725000,+3.34, +2.971, +0.164,+0.960
1579725060,+3.34, +2.971, +0.164,+0.960
1579725120,+3.34, +3.014, +0.163,+0.960
1579725180,+3.34, +2.960, +0.164,+0.960
1579725240,+3.34, +3.003, +0.162,+0.960
1579725300,+3.34, +2.992, +0.161,+0.960
1579725360,+3.34, +2.982, +0.164,+0.960
1579725420,+3.34, +3.024, +0.161,+0.960
1579725480,+3.34, +2.992, +0.163,+0.960
1579725540,+3.34, +2.960, +0.164,+0.960
1579725600,+3.34, +2.971, +0.163,+0.960
1579725660,+3.34, +2.960, +0.164,+0.960
1579725720,+3.34, +3.035, +0.162,+0.960
1579725780,+3.34, +2.992, +0.163,+0.960
1579725840,+3.34, +2.992, +0.163,+0.960
1579725900,+3.34, +2.982, +0.164,+0.960
1579725960,+3.34, +2.971, +0.163,+0.960
1579726020,+3.34, +2.982, +0.165,+0.960
1579726080,+3.34, +2.971, +0.162,+0.959
1579726140,+3.33, +2.982, +0.162,+0.960
1579726200,+3.34, +2.960, +0.162,+0.960
